Date	Price Open	Price Low	Price High	Price Close	Volume
2014-07-07	1.5079369	1.41269878	1.55555596	1.49206388	1550494108.0
2014-07-08	1.49206388	1.47619086	1.60317502	1.57142898	830751174.0
2014-07-09	1.57142898	1.53968294	1.61904804	1.57936549	422598220.0
2014-07-10	1.60317502	1.587302	1.73015918	1.73015918	400484721.0
2014-07-14	1.73015918	1.73015918	1.95238146	1.87301636	435945396.0
2014-07-15	1.9047624	1.84127032	1.93650844	1.85714334	186973745.0
2014-07-16	1.88888938	1.77777824	1.88888938	1.77777824	158058012.0
2014-07-17	1.79365126	1.79365126	1.84127032	1.80952428	103227615.0
2014-07-18	1.8253973	1.79365126	1.95238146	1.92063542	241672347.0
2014-07-21	1.84127032	1.8253973	1.9047624	1.87301636	29199358.0
2014-07-22	1.87301636	1.79365126	1.88888938	1.8253973	31305699.0
2014-07-23	1.85714334	1.79365126	1.85714334	1.79365126	14085788.0
2014-07-24	1.79365126	1.77777824	1.85714334	1.79365126	14390204.0
2014-07-25	1.80952428	1.79365126	1.84127032	1.8253973	19277994.0
2014-07-28	1.80952428	1.80952428	1.84127032	1.80952428	12490628.0
2014-07-29	1.80952428	1.7460322	1.8253973	1.7460322	18168943.0
2014-07-30	1.73015918	1.65079408	1.76190522	1.73015918	24079349.0
2014-07-31	1.7460322	1.69841314	1.76190522	1.69841314	6703198.0
2014-08-01	1.68254012	1.60317502	1.69841314	1.68254012	27808318.0
2014-08-04	1.6666671	1.6666671	1.77777824	1.77777824	10398651.0
2014-08-05	1.79365126	1.71428616	1.80952428	1.73015918	12367022.0
2014-08-06	1.71428616	1.69841314	1.7460322	1.71428616	6303778.0
2014-08-07	1.76190522	1.69841314	1.76190522	1.69841314	5758702.0
2014-08-08	1.69841314	1.68254012	1.71428616	1.71428616	2758265.0
2014-08-13	1.73015918	1.69841314	1.77777824	1.7460322	8639565.0
2014-08-14	1.77777824	1.7460322	1.87301636	1.85714334	40484545.0
2014-08-15	1.84127032	1.79365126	1.85714334	1.8253973	13183250.0
2014-08-18	1.85714334	1.80952428	1.85714334	1.84127032	14861444.0
2014-08-19	1.84127032	1.84127032	2.0634926	2.0634926	119246368.0
2014-08-20	2.04761958	2.04761958	2.19047676	2.1428577	107874115.0
2014-08-21	2.1428577	2.09523864	2.17460374	2.1428577	46415867.0
2014-08-22	2.1428577	2.11111166	2.2222228	2.20634978	75259024.0
2014-08-25	2.2222228	2.20634978	2.33333394	2.33333394	69235469.0
2014-08-26	2.34920696	2.25396884	2.380953	2.31746092	69515819.0
2014-08-27	2.31746092	2.26984186	2.42857206	2.42857206	81304628.0
2014-08-28	2.4603181	2.41269904	2.5396832	2.47619112	135144162.0
2014-08-29	2.47619112	2.44444508	2.55555622	2.55555622	102310587.0
2014-09-01	2.60317528	2.55555622	2.66666736	2.60317528	217473297.0
2014-09-02	2.6190483	2.55555622	2.63492132	2.6190483	130194884.0
2014-09-03	2.65079434	2.63492132	2.76190548	2.74603246	183045822.0
2014-09-04	2.7777785	2.57142924	2.7777785	2.63492132	238419406.0
2014-09-05	2.6190483	2.6190483	2.82539756	2.79365152	270784009.0
2014-09-08	2.82539756	2.73015944	2.84127058	2.76190548	130889899.0
2014-09-09	2.7777785	2.68254038	2.7777785	2.6984134	50053990.0
2014-09-10	2.68254038	2.60317528	2.6984134	2.6984134	62407279.0
2014-09-11	2.6984134	2.65079434	2.74603246	2.65079434	46805585.0
2014-09-12	2.66666736	2.6190483	2.71428642	2.65079434	26303375.0
2014-09-15	2.65079434	2.63492132	2.68254038	2.66666736	23214359.0
2014-09-16	2.66666736	2.6190483	2.6984134	2.6190483	26154569.0
2014-09-17	2.6190483	2.55555622	2.65079434	2.57142924	32969781.0
2014-09-18	2.57142924	2.55555622	2.60317528	2.60317528	20769204.0
2014-09-19	2.58730226	2.55555622	2.60317528	2.57142924	15816775.0
2014-09-22	2.58730226	2.55555622	2.76190548	2.76190548	135134460.0
2014-09-23	2.7777785	2.68254038	2.80952454	2.68254038	131277475.0
2014-09-24	2.68254038	2.68254038	2.76190548	2.68254038	46725323.0
2014-09-25	2.6984134	2.68254038	2.73015944	2.68254038	28560916.0
2014-09-26	2.68254038	2.6190483	2.6984134	2.65079434	18080113.0
2014-09-29	2.65079434	2.58730226	2.68254038	2.6190483	22682640.0
2014-09-30	2.60317528	2.58730226	2.6190483	2.60317528	10880979.0
2014-10-01	2.6190483	2.57142924	2.68254038	2.63492132	20723466.0
2014-10-03	2.57142924	2.50793716	2.60317528	2.57142924	28405936.0
2014-10-06	2.57142924	2.4603181	2.58730226	2.47619112	46654007.0
2014-10-07	2.47619112	2.47619112	2.52381018	2.52381018	15387619.0
2014-10-08	2.49206414	2.49206414	2.6190483	2.60317528	27021700.0
2014-10-09	2.63492132	2.55555622	2.63492132	2.55555622	15273590.0
2014-10-10	2.5396832	2.5396832	2.58730226	2.58730226	12363242.0
2014-10-13	2.57142924	2.50793716	2.57142924	2.52381018	10237371.0
2014-10-14	2.55555622	2.52381018	2.57142924	2.52381018	11776208.0
2014-10-15	2.5396832	2.5396832	2.65079434	2.6190483	53291560.0
2014-10-16	2.6190483	2.5396832	2.6190483	2.57142924	17777965.0
2014-10-17	2.55555622	2.5396832	2.60317528	2.60317528	24167675.0
2014-10-20	2.65079434	2.60317528	2.66666736	2.60317528	26873147.0
2014-10-21	2.6190483	2.52381018	2.6190483	2.5396832	25684841.0
2014-10-22	2.55555622	2.52381018	2.57142924	2.55555622	9820185.0
2014-10-24	2.55555622	2.52381018	2.57142924	2.52381018	9932073.0
2014-10-27	2.5396832	2.52381018	2.6984134	2.68254038	62392915.0
2014-10-28	2.74603246	2.74603246	2.96825474	2.90476266	521956250.0
2014-10-29	2.90476266	2.87301662	2.98412776	2.87301662	296058973.0
2014-10-30	2.87301662	2.7777785	2.90476266	2.87301662	145580740.0
2014-10-31	2.88888964	2.87301662	2.95238172	2.90476266	82970096.0
2014-11-03	2.96825474	2.9365087	3.06349286	3.04761984	237668446.0
2014-11-04	3.11111192	3.00000078	3.14285796	3.04761984	240945075.0
2014-11-05	3.04761984	2.92063568	3.04761984	2.92063568	133040845.0
2014-11-06	2.9365087	2.90476266	3.00000078	3.00000078	106485848.0
2014-11-07	3.04761984	2.9365087	3.04761984	2.9365087	102587787.0
2014-11-10	2.95238172	2.74603246	2.98412776	2.82539756	119891992.0
2014-11-11	2.80952454	2.7777785	2.90476266	2.84127058	68826474.0
2014-11-12	2.87301662	2.79365152	2.88888964	2.80952454	41744545.0
2014-11-13	2.80952454	2.73015944	2.80952454	2.76190548	40250059.0
2014-11-14	2.80952454	2.7777785	2.9365087	2.90476266	67048488.0
2014-11-17	2.87301662	2.79365152	2.90476266	2.79365152	39782221.0
2014-11-18	2.80952454	2.7777785	2.84127058	2.79365152	24105179.0
2014-11-19	2.82539756	2.7777785	2.8571436	2.80952454	38631589.0
2014-11-20	2.79365152	2.76190548	2.82539756	2.7777785	22452186.0
2014-11-21	2.76190548	2.74603246	2.79365152	2.76190548	12197804.0
2014-11-24	2.79365152	2.74603246	2.80952454	2.76190548	15207566.0
2014-11-25	2.7777785	2.74603246	2.88888964	2.88888964	85492489.0
2014-11-26	2.88888964	2.7777785	2.88888964	2.7777785	40119775.0
2014-11-27	2.79365152	2.7777785	2.80952454	2.80952454	12209270.0
2014-11-28	2.79365152	2.7777785	2.84127058	2.7777785	15106010.0
2014-12-01	2.7777785	2.73015944	2.79365152	2.73015944	15916819.0
2014-12-02	2.73015944	2.6984134	2.74603246	2.71428642	14248454.0
2014-12-03	2.74603246	2.71428642	2.76190548	2.73015944	8959101.0
2014-12-04	2.73015944	2.6984134	2.73015944	2.71428642	9472047.0
2014-12-08	2.6984134	2.65079434	2.73015944	2.65079434	21502776.0
2014-12-09	2.65079434	2.55555622	2.66666736	2.55555622	17248009.0
2014-12-11	2.52381018	2.42857206	2.55555622	2.52381018	30613204.0
2014-12-12	2.50793716	2.44444508	2.52381018	2.49206414	13460828.0
2014-12-15	2.380953	2.3015879	2.50793716	2.49206414	55902405.0
2014-12-16	2.4603181	2.41269904	2.58730226	2.5396832	24779405.0
2014-12-17	2.57142924	2.5396832	2.6190483	2.5396832	9635973.0
2014-12-18	2.57142924	2.5396832	2.6190483	2.58730226	10095999.0
2014-12-19	2.60317528	2.5396832	2.6190483	2.55555622	5704270.0
2014-12-22	2.57142924	2.57142924	2.60317528	2.58730226	3555467.0
2014-12-23	2.58730226	2.5396832	2.58730226	2.55555622	1565045.0
2014-12-24	2.55555622	2.5396832	2.60317528	2.55555622	3148109.0
2014-12-25	2.55555622	2.52381018	2.55555622	2.52381018	3044033.0
2014-12-26	2.5396832	2.50793716	2.5396832	2.52381018	3362435.0
2014-12-29	2.52381018	2.50793716	2.5396832	2.52381018	2193911.0
2014-12-30	2.50793716	2.49206414	2.57142924	2.57142924	4293448.0
2015-01-05	2.57142924	2.50793716	2.57142924	2.52381018	2475143.0
2015-01-06	2.50793716	2.4603181	2.50793716	2.49206414	7408420.0
2015-01-07	2.49206414	2.47619112	2.52381018	2.50793716	2705975.0
2015-01-08	2.50793716	2.50793716	2.58730226	2.58730226	7768401.0
2015-01-09	2.58730226	2.58730226	2.65079434	2.6190483	10094235.0
2015-01-12	2.58730226	2.57142924	2.6984134	2.6984134	14048996.0
2015-01-13	2.71428642	2.66666736	2.73015944	2.6984134	12147656.0
2015-01-14	2.6984134	2.6984134	2.82539756	2.74603246	56830773.0
2015-01-15	2.7777785	2.71428642	2.79365152	2.71428642	11993684.0
2015-01-16	2.71428642	2.71428642	2.82539756	2.79365152	37136096.0
2015-01-19	2.76190548	2.76190548	2.79365152	2.76190548	5970508.0
2015-01-20	2.76190548	2.71428642	2.76190548	2.71428642	9688263.0
2015-01-21	2.71428642	2.68254038	2.7777785	2.7777785	8306925.0
2015-01-22	2.7777785	2.74603246	2.80952454	2.76190548	15355868.0
2015-01-23	2.76190548	2.74603246	2.80952454	2.74603246	8691981.0
2015-01-26	2.76190548	2.73015944	2.7777785	2.73015944	8043585.0
2015-01-27	2.74603246	2.73015944	2.76190548	2.73015944	11609762.0
2015-01-28	2.76190548	2.74603246	2.80952454	2.80952454	17212855.0
2015-01-29	2.88888964	2.8571436	3.00000078	2.96825474	232836347.0
2015-01-30	3.0158738	2.79365152	3.03174682	2.84127058	220435934.0
2015-02-02	2.8571436	2.82539756	3.03174682	3.00000078	116053907.0
2015-02-03	3.0158738	2.96825474	3.0158738	3.00000078	33962913.0
2015-02-04	3.0158738	2.96825474	3.03174682	2.98412776	34019361.0
2015-02-05	2.96825474	2.87301662	2.96825474	2.9365087	23719493.0
2015-02-06	2.9365087	2.90476266	2.95238172	2.9365087	11241213.0
2015-02-09	2.9365087	2.90476266	2.96825474	2.90476266	10231071.0
2015-02-10	2.90476266	2.88888964	2.96825474	2.95238172	13866548.0
2015-02-11	2.96825474	2.90476266	2.96825474	2.95238172	17226841.0
2015-02-12	2.95238172	2.90476266	2.95238172	2.90476266	8785095.0
2015-02-13	2.90476266	2.90476266	2.9365087	2.92063568	4950538.0
2015-02-16	2.92063568	2.82539756	2.92063568	2.84127058	25296131.0
2015-02-17	2.87301662	2.79365152	2.87301662	2.82539756	21205290.0
2015-02-18	2.82539756	2.79365152	2.88888964	2.87301662	19869438.0
2015-02-19	2.87301662	2.8571436	2.87301662	2.8571436	6458128.0
2015-02-20	2.8571436	2.84127058	2.8571436	2.8571436	2517353.0
2015-02-23	2.8571436	2.80952454	2.8571436	2.80952454	4650154.0
2015-02-24	2.80952454	2.80952454	2.84127058	2.84127058	6233974.0
2015-02-25	2.8571436	2.80952454	2.9365087	2.8571436	16065499.0
2015-02-26	2.8571436	2.82539756	2.87301662	2.84127058	8476395.0
2015-02-27	2.84127058	2.82539756	2.9365087	2.8571436	11175315.0
2015-03-02	2.87301662	2.8571436	2.88888964	2.8571436	7431226.0
2015-03-03	2.84127058	2.76190548	2.87301662	2.80952454	12651278.0
2015-03-05	2.76190548	2.76190548	2.80952454	2.7777785	6184582.0
2015-03-06	2.76190548	2.76190548	2.87301662	2.84127058	11062167.0
2015-03-09	2.84127058	2.7777785	2.8571436	2.80952454	2437721.0
2015-03-10	2.80952454	2.74603246	2.82539756	2.80952454	6585892.0
2015-03-11	2.7777785	2.76190548	2.84127058	2.80952454	6871282.0
2015-03-12	2.82539756	2.80952454	2.84127058	2.82539756	2875319.0
2015-03-13	2.84127058	2.79365152	2.84127058	2.79365152	2560319.0
2015-03-16	2.7777785	2.76190548	2.80952454	2.79365152	5669494.0
2015-03-17	2.79365152	2.74603246	2.80952454	2.76190548	7639504.0
2015-03-18	2.79365152	2.7777785	2.82539756	2.80952454	13289342.0
2015-03-19	2.87301662	2.79365152	2.88888964	2.79365152	20721072.0
2015-03-20	2.82539756	2.74603246	2.82539756	2.7777785	5141806.0
2015-03-23	2.79365152	2.6984134	2.79365152	2.6984134	3676553.0
2015-03-24	2.66666736	2.63492132	2.73015944	2.71428642	8638809.0
2015-03-25	2.6984134	2.68254038	2.73015944	2.71428642	1794617.0
2015-03-26	2.6984134	2.6190483	2.6984134	2.6984134	10814451.0
2015-03-27	2.68254038	2.65079434	2.73015944	2.73015944	10298481.0
2015-03-30	2.73015944	2.71428642	2.74603246	2.71428642	873431.0
2015-03-31	2.71428642	2.6984134	2.76190548	2.71428642	1800539.0
2015-04-01	2.6984134	2.6984134	2.74603246	2.73015944	1790711.0
2015-04-02	2.73015944	2.73015944	2.76190548	2.74603246	919295.0
2015-04-03	2.74603246	2.71428642	2.76190548	2.71428642	315755.0
2015-04-07	2.71428642	2.6984134	2.74603246	2.6984134	1001321.0
2015-04-08	2.71428642	2.68254038	2.74603246	2.68254038	1676303.0
2015-04-09	2.68254038	2.66666736	2.6984134	2.66666736	975365.0
2015-04-10	2.68254038	2.66666736	2.6984134	2.68254038	173501.0
2015-04-16	2.71428642	2.65079434	2.73015944	2.71428642	1738673.0
2015-04-17	2.73015944	2.68254038	2.73015944	2.68254038	790019.0
2015-04-20	2.71428642	2.65079434	2.71428642	2.65079434	1224089.0
2015-04-21	2.66666736	2.65079434	2.68254038	2.66666736	289547.0
2015-04-22	2.6984134	2.66666736	2.6984134	2.66666736	635417.0
2015-04-23	2.65079434	2.65079434	2.6984134	2.66666736	545705.0
2015-04-24	2.66666736	2.65079434	2.6984134	2.66666736	1066337.0
2015-04-27	2.66666736	2.65079434	2.68254038	2.65079434	370061.0
2015-04-28	2.65079434	2.63492132	2.68254038	2.63492132	4635916.0
2015-04-29	2.6190483	2.6190483	2.66666736	2.66666736	3983488.0
2015-04-30	2.65079434	2.65079434	2.66666736	2.65079434	644489.0
2015-05-06	2.66666736	2.6190483	2.66666736	2.63492132	1126061.0
2015-05-07	2.6190483	2.60317528	2.65079434	2.6190483	4348384.0
2015-05-08	2.60317528	2.49206414	2.6190483	2.6190483	5888104.0
2015-05-11	2.6190483	2.58730226	2.63492132	2.6190483	849995.0
2015-05-12	2.6190483	2.58730226	2.63492132	2.60317528	7408294.0
2015-05-13	2.58730226	2.57142924	2.6190483	2.60317528	4641838.0
2015-05-14	2.60317528	2.58730226	2.6190483	2.60317528	1780379.0
2015-05-15	2.66666736	2.58730226	2.6984134	2.6190483	5812126.0
2015-05-18	2.6190483	2.60317528	2.65079434	2.63492132	2615885.0
2015-05-19	2.63492132	2.63492132	2.6984134	2.6984134	13137764.0
2015-05-20	2.71428642	2.71428642	2.73015944	2.73015944	8058957.0
2015-05-21	2.73015944	2.71428642	2.74603246	2.74603246	1931201.0
2015-05-22	2.73015944	2.71428642	2.7777785	2.7777785	6561448.0
2015-05-25	2.79365152	2.73015944	2.79365152	2.76190548	2329109.0
2015-05-26	2.74603246	2.71428642	2.76190548	2.76190548	4259806.0
2015-05-27	2.76190548	2.71428642	2.76190548	2.74603246	1488815.0
2015-05-28	2.74603246	2.71428642	2.74603246	2.74603246	3941152.0
2015-05-29	2.74603246	2.71428642	2.76190548	2.76190548	13297658.0
2015-06-02	2.76190548	2.6984134	2.76190548	2.74603246	1394063.0
2015-06-03	2.76190548	2.6984134	2.76190548	2.74603246	8624319.0
2015-06-04	2.74603246	2.6984134	2.74603246	2.73015944	3214511.0
2015-06-05	2.71428642	2.6984134	2.76190548	2.76190548	6514450.0
2015-06-08	2.76190548	2.71428642	2.76190548	2.74603246	1568573.0
2015-06-09	2.73015944	2.71428642	2.74603246	2.71428642	2083787.0
2015-06-10	2.71428642	2.71428642	2.74603246	2.71428642	1192589.0
2015-06-11	2.73015944	2.71428642	2.74603246	2.74603246	1397717.0
2015-06-12	2.74603246	2.71428642	2.74603246	2.73015944	832859.0
2015-06-15	2.73015944	2.73015944	2.7777785	2.7777785	3653747.0
2015-06-16	2.7777785	2.74603246	2.79365152	2.74603246	3436523.0
2015-06-17	2.74603246	2.74603246	2.79365152	2.79365152	3455801.0
2015-06-18	2.79365152	2.7777785	2.79365152	2.79365152	1961189.0
2015-06-19	2.7777785	2.76190548	2.79365152	2.79365152	2588291.0
2015-06-22	2.79365152	2.76190548	2.79365152	2.7777785	7465498.0
2015-06-23	2.7777785	2.76190548	2.79365152	2.76190548	7022356.0
2015-06-24	2.76190548	2.76190548	2.8571436	2.8571436	42743724.0
2015-06-25	2.6	2.58	2.68	2.66	15615000.0
2015-06-26	2.66	2.64	2.72	2.68	5121000.0
2015-06-29	2.6	2.56	2.62	2.58	4727900.0
2015-06-30	2.6	2.5	2.6	2.58	8631100.0
2015-07-02	2.56	2.52	2.56	2.54	5239100.0
2015-07-03	2.56	2.52	2.56	2.54	372400.0
2015-07-06	2.52	2.48	2.54	2.5	1027200.0
2015-07-07	2.5	2.5	2.52	2.52	885900.0
2015-07-08	2.54	2.48	2.54	2.52	1463400.0
2015-07-09	2.54	2.5	2.54	2.5	2033300.0
2015-07-10	2.54	2.48	2.54	2.5	1404900.0
2015-07-13	2.5	2.5	2.54	2.52	1165900.0
2015-07-14	2.48	2.48	2.52	2.5	2423200.0
2015-07-15	2.5	2.48	2.52	2.48	480000.0
2015-07-16	2.48	2.46	2.5	2.48	1218600.0
2015-07-17	2.48	2.46	2.5	2.48	670500.0
2015-07-20	2.48	2.46	2.48	2.48	967100.0
2015-07-21	2.46	2.42	2.48	2.48	3923200.0
2015-07-22	2.48	2.4	2.48	2.46	1238200.0
2015-07-23	2.42	2.42	2.46	2.44	321000.0
2015-07-24	2.42	2.4	2.44	2.4	337800.0
2015-07-27	2.4	2.3	2.4	2.38	2431900.0
2015-07-28	2.3	2.26	2.34	2.3	14154600.0
2015-07-29	2.28	2.28	2.34	2.32	1785300.0
2015-07-31	2.34	2.28	2.34	2.28	577600.0
2015-08-03	2.28	2.26	2.3	2.28	1419700.0
2015-08-04	2.26	2.22	2.28	2.28	2612200.0
2015-08-05	2.28	2.24	2.28	2.24	5217500.0
2015-08-06	2.24	2.24	2.26	2.26	781700.0
2015-08-07	2.26	2.22	2.28	2.26	813000.0
2015-08-10	2.26	2.22	2.26	2.22	2607400.0
2015-08-11	2.2	2.2	2.26	2.22	7800200.0
2015-08-13	2.2	2.14	2.22	2.14	8477800.0
2015-08-14	2.12	2.12	2.3	2.2	1577100.0
2015-08-17	2.2	2.2	2.26	2.2	686300.0
2015-08-18	2.14	2.14	2.2	2.16	3764000.0
2015-08-19	2.12	2.12	2.2	2.16	235600.0
2015-08-20	2.16	2.14	2.16	2.14	128800.0
2015-08-21	2.12	2.1	2.26	2.22	3272500.0
2015-08-24	2.22	2.1	2.22	2.12	4375900.0
2015-08-25	2.14	2.08	2.18	2.16	39874200.0
2015-08-26	2.12	2.08	2.2	2.08	2035700.0
2015-08-27	2.1	2.1	2.16	2.14	1077300.0
2015-08-28	2.18	2.14	2.18	2.14	3999200.0
2015-08-31	2.16	2.12	2.16	2.12	384900.0
2015-09-01	2.12	2.12	2.2	2.16	1175000.0
2015-09-02	2.18	2.16	2.24	2.18	901800.0
2015-09-03	2.2	2.18	2.22	2.2	626300.0
2015-09-04	2.22	2.18	2.22	2.2	213900.0
2015-09-07	2.16	2.16	2.2	2.16	240300.0
2015-09-08	2.16	2.12	2.18	2.16	171800.0
2015-09-09	2.16	2.16	2.18	2.16	183500.0
2015-09-10	2.12	2.12	2.16	2.16	401800.0
2015-09-11	2.18	2.16	2.18	2.16	1178900.0
2015-09-14	2.16	2.14	2.16	2.16	622200.0
2015-09-15	2.16	2.12	2.16	2.12	188100.0
2015-09-16	2.12	2.12	2.16	2.14	160700.0
2015-09-17	2.16	2.14	2.2	2.16	547600.0
2015-09-18	2.18	2.16	2.24	2.2	2418900.0
2015-09-21	2.22	2.2	2.28	2.24	2662800.0
2015-09-22	2.26	2.24	2.28	2.24	772900.0
2015-09-23	2.24	2.24	2.28	2.26	918500.0
2015-09-24	2.26	2.26	2.28	2.26	674700.0
2015-09-25	2.28	2.24	2.28	2.26	275600.0
2015-09-28	2.26	2.24	2.26	2.24	618900.0
2015-09-29	2.24	2.24	2.28	2.26	874200.0
2015-09-30	2.26	2.24	2.34	2.28	4348900.0
2015-10-01	2.3	2.28	2.44	2.34	7151900.0
2015-10-02	2.34	2.32	2.4	2.34	3822900.0
2015-10-05	2.38	2.34	2.38	2.34	777100.0
2015-10-06	2.34	2.34	2.36	2.34	512900.0
2015-10-07	2.34	2.3	2.36	2.34	1022100.0
2015-10-08	2.34	2.34	2.38	2.38	1310100.0
2015-10-09	2.4	2.4	2.42	2.4	2917400.0
2015-10-12	2.4	2.4	2.42	2.4	1116600.0
2015-10-13	2.4	2.38	2.42	2.42	936500.0
2015-10-14	2.4	2.38	2.46	2.44	3901700.0
2015-10-15	2.44	2.42	2.52	2.48	6792500.0
2015-10-16	2.5	2.46	2.52	2.48	1532500.0
2015-10-19	2.46	2.46	2.48	2.48	650100.0
2015-10-20	2.48	2.44	2.5	2.48	2431100.0
2015-10-21	2.46	2.46	2.5	2.5	921900.0
2015-10-22	2.5	2.48	2.5	2.5	1037800.0
2015-10-26	2.5	2.48	2.5	2.48	574600.0
2015-10-27	2.5	2.5	2.52	2.52	3077700.0
2015-10-28	2.52	2.5	2.54	2.5	839100.0
2015-10-29	2.5	2.44	2.5	2.46	1513700.0
2015-10-30	2.44	2.44	2.52	2.52	897200.0
2015-11-02	2.52	2.5	2.54	2.54	950900.0
2015-11-03	2.54	2.52	2.54	2.54	940400.0
2015-11-04	2.52	2.52	2.6	2.6	5536200.0
2015-11-05	2.6	2.58	2.62	2.6	2859100.0
2015-11-06	2.62	2.58	2.64	2.62	1842800.0
2015-11-09	2.62	2.58	2.62	2.58	1048100.0
2015-11-10	2.58	2.56	2.6	2.58	1175500.0
2015-11-11	2.58	2.56	2.58	2.56	596200.0
2015-11-12	2.56	2.54	2.56	2.54	1990300.0
2015-11-13	2.54	2.52	2.56	2.52	799300.0
2015-11-16	2.5	2.46	2.52	2.52	1335700.0
2015-11-17	2.48	2.48	2.54	2.52	2482100.0
2015-11-18	2.52	2.5	2.52	2.52	556400.0
2015-11-19	2.52	2.5	2.52	2.5	158500.0
2015-11-20	2.5	2.5	2.52	2.5	769700.0
2015-11-23	2.5	2.46	2.5	2.48	916400.0
2015-11-24	2.52	2.5	2.52	2.5	1013200.0
2015-11-25	2.5	2.46	2.5	2.48	452200.0
2015-11-26	2.48	2.44	2.5	2.48	1014000.0
2015-11-27	2.44	2.42	2.5	2.5	1788300.0
2015-11-30	2.48	2.48	2.5	2.5	3030700.0
2015-12-01	2.5	2.48	2.5	2.48	289400.0
2015-12-02	2.44	2.44	2.48	2.46	463300.0
2015-12-03	2.48	2.44	2.48	2.48	740700.0
2015-12-04	2.48	2.46	2.48	2.46	1115600.0
2015-12-08	2.46	2.44	2.46	2.46	2903700.0
2015-12-09	2.46	2.42	2.46	2.46	2258500.0
2015-12-11	2.42	2.4	2.48	2.44	1473700.0
2015-12-14	2.4	2.34	2.42	2.4	1942800.0
2015-12-15	2.38	2.38	2.42	2.42	528200.0
2015-12-16	2.44	2.4	2.44	2.44	374700.0
2015-12-17	2.4	2.38	2.46	2.38	365200.0
2015-12-18	2.42	2.36	2.42	2.36	203800.0
2015-12-21	2.32	2.3	2.38	2.3	66700.0
2015-12-22	2.3	2.24	2.34	2.24	2273300.0
2015-12-23	2.2	2.18	2.38	2.24	671700.0
2015-12-24	2.3	2.26	2.3	2.26	62000.0
2015-12-25	2.22	2.2	2.24	2.22	303200.0
2015-12-28	2.24	2.22	2.26	2.26	163500.0
2015-12-29	2.3	2.26	2.3	2.26	102000.0
2015-12-30	2.28	2.24	2.28	2.26	266200.0
2016-01-04	2.24	2.22	2.26	2.24	116300.0
2016-01-05	2.28	2.2	2.28	2.2	98300.0
2016-01-06	2.2	2.18	2.24	2.22	214000.0
2016-01-07	2.16	2.1	2.2	2.2	805400.0
2016-01-08	2.14	2.14	2.22	2.2	886600.0
2016-01-11	2.14	2.14	2.2	2.2	393600.0
2016-01-12	2.2	2.18	2.22	2.22	100300.0
2016-01-13	2.16	2.12	2.2	2.14	1093700.0
2016-01-14	2.1	2.1	2.18	2.16	1655100.0
2016-01-15	2.16	2.12	2.16	2.14	297500.0
2016-01-18	2.14	2.08	2.14	2.14	1809300.0
2016-01-19	2.12	2.1	2.2	2.2	3321200.0
2016-01-20	2.2	2.16	2.2	2.18	1432300.0
2016-01-21	2.12	2.12	2.2	2.18	914600.0
2016-01-22	2.16	2.16	2.2	2.2	330800.0
2016-01-25	2.2	2.18	2.2	2.18	298000.0
2016-01-26	2.16	2.12	2.18	2.18	415300.0
2016-01-27	2.18	2.16	2.18	2.18	154200.0
2016-01-28	2.16	2.16	2.22	2.18	448900.0
2016-01-29	2.18	2.16	2.2	2.18	202900.0
2016-02-01	2.16	2.16	2.2	2.18	381300.0
2016-02-02	2.16	2.16	2.2	2.18	373700.0
2016-02-03	2.16	2.14	2.2	2.2	453500.0
2016-02-04	2.16	2.16	2.26	2.24	679000.0
2016-02-05	2.24	2.2	2.24	2.24	214400.0
2016-02-08	2.26	2.2	2.26	2.22	72900.0
2016-02-09	2.22	2.2	2.22	2.22	213800.0
2016-02-10	2.16	2.16	2.24	2.24	1166200.0
2016-02-11	2.18	2.16	2.22	2.22	408200.0
2016-02-12	2.2	2.18	2.24	2.22	1276100.0
2016-02-15	2.24	2.2	2.24	2.2	39500.0
2016-02-16	2.2	2.2	2.2	2.2	65600.0
2016-02-17	2.2	2.18	2.24	2.22	2123100.0
2016-02-18	2.24	2.2	2.26	2.22	407300.0
2016-02-19	2.22	2.18	2.24	2.22	742600.0
2016-02-23	2.2	2.2	2.24	2.22	158100.0
2016-02-24	2.2	2.18	2.28	2.26	1618900.0
2016-02-25	2.26	2.22	2.26	2.24	133200.0
2016-02-26	2.2	2.18	2.22	2.22	364900.0
2016-02-29	2.18	2.18	2.22	2.22	1014100.0
2016-03-01	2.18	2.18	2.22	2.18	111600.0
2016-03-02	2.18	2.18	2.22	2.18	156400.0
2016-03-03	2.18	2.18	2.26	2.26	1700700.0
2016-03-04	2.26	2.24	2.3	2.28	1482800.0
2016-03-07	2.3	2.26	2.34	2.32	2384600.0
2016-03-08	2.34	2.3	2.34	2.32	1717000.0
2016-03-09	2.26	2.26	2.34	2.32	3057300.0
2016-03-10	2.3	2.3	2.34	2.32	3304000.0
2016-03-11	2.34	2.32	2.34	2.34	2113300.0
2016-03-14	2.32	2.32	2.38	2.34	2653600.0
2016-03-15	2.32	2.32	2.38	2.36	1464600.0
2016-03-16	2.36	2.36	2.38	2.38	744500.0
2016-03-17	2.36	2.36	2.38	2.36	103700.0
2016-03-18	2.34	2.32	2.36	2.36	173800.0
2016-03-21	2.36	2.36	2.36	2.36	249900.0
2016-03-22	2.38	2.34	2.38	2.36	1515700.0
2016-03-23	2.32	2.32	2.4	2.36	1263900.0
2016-03-24	2.34	2.34	2.38	2.38	47000.0
2016-03-25	2.36	2.32	2.36	2.36	174200.0
2016-03-28	2.36	2.32	2.36	2.32	102200.0
2016-03-29	2.3	2.3	2.36	2.3	432600.0
2016-03-30	2.3	2.3	2.34	2.34	1033400.0
2016-03-31	2.34	2.3	2.34	2.32	265300.0
2016-04-01	2.32	2.3	2.32	2.32	1014400.0
2016-04-04	2.3	2.28	2.34	2.28	1477900.0
2016-04-05	2.26	2.26	2.32	2.3	2905100.0
2016-04-07	2.3	2.3	2.32	2.3	401700.0
2016-04-08	2.28	2.22	2.3	2.28	676700.0
2016-04-11	2.28	2.26	2.28	2.26	1530500.0
2016-04-12	2.26	2.26	2.3	2.3	1243500.0
2016-04-18	2.3	2.28	2.32	2.3	2310000.0
2016-04-19	2.28	2.26	2.3	2.3	1009400.0
2016-04-20	2.28	2.28	2.3	2.3	1200900.0
2016-04-21	2.28	2.26	2.3	2.28	1565100.0
2016-04-22	2.26	2.26	2.28	2.28	257000.0
2016-04-25	2.28	2.28	2.28	2.28	849800.0
2016-04-26	2.28	2.24	2.28	2.28	382300.0
2016-04-27	2.28	2.26	2.3	2.26	253800.0
2016-04-28	2.28	2.26	2.28	2.28	1107200.0
2016-04-29	2.26	2.26	2.3	2.3	815700.0
2016-05-03	2.3	2.24	2.3	2.28	1210300.0
2016-05-04	2.28	2.26	2.28	2.28	1224700.0
2016-05-06	2.28	2.26	2.28	2.28	1224700.0
2016-05-09	2.28	2.26	2.28	2.28	469200.0
2016-05-10	2.26	2.26	2.28	2.26	536200.0
2016-05-11	2.28	2.24	2.28	2.28	400400.0
2016-05-12	2.26	2.24	2.28	2.28	739200.0
2016-05-13	2.26	2.26	2.28	2.26	326200.0
2016-05-16	2.26	2.26	2.28	2.26	266800.0
2016-05-17	2.26	2.26	2.28	2.28	561600.0
2016-05-18	2.28	2.26	2.28	2.28	637300.0
2016-05-19	2.28	2.22	2.28	2.26	373300.0
2016-05-23	2.26	2.26	2.26	2.26	268000.0
2016-05-24	2.26	2.24	2.28	2.28	857300.0
2016-05-25	2.26	2.26	2.28	2.26	589300.0
2016-05-26	2.26	2.26	2.26	2.26	251700.0
2016-05-27	2.26	2.26	2.28	2.28	2219800.0
2016-05-30	2.24	2.24	2.28	2.28	727600.0
2016-05-31	2.28	2.24	2.28	2.24	1502700.0
2016-06-01	2.24	2.24	2.26	2.26	394100.0
2016-06-02	2.24	2.24	2.28	2.26	217000.0
2016-06-03	2.26	2.26	2.28	2.28	745300.0
2016-06-06	2.3	2.26	2.36	2.26	4378900.0
2016-06-07	2.28	2.26	2.3	2.26	326200.0
2016-06-08	2.26	2.24	2.28	2.26	1009100.0
2016-06-09	2.28	2.26	2.28	2.26	1464700.0
2016-06-10	2.26	2.26	2.28	2.26	579600.0
2016-06-13	2.26	2.26	2.28	2.26	638200.0
2016-06-14	2.26	2.24	2.28	2.26	240400.0
2016-06-15	2.26	2.26	2.28	2.28	833800.0
2016-06-16	2.28	2.26	2.28	2.28	841800.0
2016-06-17	2.28	2.26	2.28	2.28	429200.0
2016-06-20	2.26	2.26	2.26	2.26	964200.0
2016-06-21	2.26	2.26	2.28	2.26	850000.0
2016-06-22	2.26	2.26	2.28	2.26	993500.0
2016-06-23	2.26	2.26	2.28	2.26	247100.0
2016-06-24	2.26	2.26	2.26	2.26	4283600.0
2016-06-27	2.26	2.24	2.28	2.26	1084700.0
2016-06-28	2.28	2.26	2.28	2.26	489500.0
2016-06-29	2.28	2.26	2.28	2.26	367700.0
2016-06-30	2.26	2.24	2.28	2.28	1246000.0
2016-07-04	2.26	2.26	2.3	2.3	1854200.0
2016-07-05	2.3	2.28	2.3	2.28	1740600.0
2016-07-06	2.28	2.28	2.3	2.3	435400.0
2016-07-07	2.3	2.28	2.32	2.28	1651600.0
2016-07-08	2.28	2.28	2.3	2.28	252600.0
2016-07-11	2.3	2.28	2.3	2.28	674600.0
2016-07-12	2.3	2.26	2.3	2.26	1517200.0
2016-07-13	2.26	2.26	2.28	2.26	272800.0
2016-07-14	2.26	2.26	2.3	2.3	1063500.0
2016-07-15	2.26	2.26	2.3	2.28	4705500.0
2016-07-20	2.28	2.26	2.3	2.3	620200.0
2016-07-21	2.3	2.26	2.3	2.28	563600.0
2016-07-22	2.28	2.28	2.36	2.3	2419600.0
2016-07-25	2.32	2.3	2.34	2.32	1518300.0
2016-07-26	2.32	2.3	2.32	2.3	1311800.0
2016-07-27	2.3	2.3	2.32	2.3	664700.0
2016-07-28	2.32	2.3	2.32	2.3	706200.0
2016-07-29	2.32	2.3	2.36	2.32	4445400.0
2016-08-01	2.32	2.3	2.38	2.36	4224400.0
2016-08-02	2.36	2.32	2.36	2.32	2336800.0
2016-08-03	2.32	2.3	2.34	2.32	1627100.0
2016-08-04	2.32	2.32	2.36	2.36	241900.0
2016-08-05	2.32	2.32	2.34	2.34	1015400.0
2016-08-08	2.36	2.34	2.36	2.36	583400.0
2016-08-09	2.36	2.34	2.36	2.36	712200.0
2016-08-10	2.36	2.32	2.36	2.32	1123900.0
2016-08-11	2.34	2.32	2.34	2.32	366500.0
2016-08-15	2.32	2.32	2.34	2.32	952700.0
2016-08-16	2.34	2.32	2.34	2.34	1332200.0
2016-08-17	2.34	2.28	2.34	2.32	1109300.0
2016-08-18	2.32	2.32	2.34	2.32	240400.0
2016-08-19	2.34	2.32	2.34	2.32	1270300.0
2016-08-22	2.32	2.3	2.32	2.3	665400.0
2016-08-23	2.32	2.3	2.32	2.3	286500.0
2016-08-24	2.3	2.3	2.34	2.3	636000.0
2016-08-25	2.3	2.3	2.36	2.36	2139000.0
2016-08-26	2.36	2.34	2.4	2.4	3157700.0
2016-08-29	2.4	2.38	2.42	2.4	397400.0
2016-08-30	2.38	2.34	2.4	2.4	548600.0
2016-08-31	2.38	2.34	2.38	2.38	550200.0
2016-09-01	2.36	2.34	2.36	2.34	69800.0
2016-09-02	2.4	2.32	2.4	2.34	2003700.0
2016-09-05	2.32	2.32	2.38	2.36	2319500.0
2016-09-06	2.36	2.34	2.36	2.34	143300.0
2016-09-07	2.38	2.36	2.38	2.36	1278400.0
2016-09-08	2.36	2.32	2.36	2.36	2542400.0
2016-09-09	2.32	2.32	2.36	2.36	2166000.0
2016-09-12	2.36	2.34	2.36	2.36	2316800.0
2016-09-13	2.36	2.36	2.38	2.36	328500.0
2016-09-14	2.38	2.36	2.38	2.38	572300.0
2016-09-15	2.38	2.38	2.4	2.38	324100.0
2016-09-16	2.4	2.36	2.4	2.36	781500.0
2016-09-19	2.36	2.36	2.38	2.38	894300.0
2016-09-20	2.38	2.38	2.42	2.42	1441500.0
2016-09-21	2.44	2.44	2.5	2.48	2810400.0
2016-09-22	2.5	2.48	2.5	2.5	457400.0
2016-09-23	2.5	2.46	2.5	2.48	1038800.0
2016-09-26	2.5	2.46	2.5	2.48	465600.0
2016-09-27	2.48	2.46	2.48	2.48	103300.0
2016-09-28	2.46	2.44	2.48	2.48	1668200.0
2016-09-29	2.48	2.46	2.5	2.48	786000.0
2016-09-30	2.46	2.46	2.46	2.46	1049100.0
2016-10-03	2.46	2.46	2.48	2.46	659400.0
2016-10-04	2.46	2.46	2.46	2.46	180400.0
2016-10-05	2.48	2.48	2.52	2.48	2974600.0
2016-10-06	2.5	2.48	2.5	2.5	1290600.0
2016-10-07	2.5	2.48	2.5	2.48	609100.0
2016-10-10	2.48	2.44	2.48	2.44	5650900.0
2016-10-11	2.44	2.44	2.44	2.44	1287300.0
2016-10-12	2.44	2.38	2.44	2.44	10702000.0
2016-10-13	2.42	2.34	2.44	2.44	7818900.0
2016-10-14	2.44	2.44	2.48	2.48	954200.0
2016-10-17	2.48	2.46	2.48	2.46	1106200.0
2016-10-18	2.48	2.46	2.48	2.46	1906300.0
2016-10-19	2.48	2.48	2.48	2.48	400900.0
2016-10-20	2.5	2.46	2.5	2.48	1408500.0
2016-10-21	2.48	2.48	2.5	2.48	1071100.0
2016-10-25	2.5	2.48	2.5	2.5	202000.0
2016-10-26	2.48	2.48	2.52	2.48	484000.0
2016-10-27	2.5	2.48	2.5	2.48	1568000.0
2016-10-28	2.48	2.46	2.5	2.48	438200.0
2016-10-31	2.5	2.48	2.5	2.48	405200.0
2016-11-01	2.48	2.48	2.52	2.5	933100.0
2016-11-02	2.5	2.48	2.54	2.52	1579600.0
2016-11-03	2.52	2.5	2.54	2.52	563800.0
2016-11-04	2.52	2.5	2.52	2.52	410500.0
2016-11-07	2.52	2.52	2.52	2.52	70400.0
2016-11-08	2.52	2.5	2.54	2.54	799500.0
2016-11-09	2.5	2.48	2.52	2.5	570300.0
2016-11-10	2.52	2.48	2.52	2.5	661600.0
2016-11-11	2.48	2.48	2.52	2.52	512800.0
2016-11-14	2.5	2.48	2.5	2.48	222500.0
2016-11-15	2.48	2.48	2.52	2.52	1137700.0
2016-11-16	2.52	2.48	2.52	2.52	146800.0
2016-11-17	2.48	2.48	2.52	2.5	528700.0
2016-11-18	2.52	2.48	2.52	2.48	477300.0
2016-11-21	2.48	2.48	2.52	2.48	82000.0
2016-11-22	2.48	2.48	2.5	2.5	243500.0
2016-11-23	2.5	2.48	2.52	2.5	81100.0
2016-11-24	2.48	2.48	2.5	2.48	168100.0
2016-11-25	2.48	2.48	2.52	2.52	429000.0
2016-11-28	2.5	2.5	2.5	2.5	35600.0
2016-11-29	2.48	2.48	2.5	2.48	118300.0
2016-11-30	2.48	2.48	2.52	2.48	3626000.0
2016-12-01	2.48	2.46	2.5	2.46	792000.0
2016-12-02	2.46	2.44	2.5	2.5	6842400.0
2016-12-06	2.48	2.46	2.5	2.48	2672100.0
2016-12-07	2.48	2.48	2.48	2.48	50100.0
2016-12-08	2.48	2.48	2.52	2.5	6679500.0
2016-12-09	2.52	2.48	2.52	2.5	340100.0
2016-12-13	2.5	2.48	2.5	2.48	72400.0
2016-12-14	2.52	2.48	2.52	2.48	317300.0
2016-12-15	2.48	2.48	2.5	2.48	265900.0
2016-12-16	2.48	2.46	2.5	2.46	733300.0
2016-12-19	2.46	2.46	2.48	2.46	1014200.0
2016-12-20	2.46	2.44	2.46	2.44	834400.0
2016-12-21	2.44	2.44	2.44	2.44	10800.0
2016-12-22	2.44	2.42	2.46	2.46	1786700.0
2016-12-23	2.44	2.44	2.46	2.46	520900.0
2016-12-26	2.46	2.46	2.5	2.48	1989000.0
2016-12-27	2.52	2.48	2.56	2.52	3380900.0
2016-12-28	2.5	2.5	2.5	2.5	1145400.0
2016-12-29	2.52	2.5	2.54	2.54	839800.0
2016-12-30	2.54	2.52	2.6	2.6	3707700.0
2017-01-04	2.62	2.58	2.62	2.58	888700.0
2017-01-05	2.6	2.56	2.6	2.58	2190900.0
2017-01-06	2.56	2.56	2.58	2.58	297900.0
2017-01-09	2.66	2.56	2.66	2.6	1652500.0
2017-01-10	2.62	2.54	2.62	2.56	2192300.0
2017-01-11	2.52	2.5	2.56	2.5	2407400.0
2017-01-12	2.5	2.5	2.5	2.5	369600.0
2017-01-13	2.5	2.5	2.52	2.52	293200.0
2017-01-16	2.5	2.5	2.52	2.52	619700.0
2017-01-17	2.52	2.5	2.52	2.52	409400.0
2017-01-18	2.52	2.5	2.52	2.52	144000.0
2017-01-19	2.56	2.5	2.56	2.5	553100.0
2017-01-20	2.5	2.5	2.52	2.5	214700.0
2017-01-23	2.5	2.5	2.54	2.5	97600.0
2017-01-24	2.52	2.48	2.52	2.48	1073900.0
2017-01-25	2.48	2.48	2.54	2.52	1039600.0
2017-01-26	2.52	2.52	2.54	2.54	493800.0
2017-01-27	2.52	2.5	2.54	2.52	179100.0
2017-01-30	2.52	2.5	2.54	2.5	533500.0
2017-01-31	2.5	2.5	2.52	2.52	728000.0
2017-02-01	2.52	2.5	2.54	2.5	206000.0
2017-02-02	2.52	2.52	2.52	2.52	80700.0
2017-02-03	2.52	2.5	2.54	2.54	315600.0
2017-02-06	2.52	2.5	2.54	2.54	282800.0
2017-02-07	2.52	2.52	2.52	2.52	30300.0
2017-02-08	2.54	2.48	2.54	2.52	81800.0
2017-02-09	2.5	2.48	2.52	2.48	358700.0
2017-02-10	2.48	2.48	2.5	2.48	559200.0
2017-02-14	2.48	2.48	2.5	2.5	420100.0
2017-02-15	2.5	2.48	2.5	2.5	230900.0
2017-02-16	2.48	2.48	2.5	2.48	1312100.0
2017-02-17	2.48	2.48	2.48	2.48	193100.0
2017-02-20	2.48	2.46	2.48	2.46	151800.0
2017-02-21	2.46	2.46	2.48	2.46	79200.0
2017-02-22	2.46	2.46	2.48	2.48	6800.0
2017-02-23	2.46	2.46	2.5	2.46	153300.0
2017-02-24	2.46	2.46	2.48	2.46	54900.0
2017-02-27	2.46	2.46	2.46	2.46	1735400.0
2017-02-28	2.46	2.46	2.52	2.52	389300.0
2017-03-01	2.54	2.5	2.54	2.52	42300.0
2017-03-02	2.5	2.5	2.52	2.52	20100.0
2017-03-03	2.48	2.48	2.5	2.48	72200.0
2017-03-06	2.5	2.46	2.5	2.46	780000.0
2017-03-07	2.46	2.46	2.48	2.46	383400.0
2017-03-08	2.48	2.46	2.48	2.48	77900.0
2017-03-09	2.46	2.46	2.48	2.48	80300.0
2017-03-10	2.46	2.46	2.48	2.48	112800.0
2017-03-13	2.48	2.44	2.48	2.48	110400.0
2017-03-14	2.48	2.44	2.5	2.44	298000.0
2017-03-15	2.44	2.44	2.48	2.44	42000.0
2017-03-16	2.46	2.44	2.48	2.46	58900.0
2017-03-17	2.48	2.44	2.48	2.46	565000.0
2017-03-20	2.46	2.46	2.46	2.46	101200.0
2017-03-21	2.46	2.46	2.48	2.48	64700.0
2017-03-22	2.48	2.46	2.48	2.48	154200.0
2017-03-23	2.46	2.46	2.48	2.48	72200.0
2017-03-24	2.46	2.46	2.52	2.52	470600.0
2017-03-27	2.52	2.48	2.52	2.5	79700.0
2017-03-28	2.48	2.48	2.52	2.48	713400.0
2017-03-29	2.48	2.46	2.48	2.48	229400.0
2017-03-30	2.46	2.46	2.48	2.48	177300.0
2017-03-31	2.46	2.46	2.48	2.48	22600.0
2017-04-03	2.48	2.46	2.5	2.5	135800.0
2017-04-04	2.48	2.44	2.5	2.44	325000.0
2017-04-05	2.48	2.44	2.5	2.5	64000.0
2017-04-07	2.5	2.44	2.5	2.46	768500.0
2017-04-10	2.44	2.44	2.46	2.44	1560100.0
2017-04-11	2.48	2.44	2.48	2.46	118100.0
2017-04-12	2.46	2.44	2.46	2.46	823300.0
2017-04-17	2.46	2.44	2.46	2.44	2187500.0
2017-04-18	2.44	2.44	2.48	2.44	417000.0
2017-04-19	2.46	2.44	2.46	2.44	116700.0
2017-04-20	2.44	2.44	2.44	2.44	200000.0
2017-04-21	2.44	2.44	2.46	2.46	525000.0
2017-04-24	2.46	2.44	2.46	2.46	715000.0
2017-04-25	2.46	2.44	2.48	2.46	502100.0
2017-04-26	2.46	2.44	2.46	2.44	509800.0
2017-04-27	2.44	2.44	2.44	2.44	43300.0
2017-04-28	2.44	2.42	2.44	2.42	109600.0
2017-05-02	2.42	2.42	2.42	2.42	20500.0
2017-05-03	2.44	2.42	2.44	2.44	518200.0
2017-05-04	2.46	2.44	2.48	2.44	709600.0
2017-05-05	2.44	2.44	2.46	2.44	338600.0
2017-05-08	2.44	2.44	2.54	2.48	1612600.0
2017-05-09	2.48	2.46	2.5	2.48	2047100.0
2017-05-11	2.48	2.44	2.5	2.46	2400600.0
2017-05-12	2.46	2.46	2.5	2.5	1321200.0
2017-05-15	2.48	2.48	2.54	2.52	1197800.0
2017-05-16	2.52	2.5	2.52	2.52	219600.0
2017-05-17	2.5	2.5	2.54	2.52	1138800.0
2017-05-18	2.5	2.5	2.52	2.5	454400.0
2017-05-19	2.5	2.48	2.52	2.52	464500.0
2017-05-22	2.52	2.48	2.52	2.48	81800.0
2017-05-23	2.48	2.48	2.5	2.48	21400.0
2017-05-24	2.5	2.48	2.52	2.48	179300.0
2017-05-25	2.48	2.48	2.5	2.48	93500.0
2017-05-26	2.54	2.5	2.54	2.5	68200.0
2017-05-29	2.48	2.48	2.48	2.48	900.0
2017-05-30	2.48	2.48	2.5	2.48	258000.0
2017-05-31	2.5	2.46	2.5	2.46	1454900.0
2017-06-01	2.46	2.46	2.48	2.48	87000.0
2017-06-02	2.48	2.46	2.5	2.46	46600.0
2017-06-05	2.5	2.42	2.5	2.46	3238200.0
2017-06-06	2.44	2.44	2.46	2.46	83500.0
2017-06-07	2.46	2.46	2.48	2.46	104100.0
2017-06-08	2.46	2.46	2.46	2.46	364800.0
2017-06-09	2.46	2.46	2.46	2.46	442600.0
2017-06-12	2.46	2.44	2.46	2.44	220100.0
2017-06-13	2.46	2.44	2.46	2.46	29700.0
2017-06-14	2.48	2.48	2.48	2.48	2000.0
2017-06-15	2.44	2.44	2.48	2.46	45900.0
2017-06-16	2.46	2.44	2.46	2.44	116000.0
2017-06-19	2.46	2.46	2.46	2.46	35200.0
2017-06-20	2.44	2.44	2.46	2.44	70300.0
2017-06-21	2.44	2.44	2.44	2.44	5000.0
2017-06-22	2.44	2.42	2.44	2.44	163200.0
2017-06-23	2.44	2.44	2.46	2.46	195400.0
2017-06-26	2.46	2.44	2.46	2.46	43700.0
2017-06-27	2.48	2.44	2.48	2.46	114500.0
2017-06-28	2.46	2.44	2.46	2.44	31700.0
2017-06-29	2.44	2.44	2.44	2.44	171100.0
2017-06-30	2.48	2.44	2.48	2.46	561400.0
2017-07-03	2.46	2.44	2.46	2.44	233900.0
2017-07-04	2.46	2.44	2.46	2.46	101400.0
2017-07-05	2.44	2.44	2.44	2.44	235600.0
2017-07-06	2.44	2.44	2.46	2.44	17600.0
2017-07-07	2.46	2.46	2.46	2.46	200.0
2017-07-11	2.46	2.44	2.46	2.44	110900.0
2017-07-12	2.46	2.44	2.46	2.44	162600.0
2017-07-13	2.44	2.44	2.44	2.44	14500.0
2017-07-14	2.46	2.44	2.46	2.44	68500.0
2017-07-17	2.44	2.44	2.46	2.44	133800.0
2017-07-18	2.46	2.44	2.46	2.44	30300.0
2017-07-19	2.44	2.44	2.46	2.44	23700.0
2017-07-20	2.46	2.46	2.48	2.48	50600.0
2017-07-21	2.48	2.44	2.48	2.44	20400.0
2017-07-24	2.48	2.44	2.52	2.44	795700.0
2017-07-25	2.46	2.46	2.5	2.46	294200.0
2017-07-26	2.48	2.46	2.48	2.46	92700.0
2017-07-27	2.46	2.46	2.46	2.46	233400.0
2017-07-31	2.46	2.46	2.46	2.46	197300.0
2017-08-01	2.46	2.46	2.46	2.46	48100.0
2017-08-02	2.48	2.48	2.48	2.48	300.0
2017-08-03	2.48	2.46	2.5	2.48	91500.0
2017-08-04	2.46	2.46	2.46	2.46	104900.0
2017-08-07	2.46	2.44	2.46	2.44	1543500.0
2017-08-08	2.44	2.44	2.46	2.46	62000.0
2017-08-09	2.44	2.44	2.46	2.46	222100.0
2017-08-10	2.44	2.42	2.44	2.44	459900.0
2017-08-11	2.42	2.4	2.42	2.42	1367100.0
2017-08-15	2.42	2.42	2.42	2.42	17200.0
2017-08-16	2.42	2.42	2.42	2.42	247200.0
2017-08-17	2.42	2.42	2.42	2.42	356400.0
2017-08-18	2.42	2.4	2.42	2.4	170800.0
2017-08-21	2.4	2.4	2.42	2.42	1759600.0
2017-08-22	2.46	2.4	2.46	2.42	1191500.0
2017-08-23	2.44	2.44	2.44	2.44	100.0
2017-08-24	2.4	2.4	2.4	2.4	34700.0
2017-08-25	2.4	2.4	2.4	2.4	1000000.0
2017-08-28	2.42	2.42	2.42	2.42	7000.0
2017-08-29	2.42	2.4	2.44	2.44	2006400.0
2017-08-30	2.42	2.4	2.42	2.4	14700.0
2017-08-31	2.4	2.4	2.42	2.42	53200.0
2017-09-01	2.38	2.38	2.38	2.38	600000.0
2017-09-04	2.38	2.38	2.42	2.42	36900.0
2017-09-05	2.46	2.4	2.46	2.44	15800.0
2017-09-06	2.4	2.4	2.4	2.4	118800.0
2017-09-07	2.38	2.38	2.46	2.46	231200.0
2017-09-08	2.4	2.4	2.42	2.42	9200.0
2017-09-11	2.42	2.4	2.42	2.4	5400.0
2017-09-12	2.4	2.4	2.4	2.4	484400.0
2017-09-13	2.38	2.38	2.4	2.4	315000.0
2017-09-14	2.42	2.38	2.42	2.42	19300.0
2017-09-15	2.42	2.42	2.46	2.42	1110200.0
2017-09-18	2.42	2.42	2.44	2.42	486800.0
2017-09-19	2.44	2.42	2.44	2.44	106800.0
2017-09-20	2.44	2.44	2.44	2.44	27500.0
2017-09-21	2.46	2.42	2.46	2.42	77300.0
2017-09-22	2.44	2.44	2.46	2.46	147900.0
2017-09-25	2.46	2.44	2.46	2.44	15700.0
2017-09-26	2.44	2.44	2.44	2.44	11600.0
2017-09-27	2.42	2.42	2.42	2.42	1300.0
2017-09-28	2.42	2.42	2.42	2.42	6600.0
2017-09-29	2.42	2.42	2.44	2.44	115100.0
2017-10-02	2.42	2.42	2.44	2.42	94500.0
2017-10-03	2.42	2.42	2.42	2.42	128600.0
2017-10-04	2.44	2.42	2.46	2.44	74000.0
2017-10-05	2.44	2.44	2.44	2.44	80000.0
2017-10-06	2.44	2.44	2.46	2.46	97900.0
2017-10-09	2.42	2.42	2.48	2.48	156000.0
2017-10-10	2.48	2.42	2.48	2.42	46500.0
2017-10-11	2.42	2.4	2.42	2.42	2236700.0
2017-10-12	2.42	2.42	2.48	2.42	487400.0
2017-10-16	2.42	2.4	2.42	2.42	165700.0
2017-10-17	2.42	2.4	2.42	2.4	261000.0
2017-10-18	2.4	2.4	2.42	2.42	634300.0
2017-10-19	2.42	2.38	2.42	2.4	2957700.0
2017-10-20	2.4	2.4	2.44	2.42	468700.0
2017-10-24	2.44	2.42	2.44	2.42	15100.0
2017-10-25	2.44	2.38	2.44	2.38	510000.0
2017-10-27	2.4	2.38	2.42	2.38	50700.0
2017-10-30	2.4	2.38	2.4	2.38	82300.0
2017-10-31	2.38	2.38	2.42	2.38	190000.0
2017-11-01	2.44	2.38	2.44	2.4	243700.0
2017-11-02	2.4	2.38	2.42	2.4	292100.0
2017-11-03	2.4	2.4	2.42	2.4	94100.0
2017-11-06	2.4	2.4	2.4	2.4	123400.0
2017-11-07	2.4	2.4	2.42	2.42	8900.0
2017-11-08	2.42	2.42	2.42	2.42	200.0
2017-11-09	2.4	2.4	2.42	2.4	540600.0
2017-11-10	2.4	2.38	2.4	2.38	495400.0
2017-11-13	2.38	2.38	2.4	2.38	471000.0
2017-11-14	2.38	2.38	2.4	2.4	116400.0
2017-11-15	2.38	2.38	2.42	2.38	396700.0
2017-11-16	2.38	2.38	2.38	2.38	341000.0
2017-11-17	2.38	2.34	2.38	2.34	2403200.0
2017-11-20	2.36	2.3	2.36	2.34	2054200.0
2017-11-21	2.36	2.3	2.36	2.3	1603100.0
2017-11-22	2.34	2.3	2.34	2.3	2040000.0
2017-11-23	2.32	2.28	2.32	2.28	1998800.0
2017-11-24	2.3	2.28	2.4	2.36	523200.0
2017-11-27	2.4	2.4	2.4	2.4	100.0
2017-11-28	2.36	2.28	2.4	2.28	110500.0
2017-11-29	2.28	2.28	2.3	2.28	652900.0
2017-11-30	2.28	2.26	2.32	2.26	6114100.0
2017-12-01	2.26	2.26	2.3	2.28	827800.0
2017-12-04	2.28	2.28	2.28	2.28	74400.0
2017-12-06	2.28	2.26	2.3	2.26	558500.0
2017-12-07	2.3	2.28	2.3	2.3	2591200.0
2017-12-08	2.28	2.28	2.28	2.28	28600.0
2017-12-12	2.28	2.28	2.28	2.28	312600.0
2017-12-13	2.28	2.28	2.28	2.28	48000.0
2017-12-14	2.28	2.28	2.28	2.28	38000.0
2017-12-15	2.28	2.28	2.3	2.28	104900.0
2017-12-18	2.28	2.28	2.3	2.28	512000.0
2017-12-19	2.28	2.28	2.28	2.28	91900.0
2017-12-20	2.3	2.28	2.32	2.28	7400.0
2017-12-21	2.28	2.28	2.28	2.28	1473700.0
2017-12-22	2.32	2.28	2.32	2.28	169600.0
2017-12-25	2.28	2.28	2.32	2.28	71000.0
2017-12-26	2.3	2.28	2.3	2.28	27500.0
2017-12-27	2.3	2.26	2.3	2.28	16900.0
2017-12-28	2.28	2.26	2.28	2.26	52100.0
2017-12-29	2.26	2.26	2.3	2.3	35800.0
2018-01-03	2.28	2.26	2.28	2.26	76300.0
2018-01-04	2.28	2.26	2.28	2.28	616700.0
2018-01-05	2.28	2.26	2.28	2.28	4500.0
2018-01-08	2.26	2.2	2.26	2.24	6206100.0
2018-01-09	2.24	2.22	2.26	2.22	338300.0
2018-01-10	2.22	2.22	2.22	2.22	665900.0
2018-01-11	2.22	2.2	2.22	2.2	176600.0
2018-01-12	2.2	2.18	2.22	2.22	2116300.0
2018-01-15	2.2	2.2	2.24	2.22	427200.0
2018-01-16	2.22	2.2	2.22	2.22	130500.0
2018-01-17	2.2	2.2	2.2	2.2	661800.0
2018-01-18	2.2	2.2	2.24	2.2	205100.0
2018-01-19	2.2	2.2	2.2	2.2	282800.0
2018-01-22	2.2	2.18	2.2	2.2	18200.0
2018-01-23	2.18	2.18	2.2	2.2	53700.0
2018-01-24	2.18	2.18	2.2	2.2	10100.0
2018-01-25	2.22	2.16	2.22	2.16	2058100.0
2018-01-26	2.16	2.14	2.2	2.2	2387400.0
2018-01-29	2.18	2.18	2.2	2.18	105700.0
2018-01-30	2.18	2.18	2.2	2.18	218500.0
2018-01-31	2.18	2.18	2.2	2.2	27100.0
2018-02-01	2.2	2.18	2.2	2.18	1071000.0
2018-02-02	2.18	2.18	2.18	2.18	19000.0
2018-02-05	2.18	2.18	2.18	2.18	772000.0
2018-02-06	2.18	2.16	2.18	2.18	4510200.0
2018-02-07	2.18	2.18	2.18	2.18	750600.0
2018-02-08	2.18	2.18	2.2	2.2	1043500.0
2018-02-09	2.18	2.18	2.18	2.18	219500.0
2018-02-12	2.16	2.16	2.18	2.16	550800.0
2018-02-13	2.16	2.16	2.2	2.18	366700.0
2018-02-14	2.2	2.18	2.2	2.18	1867600.0
2018-02-15	2.18	2.18	2.2	2.18	20000.0
2018-02-16	2.18	2.18	2.2	2.18	1243400.0
2018-02-19	2.18	2.18	2.18	2.18	1752300.0
2018-02-20	2.18	2.18	2.2	2.18	117400.0
2018-02-21	2.18	2.18	2.2	2.18	407900.0
2018-02-22	2.2	2.18	2.2	2.18	1041700.0
2018-02-23	2.18	2.16	2.18	2.16	493200.0
2018-02-26	2.16	2.16	2.16	2.16	606900.0
2018-02-27	2.16	2.14	2.18	2.16	842600.0
2018-02-28	2.14	2.06	2.14	2.1	1230100.0
2018-03-02	2.1	2.1	2.1	2.1	231500.0
2018-03-05	2.14	2.12	2.14	2.12	1151400.0
2018-03-06	2.14	2.1	2.16	2.1	3938800.0
2018-03-07	2.1	2.1	2.1	2.1	80000.0
2018-03-08	2.12	2.1	2.12	2.12	17100.0
2018-03-09	2.1	2.1	2.12	2.12	1314800.0
2018-03-12	2.12	2.12	2.16	2.16	300.0
2018-03-13	2.16	2.1	2.16	2.12	6732500.0
2018-03-14	2.1	2.1	2.12	2.1	30400.0
2018-03-15	2.1	2.1	2.14	2.14	94800.0
2018-03-16	2.1	2.1	2.14	2.14	206300.0
2018-03-19	2.16	2.1	2.16	2.1	11200.0
2018-03-20	2.1	2.08	2.14	2.12	3663400.0
2018-03-21	2.16	2.12	2.16	2.16	133500.0
2018-03-22	2.12	2.12	2.16	2.14	975200.0
2018-03-23	2.14	2.1	2.14	2.1	445100.0
2018-03-26	2.14	2.1	2.14	2.1	2512600.0
2018-03-27	2.12	2.1	2.14	2.14	3200.0
2018-03-28	2.1	2.1	2.14	2.14	421100.0
2018-03-29	2.12	2.08	2.12	2.1	1667800.0
2018-03-30	2.1	2.08	2.1	2.1	45400.0
2018-04-02	2.08	2.08	2.14	2.14	3048100.0
2018-04-03	2.14	2.08	2.16	2.14	500.0
2018-04-04	2.12	2.1	2.14	2.1	1941200.0
2018-04-05	2.1	2.08	2.1	2.08	171600.0
2018-04-09	2.08	2.08	2.1	2.08	29800.0
2018-04-10	2.08	2.08	2.12	2.12	200.0
2018-04-11	2.12	2.1	2.26	2.18	538700.0
2018-04-12	2.18	2.08	2.26	2.12	713100.0
2018-04-17	2.12	2.08	2.18	2.1	733600.0
2018-04-18	2.1	2.08	2.16	2.08	1035400.0
2018-04-19	2.2	2.08	2.2	2.08	550100.0
2018-04-20	2.1	2.1	2.12	2.12	600.0
2018-04-23	2.12	2.08	2.14	2.1	435100.0
2018-04-24	2.1	2.1	2.12	2.12	46400.0
2018-04-25	2.1	2.08	2.1	2.08	2047200.0
2018-04-26	2.12	2.08	2.18	2.1	87700.0
2018-04-27	2.08	2.08	2.14	2.1	194100.0
2018-04-30	2.08	2.08	2.14	2.08	7100.0
2018-05-02	2.08	2.08	2.08	2.08	16100.0
2018-05-03	2.08	2.08	2.12	2.12	200.0
2018-05-04	2.1	2.08	2.1	2.1	331600.0
2018-05-07	2.12	2.08	2.12	2.1	158600.0
2018-05-08	2.08	2.08	2.1	2.1	4456800.0
2018-05-09	2.1	2.1	2.1	2.1	1100.0
2018-05-10	2.1	2.08	2.12	2.08	2005200.0
2018-05-11	2.08	2.08	2.14	2.08	126900.0
2018-05-14	2.1	2.08	2.12	2.08	138300.0
2018-05-15	2.1	2.1	2.14	2.1	15000.0
2018-05-16	2.12	2.08	2.12	2.08	561100.0
2018-05-17	2.12	2.08	2.12	2.08	2575900.0
2018-05-18	2.12	2.12	2.12	2.12	100.0
2018-05-21	2.12	2.08	2.14	2.12	1910800.0
2018-05-22	2.08	2.08	2.14	2.14	5900.0
2018-05-23	2.1	2.08	2.12	2.08	13200.0
2018-05-24	2.12	2.06	2.14	2.1	153700.0
2018-05-25	2.1	2.06	2.12	2.12	1300.0
2018-05-28	2.12	2.04	2.12	2.08	940600.0
2018-05-30	2.08	2.04	2.08	2.08	2582100.0
2018-05-31	2.06	2.04	2.08	2.06	1448200.0
2018-06-01	2.06	2.06	2.08	2.06	2060200.0
2018-06-04	2.06	2.06	2.1	2.1	39800.0
2018-06-05	2.12	2.06	2.14	2.1	18200.0
2018-06-06	2.06	2.06	2.1	2.1	800.0
2018-06-07	2.1	2.06	2.1	2.06	31400.0
2018-06-08	2.06	2.06	2.08	2.06	11100.0
2018-06-11	2.08	2.06	2.1	2.06	287100.0
2018-06-12	2.06	2.06	2.1	2.1	400.0
2018-06-13	2.06	2.06	2.12	2.06	199100.0
2018-06-14	2.06	2.06	2.06	2.06	114400.0
2018-06-15	2.06	2.06	2.1	2.06	210300.0
2018-06-18	2.06	2.06	2.12	2.06	466900.0
2018-06-19	2.06	2.02	2.08	2.02	2608600.0
2018-06-20	2.06	2.06	2.08	2.06	38500.0
2018-06-21	2.06	2.06	2.08	2.06	923700.0
2018-06-22	2.06	2.04	2.1	2.08	161800.0
2018-06-25	2.04	2.04	2.04	2.04	100.0
2018-06-26	2.1	2.08	2.1	2.08	300.0
2018-06-27	2.04	2.04	2.08	2.04	105200.0
2018-06-28	2.06	2.04	2.06	2.06	17700.0
2018-06-29	2.04	2.04	2.06	2.04	2779000.0
2018-07-02	2.04	2.02	2.06	2.06	3079800.0
2018-07-03	2.1	2.06	2.1	2.08	700.0
2018-07-04	2.04	2.04	2.06	2.06	858500.0
2018-07-05	2.04	2.04	2.08	2.08	600.0
2018-07-06	2.08	2.04	2.08	2.08	4400.0
2018-07-09	2.08	2.04	2.08	2.04	22800.0
2018-07-10	2.06	2.04	2.06	2.04	36900.0
2018-07-11	2.0	2.0	2.04	2.02	1034200.0
2018-07-12	2.02	2.02	2.04	2.04	2451100.0
2018-07-13	2.04	2.02	2.04	2.04	15300.0
2018-07-16	2.06	1.96	2.06	2.0	2084400.0
2018-07-17	2.02	2.0	2.04	2.0	8200.0
2018-07-18	2.0	2.0	2.02	2.0	3315000.0
2018-07-19	2.02	2.0	2.02	2.0	510700.0
2018-07-20	2.0	2.0	2.04	2.02	2093600.0
2018-07-23	2.02	2.0	2.02	2.02	11600.0
2018-07-24	2.0	1.96	2.04	2.02	1102800.0
2018-07-25	2.02	2.0	2.04	2.0	1948500.0
2018-07-26	2.0	2.0	2.04	2.0	7092400.0
2018-07-31	1.99	1.99	2.04	2.02	103000.0
2018-08-01	2.02	2.02	2.04	2.02	21200.0
2018-08-02	2.02	2.0	2.04	2.0	886300.0
2018-08-03	2.02	2.02	2.04	2.02	300.0
2018-08-07	2.04	2.0	2.04	2.0	5300.0
2018-08-08	2.04	2.04	2.04	2.04	100.0
2018-08-09	2.04	2.04	2.1	2.1	6600.0
2018-08-10	2.1	2.02	2.1	2.04	1800.0
2018-08-14	2.04	2.04	2.1	2.06	3000.0
2018-08-15	2.02	2.0	2.04	2.0	322000.0
2018-08-16	2.0	2.0	2.04	2.0	667100.0
2018-08-17	2.0	2.0	2.04	2.0	3700.0
2018-08-20	2.0	1.99	2.0	1.99	5400.0
2018-08-21	2.04	2.0	2.04	2.04	300.0
2018-08-22	2.04	2.04	2.04	2.04	100.0
2018-08-23	1.99	1.99	2.04	2.02	1000700.0
2018-08-27	1.99	1.96	1.99	1.98	255800.0
2018-08-28	2.0	2.0	2.0	2.0	50000.0
2018-08-29	2.0	2.0	2.02	2.02	700.0
2018-08-30	2.0	1.99	2.0	2.0	112200.0
2018-08-31	2.0	1.99	2.0	1.99	188600.0
2018-09-03	2.02	1.99	2.18	2.08	65900.0
2018-09-04	2.16	2.02	2.16	2.08	6500.0
2018-09-05	2.08	2.0	2.08	2.08	400.0
2018-09-06	2.16	1.99	2.16	2.02	85500.0
2018-09-07	2.02	2.02	2.02	2.02	100.0
2018-09-10	2.0	2.0	2.1	2.0	130900.0
2018-09-11	2.0	1.99	2.02	2.0	95000.0
2018-09-12	2.0	2.0	2.1	2.08	205300.0
2018-09-13	2.0	2.0	2.1	2.0	617400.0
2018-09-14	2.0	2.0	2.04	2.02	113200.0
2018-09-17	2.02	2.0	2.02	2.0	131600.0
2018-09-18	2.0	1.98	2.02	1.98	321400.0
2018-09-19	2.0	1.98	2.02	1.98	124000.0
2018-09-20	1.99	1.98	2.0	1.99	42900.0
2018-09-21	1.99	1.98	1.99	1.98	76600.0
2018-09-24	1.98	1.97	1.98	1.97	5500.0
2018-09-25	1.97	1.96	1.97	1.97	35500.0
2018-09-26	1.97	1.97	1.97	1.97	100.0
2018-09-28	1.97	1.96	1.99	1.97	4000.0
2018-10-01	1.99	1.96	1.99	1.96	57300.0
2018-10-02	1.96	1.95	1.99	1.96	4000.0
2018-10-03	1.97	1.96	1.97	1.96	9400.0
2018-10-04	1.96	1.95	1.96	1.95	5400.0
2018-10-05	1.97	1.95	1.97	1.95	21400.0
2018-10-08	2.04	1.94	2.08	1.94	41400.0
2018-10-09	2.08	1.92	2.08	1.92	132100.0
2018-10-10	1.93	1.92	1.93	1.92	3200.0
2018-10-11	1.92	1.89	1.95	1.95	46000.0
2018-10-12	1.91	1.88	1.92	1.88	2071500.0
2018-10-16	1.88	1.85	1.9	1.85	23600.0
2018-10-17	1.87	1.85	1.88	1.85	900.0
2018-10-18	1.86	1.86	1.86	1.86	500.0
2018-10-19	1.87	1.87	1.9	1.9	1100.0
2018-10-22	1.89	1.82	1.9	1.88	308800.0
2018-10-24	1.88	1.81	1.88	1.88	857400.0
2018-10-25	1.88	1.87	1.88	1.88	129600.0
2018-10-26	1.9	1.83	1.9	1.83	38600.0
2018-10-29	1.82	1.81	1.82	1.82	44600.0
2018-10-30	1.82	1.79	1.82	1.8	790400.0
2018-10-31	1.8	1.78	2.0	2.0	495400.0
2018-11-01	1.98	1.79	1.98	1.79	913500.0
2018-11-02	1.79	1.79	1.81	1.79	8100.0
2018-11-05	1.79	1.78	1.79	1.79	2200.0
2018-11-07	1.78	1.77	1.78	1.77	4900.0
2018-11-08	1.77	1.72	1.77	1.72	11000.0
2018-11-09	1.73	1.72	1.74	1.73	15100.0
2018-11-12	1.72	1.72	1.74	1.74	1600.0
2018-11-13	1.72	1.72	1.8	1.78	621300.0
2018-11-14	1.79	1.68	1.8	1.78	562500.0
2018-11-15	1.78	1.78	1.8	1.8	1600.0
2018-11-16	1.77	1.74	1.79	1.74	858000.0
2018-11-19	1.76	1.76	1.76	1.76	100.0
2018-11-20	1.74	1.71	1.74	1.74	43300.0
2018-11-21	1.73	1.73	1.74	1.74	1600.0
2018-11-22	1.75	1.72	1.76	1.76	900.0
2018-11-23	1.73	1.73	1.74	1.74	300.0
2018-11-26	1.75	1.75	1.76	1.76	300.0
2018-11-28	1.81	1.81	1.81	1.81	200.0
2018-11-29	1.81	1.69	1.81	1.7	7200.0
2018-11-30	1.7	1.4	1.79	1.65	114500.0
2018-12-03	1.65	1.65	1.65	1.65	1000.0
2018-12-04	1.61	1.61	1.81	1.63	81700.0
2018-12-06	1.71	1.65	1.71	1.65	4400.0
2018-12-07	1.81	1.63	1.96	1.78	4500.0
2018-12-11	1.7	1.68	1.95	1.68	7100.0
2018-12-12	1.68	1.68	1.7	1.68	1000.0
2018-12-13	1.91	1.68	1.91	1.68	1600.0
2018-12-17	1.65	1.65	1.78	1.65	2100.0
2018-12-18	1.94	1.21	1.94	1.57	27000.0
2018-12-19	1.58	1.5	1.6	1.55	112300.0
2018-12-20	1.55	1.49	1.58	1.5	568300.0
2018-12-21	1.45	1.45	1.9	1.79	39000.0
2018-12-24	1.78	1.52	1.79	1.55	4200.0
2018-12-25	1.56	1.55	1.68	1.55	4500.0
2018-12-26	1.6	1.55	1.6	1.55	500.0
2018-12-27	1.69	1.5	1.69	1.68	900.0
2019-01-02	1.68	1.53	1.68	1.54	29800.0
2019-01-03	1.53	1.52	1.53	1.52	4100.0
2019-01-04	1.52	1.51	1.52	1.51	2300.0
2019-01-07	1.51	1.5	1.52	1.5	13000.0
2019-01-08	1.5	1.5	1.5	1.5	500.0
2019-01-09	1.5	1.5	1.5	1.5	3100.0
2019-01-10	1.5	1.5	1.5	1.5	3300.0
2019-01-11	1.48	1.47	1.49	1.49	3300.0
2019-01-14	1.5	1.5	1.51	1.51	1600.0
2019-01-15	1.49	1.49	1.49	1.49	100.0
2019-01-16	1.5	1.5	1.5	1.5	500.0
2019-01-17	1.5	1.48	1.55	1.48	4100.0
2019-01-18	1.51	1.51	1.51	1.51	500.0
2019-01-21	1.87	1.47	1.87	1.47	2300.0
2019-01-22	1.5	1.48	1.8	1.8	4600.0
2019-01-24	1.7	1.67	1.7	1.67	800.0
2019-01-25	1.67	1.55	1.8	1.67	27100.0
2019-01-28	1.66	1.43	1.66	1.64	3500.0
2019-01-29	1.52	1.52	1.56	1.52	3800.0
2019-01-30	1.49	1.48	1.54	1.48	40300.0
2019-01-31	1.92	1.63	1.92	1.63	246000.0
2019-02-01	1.62	1.5	1.65	1.53	59800.0
2019-02-04	1.6	1.54	1.61	1.56	74100.0
2019-02-05	1.56	1.5	1.57	1.56	24500.0
2019-02-06	1.56	1.51	1.63	1.55	116800.0
2019-02-07	1.56	1.49	1.57	1.51	121300.0
2019-02-08	1.45	1.44	1.51	1.5	116800.0
2019-02-11	1.5	1.47	1.51	1.49	18000.0
2019-02-12	1.47	1.47	1.51	1.48	6900.0
2019-02-13	1.45	1.45	1.49	1.46	12000.0
2019-02-14	1.48	1.48	1.5	1.5	400.0
2019-02-15	1.47	1.47	1.49	1.49	4000.0
2019-02-18	1.48	1.47	1.5	1.47	11500.0
2019-02-20	1.51	1.47	1.51	1.5	2900.0
2019-02-21	1.5	1.5	1.58	1.5	114000.0
2019-02-22	1.52	1.48	1.53	1.52	7300.0
2019-02-25	1.52	1.5	1.54	1.5	3400.0
2019-02-26	1.53	1.51	1.53	1.51	200.0
2019-02-27	1.52	1.51	1.52	1.51	200.0
2019-02-28	1.51	1.51	1.51	1.51	100.0
2019-03-01	1.51	1.51	1.51	1.51	100.0
2019-03-04	1.5	1.5	1.51	1.51	700.0
2019-03-05	1.5	1.41	1.5	1.47	37600.0
2019-03-06	1.45	1.45	1.47	1.46	13200.0
2019-03-07	1.45	1.44	1.45	1.44	32800.0
2019-03-11	1.44	1.44	1.45	1.44	16800.0
2019-03-12	1.46	1.43	1.46	1.44	19300.0
2019-03-13	1.44	1.44	1.44	1.44	100.0
2019-03-14	1.44	1.44	1.44	1.44	100.0
2019-03-15	1.44	1.44	1.44	1.44	1000.0
2019-03-18	1.44	1.44	1.44	1.44	100.0
2019-03-19	1.44	1.43	1.44	1.43	2300.0
2019-03-20	1.43	1.43	1.43	1.43	500.0
2019-03-21	1.44	1.44	1.44	1.44	100.0
2019-03-22	1.44	1.44	1.44	1.44	600.0
2019-03-25	1.44	1.43	1.44	1.44	4300.0
2019-03-26	1.43	1.43	1.43	1.43	1500.0
2019-03-27	1.47	1.47	1.47	1.47	1200.0
2019-03-28	1.46	1.44	1.57	1.55	1200.0
2019-03-29	1.44	1.44	1.55	1.46	2600.0
2019-04-01	1.46	1.44	1.46	1.46	15900.0
2019-04-02	1.44	1.44	1.44	1.44	5300.0
2019-04-04	1.44	1.44	1.44	1.44	5200.0
2019-04-05	1.51	1.51	1.52	1.52	5000.0
2019-04-09	1.44	1.44	1.48	1.45	12600.0
2019-04-10	1.45	1.44	1.45	1.45	3000.0
2019-04-11	1.45	1.45	1.45	1.45	200.0
2019-04-12	1.46	1.45	1.46	1.46	40700.0
2019-04-19	1.46	1.46	1.46	1.46	200.0
2019-04-22	1.48	1.45	1.48	1.47	2600.0
2019-04-23	1.45	1.41	1.48	1.48	3000.0
2019-04-25	1.43	1.41	1.43	1.41	2000.0
2019-04-26	1.44	1.4	1.44	1.43	9400.0
2019-04-29	1.48	1.41	1.5	1.47	12700.0
2019-04-30	1.44	1.44	1.47	1.47	4900.0
2019-05-02	1.47	1.47	1.47	1.47	600.0
2019-05-03	1.45	1.42	1.46	1.45	11500.0
2019-05-07	1.43	1.4	1.43	1.41	26000.0
2019-05-08	1.42	1.4	1.44	1.4	2600.0
2019-05-09	1.41	1.41	1.42	1.41	3100.0
2019-05-10	1.43	1.43	1.43	1.43	300.0
2019-05-13	1.41	1.41	1.42	1.42	1700.0
2019-05-14	1.39	1.39	1.42	1.4	5200.0
2019-05-15	1.4	1.4	1.41	1.41	700.0
2019-05-21	1.33	1.31	1.39	1.39	14900.0
2019-05-22	1.38	1.37	1.38	1.37	3800.0
2019-05-23	1.36	1.36	1.37	1.36	21500.0
2019-05-24	1.33	1.33	1.33	1.33	7600.0
2019-05-27	1.32	0.99	1.32	1.3	25900.0
2019-05-28	1.47	1.3	1.69	1.3	21400.0
2019-05-29	1.29	1.29	1.32	1.3	2900.0
2019-05-30	1.28	1.28	1.28	1.28	200.0
2019-05-31	1.26	1.25	1.26	1.25	35600.0
2019-06-04	1.25	1.25	1.37	1.29	57300.0
2019-06-05	1.2	1.2	1.28	1.28	169000.0
2019-06-06	1.28	1.26	1.28	1.28	41000.0
2019-06-07	1.27	1.26	1.3	1.3	362500.0
2019-06-10	1.3	1.28	1.3	1.3	65800.0
2019-06-11	1.3	1.29	1.3	1.29	900.0
2019-06-12	1.31	1.29	1.31	1.3	26900.0
2019-06-13	1.3	1.3	1.3	1.3	92600.0
2019-06-14	1.29	1.29	1.3	1.29	7900.0
2019-06-17	1.29	1.29	1.3	1.29	141100.0
2019-06-18	1.29	1.25	1.31	1.3	97300.0
2019-06-19	1.3	1.3	1.35	1.32	32000.0
2019-06-20	1.3	1.3	1.3	1.3	25700.0
2019-06-21	1.3	1.28	1.3	1.28	925300.0
2019-06-24	1.29	1.28	1.29	1.28	81900.0
2019-06-25	1.33	1.28	1.34	1.28	48300.0
2019-06-26	1.28	1.28	1.31	1.31	50900.0
2019-06-27	1.31	1.3	1.31	1.31	93000.0
2019-06-28	1.3	1.2	1.45	1.2	219200.0
2019-07-01	1.3	1.28	1.32	1.3	526600.0
2019-07-02	1.3	1.29	1.35	1.34	246000.0
2019-07-03	1.34	1.3	1.35	1.35	36900.0
2019-07-04	1.3	1.3	1.35	1.3	107300.0
2019-07-05	1.3	1.3	1.34	1.33	36800.0
2019-07-08	1.54	1.31	1.54	1.32	20400.0
2019-07-09	1.32	1.32	1.32	1.32	500.0
2019-07-10	1.36	1.31	1.48	1.31	76000.0
2019-07-11	1.31	1.31	1.33	1.32	64500.0
2019-07-12	1.32	1.31	1.32	1.32	13100.0
2019-07-15	1.31	1.29	1.31	1.3	162600.0
2019-07-17	1.3	1.29	1.3	1.29	29000.0
2019-07-18	1.32	1.3	1.33	1.3	2900.0
2019-07-19	1.3	1.29	1.31	1.31	364100.0
2019-07-22	1.3	1.3	1.31	1.31	48300.0
2019-07-23	1.31	1.31	1.31	1.31	54800.0
2019-07-24	1.31	1.31	1.31	1.31	300.0
2019-07-26	1.31	1.31	1.31	1.31	1500.0
2019-07-30	1.31	1.28	1.36	1.36	331600.0
2019-07-31	1.31	1.31	1.34	1.34	4100.0
2019-08-01	1.31	1.31	1.31	1.31	10000.0
2019-08-02	1.31	1.3	1.31	1.31	81200.0
2019-08-05	1.3	1.29	1.31	1.31	39600.0
2019-08-06	1.29	1.29	1.3	1.3	39000.0
2019-08-07	1.36	1.36	1.36	1.36	1000.0
2019-08-08	1.36	1.3	1.36	1.31	50600.0
2019-08-09	1.3	1.3	1.3	1.3	10700.0
2019-08-13	1.3	1.3	1.3	1.3	1300.0
2019-08-14	1.3	1.3	1.33	1.3	10800.0
2019-08-15	1.3	1.29	1.3	1.3	50400.0
2019-08-16	1.3	1.3	1.31	1.31	21300.0
2019-08-19	1.31	1.3	1.31	1.3	44700.0
2019-08-21	1.3	1.3	1.3	1.3	300.0
2019-08-22	1.3	1.3	1.3	1.3	800.0
2019-08-23	1.3	1.3	1.33	1.33	12600.0
2019-08-26	1.31	1.29	1.31	1.3	90300.0
2019-08-27	1.29	1.29	1.38	1.34	24700.0
2019-08-28	1.3	1.3	1.3	1.3	39000.0
2019-09-02	1.3	1.3	1.3	1.3	300.0
2019-09-03	1.3	1.29	1.31	1.31	85400.0
2019-09-04	1.3	1.3	1.31	1.31	219200.0
2019-09-05	1.3	1.29	1.31	1.31	135500.0
2019-09-06	1.3	1.29	1.31	1.31	78600.0
2019-09-09	1.3	1.29	1.31	1.31	50500.0
2019-09-10	1.3	1.3	1.3	1.3	44700.0
2019-09-11	1.2	1.2	1.3	1.3	515300.0
2019-09-12	1.3	1.29	1.31	1.3	126700.0
2019-09-13	1.3	1.28	1.31	1.31	790300.0
2019-09-16	1.3	1.29	1.31	1.31	89900.0
2019-09-17	1.31	1.29	1.32	1.3	159800.0
2019-09-18	1.3	1.3	1.32	1.3	133400.0
2019-09-19	1.3	1.28	1.3	1.28	56000.0
2019-09-20	1.3	1.3	1.3	1.3	20000.0
2019-09-23	1.29	1.26	1.29	1.28	52200.0
2019-09-24	1.28	1.27	1.3	1.3	110700.0
2019-09-25	1.3	1.3	1.31	1.31	40000.0
2019-09-26	1.31	1.29	1.31	1.31	91200.0
2019-09-27	1.32	1.29	1.32	1.3	128300.0
2019-09-30	1.3	1.29	1.3	1.3	81000.0
2019-10-01	1.3	1.3	1.3	1.3	24000.0
2019-10-02	1.3	1.29	1.3	1.3	136100.0
2019-10-03	1.3	1.29	1.33	1.3	31400.0
2019-10-04	1.3	1.3	1.31	1.3	72000.0
2019-10-07	1.3	1.3	1.3	1.3	31000.0
2019-10-08	1.3	1.29	1.3	1.3	79400.0
2019-10-09	1.3	1.29	1.31	1.31	72300.0
2019-10-10	1.3	1.3	1.31	1.31	96300.0
2019-10-11	1.3	1.29	1.3	1.29	216400.0
2019-10-15	1.29	1.29	1.3	1.3	4700.0
2019-10-16	1.3	1.29	1.31	1.31	30500.0
2019-10-17	1.31	1.26	1.31	1.26	37700.0
2019-10-18	1.24	1.2	1.31	1.3	43000.0
2019-10-21	1.3	1.3	1.3	1.3	300.0
2019-10-22	1.3	1.29	1.3	1.29	1555200.0
2019-10-24	1.29	1.28	1.29	1.28	101700.0
2019-10-25	1.28	1.28	1.29	1.29	31200.0
2019-10-28	1.29	1.28	1.3	1.3	235000.0
2019-10-29	1.3	1.29	1.3	1.29	102600.0
2019-10-30	1.29	1.29	1.29	1.29	19000.0
2019-10-31	1.3	1.3	1.31	1.3	5300.0
2019-11-01	1.25	1.25	1.3	1.3	6500.0
2019-11-04	1.26	1.26	1.3	1.3	2400.0
2019-11-05	1.24	1.24	1.27	1.27	2300.0
2019-11-06	1.22	1.22	1.28	1.28	7500.0
2019-11-07	1.24	1.2	1.27	1.26	43900.0
2019-11-08	1.23	1.23	1.3	1.3	41200.0
2019-11-11	1.28	1.28	1.28	1.28	1800.0
2019-11-12	1.29	1.29	1.29	1.29	100.0
2019-11-13	1.26	1.26	1.28	1.28	500.0
2019-11-15	1.26	1.24	1.3	1.29	6400.0
2019-11-18	1.24	1.24	1.27	1.25	400.0
2019-11-19	1.25	1.22	1.26	1.25	11400.0
2019-11-21	1.22	1.22	1.22	1.22	100.0
2019-11-22	1.23	1.23	1.23	1.23	100.0
2019-11-25	1.22	1.22	1.24	1.24	900.0
2019-11-26	1.23	1.23	1.3	1.25	2300.0
2019-11-27	1.23	1.23	1.3	1.3	2400.0
2019-11-28	1.25	1.25	1.26	1.26	700.0
2019-11-29	1.25	1.25	1.25	1.25	5000.0
2019-12-02	1.26	1.24	1.26	1.24	200.0
2019-12-03	1.25	1.25	1.29	1.28	4200.0
2019-12-06	1.26	0.91	1.26	1.23	47600.0
2019-12-09	1.23	1.2	1.23	1.21	12600.0
2019-12-11	1.25	1.19	1.25	1.21	52600.0
2019-12-12	1.22	1.22	1.24	1.24	1800.0
2019-12-16	1.22	1.17	1.3	1.24	45300.0
2019-12-17	1.2	1.17	1.28	1.26	46500.0
2019-12-18	1.27	1.27	1.27	1.27	100.0
2019-12-19	1.27	1.27	1.27	1.27	100.0
2019-12-23	1.19	1.15	1.3	1.3	58800.0
2019-12-25	1.3	1.17	1.3	1.19	27600.0
2019-12-26	1.21	1.19	1.25	1.22	8900.0
2019-12-27	1.25	1.2	1.25	1.25	5700.0
2019-12-30	1.2	1.11	1.22	1.19	25500.0
2020-01-02	1.22	1.18	1.29	1.2	1300.0
2020-01-03	1.17	1.16	1.24	1.19	25900.0
2020-01-06	1.18	1.11	1.22	1.22	26700.0
2020-01-07	1.22	1.02	1.22	1.02	342100.0
2020-01-08	1.08	1.03	1.09	1.09	31900.0
2020-01-09	1.05	1.05	1.11	1.11	22800.0
2020-01-10	1.09	1.05	1.09	1.05	16300.0
2020-01-13	1.05	1.04	1.05	1.05	13200.0
2020-01-14	1.05	1.04	1.05	1.04	6700.0
2020-01-15	1.04	1.04	1.08	1.08	2500.0
2020-01-16	1.06	1.05	1.06	1.05	1500.0
2020-01-17	1.06	1.03	1.06	1.03	6200.0
2020-01-20	1.03	1.02	1.03	1.02	4500.0
2020-01-21	1.0	0.94	1.03	1.03	4600.0
2020-01-22	1.0	1.0	1.05	1.03	239800.0
2020-01-23	1.03	1.03	1.07	1.07	769400.0
2020-01-24	1.07	1.04	1.07	1.07	90100.0
2020-01-27	1.06	1.04	1.06	1.04	245200.0
2020-01-28	1.1	1.1	1.11	1.1	579400.0
2020-01-29	1.1	1.1	1.15	1.15	45800.0
2020-01-30	1.1	1.1	1.1	1.1	8000.0
2020-01-31	1.12	1.11	1.43	1.26	5900.0
2020-02-03	1.22	1.2	1.22	1.2	400.0
2020-02-04	1.2	1.11	1.3	1.11	1600.0
2020-02-05	1.13	1.1	1.2	1.19	342100.0
2020-02-06	1.11	1.1	1.18	1.18	22900.0
2020-02-07	1.18	1.18	1.2	1.18	1500.0
2020-02-11	1.16	1.14	1.2	1.19	2700.0
2020-02-12	1.16	1.16	1.17	1.17	2300.0
2020-02-13	1.11	1.11	1.11	1.11	400.0
2020-02-14	1.15	1.1	1.2	1.2	8500.0
2020-02-17	1.18	1.18	1.18	1.18	1000.0
2020-02-18	1.18	1.18	1.2	1.2	1400.0
2020-02-19	1.1	1.1	1.21	1.21	146800.0
2020-02-20	1.21	1.21	1.22	1.21	166500.0
2020-02-21	1.22	1.21	1.22	1.21	85100.0
2020-02-24	1.21	1.11	1.21	1.19	107500.0
2020-02-25	1.2	1.2	1.2	1.2	300.0
2020-02-26	1.1	0.98	1.1	0.98	411000.0
2020-02-27	1.0	1.0	1.2	1.2	2300.0
2020-02-28	1.2	1.0	1.2	1.03	624600.0
2020-03-02	1.03	1.02	1.03	1.03	46200.0
2020-03-03	1.03	1.03	1.04	1.04	103900.0
2020-03-04	1.05	1.05	1.05	1.05	100.0
2020-03-05	1.07	1.05	1.07	1.06	48700.0
2020-03-06	1.19	1.07	1.19	1.07	4100.0
2020-03-09	1.06	1.04	1.07	1.04	269100.0
2020-03-10	1.01	1.0	1.03	1.02	234600.0
2020-03-11	1.02	1.01	1.07	1.02	53900.0
2020-03-12	1.02	1.0	1.02	1.0	161000.0
2020-03-13	0.72	0.72	1.0	1.0	682400.0
2020-03-16	0.74	0.74	1.0	0.94	346700.0
2020-03-17	0.94	0.94	0.96	0.96	17100.0
2020-03-19	1.09	0.94	1.09	1.02	106900.0
2020-03-20	1.02	0.98	1.02	0.98	18600.0
2020-03-23	0.94	0.93	0.95	0.93	241700.0
2020-03-24	0.95	0.92	0.95	0.93	127800.0
2020-03-25	0.95	0.8	0.95	0.84	222200.0
2020-03-26	0.86	0.77	0.86	0.8	36900.0
2020-03-27	0.8	0.78	0.8	0.8	8000.0
2020-03-30	0.78	0.73	0.8	0.8	5800.0
2020-03-31	0.77	0.76	0.85	0.82	43600.0
2020-04-01	0.8	0.8	0.8	0.8	500.0
2020-04-02	0.8	0.8	0.8	0.8	1400.0
2020-04-03	0.75	0.75	0.8	0.8	600.0
2020-04-07	0.81	0.81	0.82	0.82	16700.0
2020-04-08	0.82	0.79	0.83	0.81	6100.0
2020-04-09	0.71	0.71	0.87	0.83	28400.0
2020-04-10	0.75	0.75	0.84	0.84	2100.0
2020-04-13	0.84	0.82	0.84	0.82	1900.0
2020-04-14	0.84	0.81	0.84	0.83	3500.0
2020-04-15	0.82	0.8	0.82	0.8	12600.0
2020-04-16	0.8	0.8	0.81	0.81	800.0
2020-04-17	0.82	0.77	0.85	0.85	16100.0
2020-04-20	0.84	0.74	0.85	0.84	34700.0
2020-04-21	0.83	0.79	0.83	0.79	2700.0
2020-04-22	0.8	0.8	0.86	0.85	3200.0
2020-04-23	0.85	0.85	0.85	0.85	100.0
2020-04-24	0.77	0.75	0.82	0.82	4000.0
2020-04-27	0.77	0.77	0.83	0.83	900.0
2020-04-28	0.85	0.83	0.85	0.85	9000.0
2020-05-11	0.79	0.79	0.85	0.85	3600.0
2020-05-12	0.85	0.83	0.85	0.84	19700.0
2020-05-13	0.84	0.84	0.9	0.9	2300.0
2020-05-14	0.85	0.85	0.9	0.9	17500.0
2020-05-15	1.0	0.94	1.0	0.94	19200.0
2020-05-18	0.99	0.94	1.08	0.96	19700.0
2020-05-19	0.96	0.96	0.96	0.96	16700.0
2020-05-20	0.96	0.96	0.96	0.96	10100.0
2020-05-21	0.93	0.93	0.93	0.93	8000.0
2020-05-26	0.9	0.89	0.99	0.96	13900.0
2020-05-27	1.0	0.82	1.0	0.9	193300.0
2020-05-28	0.9	0.89	0.92	0.92	49800.0
2020-05-29	0.94	0.94	0.97	0.96	14300.0
2020-06-01	0.93	0.93	1.0	1.0	23100.0
2020-06-02	0.95	0.95	1.0	1.0	7100.0
2020-06-04	1.0	1.0	1.1	1.01	95500.0
2020-06-05	1.1	0.97	1.1	1.01	54400.0
2020-06-08	0.99	0.98	0.99	0.99	17200.0
2020-06-09	0.99	0.97	0.99	0.99	4300.0
2020-06-10	0.98	0.98	0.98	0.98	200.0
2020-06-11	0.94	0.94	0.99	0.95	1200.0
2020-06-12	0.95	0.95	0.95	0.95	26500.0
2020-06-15	0.91	0.91	0.93	0.93	51200.0
2020-06-16	0.99	0.91	0.99	0.91	24500.0
2020-06-17	0.9	0.9	0.95	0.93	4200.0
2020-06-18	0.95	0.94	0.96	0.94	4800.0
2020-06-23	0.94	0.8	0.94	0.93	46400.0
2020-06-24	0.93	0.93	0.94	0.94	800.0
2020-06-25	0.94	0.85	0.94	0.85	41700.0
2020-06-26	0.9	0.88	0.9	0.9	13200.0
2020-06-29	0.86	0.86	0.91	0.91	14900.0
2020-06-30	0.89	0.89	1.0	1.0	120400.0
2020-07-01	1.0	0.94	1.0	0.94	22300.0
2020-07-02	0.99	0.96	1.0	0.99	7500.0
2020-07-03	0.97	0.97	1.0	0.97	41600.0
2020-07-07	0.95	0.95	1.0	0.98	7400.0
2020-07-08	0.98	0.98	1.0	0.98	14500.0
2020-07-09	1.0	0.99	1.0	0.99	19500.0
2020-07-13	0.95	0.94	0.99	0.99	3900.0
2020-07-14	0.95	0.94	0.95	0.94	3500.0
2020-07-15	0.98	0.94	1.0	0.99	11200.0
2020-07-16	0.95	0.95	1.0	0.98	10400.0
2020-07-17	0.98	0.95	0.99	0.95	24300.0
2020-07-20	0.95	0.95	1.0	0.95	51100.0
2020-07-21	0.93	0.93	0.94	0.93	35300.0
2020-07-22	1.0	0.94	1.0	0.94	63700.0
2020-07-23	0.98	0.95	0.98	0.95	400.0
2020-07-24	0.96	0.93	0.96	0.95	13700.0
2020-07-30	0.93	0.9	0.93	0.9	28300.0
2020-07-31	0.94	0.94	0.99	0.99	7100.0
2020-08-03	0.99	0.93	0.99	0.93	45900.0
2020-08-04	0.93	0.93	0.95	0.93	23900.0
2020-08-05	0.92	0.91	0.92	0.91	23300.0
2020-08-06	0.91	0.9	0.93	0.93	15600.0
2020-08-07	0.93	0.88	0.95	0.95	18100.0
2020-08-10	0.95	0.95	0.95	0.95	100.0
2020-08-11	0.95	0.93	0.96	0.93	7000.0
2020-08-13	0.93	0.93	0.93	0.93	200.0
2020-08-17	0.97	0.92	0.97	0.96	14000.0
2020-08-18	0.95	0.95	0.96	0.96	7100.0
2020-08-19	0.96	0.94	0.96	0.95	1300.0
2020-08-20	0.95	0.94	0.95	0.95	6100.0
2020-08-21	0.95	0.94	0.95	0.95	3200.0
2020-08-24	0.95	0.95	0.95	0.95	1900.0
2020-08-25	0.95	0.94	0.97	0.97	13200.0
2020-08-26	0.97	0.97	0.99	0.97	1585700.0
2020-08-27	0.97	0.96	0.97	0.97	3033500.0
2020-08-28	1.0	0.96	1.0	0.98	44100.0
2020-08-31	0.98	0.96	0.98	0.96	64100.0
2020-09-01	0.99	0.96	0.99	0.98	28800.0
2020-09-02	0.99	0.98	1.11	1.11	84700.0
2020-09-03	1.01	0.98	1.02	1.0	129500.0
2020-09-08	1.0	0.97	1.0	0.98	18800.0
2020-09-09	0.97	0.95	0.97	0.97	12200.0
2020-09-10	0.99	0.99	1.0	1.0	200.0
2020-09-11	1.0	0.98	1.0	0.98	30000.0
2020-09-15	0.98	0.98	0.98	0.98	4600.0
2020-09-22	0.98	0.93	0.98	0.94	18800.0
2020-09-23	0.95	0.94	0.95	0.94	2100.0
2020-09-25	0.93	0.93	0.93	0.93	1000.0
2020-09-28	0.92	0.91	0.92	0.92	4200.0
2020-09-29	0.92	0.9	0.93	0.9	28000.0
2020-09-30	0.91	0.89	0.91	0.89	600.0
2020-10-01	0.88	0.88	0.89	0.89	6200.0
2020-10-02	0.89	0.89	0.89	0.89	1400.0
2020-10-05	0.89	0.89	0.89	0.89	300.0
2020-10-07	0.86	0.82	0.88	0.88	35600.0
2020-10-08	0.88	0.87	0.89	0.89	3900.0
2020-10-09	0.89	0.87	0.89	0.88	500.0
2020-10-12	0.86	0.84	0.91	0.87	6800.0
2020-10-14	0.86	0.81	0.86	0.84	12900.0
2020-10-15	0.85	0.85	0.88	0.86	6300.0
2020-10-19	0.86	0.83	0.86	0.83	50100.0
2020-10-20	0.81	0.81	0.81	0.81	79000.0
2020-10-21	0.88	0.88	0.88	0.88	2100.0
2020-10-22	0.88	0.88	0.88	0.88	200.0
2020-10-26	0.89	0.81	0.89	0.81	10900.0
2020-10-28	0.81	0.81	0.88	0.88	5500.0
2020-10-29	0.88	0.83	0.88	0.83	29300.0
2020-10-30	0.81	0.81	0.81	0.81	100.0
2020-11-02	0.82	0.82	0.95	0.94	900.0
2020-11-04	0.9	0.9	0.93	0.93	11300.0
2020-11-05	0.9	0.9	0.9	0.9	500.0
2020-11-06	0.88	0.85	0.88	0.87	10500.0
2020-11-09	0.85	0.82	0.85	0.82	12300.0
2020-11-10	0.82	0.82	0.87	0.87	1900.0
2020-11-11	0.95	0.84	0.95	0.84	55800.0
2020-11-12	0.8	0.8	0.84	0.84	3700.0
2020-11-13	0.82	0.82	0.95	0.95	3300.0
2020-11-16	0.93	0.9	0.93	0.9	700.0
2020-11-19	0.9	0.83	0.92	0.83	4300.0
2020-11-20	0.84	0.84	0.84	0.84	21000.0
2020-11-23	0.85	0.85	0.9	0.9	34500.0
2020-11-24	0.9	0.9	0.9	0.9	100.0
2020-11-25	0.88	0.88	0.88	0.88	35600.0
2020-11-26	0.88	0.88	0.88	0.88	100.0
2020-11-27	0.85	0.84	0.88	0.88	1500.0
2020-11-30	0.88	0.88	0.88	0.88	500.0
2020-12-02	0.9	0.9	0.94	0.94	26800.0
2020-12-03	0.91	0.9	0.94	0.9	78700.0
2020-12-04	0.9	0.9	0.93	0.93	3100.0
2020-12-08	0.89	0.89	0.91	0.9	36200.0
2020-12-09	0.9	0.87	0.9	0.9	22200.0
2020-12-14	0.91	0.87	0.92	0.9	379500.0
2020-12-15	0.93	0.9	0.93	0.92	385900.0
2020-12-16	0.93	0.92	1.03	1.0	1306400.0
2020-12-17	1.0	0.99	1.06	1.04	1145500.0
2020-12-18	1.04	1.04	1.07	1.07	236700.0
2020-12-21	1.03	0.99	1.05	1.03	2134400.0
2020-12-22	1.03	1.03	1.03	1.03	726200.0
2020-12-23	1.04	1.02	1.04	1.03	294700.0
2020-12-24	1.04	1.03	1.04	1.04	81000.0
2020-12-25	1.05	1.03	1.05	1.03	21300.0
2020-12-28	1.03	1.03	1.03	1.03	18800.0
2020-12-29	1.03	1.03	1.03	1.03	290500.0
2020-12-30	1.04	1.03	1.04	1.03	600900.0
2021-01-04	1.03	1.02	1.03	1.02	37400.0
2021-01-05	1.02	1.02	1.04	1.03	21300.0
2021-01-06	1.02	1.02	1.03	1.02	53500.0
2021-01-07	1.03	1.02	1.03	1.03	21000.0
2021-01-08	1.02	1.02	1.04	1.03	64000.0
2021-01-12	1.02	1.02	1.04	1.04	2900.0
2021-01-13	1.04	1.04	1.04	1.04	9800.0
2021-01-14	1.04	1.02	1.04	1.02	123100.0
2021-01-15	1.03	1.03	1.03	1.03	30300.0
2021-01-18	1.04	1.02	1.04	1.04	27600.0
2021-01-19	1.03	1.03	1.04	1.03	227300.0
2021-01-20	1.03	1.03	1.04	1.04	16100.0
2021-01-21	1.04	1.02	1.04	1.02	4100.0
2021-01-22	1.02	1.02	1.02	1.02	8200.0
2021-01-25	1.02	1.02	1.04	1.04	78000.0
2021-01-26	1.02	1.02	1.03	1.03	26200.0
2021-01-27	1.02	1.02	1.02	1.02	21000.0
2021-01-28	1.02	1.02	1.03	1.02	839000.0
2021-01-29	1.02	1.02	1.02	1.02	48100.0
2021-02-01	1.03	1.02	1.03	1.02	15800.0
2021-02-02	1.02	1.02	1.03	1.03	95100.0
2021-02-03	1.02	1.02	1.02	1.02	23300.0
2021-02-04	1.02	1.02	1.03	1.03	6800.0
2021-02-05	1.03	1.03	1.04	1.04	142100.0
2021-02-08	1.03	1.03	1.04	1.04	10400.0
2021-02-10	1.04	1.02	1.04	1.04	43400.0
2021-02-11	1.02	1.02	1.04	1.04	17900.0
2021-02-15	1.03	1.0	1.04	1.04	1019100.0
2021-02-16	1.04	1.0	1.04	1.01	57800.0
2021-02-17	1.01	0.99	1.01	1.01	122800.0
2021-02-18	1.02	1.01	1.02	1.02	1400.0
2021-02-19	1.02	0.97	1.02	1.01	980300.0
2021-02-22	1.01	1.0	1.02	1.0	6500.0
2021-02-23	0.98	0.97	1.0	0.99	61900.0
2021-02-24	0.99	0.96	0.99	0.97	77600.0
2021-02-25	0.99	0.99	0.99	0.99	9800.0
2021-03-01	0.99	0.99	1.0	1.0	15500.0
2021-03-02	1.03	1.01	1.25	1.11	1286900.0
2021-03-03	1.2	1.15	1.2	1.16	597400.0
2021-03-04	1.16	1.16	1.41	1.33	3774800.0
2021-03-05	1.38	1.36	1.51	1.43	2244400.0
2021-03-08	1.51	1.45	1.54	1.49	1360500.0
2021-03-09	1.51	1.45	1.52	1.5	1286900.0
2021-03-10	1.49	1.45	1.5	1.48	492900.0
2021-03-11	1.47	1.41	1.48	1.43	686300.0
2021-03-12	1.43	1.43	1.62	1.55	5978400.0
2021-03-15	1.56	1.51	1.56	1.51	1135300.0
2021-03-16	1.52	1.51	1.56	1.52	966200.0
2021-03-17	1.54	1.51	1.56	1.53	199700.0
2021-03-18	1.54	1.53	1.6	1.6	4005700.0
2021-03-19	1.62	1.62	1.74	1.68	11596800.0
2021-03-22	1.67	1.67	1.77	1.75	5768600.0
2021-03-23	1.78	1.74	1.93	1.87	7188500.0
2021-03-24	1.88	1.85	1.99	1.97	12452100.0
2021-03-25	1.96	1.95	2.1	2.02	10623200.0
2021-03-26	2.08	2.06	2.26	2.26	20086100.0
2021-03-29	2.24	2.24	2.26	2.24	10715400.0
2021-03-30	2.26	2.12	2.26	2.16	4662700.0
2021-03-31	2.18	2.16	2.2	2.16	1621500.0
2021-04-01	2.18	2.14	2.24	2.22	3993500.0
2021-04-02	2.26	2.22	2.26	2.22	5108700.0
2021-04-05	2.24	2.22	2.26	2.22	3756500.0
2021-04-07	2.22	1.99	2.24	2.04	7959800.0
2021-04-08	2.04	2.0	2.12	2.12	1617200.0
2021-04-09	2.1	2.1	2.12	2.12	1629000.0
2021-04-12	2.1	2.06	2.1	2.06	2432700.0
2021-04-16	2.04	2.02	2.1	2.04	568200.0
2021-04-19	2.06	2.04	2.08	2.04	201400.0
2021-04-20	2.06	2.04	2.08	2.06	658200.0
2021-04-21	2.08	2.06	2.1	2.06	587700.0
2021-04-22	2.08	2.08	2.24	2.2	9022000.0
2021-04-23	2.2	2.2	2.24	2.2	4755300.0
2021-04-26	2.22	2.2	2.22	2.2	529800.0
2021-04-27	2.22	2.2	2.34	2.3	4111700.0
2021-04-28	2.32	2.3	2.5	2.3	5898300.0
2021-04-29	2.32	2.26	2.34	2.3	1015900.0
2021-04-30	2.32	2.3	2.38	2.3	1892500.0
2021-05-05	2.36	2.24	2.36	2.24	5636700.0
2021-05-06	2.26	2.18	2.28	2.26	532900.0
2021-05-07	2.26	2.2	2.26	2.22	282700.0
2021-05-10	2.24	2.16	2.24	2.18	694700.0
2021-05-11	2.18	2.12	2.2	2.14	493800.0
2021-05-12	2.14	2.1	2.14	2.1	355700.0
2021-05-13	2.04	1.7	2.12	2.04	1165500.0
2021-05-14	2.08	2.0	2.08	2.02	253500.0
2021-05-17	2.04	2.0	2.04	2.0	159500.0
2021-05-18	2.04	2.02	2.08	2.06	360300.0
2021-05-19	2.08	2.06	2.12	2.06	221000.0
2021-05-20	2.06	2.04	2.1	2.1	473100.0
2021-05-21	2.1	2.06	2.1	2.06	676000.0
2021-05-24	2.08	2.06	2.08	2.06	206700.0
2021-05-25	2.06	2.02	2.08	2.04	134700.0
2021-05-27	2.06	2.06	2.08	2.06	293100.0
2021-05-28	2.08	2.06	2.12	2.08	247200.0
2021-05-31	2.08	2.04	2.08	2.06	337900.0
2021-06-01	2.08	2.06	2.1	2.08	120000.0
2021-06-02	2.1	2.06	2.1	2.06	235800.0
2021-06-04	2.06	2.06	2.2	2.12	2298000.0
2021-06-07	2.12	2.1	2.14	2.12	278500.0
2021-06-08	2.14	2.1	2.14	2.1	327700.0
2021-06-09	2.12	2.06	2.12	2.08	83000.0
2021-06-10	2.08	2.06	2.08	2.06	75600.0
2021-06-11	2.08	2.06	2.08	2.08	35200.0
2021-06-14	2.06	2.06	2.1	2.1	152300.0
2021-06-15	2.1	2.06	2.1	2.06	344900.0
2021-06-16	2.06	2.02	2.06	2.06	172900.0
2021-06-17	2.0	2.0	2.06	2.02	178700.0
2021-06-18	2.02	2.0	2.06	2.06	196900.0
2021-06-21	2.04	2.04	2.08	2.08	247300.0
2021-06-22	2.12	2.04	2.12	2.06	202600.0
2021-06-23	2.06	2.04	2.06	2.04	156600.0
2021-06-24	2.04	1.98	2.06	2.04	955600.0
2021-06-25	2.02	1.99	2.04	2.04	163800.0
2021-06-28	2.0	1.99	2.08	2.08	249300.0
2021-06-29	2.1	2.04	2.1	2.08	165500.0
2021-06-30	2.08	2.0	2.08	2.04	156800.0
2021-07-01	2.06	2.04	2.06	2.04	5700.0
2021-07-02	2.02	2.0	2.04	2.02	282400.0
2021-07-05	2.0	2.0	2.0	2.0	135000.0
2021-07-06	2.02	2.0	2.14	2.12	1575700.0
2021-07-07	2.18	2.12	2.32	2.18	6108600.0
2021-07-08	2.12	2.04	2.16	2.04	765700.0
2021-07-09	2.02	2.0	2.04	2.02	331300.0
2021-07-12	2.08	2.0	2.08	2.0	231000.0
2021-07-13	2.0	1.97	2.02	2.02	789800.0
2021-07-14	2.06	2.02	2.06	2.06	212600.0
2021-07-15	2.04	2.02	2.04	2.02	71700.0
2021-07-16	2.02	2.0	2.04	2.0	109300.0
2021-07-19	2.0	2.0	2.02	2.02	31200.0
2021-07-20	1.99	1.99	2.02	2.0	87200.0
2021-07-21	2.0	1.99	2.0	2.0	42800.0
2021-07-22	2.0	1.99	2.0	2.0	37500.0
2021-07-23	2.0	1.98	2.0	2.0	161200.0
2021-07-27	1.98	1.98	2.02	2.0	24600.0
2021-07-29	2.0	2.0	2.04	2.04	83600.0
2021-07-30	2.04	1.98	2.04	1.98	120100.0
2021-08-02	1.97	1.96	1.97	1.97	144500.0
2021-08-03	1.96	1.96	1.99	1.96	45300.0
2021-08-04	1.96	1.95	1.99	1.99	102300.0
2021-08-05	1.97	1.96	2.0	1.97	259200.0
2021-08-06	1.97	1.97	2.0	2.0	13100.0
2021-08-09	1.98	1.98	2.0	2.0	80500.0
2021-08-10	1.99	1.97	1.99	1.99	237800.0
2021-08-11	2.0	1.97	2.0	1.97	35300.0
2021-08-13	1.97	1.96	1.97	1.96	36800.0
2021-08-16	1.95	1.91	1.96	1.93	282200.0
2021-08-17	1.93	1.9	1.95	1.93	201200.0
2021-08-18	1.93	1.93	1.95	1.94	13800.0
2021-08-19	1.95	1.95	1.96	1.96	47300.0
2021-08-20	1.94	1.94	1.96	1.95	30900.0
2021-08-23	1.95	1.95	1.96	1.95	55200.0
2021-08-24	1.95	1.95	2.04	2.04	934200.0
2021-08-25	2.06	2.02	2.06	2.04	115800.0
2021-08-26	2.04	2.04	2.04	2.04	103200.0
2021-08-27	2.06	2.04	2.06	2.04	60200.0
2021-08-30	2.06	2.04	2.08	2.04	213000.0
2021-08-31	2.04	2.04	2.1	2.1	538700.0
2021-09-01	2.12	2.1	2.12	2.1	542000.0
2021-09-02	2.12	2.1	2.12	2.1	42000.0
2021-09-03	2.1	2.08	2.1	2.1	42300.0
2021-09-06	2.12	2.08	2.12	2.1	203400.0
2021-09-07	2.12	2.1	2.12	2.1	64800.0
2021-09-08	2.1	2.08	2.1	2.08	514400.0
2021-09-09	2.08	2.08	2.16	2.08	1873400.0
2021-09-10	2.08	2.08	2.18	2.18	3401400.0
2021-09-13	2.24	2.16	2.24	2.16	1256600.0
2021-09-14	2.18	2.14	2.2	2.14	276100.0
2021-09-15	2.14	2.14	2.16	2.14	717100.0
2021-09-16	2.16	2.14	2.16	2.14	224100.0
2021-09-17	2.14	2.14	2.16	2.14	181900.0
2021-09-20	2.14	2.08	2.16	2.08	237400.0
2021-09-21	2.08	2.04	2.12	2.12	52700.0
2021-09-22	2.08	2.04	2.1	2.06	220500.0
2021-09-23	2.06	2.06	2.08	2.08	75900.0
2021-09-27	2.08	2.04	2.08	2.06	86900.0
2021-09-28	2.1	2.08	2.1	2.08	19300.0
2021-09-29	2.04	2.04	2.08	2.06	86400.0
2021-09-30	2.06	2.02	2.1	2.1	348500.0
2021-10-01	2.06	2.06	2.12	2.12	172000.0
2021-10-04	2.12	2.1	2.12	2.1	110700.0
2021-10-05	2.1	2.1	2.1	2.1	43000.0
2021-10-06	2.1	2.1	2.12	2.12	47900.0
2021-10-07	2.14	2.1	2.14	2.1	62200.0
2021-10-08	2.1	2.1	2.16	2.14	982600.0
2021-10-11	2.16	2.14	2.22	2.22	1354200.0
2021-10-12	2.22	2.16	2.28	2.2	1307000.0
2021-10-14	2.22	2.2	2.22	2.2	178400.0
2021-10-15	2.22	2.2	2.24	2.2	880100.0
2021-10-18	2.26	2.18	2.26	2.22	1411500.0
2021-10-19	2.22	2.18	2.24	2.2	523300.0
2021-10-20	2.22	2.2	2.22	2.2	249000.0
2021-10-21	2.2	2.2	2.2	2.2	608300.0
2021-10-25	2.22	2.2	2.24	2.22	431200.0
2021-10-26	2.22	2.2	2.24	2.2	847800.0
2021-10-27	2.22	2.2	2.3	2.28	1236900.0
2021-10-28	2.3	2.22	2.3	2.22	275600.0
2021-10-29	2.24	2.18	2.24	2.24	62400.0
2021-11-01	2.24	2.2	2.24	2.22	27000.0
2021-11-02	2.2	2.18	2.2	2.18	204200.0
2021-11-03	2.16	2.12	2.2	2.2	256200.0
2021-11-04	2.22	2.18	2.22	2.22	83800.0
2021-11-05	2.24	2.2	2.24	2.22	34200.0
2021-11-08	2.2	2.18	2.22	2.18	121900.0
2021-11-09	2.22	2.18	2.22	2.18	425700.0
2021-11-10	2.18	2.18	2.2	2.18	155800.0
2021-11-11	2.18	2.16	2.18	2.16	499400.0
2021-11-12	2.16	2.16	2.18	2.18	13200.0
2021-11-15	2.2	2.16	2.2	2.16	265200.0
2021-11-16	2.16	2.16	2.18	2.16	108300.0
2021-11-17	2.18	2.18	2.18	2.18	75100.0
2021-11-18	2.18	2.18	2.18	2.18	12100.0
2021-11-19	2.18	2.18	2.2	2.2	20200.0
2021-11-22	2.2	2.16	2.2	2.2	107300.0
2021-11-23	2.2	2.16	2.2	2.16	311200.0
2021-11-24	2.16	2.16	2.18	2.18	887400.0
2021-11-25	2.18	2.16	2.18	2.16	2600.0
2021-11-26	2.18	2.12	2.18	2.16	33900.0
2021-11-29	2.12	2.12	2.14	2.12	8700.0
2021-11-30	2.08	2.08	2.14	2.1	9800.0
2021-12-01	2.1	2.1	2.12	2.12	19500.0
2021-12-02	2.1	2.1	2.14	2.14	123200.0
2021-12-03	2.14	2.12	2.16	2.14	33700.0
2021-12-07	2.14	2.1	2.14	2.12	12300.0
2021-12-08	2.14	2.12	2.14	2.12	18400.0
2021-12-09	2.12	2.1	2.14	2.12	9100.0
2021-12-13	2.12	2.08	2.12	2.1	71700.0
2021-12-14	2.1	2.08	2.1	2.08	64100.0
2021-12-15	2.08	2.04	2.1	2.1	484800.0
2021-12-16	2.1	2.08	2.1	2.1	236500.0
2021-12-17	2.08	2.08	2.1	2.08	577200.0
2021-12-20	2.08	2.08	2.1	2.08	1479600.0
2021-12-21	2.08	2.08	2.08	2.08	9500.0
2021-12-22	2.08	2.08	2.08	2.08	5100.0
2021-12-23	2.08	2.06	2.08	2.08	5500.0
2021-12-24	2.08	2.06	2.08	2.08	4000.0
2021-12-27	2.08	2.08	2.1	2.1	286000.0
2021-12-28	2.1	2.08	2.1	2.1	746700.0
2021-12-29	2.1	2.08	2.1	2.1	282100.0
2021-12-30	2.1	2.08	2.12	2.08	284800.0
2022-01-04	2.08	2.08	2.1	2.08	762500.0
2022-01-05	2.08	2.08	2.1	2.08	8600.0
2022-01-06	2.04	2.04	2.08	2.08	15500.0
2022-01-07	2.08	2.06	2.08	2.08	19200.0
2022-01-10	2.08	2.08	2.18	2.16	2197000.0
2022-01-11	2.16	2.16	2.34	2.26	7039200.0
2022-01-12	2.3	2.22	2.32	2.26	3548500.0
2022-01-13	2.26	2.22	2.28	2.22	1135600.0
2022-01-14	2.22	2.1	2.74	2.44	74732200.0
2022-01-17	2.44	2.32	2.46	2.34	7478800.0
2022-01-18	2.38	2.22	2.4	2.26	4686800.0
2022-01-19	2.26	2.18	2.28	2.2	4261500.0
2022-01-20	2.24	2.2	2.26	2.24	3880300.0
2022-01-21	2.26	2.18	2.28	2.22	2640300.0
2022-01-24	2.18	2.12	2.2	2.18	1653000.0
2022-01-25	2.18	2.16	2.24	2.22	1658800.0
2022-01-26	2.24	2.18	2.24	2.2	973100.0
2022-01-27	2.18	2.12	2.2	2.18	1274800.0
2022-01-28	2.18	2.14	2.2	2.14	1005000.0
2022-01-31	2.14	2.14	2.22	2.2	1355500.0
2022-02-01	2.22	2.22	2.24	2.22	298400.0
2022-02-02	2.24	2.2	2.24	2.24	457900.0
2022-02-03	2.24	2.2	2.24	2.22	232000.0
2022-02-04	2.24	2.22	2.24	2.22	662400.0
2022-02-07	2.22	2.22	2.24	2.22	410200.0
2022-02-08	2.24	2.2	2.26	2.2	702400.0
2022-02-09	2.2	2.2	2.22	2.22	536300.0
2022-02-10	2.22	2.2	2.22	2.2	295800.0
2022-02-11	2.2	2.18	2.2	2.18	365200.0
2022-02-14	2.16	2.16	2.2	2.18	1068900.0
2022-02-15	2.18	2.16	2.18	2.16	274900.0
2022-02-17	2.18	2.16	2.2	2.18	908800.0
2022-02-18	2.18	2.16	2.2	2.16	215200.0
2022-02-21	2.16	2.16	2.18	2.16	311900.0
2022-02-22	2.16	2.12	2.16	2.16	967600.0
2022-02-23	2.18	2.14	2.18	2.18	233500.0
2022-02-24	2.18	2.14	2.2	2.14	813900.0
2022-02-25	2.14	2.14	2.16	2.14	94700.0
2022-02-28	2.14	2.14	2.18	2.16	340300.0
2022-03-01	2.18	2.18	2.28	2.24	2243700.0
2022-03-02	2.26	2.22	2.26	2.24	369000.0
2022-03-03	2.26	2.2	2.26	2.2	455600.0
2022-03-04	2.2	2.18	2.22	2.22	164000.0
2022-03-07	2.22	2.04	2.22	2.06	1982000.0
2022-03-08	2.0	2.0	2.1	2.08	823500.0
2022-03-09	2.08	2.08	2.12	2.1	392000.0
2022-03-10	2.12	2.1	2.12	2.12	134900.0
2022-03-11	2.14	2.1	2.14	2.14	23700.0
2022-03-14	2.1	2.1	2.14	2.12	57800.0
2022-03-15	2.12	2.1	2.12	2.1	400000.0
2022-03-16	2.12	2.12	2.14	2.12	371600.0
2022-03-17	2.12	2.12	2.12	2.12	41000.0
2022-03-18	2.14	2.12	2.16	2.16	174800.0
2022-03-21	2.16	2.12	2.16	2.12	320800.0
2022-03-22	2.16	2.14	2.16	2.16	357100.0
2022-03-23	2.12	2.1	2.14	2.14	104200.0
2022-03-24	2.12	2.12	2.14	2.14	64800.0
2022-03-25	2.14	2.1	2.14	2.1	51100.0
2022-03-28	2.1	2.1	2.12	2.1	428500.0
2022-03-29	2.12	2.1	2.12	2.12	258300.0
2022-03-30	2.12	2.1	2.12	2.1	93800.0
2022-03-31	2.12	2.1	2.12	2.12	103800.0
2022-04-01	2.12	2.1	2.2	2.16	976000.0
2022-04-04	2.18	2.14	2.18	2.14	392200.0
2022-04-05	2.14	2.12	2.16	2.14	156300.0
2022-04-07	2.1	2.1	2.14	2.14	98600.0
2022-04-08	2.1	2.1	2.12	2.12	61100.0
2022-04-11	2.1	2.06	2.12	2.06	600000.0
2022-04-12	2.06	2.06	2.08	2.08	742200.0
2022-04-18	2.06	2.06	2.08	2.08	226900.0
2022-04-19	2.08	2.06	2.08	2.08	48000.0
2022-04-20	2.1	2.1	2.2	2.16	1255100.0
2022-04-21	2.16	2.14	2.16	2.14	501700.0
2022-04-22	2.14	2.12	2.14	2.14	522800.0
2022-04-25	2.14	2.14	2.18	2.16	331600.0
2022-04-26	2.14	2.14	2.18	2.16	308100.0
2022-04-27	2.14	2.14	2.16	2.16	255600.0
2022-04-28	2.16	2.14	2.16	2.16	133900.0
2022-04-29	2.14	2.14	2.16	2.16	57900.0
2022-05-03	2.14	2.14	2.16	2.14	821500.0
2022-05-05	2.14	2.14	2.14	2.14	132100.0
2022-05-06	2.14	2.14	2.16	2.16	633400.0
2022-05-09	2.18	2.16	2.22	2.18	871800.0
2022-05-10	2.2	2.18	2.22	2.2	492100.0
2022-05-11	2.22	2.2	2.22	2.2	1086000.0
2022-05-12	2.2	2.18	2.22	2.2	998100.0
2022-05-13	2.2	2.18	2.22	2.22	514600.0
2022-05-17	2.2	2.16	2.22	2.16	164000.0
2022-05-18	2.18	2.14	2.18	2.14	306200.0
2022-05-19	2.14	2.14	2.18	2.16	521400.0
2022-05-20	2.18	2.16	2.18	2.18	28600.0
2022-05-23	2.18	2.16	2.18	2.16	211300.0
2022-05-24	2.18	2.16	2.22	2.22	619200.0
2022-05-25	2.24	2.18	2.24	2.18	805900.0
2022-05-26	2.18	2.18	2.22	2.2	450300.0
2022-05-27	2.22	2.2	2.22	2.2	49900.0
2022-05-30	2.2	2.2	2.22	2.2	1313900.0
2022-05-31	2.2	2.18	2.2	2.2	467600.0
2022-06-01	2.2	2.18	2.2	2.18	1034800.0
2022-06-02	2.18	2.18	2.2	2.18	727000.0
2022-06-06	2.18	2.16	2.2	2.18	548200.0
2022-06-07	2.2	2.18	2.2	2.18	140200.0
2022-06-08	2.2	2.2	2.2	2.2	195200.0
2022-06-09	2.2	2.18	2.2	2.18	55000.0
2022-06-10	2.18	2.18	2.2	2.18	46800.0
2022-06-13	2.18	2.18	2.48	2.2	3642600.0
2022-06-14	2.22	2.18	2.22	2.22	1158900.0
2022-06-15	2.22	2.2	2.24	2.2	177800.0
2022-06-16	2.2	2.18	2.22	2.18	823800.0
2022-06-17	2.18	2.18	2.2	2.2	215600.0
2022-06-20	2.2	2.18	2.2	2.2	197800.0
2022-06-21	2.22	2.2	2.22	2.22	224700.0
2022-06-22	2.22	2.2	2.22	2.2	50800.0
2022-06-23	2.2	2.2	2.22	2.2	211300.0
2022-06-24	2.22	2.2	2.22	2.22	123800.0
2022-06-27	2.24	2.2	2.24	2.2	571500.0
2022-06-28	2.2	2.18	2.2	2.2	237400.0
2022-06-29	2.2	2.18	2.2	2.18	164900.0
2022-06-30	2.18	2.16	2.18	2.16	117500.0
2022-07-01	2.14	2.14	2.16	2.16	2500.0
2022-07-04	2.16	2.16	2.2	2.18	558700.0
2022-07-05	2.2	2.16	2.2	2.16	595800.0
2022-07-06	2.16	2.16	2.18	2.16	110400.0
2022-07-07	2.18	2.18	2.2	2.2	13500.0
2022-07-08	2.18	2.16	2.18	2.18	121000.0
2022-07-11	2.18	2.16	2.18	2.18	31900.0
2022-07-12	2.18	2.18	2.18	2.18	21000.0
2022-07-14	2.18	2.16	2.18	2.16	450100.0
2022-07-15	2.16	2.1	2.16	2.12	1043000.0
2022-07-18	2.12	2.12	2.14	2.14	10400.0
2022-07-19	2.12	2.12	2.12	2.12	16200.0
2022-07-20	2.12	2.12	2.12	2.12	200.0
2022-07-22	2.14	2.14	2.14	2.14	57000.0
2022-07-26	2.12	2.12	2.12	2.12	180000.0
2022-07-27	2.14	2.14	2.14	2.14	30100.0
2022-08-01	2.14	2.12	2.16	2.14	887100.0
2022-08-02	2.14	2.14	2.14	2.14	333000.0
2022-08-03	2.14	2.14	2.14	2.14	636700.0
2022-08-04	2.12	2.12	2.16	2.12	13200.0
2022-08-05	2.12	2.12	2.12	2.12	76800.0
2022-08-08	2.1	2.1	2.1	2.1	196400.0
2022-08-09	2.1	2.1	2.18	2.12	730100.0
2022-08-10	2.12	2.08	2.12	2.08	242100.0
2022-08-11	2.08	2.04	2.1	2.08	597900.0
2022-08-15	2.08	2.08	2.1	2.1	641400.0
2022-08-16	2.08	2.08	2.1	2.1	51100.0
2022-08-17	2.08	2.08	2.1	2.1	77700.0
2022-08-18	2.1	2.1	2.1	2.1	158200.0
2022-08-19	2.12	2.08	2.12	2.1	2475900.0
2022-08-22	2.08	2.06	2.08	2.06	1965800.0
2022-08-23	2.06	2.04	2.06	2.04	1031800.0
2022-08-24	2.04	2.04	2.06	2.06	1043000.0
2022-08-25	2.06	2.06	2.06	2.06	14000.0
2022-08-26	2.06	2.06	2.06	2.06	151600.0
2022-08-29	2.06	2.06	2.08	2.08	1100.0
2022-08-30	2.08	2.06	2.08	2.06	4000.0
2022-08-31	2.04	2.04	2.06	2.06	27000.0
2022-09-02	2.06	2.06	2.06	2.06	10000.0
2022-09-05	2.06	2.06	2.06	2.06	100.0
2022-09-06	2.08	2.04	2.08	2.04	2500.0
2022-09-07	2.06	2.06	2.08	2.08	52000.0
2022-09-08	2.06	2.02	2.08	2.02	228700.0
2022-09-09	2.04	2.04	2.06	2.06	286300.0
2022-09-12	2.06	2.06	2.06	2.06	65200.0
2022-09-13	2.06	2.06	2.1	2.06	207300.0
2022-09-14	2.06	2.06	2.08	2.08	6500.0
2022-09-15	2.08	2.06	2.08	2.06	11300.0
2022-09-16	2.06	2.06	2.06	2.06	10000.0
2022-09-19	2.06	2.06	2.06	2.06	21600.0
2022-09-20	2.06	2.06	2.06	2.06	157500.0
2022-09-21	2.06	2.06	2.06	2.06	2100.0
2022-09-22	2.08	2.06	2.1	2.06	311500.0
2022-09-23	2.04	2.02	2.06	2.02	455700.0
2022-09-26	2.02	2.0	2.04	2.02	49300.0
2022-09-27	2.02	1.99	2.02	2.02	23000.0
2022-09-28	2.0	1.97	2.0	1.97	146900.0
2022-09-29	1.95	1.95	1.97	1.95	29200.0
2022-09-30	1.91	1.91	2.02	2.02	559200.0
2022-10-03	2.0	1.98	2.0	1.98	8700.0
2022-10-04	1.96	1.96	1.98	1.98	3600.0
2022-10-05	1.98	1.98	1.98	1.98	200.0
2022-10-06	1.96	1.96	1.97	1.97	108500.0
2022-10-10	1.97	1.97	1.97	1.97	100.0
2022-10-11	1.97	1.96	1.97	1.97	18500.0
2022-10-17	1.96	1.96	1.96	1.96	2100.0
2022-10-18	1.97	1.96	1.97	1.96	286400.0
2022-10-19	1.96	1.96	1.96	1.96	69100.0
2022-10-20	1.96	1.96	1.96	1.96	26300.0
2022-10-21	1.95	1.95	1.98	1.98	351900.0
2022-10-25	1.95	1.95	1.95	1.95	200.0
2022-10-26	1.95	1.94	1.95	1.94	5000.0
2022-10-27	1.95	1.95	1.97	1.95	1500.0
2022-10-28	1.95	1.95	1.95	1.95	5100.0
2022-11-01	1.95	1.94	2.06	2.06	131900.0
2022-11-02	2.06	1.96	2.06	1.96	36200.0
2022-11-03	2.0	2.0	2.0	2.0	100.0
2022-11-04	2.02	1.94	2.02	2.0	744000.0
2022-11-07	2.0	2.0	2.0	2.0	500000.0
2022-11-08	2.0	2.0	2.02	2.02	502000.0
2022-11-09	2.0	2.0	2.02	2.0	437600.0
2022-11-11	1.98	1.97	2.02	2.02	5000.0
2022-11-14	1.97	1.97	1.98	1.98	5200.0
2022-11-15	1.97	1.96	1.97	1.97	28900.0
2022-11-17	1.95	1.95	1.99	1.99	146000.0
2022-11-18	1.96	1.95	1.99	1.99	42800.0
2022-11-21	1.95	1.94	1.95	1.94	25000.0
2022-11-22	1.95	1.94	1.95	1.94	12100.0
2022-11-23	2.0	1.95	2.0	1.95	1200.0
2022-11-24	1.92	1.92	2.06	2.04	504100.0
2022-11-25	2.04	1.99	2.06	2.04	831000.0
2022-11-28	2.04	2.0	2.04	2.0	1001600.0
2022-11-29	2.02	2.0	2.02	2.0	13100.0
2022-11-30	2.04	2.0	2.18	2.0	627900.0
2022-12-01	2.02	1.97	2.02	1.98	570000.0
2022-12-02	1.96	1.96	2.02	2.02	408800.0
2022-12-06	1.98	1.97	1.98	1.97	23800.0
2022-12-07	1.96	1.95	1.96	1.95	28800.0
2022-12-08	1.93	1.93	1.95	1.95	1000.0
2022-12-09	1.97	1.95	1.97	1.97	13300.0
2022-12-13	1.99	1.95	1.99	1.95	6200.0
2022-12-14	1.96	1.92	1.96	1.92	84200.0
2022-12-15	1.92	1.92	1.92	1.92	20000.0
2022-12-16	1.95	1.95	2.0	2.0	2600.0
2022-12-19	1.99	1.92	1.99	1.92	17300.0
2022-12-20	1.89	1.88	1.93	1.91	162500.0
2022-12-21	1.9	1.9	1.91	1.9	66500.0
2022-12-22	1.88	1.88	1.9	1.9	2600.0
2022-12-23	1.88	1.87	1.9	1.87	73000.0
2022-12-26	1.86	1.86	1.95	1.88	4200.0
2022-12-27	2.0	2.0	2.0	2.0	20200.0
2022-12-28	1.95	1.95	2.0	2.0	43900.0
2022-12-29	1.96	1.96	2.0	2.0	500100.0
2022-12-30	1.99	1.99	2.1	2.1	598700.0
