Date	Price Open	Price Low	Price High	Price Close	Volume
2013-02-07	5.85	5.65	6.0	6.0	191002400
2013-02-08	6.5	6.35	7.7	7.05	449708100
2013-02-11	7.1	5.6	7.15	5.6	105144600
2013-02-12	5.6	5.6	6.4	5.8	51655400
2013-02-13	5.95	5.3	6.0	5.35	24566800
2013-02-14	5.45	5.05	5.7	5.05	23020200
2013-02-15	5.05	4.64	5.1	4.64	17967300
2013-02-18	4.32	3.94	4.34	4.04	9385200
2013-02-19	3.94	3.78	3.96	3.94	7962800
2013-02-20	3.92	3.92	4.12	4.04	6371600
2013-02-21	4.0	3.88	4.02	3.92	3943500
2013-02-22	3.94	3.9	3.96	3.94	1213500
2013-02-26	3.94	3.94	4.06	4.02	3760500
2013-02-27	4.04	4.02	4.14	4.1	3376400
2013-02-28	4.12	4.06	4.18	4.1	2398200
2013-03-01	4.12	4.08	4.26	4.22	3562000
2013-03-04	4.26	4.24	4.42	4.4	4837800
2013-03-05	4.42	4.3	4.42	4.38	1632100
2013-03-06	4.4	4.3	4.4	4.3	1616500
2013-03-07	4.34	4.22	4.36	4.22	2154900
2013-03-08	4.22	4.18	4.32	4.26	1566500
2013-03-11	4.28	3.94	4.28	3.96	20444800
2013-03-12	3.98	3.88	4.02	3.9	14180800
2013-03-13	3.92	3.84	4.0	3.88	14011600
2013-03-14	3.92	3.9	4.12	3.98	23666200
2013-03-15	3.98	3.9	4.02	3.92	5037300
2013-03-18	3.92	3.92	4.32	4.12	35026100
2013-03-19	4.2	3.98	4.24	4.06	14217900
2013-03-20	4.1	3.96	4.1	3.96	6751000
2013-03-21	4.04	3.88	4.04	3.88	5355800
2013-03-22	3.9	3.62	3.94	3.62	5778500
2013-03-25	3.64	3.64	3.8	3.8	1905100
2013-03-26	3.82	3.74	3.88	3.8	3081800
2013-03-27	3.86	3.86	4.1	3.98	8132100
2013-03-28	4.02	3.9	4.04	3.92	3757700
2013-03-29	3.94	3.94	4.04	3.94	3674100
2013-04-01	3.98	3.94	4.04	3.94	3084400
2013-04-02	3.98	3.92	3.98	3.96	2325900
2013-04-03	3.98	3.86	4.0	3.86	3225600
2013-04-04	3.8	3.74	3.84	3.82	2541300
2013-04-05	3.84	3.76	3.9	3.76	2322400
2013-04-09	3.76	3.76	3.8	3.76	310500
2013-04-10	3.74	3.74	3.8	3.78	652200
2013-04-11	3.84	3.8	3.88	3.8	1123700
2013-04-12	3.8	3.8	3.84	3.82	425300
2013-04-17	3.82	3.76	3.82	3.78	599500
2013-04-18	3.78	3.74	3.88	3.82	2148800
2013-04-19	3.82	3.82	3.9	3.84	2273100
2013-04-22	3.9	3.82	3.9	3.82	868800
2013-04-23	3.82	3.78	3.84	3.78	417600
2013-04-24	3.8	3.76	3.82	3.76	649200
2013-04-25	3.76	3.76	3.8	3.8	680500
2013-04-26	3.8	3.76	3.82	3.78	897900
2013-04-29	3.82	3.76	3.82	3.76	1050000
2013-04-30	3.78	3.76	3.8	3.76	693100
2013-05-02	3.78	3.76	3.86	3.76	2160900
2013-05-03	3.76	3.72	3.78	3.72	736100
2013-05-07	3.72	3.72	3.76	3.72	300000
2013-05-08	3.7	3.68	3.72	3.7	1227900
2013-05-09	3.74	3.7	3.76	3.7	545300
2013-05-10	3.72	3.7	3.74	3.7	534600
2013-05-13	3.7	3.7	3.78	3.7	722700
2013-05-14	3.74	3.66	3.74	3.68	1254700
2013-05-15	3.7	3.66	3.7	3.66	396200
2013-05-16	3.66	3.62	3.68	3.62	945800
2013-05-17	3.62	3.6	3.72	3.62	733900
2013-05-20	3.66	3.62	3.8	3.68	3599500
2013-05-21	3.68	3.64	3.72	3.64	481400
2013-05-22	3.68	3.62	3.68	3.62	453800
2013-05-23	3.62	3.56	3.66	3.58	1257800
2013-05-27	3.56	3.52	3.58	3.52	1245200
2013-05-28	3.5	3.34	3.54	3.4	2827500
2013-05-29	3.4	3.26	3.4	3.26	2563500
2013-05-30	3.26	3.0	3.26	3.06	4249300
2013-05-31	3.04	2.92	3.08	2.96	1680300
2013-06-03	2.92	2.88	2.98	2.88	185500
2013-06-04	2.84	2.74	2.88	2.76	746100
2013-06-05	2.76	2.7	2.8	2.72	852000
2013-06-06	2.7	2.66	2.74	2.66	811800
2013-06-07	2.62	2.58	2.68	2.68	775800
2013-06-10	2.64	2.64	2.76	2.72	872600
2013-06-11	2.7	2.54	2.74	2.54	1012100
2013-06-12	2.52	2.44	2.54	2.44	518700
2013-06-13	2.38	2.16	2.38	2.24	755300
2013-06-14	2.28	2.26	2.36	2.34	571500
2013-06-17	2.38	2.32	2.5	2.42	409800
2013-06-18	2.58	2.36	2.58	2.36	819000
2013-06-19	2.48	2.38	2.48	2.42	97300
2013-06-20	2.3	2.3	2.4	2.36	136600
2013-06-21	2.26	2.22	2.32	2.26	381000
2013-06-24	2.3	2.2	2.32	2.2	227500
2013-06-25	2.24	2.18	2.26	2.24	257900
2013-06-26	2.24	2.24	2.3	2.26	157200
2013-06-27	2.3	2.26	2.34	2.26	795300
2013-06-28	2.28	2.26	2.32	2.28	232200
2013-07-02	2.28	2.28	2.38	2.32	1108600
2013-07-03	2.3	2.24	2.32	2.24	486400
2013-07-04	2.3	2.22	2.3	2.26	67700
2013-07-05	2.24	2.22	2.3	2.24	588200
2013-07-08	2.2	2.2	2.28	2.2	361200
2013-07-09	2.18	2.18	2.26	2.2	208500
2013-07-10	2.22	2.08	2.22	2.08	518100
2013-07-11	2.12	2.08	2.12	2.1	412100
2013-07-12	2.14	2.1	2.2	2.18	1379100
2013-07-15	2.2	2.18	2.24	2.2	1311300
2013-07-16	2.22	2.18	2.24	2.2	182800
2013-07-17	2.24	2.22	2.26	2.24	1027400
2013-07-18	2.24	2.24	2.3	2.3	514100
2013-07-19	2.3	2.24	2.32	2.26	109200
2013-07-23	2.28	2.26	2.32	2.3	823600
2013-07-24	2.32	2.28	2.32	2.28	337700
2013-07-25	2.28	2.18	2.28	2.18	725200
2013-07-26	2.2	2.18	2.24	2.2	211500
2013-07-29	2.28	2.18	2.28	2.22	139600
2013-07-30	2.22	2.18	2.22	2.2	234700
2013-07-31	2.2	2.16	2.24	2.16	414600
2013-08-01	2.18	2.16	2.22	2.2	72200
2013-08-02	2.22	2.14	2.22	2.16	297000
2013-08-05	2.18	2.12	2.18	2.16	240200
2013-08-06	2.16	2.16	2.26	2.18	861700
2013-08-07	2.18	2.14	2.2	2.16	395500
2013-08-08	2.18	2.16	2.32	2.16	3215400
2013-08-09	2.2	2.16	2.22	2.2	489600
2013-08-13	2.24	2.22	2.28	2.22	635400
2013-08-14	2.24	2.2	2.26	2.22	241200
2013-08-15	2.16	2.16	2.2	2.18	529200
2013-08-16	2.16	2.0	2.22	2.06	7248400
2013-08-19	2.14	2.02	2.14	2.04	5299200
2013-08-20	2.04	1.98	2.08	2.0	569600
2013-08-21	2.0	1.99	2.02	2.0	187200
2013-08-22	2.0	1.94	2.0	1.94	1437100
2013-08-23	1.97	1.91	1.98	1.92	2632600
2013-08-26	1.95	1.92	1.97	1.93	49000
2013-08-27	1.93	1.79	1.93	1.8	499700
2013-08-28	1.79	1.51	1.79	1.54	1764700
2013-08-29	1.59	1.54	1.59	1.55	286300
2013-08-30	1.58	1.55	1.58	1.56	162200
2013-09-02	1.59	1.59	1.63	1.59	554300
2013-09-03	1.62	1.62	1.7	1.65	594600
2013-09-04	1.66	1.62	1.7	1.64	72300
2013-09-05	1.69	1.64	1.69	1.64	128500
2013-09-06	1.67	1.64	1.68	1.67	177100
2013-09-09	1.68	1.68	1.75	1.72	734700
2013-09-10	1.75	1.72	1.78	1.74	585000
2013-09-11	1.75	1.72	1.76	1.75	146200
2013-09-12	1.75	1.75	1.78	1.77	343900
2013-09-13	1.77	1.77	1.83	1.8	264700
2013-09-16	1.85	1.8	1.85	1.84	633500
2013-09-17	1.84	1.82	1.85	1.82	401100
2013-09-18	1.84	1.82	1.93	1.93	555000
2013-09-19	1.95	1.93	2.06	2.02	1545400
2013-09-20	2.04	2.02	2.12	2.08	2004900
2013-09-23	2.08	2.02	2.18	2.02	1443700
2013-09-24	2.02	1.99	2.06	2.02	504300
2013-09-25	2.04	2.0	2.08	2.08	161600
2013-09-26	2.1	2.06	2.1	2.06	47500
2013-09-27	2.04	1.99	2.12	2.0	1659300
2013-09-30	2.0	1.98	2.08	2.0	1104600
2013-10-01	2.0	2.0	2.04	2.02	162300
2013-10-02	2.02	2.0	2.02	2.0	207800
2013-10-03	1.99	1.99	2.04	2.02	280300
2013-10-04	2.04	2.02	2.06	2.02	537000
2013-10-07	2.06	2.02	2.06	2.04	691800
2013-10-08	2.02	2.02	2.06	2.02	514400
2013-10-09	2.06	2.06	2.34	2.26	22622400
2013-10-10	2.32	2.26	2.7	2.44	86068100
2013-10-11	2.38	2.3	2.4	2.34	14835200
2013-10-14	2.38	2.3	2.46	2.3	18782000
2013-10-15	2.32	2.2	2.32	2.24	6304400
2013-10-16	2.26	2.2	2.26	2.2	3593100
2013-10-17	2.22	2.2	2.3	2.28	4117400
2013-10-18	2.34	2.3	2.4	2.32	9591700
2013-10-21	2.36	2.16	2.36	2.16	4561300
2013-10-22	2.2	2.06	2.2	2.12	2484100
2013-10-24	2.1	2.08	2.2	2.16	3062300
2013-10-25	2.18	2.18	2.24	2.2	2651900
2013-10-28	2.22	2.14	2.24	2.14	1591400
2013-10-29	2.16	2.14	2.18	2.14	696000
2013-10-30	2.14	2.04	2.18	2.04	1210500
2013-10-31	2.0	2.0	2.04	2.02	1081000
2013-11-01	2.0	1.98	2.04	2.0	655400
2013-11-04	2.02	1.94	2.02	1.96	1273600
2013-11-05	1.95	1.95	1.98	1.98	699800
2013-11-06	1.98	1.97	2.04	2.02	985000
2013-11-07	2.02	2.02	2.1	2.04	1651400
2013-11-08	2.02	1.99	2.04	2.0	321500
2013-11-11	1.98	1.97	2.0	2.0	284800
2013-11-12	2.0	2.0	2.04	2.0	382600
2013-11-13	2.0	2.0	2.04	2.02	333600
2013-11-14	2.02	1.99	2.04	1.99	968400
2013-11-15	2.0	1.99	2.0	2.0	368200
2013-11-18	2.02	1.96	2.02	1.96	1353500
2013-11-19	1.99	1.95	1.99	1.96	614700
2013-11-20	1.98	1.96	1.99	1.97	192100
2013-11-21	1.97	1.89	1.97	1.89	1880200
2013-11-22	1.88	1.84	1.9	1.85	639200
2013-11-25	1.83	1.79	1.83	1.79	443500
2013-11-26	1.79	1.79	1.83	1.82	130600
2013-11-27	1.82	1.8	1.83	1.83	324900
2013-11-28	1.83	1.81	1.85	1.81	78700
2013-11-29	1.83	1.8	1.84	1.84	92400
2013-12-02	1.83	1.8	1.83	1.8	147900
2013-12-03	1.82	1.81	1.84	1.83	188900
2013-12-04	1.85	1.82	1.85	1.83	138800
2013-12-06	1.83	1.79	1.83	1.79	342000
2013-12-09	1.79	1.79	1.81	1.79	326200
2013-12-11	1.8	1.79	1.81	1.8	123500
2013-12-12	1.8	1.78	1.82	1.8	201500
2013-12-13	1.78	1.78	1.81	1.79	191900
2013-12-16	1.8	1.73	1.8	1.78	268100
2013-12-17	1.79	1.73	1.8	1.73	256900
2013-12-18	1.73	1.73	1.78	1.77	81200
2013-12-19	1.78	1.74	1.78	1.74	116400
2013-12-20	1.74	1.74	1.77	1.74	60000
2013-12-23	1.73	1.73	1.77	1.75	322700
2013-12-24	1.75	1.74	1.77	1.75	63700
2013-12-25	1.75	1.74	1.76	1.74	71800
2013-12-26	1.77	1.73	1.77	1.75	354300
2013-12-27	1.75	1.73	1.75	1.73	273300
2014-01-02	1.76	1.68	1.76	1.68	577200
2014-01-03	1.68	1.64	1.7	1.64	110100
2014-01-06	1.64	1.6	1.64	1.63	116300
2014-01-07	1.64	1.61	1.64	1.64	87600
2014-01-08	1.65	1.6	1.65	1.6	76900
2014-01-09	1.62	1.6	1.63	1.63	65900
2014-01-10	1.65	1.6	1.65	1.61	157900
2014-01-13	1.6	1.56	1.64	1.61	106500
2014-01-14	1.69	1.57	1.69	1.65	191900
2014-01-15	1.65	1.62	1.68	1.62	199400
2014-01-16	1.64	1.64	1.71	1.68	538400
2014-01-17	1.67	1.65	1.72	1.67	273800
2014-01-20	1.67	1.63	1.68	1.64	276600
2014-01-21	1.65	1.63	1.65	1.63	104300
2014-01-22	1.64	1.61	1.65	1.63	240100
2014-01-23	1.63	1.62	1.64	1.63	94800
2014-01-24	1.65	1.62	1.65	1.62	294500
2014-01-27	1.63	1.61	1.63	1.61	157300
2014-01-28	1.6	1.59	1.63	1.62	260800
2014-01-29	1.63	1.6	1.63	1.61	118900
2014-01-30	1.6	1.58	1.61	1.59	249900
2014-01-31	1.6	1.6	1.61	1.6	26100
2014-02-03	1.61	1.59	1.62	1.6	157900
2014-02-04	1.61	1.6	1.62	1.61	61400
2014-02-05	1.62	1.6	1.62	1.61	60100
2014-02-06	1.62	1.62	1.69	1.64	321000
2014-02-07	1.64	1.64	1.78	1.71	2986600
2014-02-10	1.76	1.72	1.76	1.72	3753200
2014-02-11	1.74	1.68	1.74	1.69	2864700
2014-02-12	1.7	1.65	1.71	1.68	1002900
2014-02-13	1.68	1.68	1.81	1.76	7348600
2014-02-17	1.81	1.75	1.87	1.75	9496000
2014-02-18	1.73	1.71	1.75	1.72	1454700
2014-02-19	1.73	1.71	1.74	1.71	1304100
2014-02-20	1.73	1.65	1.73	1.65	1776900
2014-02-21	1.65	1.62	1.67	1.63	1369900
2014-02-24	1.64	1.63	1.66	1.65	754500
2014-02-25	1.68	1.66	1.7	1.68	1024700
2014-02-26	1.69	1.69	1.76	1.69	3035300
2014-02-27	1.7	1.69	1.72	1.69	4801100
2014-02-28	1.69	1.68	1.71	1.68	2311800
2014-03-03	1.7	1.68	1.71	1.68	5339000
2014-03-04	1.67	1.67	1.72	1.72	1121900
2014-03-05	1.73	1.72	1.78	1.75	4523800
2014-03-06	1.75	1.75	1.82	1.79	3844200
2014-03-07	1.85	1.82	1.89	1.85	6013800
2014-03-10	1.84	1.82	1.85	1.84	2293800
2014-03-11	1.86	1.84	1.87	1.85	1273700
2014-03-12	1.85	1.84	1.88	1.87	1026700
2014-03-13	1.87	1.87	1.94	1.94	2062400
2014-03-14	1.94	1.9	1.95	1.92	2129800
2014-03-17	1.93	1.92	1.95	1.93	1380600
2014-03-18	1.96	1.94	2.08	2.06	6445000
2014-03-19	2.04	2.0	2.1	2.0	6902000
2014-03-20	2.0	2.0	2.06	2.04	2810300
2014-03-21	2.06	2.06	2.08	2.06	2123100
2014-03-24	2.1	2.02	2.24	2.16	12210800
2014-03-25	2.22	2.1	2.26	2.18	7032000
2014-03-26	2.18	2.18	2.26	2.18	2571800
2014-03-27	2.2	2.06	2.22	2.14	2845300
2014-03-28	2.16	2.12	2.16	2.12	847200
2014-03-31	2.1	2.06	2.16	2.1	2757500
2014-04-01	2.1	2.1	2.16	2.16	916300
2014-04-02	2.16	2.12	2.16	2.16	603700
2014-04-03	2.14	2.12	2.16	2.12	339200
2014-04-04	2.1	2.1	2.14	2.12	1037400
2014-04-08	2.14	2.12	2.16	2.14	721500
2014-04-09	2.14	2.08	2.16	2.08	685600
2014-04-10	2.12	2.08	2.12	2.1	596200
2014-04-11	2.12	2.08	2.12	2.08	401700
2014-04-16	2.12	2.1	2.12	2.1	481800
2014-04-17	2.1	2.1	2.16	2.1	499800
2014-04-18	2.12	2.12	2.14	2.12	936500
2014-04-21	2.12	2.12	2.2	2.2	2576500
2014-04-22	2.26	2.24	2.3	2.26	5162400
2014-04-23	2.28	2.18	2.28	2.26	2868200
2014-04-24	2.24	2.2	2.24	2.22	1678200
2014-04-25	2.24	2.2	2.26	2.22	1874700
2014-04-28	2.22	2.22	2.26	2.24	1259500
2014-04-29	2.26	2.26	2.4	2.3	7296500
2014-04-30	2.3	2.3	2.38	2.32	7184500
2014-05-02	2.3	2.28	2.44	2.44	8268300
2014-05-06	2.56	2.44	2.58	2.44	12801300
2014-05-07	2.38	2.36	2.42	2.42	2683400
2014-05-08	2.42	2.3	2.42	2.3	1765000
2014-05-09	2.26	2.18	2.32	2.18	2527400
2014-05-12	2.14	1.98	2.14	2.08	8511500
2014-05-14	2.06	2.02	2.1	2.06	1548900
2014-05-15	2.08	2.0	2.08	2.0	1521500
2014-05-16	2.0	2.0	2.08	2.02	861000
2014-05-19	2.04	2.02	2.3	2.3	15358900
2014-05-20	2.2	2.14	2.24	2.18	7156900
2014-05-21	2.18	2.18	2.36	2.34	11828200
2014-05-22	2.34	2.26	2.36	2.28	4353600
2014-05-23	2.16	2.16	2.28	2.28	1768500
2014-05-26	2.3	2.22	2.3	2.28	1002100
2014-05-27	2.28	2.26	2.32	2.28	7385100
2014-05-28	2.32	2.3	2.36	2.3	2640800
2014-05-29	2.32	2.26	2.32	2.28	778000
2014-05-30	2.3	2.24	2.3	2.28	832500
2014-06-02	2.28	2.28	2.34	2.34	1376000
2014-06-03	2.4	2.32	2.4	2.32	1182500
2014-06-04	2.34	2.3	2.34	2.3	923200
2014-06-05	2.32	2.28	2.34	2.28	1133900
2014-06-06	2.32	2.28	2.36	2.34	2840700
2014-06-09	2.36	2.36	2.48	2.48	7925900
2014-06-10	2.48	2.44	2.54	2.5	4580300
2014-06-11	2.52	2.46	2.54	2.5	3096600
2014-06-12	2.5	2.46	2.52	2.46	1819500
2014-06-13	2.5	2.42	2.5	2.44	1352400
2014-06-16	2.44	2.44	2.48	2.44	799000
2014-06-17	2.44	2.36	2.44	2.38	4183300
2014-06-18	2.4	2.32	2.42	2.32	3403700
2014-06-19	2.28	2.28	2.34	2.32	1180900
2014-06-20	2.32	2.26	2.34	2.26	1423000
2014-06-23	2.28	2.28	2.32	2.3	1163400
2014-06-24	2.28	2.28	2.32	2.32	1070300
2014-06-25	2.34	2.32	2.42	2.32	1497200
2014-06-26	2.38	2.34	2.38	2.34	746400
2014-06-27	2.38	2.36	2.38	2.36	388400
2014-06-30	2.36	2.3	2.36	2.32	822700
2014-07-02	2.3	2.3	2.36	2.34	1386500
2014-07-03	2.36	2.32	2.36	2.32	748600
2014-07-04	2.34	2.3	2.44	2.38	8488500
2014-07-07	2.4	2.38	2.48	2.46	10460300
2014-07-08	2.5	2.46	2.8	2.74	48355600
2014-07-09	2.7	2.62	2.76	2.66	10336000
2014-07-10	2.68	2.56	2.8	2.56	20738800
2014-07-14	2.56	2.46	2.6	2.5	6126300
2014-07-15	2.52	2.48	2.56	2.52	5585000
2014-07-16	2.6	2.58	2.74	2.64	16600900
2014-07-17	2.7	2.64	2.72	2.72	5710200
2014-07-18	2.72	2.62	2.72	2.64	2810700
2014-07-21	2.6	2.6	2.82	2.8	10082700
2014-07-22	2.78	2.64	2.8	2.64	7873400
2014-07-23	2.68	2.68	2.74	2.72	1291300
2014-07-24	2.76	2.76	2.94	2.94	18016400
2014-07-25	2.96	2.84	2.98	2.84	9613800
2014-07-28	2.84	2.84	2.92	2.92	4338700
2014-07-29	2.98	2.78	3.02	2.8	12108500
2014-07-30	2.78	2.62	2.8	2.7	7790800
2014-07-31	2.66	2.62	2.72	2.62	2332200
2014-08-01	2.58	2.56	2.7	2.7	2729200
2014-08-04	2.68	2.68	2.74	2.74	2853900
2014-08-05	2.74	2.7	2.78	2.74	2061500
2014-08-06	2.74	2.7	2.74	2.7	1581900
2014-08-07	2.7	2.66	2.72	2.72	814000
2014-08-08	2.7	2.64	2.7	2.66	1598800
2014-08-13	2.72	2.72	3.06	3.06	22161400
2014-08-14	3.06	2.92	3.1	3.0	16955900
2014-08-15	3.06	3.02	3.16	3.08	20116000
2014-08-18	3.08	3.06	3.16	3.12	6140200
2014-08-19	3.1	3.1	3.46	3.3	26259900
2014-08-20	3.34	3.24	3.48	3.4	12493700
2014-08-21	3.38	3.38	3.5	3.42	3978700
2014-08-22	3.44	3.4	3.48	3.44	2932500
2014-08-25	3.48	3.48	3.68	3.6	11269400
2014-08-26	3.58	3.48	3.6	3.54	5895600
2014-08-27	3.58	3.52	3.66	3.64	7572000
2014-08-28	3.68	3.6	3.88	3.74	19193000
2014-08-29	3.74	3.72	3.88	3.86	8703900
2014-09-01	3.94	3.88	4.0	3.9	7475100
2014-09-02	3.9	3.88	4.02	3.98	7076100
2014-09-03	4.06	4.02	4.24	4.1	21446500
2014-09-04	4.16	3.98	4.16	4.02	7302400
2014-09-05	4.06	3.82	4.08	3.88	10695800
2014-09-08	3.96	3.84	3.96	3.86	2639100
2014-09-09	3.8	3.6	3.88	3.62	10457300
2014-09-10	3.58	3.36	3.62	3.62	14262100
2014-09-11	3.62	3.62	3.76	3.64	7945700
2014-09-12	3.62	3.5	3.66	3.6	4607300
2014-09-15	3.58	3.58	3.7	3.64	2565500
2014-09-16	3.64	3.64	3.86	3.8	14051000
2014-09-17	3.82	3.64	3.86	3.72	4293400
2014-09-18	3.7	3.7	3.78	3.76	1505600
2014-09-19	3.78	3.72	3.84	3.76	3055200
2014-09-22	3.76	3.64	3.76	3.68	1950800
2014-09-23	3.64	3.6	3.7	3.62	2553100
2014-09-24	3.6	3.6	3.7	3.64	1130900
2014-09-25	3.64	3.64	3.68	3.64	596800
2014-09-26	3.66	3.64	3.8	3.72	2339200
2014-09-29	3.78	3.6	3.78	3.66	2370000
2014-09-30	3.66	3.62	3.68	3.62	1486400
2014-10-01	3.64	3.6	3.68	3.6	794900
2014-10-03	3.48	3.46	3.5	3.48	1305000
2014-10-06	3.48	3.34	3.5	3.34	1529400
2014-10-07	3.2	3.2	3.42	3.28	1107800
2014-10-08	3.22	3.2	3.28	3.26	2104500
2014-10-09	3.28	3.2	3.36	3.2	1544100
2014-10-10	3.24	3.18	3.34	3.28	3065600
2014-10-13	3.26	3.26	3.34	3.3	604000
2014-10-14	3.32	3.32	3.42	3.34	1655900
2014-10-15	3.4	3.36	3.48	3.36	3359800
2014-10-16	3.36	3.24	3.36	3.3	1225300
2014-10-17	3.24	3.2	3.34	3.26	921300
2014-10-20	3.3	3.16	3.3	3.18	812500
2014-10-21	3.24	3.1	3.24	3.16	1463800
2014-10-22	3.18	3.16	3.34	3.34	2698300
2014-10-24	3.32	3.32	3.44	3.36	1535700
2014-10-27	3.36	3.32	3.42	3.38	1001300
2014-10-28	3.44	3.36	3.44	3.36	656400
2014-10-29	3.4	3.34	3.44	3.36	1153700
2014-10-30	3.36	3.36	3.56	3.52	6360800
2014-10-31	3.6	3.52	3.66	3.52	6499200
2014-11-03	3.58	3.42	3.58	3.42	1089600
2014-11-04	3.4	3.34	3.58	3.5	2719000
2014-11-05	3.56	3.36	3.56	3.4	1875400
2014-11-06	3.4	3.32	3.42	3.32	686600
2014-11-07	3.34	3.32	3.44	3.38	1381600
2014-11-10	3.42	3.3	3.42	3.36	883400
2014-11-11	3.34	3.34	3.48	3.44	1399000
2014-11-12	3.52	3.18	3.52	3.22	6452600
2014-11-13	3.2	3.12	3.22	3.2	1801600
2014-11-14	3.22	3.2	3.26	3.26	1200900
2014-11-17	3.26	3.22	3.36	3.22	2456600
2014-11-18	3.26	3.24	3.32	3.24	934300
2014-11-19	3.28	3.22	3.34	3.22	2860200
2014-11-20	3.26	3.18	3.26	3.2	787000
2014-11-21	3.24	3.18	3.24	3.2	701000
2014-11-24	3.18	3.1	3.2	3.14	895500
2014-11-25	3.14	3.1	3.18	3.12	1315100
2014-11-26	3.18	3.1	3.18	3.1	636200
2014-11-27	3.1	3.02	3.16	3.06	3125100
2014-11-28	3.06	3.04	3.14	3.12	806900
2014-12-01	3.12	3.12	3.28	3.14	3183700
2014-12-02	3.16	3.12	3.22	3.12	931600
2014-12-03	3.18	3.18	3.34	3.34	5478900
2014-12-04	3.42	3.32	3.54	3.46	15369900
2014-12-08	3.54	3.46	3.76	3.5	27218900
2014-12-09	3.52	3.5	3.84	3.8	57896400
2014-12-11	3.86	3.62	4.26	3.76	138236300
2014-12-12	3.86	3.54	3.88	3.54	20123300
2014-12-15	3.34	2.94	3.46	3.14	19699500
2014-12-16	3.02	3.0	3.28	3.18	6605300
2014-12-17	3.22	3.1	3.32	3.16	8502900
2014-12-18	3.24	3.18	3.26	3.26	3347200
2014-12-19	3.3	3.24	3.58	3.58	25430800
2014-12-22	3.72	3.6	3.8	3.64	29893600
2014-12-23	3.62	3.52	3.66	3.58	4790200
2014-12-24	3.64	3.44	3.64	3.44	2317100
2014-12-25	3.5	3.32	3.5	3.36	1841300
2014-12-26	3.36	3.36	3.54	3.48	3865400
2014-12-29	3.52	3.52	3.8	3.62	33960800
2014-12-30	3.64	3.5	3.68	3.52	6228400
2015-01-05	3.56	3.5	3.66	3.58	4491500
2015-01-06	3.58	3.54	3.96	3.96	69567900
2015-01-07	3.92	3.76	4.06	3.98	54265700
2015-01-08	4.1	4.0	4.84	4.32	279388600
2015-01-09	4.38	4.32	4.62	4.34	82477600
2015-01-12	4.38	4.36	4.76	4.62	118878500
2015-01-13	4.76	4.68	5.15	5.15	157021700
2015-01-14	5.25	4.6	5.5	4.6	100949800
2015-01-15	4.66	4.66	4.94	4.76	35158400
2015-01-16	4.74	4.7	5.1	5.1	76012400
2015-01-19	5.2	4.88	5.25	4.88	43551600
2015-01-20	4.98	4.94	5.1	4.98	24550500
2015-01-21	5.05	4.88	5.1	4.88	19365000
2015-01-22	4.92	4.84	5.05	4.94	24285700
2015-01-23	5.0	4.64	5.15	4.66	38170500
2015-01-26	4.7	4.48	4.74	4.5	10326500
2015-01-27	4.46	4.44	4.76	4.64	14955700
2015-01-28	4.7	4.5	4.72	4.66	6562700
2015-01-29	4.8	4.6	4.82	4.66	8680100
2015-01-30	4.68	4.6	4.72	4.64	3524300
2015-02-02	4.6	4.5	4.62	4.54	4505000
2015-02-03	4.54	4.54	4.78	4.62	6823300
2015-02-04	4.66	4.56	4.68	4.56	3073700
2015-02-05	4.58	4.56	4.62	4.58	1790000
2015-02-06	4.6	4.6	4.76	4.7	12705900
2015-02-09	4.72	4.68	4.96	4.72	22913300
2015-02-10	4.74	4.64	4.78	4.64	7887100
2015-02-11	4.68	4.6	4.7	4.62	4656000
2015-02-12	4.64	4.62	4.74	4.64	8182600
2015-02-13	4.62	4.6	4.66	4.62	4986200
2015-02-16	4.6	4.6	4.84	4.82	29014900
2015-02-17	4.82	4.68	4.98	4.68	41930400
2015-02-18	4.7	4.7	4.92	4.92	13090400
2015-02-19	5.05	4.8	5.05	4.8	30772800
2015-02-20	4.86	4.8	4.98	4.94	15663000
2015-02-23	5.05	4.8	5.05	4.8	16312000
2015-02-24	4.82	4.82	5.0	4.86	18285700
2015-02-25	4.86	4.62	4.88	4.62	17054800
2015-02-26	4.72	4.4	4.72	4.48	11355300
2015-02-27	4.42	4.42	4.48	4.44	5201600
2015-03-02	4.4	4.4	4.56	4.46	5134000
2015-03-03	4.5	4.24	4.52	4.24	5839900
2015-03-05	4.1	4.06	4.2	4.06	4394000
2015-03-06	4.1	4.1	4.24	4.24	1425200
2015-03-09	4.24	4.18	4.28	4.18	762000
2015-03-10	4.22	4.16	4.32	4.16	2002300
2015-03-11	4.22	4.08	4.22	4.16	1053600
2015-03-12	4.2	4.16	4.24	4.2	1310800
2015-03-13	4.24	4.24	4.52	4.5	13849100
2015-03-16	4.48	4.14	4.48	4.14	8274200
2015-03-17	4.22	4.04	4.24	4.1	2700800
2015-03-18	4.18	4.1	4.2	4.16	863900
2015-03-19	4.24	4.14	4.24	4.14	863100
2015-03-20	4.14	4.08	4.14	4.12	1200600
2015-03-23	4.14	3.8	4.16	3.8	1223500
2015-03-24	3.86	3.58	3.88	3.66	2226300
2015-03-25	3.62	3.62	3.68	3.64	443500
2015-03-26	3.62	3.54	3.7	3.56	747300
2015-03-27	3.54	3.52	3.58	3.56	501500
2015-03-30	3.52	3.52	3.56	3.54	125300
2015-03-31	3.54	3.54	3.6	3.56	556600
2015-04-01	3.56	3.56	3.74	3.7	1273900
2015-04-02	3.72	3.72	3.84	3.82	714400
2015-04-03	3.84	3.76	3.84	3.76	245600
2015-04-07	3.8	3.72	3.8	3.74	262900
2015-04-08	3.78	3.68	3.78	3.7	206900
2015-04-09	3.7	3.64	3.72	3.64	324600
2015-04-10	3.64	3.62	3.68	3.62	297700
2015-04-16	3.7	3.68	3.72	3.68	544800
2015-04-17	3.72	3.68	3.72	3.68	403900
2015-04-20	3.66	3.62	3.68	3.66	187500
2015-04-21	3.64	3.64	3.74	3.7	866900
2015-04-22	3.7	3.66	4.04	4.04	9274600
2015-04-23	4.08	3.84	4.14	3.88	7200300
2015-04-24	3.82	3.82	3.9	3.86	679200
2015-04-27	3.96	3.8	4.0	3.8	582700
2015-04-28	3.8	3.68	3.8	3.68	932300
2015-04-29	3.7	3.6	3.7	3.64	575400
2015-04-30	3.6	3.56	3.62	3.62	339700
2015-05-06	3.7	3.5	3.7	3.52	409700
2015-05-07	3.4	3.38	3.54	3.4	972600
2015-05-08	3.38	3.36	3.44	3.38	358200
2015-05-11	3.42	3.34	3.46	3.34	323500
2015-05-12	3.34	3.28	3.42	3.42	569400
2015-05-13	3.44	3.3	3.44	3.38	545400
2015-05-14	3.36	3.36	3.44	3.44	220200
2015-05-15	3.44	3.38	3.5	3.48	298600
2015-05-18	3.5	3.48	3.6	3.52	335600
2015-05-19	3.58	3.52	3.58	3.54	583600
2015-05-20	3.58	3.5	3.58	3.5	374600
2015-05-21	3.5	3.5	3.6	3.56	476800
2015-05-22	3.6	3.56	3.82	3.62	2169400
2015-05-25	3.62	3.54	3.64	3.54	710500
2015-05-26	3.52	3.46	3.52	3.46	200600
2015-05-27	3.42	3.4	3.46	3.46	251400
2015-05-28	3.46	3.4	3.52	3.44	333000
2015-05-29	3.5	3.42	3.5	3.44	69300
2015-06-02	3.48	3.48	3.76	3.52	9283400
2015-06-03	3.52	3.52	3.6	3.58	1383000
2015-06-04	3.62	3.6	3.74	3.74	2718300
2015-06-05	3.68	3.68	3.74	3.7	2433000
2015-06-08	3.72	3.7	3.8	3.8	1880900
2015-06-09	3.82	3.76	3.88	3.76	3474700
2015-06-10	3.82	3.76	3.84	3.76	652100
2015-06-11	3.8	3.76	3.84	3.78	1382500
2015-06-12	3.84	3.76	3.84	3.76	499100
2015-06-15	3.76	3.76	3.78	3.76	400000
2015-06-16	3.76	3.66	3.8	3.68	769700
2015-06-17	3.72	3.66	3.72	3.68	251200
2015-06-18	3.66	3.64	3.72	3.64	329600
2015-06-19	3.64	3.6	3.66	3.6	388600
2015-06-22	3.6	3.58	3.62	3.6	117900
2015-06-23	3.68	3.5	3.68	3.5	384300
2015-06-24	3.48	3.48	3.56	3.56	835000
2015-06-25	3.54	3.5	3.54	3.5	284200
2015-06-26	3.5	3.5	3.54	3.54	300300
2015-06-29	3.44	3.44	3.5	3.5	304000
2015-06-30	3.5	3.44	3.52	3.48	73900
2015-07-02	3.5	3.4	3.5	3.5	411300
2015-07-03	3.42	3.42	3.46	3.46	59500
2015-07-06	3.4	3.38	3.44	3.38	336300
2015-07-07	3.38	3.38	3.44	3.38	301800
2015-07-08	3.38	3.28	3.4	3.3	776700
2015-07-09	3.24	3.24	3.34	3.26	199000
2015-07-10	3.3	3.28	3.32	3.28	450100
2015-07-13	3.3	3.28	3.34	3.3	373800
2015-07-14	3.32	3.32	3.34	3.32	121400
2015-07-15	3.32	3.32	3.36	3.34	543600
2015-07-16	3.3	3.28	3.32	3.32	145400
2015-07-17	3.28	3.28	3.36	3.32	71600
2015-07-20	3.28	3.24	3.28	3.28	239700
2015-07-21	3.26	3.02	3.26	3.02	1159500
2015-07-22	3.06	2.98	3.06	2.98	309400
2015-07-23	2.98	2.9	3.08	2.96	821900
2015-07-24	2.92	2.92	3.02	2.96	229000
2015-07-27	2.92	2.74	2.92	2.76	625700
2015-07-28	2.74	2.54	2.76	2.68	753100
2015-07-29	2.6	2.5	2.66	2.54	895900
2015-07-31	2.56	2.56	2.64	2.58	276000
2015-08-03	2.6	2.6	2.66	2.64	170800
2015-08-04	2.68	2.6	2.68	2.62	76600
2015-08-05	2.58	2.58	2.7	2.64	145400
2015-08-06	2.66	2.6	2.68	2.66	373400
2015-08-07	2.66	2.66	2.78	2.78	714800
2015-08-10	2.78	2.5	2.78	2.52	1858300
2015-08-11	2.56	2.52	2.6	2.52	401800
2015-08-13	2.46	2.4	2.56	2.56	670600
2015-08-14	2.56	2.5	2.6	2.56	156900
2015-08-17	2.6	2.56	2.66	2.56	241600
2015-08-18	2.42	2.42	2.56	2.52	485300
2015-08-19	2.5	2.44	2.56	2.56	144400
2015-08-20	2.48	2.48	2.58	2.56	144100
2015-08-21	2.46	2.46	2.56	2.52	189800
2015-08-24	2.44	2.36	2.5	2.38	849700
2015-08-25	2.4	2.28	2.5	2.34	570000
2015-08-26	2.36	2.34	2.44	2.42	249000
2015-08-27	2.44	2.44	2.48	2.48	136400
2015-08-28	2.54	2.42	2.54	2.5	146700
2015-08-31	2.5	2.46	2.54	2.52	89800
2015-09-01	2.52	2.46	2.52	2.5	201000
2015-09-02	2.52	2.46	2.52	2.5	90600
2015-09-03	2.52	2.5	2.58	2.58	1107700
2015-09-04	2.6	2.56	2.66	2.58	614900
2015-09-07	2.58	2.52	2.6	2.52	227900
2015-09-08	2.52	2.48	2.54	2.54	236800
2015-09-09	2.56	2.52	2.56	2.56	281600
2015-09-10	2.54	2.54	2.58	2.56	163600
2015-09-11	2.56	2.56	2.66	2.56	832600
2015-09-14	2.6	2.5	2.6	2.58	213800
2015-09-15	2.56	2.5	2.58	2.58	269100
2015-09-16	2.58	2.5	2.58	2.58	108800
2015-09-17	2.58	2.54	2.6	2.58	234600
2015-09-18	2.6	2.6	2.76	2.64	1697900
2015-09-21	2.68	2.64	2.68	2.64	398900
2015-09-22	2.64	2.6	2.66	2.6	193700
2015-09-23	2.62	2.56	2.62	2.58	314400
2015-09-24	2.52	2.52	2.6	2.58	203800
2015-09-25	2.56	2.56	2.94	2.82	13123900
2015-09-28	2.82	2.66	2.82	2.66	2980000
2015-09-29	2.7	2.62	2.7	2.62	971700
2015-09-30	2.66	2.62	2.68	2.64	218200
2015-10-01	2.64	2.62	2.68	2.64	1471500
2015-10-02	2.66	2.6	2.68	2.6	534600
2015-10-05	2.68	2.64	2.74	2.64	3541300
2015-10-06	2.64	2.62	2.68	2.64	537200
2015-10-07	2.62	2.62	2.68	2.66	391200
2015-10-08	2.68	2.64	2.68	2.64	171400
2015-10-09	2.66	2.64	2.68	2.66	136000
2015-10-12	2.66	2.62	2.66	2.62	217600
2015-10-13	2.62	2.62	2.68	2.64	202500
2015-10-14	2.66	2.62	2.66	2.62	302500
2015-10-15	2.62	2.58	2.64	2.64	708700
2015-10-16	2.64	2.64	2.72	2.66	455900
2015-10-19	2.7	2.66	2.7	2.7	178300
2015-10-20	2.72	2.66	2.72	2.66	162500
2015-10-21	2.68	2.64	2.68	2.68	274100
2015-10-22	2.7	2.66	2.7	2.68	257200
2015-10-26	2.68	2.68	2.7	2.68	216000
2015-10-27	2.7	2.68	2.84	2.78	3312200
2015-10-28	2.76	2.76	2.88	2.84	1926700
2015-10-29	2.88	2.68	2.88	2.76	1266300
2015-10-30	2.7	2.7	2.78	2.76	185400
2015-11-02	2.76	2.76	2.86	2.82	407400
2015-11-03	2.82	2.82	2.9	2.84	960900
2015-11-04	2.84	2.82	2.9	2.86	1420100
2015-11-05	2.86	2.8	2.86	2.84	319400
2015-11-06	2.84	2.8	2.84	2.8	210400
2015-11-09	2.76	2.74	2.82	2.78	254500
2015-11-10	2.78	2.78	2.84	2.84	275600
2015-11-11	2.92	2.8	2.92	2.8	724300
2015-11-12	2.8	2.78	2.86	2.86	347100
2015-11-13	2.84	2.8	2.84	2.8	392500
2015-11-16	2.74	2.72	2.8	2.8	363100
2015-11-17	2.82	2.78	2.82	2.78	87100
2015-11-18	2.78	2.74	2.78	2.78	320600
2015-11-19	2.76	2.72	2.78	2.76	305800
2015-11-20	2.72	2.72	2.78	2.78	152900
2015-11-23	2.76	2.76	2.8	2.8	263200
2015-11-24	2.8	2.74	2.8	2.8	228500
2015-11-25	2.76	2.72	2.78	2.72	406400
2015-11-26	2.76	2.7	2.76	2.74	93900
2015-11-27	2.7	2.62	2.76	2.76	310300
2015-11-30	2.76	2.72	2.76	2.76	85200
2015-12-01	2.74	2.7	2.74	2.74	106600
2015-12-02	2.74	2.62	2.78	2.72	1221200
2015-12-03	2.7	2.6	2.72	2.72	706900
2015-12-04	2.62	2.6	2.7	2.68	301200
2015-12-08	2.66	2.56	2.66	2.6	323400
2015-12-09	2.56	2.32	2.62	2.56	2408600
2015-12-11	2.46	2.38	2.5	2.44	145700
2015-12-14	2.3	2.3	2.38	2.38	408200
2015-12-15	2.38	2.34	2.4	2.4	89900
2015-12-16	2.32	2.24	2.4	2.38	457500
2015-12-17	2.38	2.38	2.48	2.44	78100
2015-12-18	2.36	2.3	2.42	2.42	99900
2015-12-21	2.36	2.3	2.4	2.3	105000
2015-12-22	2.3	2.28	2.32	2.32	64500
2015-12-23	2.34	2.26	2.34	2.34	179900
2015-12-24	2.36	2.3	2.38	2.34	271200
2015-12-25	2.38	2.36	2.38	2.36	300
2015-12-28	2.3	2.3	2.4	2.36	149800
2015-12-29	2.36	2.3	2.38	2.36	66500
2015-12-30	2.36	2.34	2.38	2.36	58400
2016-01-04	2.32	2.3	2.36	2.36	148700
2016-01-05	2.34	2.3	2.36	2.36	144600
2016-01-06	2.34	2.3	2.36	2.36	140100
2016-01-07	2.32	2.28	2.34	2.34	423100
2016-01-08	2.36	2.3	2.36	2.36	294100
2016-01-11	2.38	2.34	2.38	2.38	86700
2016-01-12	2.36	2.34	2.38	2.38	120900
2016-01-13	2.38	2.36	2.58	2.52	2540100
2016-01-14	2.48	2.46	2.5	2.46	503400
2016-01-15	2.44	2.44	2.5	2.48	181400
2016-01-18	2.52	2.44	2.58	2.56	986500
2016-01-19	2.6	2.5	2.66	2.58	1158000
2016-01-20	2.56	2.5	2.56	2.54	112400
2016-01-21	2.62	2.5	2.62	2.58	302500
2016-01-22	2.6	2.56	2.62	2.58	885700
2016-01-25	2.6	2.54	2.6	2.54	293400
2016-01-26	2.52	2.48	2.54	2.5	133800
2016-01-27	2.5	2.46	2.52	2.5	115900
2016-01-28	2.54	2.46	2.54	2.5	187600
2016-01-29	2.48	2.48	2.5	2.5	91600
2016-02-01	2.5	2.48	2.52	2.5	131900
2016-02-02	2.5	2.42	2.5	2.42	237400
2016-02-03	2.4	2.4	2.46	2.46	36600
2016-02-04	2.46	2.42	2.48	2.48	15400
2016-02-05	2.44	2.42	2.46	2.44	103100
2016-02-08	2.4	2.4	2.5	2.48	195800
2016-02-09	2.48	2.48	2.62	2.6	2138400
2016-02-10	2.64	2.6	2.7	2.6	1163600
2016-02-11	2.64	2.54	2.64	2.54	299700
2016-02-12	2.58	2.5	2.6	2.52	144700
2016-02-15	2.6	2.58	2.62	2.58	586100
2016-02-16	2.6	2.52	2.62	2.52	483800
2016-02-17	2.52	2.5	2.56	2.56	293500
2016-02-18	2.56	2.56	2.62	2.58	497900
2016-02-19	2.58	2.56	2.6	2.58	298300
2016-02-23	2.6	2.56	2.62	2.56	194700
2016-02-24	2.6	2.58	2.6	2.6	85700
2016-02-25	2.62	2.58	2.64	2.58	106200
2016-02-26	2.6	2.56	2.6	2.58	80800
2016-02-29	2.6	2.52	2.62	2.58	46900
2016-03-01	2.52	2.5	2.56	2.54	105800
2016-03-02	2.56	2.52	2.6	2.52	142100
2016-03-03	2.54	2.48	2.56	2.52	254600
2016-03-04	2.54	2.5	2.56	2.52	192400
2016-03-07	2.54	2.48	2.54	2.48	633500
2016-03-08	2.5	2.38	2.5	2.38	512800
2016-03-09	2.34	2.34	2.48	2.48	353400
2016-03-10	2.46	2.4	2.48	2.46	411600
2016-03-11	2.44	2.42	2.5	2.5	459400
2016-03-14	2.5	2.42	2.5	2.48	338300
2016-03-15	2.46	2.44	2.48	2.48	157900
2016-03-16	2.48	2.4	2.48	2.44	423800
2016-03-17	2.44	2.38	2.46	2.4	608500
2016-03-18	2.42	2.36	2.42	2.4	625700
2016-03-21	2.4	2.38	2.44	2.42	434700
2016-03-22	2.42	2.36	2.42	2.36	1107900
2016-03-23	2.38	2.38	2.4	2.4	140600
2016-03-24	2.38	2.34	2.38	2.34	748200
2016-03-25	2.36	2.28	2.36	2.32	325000
2016-03-28	2.32	2.28	2.34	2.32	472300
2016-03-29	2.36	2.3	2.36	2.32	184100
2016-03-30	2.32	2.3	2.38	2.32	1244900
2016-03-31	2.32	2.3	2.34	2.32	936800
2016-04-01	2.32	2.28	2.36	2.3	1028400
2016-04-04	2.34	2.28	2.34	2.3	748700
2016-04-05	2.28	2.28	2.32	2.28	443600
2016-04-07	2.3	2.28	2.32	2.28	350100
2016-04-08	2.28	2.24	2.28	2.24	695600
2016-04-11	2.24	2.18	2.26	2.18	1608600
2016-04-12	2.2	2.16	2.24	2.18	1511900
2016-04-18	2.18	2.18	2.24	2.2	428900
2016-04-19	2.22	2.22	2.28	2.28	1672400
2016-04-20	2.3	2.24	2.3	2.24	581800
2016-04-21	2.24	2.24	2.28	2.26	269400
2016-04-22	2.26	2.2	2.26	2.24	318700
2016-04-25	2.24	2.2	2.28	2.2	843000
2016-04-26	2.24	2.2	2.24	2.2	376200
2016-04-27	2.22	2.18	2.24	2.2	862900
2016-04-28	2.22	2.16	2.24	2.16	1470500
2016-04-29	2.18	2.16	2.26	2.2	2769600
2016-05-03	2.22	2.18	2.22	2.18	652800
2016-05-04	2.18	2.18	2.2	2.2	442800
2016-05-06	2.18	2.18	2.2	2.2	442800
2016-05-09	2.14	2.12	2.18	2.16	591400
2016-05-10	2.18	2.14	2.2	2.16	709800
2016-05-11	2.16	2.12	2.16	2.12	982100
2016-05-12	2.12	2.08	2.14	2.1	661600
2016-05-13	2.12	2.1	2.12	2.1	216200
2016-05-16	2.1	2.08	2.16	2.08	507700
2016-05-17	2.1	2.08	2.16	2.12	963400
2016-05-18	2.12	2.1	2.16	2.1	561300
2016-05-19	2.14	2.14	2.18	2.16	1212900
2016-05-23	2.18	2.12	2.2	2.12	420600
2016-05-24	2.14	2.12	2.44	2.24	17430500
2016-05-25	2.24	2.2	2.26	2.2	2769600
2016-05-26	2.22	2.22	2.34	2.3	4054100
2016-05-27	2.34	2.26	2.34	2.32	3837700
2016-05-30	2.34	2.26	2.34	2.3	1690000
2016-05-31	2.34	2.26	2.34	2.26	747200
2016-06-01	2.26	2.2	2.3	2.22	2434700
2016-06-02	2.22	2.2	2.24	2.22	848300
2016-06-03	2.22	2.22	2.24	2.22	573200
2016-06-06	2.24	2.22	2.28	2.26	990200
2016-06-07	2.28	2.28	2.32	2.28	2344000
2016-06-08	2.28	2.26	2.28	2.28	244500
2016-06-09	2.28	2.24	2.28	2.24	575300
2016-06-10	2.22	2.22	2.24	2.22	185400
2016-06-13	2.24	2.2	2.24	2.22	472400
2016-06-14	2.22	2.2	2.22	2.2	579300
2016-06-15	2.2	2.18	2.22	2.2	384300
2016-06-16	2.22	2.18	2.24	2.2	763700
2016-06-17	2.18	2.16	2.2	2.18	1050700
2016-06-20	2.16	2.16	2.24	2.22	848000
2016-06-21	2.22	2.18	2.24	2.22	577700
2016-06-22	2.2	2.2	2.26	2.24	1079600
2016-06-23	2.26	2.24	2.28	2.24	496700
2016-06-24	2.26	2.18	2.26	2.18	941800
2016-06-27	2.16	2.16	2.22	2.22	245800
2016-06-28	2.22	2.2	2.24	2.2	208200
2016-06-29	2.22	2.22	2.28	2.24	803100
2016-06-30	2.3	2.24	2.3	2.28	688200
2016-07-04	2.36	2.34	2.96	2.96	45145500
2016-07-05	3.26	3.02	3.44	3.1	81628000
2016-07-06	3.06	2.94	3.2	2.96	22625700
2016-07-07	3.02	2.88	3.08	2.88	12953400
2016-07-08	2.9	2.76	2.98	2.84	12017500
2016-07-11	2.9	2.86	2.96	2.92	8015500
2016-07-12	2.96	2.76	2.98	2.78	6534000
2016-07-13	2.76	2.68	2.94	2.94	11748900
2016-07-14	2.94	2.82	3.08	2.84	14984200
2016-07-15	2.84	2.8	2.9	2.84	3042100
2016-07-20	2.88	2.8	2.92	2.82	2330700
2016-07-21	2.84	2.82	2.86	2.82	1346300
2016-07-22	2.84	2.82	3.2	2.96	26117100
2016-07-25	2.94	2.94	3.12	2.94	10705800
2016-07-26	2.96	2.86	3.0	2.86	2602700
2016-07-27	2.92	2.84	2.94	2.86	3098000
2016-07-28	2.86	2.84	2.96	2.92	2266500
2016-07-29	2.94	2.86	2.96	2.88	2252600
2016-08-01	2.9	2.76	2.9	2.8	2949700
2016-08-02	2.78	2.68	2.82	2.68	2047600
2016-08-03	2.66	2.64	2.74	2.66	890800
2016-08-04	2.66	2.66	2.8	2.74	1174100
2016-08-05	2.76	2.68	2.78	2.68	1281700
2016-08-08	2.74	2.66	2.74	2.66	2125600
2016-08-09	2.72	2.68	2.74	2.7	1845600
2016-08-10	2.8	2.8	2.98	2.82	13015300
2016-08-11	2.84	2.78	2.84	2.78	2190200
2016-08-15	2.8	2.78	2.84	2.78	1356600
2016-08-16	2.78	2.74	2.82	2.78	917500
2016-08-17	2.76	2.74	2.82	2.82	430700
2016-08-18	2.84	2.84	2.94	2.84	2470800
2016-08-19	2.88	2.82	2.88	2.84	1198700
2016-08-22	2.9	2.86	2.9	2.86	962100
2016-08-23	2.88	2.86	2.98	2.96	3648500
2016-08-24	3.08	2.94	3.12	2.94	15383100
2016-08-25	2.94	2.88	3.0	2.88	2887000
2016-08-26	2.9	2.9	2.94	2.9	1769400
2016-08-29	2.92	2.92	3.0	2.96	2871400
2016-08-30	2.98	2.96	3.06	2.96	3845400
2016-08-31	2.98	2.92	2.98	2.96	1460900
2016-09-01	2.98	2.9	3.02	2.9	2644300
2016-09-02	2.92	2.8	2.92	2.82	2845300
2016-09-05	2.82	2.62	2.82	2.68	2028700
2016-09-06	2.68	2.66	2.74	2.72	693800
2016-09-07	2.72	2.7	2.82	2.7	1738800
2016-09-08	2.7	2.42	2.7	2.48	2579600
2016-09-09	2.42	2.32	2.5	2.48	1247500
2016-09-12	2.34	2.34	2.42	2.36	2175900
2016-09-13	2.42	2.4	2.46	2.46	543100
2016-09-14	2.48	2.46	2.62	2.58	930500
2016-09-15	2.64	2.56	2.64	2.58	522200
2016-09-16	2.62	2.58	2.62	2.58	210900
2016-09-19	2.64	2.64	2.8	2.72	1367600
2016-09-20	2.74	2.68	2.76	2.76	1228300
2016-09-21	2.8	2.8	2.92	2.82	4092000
2016-09-22	2.86	2.84	2.92	2.84	1423300
2016-09-23	2.88	2.74	2.88	2.76	1397400
2016-09-26	2.78	2.76	2.88	2.8	1247800
2016-09-27	2.86	2.76	2.86	2.78	1418200
2016-09-28	2.82	2.7	2.82	2.7	859400
2016-09-29	2.7	2.68	2.74	2.68	365600
2016-09-30	2.64	2.64	2.68	2.64	705700
2016-10-03	2.64	2.58	2.64	2.58	1106100
2016-10-04	2.56	2.56	2.64	2.62	253300
2016-10-05	2.62	2.62	2.68	2.68	233900
2016-10-06	2.68	2.68	2.74	2.74	480400
2016-10-07	2.76	2.68	2.76	2.68	325200
2016-10-10	2.56	2.48	2.6	2.48	1514600
2016-10-11	2.58	2.44	2.58	2.46	503800
2016-10-12	2.5	2.24	2.5	2.3	1819400
2016-10-13	2.28	2.24	2.34	2.34	3320800
2016-10-14	2.36	2.36	2.5	2.48	1356500
2016-10-17	2.54	2.5	2.56	2.54	350900
2016-10-18	2.5	2.5	2.56	2.52	220200
2016-10-19	2.58	2.5	2.6	2.5	485400
2016-10-20	2.52	2.52	2.6	2.58	790500
2016-10-21	2.6	2.56	2.62	2.56	266800
2016-10-25	2.6	2.6	2.7	2.64	2265500
2016-10-26	2.64	2.56	2.64	2.56	878600
2016-10-27	2.58	2.56	2.6	2.58	694700
2016-10-28	2.62	2.56	2.62	2.56	343100
2016-10-31	2.6	2.58	2.72	2.68	1430400
2016-11-01	2.7	2.68	2.78	2.68	2505700
2016-11-02	2.7	2.68	2.76	2.68	1853200
2016-11-03	2.64	2.64	2.72	2.64	1150500
2016-11-04	2.68	2.6	2.68	2.6	775500
2016-11-07	2.6	2.6	2.64	2.62	365100
2016-11-08	2.62	2.62	2.66	2.64	651400
2016-11-09	2.54	2.52	2.58	2.58	2121800
2016-11-10	2.6	2.54	2.6	2.56	890100
2016-11-11	2.54	2.44	2.54	2.46	2259300
2016-11-14	2.4	2.34	2.44	2.42	743500
2016-11-15	2.44	2.4	2.48	2.46	281600
2016-11-16	2.5	2.44	2.5	2.46	208100
2016-11-17	2.48	2.36	2.48	2.38	757700
2016-11-18	2.42	2.38	2.46	2.38	336200
2016-11-21	2.42	2.38	2.48	2.44	515600
2016-11-22	2.46	2.42	2.46	2.42	212500
2016-11-23	2.46	2.4	2.48	2.44	259500
2016-11-24	2.48	2.44	2.48	2.46	243400
2016-11-25	2.48	2.4	2.48	2.44	83400
2016-11-28	2.46	2.46	2.48	2.46	180300
2016-11-29	2.46	2.46	2.5	2.46	171000
2016-11-30	2.48	2.46	2.52	2.5	464300
2016-12-01	2.52	2.46	2.52	2.48	228500
2016-12-02	2.48	2.42	2.48	2.42	281100
2016-12-06	2.4	2.4	2.48	2.44	89800
2016-12-07	2.46	2.44	2.46	2.44	48900
2016-12-08	2.46	2.38	2.46	2.44	320300
2016-12-09	2.44	2.34	2.44	2.36	1325500
2016-12-13	2.36	2.36	2.4	2.36	410200
2016-12-14	2.4	2.32	2.4	2.36	1142900
2016-12-15	2.38	2.32	2.38	2.36	401200
2016-12-16	2.36	2.34	2.38	2.34	99000
2016-12-19	2.34	2.34	2.48	2.36	2149300
2016-12-20	2.38	2.36	2.4	2.4	218700
2016-12-21	2.4	2.38	2.42	2.4	89000
2016-12-22	2.42	2.36	2.42	2.36	266300
2016-12-23	2.36	2.34	2.36	2.36	136600
2016-12-26	2.38	2.34	2.38	2.34	33400
2016-12-27	2.34	2.32	2.38	2.38	307000
2016-12-28	2.4	2.38	2.42	2.38	270400
2016-12-29	2.4	2.38	2.42	2.38	349100
2016-12-30	2.38	2.36	2.42	2.38	371700
2017-01-04	2.4	2.38	2.44	2.44	366300
2017-01-05	2.44	2.42	2.44	2.44	150800
2017-01-06	2.44	2.42	2.48	2.48	810800
2017-01-09	2.48	2.46	2.5	2.48	753600
2017-01-10	2.48	2.48	2.6	2.6	1948500
2017-01-11	2.62	2.56	2.64	2.6	2061300
2017-01-12	2.66	2.54	2.66	2.54	1316900
2017-01-13	2.54	2.5	2.58	2.52	629700
2017-01-16	2.56	2.52	2.6	2.52	610400
2017-01-17	2.6	2.54	2.6	2.54	323600
2017-01-18	2.58	2.54	2.58	2.54	328800
2017-01-19	2.64	2.54	2.64	2.54	807600
2017-01-20	2.54	2.52	2.62	2.56	2096200
2017-01-23	2.64	2.56	2.64	2.58	503600
2017-01-24	2.58	2.56	2.58	2.58	131100
2017-01-25	2.6	2.56	2.6	2.58	158600
2017-01-26	2.58	2.56	2.58	2.56	171300
2017-01-27	2.56	2.52	2.58	2.52	510500
2017-01-30	2.5	2.48	2.58	2.56	569700
2017-01-31	2.58	2.52	2.58	2.52	319500
2017-02-01	2.54	2.5	2.54	2.5	194100
2017-02-02	2.52	2.44	2.52	2.46	733300
2017-02-03	2.44	2.44	2.48	2.48	205400
2017-02-06	2.48	2.46	2.5	2.46	108700
2017-02-07	2.46	2.44	2.48	2.46	73200
2017-02-08	2.44	2.44	2.46	2.46	152800
2017-02-09	2.42	2.42	2.46	2.42	178400
2017-02-10	2.44	2.42	2.46	2.44	202500
2017-02-14	2.42	2.38	2.46	2.38	437700
2017-02-15	2.38	2.38	2.4	2.38	422900
2017-02-16	2.42	2.36	2.42	2.38	331500
2017-02-17	2.42	2.4	2.44	2.42	211200
2017-02-20	2.44	2.4	2.44	2.42	148100
2017-02-21	2.42	2.4	2.44	2.42	336000
2017-02-22	2.42	2.4	2.42	2.42	211900
2017-02-23	2.42	2.4	2.42	2.4	128000
2017-02-24	2.42	2.42	2.46	2.44	356900
2017-02-27	2.44	2.4	2.44	2.4	264700
2017-02-28	2.4	2.4	2.42	2.4	79700
2017-03-01	2.38	2.38	2.46	2.44	277300
2017-03-02	2.44	2.4	2.46	2.4	462400
2017-03-03	2.42	2.4	2.44	2.42	160200
2017-03-06	2.42	2.4	2.44	2.44	111600
2017-03-07	2.42	2.42	2.46	2.42	115000
2017-03-08	2.42	2.4	2.44	2.4	305700
2017-03-09	2.4	2.34	2.44	2.38	428300
2017-03-10	2.38	2.34	2.38	2.34	220000
2017-03-13	2.34	2.3	2.38	2.3	381800
2017-03-14	2.3	2.3	2.34	2.34	237600
2017-03-15	2.32	2.26	2.32	2.3	541600
2017-03-16	2.32	2.3	2.36	2.34	145400
2017-03-17	2.34	2.3	2.34	2.32	98900
2017-03-20	2.3	2.3	2.34	2.34	123800
2017-03-21	2.34	2.34	2.38	2.38	251800
2017-03-22	2.38	2.36	2.42	2.42	374000
2017-03-23	2.44	2.42	2.46	2.42	433200
2017-03-24	2.42	2.4	2.44	2.4	97400
2017-03-27	2.42	2.4	2.42	2.4	81200
2017-03-28	2.42	2.38	2.42	2.38	84400
2017-03-29	2.42	2.38	2.42	2.38	86000
2017-03-30	2.4	2.4	2.44	2.4	412200
2017-03-31	2.4	2.38	2.44	2.42	353100
2017-04-03	2.42	2.42	2.46	2.46	323300
2017-04-04	2.48	2.46	2.52	2.5	1085200
2017-04-05	2.52	2.48	2.54	2.5	376400
2017-04-07	2.5	2.46	2.5	2.46	306100
2017-04-10	2.46	2.38	2.46	2.38	873800
2017-04-11	2.38	2.38	2.42	2.4	271600
2017-04-12	2.4	2.4	2.42	2.4	38000
2017-04-17	2.4	2.38	2.42	2.38	89700
2017-04-18	2.4	2.38	2.4	2.4	16400
2017-04-19	2.4	2.4	2.4	2.4	108200
2017-04-20	2.4	2.4	2.4	2.4	68500
2017-04-21	2.4	2.38	2.4	2.38	5500
2017-04-24	2.38	2.36	2.38	2.36	250100
2017-04-25	2.38	2.34	2.38	2.34	123000
2017-04-26	2.34	2.34	2.38	2.38	18300
2017-04-27	2.38	2.36	2.38	2.36	155700
2017-04-28	2.36	2.36	2.38	2.36	42900
2017-05-02	2.38	2.36	2.4	2.4	4700
2017-05-03	2.4	2.36	2.4	2.36	58900
2017-05-04	2.32	2.32	2.36	2.34	93500
2017-05-05	2.36	2.34	2.36	2.36	49600
2017-05-08	2.38	2.36	2.38	2.36	61700
2017-05-09	2.36	2.34	2.36	2.34	56600
2017-05-11	2.36	2.28	2.36	2.32	892300
2017-05-12	2.28	2.22	2.3	2.3	123600
2017-05-15	2.3	2.28	2.3	2.28	36400
2017-05-16	2.26	2.26	2.28	2.28	238900
2017-05-17	2.26	2.26	2.28	2.28	167600
2017-05-18	2.26	2.26	2.28	2.28	40800
2017-05-19	2.28	2.22	2.28	2.26	175400
2017-05-22	2.26	2.26	2.28	2.26	101400
2017-05-23	2.28	2.26	2.3	2.3	145500
2017-05-24	2.3	2.3	2.32	2.3	191300
2017-05-25	2.32	2.3	2.38	2.36	349800
2017-05-26	2.38	2.32	2.38	2.32	205200
2017-05-29	2.36	2.3	2.36	2.3	122500
2017-05-30	2.32	2.3	2.32	2.3	85500
2017-05-31	2.3	2.28	2.32	2.28	96900
2017-06-01	2.28	2.28	2.42	2.4	1775700
2017-06-02	2.4	2.34	2.4	2.36	471300
2017-06-05	2.34	2.34	2.38	2.36	395400
2017-06-06	2.4	2.36	2.5	2.36	2579000
2017-06-07	2.38	2.34	2.38	2.36	510400
2017-06-08	2.38	2.34	2.38	2.34	81500
2017-06-09	2.36	2.32	2.36	2.32	161200
2017-06-12	2.32	2.32	2.36	2.34	102100
2017-06-13	2.34	2.34	2.38	2.38	50900
2017-06-14	2.38	2.38	2.44	2.38	495200
2017-06-15	2.4	2.36	2.4	2.36	334900
2017-06-16	2.36	2.34	2.38	2.34	290800
2017-06-19	2.36	2.34	2.36	2.36	61300
2017-06-20	2.36	2.34	2.36	2.36	66700
2017-06-21	2.34	2.34	2.36	2.34	99600
2017-06-22	2.34	2.34	2.36	2.34	81300
2017-06-23	2.38	2.34	2.38	2.34	50300
2017-06-26	2.36	2.32	2.36	2.34	30000
2017-06-27	2.34	2.32	2.34	2.34	99200
2017-06-28	2.34	2.3	2.34	2.32	156100
2017-06-29	2.3	2.28	2.34	2.32	178600
2017-06-30	2.28	2.28	2.32	2.32	190800
2017-07-03	2.32	2.3	2.32	2.32	76100
2017-07-04	2.32	2.24	2.32	2.28	316400
2017-07-05	2.3	2.26	2.3	2.26	131000
2017-07-06	2.28	2.26	2.3	2.28	47600
2017-07-07	2.26	2.26	2.28	2.28	71500
2017-07-11	2.28	2.26	2.28	2.26	93800
2017-07-12	2.28	2.26	2.3	2.3	38300
2017-07-13	2.3	2.3	2.3	2.3	42500
2017-07-14	2.3	2.28	2.3	2.3	62300
2017-07-17	2.3	2.28	2.3	2.28	42700
2017-07-18	2.26	2.26	2.3	2.28	85100
2017-07-19	2.28	2.28	2.28	2.28	74100
2017-07-20	2.28	2.28	2.3	2.28	130000
2017-07-21	2.28	2.26	2.28	2.26	133300
2017-07-24	2.28	2.26	2.28	2.26	20900
2017-07-25	2.32	2.28	2.32	2.28	111100
2017-07-26	2.28	2.28	2.3	2.28	47200
2017-07-27	2.28	2.26	2.28	2.26	148000
2017-07-31	2.26	2.24	2.28	2.24	108700
2017-08-01	2.24	2.24	2.26	2.24	161700
2017-08-02	2.24	2.24	2.26	2.26	332800
2017-08-03	2.26	2.24	2.3	2.28	371900
2017-08-04	2.26	2.26	2.34	2.34	688700
2017-08-07	2.36	2.32	2.38	2.32	314200
2017-08-08	2.32	2.3	2.34	2.32	356100
2017-08-09	2.32	2.3	2.32	2.3	109800
2017-08-10	2.46	2.4	2.6	2.44	17365900
2017-08-11	2.42	2.38	2.46	2.4	2797600
2017-08-15	2.42	2.4	2.48	2.44	1394800
2017-08-16	2.44	2.44	2.54	2.54	2908000
2017-08-17	2.56	2.48	2.58	2.54	2862400
2017-08-18	2.56	2.54	2.66	2.62	6503900
2017-08-21	2.6	2.56	2.64	2.64	1254000
2017-08-22	2.64	2.58	2.66	2.58	618200
2017-08-23	2.58	2.54	2.64	2.64	1815200
2017-08-24	2.66	2.66	2.92	2.8	25463600
2017-08-25	2.8	2.62	2.8	2.62	21417700
2017-08-28	2.62	2.56	2.72	2.66	14104100
2017-08-29	2.64	2.64	2.72	2.64	4445500
2017-08-30	2.68	2.56	2.68	2.58	5773400
2017-08-31	2.58	2.58	2.64	2.62	4765400
2017-09-01	2.6	2.6	2.7	2.62	4380000
2017-09-04	2.6	2.54	2.82	2.78	22612600
2017-09-05	2.82	2.6	2.84	2.62	23629300
2017-09-06	2.62	2.58	2.66	2.58	3180400
2017-09-07	2.62	2.58	2.68	2.58	5178900
2017-09-08	2.6	2.46	2.62	2.46	7137800
2017-09-11	2.48	2.44	2.54	2.48	3193400
2017-09-12	2.5	2.5	2.56	2.52	1751300
2017-09-13	2.54	2.5	2.56	2.5	1512100
2017-09-14	2.52	2.48	2.56	2.5	1251900
2017-09-15	2.5	2.48	2.52	2.5	1265700
2017-09-18	2.52	2.48	2.54	2.48	880500
2017-09-19	2.48	2.44	2.5	2.46	953800
2017-09-20	2.46	2.44	2.54	2.5	1490300
2017-09-21	2.5	2.48	2.54	2.52	1505600
2017-09-22	2.54	2.5	2.54	2.52	601100
2017-09-25	2.54	2.48	2.54	2.5	695200
2017-09-26	2.52	2.48	2.58	2.54	2868500
2017-09-27	2.56	2.56	2.66	2.62	10093200
2017-09-28	2.68	2.52	2.68	2.54	6481500
2017-09-29	2.56	2.5	2.56	2.52	1051300
2017-10-02	2.52	2.5	2.56	2.52	1199600
2017-10-03	2.54	2.5	2.54	2.52	909900
2017-10-04	2.52	2.5	2.6	2.58	1878700
2017-10-05	2.58	2.58	2.62	2.58	2254800
2017-10-06	2.6	2.58	2.64	2.6	1165400
2017-10-09	2.58	2.52	2.64	2.52	753200
2017-10-10	2.52	2.52	2.56	2.52	373400
2017-10-11	2.54	2.52	2.56	2.52	783700
2017-10-12	2.52	2.48	2.56	2.52	1451600
2017-10-16	2.52	2.5	2.56	2.54	595300
2017-10-17	2.54	2.5	2.56	2.52	562100
2017-10-18	2.5	2.46	2.52	2.46	1010100
2017-10-19	2.44	2.34	2.44	2.36	3973400
2017-10-20	2.34	2.28	2.36	2.32	2694700
2017-10-24	2.34	2.28	2.34	2.32	1507700
2017-10-25	2.36	2.34	2.4	2.38	3171900
2017-10-27	2.4	2.36	2.42	2.38	1419800
2017-10-30	2.4	2.36	2.4	2.38	173600
2017-10-31	2.36	2.34	2.4	2.36	348700
2017-11-01	2.36	2.36	2.38	2.36	366900
2017-11-02	2.32	2.3	2.36	2.3	948900
2017-11-03	2.3	2.28	2.32	2.3	1155300
2017-11-06	2.3	2.3	2.34	2.34	239600
2017-11-07	2.34	2.28	2.36	2.32	1063200
2017-11-08	2.3	2.3	2.32	2.3	672900
2017-11-09	2.3	2.3	2.32	2.3	404200
2017-11-10	2.28	2.24	2.3	2.3	1410500
2017-11-13	2.26	2.26	2.3	2.26	401700
2017-11-14	2.26	2.2	2.26	2.2	1544800
2017-11-15	2.18	2.14	2.2	2.2	762600
2017-11-16	2.16	2.04	2.18	2.1	2743400
2017-11-17	2.08	2.08	2.16	2.12	721000
2017-11-20	2.12	2.12	2.18	2.16	130300
2017-11-21	2.18	2.12	2.18	2.12	421000
2017-11-22	2.12	2.12	2.18	2.12	425700
2017-11-23	2.14	2.12	2.14	2.12	191000
2017-11-24	2.12	2.1	2.14	2.1	503000
2017-11-27	2.12	2.08	2.12	2.1	110700
2017-11-28	2.08	2.06	2.1	2.08	475300
2017-11-29	2.08	2.08	2.18	2.14	507700
2017-11-30	2.16	2.1	2.16	2.1	396600
2017-12-01	2.08	2.08	2.14	2.1	76500
2017-12-04	2.14	2.06	2.16	2.06	492800
2017-12-06	2.08	2.08	2.1	2.1	581900
2017-12-07	2.08	2.08	2.12	2.1	120900
2017-12-08	2.1	2.08	2.1	2.08	69300
2017-12-12	2.08	2.06	2.08	2.08	468800
2017-12-13	2.06	2.06	2.08	2.08	282200
2017-12-14	2.06	2.06	2.08	2.06	63800
2017-12-15	2.08	2.06	2.08	2.08	192100
2017-12-18	2.08	2.08	2.14	2.12	359300
2017-12-19	2.12	2.12	2.18	2.18	553600
2017-12-20	2.18	2.16	2.22	2.16	303700
2017-12-21	2.16	2.14	2.16	2.14	79000
2017-12-22	2.2	2.12	2.2	2.12	202000
2017-12-25	2.14	2.08	2.14	2.12	197400
2017-12-26	2.12	2.08	2.12	2.08	584400
2017-12-27	2.1	2.08	2.12	2.12	125400
2017-12-28	2.1	2.1	2.14	2.12	218300
2017-12-29	2.14	2.1	2.14	2.1	271500
2018-01-03	2.12	2.12	2.16	2.14	332800
2018-01-04	2.16	2.16	2.2	2.2	399300
2018-01-05	2.22	2.14	2.22	2.16	340600
2018-01-08	2.14	2.14	2.22	2.16	231500
2018-01-09	2.16	2.14	2.18	2.16	118400
2018-01-10	2.18	2.14	2.2	2.16	198900
2018-01-11	2.16	2.12	2.16	2.14	562400
2018-01-12	2.14	2.1	2.14	2.1	814800
2018-01-15	2.16	2.08	2.16	2.1	476900
2018-01-16	2.1	2.08	2.12	2.12	337100
2018-01-17	2.12	2.1	2.12	2.12	103000
2018-01-18	2.12	2.08	2.12	2.1	303900
2018-01-19	2.1	2.08	2.12	2.1	202400
2018-01-22	2.08	2.08	2.1	2.08	213700
2018-01-23	2.1	2.06	2.1	2.08	494800
2018-01-24	2.1	2.08	2.16	2.1	1310900
2018-01-25	2.12	2.08	2.16	2.08	352800
2018-01-26	2.12	2.06	2.12	2.1	331000
2018-01-29	2.1	2.08	2.12	2.08	209400
2018-01-30	2.1	2.06	2.1	2.08	225600
2018-01-31	2.1	2.08	2.1	2.1	418000
2018-02-01	2.1	2.04	2.12	2.06	846300
2018-02-02	2.08	2.04	2.08	2.04	712200
2018-02-05	2.04	2.02	2.06	2.02	434200
2018-02-06	2.0	1.96	2.02	1.97	1119800
2018-02-07	1.98	1.97	2.0	1.97	443000
2018-02-08	1.98	1.97	2.0	1.99	262100
2018-02-09	1.98	1.97	2.0	1.98	265400
2018-02-12	2.0	1.99	2.02	1.99	60800
2018-02-13	2.0	2.0	2.02	2.02	134500
2018-02-14	2.02	2.0	2.04	2.0	83300
2018-02-15	2.02	2.0	2.02	2.0	44700
2018-02-16	2.02	2.0	2.02	2.0	99800
2018-02-19	2.02	2.0	2.04	2.0	254500
2018-02-20	2.02	2.0	2.02	2.0	155900
2018-02-21	2.02	1.97	2.02	1.99	547800
2018-02-22	1.98	1.97	2.0	1.97	401400
2018-02-23	1.98	1.97	1.99	1.99	254200
2018-02-26	2.0	1.98	2.0	1.99	47200
2018-02-27	1.99	1.97	1.99	1.98	454300
2018-02-28	1.99	1.98	2.02	2.0	621700
2018-03-02	2.0	1.97	2.0	1.98	206800
2018-03-05	1.99	1.97	1.99	1.99	212500
2018-03-06	1.98	1.97	1.99	1.99	418700
2018-03-07	1.98	1.97	1.99	1.99	310400
2018-03-08	1.97	1.97	2.0	1.99	137500
2018-03-09	1.98	1.97	1.98	1.97	702400
2018-03-12	1.97	1.97	2.0	1.97	287900
2018-03-13	1.99	1.98	2.0	1.99	92700
2018-03-14	1.99	1.97	2.0	1.99	127700
2018-03-15	1.99	1.97	1.99	1.98	45400
2018-03-16	1.98	1.98	1.99	1.98	116900
2018-03-19	1.98	1.97	2.02	2.0	299800
2018-03-20	2.02	1.98	2.02	1.98	162900
2018-03-21	1.99	1.99	2.02	2.02	145900
2018-03-22	2.02	2.02	2.1	2.08	613500
2018-03-23	2.08	2.02	2.08	2.02	450300
2018-03-26	2.04	2.0	2.04	2.02	169600
2018-03-27	2.04	2.0	2.04	2.0	226700
2018-03-28	2.02	1.98	2.02	2.0	210900
2018-03-29	2.0	1.97	2.0	1.98	312500
2018-03-30	1.99	1.97	1.99	1.98	196000
2018-04-02	1.98	1.95	1.98	1.97	893800
2018-04-03	1.96	1.91	1.97	1.94	2433000
2018-04-04	1.93	1.84	1.93	1.85	2850100
2018-04-05	1.83	1.83	1.86	1.84	292700
2018-04-09	1.85	1.84	1.86	1.86	109900
2018-04-10	1.87	1.87	1.9	1.89	73000
2018-04-11	1.9	1.89	1.93	1.9	68000
2018-04-12	1.91	1.9	1.92	1.92	72100
2018-04-17	1.92	1.9	1.94	1.91	129300
2018-04-18	1.91	1.91	1.96	1.93	123300
2018-04-19	1.96	1.94	1.96	1.94	59400
2018-04-20	1.95	1.93	1.96	1.95	163800
2018-04-23	1.96	1.94	1.96	1.94	46700
2018-04-24	1.94	1.94	1.95	1.95	53500
2018-04-25	1.94	1.91	1.99	1.97	674100
2018-04-26	1.95	1.94	1.97	1.95	247000
2018-04-27	1.97	1.95	1.97	1.95	76000
2018-04-30	1.96	1.95	1.96	1.95	41900
2018-05-02	1.96	1.94	1.96	1.95	20400
2018-05-03	1.95	1.94	1.96	1.95	461700
2018-05-04	1.91	1.89	1.91	1.89	242900
2018-05-07	1.89	1.89	1.9	1.89	113500
2018-05-08	1.87	1.87	1.94	1.89	126200
2018-05-09	1.89	1.86	1.9	1.89	375100
2018-05-10	1.89	1.87	1.9	1.9	16500
2018-05-11	1.85	1.85	1.9	1.89	136300
2018-05-14	1.89	1.89	1.89	1.89	61600
2018-05-15	1.89	1.88	1.89	1.88	22900
2018-05-16	1.87	1.87	1.87	1.87	59400
2018-05-17	1.87	1.86	1.87	1.86	42700
2018-05-18	1.86	1.84	1.86	1.84	247000
2018-05-21	1.84	1.84	1.85	1.84	145800
2018-05-22	1.84	1.84	1.85	1.84	102700
2018-05-23	1.84	1.83	1.85	1.85	83800
2018-05-24	1.84	1.81	1.84	1.82	349800
2018-05-25	1.82	1.8	1.82	1.8	340200
2018-05-28	1.82	1.79	1.84	1.82	558500
2018-05-30	1.81	1.8	1.81	1.8	162700
2018-05-31	1.8	1.79	1.81	1.8	114500
2018-06-01	1.81	1.8	1.82	1.81	42500
2018-06-04	1.81	1.81	1.81	1.81	27200
2018-06-05	1.81	1.79	1.81	1.79	43700
2018-06-06	1.8	1.79	1.8	1.8	14300
2018-06-07	1.8	1.79	1.81	1.81	85100
2018-06-08	1.81	1.8	1.81	1.8	22000
2018-06-11	1.81	1.8	1.81	1.8	253000
2018-06-12	1.81	1.79	1.81	1.79	248500
2018-06-13	1.79	1.76	1.79	1.76	306300
2018-06-14	1.77	1.75	1.78	1.77	83600
2018-06-15	1.76	1.73	1.76	1.75	107000
2018-06-18	1.75	1.75	1.76	1.75	67900
2018-06-19	1.75	1.71	1.75	1.74	29600
2018-06-20	1.73	1.72	1.74	1.72	29400
2018-06-21	1.72	1.71	1.73	1.72	20500
2018-06-22	1.72	1.7	1.72	1.71	83800
2018-06-25	1.71	1.61	1.71	1.63	588100
2018-06-26	1.63	1.61	1.63	1.61	133500
2018-06-27	1.62	1.61	1.64	1.62	61300
2018-06-28	1.63	1.62	1.64	1.63	56900
2018-06-29	1.63	1.62	1.64	1.62	25200
2018-07-02	1.62	1.61	1.65	1.62	92000
2018-07-03	1.63	1.61	1.63	1.62	47000
2018-07-04	1.63	1.61	1.63	1.61	70200
2018-07-05	1.62	1.6	1.63	1.6	100500
2018-07-06	1.6	1.6	1.66	1.63	25300
2018-07-09	1.62	1.62	1.64	1.62	438900
2018-07-10	1.66	1.62	1.66	1.64	131700
2018-07-11	1.64	1.63	1.66	1.66	100200
2018-07-12	1.65	1.64	1.66	1.64	42600
2018-07-13	1.65	1.65	1.65	1.65	10200
2018-07-16	1.65	1.63	1.65	1.63	6500
2018-07-17	1.64	1.62	1.64	1.63	57400
2018-07-18	1.63	1.63	1.65	1.65	20100
2018-07-19	1.65	1.65	1.66	1.65	70400
2018-07-20	1.64	1.64	1.65	1.64	52800
2018-07-23	1.66	1.64	1.68	1.66	83000
2018-07-24	1.65	1.65	1.69	1.65	246200
2018-07-25	1.68	1.65	1.68	1.66	85300
2018-07-26	1.67	1.66	1.7	1.69	110600
2018-07-31	1.69	1.68	1.7	1.68	20700
2018-08-01	1.67	1.67	1.7	1.69	23000
2018-08-02	1.68	1.67	1.68	1.67	76700
2018-08-03	1.68	1.67	1.68	1.67	17300
2018-08-06	1.67	1.67	1.75	1.69	124900
2018-08-07	1.69	1.69	1.71	1.69	93400
2018-08-08	1.71	1.69	1.72	1.69	14900
2018-08-09	1.69	1.66	1.7	1.67	400700
2018-08-10	1.67	1.65	1.68	1.65	122000
2018-08-14	1.64	1.64	1.67	1.65	5000
2018-08-15	1.66	1.64	1.67	1.64	1900
2018-08-16	1.65	1.64	1.65	1.65	62400
2018-08-17	1.66	1.64	1.67	1.67	54000
2018-08-20	1.67	1.67	1.68	1.67	9900
2018-08-21	1.66	1.65	1.68	1.65	3500
2018-08-22	1.65	1.65	1.66	1.66	6400
2018-08-23	1.66	1.64	1.69	1.69	90700
2018-08-24	1.69	1.64	1.69	1.65	152600
2018-08-27	1.65	1.64	1.65	1.65	69000
2018-08-28	1.65	1.6	1.65	1.63	120700
2018-08-29	1.63	1.6	1.63	1.63	153200
2018-08-30	1.63	1.62	1.63	1.62	71800
2018-08-31	1.64	1.61	1.64	1.61	33500
2018-09-03	1.63	1.62	1.64	1.62	62200
2018-09-04	1.63	1.62	1.64	1.63	29900
2018-09-05	1.63	1.6	1.63	1.62	51100
2018-09-06	1.61	1.6	1.62	1.62	27500
2018-09-07	1.62	1.62	1.62	1.62	800
2018-09-10	1.62	1.62	1.63	1.62	1400
2018-09-11	1.63	1.6	1.63	1.6	33000
2018-09-12	1.6	1.59	1.62	1.61	66600
2018-09-13	1.62	1.58	1.62	1.58	281000
2018-09-14	1.6	1.59	1.62	1.59	113300
2018-09-17	1.6	1.6	1.62	1.6	36100
2018-09-18	1.61	1.61	1.77	1.65	839300
2018-09-19	1.67	1.65	1.68	1.66	40100
2018-09-20	1.68	1.66	1.68	1.66	17500
2018-09-21	1.67	1.65	1.67	1.65	103900
2018-09-24	1.66	1.65	1.66	1.65	72100
2018-09-25	1.66	1.66	1.71	1.7	371500
2018-09-26	1.73	1.69	1.73	1.7	142400
2018-09-27	1.71	1.7	1.72	1.7	236900
2018-09-28	1.69	1.69	1.94	1.86	6901800
2018-10-01	1.87	1.82	1.87	1.82	882500
2018-10-02	1.83	1.8	1.84	1.84	490500
2018-10-03	1.86	1.81	1.86	1.81	286100
2018-10-04	1.84	1.8	1.85	1.85	541700
2018-10-05	1.86	1.8	1.86	1.8	195700
2018-10-08	1.84	1.74	1.84	1.74	364800
2018-10-09	1.79	1.76	1.8	1.76	178600
2018-10-10	1.77	1.75	1.78	1.76	150500
2018-10-11	1.74	1.68	1.74	1.68	296500
2018-10-12	1.66	1.66	1.72	1.71	100400
2018-10-16	1.71	1.7	1.71	1.7	34800
2018-10-17	1.7	1.68	1.7	1.69	89000
2018-10-18	1.69	1.67	1.69	1.69	176100
2018-10-19	1.69	1.67	1.7	1.67	220600
2018-10-22	1.67	1.67	1.69	1.67	79600
2018-10-24	1.67	1.67	1.69	1.68	60800
2018-10-25	1.66	1.64	1.67	1.65	146300
2018-10-26	1.65	1.64	1.66	1.64	121200
2018-10-29	1.65	1.63	1.65	1.63	110600
2018-10-30	1.62	1.62	1.64	1.62	126300
2018-10-31	1.63	1.62	1.65	1.64	117700
2018-11-01	1.67	1.64	1.67	1.64	38100
2018-11-02	1.64	1.64	1.65	1.65	21300
2018-11-05	1.65	1.65	1.67	1.66	118600
2018-11-06	1.66	1.66	1.73	1.7	976700
2018-11-07	1.7	1.69	1.71	1.7	179500
2018-11-08	1.71	1.69	1.72	1.7	189600
2018-11-09	1.76	1.74	1.8	1.76	1473600
2018-11-12	1.75	1.75	1.8	1.78	676000
2018-11-13	1.77	1.74	1.77	1.75	756700
2018-11-14	1.77	1.76	1.89	1.8	2255800
2018-11-15	1.8	1.79	1.92	1.79	2791300
2018-11-16	1.8	1.8	1.84	1.84	827100
2018-11-19	1.84	1.81	1.86	1.81	1109700
2018-11-20	1.81	1.75	1.81	1.75	224900
2018-11-21	1.75	1.73	1.76	1.75	266800
2018-11-22	1.75	1.75	1.84	1.82	414300
2018-11-23	1.81	1.79	1.81	1.79	126300
2018-11-26	1.8	1.78	1.8	1.8	30400
2018-11-27	1.79	1.77	1.81	1.79	165600
2018-11-28	1.79	1.76	1.79	1.79	176100
2018-11-29	1.79	1.77	1.83	1.83	322600
2018-11-30	1.82	1.77	1.84	1.83	298000
2018-12-03	1.82	1.82	1.85	1.85	159100
2018-12-04	1.86	1.84	1.86	1.84	167700
2018-12-06	1.84	1.84	1.84	1.84	315000
2018-12-07	1.83	1.83	1.88	1.87	418600
2018-12-11	1.89	1.87	1.89	1.87	240300
2018-12-12	1.89	1.85	1.89	1.85	181600
2018-12-13	1.86	1.85	1.86	1.85	21300
2018-12-14	1.85	1.85	1.86	1.85	157000
2018-12-17	1.86	1.84	1.86	1.84	16300
2018-12-18	1.84	1.84	1.84	1.84	452500
2018-12-19	1.85	1.85	1.88	1.87	180100
2018-12-20	1.86	1.86	1.9	1.89	198000
2018-12-21	1.9	1.89	1.95	1.92	1054300
2018-12-24	1.92	1.91	1.98	1.98	664500
2018-12-25	1.99	1.91	1.99	1.98	1021000
2018-12-26	1.99	1.92	2.02	1.94	503200
2018-12-27	1.94	1.94	2.1	2.0	1498200
2018-12-28	1.98	1.97	2.02	1.98	200300
2019-01-02	1.98	1.96	1.98	1.96	158400
2019-01-03	1.96	1.93	1.97	1.97	473600
2019-01-04	1.96	1.95	1.97	1.95	55400
2019-01-07	1.94	1.89	1.95	1.95	505600
2019-01-08	1.95	1.89	1.95	1.91	178400
2019-01-09	1.9	1.9	1.94	1.9	196500
2019-01-10	1.92	1.9	1.92	1.9	33800
2019-01-11	1.91	1.89	1.91	1.9	23000
2019-01-14	1.91	1.91	1.92	1.91	1600
2019-01-15	1.91	1.88	1.93	1.89	45100
2019-01-16	1.91	1.87	1.91	1.87	62100
2019-01-17	1.86	1.85	1.87	1.87	78800
2019-01-18	1.87	1.84	1.88	1.84	67000
2019-01-21	1.84	1.83	1.86	1.84	66200
2019-01-22	1.85	1.84	1.86	1.84	14300
2019-01-23	1.85	1.84	1.86	1.85	113800
2019-01-24	1.87	1.87	1.91	1.88	229400
2019-01-25	1.89	1.88	1.9	1.9	33400
2019-01-28	1.91	1.86	1.92	1.91	393300
2019-01-29	1.92	1.9	1.92	1.9	101800
2019-01-30	1.9	1.89	1.91	1.91	36000
2019-01-31	1.93	1.9	1.93	1.9	171700
2019-02-01	1.91	1.89	1.91	1.9	134400
2019-02-04	1.92	1.89	1.92	1.9	194300
2019-02-05	1.9	1.89	1.94	1.92	147500
2019-02-06	1.94	1.92	2.04	2.02	1478000
2019-02-07	2.02	1.99	2.04	2.02	266400
2019-02-08	1.99	1.97	1.99	1.98	345500
2019-02-11	1.97	1.97	2.02	2.02	244900
2019-02-12	2.04	2.0	2.04	2.04	131000
2019-02-13	2.0	1.99	2.0	2.0	194600
2019-02-14	2.02	1.99	2.02	2.02	103000
2019-02-15	2.02	1.99	2.02	1.99	137500
2019-02-18	2.02	1.99	2.02	2.0	60800
2019-02-20	2.02	1.98	2.02	1.99	73200
2019-02-21	1.99	1.99	2.02	1.99	98500
2019-02-22	1.99	1.98	1.99	1.98	61200
2019-02-25	1.98	1.98	2.04	1.99	494900
2019-02-26	2.0	1.98	2.0	1.98	407500
2019-02-27	1.97	1.95	1.99	1.96	421900
2019-02-28	1.96	1.92	1.97	1.95	175700
2019-03-01	1.93	1.91	1.94	1.93	303100
2019-03-04	1.94	1.92	1.94	1.92	37100
2019-03-05	1.92	1.92	1.96	1.96	42200
2019-03-06	1.96	1.94	1.96	1.96	36800
2019-03-07	1.98	1.94	1.98	1.94	107700
2019-03-08	1.94	1.94	1.96	1.95	51300
2019-03-11	1.95	1.93	1.95	1.93	46000
2019-03-12	1.92	1.9	1.96	1.94	252300
2019-03-13	1.94	1.92	1.94	1.93	3500
2019-03-14	1.94	1.91	1.94	1.92	115300
2019-03-15	1.92	1.9	1.92	1.91	88000
2019-03-18	1.9	1.89	1.91	1.89	60900
2019-03-19	1.88	1.88	1.92	1.9	129700
2019-03-20	1.9	1.9	1.92	1.91	196800
2019-03-21	1.92	1.91	1.92	1.91	1900
2019-03-22	1.9	1.9	1.9	1.9	12500
2019-03-25	1.92	1.88	1.92	1.88	97900
2019-03-26	1.89	1.89	1.91	1.91	30400
2019-03-27	1.89	1.89	1.94	1.91	79000
2019-03-28	1.92	1.82	1.92	1.88	756100
2019-03-29	1.88	1.88	1.9	1.88	71700
2019-04-01	1.89	1.87	1.89	1.87	611100
2019-04-02	1.87	1.86	1.87	1.86	70100
2019-04-03	1.87	1.86	1.87	1.87	94900
2019-04-04	1.85	1.85	1.88	1.87	608400
2019-04-05	1.85	1.85	1.87	1.86	9300
2019-04-09	1.89	1.87	1.9	1.89	67900
2019-04-10	1.9	1.9	1.92	1.9	259400
2019-04-11	1.9	1.87	1.91	1.91	621500
2019-04-12	1.9	1.89	1.91	1.89	552600
2019-04-17	1.92	1.9	1.92	1.91	82500
2019-04-18	1.91	1.91	1.93	1.92	684200
2019-04-19	1.93	1.92	1.94	1.92	107600
2019-04-22	1.94	1.93	1.96	1.93	679100
2019-04-23	1.93	1.92	1.94	1.92	566700
2019-04-24	1.92	1.92	1.94	1.92	618800
2019-04-25	1.93	1.93	1.97	1.94	310700
2019-04-26	1.94	1.92	1.95	1.93	800300
2019-04-29	1.92	1.92	1.94	1.94	700
2019-04-30	1.93	1.93	1.93	1.93	52100
2019-05-02	1.94	1.92	1.95	1.94	753900
2019-05-03	1.92	1.92	1.94	1.94	121000
2019-05-07	1.9	1.85	1.9	1.85	377700
2019-05-08	1.86	1.85	1.89	1.89	170600
2019-05-09	1.87	1.86	1.87	1.87	662300
2019-05-10	1.89	1.86	1.9	1.87	471200
2019-05-13	1.88	1.77	1.88	1.8	104000
2019-05-14	1.79	1.72	1.79	1.72	288800
2019-05-15	1.74	1.66	1.74	1.68	177100
2019-05-16	1.67	1.6	1.67	1.63	536500
2019-05-17	1.6	1.6	1.63	1.63	15400
2019-05-21	1.62	1.59	1.62	1.59	141100
2019-05-22	1.59	1.58	1.61	1.61	146200
2019-05-23	1.61	1.61	1.63	1.61	32800
2019-05-24	1.62	1.6	1.65	1.63	70500
2019-05-27	1.62	1.59	1.64	1.62	274000
2019-05-28	1.61	1.59	1.62	1.61	6900
2019-05-29	1.61	1.59	1.62	1.61	92100
2019-05-30	1.61	1.59	1.61	1.6	21100
2019-05-31	1.6	1.56	1.6	1.58	114600
2019-06-04	1.57	1.52	1.6	1.54	1079400
2019-06-05	1.54	1.52	1.56	1.54	280400
2019-06-06	1.53	1.44	1.53	1.47	1458500
2019-06-07	1.47	1.44	1.52	1.44	822200
2019-06-10	1.45	1.44	1.46	1.44	281300
2019-06-11	1.44	1.41	1.5	1.43	1890900
2019-06-12	1.44	1.42	1.44	1.43	319200
2019-06-13	1.44	1.43	1.46	1.46	299900
2019-06-14	1.44	1.42	1.44	1.43	2049900
2019-06-17	1.42	1.35	1.43	1.36	3836200
2019-06-18	1.38	1.36	1.38	1.37	531800
2019-06-19	1.38	1.38	1.4	1.38	824200
2019-06-20	1.39	1.37	1.39	1.39	327900
2019-06-21	1.4	1.38	1.41	1.39	398600
2019-06-24	1.39	1.39	1.41	1.39	298700
2019-06-25	1.41	1.4	1.75	1.57	16713700
2019-06-26	1.61	1.56	1.62	1.58	3317500
2019-06-27	1.57	1.57	1.68	1.62	2312800
2019-06-28	1.61	1.57	1.64	1.61	599600
2019-07-01	1.59	1.57	1.62	1.59	176500
2019-07-02	1.61	1.57	1.61	1.6	1325800
2019-07-03	1.6	1.59	1.61	1.59	937200
2019-07-04	1.62	1.59	1.63	1.6	318400
2019-07-05	1.57	1.57	1.6	1.58	257000
2019-07-08	1.59	1.58	1.6	1.59	141800
2019-07-09	1.59	1.51	1.6	1.52	1680000
2019-07-10	1.52	1.51	1.52	1.51	403900
2019-07-11	1.51	1.5	1.54	1.5	2370400
2019-07-12	1.5	1.47	1.5	1.48	363400
2019-07-15	1.48	1.47	1.52	1.47	455200
2019-07-17	1.48	1.46	1.48	1.46	175900
2019-07-18	1.48	1.46	1.5	1.48	1062000
2019-07-19	1.5	1.48	1.5	1.48	90300
2019-07-22	1.49	1.45	1.54	1.5	1504900
2019-07-23	1.5	1.5	1.54	1.53	217100
2019-07-24	1.54	1.53	1.56	1.54	142500
2019-07-25	1.56	1.56	1.6	1.57	1796300
2019-07-26	1.59	1.57	1.59	1.57	259600
2019-07-30	1.62	1.55	1.74	1.55	5838300
2019-07-31	1.59	1.57	1.6	1.57	1186800
2019-08-01	1.58	1.54	1.59	1.55	327200
2019-08-02	1.57	1.54	1.57	1.55	305700
2019-08-05	1.58	1.55	1.58	1.55	77500
2019-08-06	1.55	1.5	1.55	1.54	282200
2019-08-07	1.54	1.52	1.55	1.54	692700
2019-08-08	1.54	1.53	1.55	1.53	186900
2019-08-09	1.55	1.44	1.55	1.5	955400
2019-08-13	1.49	1.42	1.49	1.42	1237500
2019-08-14	1.41	1.41	1.44	1.42	140100
2019-08-15	1.42	1.39	1.42	1.39	382100
2019-08-16	1.39	1.37	1.4	1.39	395800
2019-08-19	1.39	1.39	1.41	1.4	107900
2019-08-20	1.4	1.37	1.43	1.37	237700
2019-08-21	1.38	1.36	1.39	1.38	161700
2019-08-22	1.4	1.37	1.4	1.37	62800
2019-08-23	1.37	1.36	1.39	1.36	358500
2019-08-26	1.35	1.35	1.37	1.35	199200
2019-08-27	1.35	1.34	1.37	1.35	1525900
2019-08-28	1.36	1.33	1.36	1.36	703600
2019-08-29	1.35	1.35	1.38	1.38	719200
2019-08-30	1.38	1.37	1.39	1.38	1291900
2019-09-02	1.37	1.37	1.39	1.38	1296800
2019-09-03	1.36	1.36	1.39	1.37	1297400
2019-09-04	1.38	1.37	1.39	1.39	1377700
2019-09-05	1.38	1.38	1.4	1.39	722200
2019-09-06	1.39	1.38	1.4	1.4	1025200
2019-09-09	1.4	1.38	1.4	1.38	743500
2019-09-10	1.38	1.37	1.39	1.38	1488300
2019-09-11	1.37	1.37	1.4	1.39	931700
2019-09-12	1.39	1.39	1.42	1.39	750400
2019-09-13	1.41	1.41	1.42	1.41	215500
2019-09-16	1.42	1.39	1.42	1.4	252000
2019-09-17	1.4	1.39	1.41	1.39	647000
2019-09-18	1.41	1.38	1.41	1.38	799000
2019-09-19	1.38	1.36	1.38	1.36	230500
2019-09-20	1.36	1.36	1.39	1.38	2134600
2019-09-23	1.39	1.39	1.39	1.39	700
2019-09-24	1.38	1.38	1.39	1.38	740600
2019-09-25	1.38	1.37	1.39	1.37	1562800
2019-09-26	1.38	1.37	1.38	1.37	23100
2019-09-27	1.39	1.37	1.39	1.37	61000
2019-09-30	1.38	1.37	1.39	1.39	44700
2019-10-01	1.37	1.36	1.37	1.36	105200
2019-10-02	1.37	1.35	1.38	1.35	53200
2019-10-03	1.38	1.34	1.38	1.34	41600
2019-10-04	1.34	1.34	1.35	1.35	79600
2019-10-07	1.35	1.33	1.35	1.34	1634800
2019-10-08	1.33	1.33	1.34	1.33	46500
2019-10-09	1.33	1.3	1.33	1.3	107900
2019-10-10	1.3	1.3	1.33	1.3	882400
2019-10-11	1.3	1.28	1.3	1.29	1127200
2019-10-15	1.3	1.29	1.31	1.31	61700
2019-10-16	1.31	1.29	1.31	1.3	998300
2019-10-17	1.29	1.28	1.3	1.28	1524500
2019-10-18	1.28	1.27	1.28	1.27	830700
2019-10-21	1.27	1.27	1.29	1.27	1516300
2019-10-22	1.28	1.27	1.29	1.27	1757600
2019-10-24	1.27	1.27	1.28	1.27	877300
2019-10-25	1.28	1.26	1.28	1.26	102300
2019-10-28	1.26	1.25	1.27	1.26	1556700
2019-10-29	1.25	1.23	1.26	1.23	869500
2019-10-30	1.23	1.22	1.25	1.23	148200
2019-10-31	1.24	1.23	1.25	1.23	1926800
2019-11-01	1.23	1.23	1.24	1.23	914300
2019-11-04	1.23	1.16	1.28	1.17	1954000
2019-11-05	1.17	1.16	1.18	1.16	703400
2019-11-06	1.16	1.13	1.16	1.13	669800
2019-11-07	1.13	1.13	1.15	1.13	161900
2019-11-08	1.14	1.12	1.15	1.14	795000
2019-11-11	1.15	1.14	1.18	1.18	1153300
2019-11-12	1.18	1.17	1.2	1.17	1027200
2019-11-13	1.17	1.15	1.18	1.15	922400
2019-11-14	1.16	1.12	1.17	1.13	1013200
2019-11-15	1.14	1.11	1.14	1.12	145800
2019-11-18	1.12	1.09	1.13	1.1	1224900
2019-11-19	1.11	1.08	1.11	1.09	369500
2019-11-20	1.09	1.08	1.09	1.08	79200
2019-11-21	1.08	0.99	1.08	1.0	1966400
2019-11-22	1.0	0.98	1.01	0.99	556600
2019-11-25	0.99	0.99	1.02	1.0	532000
2019-11-26	1.01	1.01	1.05	1.03	385200
2019-11-27	1.05	1.02	1.05	1.02	211000
2019-11-28	1.03	1.02	1.03	1.02	154500
2019-11-29	1.02	1.02	1.04	1.04	823500
2019-12-02	1.05	1.01	1.05	1.01	201100
2019-12-03	1.01	1.0	1.03	1.01	848200
2019-12-04	1.02	1.0	1.03	1.02	552500
2019-12-06	1.01	1.0	1.02	1.02	646200
2019-12-09	1.01	1.0	1.1	1.0	2025300
2019-12-11	1.01	1.0	1.04	1.01	364500
2019-12-12	1.01	1.01	1.13	1.04	3468500
2019-12-13	1.04	1.04	1.09	1.05	1731000
2019-12-16	1.03	1.03	1.06	1.03	889000
2019-12-17	1.05	1.03	1.05	1.04	864900
2019-12-18	1.04	1.04	1.06	1.05	1514100
2019-12-19	1.04	1.03	1.06	1.03	1591600
2019-12-20	1.03	1.03	1.06	1.04	1548700
2019-12-23	1.05	1.04	1.07	1.04	1548600
2019-12-24	1.04	1.03	1.06	1.06	2342800
2019-12-25	1.04	1.03	1.05	1.05	2387700
2019-12-26	1.04	1.04	1.06	1.05	2305800
2019-12-27	1.04	1.04	1.06	1.04	1593700
2019-12-30	1.05	1.04	1.05	1.05	2172900
2020-01-02	1.06	1.05	1.09	1.09	2158300
2020-01-03	1.09	1.06	1.09	1.06	1608400
2020-01-06	1.06	1.05	1.07	1.06	979300
2020-01-07	1.07	1.06	1.07	1.06	152100
2020-01-08	1.06	1.04	1.07	1.04	826000
2020-01-09	1.05	1.04	1.06	1.06	2405700
2020-01-10	1.06	1.06	1.08	1.06	807900
2020-01-13	1.06	1.06	1.09	1.07	870300
2020-01-14	1.07	1.07	1.09	1.08	785700
2020-01-15	1.07	1.07	1.09	1.08	151300
2020-01-16	1.08	1.08	1.1	1.09	101800
2020-01-17	1.1	1.09	1.13	1.11	1071300
2020-01-20	1.11	1.1	1.13	1.1	845300
2020-01-21	1.1	1.08	1.11	1.08	697100
2020-01-22	1.09	1.07	1.09	1.07	187200
2020-01-23	1.08	1.08	1.09	1.09	3800
2020-01-24	1.11	1.09	1.11	1.1	228500
2020-01-27	1.09	1.08	1.11	1.09	340100
2020-01-28	1.09	1.09	1.1	1.09	83900
2020-01-29	1.09	1.05	1.09	1.06	731700
2020-01-30	1.06	1.06	1.09	1.09	681400
2020-01-31	1.1	1.1	1.13	1.12	635700
2020-02-03	1.12	1.11	1.13	1.12	758200
2020-02-04	1.11	1.1	1.13	1.12	975700
2020-02-05	1.11	1.11	1.13	1.12	1305600
2020-02-06	1.13	1.11	1.13	1.11	308700
2020-02-07	1.12	1.12	1.14	1.12	616900
2020-02-11	1.14	1.12	1.14	1.14	682400
2020-02-12	1.15	1.14	1.15	1.14	172700
2020-02-13	1.14	1.14	1.15	1.14	100800
2020-02-14	1.15	1.1	1.16	1.13	1879800
2020-02-17	1.15	1.12	1.15	1.14	574500
2020-02-18	1.14	1.13	1.15	1.13	61700
2020-02-19	1.12	1.1	1.13	1.11	1287900
2020-02-20	1.11	1.09	1.11	1.09	1167000
2020-02-21	1.09	1.08	1.09	1.08	30000
2020-02-24	1.08	1.03	1.08	1.05	1934400
2020-02-25	1.02	1.01	1.05	1.05	1271500
2020-02-26	1.02	0.97	1.04	0.97	840600
2020-02-27	0.97	0.92	0.97	0.94	1291000
2020-02-28	0.98	0.94	0.98	0.95	65500
2020-03-02	0.99	0.89	0.99	0.94	767400
2020-03-03	0.9	0.9	0.94	0.94	1184100
2020-03-04	0.92	0.92	0.94	0.92	626400
2020-03-05	0.92	0.92	1.01	0.98	1259400
2020-03-06	0.96	0.96	1.0	1.0	599400
2020-03-09	1.01	0.9	1.01	0.9	1357400
2020-03-10	0.89	0.89	0.94	0.94	618600
2020-03-11	0.94	0.9	0.94	0.9	618900
2020-03-12	0.91	0.8	0.91	0.8	641400
2020-03-13	0.79	0.56	0.79	0.71	713700
2020-03-16	0.56	0.56	0.7	0.68	1383500
2020-03-17	0.63	0.62	0.67	0.67	652700
2020-03-18	0.67	0.66	0.68	0.66	639100
2020-03-19	0.62	0.62	0.66	0.64	585700
2020-03-20	0.64	0.64	0.73	0.73	266000
2020-03-23	0.67	0.67	0.69	0.68	600000
2020-03-24	0.67	0.63	0.68	0.65	651300
2020-03-25	0.63	0.63	0.67	0.65	75500
2020-03-26	0.64	0.64	0.67	0.66	156200
2020-03-27	0.66	0.65	0.67	0.65	86500
2020-03-30	0.65	0.65	0.66	0.65	110200
2020-03-31	0.65	0.65	0.68	0.68	644100
2020-04-01	0.68	0.68	0.7	0.69	620500
2020-04-02	0.7	0.68	0.7	0.69	14700
2020-04-03	0.7	0.68	0.7	0.69	34100
2020-04-07	0.69	0.69	0.72	0.72	798300
2020-04-08	0.74	0.71	0.74	0.73	84500
2020-04-09	0.74	0.74	0.8	0.78	120500
2020-04-10	0.78	0.77	0.8	0.79	47800
2020-04-13	0.81	0.81	0.9	0.9	1085000
2020-04-14	0.94	0.88	0.94	0.9	387600
2020-04-15	0.9	0.87	0.91	0.9	28800
2020-04-16	0.9	0.86	0.9	0.86	173000
2020-04-17	0.87	0.84	0.9	0.84	660300
2020-04-20	0.87	0.83	0.87	0.84	623200
2020-04-21	0.88	0.84	0.9	0.86	168700
2020-04-22	0.87	0.87	0.87	0.87	90100
2020-04-23	0.88	0.86	0.89	0.87	920000
2020-04-24	0.85	0.85	0.88	0.88	360700
2020-04-27	0.84	0.84	0.86	0.85	24500
2020-04-28	0.87	0.87	0.88	0.88	101800
2020-04-29	0.89	0.89	1.01	1.01	2571200
2020-04-30	1.02	1.0	1.16	1.06	4733400
2020-05-05	1.06	0.96	1.06	0.98	866100
2020-05-07	0.98	0.91	0.98	0.93	2861800
2020-05-08	0.93	0.92	0.97	0.95	515200
2020-05-11	0.96	0.95	1.06	0.99	2060700
2020-05-12	0.99	0.98	1.02	0.98	808100
2020-05-13	0.99	0.97	0.99	0.97	290900
2020-05-14	0.97	0.94	0.98	0.94	1077800
2020-05-15	0.94	0.94	0.98	0.96	472700
2020-05-18	0.96	0.95	0.97	0.96	517800
2020-05-19	0.96	0.95	0.98	0.95	561300
2020-05-20	0.96	0.96	0.97	0.96	753800
2020-05-21	0.96	0.96	0.97	0.97	440800
2020-05-22	0.97	0.92	0.97	0.95	408800
2020-05-25	0.96	0.96	0.98	0.97	1196300
2020-05-26	0.98	0.97	1.01	0.97	375800
2020-05-27	0.99	0.95	0.99	0.95	471200
2020-05-28	0.96	0.94	0.98	0.96	545300
2020-05-29	0.96	0.95	0.97	0.96	704600
2020-06-01	0.96	0.96	0.98	0.97	594600
2020-06-02	0.97	0.97	1.06	0.99	1635900
2020-06-04	1.0	0.99	1.04	1.01	917700
2020-06-05	1.02	1.0	1.03	1.01	543300
2020-06-08	1.01	1.0	1.02	1.01	266300
2020-06-09	1.02	0.99	1.02	0.99	337800
2020-06-10	1.0	0.98	1.0	1.0	143100
2020-06-11	1.0	0.95	1.0	0.95	698800
2020-06-12	0.95	0.95	0.98	0.98	224100
2020-06-15	0.98	0.95	0.98	0.95	46500
2020-06-16	0.97	0.94	0.97	0.96	130500
2020-06-17	0.96	0.93	0.96	0.93	538500
2020-06-18	0.94	0.94	0.97	0.94	84500
2020-06-19	0.95	0.95	0.98	0.97	630400
2020-06-22	0.95	0.95	0.98	0.95	216000
2020-06-23	0.97	0.96	0.99	0.99	363100
2020-06-24	0.99	0.96	0.99	0.96	293800
2020-06-25	0.97	0.95	0.97	0.96	41600
2020-06-26	0.98	0.94	0.98	0.94	31100
2020-06-29	0.96	0.94	0.96	0.94	431800
2020-06-30	0.95	0.94	0.96	0.96	85900
2020-07-01	0.96	0.94	0.96	0.96	369200
2020-07-02	0.96	0.95	1.0	0.97	796200
2020-07-03	0.98	0.95	1.0	0.97	819400
2020-07-07	0.98	0.96	1.01	0.96	1491700
2020-07-08	0.99	0.96	0.99	0.96	322000
2020-07-09	0.97	0.96	0.97	0.97	91400
2020-07-10	0.95	0.95	0.97	0.96	5200
2020-07-13	0.96	0.94	0.96	0.96	65800
2020-07-14	0.95	0.95	0.96	0.96	55800
2020-07-15	0.94	0.93	0.96	0.95	481800
2020-07-16	0.95	0.95	0.97	0.97	406200
2020-07-17	0.95	0.95	0.97	0.97	413000
2020-07-20	0.98	0.97	0.98	0.98	58000
2020-07-21	0.98	0.94	0.98	0.96	593600
2020-07-22	0.98	0.96	1.0	0.98	750600
2020-07-23	0.96	0.96	0.97	0.97	573300
2020-07-24	0.97	0.95	0.97	0.97	28700
2020-07-29	0.96	0.95	0.96	0.96	411600
2020-07-30	0.95	0.95	0.97	0.96	522500
2020-07-31	0.96	0.96	0.97	0.97	7200
2020-08-03	0.97	0.95	0.97	0.97	406800
2020-08-04	0.96	0.96	0.98	0.98	587900
2020-08-05	1.01	0.98	1.02	1.01	671300
2020-08-06	1.02	0.98	1.02	0.98	136200
2020-08-07	0.98	0.98	1.04	1.02	1451300
2020-08-10	1.04	1.02	1.04	1.03	154000
2020-08-11	1.04	1.01	1.04	1.03	460300
2020-08-13	1.0	0.97	1.02	0.98	666900
2020-08-14	1.0	0.95	1.0	0.99	428000
2020-08-17	0.97	0.96	1.0	0.97	465000
2020-08-18	1.0	1.0	1.11	1.11	13040000
2020-08-19	1.11	1.01	1.16	1.02	11554200
2020-08-20	1.01	0.96	1.04	1.01	904000
2020-08-21	1.02	0.99	1.03	1.0	683700
2020-08-24	0.99	0.99	1.04	1.01	541400
2020-08-25	1.0	1.0	1.04	1.0	565400
2020-08-26	1.0	0.96	1.0	0.98	669300
2020-08-27	0.98	0.98	1.0	0.99	167900
2020-08-28	0.99	0.98	1.0	0.98	212700
2020-08-31	0.97	0.95	1.0	0.96	365800
2020-09-01	0.96	0.96	0.99	0.96	171300
2020-09-02	0.97	0.96	0.98	0.96	87600
2020-09-03	0.97	0.96	0.98	0.97	127200
2020-09-08	0.96	0.91	0.96	0.92	377200
2020-09-09	0.92	0.9	0.92	0.9	435900
2020-09-10	0.91	0.89	0.91	0.89	202900
2020-09-11	0.9	0.88	0.9	0.9	93900
2020-09-14	0.87	0.85	0.9	0.89	136100
2020-09-15	0.86	0.85	0.89	0.88	28500
2020-09-16	0.89	0.84	0.89	0.87	93500
2020-09-17	0.86	0.84	0.87	0.84	63000
2020-09-18	0.84	0.84	0.87	0.84	83300
2020-09-21	0.85	0.84	0.85	0.84	13900
2020-09-22	0.84	0.83	0.86	0.84	124500
2020-09-23	0.84	0.83	0.84	0.83	75200
2020-09-24	0.83	0.82	0.84	0.84	131500
2020-09-25	0.84	0.82	0.84	0.82	93200
2020-09-28	0.82	0.81	0.83	0.81	263000
2020-09-29	0.82	0.81	0.84	0.82	126200
2020-09-30	0.83	0.82	0.83	0.82	86200
2020-10-01	0.82	0.82	0.82	0.82	1800
2020-10-02	0.82	0.81	0.83	0.82	74800
2020-10-05	0.83	0.81	0.83	0.83	227200
2020-10-06	0.83	0.81	0.84	0.81	256300
2020-10-07	0.82	0.81	0.83	0.82	325900
2020-10-08	0.82	0.81	0.83	0.81	264400
2020-10-09	0.82	0.81	0.82	0.81	70600
2020-10-12	0.82	0.81	0.83	0.82	30200
2020-10-14	0.83	0.82	0.83	0.82	156500
2020-10-15	0.83	0.8	0.83	0.81	170600
2020-10-16	0.81	0.78	0.81	0.8	161800
2020-10-19	0.79	0.75	0.79	0.78	187100
2020-10-20	0.77	0.73	0.77	0.75	430000
2020-10-21	0.75	0.72	0.75	0.72	1433700
2020-10-22	0.72	0.7	0.73	0.71	347200
2020-10-26	0.72	0.7	0.72	0.71	129600
2020-10-27	0.7	0.7	0.73	0.72	132500
2020-10-28	0.73	0.72	0.73	0.72	68700
2020-10-29	0.72	0.72	0.73	0.72	6200
2020-10-30	0.74	0.74	0.77	0.74	118700
2020-11-02	0.75	0.73	0.75	0.73	66800
2020-11-03	0.73	0.73	0.76	0.75	49000
2020-11-04	0.76	0.75	0.76	0.75	44700
2020-11-05	0.75	0.75	0.77	0.76	126000
2020-11-06	0.77	0.74	0.77	0.74	55700
2020-11-09	0.76	0.74	0.76	0.74	98700
2020-11-10	0.75	0.75	0.77	0.77	86900
2020-11-11	0.76	0.75	0.77	0.76	163700
2020-11-12	0.77	0.73	0.9	0.83	1657900
2020-11-13	0.83	0.83	0.84	0.84	288800
2020-11-16	0.9	0.86	0.9	0.86	351600
2020-11-17	0.89	0.87	0.91	0.87	623000
2020-11-18	0.87	0.85	0.88	0.88	98600
2020-11-19	0.88	0.85	0.88	0.87	372400
2020-11-20	0.87	0.86	0.88	0.87	336200
2020-11-23	0.87	0.86	0.9	0.89	372500
2020-11-24	0.89	0.88	0.9	0.89	202200
2020-11-25	0.89	0.89	0.91	0.9	358100
2020-11-26	0.9	0.88	0.9	0.88	175700
2020-11-27	0.88	0.88	0.9	0.89	41300
2020-11-30	0.89	0.88	0.9	0.88	73200
2020-12-01	0.88	0.88	0.9	0.89	135100
2020-12-02	0.89	0.89	0.9	0.89	125500
2020-12-03	0.89	0.89	0.91	0.91	365200
2020-12-04	0.9	0.9	0.93	0.91	231600
2020-12-08	0.93	0.93	1.0	0.96	1801900
2020-12-09	0.98	0.95	0.99	0.95	1091600
2020-12-14	0.95	0.95	0.99	0.98	657200
2020-12-15	0.98	0.96	0.98	0.97	243000
2020-12-16	0.97	0.97	1.0	0.99	485700
2020-12-17	0.99	0.99	1.05	1.03	1179100
2020-12-18	1.04	1.03	1.05	1.04	287600
2020-12-21	1.0	0.94	1.0	0.98	321900
2020-12-22	0.98	0.97	1.0	0.97	50200
2020-12-23	0.97	0.96	0.99	0.98	189100
2020-12-24	0.96	0.96	0.99	0.97	169100
2020-12-25	0.97	0.97	0.99	0.99	153800
2020-12-28	0.99	0.99	1.01	1.01	105300
2020-12-29	1.0	0.96	1.01	1.01	242400
2020-12-30	1.02	0.98	1.02	1.0	238100
2021-01-04	0.99	0.98	1.02	1.0	61600
2021-01-05	1.0	0.99	1.0	0.99	46200
2021-01-06	0.99	0.98	1.0	0.98	143100
2021-01-07	0.97	0.97	1.0	0.99	315600
2021-01-08	0.99	0.99	1.01	1.01	292000
2021-01-11	1.01	0.99	1.01	1.0	41900
2021-01-12	1.0	1.0	1.01	1.0	71300
2021-01-13	1.0	1.0	1.02	1.01	80000
2021-01-14	1.0	1.0	1.01	1.01	27200
2021-01-15	1.01	1.0	1.02	1.0	30300
2021-01-18	1.0	0.98	1.0	0.99	369800
2021-01-19	0.99	0.97	1.0	0.98	704300
2021-01-20	0.98	0.97	0.99	0.97	226500
2021-01-21	0.97	0.97	0.99	0.97	303300
2021-01-22	0.98	0.96	0.98	0.96	334100
2021-01-25	0.96	0.96	0.97	0.97	37100
2021-01-26	0.96	0.96	0.97	0.96	115500
2021-01-27	0.96	0.95	0.98	0.98	700600
2021-01-28	0.96	0.96	0.98	0.97	41000
2021-01-29	0.98	0.96	0.99	0.98	78900
2021-02-01	0.97	0.96	0.98	0.98	137300
2021-02-02	0.98	0.98	0.98	0.98	10000
2021-02-03	0.98	0.97	0.98	0.97	117100
2021-02-04	0.97	0.97	0.98	0.98	180700
2021-02-05	0.98	0.98	1.0	1.0	795700
2021-02-08	1.02	1.01	1.02	1.02	529900
2021-02-09	1.03	1.01	1.03	1.01	319400
2021-02-10	1.03	1.02	1.1	1.07	1302200
2021-02-11	1.15	1.06	1.15	1.07	802800
2021-02-15	1.08	1.05	1.08	1.06	341400
2021-02-16	1.05	1.04	1.06	1.05	352500
2021-02-17	1.04	1.01	1.05	1.03	1158100
2021-02-18	1.05	1.04	1.05	1.04	94400
2021-02-19	1.02	1.02	1.04	1.02	166600
2021-02-22	1.01	0.99	1.01	1.0	452500
2021-02-23	0.99	0.99	1.01	1.0	230900
2021-02-24	1.0	0.99	1.0	1.0	269700
2021-02-25	1.12	1.09	1.21	1.13	8203500
2021-03-01	1.13	1.13	1.21	1.15	1680700
2021-03-02	1.18	1.13	1.18	1.13	766400
2021-03-03	1.12	1.12	1.14	1.13	255700
2021-03-04	1.12	1.09	1.15	1.14	315200
2021-03-05	1.14	1.13	1.14	1.13	245300
2021-03-08	1.15	1.15	1.21	1.19	1145700
2021-03-09	1.2	1.14	1.2	1.2	601400
2021-03-10	1.2	1.18	1.2	1.19	285100
2021-03-11	1.2	1.2	1.25	1.21	734400
2021-03-12	1.25	1.21	1.26	1.25	333600
2021-03-15	1.27	1.2	1.27	1.22	937700
2021-03-16	1.21	1.2	1.23	1.21	641100
2021-03-17	1.22	1.21	1.25	1.22	493700
2021-03-18	1.22	1.22	1.24	1.24	195800
2021-03-19	1.25	1.22	1.28	1.26	948600
2021-03-22	1.27	1.23	1.28	1.26	413200
2021-03-23	1.27	1.25	1.27	1.26	763200
2021-03-24	1.27	1.25	1.35	1.33	1733500
2021-03-25	1.36	1.33	1.37	1.34	1364300
2021-03-26	1.34	1.31	1.42	1.38	1835800
2021-03-29	1.4	1.36	1.48	1.45	4799000
2021-03-30	1.48	1.44	1.49	1.45	2194400
2021-03-31	1.48	1.44	1.48	1.44	568900
2021-04-01	1.45	1.44	1.68	1.59	13022500
2021-04-02	1.59	1.54	1.61	1.55	2543800
2021-04-05	1.58	1.48	1.58	1.5	2579400
2021-04-07	1.49	1.43	1.49	1.43	1637900
2021-04-08	1.41	1.4	1.45	1.4	1228400
2021-04-09	1.41	1.41	1.46	1.42	1202000
2021-04-12	1.42	1.33	1.44	1.35	1525500
2021-04-16	1.35	1.33	1.37	1.35	720900
2021-04-19	1.36	1.33	1.39	1.38	854300
2021-04-20	1.4	1.39	1.48	1.46	2861000
2021-04-21	1.47	1.44	1.61	1.53	8456700
2021-04-22	1.6	1.52	1.73	1.52	15516700
2021-04-23	1.51	1.45	1.51	1.45	2113000
2021-04-26	1.43	1.43	1.48	1.44	1134900
2021-04-27	1.43	1.43	1.56	1.53	4481500
2021-04-28	1.54	1.51	1.57	1.52	1787500
2021-04-29	1.54	1.51	1.54	1.51	761800
2021-04-30	1.51	1.51	1.55	1.53	1073200
2021-05-05	1.57	1.54	1.69	1.6	6490900
2021-05-06	1.59	1.57	1.61	1.59	1393300
2021-05-07	1.6	1.6	1.69	1.66	7736000
2021-05-10	1.73	1.66	1.73	1.66	5423100
2021-05-11	1.65	1.59	1.66	1.62	3686500
2021-05-12	1.62	1.55	1.63	1.55	2346300
2021-05-13	1.55	1.37	1.61	1.52	2937300
2021-05-14	1.56	1.5	1.57	1.55	1685300
2021-05-17	1.53	1.5	1.56	1.53	761000
2021-05-18	1.55	1.55	1.58	1.56	619600
2021-05-19	1.55	1.55	1.59	1.58	851900
2021-05-20	1.61	1.59	1.81	1.64	18152200
2021-05-21	1.66	1.64	1.7	1.68	2982300
2021-05-24	1.67	1.63	1.69	1.64	2370500
2021-05-25	1.68	1.65	1.71	1.67	3219600
2021-05-27	1.68	1.64	1.7	1.66	1299700
2021-05-28	1.67	1.64	1.67	1.65	706200
2021-05-31	1.65	1.62	1.66	1.64	1418700
2021-06-01	1.64	1.63	1.74	1.7	4746300
2021-06-02	1.74	1.64	1.78	1.72	7206700
2021-06-04	1.73	1.69	1.79	1.74	3427600
2021-06-07	1.78	1.74	1.83	1.76	7800700
2021-06-08	1.8	1.74	1.82	1.77	2535200
2021-06-09	1.77	1.74	1.79	1.75	1542200
2021-06-10	1.74	1.72	1.75	1.73	1280900
2021-06-11	1.74	1.74	1.81	1.81	3018900
2021-06-14	1.83	1.83	1.96	1.9	11115700
2021-06-15	1.91	1.86	1.95	1.88	7461300
2021-06-16	1.93	1.89	1.98	1.94	8527300
2021-06-17	1.94	1.93	2.0	1.95	7508600
2021-06-18	1.96	1.95	2.16	2.04	19776200
2021-06-21	1.99	1.94	2.0	1.96	4784000
2021-06-22	1.98	1.86	2.0	1.86	6106100
2021-06-23	1.86	1.81	1.88	1.83	3587900
2021-06-24	1.81	1.73	1.85	1.75	4161200
2021-06-25	1.75	1.75	1.81	1.8	1806000
2021-06-28	1.74	1.74	1.8	1.76	1067200
2021-06-29	1.75	1.75	1.84	1.81	1349800
2021-06-30	1.84	1.82	1.87	1.85	1502300
2021-07-01	1.87	1.86	1.95	1.95	3652100
2021-07-02	2.04	1.9	2.12	1.93	13050000
2021-07-05	1.9	1.85	1.99	1.98	2709100
2021-07-06	2.0	1.97	2.06	2.02	3634400
2021-07-07	2.02	1.93	2.04	1.94	2060400
2021-07-08	1.9	1.81	1.93	1.82	3173900
2021-07-09	1.8	1.8	1.88	1.85	2482300
2021-07-12	1.99	1.89	1.99	1.94	2597700
2021-07-13	1.94	1.93	2.06	2.06	4859300
2021-07-14	2.1	2.08	2.52	2.38	113191700
2021-07-15	2.4	2.2	2.42	2.24	17441900
2021-07-16	2.26	2.24	2.48	2.32	31946900
2021-07-19	2.36	2.26	2.44	2.32	15550600
2021-07-20	2.3	2.2	2.34	2.22	7147300
2021-07-21	2.22	2.2	2.3	2.24	5553900
2021-07-22	2.26	2.26	2.32	2.26	8765800
2021-07-23	2.3	2.2	2.3	2.22	4043600
2021-07-27	2.22	2.2	2.28	2.24	4439200
2021-07-29	2.26	2.0	2.26	2.0	15458000
2021-07-30	2.0	1.86	2.02	1.86	10230400
2021-08-02	1.84	1.8	1.87	1.86	3652700
2021-08-03	1.86	1.86	1.96	1.93	6042300
2021-08-04	1.96	1.92	1.97	1.92	3126100
2021-08-05	1.92	1.88	1.93	1.89	1526000
2021-08-06	1.89	1.85	1.91	1.88	1440400
2021-08-09	1.85	1.84	1.91	1.88	1659500
2021-08-10	1.88	1.88	1.94	1.9	1114800
2021-08-11	1.9	1.84	1.91	1.84	2419700
2021-08-13	1.84	1.82	1.88	1.84	2192400
2021-08-16	1.82	1.41	1.82	1.73	4334800
2021-08-17	1.71	1.68	1.72	1.68	821200
2021-08-18	1.68	1.68	1.77	1.73	1281500
2021-08-19	1.75	1.71	1.79	1.78	1248300
2021-08-20	1.77	1.73	1.77	1.75	630600
2021-08-23	1.77	1.74	1.78	1.76	607000
2021-08-24	1.79	1.77	1.84	1.83	1070400
2021-08-25	1.84	1.78	1.84	1.82	968400
2021-08-26	1.82	1.79	1.83	1.81	961500
2021-08-27	1.8	1.8	2.04	2.02	20404800
2021-08-30	2.02	1.98	2.04	1.98	8094400
2021-08-31	1.99	1.94	2.02	1.96	3255200
2021-09-01	1.95	1.95	2.12	2.12	11581000
2021-09-02	2.14	2.1	2.18	2.1	13255300
2021-09-03	2.14	2.12	2.24	2.16	11629300
2021-09-06	2.2	2.14	2.2	2.16	4700500
2021-09-07	2.18	1.97	2.2	2.02	8743500
2021-09-08	2.06	1.99	2.06	2.04	2368200
2021-09-09	2.04	2.02	2.1	2.04	3111500
2021-09-10	2.04	2.04	2.08	2.08	1404000
2021-09-13	2.14	2.06	2.14	2.08	1640700
2021-09-14	2.1	2.0	2.1	2.02	2052500
2021-09-15	2.02	2.0	2.1	2.08	1953800
2021-09-16	2.12	2.04	2.12	2.1	952700
2021-09-17	2.1	2.04	2.1	2.1	1103800
2021-09-20	2.12	2.04	2.12	2.08	1581400
2021-09-21	2.08	1.98	2.1	2.06	1672900
2021-09-22	2.04	2.0	2.06	2.04	1604500
2021-09-23	2.06	1.98	2.06	2.04	2799000
2021-09-27	2.06	1.96	2.06	2.02	2191200
2021-09-28	2.0	1.97	2.0	2.0	1133800
2021-09-29	1.99	1.97	2.02	2.02	1048700
2021-09-30	2.02	1.97	2.02	2.02	1952800
2021-10-01	2.02	1.97	2.02	2.0	896600
2021-10-04	1.99	1.99	2.02	2.02	638400
2021-10-05	2.0	1.97	2.02	2.02	1427200
2021-10-06	2.02	1.99	2.02	2.02	657100
2021-10-07	2.02	2.0	2.06	2.04	2962800
2021-10-08	2.06	2.0	2.08	2.0	5347400
2021-10-11	2.0	1.98	2.04	2.02	2938200
2021-10-12	2.04	2.0	2.1	2.08	4502400
2021-10-14	2.08	2.04	2.08	2.06	2195700
2021-10-15	2.06	1.99	2.06	2.02	2232300
2021-10-18	2.04	2.0	2.08	2.06	1964200
2021-10-19	2.06	2.0	2.18	2.18	5562600
2021-10-20	2.16	2.06	2.2	2.1	8230600
2021-10-21	2.12	2.1	2.14	2.1	965800
2021-10-25	2.12	2.02	2.12	2.02	1606100
2021-10-26	2.02	1.98	2.08	2.04	2463500
2021-10-27	2.04	2.04	2.22	2.18	10339700
2021-10-28	2.18	2.06	2.18	2.06	3847600
2021-10-29	2.08	2.06	2.16	2.14	2292600
2021-11-01	2.16	2.08	2.38	2.36	83457700
2021-11-02	2.3	2.2	2.32	2.2	27479400
2021-11-03	2.22	2.06	2.38	2.06	44060300
2021-11-04	2.06	2.06	2.18	2.14	6451900
2021-11-05	2.14	2.14	2.7	2.52	107215100
2021-11-08	2.74	2.5	2.76	2.56	40820600
2021-11-09	2.52	2.4	2.56	2.52	14646500
2021-11-10	2.54	2.44	2.62	2.46	15047800
2021-11-11	2.48	2.42	2.54	2.46	10497400
2021-11-12	2.48	2.26	2.48	2.26	12906700
2021-11-15	2.22	2.16	2.3	2.28	8327200
2021-11-16	2.28	2.12	2.3	2.14	4761800
2021-11-17	2.12	2.12	2.24	2.16	3071600
2021-11-18	2.2	2.16	2.24	2.22	3632000
2021-11-19	2.24	2.18	2.26	2.18	2610700
2021-11-22	2.18	2.16	2.24	2.22	5572000
2021-11-23	2.22	2.2	2.26	2.2	3190400
2021-11-24	2.2	2.18	2.22	2.18	2364000
2021-11-25	2.2	2.18	2.36	2.32	15509800
2021-11-26	2.3	2.18	2.34	2.18	6563000
2021-11-29	2.2	2.1	2.2	2.18	2316400
2021-11-30	2.2	2.0	2.22	2.02	3655200
2021-12-01	2.0	2.0	2.18	2.08	3256400
2021-12-02	2.08	2.08	2.14	2.1	1294900
2021-12-03	2.14	2.08	2.18	2.08	1203100
2021-12-07	2.08	2.08	2.18	2.16	1829200
2021-12-08	2.18	2.18	2.26	2.26	3923400
2021-12-09	2.6	2.48	2.74	2.5	86415800
2021-12-13	2.44	2.38	2.5	2.46	9273900
2021-12-14	2.52	2.46	2.62	2.48	15306200
2021-12-15	2.52	2.48	2.74	2.54	66055900
2021-12-16	2.52	2.48	2.58	2.52	8491000
2021-12-17	2.5	2.36	2.56	2.44	11087400
2021-12-20	2.44	2.3	2.46	2.3	4317000
2021-12-21	2.3	2.26	2.36	2.32	1868400
2021-12-22	2.36	2.32	2.4	2.34	2165500
2021-12-23	2.34	2.3	2.4	2.32	1454000
2021-12-24	2.36	2.28	2.36	2.3	1755500
2021-12-27	2.34	2.28	2.34	2.28	910200
2021-12-28	2.28	2.2	2.34	2.22	3700400
2021-12-29	2.22	2.12	2.28	2.18	1769200
2021-12-30	2.18	2.12	2.24	2.12	2184400
2022-01-04	2.14	2.14	2.22	2.22	2459000
2022-01-05	2.24	2.16	2.24	2.16	1536300
2022-01-06	2.16	2.12	2.18	2.16	1794700
2022-01-07	2.16	2.16	2.22	2.18	1028800
2022-01-10	2.22	2.22	2.44	2.44	17406000
2022-01-11	2.46	2.34	2.52	2.46	19492900
2022-01-12	2.46	2.44	2.52	2.46	5496500
2022-01-13	2.5	2.4	2.56	2.56	13818400
2022-01-14	2.52	2.5	2.62	2.56	18981500
2022-01-17	2.56	2.44	2.58	2.54	10631500
2022-01-18	2.54	2.46	2.54	2.46	3286600
2022-01-19	2.48	2.4	2.84	2.84	69680400
2022-01-20	2.72	2.48	2.76	2.5	32644900
2022-01-21	2.5	2.42	2.56	2.54	8584700
2022-01-24	2.48	2.38	2.52	2.38	4389400
2022-01-25	2.3	2.24	2.36	2.3	6594300
2022-01-26	2.3	2.28	2.36	2.3	1890400
2022-01-27	2.3	2.16	2.3	2.22	2926400
2022-01-28	2.2	2.2	2.28	2.22	1178800
2022-01-31	2.2	2.2	2.36	2.34	3012800
2022-02-01	2.38	2.3	2.38	2.38	1833800
2022-02-02	2.34	2.34	2.44	2.44	1575300
2022-02-03	2.4	2.36	2.48	2.36	2010600
2022-02-04	2.4	2.34	2.4	2.36	988900
2022-02-07	2.38	2.34	2.4	2.36	971700
2022-02-08	2.38	2.36	2.44	2.38	1192900
2022-02-09	2.4	2.38	2.66	2.52	24925900
2022-02-10	2.54	2.46	2.6	2.48	15869800
2022-02-11	2.46	2.44	2.58	2.46	10736300
2022-02-14	2.44	2.32	2.46	2.4	5007100
2022-02-15	2.42	2.4	2.48	2.4	1780900
2022-02-17	2.42	2.42	2.52	2.5	2880000
2022-02-18	2.5	2.42	2.56	2.42	3762000
2022-02-21	2.42	2.36	2.44	2.38	1742900
2022-02-22	2.34	2.3	2.42	2.42	1765200
2022-02-23	2.42	2.4	2.5	2.44	1843600
2022-02-24	2.48	2.34	2.48	2.38	1869800
2022-02-25	2.36	2.36	2.7	2.66	18460200
2022-02-28	2.64	2.52	2.84	2.84	76577400
2022-03-01	2.82	2.8	3.16	3.12	66799100
2022-03-02	3.06	2.86	3.1	2.98	25742600
2022-03-03	3.0	2.94	3.12	2.98	14848900
2022-03-04	2.96	2.8	3.04	2.9	12689400
2022-03-07	2.82	2.56	2.88	2.64	11679700
2022-03-08	2.62	2.46	2.7	2.62	8640300
2022-03-09	2.6	2.54	2.74	2.7	7516200
2022-03-10	2.74	2.62	2.74	2.62	3127400
2022-03-11	2.62	2.56	2.78	2.78	9351300
2022-03-14	2.78	2.78	2.98	2.92	12855700
2022-03-15	2.92	2.68	2.92	2.68	8353800
2022-03-16	2.72	2.7	2.78	2.76	4205400
2022-03-17	2.8	2.76	2.88	2.82	5569200
2022-03-18	2.84	2.78	2.86	2.8	5746600
2022-03-21	2.8	2.76	2.92	2.76	8809700
2022-03-22	2.8	2.76	2.84	2.78	3451100
2022-03-23	2.78	2.68	2.8	2.72	4213200
2022-03-24	2.7	2.66	2.74	2.68	2286000
2022-03-25	2.68	2.6	2.7	2.6	3546600
2022-03-28	2.62	2.62	2.7	2.66	1576400
2022-03-29	2.66	2.66	2.78	2.76	5242700
2022-03-30	2.76	2.7	2.8	2.76	5087600
2022-03-31	2.8	2.76	2.96	2.9	24398000
2022-04-01	3.12	3.06	3.64	3.54	108774600
2022-04-04	3.5	3.48	4.58	3.98	209643100
2022-04-05	3.9	3.72	4.26	3.72	53910900
2022-04-07	3.76	3.6	3.82	3.74	13080700
2022-04-08	3.74	3.7	3.86	3.76	12840300
2022-04-11	3.76	3.6	4.16	3.6	36666800
2022-04-12	3.6	3.54	3.74	3.66	5914400
2022-04-18	3.76	3.66	3.88	3.84	7945700
2022-04-19	3.84	3.74	3.96	3.74	12678800
2022-04-20	3.78	3.74	3.9	3.8	10783900
2022-04-21	3.84	3.84	4.14	3.96	128534000
2022-04-22	3.92	3.86	3.94	3.9	10513000
2022-04-25	3.86	3.74	3.86	3.78	9457200
2022-04-26	3.78	3.56	3.84	3.58	9224300
2022-04-27	3.56	3.36	3.56	3.46	8623400
2022-04-28	3.5	3.42	3.52	3.48	2475200
2022-04-29	3.5	3.44	3.56	3.44	2484100
2022-05-03	3.42	3.2	3.44	3.2	4433500
2022-05-05	3.18	3.18	3.3	3.2	3000900
2022-05-06	3.14	3.12	3.28	3.2	2004900
2022-05-09	3.16	2.9	3.2	2.92	6418800
2022-05-10	2.9	2.88	3.1	3.1	9486700
2022-05-11	3.12	2.96	3.16	2.96	2843200
2022-05-12	2.96	2.8	2.96	2.82	2583500
2022-05-13	2.84	2.8	2.92	2.8	1855000
2022-05-17	2.78	2.7	2.96	2.94	5677500
2022-05-18	3.02	2.88	3.02	2.9	874100
2022-05-19	2.84	2.82	2.92	2.82	900600
2022-05-20	2.84	2.84	3.02	2.96	9763800
2022-05-23	2.94	2.94	3.06	2.94	7655300
2022-05-24	2.94	2.94	3.1	3.02	14041700
2022-05-25	3.02	2.98	3.08	3.0	5425400
2022-05-26	3.02	2.98	3.08	3.0	4260600
2022-05-27	3.0	2.88	3.02	2.92	2667300
2022-05-30	2.92	2.9	2.98	2.92	616500
2022-05-31	2.94	2.9	3.0	2.96	2088600
2022-06-01	2.96	2.9	2.96	2.92	1632300
2022-06-02	2.88	2.84	2.94	2.86	2736100
2022-06-06	2.86	2.82	2.92	2.88	996600
2022-06-07	2.9	2.88	3.0	2.94	5207000
2022-06-08	2.94	2.94	2.98	2.96	1250300
2022-06-09	2.96	2.88	2.96	2.88	2900300
2022-06-10	2.88	2.86	2.92	2.9	776900
2022-06-13	2.82	2.64	2.82	2.64	9688400
2022-06-14	2.6	2.56	2.76	2.66	9455000
2022-06-15	2.68	2.62	2.7	2.62	996700
2022-06-16	2.66	2.46	2.72	2.46	8744000
2022-06-17	2.46	2.4	2.5	2.46	1644900
2022-06-20	2.46	2.32	2.46	2.34	3141500
2022-06-21	2.34	2.34	2.54	2.48	2894400
2022-06-22	2.46	2.38	2.52	2.48	2629600
2022-06-23	2.54	2.44	2.78	2.44	26300800
2022-06-24	2.46	2.38	2.48	2.4	2684700
2022-06-27	2.4	2.4	2.5	2.44	7230800
2022-06-28	2.44	2.44	2.52	2.48	2099300
2022-06-29	2.48	2.42	2.48	2.44	1142700
2022-06-30	2.44	2.3	2.44	2.32	2607200
2022-07-01	2.3	2.26	2.34	2.3	539500
2022-07-04	2.3	2.26	2.36	2.3	1909500
2022-07-05	2.3	2.14	2.3	2.14	2246000
2022-07-06	2.14	2.1	2.2	2.16	973600
2022-07-07	2.16	2.16	2.28	2.24	1754400
2022-07-08	2.24	2.18	2.24	2.18	404700
2022-07-11	2.18	2.14	2.2	2.18	375700
2022-07-12	2.16	2.14	2.2	2.14	552600
2022-07-14	2.12	2.08	2.24	2.14	3065700
2022-07-15	2.14	2.04	2.18	2.08	1972100
2022-07-18	2.06	2.06	2.12	2.1	350200
2022-07-19	2.14	2.06	2.16	2.08	520700
2022-07-20	2.08	2.06	2.12	2.08	256500
2022-07-21	2.08	2.04	2.1	2.06	514700
2022-07-22	2.08	2.04	2.1	2.1	345300
2022-07-25	2.06	2.04	2.14	2.12	775700
2022-07-26	2.12	2.1	2.18	2.14	592900
2022-07-27	2.14	2.14	2.22	2.16	829200
2022-08-01	2.18	2.14	2.2	2.14	496200
2022-08-02	2.18	2.1	2.18	2.1	436400
2022-08-03	2.16	2.08	2.16	2.12	133100
2022-08-04	2.14	2.1	2.16	2.1	957900
2022-08-05	2.16	2.12	2.16	2.12	211100
2022-08-08	2.12	2.12	2.16	2.14	173800
2022-08-09	2.14	2.12	2.16	2.16	137600
2022-08-10	2.16	2.04	2.16	2.08	3536000
2022-08-11	2.08	1.92	2.08	1.94	2534300
2022-08-15	1.94	1.94	2.02	2.02	3313600
2022-08-16	2.02	1.97	2.02	1.98	1058600
2022-08-17	1.99	1.98	2.0	2.0	287100
2022-08-18	2.0	1.97	2.0	1.99	1083700
2022-08-19	1.99	1.95	2.02	1.99	1985800
2022-08-22	2.02	1.95	2.02	1.96	3498400
2022-08-23	1.96	1.94	1.96	1.96	543700
2022-08-24	1.96	1.91	1.96	1.91	724700
2022-08-25	1.93	1.92	1.94	1.93	195800
2022-08-26	1.93	1.93	1.95	1.93	89400
2022-08-29	1.93	1.91	1.97	1.96	778000
2022-08-30	1.96	1.94	1.97	1.94	691200
2022-08-31	1.94	1.89	1.97	1.89	727000
2022-09-01	1.89	1.82	1.9	1.83	859800
2022-09-02	1.83	1.77	1.84	1.78	641800
2022-09-05	1.76	1.69	1.77	1.73	2843300
2022-09-06	1.72	1.72	1.76	1.76	1462100
2022-09-07	1.75	1.75	1.8	1.8	1712100
2022-09-08	1.8	1.8	1.86	1.85	1659700
2022-09-09	1.84	1.84	1.94	1.94	3598000
2022-09-12	1.96	1.96	2.04	2.02	4980100
2022-09-13	2.0	1.98	2.06	1.99	3074400
2022-09-14	1.95	1.95	1.99	1.99	1206600
2022-09-15	1.99	1.96	1.99	1.96	492300
2022-09-16	1.97	1.88	1.97	1.89	1230000
2022-09-19	1.88	1.81	1.89	1.81	2300300
2022-09-20	1.82	1.81	1.87	1.86	910100
2022-09-21	1.85	1.85	1.9	1.87	738900
2022-09-22	1.89	1.86	1.99	1.94	2698300
2022-09-23	1.94	1.92	1.97	1.94	2371100
2022-09-26	1.93	1.86	1.93	1.87	1304100
2022-09-27	1.86	1.79	1.87	1.8	601200
2022-09-28	1.81	1.74	1.81	1.76	363200
2022-09-29	1.76	1.74	1.79	1.74	203800
2022-09-30	1.74	1.74	1.77	1.76	94700
2022-10-03	1.78	1.72	1.78	1.72	164600
2022-10-04	1.74	1.74	1.99	1.89	20682800
2022-10-05	1.89	1.76	1.95	1.78	10389400
2022-10-06	1.81	1.77	1.82	1.78	739500
2022-10-07	1.78	1.74	1.81	1.75	551600
2022-10-10	1.75	1.72	1.76	1.72	401900
2022-10-11	1.71	1.7	1.78	1.71	580600
2022-10-12	1.71	1.71	1.76	1.72	212900
2022-10-17	1.73	1.71	1.78	1.76	5922300
2022-10-18	1.79	1.75	1.97	1.85	19544000
2022-10-19	1.87	1.78	1.91	1.78	5378800
2022-10-20	1.79	1.78	1.83	1.78	706300
2022-10-21	1.79	1.79	1.86	1.79	1925200
2022-10-25	1.8	1.79	1.82	1.8	548800
2022-10-26	1.8	1.76	1.82	1.78	659700
2022-10-27	1.77	1.77	1.81	1.79	307300
2022-10-28	1.79	1.75	1.81	1.76	507900
2022-10-31	1.76	1.74	1.78	1.75	477300
2022-11-01	1.75	1.74	1.81	1.76	761300
2022-11-02	1.76	1.73	1.77	1.74	4949700
2022-11-03	1.74	1.73	1.76	1.75	460700
2022-11-04	1.76	1.74	1.77	1.75	400300
2022-11-07	1.75	1.74	1.77	1.76	302800
2022-11-08	1.75	1.74	1.75	1.74	221200
2022-11-09	1.76	1.72	1.76	1.72	655200
2022-11-10	1.73	1.73	1.79	1.77	2097300
2022-11-11	1.87	1.79	1.95	1.79	12824500
2022-11-14	1.79	1.77	1.8	1.77	1153200
2022-11-15	1.77	1.74	1.8	1.78	1032100
2022-11-16	1.79	1.74	1.79	1.78	671000
2022-11-17	1.77	1.76	1.79	1.76	346600
2022-11-18	1.76	1.74	1.78	1.75	377200
2022-11-21	1.75	1.73	1.75	1.74	196400
2022-11-22	1.75	1.74	1.79	1.78	1189800
2022-11-23	1.81	1.78	1.86	1.83	1411100
2022-11-24	1.83	1.83	1.92	1.86	2645400
2022-11-25	1.88	1.87	1.91	1.87	5719700
2022-11-28	1.88	1.86	1.92	1.89	3283400
2022-11-29	1.91	1.88	1.93	1.89	3102100
2022-11-30	1.9	1.87	1.9	1.87	1447600
2022-12-01	1.88	1.85	1.9	1.89	1360400
2022-12-02	1.91	1.87	1.93	1.87	3588100
2022-12-06	1.88	1.87	1.96	1.93	7168900
2022-12-07	1.93	1.91	2.04	2.04	13086100
2022-12-08	2.02	1.98	2.04	2.02	8782700
2022-12-09	2.02	2.0	2.14	2.1	7493700
2022-12-13	2.14	2.1	2.26	2.26	10657500
2022-12-14	2.28	2.18	2.28	2.2	7700900
2022-12-15	2.26	2.12	2.26	2.14	4350900
2022-12-16	2.1	2.04	2.1	2.06	4696100
2022-12-19	2.06	2.04	2.18	2.18	3553100
2022-12-20	2.18	2.1	2.18	2.16	2880400
2022-12-21	2.12	2.12	2.24	2.16	2498400
2022-12-22	2.16	2.14	2.18	2.14	921500
2022-12-23	2.12	2.02	2.14	2.04	3765700
2022-12-26	2.04	2.02	2.08	2.04	915500
2022-12-27	2.04	2.04	2.12	2.12	1483400
2022-12-28	2.12	2.06	2.12	2.08	444500
2022-12-29	2.1	2.08	2.1	2.08	431400
2022-12-30	2.06	2.06	2.16	2.08	1182700
