Date	Price Open	Price Low	Price High	Price Close	Volume
2016-07-04	7.642979	6.6089289	7.7778551	6.7887637	441230400
2016-07-05	6.8337224	6.8337224	7.9127312	7.9127312	397102900
2016-07-06	8.0026486	7.6879377	8.2274421	7.8677725	283705900
2016-07-07	7.9127312	7.5081029	8.0026486	7.5081029	87753500
2016-07-08	7.4631442	7.193392	7.6879377	7.193392	65725700
2016-07-11	7.3732268	7.193392	7.4631442	7.2383507	48042900
2016-07-12	7.2833094	6.7887637	7.3282681	6.7887637	37269500
2016-07-13	6.9236398	6.6089289	7.0585159	6.6988463	25660300
2016-07-14	6.743805	6.6089289	6.7887637	6.6089289	12949100
2016-07-15	6.6538876	6.6089289	7.1034746	6.9236398	40289200
2016-07-20	6.7887637	6.743805	7.2383507	7.2383507	14572500
2016-07-21	7.2383507	6.9685985	7.2383507	7.0135572	5788400
2016-07-22	7.0135572	6.8786811	7.1034746	6.9236398	2494800
2016-07-25	7.0585159	6.9236398	7.1484333	6.9685985	3764000
2016-07-26	7.0585159	6.8786811	7.0585159	6.9685985	3039900
2016-07-27	6.9236398	6.8786811	7.0135572	6.9236398	2029400
2016-07-28	6.9236398	6.9236398	7.193392	7.1484333	6710100
2016-07-29	7.1034746	7.1034746	7.5081029	7.4181855	17705200
2016-08-01	7.4631442	7.2833094	7.5980203	7.4181855	10662100
2016-08-02	7.4181855	7.3282681	7.5530616	7.3282681	7378600
2016-08-03	7.3282681	7.1484333	7.3732268	7.3282681	5706800
2016-08-04	7.3282681	7.1484333	7.3732268	7.193392	3540400
2016-08-05	7.2383507	7.1484333	7.3282681	7.2383507	2455200
2016-08-08	7.2833094	7.2833094	7.5980203	7.5980203	9059000
2016-08-09	7.642979	7.4181855	7.7328964	7.5081029	6843600
2016-08-10	7.5980203	7.4631442	7.5980203	7.5980203	3363000
2016-08-11	7.5980203	7.2833094	7.5980203	7.2833094	6305800
2016-08-15	7.193392	7.0135572	7.3732268	7.0585159	4380200
2016-08-16	6.9685985	6.8786811	7.1034746	6.9236398	5615500
2016-08-17	6.8786811	6.7887637	6.9685985	6.9685985	3627300
2016-08-18	7.1034746	7.0135572	7.1034746	7.1034746	5117100
2016-08-19	7.1034746	6.8786811	7.1484333	7.0135572	2663200
2016-08-22	7.0135572	6.8786811	7.0135572	6.9236398	2470100
2016-08-23	6.9685985	6.9236398	7.2383507	7.1034746	8513800
2016-08-24	7.1034746	7.1034746	7.4631442	7.3732268	23826200
2016-08-25	7.4181855	7.2383507	7.5081029	7.4181855	7489800
2016-08-26	7.4631442	7.2833094	7.4631442	7.2833094	5314900
2016-08-29	7.4631442	7.3732268	8.092566	8.092566	87575600
2016-08-30	8.092566	7.7778551	8.2274421	7.8677725	58235600
2016-08-31	7.9127312	7.7328964	8.1824834	8.1824834	41914000
2016-09-01	8.2724008	7.8677725	8.3623182	7.8677725	57485000
2016-09-02	7.8677725	7.4181855	7.9576899	7.8677725	26721900
2016-09-05	7.642979	5.5299201	7.8228138	7.193392	17654800
2016-09-06	7.193392	7.0135572	7.2833094	7.193392	6985200
2016-09-07	7.2383507	7.1034746	7.3282681	7.1034746	6169900
2016-09-08	7.0135572	6.4290941	7.0585159	6.743805	10536300
2016-09-09	6.5639702	6.4740528	6.7887637	6.6988463	4039800
2016-09-12	6.5639702	6.5639702	6.8786811	6.743805	9472300
2016-09-13	6.8786811	6.6988463	6.8786811	6.743805	3123700
2016-09-14	6.743805	6.6988463	6.8786811	6.8786811	2462600
2016-09-15	6.9236398	6.9236398	7.1034746	6.9685985	4453900
2016-09-16	7.1034746	6.9685985	7.1034746	7.0135572	895000
2016-09-19	7.0585159	7.0585159	7.3732268	7.3282681	3406200
2016-09-20	7.2833094	7.0135572	7.2833094	7.1034746	3864600
2016-09-21	7.1034746	7.1034746	7.193392	7.1484333	1142000
2016-09-22	7.1484333	7.1484333	7.2833094	7.193392	1811300
2016-09-23	7.2833094	7.1034746	7.2833094	7.1034746	854100
2016-09-26	7.193392	7.1484333	7.2383507	7.2383507	2255600
2016-09-27	7.2383507	7.1484333	7.2383507	7.193392	2223000
2016-09-28	7.193392	7.1484333	7.3282681	7.193392	3904500
2016-09-29	7.193392	7.0585159	7.2383507	7.0585159	3019000
2016-09-30	7.0135572	6.743805	7.0585159	6.7887637	8678500
2016-10-03	6.7887637	6.6538876	6.8786811	6.6988463	3823400
2016-10-04	6.6988463	6.6538876	6.8337224	6.6988463	4892900
2016-10-05	6.743805	6.743805	7.0585159	7.0585159	6894600
2016-10-06	7.193392	7.0135572	7.2383507	7.0135572	7030000
2016-10-07	7.1034746	7.0135572	7.193392	7.0585159	3878900
2016-10-10	6.5190115	6.4290941	6.743805	6.5639702	10462800
2016-10-11	6.6538876	6.1143832	6.6538876	6.3841354	7318800
2016-10-12	6.2043006	5.3500853	6.3391767	5.9795071	13638200
2016-10-13	5.7547136	5.395044	5.8895897	5.7547136	7091600
2016-10-14	6.0244658	5.844631	6.5639702	6.5639702	15461800
2016-10-17	6.6538876	6.6538876	7.0135572	6.9236398	12140300
2016-10-18	6.8786811	6.743805	6.9236398	6.8337224	4182200
2016-10-19	6.8337224	6.7887637	6.9685985	6.8786811	5771300
2016-10-20	6.9236398	6.8337224	7.1034746	7.0135572	10527600
2016-10-21	7.1034746	7.1034746	7.4631442	7.3282681	32548900
2016-10-25	7.3732268	7.1034746	7.3732268	7.1484333	9550200
2016-10-26	7.1484333	7.0585159	7.3732268	7.0585159	9996600
2016-10-27	7.1034746	6.9685985	7.193392	7.1484333	6050200
2016-10-28	7.1484333	7.0135572	7.1484333	7.0585159	4549800
2016-10-31	7.193392	7.0585159	7.2833094	7.1034746	6247700
2016-11-01	7.1484333	7.0135572	7.193392	7.1034746	5393500
2016-11-02	7.0585159	6.9236398	7.0585159	6.9685985	5485000
2016-11-03	7.0135572	6.8786811	7.0585159	6.8786811	4763000
2016-11-04	6.9236398	6.7887637	6.9236398	6.7887637	2541600
2016-11-07	6.8786811	6.7887637	7.1484333	7.1484333	10616400
2016-11-08	7.1484333	6.9236398	7.193392	6.9685985	5356900
2016-11-09	6.8337224	6.8337224	7.0585159	7.0135572	7772200
2016-11-10	7.1484333	6.9236398	7.193392	6.9236398	8326600
2016-11-11	6.9685985	6.7887637	6.9685985	6.7887637	4271900
2016-11-14	6.743805	6.6089289	6.8337224	6.6988463	6099900
2016-11-15	6.6988463	6.6089289	6.743805	6.6538876	1605100
2016-11-16	6.6988463	6.6988463	6.7887637	6.6988463	1221400
2016-11-17	6.7887637	6.6988463	6.8786811	6.743805	2386400
2016-11-18	6.7887637	6.743805	7.0135572	6.9685985	7382900
2016-11-21	7.1034746	7.0585159	7.3282681	7.1034746	26792300
2016-11-22	7.0585159	6.9236398	7.1484333	6.9236398	6689200
2016-11-23	6.9236398	6.8786811	7.0135572	6.9685985	4078000
2016-11-24	7.0135572	6.9685985	7.0585159	6.9685985	2814100
2016-11-25	7.0135572	6.9685985	7.1484333	6.9685985	4699100
2016-11-28	7.0135572	7.0135572	7.1484333	7.0585159	5081000
2016-11-29	7.0585159	6.8786811	7.1034746	6.8786811	6108600
2016-11-30	6.9236398	6.8786811	6.9685985	6.9685985	1864700
2016-12-01	6.9685985	6.8337224	7.0135572	6.8337224	2642300
2016-12-02	6.8786811	6.7887637	6.9236398	6.7887637	1839100
2016-12-06	6.7887637	6.7887637	6.8786811	6.8337224	1741100
2016-12-07	6.8786811	6.7887637	7.2383507	7.193392	21276000
2016-12-08	7.2833094	7.2383507	8.092566	8.0026486	97828600
2016-12-09	7.9127312	7.5530616	8.0476073	7.9127312	40893200
2016-12-13	8.0026486	7.5980203	8.2274421	7.642979	74599700
2016-12-14	7.6879377	7.5530616	8.3173595	8.3173595	65612300
2016-12-15	8.3623182	8.1824834	8.7219878	8.5871117	63695000
2016-12-16	8.5871117	8.1375247	8.7669465	8.2274421	48928100
2016-12-19	8.2724008	8.2724008	8.6320704	8.3623182	25069100
2016-12-20	8.4072769	7.9127312	8.4072769	7.9127312	27518900
2016-12-21	7.9576899	7.9127312	8.092566	7.9127312	10492900
2016-12-22	7.9127312	7.5530616	7.9127312	7.5980203	18525600
2016-12-23	7.5980203	7.3732268	8.0026486	7.9127312	31623100
2016-12-26	7.9127312	7.7328964	8.4522356	8.4522356	26861100
2016-12-27	8.4522356	8.0476073	8.5871117	8.1824834	30378100
2016-12-28	8.1824834	7.9127312	8.4522356	7.9127312	23391100
2016-12-29	7.9576899	7.9127312	8.2724008	8.1375247	18868200
2016-12-30	8.1824834	8.0026486	8.1824834	8.0026486	10377700
2017-01-04	8.1375247	7.8677725	8.1824834	7.9127312	14650100
2017-01-05	7.9576899	7.8677725	8.1375247	7.9576899	18967300
2017-01-06	8.0026486	7.7778551	8.0476073	7.8677725	20024400
2017-01-09	7.9127312	7.642979	7.9127312	7.642979	7270400
2017-01-10	7.7328964	7.7328964	7.9127312	7.7328964	8709700
2017-01-11	7.7778551	7.7778551	8.1375247	7.8228138	26452100
2017-01-12	7.8677725	7.8677725	8.4072769	8.3173595	56264000
2017-01-13	8.4522356	8.1375247	8.4971943	8.1824834	57793400
2017-01-16	8.1375247	7.9127312	8.1824834	7.9576899	16401500
2017-01-17	8.0026486	7.9576899	8.2724008	8.1375247	28370500
2017-01-18	8.1824834	8.092566	8.4072769	8.1824834	23873900
2017-01-19	8.1375247	8.0476073	8.2274421	8.1824834	9579300
2017-01-20	8.1824834	8.1375247	8.6770291	8.6770291	57915100
2017-01-23	8.6770291	8.5871117	9.0816574	8.99174	68684500
2017-01-24	8.99174	8.8119052	8.99174	8.9018226	18745300
2017-01-25	8.9018226	8.5871117	9.2614922	8.6320704	45844700
2017-01-26	8.5871117	8.5871117	8.9018226	8.9018226	20241000
2017-01-27	8.9018226	8.7669465	9.0816574	8.9018226	22342200
2017-01-30	8.99174	8.9467813	9.3514096	9.2614922	25389900
2017-01-31	9.2614922	8.99174	9.441327	9.1715748	21485200
2017-02-01	9.1715748	9.0816574	9.441327	9.1715748	19528100
2017-02-02	9.1715748	8.8568639	9.2614922	8.9018226	14920700
2017-02-03	8.9467813	8.9467813	9.0816574	9.0816574	5924800
2017-02-06	9.1715748	8.8568639	9.1715748	8.9467813	6866300
2017-02-07	8.99174	8.7219878	9.0816574	8.7219878	9900500
2017-02-08	8.8119052	8.7669465	8.99174	8.9018226	8365500
2017-02-09	8.9467813	8.8119052	8.99174	8.8119052	5665600
2017-02-10	8.9018226	8.9018226	9.0816574	8.99174	5988600
2017-02-14	8.9467813	8.7669465	8.9467813	8.8119052	3330600
2017-02-15	8.8119052	8.0026486	8.8119052	8.1824834	51405700
2017-02-16	8.2724008	8.2274421	8.4072769	8.4072769	11681900
2017-02-17	8.3623182	8.2724008	8.4522356	8.3173595	5426600
2017-02-20	8.3173595	8.2274421	8.4072769	8.4072769	2742300
2017-02-21	8.3623182	8.092566	8.4072769	8.1824834	3752300
2017-02-22	8.1824834	7.7778551	8.2274421	7.8677725	14765200
2017-02-23	7.9127312	7.8677725	8.1824834	8.092566	9332700
2017-02-24	8.092566	8.092566	8.2274421	8.1375247	3376600
2017-02-27	8.1824834	8.0026486	8.1824834	8.092566	4368600
2017-02-28	8.092566	8.0476073	8.1824834	8.0476073	2159600
2017-03-01	8.092566	8.0026486	8.1375247	8.0476073	1328300
2017-03-02	8.092566	8.092566	8.4522356	8.4522356	9542700
2017-03-03	8.4072769	8.2724008	8.4522356	8.2724008	6393800
2017-03-06	8.3173595	8.0476073	8.3173595	8.1824834	3300000
2017-03-07	8.1824834	8.092566	8.2274421	8.1824834	922700
2017-03-08	8.1824834	7.5980203	8.1824834	7.8228138	16174800
2017-03-09	7.8228138	7.6879377	7.8677725	7.6879377	2688400
2017-03-10	7.642979	7.5081029	7.7328964	7.5081029	2944300
2017-03-13	7.5081029	7.4631442	7.7328964	7.5081029	5383500
2017-03-14	7.5081029	7.4631442	7.7328964	7.6879377	5797800
2017-03-15	7.7328964	7.5081029	7.7778551	7.5530616	3872400
2017-03-16	7.5980203	7.5980203	7.8677725	7.7778551	4050000
2017-03-17	7.8228138	7.6879377	7.8228138	7.7328964	1529900
2017-03-20	7.7328964	7.2833094	7.7778551	7.4181855	14465300
2017-03-21	7.4631442	7.3732268	7.5530616	7.4181855	4129700
2017-03-22	7.3732268	7.3732268	7.5980203	7.5081029	4650700
2017-03-23	7.5530616	7.5530616	7.7328964	7.6879377	7729900
2017-03-24	7.7328964	7.642979	7.7778551	7.642979	7367600
2017-03-27	7.6879377	7.6879377	7.7778551	7.6879377	2613600
2017-03-28	7.7328964	7.7328964	8.092566	8.0026486	16585400
2017-03-29	8.0026486	7.9576899	8.2724008	8.2274421	23419000
2017-03-30	8.2724008	8.1375247	8.2724008	8.1824834	3563500
2017-03-31	8.1824834	8.0476073	8.1824834	8.092566	2121800
2017-04-03	8.092566	7.9576899	8.092566	7.9576899	1424800
2017-04-04	8.0026486	7.9576899	8.1375247	7.9576899	2080600
2017-04-05	8.0026486	7.7778551	8.0026486	7.8228138	3566900
2017-04-07	7.8228138	7.8228138	7.9127312	7.8228138	680200
2017-04-10	7.8228138	7.5980203	7.8228138	7.6879377	2600400
2017-04-11	7.642979	7.5081029	7.642979	7.5530616	4598500
2017-04-12	7.5530616	7.5081029	7.642979	7.642979	2428800
2017-04-17	7.5530616	7.3732268	7.5980203	7.4631442	4516900
2017-04-18	7.4631442	7.4181855	7.5980203	7.4631442	3511200
2017-04-19	7.5081029	7.4631442	7.5980203	7.4631442	3007500
2017-04-20	7.4631442	7.3282681	7.5530616	7.3282681	2962900
2017-04-21	7.4181855	7.2383507	7.4181855	7.2833094	3094800
2017-04-24	7.3732268	7.0135572	7.3732268	7.0585159	7216600
2017-04-25	7.0585159	6.6988463	7.1034746	6.743805	6922200
2017-04-26	6.8337224	6.743805	7.193392	7.193392	6811400
2017-04-27	7.193392	7.0585159	7.2833094	7.0585159	4976900
2017-04-28	7.1034746	7.1034746	7.2383507	7.1034746	2584900
2017-05-02	7.1484333	6.9685985	7.193392	7.0135572	1696100
2017-05-03	7.0135572	6.9685985	7.0585159	6.9685985	1365200
2017-05-04	6.9236398	6.9236398	7.0135572	6.9685985	837300
2017-05-05	6.9685985	6.9236398	6.9685985	6.9236398	1366900
2017-05-08	6.9685985	6.8337224	6.9685985	6.8337224	1456700
2017-05-09	6.9236398	6.6988463	6.9236398	6.6988463	2119600
2017-05-11	6.6988463	6.6089289	6.7887637	6.6089289	1328200
2017-05-12	6.5639702	6.2043006	6.5639702	6.2043006	5954600
2017-05-15	6.0694245	5.7547136	6.1143832	5.844631	3933900
2017-05-16	5.844631	5.844631	6.0244658	5.9795071	3171700
2017-05-17	6.0694245	6.0244658	6.2492593	6.1143832	3435600
2017-05-18	6.0694245	5.9795071	6.1143832	5.9795071	2316400
2017-05-19	6.0694245	6.0244658	6.5190115	6.5190115	11322500
2017-05-22	6.5639702	6.5639702	6.7887637	6.6988463	7615600
2017-05-23	6.6538876	6.5639702	6.6538876	6.6089289	2789100
2017-05-24	6.6538876	6.4290941	6.6538876	6.4290941	2918500
2017-05-25	6.4290941	6.4290941	6.6538876	6.4290941	6449800
2017-05-26	6.4740528	6.4740528	6.6538876	6.5639702	4627200
2017-05-29	6.6089289	6.4290941	6.6089289	6.4290941	1980100
2017-05-30	6.4740528	6.4290941	6.5190115	6.4740528	812800
2017-05-31	6.4740528	6.4290941	6.6089289	6.4740528	3748500
2017-06-01	6.4740528	6.3841354	6.4740528	6.4290941	2778300
2017-06-02	6.4290941	6.4290941	6.5639702	6.4290941	1408800
2017-06-05	6.4740528	6.294218	6.4740528	6.3391767	1570300
2017-06-06	6.3841354	6.3391767	6.5639702	6.4740528	2481100
2017-06-07	6.4740528	6.3391767	6.4740528	6.3841354	2158400
2017-06-08	6.3391767	6.2492593	6.3841354	6.2492593	2442200
2017-06-09	6.294218	6.2492593	6.4740528	6.3841354	3691900
2017-06-12	6.3391767	6.3391767	6.4740528	6.3391767	982000
2017-06-13	6.3841354	6.3391767	6.5639702	6.3841354	6586500
2017-06-14	6.4290941	6.3391767	6.4290941	6.3841354	1899000
2017-06-15	6.3841354	6.2492593	6.3841354	6.294218	3752800
2017-06-16	6.294218	6.2492593	6.3391767	6.294218	1281900
2017-06-19	6.3391767	6.2492593	6.3841354	6.2492593	1320200
2017-06-20	6.3391767	6.3391767	6.6538876	6.6089289	13072800
2017-06-21	6.6538876	6.5190115	6.6538876	6.5190115	3459100
2017-06-22	6.5639702	6.4290941	6.5639702	6.4740528	1694200
2017-06-23	6.4740528	6.4290941	6.5190115	6.4290941	1131200
2017-06-26	6.4740528	6.3391767	6.4740528	6.3391767	2346600
2017-06-27	6.3841354	6.3391767	6.4290941	6.3391767	705800
2017-06-28	6.3841354	6.2043006	6.3841354	6.2492593	2434900
2017-06-29	6.2492593	6.1593419	6.3391767	6.1593419	1421700
2017-06-30	6.1593419	6.1143832	6.2043006	6.1593419	1075200
2017-07-03	6.2043006	6.1593419	6.2492593	6.2043006	287400
2017-07-04	6.1593419	6.1143832	6.2043006	6.1143832	342200
2017-07-05	6.1143832	5.9345484	6.1143832	5.9345484	2189500
2017-07-06	5.9345484	5.844631	6.0694245	5.9795071	998600
2017-07-07	5.9795071	5.9345484	6.0244658	6.0244658	338200
2017-07-11	6.0244658	5.8895897	6.0694245	5.9795071	700200
2017-07-12	6.0244658	5.9345484	6.0244658	5.9795071	393000
2017-07-13	5.9795071	5.9345484	6.0694245	6.0694245	1102200
2017-07-14	6.1143832	6.0694245	6.2492593	6.0694245	2805700
2017-07-17	6.0694245	6.0244658	6.1593419	6.0694245	802900
2017-07-18	6.1143832	6.0244658	6.1143832	6.0694245	436000
2017-07-19	6.0244658	5.9345484	6.0694245	5.9795071	386100
2017-07-20	5.9345484	5.8895897	5.9795071	5.8895897	1383400
2017-07-21	5.8895897	5.7547136	5.8895897	5.7547136	1684800
2017-07-24	5.7547136	5.7547136	5.9345484	5.9345484	594100
2017-07-25	5.9345484	5.7547136	5.9345484	5.7996723	883400
2017-07-26	5.844631	5.7996723	5.8895897	5.7996723	348400
2017-07-27	5.7996723	5.7547136	5.7996723	5.7547136	488300
2017-07-31	5.7547136	5.4849614	5.7547136	5.4849614	2816300
2017-08-01	5.395044	5.2601679	5.4849614	5.4400027	3026200
2017-08-02	5.4400027	5.4400027	5.5299201	5.5299201	716600
2017-08-03	5.6198375	5.5748788	5.7547136	5.6198375	2086000
2017-08-04	5.6647962	5.5299201	5.6647962	5.5748788	687000
2017-08-07	5.6198375	5.5299201	5.6198375	5.5299201	682300
2017-08-08	5.5299201	5.4400027	5.5748788	5.4400027	496800
2017-08-09	5.4400027	5.3500853	5.4400027	5.395044	1171400
2017-08-10	5.3500853	5.3051266	5.395044	5.3051266	545000
2017-08-11	5.3051266	5.2152092	5.3051266	5.2152092	1324800
2017-08-15	5.1702505	5.1702505	5.2601679	5.2152092	339100
2017-08-16	5.2152092	5.0803331	5.3051266	5.0803331	726900
2017-08-17	5.0803331	4.945457	5.0803331	5.0353744	1081000
2017-08-18	4.9904157	4.945457	5.0353744	4.945457	523900
2017-08-21	4.9904157	4.9004983	5.0353744	4.945457	707900
2017-08-22	4.9904157	4.9904157	5.2152092	5.2152092	2053000
2017-08-23	5.2152092	5.0803331	5.2152092	5.1252918	503600
2017-08-24	5.0803331	4.9904157	5.1252918	4.9904157	743700
2017-08-25	4.9904157	4.9904157	5.0353744	4.9904157	754400
2017-08-28	4.9904157	4.945457	5.0353744	4.9904157	914300
2017-08-29	4.9904157	4.945457	5.1702505	4.945457	6880200
2017-08-30	4.9904157	4.8555396	5.0353744	4.8555396	5179200
2017-08-31	4.8555396	4.7206635	4.8555396	4.8105809	2523800
2017-09-01	4.8105809	4.8105809	5.0353744	4.9904157	4877600
2017-09-04	5.0803331	5.0353744	5.4400027	5.4400027	17790000
2017-09-05	5.4400027	5.3500853	5.5299201	5.395044	7619600
2017-09-06	5.395044	5.2601679	5.5299201	5.3500853	8225400
2017-09-07	5.4849614	5.395044	5.6647962	5.395044	13248600
2017-09-08	5.395044	5.3500853	5.4849614	5.395044	2815700
2017-09-11	5.4400027	5.395044	5.5299201	5.4400027	1876200
2017-09-12	5.4400027	5.395044	5.4849614	5.4400027	1470900
2017-09-13	5.4849614	5.4400027	5.8895897	5.844631	31581800
2017-09-14	5.8895897	5.7547136	5.9345484	5.7996723	14244900
2017-09-15	5.8895897	5.7097549	5.9345484	5.7097549	9757200
2017-09-18	5.7547136	5.7097549	6.0244658	5.8895897	17508000
2017-09-19	5.9345484	5.7996723	6.0244658	5.844631	11665900
2017-09-20	5.844631	5.7996723	5.9345484	5.8895897	8084600
2017-09-21	5.9345484	5.844631	6.0694245	5.9795071	9405200
2017-09-22	6.0244658	6.0244658	6.2043006	6.1593419	17320900
2017-09-25	6.1593419	6.1143832	6.3391767	6.294218	11491400
2017-09-26	6.3391767	6.1593419	6.3391767	6.2492593	7218900
2017-09-27	6.2492593	5.9345484	6.3391767	5.9795071	7980700
2017-09-28	5.9795071	5.8895897	5.9795071	5.8895897	3504400
2017-09-29	5.8895897	5.8895897	5.9795071	5.9345484	1595000
2017-10-02	5.9345484	5.7547136	5.9795071	5.7996723	3430200
2017-10-03	5.7996723	5.7097549	5.844631	5.7547136	1979600
2017-10-04	5.7547136	5.7097549	5.7996723	5.7547136	1591200
2017-10-05	5.7547136	5.7547136	6.0244658	5.9795071	5859900
2017-10-06	6.0244658	5.8895897	6.0694245	5.9345484	3996400
2017-10-09	5.9345484	5.7996723	5.9345484	5.7996723	1443200
2017-10-10	5.7996723	5.7547136	5.844631	5.7996723	712500
2017-10-11	5.8895897	5.7996723	5.9345484	5.7996723	1968600
2017-10-12	5.844631	5.7547136	5.844631	5.7547136	818800
2017-10-16	5.7996723	5.4400027	5.7996723	5.4400027	8008300
2017-10-17	5.395044	5.395044	5.5748788	5.4400027	3812700
2017-10-18	5.395044	5.395044	5.4849614	5.395044	2802300
2017-10-19	5.395044	5.2152092	5.4400027	5.2152092	3561900
2017-10-20	5.2152092	5.2152092	5.3051266	5.3051266	1447400
2017-10-24	5.3051266	5.0803331	5.3051266	5.1252918	6357500
2017-10-25	5.1702505	5.1702505	5.395044	5.2152092	5888200
2017-10-27	5.2601679	5.2152092	5.4849614	5.4849614	8686600
2017-10-30	5.5748788	5.5299201	5.7996723	5.7996723	22203600
2017-10-31	5.7547136	5.6198375	5.7996723	5.6647962	8247700
2017-11-01	5.7097549	5.5299201	5.7996723	5.5748788	6749700
2017-11-02	5.844631	5.6647962	5.9345484	5.6647962	22712100
2017-11-03	5.7097549	5.6647962	5.844631	5.7097549	10524200
2017-11-06	5.7547136	5.7097549	5.844631	5.844631	7013700
2017-11-07	5.8895897	5.7547136	5.9345484	5.7547136	10149900
2017-11-08	5.7547136	5.6198375	5.7996723	5.6198375	4906200
2017-11-09	5.6647962	5.4849614	5.6647962	5.4849614	4050600
2017-11-10	5.4849614	5.2601679	5.4849614	5.2601679	6616300
2017-11-13	5.2601679	5.2152092	5.3500853	5.2152092	2576400
2017-11-14	5.2152092	5.2152092	5.5748788	5.4400027	5448900
2017-11-15	5.3051266	5.2152092	5.3500853	5.3500853	7949900
2017-11-16	5.3051266	5.3051266	5.4400027	5.3051266	2259800
2017-11-17	5.3500853	5.3051266	5.5748788	5.4849614	6408400
2017-11-20	5.5299201	5.4849614	5.6647962	5.6198375	6276700
2017-11-21	5.6198375	5.5299201	5.7547136	5.7547136	6731800
2017-11-22	5.7547136	5.6647962	5.7547136	5.6647962	2424800
2017-11-23	5.6647962	5.4400027	5.6647962	5.4400027	2468500
2017-11-24	5.4400027	5.395044	5.4849614	5.395044	1948600
2017-11-27	5.395044	5.395044	5.5299201	5.4400027	1149100
2017-11-28	5.4849614	5.395044	5.5299201	5.395044	1571200
2017-11-29	5.4400027	5.4400027	5.6198375	5.5299201	4243300
2017-11-30	5.5299201	5.4400027	5.6198375	5.4849614	2034900
2017-12-01	5.5748788	5.4400027	5.5748788	5.4400027	1083900
2017-12-04	5.4400027	5.395044	5.5748788	5.4400027	3456900
2017-12-06	5.4400027	5.2152092	5.4400027	5.2601679	4857300
2017-12-07	5.3051266	5.2152092	5.3051266	5.2601679	1700500
2017-12-08	5.2601679	5.2601679	5.4400027	5.4400027	7450800
2017-12-12	5.3	5.05	5.3	5.05	5056300
2017-12-13	5.1	5.05	5.15	5.1	1328000
2017-12-14	5.15	5.15	5.25	5.15	988000
2017-12-15	5.15	5.15	5.25	5.2	1104300
2017-12-18	5.2	5.15	5.25	5.25	945700
2017-12-19	5.25	5.1	5.3	5.1	1511200
2017-12-20	5.1	5.1	5.15	5.1	1208600
2017-12-21	5.15	5.0	5.15	5.05	1158600
2017-12-22	5.05	5.05	5.15	5.1	495300
2017-12-25	5.15	4.98	5.15	5.0	2145900
2017-12-26	5.0	4.98	5.05	4.98	747300
2017-12-27	4.98	4.98	5.05	4.98	1227000
2017-12-28	4.98	4.74	5.05	4.84	4296500
2017-12-29	4.82	4.78	4.9	4.8	2380600
2018-01-03	4.8	4.56	4.82	4.58	4678500
2018-01-04	4.6	4.58	4.66	4.6	2614200
2018-01-05	4.6	4.54	4.64	4.54	2571500
2018-01-08	4.56	4.36	4.6	4.36	4312200
2018-01-09	4.38	4.26	4.42	4.3	3486600
2018-01-10	4.32	4.14	4.34	4.22	6216400
2018-01-11	4.24	4.24	4.54	4.46	7378800
2018-01-12	4.5	4.36	4.52	4.36	1941500
2018-01-15	4.4	4.34	4.4	4.36	1477000
2018-01-16	4.4	4.26	4.4	4.26	2020600
2018-01-17	4.28	4.26	4.32	4.26	691000
2018-01-18	4.28	4.26	4.32	4.28	861200
2018-01-19	4.28	4.26	4.32	4.26	775700
2018-01-22	4.28	4.24	4.3	4.26	571200
2018-01-23	4.24	4.24	4.36	4.24	3052100
2018-01-24	4.26	4.26	4.3	4.26	644200
2018-01-25	4.28	4.22	4.28	4.22	794300
2018-01-26	4.22	4.18	4.24	4.18	1119800
2018-01-29	4.18	4.14	4.18	4.14	1056500
2018-01-30	4.14	4.12	4.18	4.14	640400
2018-01-31	4.12	4.12	4.24	4.14	1255800
2018-02-01	4.16	4.14	4.22	4.14	702700
2018-02-02	4.16	4.14	4.22	4.2	1096000
2018-02-05	4.16	4.1	4.18	4.16	994400
2018-02-06	4.1	4.04	4.14	4.04	1960900
2018-02-07	4.08	4.06	4.14	4.06	798800
2018-02-08	4.08	4.06	4.12	4.06	732800
2018-02-09	4.04	4.0	4.06	4.04	1275300
2018-02-12	4.02	3.96	4.04	3.98	1986900
2018-02-13	3.96	3.96	4.0	3.96	563000
2018-02-14	3.96	3.94	4.14	4.14	4153700
2018-02-15	4.2	4.12	4.24	4.18	4330100
2018-02-16	4.18	4.14	4.22	4.14	1449400
2018-02-19	4.18	4.04	4.2	4.04	1849100
2018-02-20	4.04	3.98	4.1	4.04	702800
2018-02-21	4.04	3.98	4.04	4.0	806800
2018-02-22	4.04	3.92	4.06	3.92	1138800
2018-02-23	3.96	3.94	4.02	3.96	730000
2018-02-26	3.96	3.9	3.96	3.92	349300
2018-02-27	3.92	3.88	3.94	3.88	1383300
2018-02-28	3.88	3.82	3.9	3.84	358500
2018-03-02	3.8	3.8	3.86	3.8	483100
2018-03-05	3.82	3.78	3.84	3.78	449800
2018-03-06	3.78	3.76	3.86	3.84	1617300
2018-03-07	3.84	3.8	3.86	3.8	504900
2018-03-08	3.8	3.8	3.92	3.88	561900
2018-03-09	3.92	3.86	4.0	3.86	1477000
2018-03-12	3.86	3.86	3.96	3.9	539000
2018-03-13	3.86	3.86	3.92	3.9	324400
2018-03-14	3.9	3.86	3.92	3.88	434000
2018-03-15	3.88	3.88	4.04	4.04	1327500
2018-03-16	4.12	4.06	4.12	4.08	745900
2018-03-19	4.12	3.98	4.12	3.98	274600
2018-03-20	3.98	3.98	4.04	4.02	289300
2018-03-21	4.02	3.98	4.08	4.0	367000
2018-03-22	4.0	3.98	4.02	3.98	176700
2018-03-23	3.98	3.92	3.98	3.98	322500
2018-03-26	3.96	3.96	4.02	4.02	419900
2018-03-27	4.04	4.0	4.04	4.02	108400
2018-03-28	4.0	3.94	4.02	3.94	243100
2018-03-29	3.94	3.94	4.04	4.0	1786400
2018-03-30	4.04	3.96	4.1	4.0	647600
2018-04-02	4.0	3.96	4.0	3.98	199900
2018-04-03	4.0	3.94	4.02	3.96	1445900
2018-04-04	4.0	3.92	4.04	3.94	1070700
2018-04-05	3.98	3.94	4.0	3.96	286800
2018-04-09	3.96	3.94	3.98	3.98	299100
2018-04-10	3.98	3.94	3.98	3.98	165600
2018-04-11	3.98	3.96	4.0	3.98	236300
2018-04-12	3.96	3.96	4.0	4.0	248600
2018-04-17	4.04	3.98	4.04	4.0	127300
2018-04-18	4.02	3.98	4.06	4.0	348600
2018-04-19	4.0	3.96	4.06	4.0	799600
2018-04-20	4.0	3.98	4.04	4.02	135400
2018-04-23	4.02	4.0	4.1	4.02	1096800
2018-04-24	4.02	4.0	4.1	4.0	682500
2018-04-25	4.0	4.0	4.04	4.0	254700
2018-04-26	4.0	4.0	4.02	4.02	200400
2018-04-27	4.0	3.96	4.0	3.96	439000
2018-04-30	3.96	3.94	4.0	3.96	185700
2018-05-02	3.96	3.92	3.98	3.92	144100
2018-05-03	3.96	3.92	3.96	3.92	368300
2018-05-04	3.9	3.88	3.92	3.88	279700
2018-05-07	3.88	3.88	3.92	3.9	159800
2018-05-08	3.9	3.86	3.9	3.9	184100
2018-05-09	3.88	3.88	3.9	3.9	43600
2018-05-10	3.88	3.86	3.9	3.88	91200
2018-05-11	3.88	3.86	3.9	3.9	1001500
2018-05-14	3.9	3.88	3.9	3.9	216900
2018-05-15	3.88	3.8	3.88	3.88	638600
2018-05-16	3.88	3.82	3.88	3.88	148300
2018-05-17	3.88	3.88	3.9	3.9	75400
2018-05-18	3.88	3.84	3.88	3.88	336400
2018-05-21	3.86	3.86	3.9	3.9	2184000
2018-05-22	3.9	3.86	3.9	3.86	944400
2018-05-23	3.86	3.84	3.88	3.84	330300
2018-05-24	3.84	3.76	3.86	3.78	428500
2018-05-25	3.78	3.76	3.82	3.82	262200
2018-05-28	3.82	3.74	3.82	3.8	575300
2018-05-30	3.76	3.72	3.8	3.76	404300
2018-05-31	3.76	3.72	3.78	3.76	393000
2018-06-01	3.76	3.74	3.8	3.78	377600
2018-06-04	3.78	3.74	3.78	3.76	198900
2018-06-05	3.76	3.72	3.76	3.74	106700
2018-06-06	3.72	3.72	3.74	3.72	166300
2018-06-07	3.74	3.72	3.8	3.74	395400
2018-06-08	3.78	3.74	3.78	3.74	41500
2018-06-11	3.72	3.62	3.72	3.62	464700
2018-06-12	3.64	3.6	3.66	3.6	223800
2018-06-13	3.62	3.56	3.64	3.6	357300
2018-06-14	3.6	3.58	3.68	3.64	754500
2018-06-15	3.64	3.62	3.66	3.64	295600
2018-06-18	3.64	3.6	3.64	3.62	518600
2018-06-19	3.62	3.58	3.64	3.6	626400
2018-06-20	3.58	3.58	3.62	3.62	171900
2018-06-21	3.62	3.56	3.62	3.58	563600
2018-06-22	3.58	3.52	3.6	3.52	1057300
2018-06-25	3.54	3.32	3.54	3.32	209200
2018-06-26	3.3	3.26	3.34	3.32	511100
2018-06-27	3.32	3.28	3.42	3.42	880800
2018-06-28	3.42	3.28	3.42	3.32	298900
2018-06-29	3.32	3.28	3.34	3.3	1879900
2018-07-02	3.3	3.26	3.32	3.3	151700
2018-07-03	3.3	3.26	3.5	3.5	832200
2018-07-04	3.5	3.42	3.5	3.42	547700
2018-07-05	3.46	3.36	3.46	3.38	92400
2018-07-06	3.44	3.38	3.44	3.38	21000
2018-07-09	3.38	3.32	3.42	3.34	145100
2018-07-10	3.34	3.34	3.42	3.38	41600
2018-07-11	3.42	3.42	3.52	3.48	614200
2018-07-12	3.5	3.48	3.5	3.48	47100
2018-07-13	3.5	3.44	3.54	3.5	350900
2018-07-16	3.52	3.44	3.54	3.46	106600
2018-07-17	3.52	3.46	3.52	3.5	210600
2018-07-18	3.48	3.38	3.52	3.38	231900
2018-07-19	3.38	3.38	3.44	3.44	30300
2018-07-20	3.38	3.38	3.44	3.44	39700
2018-07-23	3.44	3.44	3.56	3.5	409300
2018-07-24	3.5	3.48	3.54	3.48	163800
2018-07-25	3.5	3.48	3.5	3.48	22300
2018-07-26	3.48	3.48	3.54	3.52	442100
2018-07-31	3.5	3.48	3.52	3.48	140000
2018-08-01	3.48	3.44	3.5	3.46	288900
2018-08-02	3.48	3.44	3.48	3.46	44400
2018-08-03	3.46	3.44	3.58	3.46	449900
2018-08-06	3.52	3.46	3.52	3.48	25200
2018-08-07	3.48	3.46	3.48	3.48	5300
2018-08-08	3.48	3.44	3.5	3.5	28000
2018-08-09	3.46	3.42	3.54	3.42	341000
2018-08-10	3.42	3.4	3.42	3.4	84300
2018-08-14	3.38	3.34	3.4	3.38	213200
2018-08-15	3.4	3.34	3.4	3.34	267900
2018-08-16	3.34	3.3	3.34	3.32	207500
2018-08-17	3.3	3.18	3.3	3.22	693200
2018-08-20	3.22	3.22	3.28	3.24	140900
2018-08-21	3.24	3.24	3.28	3.26	91200
2018-08-22	3.26	3.26	3.28	3.26	75200
2018-08-23	3.26	3.26	3.32	3.3	129000
2018-08-24	3.28	3.26	3.28	3.26	28400
2018-08-27	3.3	3.24	3.3	3.24	187100
2018-08-28	3.26	3.24	3.26	3.26	90700
2018-08-29	3.24	3.24	3.26	3.26	85700
2018-08-30	3.26	3.24	3.26	3.24	147500
2018-08-31	3.24	3.2	3.24	3.22	362800
2018-09-03	3.26	3.22	3.26	3.22	152500
2018-09-04	3.22	3.22	3.3	3.26	121200
2018-09-05	3.24	3.22	3.26	3.24	49400
2018-09-06	3.24	3.22	3.38	3.24	438500
2018-09-07	3.24	3.18	3.24	3.24	481500
2018-09-10	3.24	3.22	3.26	3.24	150400
2018-09-11	3.22	3.2	3.22	3.22	114900
2018-09-12	3.22	3.18	3.22	3.22	322700
2018-09-13	3.22	3.2	3.32	3.32	581600
2018-09-14	3.32	3.3	3.32	3.32	217700
2018-09-17	3.34	3.3	3.34	3.32	109700
2018-09-18	3.32	3.32	3.34	3.32	99100
2018-09-19	3.32	3.3	3.36	3.32	526900
2018-09-20	3.34	3.34	3.56	3.48	1961400
2018-09-21	3.5	3.46	3.54	3.48	769300
2018-09-24	3.48	3.44	3.48	3.48	162700
2018-09-25	3.48	3.48	3.54	3.54	354400
2018-09-26	3.56	3.56	3.66	3.62	1666300
2018-09-27	3.68	3.66	3.82	3.74	1853300
2018-09-28	3.72	3.68	3.84	3.78	630500
2018-10-01	3.76	3.74	3.86	3.82	381400
2018-10-02	3.8	3.8	3.86	3.82	645200
2018-10-03	3.84	3.84	4.0	3.94	2072400
2018-10-04	4.0	3.94	4.06	3.96	925800
2018-10-05	3.96	3.9	4.0	3.9	646300
2018-10-08	3.9	3.82	4.0	3.82	547800
2018-10-09	3.84	3.8	3.88	3.8	75200
2018-10-10	3.84	3.8	3.84	3.82	177100
2018-10-11	3.8	3.7	3.8	3.7	778900
2018-10-12	3.7	3.7	3.88	3.86	214500
2018-10-16	3.86	3.84	3.96	3.86	605500
2018-10-17	3.9	3.9	4.0	3.92	571600
2018-10-18	3.98	3.9	3.98	3.92	392400
2018-10-19	3.92	3.8	3.92	3.82	182100
2018-10-22	3.8	3.76	3.86	3.8	84800
2018-10-24	3.76	3.7	3.88	3.82	55300
2018-10-25	3.82	3.66	3.82	3.76	53600
2018-10-26	3.76	3.76	3.8	3.8	900
2018-10-29	3.68	3.66	3.8	3.76	21700
2018-10-30	3.8	3.7	3.8	3.7	52600
2018-10-31	3.76	3.7	3.76	3.76	27400
2018-11-01	3.76	3.74	3.78	3.74	48300
2018-11-02	3.78	3.74	3.78	3.78	41400
2018-11-05	3.8	3.74	3.86	3.74	61100
2018-11-06	3.82	3.74	3.82	3.8	47200
2018-11-07	3.74	3.74	3.78	3.74	30600
2018-11-08	3.82	3.7	3.82	3.8	104500
2018-11-09	3.68	3.66	3.68	3.66	282600
2018-11-12	3.62	3.62	3.7	3.62	55800
2018-11-13	3.66	3.54	3.66	3.58	180100
2018-11-14	3.64	3.54	3.64	3.6	12000
2018-11-15	3.58	3.36	3.58	3.4	384800
2018-11-16	3.42	3.42	3.52	3.42	54300
2018-11-19	3.48	3.38	3.5	3.46	106100
2018-11-20	3.5	3.44	3.5	3.44	59300
2018-11-21	3.4	3.38	3.4	3.4	30300
2018-11-22	3.36	3.32	3.38	3.34	61700
2018-11-23	3.32	3.3	3.34	3.32	129500
2018-11-26	3.34	3.32	3.34	3.32	3600
2018-11-27	3.32	3.3	3.34	3.34	39700
2018-11-28	3.32	3.3	3.32	3.32	57700
2018-11-29	3.4	3.32	3.4	3.36	2700
2018-11-30	3.32	3.32	3.32	3.32	29600
2018-12-03	3.32	3.26	3.32	3.26	67800
2018-12-04	3.26	3.26	3.36	3.28	18900
2018-12-06	3.28	3.24	3.28	3.28	20700
2018-12-07	3.28	3.28	3.3	3.3	3400
2018-12-11	3.24	3.18	3.3	3.3	20200
2018-12-12	3.22	3.22	3.3	3.26	60200
2018-12-13	3.28	3.22	3.28	3.24	45600
2018-12-14	3.24	3.18	3.24	3.18	69900
2018-12-17	3.18	3.0	3.18	3.16	337400
2018-12-18	3.0	2.92	3.02	2.92	411900
2018-12-19	2.94	2.92	2.96	2.96	60100
2018-12-20	2.96	2.88	2.96	2.9	196600
2018-12-21	2.9	2.8	2.9	2.9	81200
2018-12-24	2.9	2.82	2.92	2.88	89500
2018-12-25	2.88	2.8	2.9	2.9	73600
2018-12-26	2.78	2.78	2.9	2.82	120100
2018-12-27	2.84	2.8	2.92	2.88	62600
2018-12-28	2.88	2.76	2.9	2.86	28400
2019-01-02	2.86	2.82	2.9	2.82	5600
2019-01-03	2.82	2.82	2.9	2.84	45700
2019-01-04	2.84	2.84	2.86	2.84	1100
2019-01-07	2.84	2.84	2.96	2.94	426600
2019-01-08	2.9	2.9	2.98	2.98	274800
2019-01-09	2.98	2.9	3.0	2.96	133700
2019-01-10	2.98	2.94	3.0	2.98	103900
2019-01-11	2.98	2.98	3.02	3.02	137800
2019-01-14	3.0	2.98	3.02	3.02	214900
2019-01-15	3.04	3.04	3.16	3.12	471300
2019-01-16	3.14	3.12	3.24	3.22	540700
2019-01-17	3.22	3.2	3.26	3.2	168900
2019-01-18	3.24	3.24	3.26	3.26	113100
2019-01-21	3.22	3.2	3.3	3.28	177000
2019-01-22	3.28	3.28	3.32	3.28	202800
2019-01-23	3.3	3.3	3.42	3.38	484900
2019-01-24	3.36	3.36	3.44	3.44	44200
2019-01-25	3.44	3.4	3.5	3.44	95000
2019-01-28	3.44	3.42	3.52	3.48	158900
2019-01-29	3.48	3.42	3.5	3.48	55700
2019-01-30	3.4	3.32	3.48	3.44	109400
2019-01-31	3.44	3.36	3.48	3.46	77200
2019-02-01	3.46	3.46	3.54	3.5	69500
2019-02-04	3.5	3.48	3.5	3.5	116900
2019-02-05	3.5	3.5	3.58	3.5	243800
2019-02-06	3.6	3.5	3.6	3.54	32400
2019-02-07	3.58	3.5	3.58	3.52	158100
2019-02-08	3.52	3.48	3.52	3.52	178500
2019-02-11	3.5	3.44	3.5	3.5	70500
2019-02-12	3.46	3.44	3.54	3.54	94400
2019-02-13	3.52	3.44	3.52	3.44	96600
2019-02-14	3.44	3.4	3.48	3.4	39700
2019-02-15	3.4	3.3	3.46	3.42	97000
2019-02-18	3.48	3.42	3.48	3.42	17200
2019-02-20	3.42	3.38	3.42	3.38	24300
2019-02-21	3.44	3.36	3.46	3.36	24700
2019-02-22	3.36	3.36	3.4	3.36	45000
2019-02-25	3.34	3.26	3.34	3.28	183800
2019-02-26	3.28	3.22	3.28	3.24	113800
2019-02-27	3.24	3.24	3.26	3.26	62300
2019-02-28	3.28	3.26	3.3	3.3	81500
2019-03-01	3.32	3.28	3.32	3.3	23000
2019-03-04	3.08	3.08	3.3	3.22	100400
2019-03-05	3.2	3.1	3.2	3.18	320900
2019-03-06	3.2	3.18	3.22	3.2	29000
2019-03-07	3.2	3.18	3.28	3.28	72400
2019-03-08	3.26	3.22	3.26	3.24	45700
2019-03-11	3.24	3.22	3.24	3.24	33100
2019-03-12	3.32	3.12	3.32	3.22	38500
2019-03-13	3.24	3.2	3.24	3.2	2000
2019-03-14	3.24	3.06	3.24	3.08	366900
2019-03-15	3.08	3.06	3.08	3.08	18500
2019-03-18	3.06	3.04	3.08	3.06	126200
2019-03-19	3.06	3.06	3.1	3.1	89900
2019-03-20	3.14	3.08	3.14	3.1	151300
2019-03-21	3.08	3.06	3.08	3.06	103200
2019-03-22	3.08	3.08	3.1	3.1	10600
2019-03-25	2.94	2.94	3.22	2.98	705700
2019-03-26	2.98	2.98	3.04	3.02	33200
2019-03-27	3.02	2.98	3.02	2.98	500
2019-03-28	2.98	2.98	3.0	2.98	35800
2019-03-29	2.98	2.98	3.02	2.98	85600
2019-04-01	2.98	2.98	3.0	2.98	24400
2019-04-02	2.98	2.98	3.0	3.0	19500
2019-04-03	3.0	2.98	3.02	3.0	15600
2019-04-04	2.96	2.96	3.1	2.96	48500
2019-04-05	3.0	2.96	3.0	2.96	61500
2019-04-09	2.98	2.94	3.06	2.94	83600
2019-04-10	3.04	2.94	3.04	2.98	20700
2019-04-11	3.04	2.94	3.04	2.94	35100
2019-04-12	2.92	2.92	2.98	2.98	67900
2019-04-17	2.96	2.92	2.96	2.96	46800
2019-04-18	2.96	2.94	3.0	3.0	79500
2019-04-19	3.04	2.98	3.04	3.0	150900
2019-04-22	2.98	2.98	3.0	3.0	31200
2019-04-23	3.0	3.0	3.0	3.0	100
2019-04-24	3.1	2.96	3.1	2.96	49600
2019-04-25	3.0	2.96	3.0	2.98	5600
2019-04-26	2.96	2.96	3.0	3.0	20300
2019-04-29	2.98	2.94	2.98	2.98	45300
2019-04-30	3.0	2.98	3.0	2.98	10900
2019-05-02	2.98	2.96	2.98	2.98	21500
2019-05-03	2.98	2.94	2.98	2.94	3200
2019-05-07	2.94	2.92	2.94	2.94	33800
2019-05-08	2.94	2.9	2.94	2.9	38900
2019-05-09	2.94	2.9	2.94	2.9	1000
2019-05-10	2.9	2.88	2.9	2.9	77600
2019-05-13	2.86	2.86	2.9	2.9	11800
2019-05-14	2.88	2.86	2.88	2.88	37200
2019-05-15	2.84	2.8	2.86	2.86	93800
2019-05-16	2.8	2.78	2.9	2.78	59500
2019-05-17	2.8	2.76	2.8	2.78	35100
2019-05-21	2.78	2.74	2.8	2.74	25500
2019-05-22	2.74	2.72	2.76	2.76	8300
2019-05-23	2.72	2.72	2.76	2.74	31600
2019-05-24	2.7	2.7	2.74	2.74	62700
2019-05-27	2.7	2.7	2.74	2.74	37000
2019-05-28	2.7	2.7	2.74	2.74	30200
2019-05-29	2.74	2.72	2.74	2.72	47800
2019-05-30	2.72	2.7	2.74	2.74	10000
2019-05-31	2.74	2.72	2.8	2.8	63900
2019-06-04	2.82	2.74	2.9	2.76	289700
2019-06-05	2.78	2.72	2.78	2.78	37800
2019-06-06	2.76	2.74	2.78	2.74	21800
2019-06-07	2.76	2.72	2.76	2.72	19700
2019-06-10	2.74	2.68	2.74	2.72	147500
2019-06-11	2.68	2.68	2.74	2.7	18800
2019-06-12	2.7	2.68	2.72	2.72	61800
2019-06-13	2.8	2.72	2.82	2.74	50900
2019-06-14	2.74	2.66	2.76	2.72	149800
2019-06-17	2.74	2.74	2.9	2.88	556200
2019-06-18	2.98	2.94	3.04	2.94	1125600
2019-06-19	2.96	2.96	3.06	2.96	548500
2019-06-20	3.0	2.94	3.06	2.96	359900
2019-06-21	2.98	2.96	3.02	2.96	121000
2019-06-24	2.96	2.94	3.02	3.02	221200
2019-06-25	3.06	2.98	3.06	3.0	231700
2019-06-26	3.0	2.98	3.04	3.0	152800
2019-06-27	2.98	2.96	3.06	2.98	458600
2019-06-28	3.02	2.98	3.04	3.0	545300
2019-07-01	3.02	2.92	3.02	2.96	124400
2019-07-02	3.0	2.92	3.04	2.98	565600
2019-07-03	3.0	2.94	3.0	3.0	63100
2019-07-04	3.0	2.94	3.0	2.96	142600
2019-07-05	2.98	2.92	3.0	2.94	123200
2019-07-08	2.98	2.94	3.02	2.96	494500
2019-07-09	2.98	2.9	3.0	2.9	366300
2019-07-10	2.92	2.9	2.96	2.92	215900
2019-07-11	2.96	2.9	2.96	2.9	129200
2019-07-12	2.9	2.86	2.96	2.94	329700
2019-07-15	2.88	2.88	2.94	2.92	130900
2019-07-17	2.94	2.9	2.94	2.9	8100
2019-07-18	2.9	2.9	2.94	2.9	38000
2019-07-19	2.9	2.84	2.92	2.88	329100
2019-07-22	2.84	2.84	2.88	2.86	8200
2019-07-23	2.88	2.82	2.88	2.86	108100
2019-07-24	2.9	2.86	2.9	2.86	12000
2019-07-25	2.88	2.88	2.98	2.9	153900
2019-07-26	2.9	2.86	2.9	2.86	55600
2019-07-30	2.9	2.82	2.9	2.86	21400
2019-07-31	2.84	2.8	2.9	2.82	48700
2019-08-01	2.76	2.76	2.84	2.78	39800
2019-08-02	2.78	2.7	2.82	2.76	44600
2019-08-05	2.8	2.76	2.8	2.76	8800
2019-08-06	2.76	2.74	2.76	2.76	92900
2019-08-07	2.8	2.74	2.8	2.74	43800
2019-08-08	2.74	2.74	2.8	2.76	27800
2019-08-09	2.76	2.76	2.78	2.78	14600
2019-08-13	2.84	2.66	2.84	2.68	123600
2019-08-14	2.66	2.64	2.68	2.66	58100
2019-08-15	2.5	2.48	2.58	2.54	140700
2019-08-16	2.54	2.54	2.62	2.62	104800
2019-08-19	2.62	2.6	2.68	2.68	132600
2019-08-20	2.68	2.52	2.68	2.64	58500
2019-08-21	2.7	2.66	2.7	2.7	70200
2019-08-22	2.62	2.56	2.62	2.58	24200
2019-08-23	2.58	2.58	2.7	2.68	46200
2019-08-26	2.66	2.66	2.66	2.66	16600
2019-08-27	2.56	2.5	2.64	2.64	63000
2019-08-28	2.56	2.56	2.56	2.56	11100
2019-08-29	2.56	2.52	2.56	2.56	102600
2019-08-30	2.6	2.5	2.6	2.52	28600
2019-09-02	2.52	2.52	2.54	2.54	3100
2019-09-03	2.56	2.52	2.56	2.56	25000
2019-09-04	2.5	2.48	2.5	2.48	48200
2019-09-05	2.46	2.46	2.6	2.56	3100
2019-09-06	2.52	2.52	2.68	2.66	223400
2019-09-09	2.56	2.5	2.74	2.52	567900
2019-09-10	2.54	2.5	2.54	2.54	9300
2019-09-11	2.48	2.48	2.54	2.54	41100
2019-09-12	2.54	2.5	2.54	2.54	35900
2019-09-13	2.52	2.5	2.54	2.52	43800
2019-09-16	2.5	2.48	2.5	2.48	11500
2019-09-17	2.5	2.48	2.5	2.48	8500
2019-09-18	2.52	2.46	2.52	2.46	3500
2019-09-19	2.44	2.44	2.5	2.48	67800
2019-09-20	2.44	2.36	2.48	2.48	190700
2019-09-23	2.44	2.44	2.48	2.48	17400
2019-09-24	2.48	2.48	2.56	2.56	25800
2019-09-25	2.56	2.54	2.56	2.56	8500
2019-09-26	2.58	2.2	2.58	2.42	146200
2019-09-27	2.38	2.38	2.54	2.48	14000
2019-09-30	2.46	2.46	2.5	2.46	45700
2019-10-01	2.4	2.36	2.44	2.44	64900
2019-10-02	2.5	2.44	2.5	2.44	18000
2019-10-03	2.44	2.38	2.44	2.4	25200
2019-10-04	2.4	2.4	2.42	2.4	22700
2019-10-07	2.4	2.3	2.4	2.3	70300
2019-10-08	2.36	2.3	2.38	2.32	32600
2019-10-09	2.34	2.3	2.34	2.3	19200
2019-10-10	2.28	2.28	2.4	2.3	10800
2019-10-11	2.3	2.28	2.32	2.32	34400
2019-10-15	2.3	2.24	2.36	2.3	40300
2019-10-16	2.32	2.3	2.32	2.3	8500
2019-10-17	2.28	2.28	2.3	2.28	79400
2019-10-18	2.28	2.26	2.28	2.26	23000
2019-10-21	2.26	2.22	2.28	2.22	43200
2019-10-22	2.22	2.16	2.28	2.16	180100
2019-10-24	2.16	2.04	2.18	2.18	215200
2019-10-25	2.16	2.14	2.18	2.14	18800
2019-10-28	2.12	2.12	2.18	2.18	36700
2019-10-29	2.18	2.1	2.2	2.16	71600
2019-10-30	2.08	1.85	2.08	1.88	318100
2019-10-31	1.88	1.88	1.92	1.92	38100
2019-11-01	1.96	1.85	2.0	1.96	153700
2019-11-04	2.04	1.98	2.08	2.04	252700
2019-11-05	2.04	1.9	2.04	1.92	70600
2019-11-06	2.02	1.99	2.04	2.0	89000
2019-11-07	2.0	1.96	2.02	2.02	259800
2019-11-08	2.02	2.02	2.1	2.1	964400
2019-11-11	2.1	2.04	2.16	2.16	465800
2019-11-12	2.16	2.06	2.2	2.2	800700
2019-11-13	2.14	2.06	2.14	2.12	366100
2019-11-14	2.1	2.0	2.1	2.0	439300
2019-11-15	1.94	1.94	1.99	1.94	30800
2019-11-18	1.93	1.86	1.93	1.87	211500
2019-11-19	1.87	1.87	1.92	1.91	102500
2019-11-20	1.91	1.9	1.91	1.9	11600
2019-11-21	1.96	1.87	1.96	1.87	9200
2019-11-22	1.92	1.83	1.92	1.92	103800
2019-11-25	1.94	1.92	1.95	1.95	121300
2019-11-26	1.96	1.88	2.0	1.98	570600
2019-11-27	1.99	1.88	2.0	1.94	234100
2019-11-28	1.93	1.89	1.94	1.94	123600
2019-11-29	1.94	1.93	1.97	1.95	17200
2019-12-02	1.9	1.88	1.93	1.93	27100
2019-12-03	1.93	1.88	1.93	1.93	1700
2019-12-04	1.89	1.8	1.89	1.81	147400
2019-12-06	1.82	1.77	1.87	1.78	48400
2019-12-09	1.79	1.77	1.79	1.79	34700
2019-12-11	1.78	1.73	1.78	1.73	109000
2019-12-12	1.73	1.73	1.75	1.75	26100
2019-12-13	1.78	1.71	1.78	1.73	62800
2019-12-16	1.72	1.55	1.75	1.69	1482800
2019-12-17	1.69	1.6	1.7	1.6	2479900
2019-12-18	1.6	1.6	1.64	1.63	2062500
2019-12-19	1.64	1.59	1.64	1.61	2083000
2019-12-20	1.61	1.61	1.63	1.63	28700
2019-12-23	1.63	1.6	1.63	1.61	3300
2019-12-24	1.62	1.59	1.63	1.62	26600
2019-12-25	1.62	1.53	1.62	1.53	107600
2019-12-26	1.55	1.52	1.6	1.52	81300
2019-12-27	1.5	1.44	1.67	1.56	2447000
2019-12-30	1.56	1.49	1.63	1.63	1249100
2020-01-02	1.65	1.5	1.67	1.5	1034500
2020-01-03	1.51	1.5	1.55	1.53	670100
2020-01-06	1.5	1.37	1.51	1.37	672600
2020-01-07	1.4	1.35	1.44	1.36	806900
2020-01-08	1.35	1.25	1.37	1.28	1652500
2020-01-09	1.28	1.28	1.34	1.32	442600
2020-01-10	1.35	1.25	1.35	1.27	497100
2020-01-13	1.27	1.2	1.28	1.2	852000
2020-01-14	1.18	1.14	1.2	1.14	1070500
2020-01-15	1.15	1.12	1.23	1.17	1289500
2020-01-16	1.19	1.16	1.21	1.19	1883500
2020-01-17	1.22	1.21	1.37	1.33	3690700
2020-01-20	1.34	1.32	1.42	1.41	2099300
2020-01-21	1.42	1.38	1.48	1.41	1131800
2020-01-22	1.42	1.4	1.49	1.44	595100
2020-01-23	1.46	1.43	1.52	1.52	728400
2020-01-24	1.54	1.47	1.55	1.54	438000
2020-01-27	1.54	1.41	1.54	1.48	784600
2020-01-28	1.44	1.44	1.5	1.5	574200
2020-01-29	1.5	1.49	1.52	1.52	359200
2020-01-30	1.52	1.47	1.53	1.53	719000
2020-01-31	1.54	1.5	1.55	1.53	129900
2020-02-03	1.45	1.45	1.62	1.62	460800
2020-02-04	1.63	1.53	1.63	1.58	191100
2020-02-05	1.61	1.56	1.62	1.59	307500
2020-02-06	1.55	1.53	1.72	1.69	1950600
2020-02-07	1.7	1.7	1.89	1.89	2868200
2020-02-11	1.95	1.9	2.16	2.1	3563500
2020-02-12	2.1	2.04	2.18	2.1	1539200
2020-02-13	2.16	2.12	2.68	2.46	5908000
2020-02-14	2.54	2.42	2.62	2.54	4121600
2020-02-17	2.64	2.64	2.88	2.76	6512500
2020-02-18	2.74	2.66	2.76	2.72	1466600
2020-02-19	2.72	2.64	2.82	2.72	3528800
2020-02-20	2.8	2.7	2.82	2.74	3002700
2020-02-21	2.78	2.58	2.84	2.58	4672000
2020-02-24	2.4	2.18	2.4	2.18	3525400
2020-02-25	2.14	2.1	2.42	2.32	1835100
2020-02-26	2.36	2.1	2.4	2.2	1267100
2020-02-27	2.1	2.1	2.24	2.14	975600
2020-02-28	2.1	1.96	2.14	1.96	900600
2020-03-02	1.97	1.83	2.04	2.0	504100
2020-03-03	2.04	1.93	2.04	1.93	357400
2020-03-04	2.0	1.92	2.08	1.97	876100
2020-03-05	1.98	1.98	2.16	2.02	1120000
2020-03-06	2.02	1.97	2.14	2.14	538700
2020-03-09	2.0	1.9	2.06	1.9	780700
2020-03-10	1.93	1.91	1.98	1.95	370400
2020-03-11	1.96	1.81	1.99	1.93	1022100
2020-03-12	1.86	1.49	1.86	1.49	1022300
2020-03-13	1.22	1.19	1.4	1.31	1325700
2020-03-16	1.03	1.03	1.35	1.2	786700
2020-03-17	1.22	1.21	1.32	1.3	405300
2020-03-18	1.32	1.28	1.34	1.3	180400
2020-03-19	1.25	1.25	1.3	1.3	276800
2020-03-20	1.34	1.3	1.37	1.34	298400
2020-03-23	1.23	1.2	1.27	1.2	115300
2020-03-24	1.3	1.18	1.3	1.2	178500
2020-03-25	1.3	1.2	1.3	1.23	13000
2020-03-26	1.25	1.22	1.25	1.25	24100
2020-03-27	1.26	1.22	1.26	1.25	78300
2020-03-30	1.23	1.14	1.24	1.22	374800
2020-03-31	1.22	1.19	1.29	1.25	475200
2020-04-01	1.27	1.25	1.28	1.26	563300
2020-04-02	1.29	1.26	1.37	1.36	1088300
2020-04-03	1.37	1.33	1.4	1.37	565400
2020-04-07	1.41	1.35	1.41	1.39	351700
2020-04-08	1.39	1.35	1.39	1.39	36500
2020-04-09	1.39	1.38	1.45	1.45	331400
2020-04-10	1.45	1.41	1.48	1.48	140100
2020-04-13	1.46	1.46	1.59	1.55	985200
2020-04-14	1.59	1.56	1.68	1.63	1008100
2020-04-15	1.64	1.57	1.66	1.58	239100
2020-04-16	1.56	1.54	1.57	1.54	190900
2020-04-17	1.55	1.55	1.62	1.59	577500
2020-04-20	1.6	1.5	1.62	1.54	914900
2020-04-21	1.53	1.52	1.6	1.58	260300
2020-04-22	1.58	1.53	1.59	1.57	228600
2020-04-23	1.61	1.59	1.77	1.72	2815400
2020-04-24	1.72	1.63	1.76	1.63	2466700
2020-04-27	1.67	1.63	1.72	1.68	1003800
2020-04-28	1.69	1.69	1.8	1.76	5759500
2020-04-29	1.83	1.8	1.88	1.88	5085300
2020-04-30	1.92	1.84	1.92	1.88	2630300
2020-05-05	1.88	1.88	2.14	2.12	7932100
2020-05-07	2.3	2.18	2.32	2.24	4997300
2020-05-08	2.3	2.3	2.5	2.4	10122600
2020-05-11	2.44	2.42	2.54	2.52	7417800
2020-05-12	2.58	2.36	2.68	2.5	19587200
2020-05-13	2.5	2.42	2.5	2.44	2840200
2020-05-14	2.4	2.24	2.4	2.32	4997000
2020-05-15	2.34	2.32	2.48	2.46	7853800
2020-05-18	2.42	2.34	2.42	2.4	1372400
2020-05-19	2.36	2.32	2.38	2.34	1629700
2020-05-20	2.32	2.28	2.42	2.32	4135800
2020-05-21	2.4	2.32	2.5	2.36	16273900
2020-05-22	2.36	2.28	2.36	2.36	5383900
2020-05-25	2.38	2.34	2.46	2.42	7496900
2020-05-26	2.46	2.4	2.5	2.4	11668500
2020-05-27	2.5	2.42	2.56	2.48	16734300
2020-05-28	2.48	2.4	2.5	2.4	5493600
2020-05-29	2.38	2.34	2.44	2.4	4987900
2020-06-01	2.4	2.4	2.5	2.44	6531400
2020-06-02	2.46	2.4	2.48	2.46	4540100
2020-06-04	2.5	2.46	2.54	2.54	11841500
2020-06-05	2.58	2.52	2.76	2.74	17291100
2020-06-08	2.8	2.72	2.88	2.74	15553600
2020-06-09	2.72	2.68	2.8	2.72	7230800
2020-06-10	2.74	2.72	2.86	2.84	11902300
2020-06-11	2.9	2.86	2.98	2.9	12468300
2020-06-12	2.86	2.84	3.0	2.9	16442000
2020-06-15	2.96	2.92	3.0	2.92	9571800
2020-06-16	2.98	2.96	3.16	3.16	25659200
2020-06-17	3.1	3.08	3.24	3.18	19050200
2020-06-18	3.2	3.18	3.38	3.38	19930200
2020-06-19	3.42	3.42	3.56	3.54	22142000
2020-06-22	3.56	3.4	3.58	3.5	15150100
2020-06-23	3.54	3.54	3.86	3.86	31319700
2020-06-24	3.92	3.7	4.1	3.74	43582800
2020-06-25	3.66	3.64	3.86	3.86	20767200
2020-06-26	3.92	3.8	3.98	3.84	25970700
2020-06-29	3.76	3.76	3.92	3.92	9839100
2020-06-30	3.98	3.94	4.02	3.96	28795300
2020-07-01	4.0	3.94	4.04	3.96	8695100
2020-07-02	3.98	3.94	4.0	3.96	3867000
2020-07-03	3.98	3.96	4.12	4.1	24656400
2020-07-07	4.14	4.14	4.22	4.2	15644300
2020-07-08	4.18	4.16	4.3	4.28	15167400
2020-07-09	4.34	4.16	4.34	4.26	14246600
2020-07-10	4.26	4.26	4.32	4.32	9723700
2020-07-13	4.32	4.3	4.38	4.3	8109600
2020-07-14	4.32	4.22	4.34	4.24	7497500
2020-07-15	4.22	4.02	4.26	4.04	19488600
2020-07-16	4.02	4.0	4.08	4.0	4809200
2020-07-17	4.0	4.0	4.1	4.1	8634400
2020-07-20	4.1	4.08	4.16	4.12	4406500
2020-07-21	4.12	4.08	4.16	4.1	4448300
2020-07-22	4.1	4.06	4.18	4.1	3780300
2020-07-23	4.14	4.08	4.16	4.1	3467200
2020-07-24	4.1	4.08	4.18	4.1	10629700
2020-07-29	4.1	4.08	4.16	4.16	5377800
2020-07-30	4.2	4.14	4.26	4.16	14842200
2020-07-31	4.14	4.06	4.2	4.12	7872200
2020-08-03	4.06	4.04	4.14	4.1	3426200
2020-08-04	4.28	4.14	4.28	4.18	15161500
2020-08-05	4.22	4.1	4.26	4.12	9777800
2020-08-06	4.14	4.08	4.16	4.12	3337300
2020-08-07	4.12	3.9	4.12	4.02	7699100
2020-08-10	4.0	3.98	4.08	4.08	2085200
2020-08-11	4.14	4.1	4.2	4.14	12113200
2020-08-13	4.22	4.06	4.22	4.1	13774100
2020-08-14	4.12	3.98	4.12	3.98	4156600
2020-08-17	3.98	3.56	4.0	3.56	13003500
2020-08-18	3.3	3.24	3.5	3.3	10007000
2020-08-19	3.42	3.36	3.48	3.4	12502300
2020-08-20	3.36	3.34	3.48	3.34	9487600
2020-08-21	3.38	3.24	3.4	3.26	5290500
2020-08-24	3.24	3.16	3.34	3.24	5436800
2020-08-25	3.28	3.26	3.38	3.34	7716600
2020-08-26	3.38	3.28	3.42	3.42	8962000
2020-08-27	3.5	3.44	3.58	3.58	22140900
2020-08-28	3.56	3.52	3.62	3.6	7483900
2020-08-31	3.6	3.56	3.72	3.6	17741700
2020-09-01	3.6	3.5	3.6	3.5	3769800
2020-09-02	3.48	3.44	3.56	3.54	4955600
2020-09-03	3.58	3.46	3.58	3.5	3383700
2020-09-08	3.5	3.34	3.5	3.36	5104700
2020-09-09	3.3	3.2	3.42	3.42	7339100
2020-09-10	3.44	3.4	3.6	3.6	22322800
2020-09-11	3.6	3.5	3.62	3.52	12875900
2020-09-14	3.58	3.26	3.58	3.26	9829300
2020-09-15	3.26	3.18	3.26	3.22	6998500
2020-09-16	3.22	3.14	3.26	3.14	8871300
2020-09-17	3.16	2.94	3.16	2.94	9909700
2020-09-18	2.92	2.9	3.0	3.0	2609100
2020-09-21	3.02	3.02	3.14	3.06	3207800
2020-09-22	3.04	3.04	3.08	3.06	1060500
2020-09-23	3.06	3.06	3.22	3.2	11394600
2020-09-24	3.16	3.1	3.28	3.24	11384000
2020-09-25	3.28	3.18	3.3	3.18	15061900
2020-09-28	3.2	3.16	3.22	3.16	2727500
2020-09-29	3.18	3.16	3.2	3.16	2074800
2020-09-30	3.18	3.18	3.3	3.22	10519800
2020-10-01	3.24	3.2	3.36	3.3	18875200
2020-10-02	3.3	3.22	3.32	3.32	8694200
2020-10-05	3.34	3.3	3.4	3.38	12589100
2020-10-06	3.42	3.34	3.42	3.36	6494000
2020-10-07	3.38	3.38	3.5	3.5	25203500
2020-10-08	3.5	3.5	3.62	3.6	19034600
2020-10-09	3.64	3.6	3.72	3.68	19729000
2020-10-12	3.74	3.68	3.86	3.86	19722400
2020-10-14	3.9	3.82	4.02	4.0	24619800
2020-10-15	3.98	3.78	4.0	3.82	18338200
2020-10-16	3.82	3.76	3.98	3.98	15491500
2020-10-19	3.9	3.72	3.9	3.72	11210900
2020-10-20	3.72	3.72	3.88	3.84	11566200
2020-10-21	3.84	3.84	4.1	4.08	38056300
2020-10-22	4.04	4.02	4.2	4.06	24241300
2020-10-26	4.08	4.04	4.14	4.08	6845000
2020-10-27	4.08	4.02	4.16	4.06	6785500
2020-10-28	4.06	4.0	4.12	4.04	8437800
2020-10-29	4.0	3.86	4.02	3.86	8642600
2020-10-30	3.86	3.78	3.9	3.8	10733800
2020-11-02	3.82	3.76	3.88	3.76	2285400
2020-11-03	3.78	3.78	3.84	3.78	2162200
2020-11-04	3.82	3.72	4.02	4.0	26814800
2020-11-05	4.0	4.0	4.14	4.06	18357000
2020-11-06	4.04	3.92	4.08	3.96	6538100
2020-11-09	3.94	3.84	3.96	3.86	6363300
2020-11-10	3.84	3.56	3.84	3.72	13760900
2020-11-11	3.8	3.72	3.8	3.76	7774500
2020-11-12	3.8	3.7	3.82	3.74	10109200
2020-11-13	3.78	3.72	3.82	3.8	3741400
2020-11-16	3.78	3.7	3.84	3.7	7115400
2020-11-17	3.68	3.54	3.78	3.64	13683600
2020-11-18	3.62	3.5	3.64	3.54	5965000
2020-11-19	3.52	3.48	3.64	3.52	8628600
2020-11-20	3.56	3.48	3.56	3.5	5218900
2020-11-23	3.5	3.42	3.5	3.44	10412600
2020-11-24	3.38	3.34	3.42	3.36	3479800
2020-11-25	3.36	3.36	3.46	3.46	4972200
2020-11-26	3.42	3.42	3.52	3.5	5397000
2020-11-27	3.5	3.48	3.72	3.68	33296100
2020-11-30	3.7	3.62	3.72	3.62	6947400
2020-12-01	3.68	3.64	3.84	3.68	38726300
2020-12-02	3.68	3.58	3.7	3.62	7209100
2020-12-03	3.64	3.58	3.64	3.6	5189800
2020-12-04	3.6	3.58	3.7	3.58	11219300
2020-12-08	3.58	3.44	3.58	3.46	8730400
2020-12-09	3.44	3.36	3.46	3.36	7770800
2020-12-14	3.4	3.4	3.56	3.56	10807300
2020-12-15	3.54	3.46	3.56	3.46	4736800
2020-12-16	3.44	3.44	3.48	3.48	2636300
2020-12-17	3.48	3.48	3.58	3.52	12271000
2020-12-18	3.56	3.48	3.56	3.54	5294200
2020-12-21	3.38	3.22	3.46	3.26	5931700
2020-12-22	3.22	3.22	3.36	3.34	2765400
2020-12-23	3.36	3.3	3.42	3.34	4480700
2020-12-24	3.32	3.28	3.38	3.32	2815800
2020-12-25	3.36	3.18	3.38	3.24	10758900
2020-12-28	3.12	3.06	3.18	3.06	15825600
2020-12-29	3.1	3.08	3.18	3.18	8477300
2020-12-30	3.22	3.12	3.28	3.24	21635900
2021-01-04	3.2	3.14	3.2	3.18	4165500
2021-01-05	3.24	3.22	3.4	3.32	25136700
2021-01-06	3.36	3.26	3.36	3.28	10420700
2021-01-07	3.32	3.3	3.44	3.36	17931600
2021-01-08	3.36	3.34	3.48	3.4	18316600
2021-01-11	3.42	3.36	3.44	3.4	4196200
2021-01-12	3.4	3.36	3.52	3.5	12104100
2021-01-13	3.56	3.46	3.56	3.48	6573300
2021-01-14	3.46	3.44	3.54	3.46	11924100
2021-01-15	3.46	3.36	3.5	3.46	7667600
2021-01-18	3.44	3.38	3.44	3.4	3363600
2021-01-19	3.42	3.38	3.44	3.4	2614300
2021-01-20	3.4	3.34	3.42	3.36	4458800
2021-01-21	3.36	3.36	3.42	3.36	5064800
2021-01-22	3.38	3.28	3.38	3.28	4050500
2021-01-25	3.26	3.22	3.28	3.22	2089200
2021-01-26	3.24	3.2	3.26	3.26	3908300
2021-01-27	3.28	3.26	3.34	3.28	3028000
2021-01-28	3.26	3.2	3.28	3.2	4185500
2021-01-29	3.22	3.18	3.24	3.18	2894400
2021-02-01	3.18	3.18	3.28	3.26	3238800
2021-02-02	3.32	3.28	3.32	3.3	3483200
2021-02-03	3.36	3.28	3.36	3.3	4283100
2021-02-04	3.32	3.26	3.4	3.4	10774200
2021-02-05	3.48	3.34	3.48	3.34	20522500
2021-02-08	3.38	3.34	3.4	3.36	6983400
2021-02-09	3.38	3.32	3.4	3.36	6088300
2021-02-10	3.36	3.3	3.38	3.3	4485600
2021-02-11	3.3	3.22	3.3	3.22	6617100
2021-02-15	3.26	3.22	3.28	3.22	3133600
2021-02-16	3.24	3.18	3.24	3.2	5343300
2021-02-17	3.22	3.16	3.24	3.24	10532000
2021-02-18	3.24	3.2	3.24	3.2	3163700
2021-02-19	3.2	3.16	3.2	3.18	2603200
2021-02-22	3.18	3.08	3.2	3.08	7133900
2021-02-23	3.02	2.72	3.02	2.86	19867800
2021-02-24	2.9	2.76	2.9	2.76	12006300
2021-02-25	2.82	2.76	2.82	2.76	4321200
2021-03-01	2.76	2.7	2.8	2.8	3931900
2021-03-02	2.82	2.78	2.86	2.78	5555600
2021-03-03	2.78	2.78	2.86	2.82	2572900
2021-03-04	2.82	2.78	2.84	2.8	3152000
2021-03-05	2.8	2.8	2.88	2.86	8443700
2021-03-08	2.88	2.88	3.0	2.96	14738100
2021-03-09	2.98	2.98	3.02	2.98	12302000
2021-03-10	3.02	2.98	3.02	3.0	4149700
2021-03-11	3.02	2.88	3.02	2.9	10769700
2021-03-12	2.9	2.9	2.96	2.9	3893700
2021-03-15	2.9	2.82	2.92	2.82	5732300
2021-03-16	2.82	2.82	2.86	2.86	4083900
2021-03-17	2.88	2.82	2.88	2.84	1831700
2021-03-18	2.86	2.84	2.94	2.92	13536800
2021-03-19	2.94	2.9	2.94	2.9	4376900
2021-03-22	2.9	2.9	3.04	3.04	12144300
2021-03-23	3.12	3.08	3.14	3.08	20749200
2021-03-24	3.12	3.08	3.14	3.1	8002000
2021-03-25	3.1	3.1	3.38	3.26	44278900
2021-03-26	3.32	3.12	3.38	3.14	20361200
2021-03-29	3.14	3.14	3.22	3.14	5937800
2021-03-30	3.18	3.16	3.26	3.24	8811000
2021-03-31	3.26	3.18	3.28	3.18	9058100
2021-04-01	3.2	3.18	3.36	3.28	31338300
2021-04-02	3.3	3.24	3.34	3.26	12005700
2021-04-05	3.26	3.14	3.28	3.18	9214400
2021-04-07	3.14	3.0	3.14	3.04	10091400
2021-04-08	3.04	2.94	3.08	3.0	8002300
2021-04-09	3.02	3.02	3.06	3.04	3369500
2021-04-12	3.02	2.94	3.04	2.94	4012100
2021-04-16	2.94	2.88	3.1	3.06	19540400
2021-04-19	3.08	3.08	3.16	3.16	12086200
2021-04-20	3.16	3.1	3.18	3.1	10108200
2021-04-21	3.12	3.1	3.14	3.1	3556400
2021-04-22	3.14	3.04	3.14	3.06	4254000
2021-04-23	3.04	3.0	3.06	3.0	3408300
2021-04-26	2.96	2.92	3.0	2.96	3489600
2021-04-27	2.98	2.92	3.1	2.98	12928600
2021-04-28	3.0	3.0	3.12	3.1	5447400
2021-04-29	3.08	3.04	3.18	3.08	20779000
2021-04-30	3.12	3.04	3.12	3.08	5406400
2021-05-05	3.06	2.98	3.08	3.0	4993600
2021-05-06	3.04	2.98	3.04	3.02	2688800
2021-05-07	3.02	3.0	3.04	3.0	2641100
2021-05-10	3.0	2.96	3.02	2.96	3786700
2021-05-11	2.96	2.78	3.0	2.84	10977400
2021-05-12	2.8	2.8	2.84	2.8	5141000
2021-05-13	2.8	2.64	2.82	2.78	10190100
2021-05-14	2.76	2.72	2.8	2.74	4473500
2021-05-17	2.72	2.68	2.74	2.72	2137200
2021-05-18	2.72	2.72	2.76	2.76	3395700
2021-05-19	2.78	2.74	2.82	2.78	4148700
2021-05-20	2.78	2.76	2.82	2.76	2813200
2021-05-21	2.76	2.72	2.78	2.74	1547500
2021-05-24	2.78	2.7	2.78	2.72	1880300
2021-05-25	2.74	2.7	2.76	2.72	2914400
2021-05-27	2.74	2.72	2.86	2.78	6841000
2021-05-28	2.78	2.74	2.8	2.76	2901200
2021-05-31	2.74	2.72	2.78	2.76	1566500
2021-06-01	2.78	2.74	2.82	2.78	2434000
2021-06-02	2.8	2.78	2.96	2.92	19511800
2021-06-04	2.86	2.86	2.9	2.86	5978800
2021-06-07	2.9	2.88	2.92	2.88	5140000
2021-06-08	2.9	2.88	2.96	2.9	7444000
2021-06-09	2.9	2.88	2.94	2.9	4285500
2021-06-10	2.9	2.82	2.92	2.86	4009700
2021-06-11	2.86	2.8	2.86	2.82	3682200
2021-06-14	2.82	2.8	2.84	2.8	2061500
2021-06-15	2.8	2.8	2.88	2.82	4513200
2021-06-16	2.84	2.8	2.84	2.8	1364300
2021-06-17	2.82	2.78	2.88	2.8	3684900
2021-06-18	2.8	2.74	2.82	2.76	2062300
2021-06-21	2.74	2.72	2.78	2.76	991000
2021-06-22	2.76	2.76	2.8	2.78	1473900
2021-06-23	2.78	2.74	2.8	2.74	962600
2021-06-24	2.74	2.72	2.76	2.72	2456500
2021-06-25	2.72	2.7	2.74	2.72	1576700
2021-06-28	2.68	2.68	2.78	2.76	1260600
2021-06-29	2.74	2.74	2.78	2.74	986100
2021-06-30	2.78	2.76	2.82	2.82	6040400
2021-07-01	2.82	2.74	2.82	2.76	2096500
2021-07-02	2.78	2.72	2.78	2.74	1816900
2021-07-05	2.72	2.7	2.74	2.72	1152300
2021-07-06	2.72	2.72	2.74	2.74	809100
2021-07-07	2.76	2.74	2.92	2.82	19536600
2021-07-08	2.8	2.6	2.8	2.64	8443000
2021-07-09	2.56	2.56	2.72	2.68	4229500
2021-07-12	2.7	2.68	2.74	2.7	1041800
2021-07-13	2.72	2.7	2.76	2.72	1030600
2021-07-14	2.7	2.7	2.82	2.8	3206500
2021-07-15	2.84	2.76	2.84	2.76	1594500
2021-07-16	2.78	2.74	2.92	2.9	11406600
2021-07-19	2.82	2.82	3.06	3.0	43563100
2021-07-20	2.98	2.88	3.0	2.88	13915000
2021-07-21	2.9	2.78	2.92	2.82	10464900
2021-07-22	2.84	2.8	2.88	2.84	4817000
2021-07-23	2.84	2.8	2.84	2.8	4282300
2021-07-27	2.78	2.72	2.8	2.74	5507000
2021-07-29	2.76	2.7	2.8	2.72	2064100
2021-07-30	2.74	2.7	2.78	2.72	3276100
2021-08-02	2.68	2.62	2.7	2.64	3498400
2021-08-03	2.64	2.64	2.74	2.72	1492800
2021-08-04	2.76	2.72	2.76	2.72	933800
2021-08-05	2.76	2.7	2.76	2.7	1081600
2021-08-06	2.72	2.72	2.76	2.74	1310500
2021-08-09	2.78	2.68	2.78	2.7	1922700
2021-08-10	2.72	2.7	2.84	2.8	4821000
2021-08-11	2.78	2.68	2.78	2.7	3797800
2021-08-13	2.68	2.62	2.7	2.62	4429800
2021-08-16	2.62	2.5	2.68	2.68	5837900
2021-08-17	2.68	2.62	2.68	2.66	899600
2021-08-18	2.68	2.64	2.7	2.66	1101100
2021-08-19	2.66	2.64	2.68	2.66	483200
2021-08-20	2.64	2.64	2.68	2.66	595800
2021-08-23	2.68	2.66	2.72	2.66	1412000
2021-08-24	2.66	2.66	2.72	2.68	1159900
2021-08-25	2.72	2.7	2.78	2.76	3134100
2021-08-26	2.78	2.72	2.82	2.72	5518400
2021-08-27	2.72	2.68	2.74	2.68	2207400
2021-08-30	2.68	2.68	2.78	2.76	3514900
2021-08-31	2.78	2.72	2.78	2.74	1306100
2021-09-01	2.74	2.7	2.76	2.74	1232800
2021-09-02	2.74	2.72	2.76	2.74	1381200
2021-09-03	2.76	2.72	2.76	2.74	1324900
2021-09-06	2.76	2.76	2.82	2.8	6831300
2021-09-07	2.82	2.8	2.92	2.88	16496400
2021-09-08	2.94	2.82	2.96	2.84	8175400
2021-09-09	2.88	2.78	2.88	2.8	3107200
2021-09-10	2.82	2.8	2.94	2.88	5898300
2021-09-13	2.86	2.76	2.88	2.8	2876300
2021-09-14	2.8	2.78	2.84	2.78	1532800
2021-09-15	2.78	2.72	2.82	2.72	5617900
2021-09-16	2.72	2.72	2.76	2.74	1624900
2021-09-17	2.76	2.72	2.76	2.72	1575300
2021-09-20	2.72	2.7	2.76	2.7	877300
2021-09-21	2.7	2.66	2.72	2.72	1258700
2021-09-22	2.68	2.68	2.74	2.7	1276600
2021-09-23	2.72	2.7	2.74	2.72	1024800
2021-09-27	2.74	2.7	2.74	2.7	750800
2021-09-28	2.7	2.68	2.72	2.68	1790800
2021-09-29	2.68	2.68	2.72	2.7	446900
2021-09-30	2.7	2.66	2.7	2.66	1390700
2021-10-01	2.66	2.62	2.66	2.66	4270000
2021-10-04	2.66	2.66	2.74	2.72	3120100
2021-10-05	2.72	2.66	2.72	2.66	1346800
2021-10-06	2.66	2.66	2.68	2.66	1318000
2021-10-07	2.66	2.66	2.68	2.66	714200
2021-10-08	2.66	2.64	2.68	2.66	1899700
2021-10-11	2.66	2.64	2.68	2.68	968900
2021-10-12	2.68	2.64	2.7	2.7	2061800
2021-10-14	2.7	2.68	2.74	2.7	1559000
2021-10-15	2.72	2.68	2.76	2.7	1994100
2021-10-18	2.7	2.66	2.7	2.68	1013600
2021-10-19	2.68	2.66	2.68	2.66	487700
2021-10-20	2.66	2.64	2.68	2.66	792700
2021-10-21	2.66	2.66	2.7	2.7	779000
2021-10-25	2.68	2.66	2.7	2.7	585600
2021-10-26	2.68	2.66	2.7	2.68	812900
2021-10-27	2.68	2.64	2.68	2.66	1156300
2021-10-28	2.66	2.64	2.68	2.66	590200
2021-10-29	2.66	2.66	2.68	2.68	484700
2021-11-01	2.68	2.64	2.68	2.66	479100
2021-11-02	2.66	2.6	2.66	2.62	1664900
2021-11-03	2.62	2.6	2.66	2.66	1765000
2021-11-04	2.66	2.62	2.66	2.66	302300
2021-11-05	2.64	2.62	2.66	2.66	414600
2021-11-08	2.66	2.6	2.66	2.62	1607600
2021-11-09	2.62	2.6	2.64	2.62	509000
2021-11-10	2.6	2.46	2.6	2.5	7308500
2021-11-11	2.5	2.48	2.56	2.5	3352200
2021-11-12	2.52	2.5	2.54	2.5	1301700
2021-11-15	2.5	2.48	2.56	2.5	2797600
2021-11-16	2.52	2.48	2.54	2.5	2043300
2021-11-17	2.5	2.48	2.52	2.5	537400
2021-11-18	2.5	2.48	2.5	2.5	801500
2021-11-19	2.5	2.48	2.52	2.48	1060600
2021-11-22	2.48	2.48	2.54	2.5	1245900
2021-11-23	2.54	2.52	2.54	2.52	889300
2021-11-24	2.52	2.52	2.58	2.56	2749600
2021-11-25	2.54	2.54	2.7	2.66	14787800
2021-11-26	2.66	2.56	2.66	2.56	4701100
2021-11-29	2.54	2.5	2.56	2.5	1331900
2021-11-30	2.52	2.38	2.54	2.4	4075200
2021-12-01	2.38	2.38	2.48	2.42	1935900
2021-12-02	2.42	2.4	2.46	2.42	935800
2021-12-03	2.42	2.4	2.44	2.44	613800
2021-12-07	2.42	2.42	2.46	2.46	255500
2021-12-08	2.46	2.44	2.48	2.48	404900
2021-12-09	2.44	2.42	2.46	2.44	1376400
2021-12-13	2.46	2.44	2.48	2.46	454000
2021-12-14	2.46	2.44	2.54	2.52	914800
2021-12-15	2.52	2.52	2.58	2.56	1052100
2021-12-16	2.56	2.5	2.58	2.54	754200
2021-12-17	2.5	2.5	2.54	2.54	589700
2021-12-20	2.54	2.44	2.58	2.44	1040800
2021-12-21	2.44	2.44	2.5	2.46	744300
2021-12-22	2.44	2.42	2.46	2.42	1077000
2021-12-23	2.44	2.44	2.46	2.44	340400
2021-12-24	2.46	2.4	2.46	2.42	4005200
2021-12-27	2.42	2.4	2.44	2.42	122900
2021-12-28	2.42	2.4	2.44	2.4	516300
2021-12-29	2.42	2.34	2.42	2.42	1326700
2021-12-30	2.42	2.4	2.44	2.4	532100
2022-01-04	2.42	2.42	2.46	2.44	524000
2022-01-05	2.44	2.4	2.44	2.44	411200
2022-01-06	2.44	2.4	2.44	2.44	499700
2022-01-07	2.42	2.42	2.44	2.44	496600
2022-01-10	2.44	2.42	2.44	2.44	898600
2022-01-11	2.44	2.42	2.46	2.44	949100
2022-01-12	2.46	2.42	2.46	2.42	1214300
2022-01-13	2.44	2.4	2.46	2.42	1439300
2022-01-14	2.44	2.42	2.46	2.42	1130700
2022-01-17	2.44	2.42	2.46	2.44	1521200
2022-01-18	2.44	2.4	2.46	2.4	1467900
2022-01-19	2.4	2.36	2.42	2.38	1414900
2022-01-20	2.38	2.36	2.4	2.4	838700
2022-01-21	2.38	2.34	2.4	2.38	888000
2022-01-24	2.36	2.34	2.46	2.34	2941800
2022-01-25	2.34	2.28	2.34	2.28	1829400
2022-01-26	2.26	2.26	2.3	2.28	1128400
2022-01-27	2.3	2.14	2.3	2.2	2801500
2022-01-28	2.18	2.18	2.3	2.3	1745500
2022-01-31	2.3	2.3	2.4	2.36	1942300
2022-02-01	2.4	2.36	2.4	2.4	310300
2022-02-02	2.44	2.38	2.44	2.4	552300
2022-02-03	2.4	2.36	2.4	2.38	547300
2022-02-04	2.38	2.36	2.4	2.38	240200
2022-02-07	2.36	2.28	2.36	2.34	922700
2022-02-08	2.34	2.32	2.42	2.34	1123900
2022-02-09	2.36	2.32	2.36	2.34	297900
2022-02-10	2.34	2.28	2.36	2.3	1175200
2022-02-11	2.38	2.3	2.38	2.32	494400
2022-02-14	2.38	2.3	2.38	2.34	375100
2022-02-15	2.32	2.3	2.38	2.38	1326000
2022-02-17	2.4	2.34	2.42	2.34	1147000
2022-02-18	2.36	2.32	2.38	2.38	182300
2022-02-21	2.4	2.34	2.4	2.38	716100
2022-02-22	2.38	2.32	2.38	2.32	154000
2022-02-23	2.32	2.3	2.38	2.38	797700
2022-02-24	2.32	2.22	2.36	2.32	3426500
2022-02-25	2.32	2.28	2.42	2.4	2296200
2022-02-28	2.4	2.34	2.4	2.36	475800
2022-03-01	2.36	2.34	2.38	2.34	1595300
2022-03-02	2.36	2.28	2.36	2.34	1152400
2022-03-03	2.34	2.28	2.38	2.38	1662900
2022-03-04	2.38	2.34	2.38	2.36	1634300
2022-03-07	2.34	2.26	2.36	2.34	2868500
2022-03-08	2.3	2.24	2.34	2.34	3303400
2022-03-09	2.34	2.3	2.36	2.36	478200
2022-03-10	2.36	2.32	2.36	2.32	247100
2022-03-11	2.34	2.3	2.34	2.34	549200
2022-03-14	2.34	2.32	2.36	2.36	1031400
2022-03-15	2.36	2.32	2.38	2.34	680700
2022-03-16	2.36	2.32	2.36	2.34	278900
2022-03-17	2.36	2.34	2.36	2.36	391700
2022-03-18	2.38	2.38	2.5	2.46	14607500
2022-03-21	2.46	2.42	2.52	2.46	4418600
2022-03-22	2.48	2.46	2.54	2.52	11657700
2022-03-23	2.58	2.5	2.58	2.5	9464000
2022-03-24	2.5	2.46	2.5	2.48	2737100
2022-03-25	2.52	2.44	2.52	2.46	2876500
2022-03-28	2.48	2.46	2.5	2.48	712200
2022-03-29	2.48	2.48	2.54	2.52	3153000
2022-03-30	2.54	2.5	2.58	2.52	6010100
2022-03-31	2.54	2.46	2.54	2.46	3310600
2022-04-01	2.44	2.42	2.48	2.46	1504800
2022-04-04	2.44	2.42	2.5	2.46	1459000
2022-04-05	2.46	2.46	2.64	2.6	15901500
2022-04-07	2.64	2.56	2.74	2.58	43232400
2022-04-08	2.6	2.6	2.66	2.64	7342500
2022-04-11	2.64	2.48	2.66	2.5	5744000
2022-04-12	2.46	2.44	2.5	2.46	3512000
2022-04-18	2.48	2.44	2.54	2.52	1857100
2022-04-19	2.56	2.52	2.62	2.58	3856600
2022-04-20	2.66	2.6	2.68	2.62	4890400
2022-04-21	2.64	2.58	2.64	2.58	2139600
2022-04-22	2.56	2.54	2.62	2.58	1262300
2022-04-25	2.58	2.46	2.58	2.48	3111900
2022-04-26	2.5	2.4	2.54	2.42	2599800
2022-04-27	2.4	2.32	2.42	2.34	3002500
2022-04-28	2.36	2.36	2.4	2.38	798800
2022-04-29	2.36	2.36	2.44	2.44	981800
2022-05-03	2.44	2.34	2.48	2.34	1617000
2022-05-05	2.36	2.3	2.38	2.34	1889500
2022-05-06	2.28	2.2	2.44	2.38	1629300
2022-05-09	2.32	2.26	2.4	2.34	2710400
2022-05-10	2.3	2.3	2.38	2.36	562800
2022-05-11	2.34	2.32	2.38	2.36	548600
2022-05-12	2.36	2.28	2.36	2.3	1343800
2022-05-13	2.32	2.28	2.36	2.3	753600
2022-05-17	2.36	2.34	2.38	2.38	251600
2022-05-18	2.38	2.38	2.42	2.4	454000
2022-05-19	2.34	2.34	2.42	2.4	350000
2022-05-20	2.4	2.32	2.42	2.42	1186200
2022-05-23	2.42	2.38	2.48	2.46	3681500
2022-05-24	2.48	2.48	2.62	2.6	7732500
2022-05-25	2.62	2.54	2.64	2.56	3869800
2022-05-26	2.56	2.56	2.64	2.62	1701000
2022-05-27	2.64	2.6	2.72	2.62	7179900
2022-05-30	2.64	2.58	2.66	2.62	2904400
2022-05-31	2.66	2.54	2.66	2.56	4738800
2022-06-01	2.58	2.56	2.6	2.58	990000
2022-06-02	2.58	2.54	2.6	2.54	1258900
2022-06-06	2.56	2.48	2.56	2.54	1313500
2022-06-07	2.54	2.54	2.68	2.64	9531200
2022-06-08	2.64	2.58	2.72	2.58	7751800
2022-06-09	2.6	2.58	2.64	2.58	1733400
2022-06-10	2.58	2.58	2.64	2.6	866800
2022-06-13	2.5	2.48	2.58	2.5	2684300
2022-06-14	2.5	2.44	2.54	2.48	1378600
2022-06-15	2.5	2.46	2.52	2.52	408600
2022-06-16	2.52	2.42	2.54	2.42	1953200
2022-06-17	2.4	2.4	2.5	2.46	1204800
2022-06-20	2.46	2.42	2.52	2.48	1670500
2022-06-21	2.48	2.46	2.48	2.46	241900
2022-06-22	2.46	2.34	2.46	2.36	2646000
2022-06-23	2.38	2.38	2.46	2.4	2604700
2022-06-24	2.38	2.38	2.42	2.38	884800
2022-06-27	2.4	2.4	2.44	2.42	393100
2022-06-28	2.42	2.42	2.56	2.5	6104400
2022-06-29	2.48	2.44	2.5	2.46	792800
2022-06-30	2.46	2.38	2.48	2.4	1541200
2022-07-01	2.4	2.18	2.4	2.3	9846100
2022-07-04	2.24	2.24	2.3	2.3	2207700
2022-07-05	2.32	2.18	2.32	2.26	3664000
2022-07-06	2.28	2.22	2.3	2.26	963000
2022-07-07	2.3	2.26	2.3	2.3	373100
2022-07-08	2.3	2.26	2.3	2.28	593300
2022-07-11	2.3	2.28	2.3	2.28	143900
2022-07-12	2.28	2.24	2.28	2.26	286200
2022-07-14	2.26	2.24	2.28	2.28	473000
2022-07-15	2.26	2.2	2.26	2.26	1401000
2022-07-18	2.28	2.26	2.3	2.28	291900
2022-07-19	2.22	2.22	2.26	2.26	250600
2022-07-20	2.26	2.26	2.28	2.26	135500
2022-07-21	2.24	2.24	2.3	2.28	156200
2022-07-22	2.28	2.28	2.32	2.32	730100
2022-07-25	2.32	2.26	2.32	2.28	334100
2022-07-26	2.28	2.28	2.3	2.28	149500
2022-07-27	2.32	2.28	2.36	2.36	739900
2022-08-01	2.36	2.36	2.44	2.44	1234300
2022-08-02	2.44	2.44	2.56	2.5	5515900
2022-08-03	2.48	2.42	2.54	2.54	1667400
2022-08-04	2.58	2.52	2.6	2.54	3810600
2022-08-05	2.54	2.52	2.62	2.62	1537000
2022-08-08	2.62	2.54	2.62	2.58	1814200
2022-08-09	2.58	2.54	2.6	2.58	3341900
2022-08-10	2.58	2.44	2.58	2.52	3011000
2022-08-11	2.52	2.44	2.52	2.52	2593400
2022-08-15	2.52	2.46	2.54	2.52	739500
2022-08-16	2.52	2.5	2.52	2.5	328500
2022-08-17	2.5	2.48	2.62	2.58	2963700
2022-08-18	2.56	2.5	2.58	2.54	1502600
2022-08-19	2.56	2.5	2.58	2.52	1374100
2022-08-22	2.54	2.46	2.54	2.5	412600
2022-08-23	2.48	2.46	2.56	2.56	957500
2022-08-24	2.56	2.52	2.56	2.56	1263300
2022-08-25	2.56	2.54	2.62	2.6	4417600
2022-08-26	2.6	2.52	2.62	2.6	3131800
2022-08-29	2.52	2.52	2.68	2.62	10749200
2022-08-30	2.64	2.58	2.68	2.62	6694500
2022-08-31	2.62	2.54	2.62	2.58	3205800
2022-09-01	2.56	2.52	2.58	2.54	1031900
2022-09-02	2.54	2.5	2.56	2.54	619100
2022-09-05	2.52	2.5	2.54	2.52	287300
2022-09-06	2.54	2.5	2.54	2.54	801400
2022-09-07	2.54	2.5	2.56	2.54	1287700
2022-09-08	2.52	2.52	2.6	2.58	2436500
2022-09-09	2.62	2.56	2.66	2.64	6394300
2022-09-12	2.64	2.54	2.66	2.54	3318200
2022-09-13	2.56	2.46	2.56	2.52	2210900
2022-09-14	2.46	2.46	2.52	2.5	748100
2022-09-15	2.5	2.48	2.52	2.48	546800
2022-09-16	2.48	2.48	2.52	2.48	600400
2022-09-19	2.48	2.44	2.48	2.46	661800
2022-09-20	2.46	2.46	2.52	2.52	1737000
2022-09-21	2.52	2.48	2.52	2.48	473700
2022-09-22	2.48	2.46	2.52	2.52	565800
2022-09-23	2.5	2.46	2.52	2.52	704700
2022-09-26	2.48	2.44	2.52	2.5	1110000
2022-09-27	2.5	2.42	2.5	2.46	1428100
2022-09-28	2.46	2.4	2.46	2.4	592700
2022-09-29	2.38	2.38	2.54	2.44	2573300
2022-09-30	2.42	2.4	2.46	2.44	381000
2022-10-03	2.44	2.34	2.44	2.38	932600
2022-10-04	2.42	2.36	2.5	2.4	1532800
2022-10-05	2.42	2.42	2.46	2.42	576600
2022-10-06	2.42	2.4	2.44	2.4	411000
2022-10-07	2.44	2.38	2.44	2.42	74500
2022-10-10	2.4	2.34	2.4	2.38	483300
2022-10-11	2.36	2.3	2.36	2.32	1193200
2022-10-12	2.32	2.32	2.38	2.36	103500
2022-10-17	2.32	2.32	2.38	2.34	398400
2022-10-18	2.34	2.34	2.46	2.44	1770600
2022-10-19	2.46	2.4	2.46	2.42	719800
2022-10-20	2.42	2.4	2.42	2.42	98900
2022-10-21	2.4	2.36	2.4	2.36	361500
2022-10-25	2.36	2.34	2.4	2.38	626000
2022-10-26	2.38	2.34	2.38	2.38	74500
2022-10-27	2.38	2.36	2.38	2.38	61700
2022-10-28	2.38	2.38	2.54	2.42	3631900
2022-10-31	2.42	2.42	2.46	2.44	1049600
2022-11-01	2.46	2.42	2.5	2.48	1688500
2022-11-02	2.44	2.4	2.48	2.48	1363500
2022-11-03	2.44	2.44	2.46	2.44	919100
2022-11-04	2.44	2.42	2.46	2.46	1137800
2022-11-07	2.5	2.42	2.5	2.48	986300
2022-11-08	2.5	2.46	2.5	2.48	483300
2022-11-09	2.48	2.46	2.5	2.46	2163400
2022-11-10	2.52	2.48	2.58	2.48	7323600
2022-11-11	2.5	2.5	2.56	2.52	1320400
2022-11-14	2.52	2.42	2.54	2.42	1436100
2022-11-15	2.42	2.4	2.46	2.46	781700
2022-11-16	2.46	2.4	2.46	2.42	676500
2022-11-17	2.44	2.4	2.44	2.42	704900
2022-11-18	2.42	2.42	2.44	2.44	420900
2022-11-21	2.42	2.4	2.44	2.4	198300
2022-11-22	2.4	2.38	2.42	2.4	368200
2022-11-23	2.4	2.4	2.46	2.46	361700
2022-11-24	2.46	2.42	2.46	2.46	296500
2022-11-25	2.46	2.42	2.46	2.42	418600
2022-11-28	2.42	2.42	2.44	2.44	44700
2022-11-29	2.42	2.4	2.44	2.44	169400
2022-11-30	2.42	2.4	2.42	2.4	522000
2022-12-01	2.38	2.38	2.4	2.38	387700
2022-12-02	2.38	2.38	2.42	2.38	338700
2022-12-06	2.38	2.36	2.38	2.38	494600
2022-12-07	2.38	2.36	2.4	2.4	756800
2022-12-08	2.38	2.36	2.4	2.38	304500
2022-12-09	2.36	2.36	2.44	2.42	1486300
2022-12-13	2.4	2.38	2.42	2.42	471600
2022-12-14	2.4	2.38	2.4	2.38	641700
2022-12-15	2.38	2.34	2.38	2.36	1274900
2022-12-16	2.36	2.34	2.38	2.36	65000
2022-12-19	2.36	2.32	2.36	2.32	379800
2022-12-20	2.3	2.3	2.32	2.3	527200
2022-12-21	2.28	2.28	2.32	2.32	266600
2022-12-22	2.32	2.3	2.32	2.3	43300
2022-12-23	2.3	2.3	2.32	2.3	170300
2022-12-26	2.3	2.3	2.34	2.32	109700
2022-12-27	2.32	2.3	2.36	2.32	36000
2022-12-28	2.32	2.32	2.36	2.36	22400
2022-12-29	2.36	2.3	2.36	2.3	200600
2022-12-30	2.3	2.28	2.34	2.32	622400
