Date	Price Open	Price Low	Price High	Price Close	Volume
2019-11-22	2.9	2.82	3.06	3.04	242650300
2019-11-25	2.98	2.66	3.0	2.8	65900400
2019-11-26	2.8	2.78	2.86	2.78	16710800
2019-11-27	2.8	2.64	2.8	2.64	12543000
2019-11-28	2.66	2.48	2.72	2.5	18383500
2019-11-29	2.5	2.46	2.6	2.58	9667400
2019-12-02	2.56	2.5	2.6	2.5	6687800
2019-12-03	2.48	2.44	2.54	2.44	4046300
2019-12-04	2.42	2.32	2.44	2.32	5929800
2019-12-06	2.34	2.34	2.42	2.34	2972600
2019-12-09	2.34	2.22	2.36	2.22	2305400
2019-12-11	2.22	2.14	2.24	2.14	2736300
2019-12-12	2.14	2.14	2.24	2.2	1660500
2019-12-13	2.22	2.14	2.22	2.16	1475300
2019-12-16	2.16	2.12	2.18	2.12	836100
2019-12-17	2.14	2.06	2.16	2.06	1122900
2019-12-18	2.08	2.04	2.1	2.04	650100
2019-12-19	2.06	2.04	2.22	2.16	3324200
2019-12-20	2.2	2.18	2.32	2.26	5922500
2019-12-23	2.3	2.26	2.32	2.28	1777000
2019-12-24	2.28	2.22	2.32	2.22	1179900
2019-12-25	2.22	2.2	2.26	2.24	263400
2019-12-26	2.24	2.18	2.24	2.18	890900
2019-12-27	2.22	2.2	2.28	2.24	1219600
2019-12-30	2.24	2.24	2.3	2.26	571600
2020-01-02	2.26	2.22	2.28	2.26	610300
2020-01-03	2.28	2.26	2.36	2.3	3699800
2020-01-06	2.26	2.16	2.28	2.18	3084200
2020-01-07	2.2	2.18	2.26	2.22	1178000
2020-01-08	2.18	2.08	2.2	2.08	1934100
2020-01-09	2.14	2.1	2.18	2.12	884600
2020-01-10	2.14	2.1	2.16	2.12	600800
2020-01-13	2.12	2.1	2.2	2.18	471300
2020-01-14	2.2	2.16	2.24	2.16	1027800
2020-01-15	2.18	2.14	2.18	2.16	570800
2020-01-16	2.18	2.16	2.22	2.2	760900
2020-01-17	2.24	2.22	2.32	2.24	2408900
2020-01-20	2.24	2.18	2.24	2.2	784700
2020-01-21	2.2	2.14	2.24	2.16	2591200
2020-01-22	2.16	2.14	2.2	2.16	1180200
2020-01-23	2.16	2.16	2.18	2.18	213700
2020-01-24	2.18	2.14	2.18	2.14	161100
2020-01-27	2.14	2.04	2.14	2.06	1155200
2020-01-28	2.06	2.02	2.1	2.02	396100
2020-01-29	2.04	2.02	2.12	2.06	472600
2020-01-30	2.06	2.02	2.08	2.02	354800
2020-01-31	2.06	2.02	2.06	2.04	311600
2020-02-03	2.02	1.98	2.02	1.98	477300
2020-02-04	1.99	1.96	2.0	1.99	236400
2020-02-05	1.99	1.99	2.02	2.0	500800
2020-02-06	2.02	1.99	2.02	1.99	570000
2020-02-07	1.99	1.96	2.0	1.99	980700
2020-02-11	1.99	1.98	2.02	2.0	463700
2020-02-12	2.0	1.99	2.02	2.0	314400
2020-02-13	2.0	1.97	2.02	1.99	327900
2020-02-14	1.99	1.97	1.99	1.98	247100
2020-02-17	1.97	1.97	2.02	1.99	271600
2020-02-18	2.0	1.98	2.0	1.99	72600
2020-02-19	2.0	1.97	2.0	1.97	202400
2020-02-20	1.97	1.91	1.97	1.93	585700
2020-02-21	1.93	1.91	1.94	1.93	89300
2020-02-24	1.93	1.8	1.93	1.84	406200
2020-02-25	1.84	1.6	1.84	1.67	834000
2020-02-26	1.67	1.57	1.67	1.57	450000
2020-02-27	1.59	1.56	1.61	1.61	187700
2020-02-28	1.58	1.39	1.6	1.45	1442800
2020-03-02	1.45	1.4	1.51	1.46	575300
2020-03-03	1.47	1.47	1.58	1.56	411300
2020-03-04	1.54	1.52	1.62	1.59	274900
2020-03-05	1.64	1.59	1.71	1.63	658500
2020-03-06	1.61	1.54	1.61	1.59	257200
2020-03-09	1.52	1.46	1.52	1.48	396500
2020-03-10	1.51	1.48	1.52	1.49	55900
2020-03-11	1.49	1.46	1.53	1.48	94200
2020-03-12	1.46	1.33	1.46	1.36	404000
2020-03-13	1.33	1.2	1.4	1.4	487400
2020-03-16	1.4	1.33	1.4	1.4	123200
2020-03-17	1.4	1.32	1.4	1.35	131600
2020-03-18	1.4	1.31	1.45	1.39	189700
2020-03-19	1.39	1.39	1.44	1.42	7400
2020-03-20	1.42	1.39	1.44	1.43	403600
2020-03-23	1.42	1.24	1.42	1.26	187600
2020-03-24	1.27	1.27	1.38	1.34	115700
2020-03-25	1.37	1.29	1.37	1.34	69700
2020-03-26	1.33	1.32	1.36	1.33	55400
2020-03-27	1.35	1.32	1.35	1.34	68700
2020-03-30	1.34	1.32	1.34	1.34	16500
2020-03-31	1.32	1.32	1.42	1.4	82800
2020-04-01	1.41	1.35	1.41	1.35	43100
2020-04-02	1.35	1.33	1.48	1.34	110800
2020-04-03	1.42	1.33	1.42	1.35	19000
2020-04-07	1.35	1.33	1.38	1.33	555100
2020-04-08	1.36	1.34	1.39	1.36	270800
2020-04-09	1.38	1.35	1.42	1.37	654800
2020-04-10	1.39	1.38	1.48	1.47	1321600
2020-04-13	1.5	1.43	1.5	1.46	1133600
2020-04-14	1.48	1.46	1.51	1.49	626200
2020-04-15	1.5	1.46	1.52	1.46	896500
2020-04-16	1.34	1.32	1.36	1.33	749000
2020-04-17	1.34	1.33	1.37	1.35	363600
2020-04-20	1.35	1.33	1.37	1.37	73100
2020-04-21	1.34	1.34	1.37	1.35	147300
2020-04-22	1.36	1.32	1.4	1.34	526200
2020-04-23	1.34	1.34	1.38	1.37	213000
2020-04-24	1.38	1.35	1.38	1.36	260400
2020-04-27	1.36	1.36	1.44	1.4	393300
2020-04-28	1.41	1.41	1.57	1.49	1874800
2020-04-29	1.52	1.48	1.54	1.5	783700
2020-04-30	1.51	1.51	1.57	1.56	537300
2020-05-05	1.57	1.56	1.74	1.61	2553500
2020-05-07	1.64	1.59	1.64	1.6	1152700
2020-05-08	1.61	1.59	1.63	1.62	809900
2020-05-11	1.63	1.57	1.64	1.59	621700
2020-05-12	1.59	1.58	1.61	1.59	205900
2020-05-13	1.59	1.57	1.61	1.59	268200
2020-05-14	1.57	1.42	1.6	1.46	1206100
2020-05-15	1.48	1.42	1.48	1.46	445800
2020-05-18	1.46	1.38	1.46	1.39	526500
2020-05-19	1.4	1.4	1.44	1.43	366600
2020-05-20	1.41	1.41	1.49	1.48	769100
2020-05-21	1.49	1.45	1.53	1.47	843700
2020-05-22	1.46	1.44	1.49	1.47	314800
2020-05-25	1.47	1.46	1.54	1.5	650000
2020-05-26	1.5	1.5	1.57	1.53	1878100
2020-05-27	1.56	1.52	1.56	1.52	663300
2020-05-28	1.52	1.52	1.55	1.52	291700
2020-05-29	1.53	1.52	1.54	1.53	361600
2020-06-01	1.53	1.53	1.71	1.71	13240000
2020-06-02	1.74	1.66	1.74	1.66	4296400
2020-06-04	1.68	1.63	1.69	1.63	1824200
2020-06-05	1.63	1.6	1.65	1.61	1039000
2020-06-08	1.62	1.6	1.62	1.6	1082200
2020-06-09	1.6	1.57	1.66	1.59	3070300
2020-06-10	1.59	1.52	1.6	1.56	3189500
2020-06-11	1.54	1.53	1.56	1.54	757400
2020-06-12	1.5	1.49	1.53	1.52	1303500
2020-06-15	1.52	1.49	1.54	1.52	390900
2020-06-16	1.53	1.52	1.57	1.53	948000
2020-06-17	1.55	1.53	1.57	1.57	1077000
2020-06-18	1.59	1.56	1.59	1.59	1085100
2020-06-19	1.59	1.56	1.59	1.59	687800
2020-06-22	1.59	1.56	1.59	1.59	824300
2020-06-23	1.6	1.59	1.7	1.66	5870200
2020-06-24	1.7	1.64	1.7	1.65	2541300
2020-06-25	1.61	1.57	1.65	1.62	838900
2020-06-26	1.62	1.58	1.62	1.58	760100
2020-06-29	1.58	1.58	1.64	1.61	887000
2020-06-30	1.63	1.6	1.64	1.61	675100
2020-07-01	1.63	1.6	1.66	1.63	1054400
2020-07-02	1.65	1.63	1.78	1.78	7201500
2020-07-03	1.83	1.76	1.87	1.8	7535400
2020-07-07	1.84	1.81	2.06	2.06	10142900
2020-07-08	2.14	2.0	2.16	2.08	9663700
2020-07-09	2.06	1.99	2.12	2.04	2134900
2020-07-10	2.06	1.86	2.06	1.88	3539500
2020-07-13	1.87	1.71	1.9	1.72	3325600
2020-07-14	1.7	1.68	1.8	1.72	3547400
2020-07-15	1.72	1.72	1.8	1.74	1107400
2020-07-16	1.75	1.74	1.78	1.74	740300
2020-07-17	1.77	1.73	1.77	1.74	594200
2020-07-20	1.74	1.74	1.78	1.76	691900
2020-07-21	1.78	1.78	1.87	1.85	2443200
2020-07-22	1.88	1.82	1.88	1.84	1011900
2020-07-23	1.84	1.78	1.88	1.78	1016400
2020-07-24	1.79	1.76	1.79	1.76	201100
2020-07-29	1.76	1.7	1.77	1.71	690400
2020-07-30	1.73	1.69	1.75	1.7	1555500
2020-07-31	1.68	1.65	1.7	1.7	526300
2020-08-03	1.71	1.67	1.71	1.7	492400
2020-08-04	1.72	1.68	1.72	1.71	489700
2020-08-05	1.75	1.71	1.75	1.71	404900
2020-08-06	1.72	1.72	1.92	1.82	9484100
2020-08-07	1.82	1.76	1.84	1.84	2003700
2020-08-10	1.85	1.78	1.85	1.78	853800
2020-08-11	1.81	1.76	1.84	1.76	1029400
2020-08-13	1.77	1.74	1.78	1.75	410700
2020-08-14	1.77	1.71	1.77	1.75	759500
2020-08-17	1.84	1.83	1.94	1.85	6890700
2020-08-18	1.89	1.85	1.92	1.87	4058300
2020-08-19	1.9	1.86	1.96	1.88	5202400
2020-08-20	1.88	1.85	1.92	1.89	1618500
2020-08-21	1.92	1.92	2.16	2.16	33482300
2020-08-24	2.24	2.08	2.24	2.2	13933900
2020-08-25	2.18	2.08	2.22	2.18	5940200
2020-08-26	2.2	2.12	2.3	2.16	15695200
2020-08-27	2.18	2.16	2.2	2.18	4103300
2020-08-28	2.2	2.14	2.22	2.16	1935300
2020-08-31	2.18	2.16	2.46	2.3	25391000
2020-09-01	2.28	2.16	2.28	2.18	14551600
2020-09-02	2.2	2.16	2.24	2.22	6301500
2020-09-03	2.24	2.22	2.3	2.3	7903200
2020-09-08	2.28	2.24	2.44	2.32	12428800
2020-09-09	2.3	2.26	2.44	2.44	8904900
2020-09-10	2.46	2.22	2.54	2.22	11328100
2020-09-11	2.28	2.14	2.3	2.26	9859300
2020-09-14	2.24	2.2	2.36	2.36	3320000
2020-09-15	2.38	2.36	2.62	2.46	21387400
2020-09-16	2.48	2.38	2.6	2.58	14108700
2020-09-17	2.6	2.44	2.62	2.44	17291700
2020-09-18	2.46	2.42	2.52	2.44	3933600
2020-09-21	2.48	2.38	2.5	2.38	3736900
2020-09-22	2.34	2.3	2.4	2.4	3729400
2020-09-23	2.44	2.4	2.48	2.44	2943700
2020-09-24	2.42	2.4	2.48	2.42	2315500
2020-09-25	2.46	2.44	2.7	2.66	42399700
2020-09-28	2.72	2.64	2.76	2.66	21457400
2020-09-29	2.66	2.62	2.7	2.62	6520300
2020-09-30	2.62	2.6	2.78	2.78	13251300
2020-10-01	2.82	2.7	2.84	2.74	11626700
2020-10-02	2.74	2.7	2.78	2.72	4836300
2020-10-05	2.74	2.68	2.78	2.68	5181600
2020-10-06	2.68	2.62	2.76	2.64	7000500
2020-10-07	2.64	2.64	2.72	2.68	4375500
2020-10-08	2.68	2.66	2.74	2.66	4843400
2020-10-09	2.66	2.56	2.7	2.6	4094200
2020-10-12	2.62	2.48	2.72	2.68	11969900
2020-10-14	2.68	2.68	2.86	2.84	20779500
2020-10-15	2.82	2.62	2.9	2.64	12294700
2020-10-16	2.64	2.46	2.7	2.52	5154400
2020-10-19	2.46	2.34	2.5	2.36	4622400
2020-10-20	2.32	2.32	2.48	2.44	3874500
2020-10-21	2.48	2.42	2.5	2.42	2432500
2020-10-22	2.4	2.38	2.46	2.42	1846700
2020-10-26	2.46	2.44	2.48	2.44	1041100
2020-10-27	2.44	2.42	2.46	2.42	1036600
2020-10-28	2.4	2.4	2.5	2.44	2451500
2020-10-29	2.44	2.4	2.52	2.44	3471200
2020-10-30	2.48	2.44	2.54	2.46	2161900
2020-11-02	2.5	2.46	2.54	2.54	1216300
2020-11-03	2.54	2.5	2.58	2.54	1762700
2020-11-04	2.56	2.56	2.62	2.58	2780600
2020-11-05	2.6	2.58	2.66	2.62	1720100
2020-11-06	2.64	2.54	2.66	2.56	2681600
2020-11-09	2.58	2.42	2.62	2.44	1726400
2020-11-10	2.46	2.26	2.46	2.3	3091500
2020-11-11	2.26	2.26	2.4	2.34	721400
2020-11-12	2.36	2.34	2.4	2.36	384000
2020-11-13	2.38	2.26	2.38	2.28	1237500
2020-11-16	2.24	2.14	2.26	2.22	4734800
2020-11-17	2.24	2.16	2.24	2.18	2605300
2020-11-18	2.2	2.16	2.22	2.18	1116200
2020-11-19	2.2	2.2	2.3	2.24	1896700
2020-11-20	2.26	2.22	2.28	2.22	503800
2020-11-23	2.28	2.24	2.28	2.26	772400
2020-11-24	2.24	2.22	2.28	2.22	430600
2020-11-25	2.24	2.24	2.32	2.26	1413900
2020-11-26	2.28	2.22	2.28	2.22	814200
2020-11-27	2.24	2.2	2.28	2.24	1431300
2020-11-30	2.26	2.2	2.26	2.22	766000
2020-12-01	2.22	2.22	2.3	2.28	2595900
2020-12-02	2.3	2.24	2.34	2.24	2004200
2020-12-03	2.26	2.24	2.28	2.24	1283100
2020-12-04	2.24	2.24	2.28	2.24	2094600
2020-12-08	2.24	2.2	2.24	2.22	2089200
2020-12-09	2.2	2.18	2.24	2.2	2292900
2020-12-14	2.2	2.14	2.2	2.14	1569200
2020-12-15	2.18	2.1	2.24	2.12	2955100
2020-12-16	2.14	2.08	2.14	2.1	3849400
2020-12-17	2.1	2.06	2.12	2.1	1933900
2020-12-18	2.1	2.08	2.18	2.1	2702900
2020-12-21	2.0	1.99	2.08	1.99	2835600
2020-12-22	1.99	1.98	2.06	2.04	949000
2020-12-23	2.06	2.04	2.12	2.08	1561600
2020-12-24	2.08	2.04	2.08	2.04	785500
2020-12-25	2.04	2.04	2.08	2.04	579000
2020-12-28	2.06	2.02	2.06	2.02	1346600
2020-12-29	2.02	1.99	2.04	2.0	1928500
2020-12-30	2.02	2.02	2.26	2.26	15648000
2021-01-04	2.24	2.2	2.38	2.32	11635400
2021-01-05	2.4	2.38	2.54	2.52	17968600
2021-01-06	2.58	2.44	2.6	2.44	8117700
2021-01-07	2.5	2.44	2.54	2.5	5876100
2021-01-08	2.52	2.5	2.82	2.82	27500500
2021-01-11	2.8	2.74	2.96	2.86	16252400
2021-01-12	2.86	2.8	2.9	2.84	4538800
2021-01-13	2.84	2.8	2.88	2.82	2824400
2021-01-14	2.84	2.74	2.84	2.74	2641000
2021-01-15	2.74	2.56	2.8	2.64	5837400
2021-01-18	2.58	2.56	2.72	2.72	2358700
2021-01-19	2.72	2.64	2.78	2.64	2377400
2021-01-20	2.64	2.56	2.68	2.62	3294000
2021-01-21	2.64	2.58	2.66	2.58	2258900
2021-01-22	2.58	2.44	2.6	2.46	3580100
2021-01-25	2.44	2.42	2.5	2.5	1103000
2021-01-26	2.5	2.48	2.56	2.56	950000
2021-01-27	2.6	2.56	2.76	2.74	8694000
2021-01-28	2.7	2.62	2.72	2.62	3582700
2021-01-29	2.66	2.48	2.68	2.6	2550600
2021-02-01	2.62	2.56	2.62	2.58	971200
2021-02-02	2.64	2.52	2.64	2.54	2339300
2021-02-03	2.54	2.54	2.64	2.56	2120900
2021-02-04	2.6	2.58	2.82	2.8	11806300
2021-02-05	2.8	2.66	2.84	2.68	10710100
2021-02-08	2.68	2.64	3.0	2.96	33526700
2021-02-09	3.04	2.9	3.08	2.9	22065300
2021-02-10	2.98	2.92	3.22	3.22	39970600
2021-02-11	3.18	3.1	3.22	3.12	9575200
2021-02-15	3.18	3.08	3.2	3.12	5814000
2021-02-16	3.14	3.08	3.38	3.08	22241700
2021-02-17	3.08	3.02	3.12	3.06	7182200
2021-02-18	3.04	3.02	3.14	3.1	4639900
2021-02-19	3.08	3.02	3.08	3.06	2533600
2021-02-22	3.06	2.48	3.06	2.6	15455900
2021-02-23	2.6	2.54	2.68	2.64	3465100
2021-02-24	2.66	2.56	2.66	2.58	1373800
2021-02-25	2.56	2.54	2.66	2.64	1920700
2021-03-01	2.5	2.38	2.54	2.42	4483100
2021-03-02	2.4	2.4	2.54	2.46	2571800
2021-03-03	2.5	2.5	2.62	2.58	2484800
2021-03-04	2.62	2.54	2.62	2.56	1343100
2021-03-05	2.56	2.54	2.62	2.58	1188200
2021-03-08	2.56	2.54	2.62	2.54	1180200
2021-03-09	2.54	2.5	2.54	2.5	1608600
2021-03-10	2.56	2.5	2.72	2.68	9715400
2021-03-11	2.68	2.64	2.7	2.68	2246000
2021-03-12	2.7	2.68	2.76	2.72	3064700
2021-03-15	2.62	2.62	2.74	2.7	2218600
2021-03-16	2.7	2.7	2.98	2.98	10669800
2021-03-17	3.06	2.98	3.08	2.98	8915000
2021-03-18	3.02	3.02	3.18	3.14	9709000
2021-03-19	3.14	3.14	3.44	3.3	13811400
2021-03-22	3.32	3.2	3.4	3.3	2719500
2021-03-23	3.3	3.2	3.38	3.32	3513700
2021-03-24	3.28	3.26	3.36	3.26	1115800
2021-03-25	3.28	3.28	3.6	3.4	4530900
2021-03-26	3.38	3.3	3.42	3.36	1191400
2021-03-29	3.4	3.32	3.42	3.34	855000
2021-03-30	3.34	3.32	3.4	3.32	559300
2021-03-31	3.34	3.24	3.38	3.26	1861300
2021-04-01	3.24	3.2	3.28	3.26	1424700
2021-04-02	3.28	3.26	3.38	3.38	1463400
2021-04-05	3.3	3.26	3.34	3.3	1086700
2021-04-07	3.34	3.28	3.84	3.66	13927400
2021-04-08	3.76	3.6	3.76	3.6	3409700
2021-04-09	3.64	3.62	3.66	3.64	1487000
2021-04-12	3.64	3.6	3.76	3.7	2700700
2021-04-16	3.7	3.42	3.72	3.56	1722900
2021-04-19	3.56	3.5	3.64	3.6	489200
2021-04-20	3.62	3.6	3.8	3.72	1759700
2021-04-21	3.7	3.68	3.92	3.88	3229600
2021-04-22	3.94	3.68	3.94	3.76	1658300
2021-04-23	3.78	3.72	3.82	3.76	614100
2021-04-26	3.8	3.72	3.8	3.8	1058900
2021-04-27	3.62	3.54	3.64	3.58	1065900
2021-04-28	3.42	3.42	3.58	3.46	863500
2021-04-29	3.6	3.46	3.6	3.5	738900
2021-04-30	3.5	3.44	3.54	3.5	493000
2021-05-05	3.44	3.3	3.44	3.3	1427600
2021-05-06	3.3	3.28	3.36	3.32	767000
2021-05-07	3.38	3.34	3.46	3.42	728500
2021-05-10	3.44	3.32	3.44	3.4	388500
2021-05-11	4.06	3.5	4.16	4.0	12489400
2021-05-12	4.0	3.84	4.02	3.9	1593300
2021-05-13	3.86	3.56	3.86	3.76	2661400
2021-05-14	3.76	3.72	3.8	3.78	799500
2021-05-17	3.7	3.56	3.7	3.58	1329800
2021-05-18	3.56	3.56	3.7	3.68	1040600
2021-05-19	3.68	3.68	3.8	3.74	1694900
2021-05-20	3.76	3.66	3.8	3.66	1233100
2021-05-21	3.68	3.66	3.74	3.66	759200
2021-05-24	3.66	3.66	3.72	3.66	906800
2021-05-25	3.7	3.6	3.7	3.66	884700
2021-05-27	3.66	3.6	3.66	3.62	498900
2021-05-28	3.62	3.6	3.64	3.62	338200
2021-05-31	3.64	3.58	3.7	3.7	1637700
2021-06-01	3.7	3.64	3.72	3.68	1130800
2021-06-02	3.7	3.62	3.7	3.64	197100
2021-06-04	3.66	3.6	3.7	3.64	758000
2021-06-07	3.64	3.6	3.68	3.66	764700
2021-06-08	3.66	3.66	3.7	3.68	435300
2021-06-09	3.72	3.64	3.72	3.7	564700
2021-06-10	3.7	3.66	3.72	3.66	1076800
2021-06-11	3.74	3.64	3.8	3.68	3445600
2021-06-14	3.68	3.66	4.04	4.04	5169700
2021-06-15	4.1	3.92	4.32	4.02	15804400
2021-06-16	4.0	3.94	4.02	3.94	2048000
2021-06-17	3.94	3.8	4.0	3.92	1615200
2021-06-18	3.88	3.8	3.88	3.82	956100
2021-06-21	3.88	3.76	3.92	3.9	500300
2021-06-22	3.9	3.84	3.9	3.9	902600
2021-06-23	3.88	3.84	4.08	3.86	7155600
2021-06-24	3.82	3.68	3.82	3.72	2238200
2021-06-25	3.72	3.72	3.84	3.72	1879600
2021-06-28	3.7	3.62	3.72	3.68	737400
2021-06-29	3.64	3.64	3.78	3.76	654400
2021-06-30	3.76	3.76	3.8	3.76	929800
2021-07-01	3.82	3.7	3.86	3.78	1209100
2021-07-02	3.78	3.68	3.8	3.78	830400
2021-07-05	3.74	3.68	3.76	3.76	360700
2021-07-06	3.74	3.66	3.74	3.7	1013300
2021-07-07	3.72	3.66	3.74	3.68	400700
2021-07-08	3.62	3.48	3.62	3.48	2339900
2021-07-09	3.36	3.34	3.44	3.38	1312900
2021-07-12	3.42	3.32	3.42	3.32	368700
2021-07-13	3.32	3.32	3.46	3.44	266000
2021-07-14	3.46	3.4	3.52	3.5	242600
2021-07-15	3.52	3.5	3.58	3.54	259800
2021-07-16	3.54	3.46	3.54	3.5	397000
2021-07-19	3.5	3.44	3.52	3.48	291400
2021-07-20	3.48	3.34	3.48	3.4	458200
2021-07-21	3.4	3.36	3.4	3.4	83700
2021-07-22	3.4	3.38	3.46	3.46	89100
2021-07-23	3.46	3.4	3.48	3.4	254900
2021-07-27	3.38	3.3	3.4	3.32	463600
2021-07-29	3.32	3.3	3.42	3.3	446900
2021-07-30	3.38	3.28	3.38	3.3	581300
2021-08-02	3.3	3.3	3.34	3.3	299700
2021-08-03	3.32	3.28	3.36	3.34	299200
2021-08-04	3.34	3.32	3.44	3.44	261100
2021-08-05	3.6	3.44	3.6	3.48	827100
2021-08-06	3.52	3.44	3.52	3.48	254400
2021-08-09	3.42	3.36	3.44	3.4	234100
2021-08-10	3.36	3.36	3.4	3.4	242300
2021-08-11	3.34	3.34	3.4	3.4	309000
2021-08-13	3.36	3.36	3.46	3.4	394400
2021-08-16	3.3	3.0	3.34	3.02	1966300
2021-08-17	3.02	3.02	3.1	3.08	617000
2021-08-18	3.08	3.08	3.28	3.2	803500
2021-08-19	3.3	3.18	3.36	3.3	1210300
2021-08-20	3.34	3.3	3.38	3.38	631700
2021-08-23	3.44	3.3	3.46	3.4	573900
2021-08-24	3.42	3.38	3.46	3.46	664100
2021-08-25	3.46	3.36	3.48	3.46	261700
2021-08-26	3.46	3.42	3.46	3.44	96200
2021-08-27	3.46	3.42	3.48	3.44	275400
2021-08-30	3.46	3.42	3.48	3.42	531900
2021-08-31	3.46	3.42	3.48	3.46	526200
2021-09-01	3.46	3.36	3.46	3.4	1590800
2021-09-02	3.42	3.4	3.44	3.42	704000
2021-09-03	3.44	3.44	3.76	3.68	7162400
2021-09-06	3.74	3.62	3.76	3.62	3326000
2021-09-07	3.62	3.56	3.76	3.56	4115800
2021-09-08	3.62	3.62	3.76	3.68	4066800
2021-09-09	3.74	3.7	3.94	3.9	22422000
2021-09-10	3.94	3.8	4.0	3.8	6192600
2021-09-13	3.82	3.8	3.94	3.8	3086800
2021-09-14	3.8	3.7	3.84	3.72	2007300
2021-09-15	3.72	3.66	3.74	3.68	925400
2021-09-16	3.7	3.68	3.74	3.72	388100
2021-09-17	3.72	3.62	3.74	3.68	939200
2021-09-20	3.66	3.58	3.66	3.6	913600
2021-09-21	3.52	3.4	3.56	3.5	1934600
2021-09-22	3.5	3.48	3.58	3.5	695400
2021-09-23	3.5	3.4	3.7	3.7	2343600
2021-09-27	3.7	3.52	3.7	3.56	1477600
2021-09-28	3.52	3.52	3.58	3.58	280700
2021-09-29	3.56	3.52	3.58	3.54	224900
2021-09-30	3.56	3.48	3.56	3.48	396400
2021-10-01	3.48	3.42	3.52	3.52	412400
2021-10-04	3.4	3.4	3.52	3.48	410000
2021-10-05	3.44	3.42	3.52	3.48	415500
2021-10-06	3.48	3.44	3.5	3.46	169500
2021-10-07	3.46	3.44	3.48	3.46	296500
2021-10-08	3.5	3.46	3.58	3.54	545600
2021-10-11	3.62	3.52	3.62	3.54	400300
2021-10-12	3.56	3.52	3.56	3.54	119400
2021-10-14	3.6	3.5	3.6	3.5	211200
2021-10-15	3.54	3.46	3.54	3.5	299500
2021-10-18	3.48	3.42	3.5	3.44	304700
2021-10-19	3.44	3.44	3.48	3.46	64500
2021-10-20	3.5	3.42	3.5	3.48	93900
2021-10-21	3.46	3.44	3.48	3.46	70700
2021-10-25	3.5	3.44	3.5	3.44	97300
2021-10-26	3.44	3.42	3.48	3.46	158000
2021-10-27	3.5	3.44	3.5	3.46	50700
2021-10-28	3.44	3.36	3.46	3.46	661100
2021-10-29	3.44	3.34	3.44	3.34	400100
2021-11-01	3.36	3.34	3.48	3.44	534900
2021-11-02	3.42	3.36	3.48	3.36	481900
2021-11-03	3.42	3.4	3.52	3.48	652200
2021-11-04	3.46	3.46	3.64	3.62	1816300
2021-11-05	3.62	3.54	3.62	3.56	635200
2021-11-08	3.56	3.54	3.7	3.6	1869000
2021-11-09	3.64	3.58	3.66	3.62	538600
2021-11-10	3.64	3.6	3.68	3.64	303300
2021-11-11	3.64	3.54	3.64	3.56	338000
2021-11-12	3.54	3.52	3.62	3.62	416900
2021-11-15	3.62	3.5	3.66	3.56	424200
2021-11-16	3.56	3.44	3.56	3.44	446500
2021-11-17	3.44	3.4	3.5	3.42	1798200
2021-11-18	3.46	3.4	3.5	3.42	1053900
2021-11-19	3.5	3.5	4.44	4.44	54212600
2021-11-22	4.8	4.3	4.96	4.36	56004600
2021-11-23	4.38	4.18	4.46	4.36	12713500
2021-11-24	4.4	4.22	4.58	4.26	13127100
2021-11-25	4.28	4.24	4.46	4.3	7210400
2021-11-26	4.3	3.96	4.3	3.96	6415000
2021-11-29	4.04	3.9	4.16	4.0	6976100
2021-11-30	4.04	3.9	4.24	3.96	9433800
2021-12-01	3.96	3.94	4.1	4.1	2439700
2021-12-02	4.1	4.0	4.18	4.04	2648100
2021-12-03	4.1	4.0	4.12	4.0	1247600
2021-12-07	4.06	4.0	4.1	4.0	1299100
2021-12-08	4.08	4.0	4.08	4.0	947200
2021-12-09	4.02	4.02	4.56	4.4	27211500
2021-12-13	4.46	4.26	4.54	4.26	9925200
2021-12-14	4.26	4.24	5.15	4.54	65866200
2021-12-15	4.62	4.4	4.68	4.48	9088400
2021-12-16	4.52	4.38	4.56	4.4	4289700
2021-12-17	4.4	4.32	4.48	4.32	3350000
2021-12-20	4.32	4.24	4.46	4.24	3886600
2021-12-21	4.28	4.1	4.32	4.12	2276000
2021-12-22	4.12	4.12	4.22	4.14	1154000
2021-12-23	4.18	4.18	4.32	4.24	1623000
2021-12-24	4.26	4.16	4.26	4.16	788800
2021-12-27	4.2	4.18	4.26	4.24	798900
2021-12-28	4.26	4.26	4.52	4.42	7389900
2021-12-29	4.66	4.4	4.96	4.44	25486300
2021-12-30	4.42	4.36	4.52	4.36	2520900
2022-01-04	4.42	4.34	4.42	4.4	1011000
2022-01-05	4.42	4.42	4.72	4.68	9932700
2022-01-06	4.62	4.46	4.62	4.46	4039500
2022-01-07	4.46	4.44	4.58	4.5	2474600
2022-01-10	4.54	4.54	5.1	5.1	28523100
2022-01-11	5.0	4.56	5.15	4.58	18305500
2022-01-12	4.66	4.46	4.66	4.48	8450300
2022-01-13	4.52	4.4	4.56	4.42	7924100
2022-01-14	4.44	4.2	4.46	4.24	8330000
2022-01-17	4.28	4.2	4.3	4.26	3881700
2022-01-18	4.28	4.22	4.32	4.3	2255200
2022-01-19	4.3	4.02	4.36	4.06	5280100
2022-01-20	4.02	3.7	4.08	3.7	10223000
2022-01-21	3.64	3.5	3.72	3.54	6788800
2022-01-24	3.56	3.56	3.66	3.56	1939000
2022-01-25	3.58	3.56	3.68	3.6	2274400
2022-01-26	3.64	3.54	3.76	3.56	3105900
2022-01-27	3.56	3.3	3.6	3.42	5648000
2022-01-28	3.5	3.46	3.52	3.5	1370100
2022-01-31	3.52	3.48	3.62	3.6	917500
2022-02-01	3.6	3.54	3.64	3.62	963600
2022-02-02	3.64	3.58	3.8	3.7	4666100
2022-02-03	3.7	3.64	3.76	3.66	2400200
2022-02-04	3.62	3.58	3.66	3.58	1036800
2022-02-07	3.6	3.5	3.64	3.54	736400
2022-02-08	3.56	3.56	3.68	3.6	1131600
2022-02-09	3.62	3.56	3.66	3.56	1137200
2022-02-10	3.6	3.52	3.6	3.52	585500
2022-02-11	3.5	3.46	3.54	3.46	688300
2022-02-14	3.46	3.32	3.52	3.4	1535900
2022-02-15	3.42	3.4	3.54	3.48	743800
2022-02-17	3.56	3.48	3.56	3.5	1466500
2022-02-18	3.5	3.46	3.54	3.48	1181700
2022-02-21	3.48	3.48	3.68	3.54	3403300
2022-02-22	3.5	3.48	3.54	3.5	868200
2022-02-23	3.52	3.52	3.62	3.58	2180800
2022-02-24	3.58	3.38	3.58	3.42	3048800
2022-02-25	3.42	3.42	3.5	3.44	355300
2022-02-28	3.58	3.46	3.82	3.74	8615500
2022-03-01	3.74	3.68	3.86	3.72	6235000
2022-03-02	3.72	3.58	3.76	3.66	2381700
2022-03-03	3.68	3.62	3.72	3.68	1887300
2022-03-04	3.68	3.62	3.92	3.82	15718300
2022-03-07	3.76	3.62	3.96	3.66	13745300
2022-03-08	3.66	3.4	3.76	3.56	5150400
2022-03-09	3.6	3.46	3.68	3.68	2000200
2022-03-10	3.72	3.68	3.94	3.92	11836400
2022-03-11	3.9	3.84	4.1	3.84	19963700
2022-03-14	3.86	3.82	4.04	3.98	7612700
2022-03-15	4.0	3.92	4.18	3.98	18060300
2022-03-16	4.02	3.94	4.08	3.94	3651900
2022-03-17	4.0	3.92	4.02	3.94	3299600
2022-03-18	3.98	3.94	4.12	4.02	4729300
2022-03-21	4.04	4.0	4.12	4.02	3027000
2022-03-22	4.06	4.02	4.14	4.06	5371600
2022-03-23	4.06	4.02	4.1	4.06	2237000
2022-03-24	4.04	4.04	4.26	4.08	15981100
2022-03-25	4.08	3.96	4.1	3.98	4595100
2022-03-28	3.92	3.9	3.98	3.98	1272200
2022-03-29	3.96	3.96	4.1	4.04	1955300
2022-03-30	4.02	4.02	4.3	4.14	26179600
2022-03-31	4.14	4.12	4.22	4.16	7973300
2022-04-01	4.18	4.08	4.22	4.1	4472400
2022-04-04	4.12	4.12	4.26	4.16	7283400
2022-04-05	4.18	4.1	4.22	4.12	4665100
2022-04-07	4.08	4.0	4.12	4.12	2745000
2022-04-08	4.12	4.08	4.26	4.16	7375700
2022-04-11	4.16	4.1	4.22	4.12	2801900
2022-04-12	4.08	4.06	4.22	4.2	4435500
2022-04-18	4.16	4.16	4.54	4.44	15820700
2022-04-19	4.44	4.32	4.6	4.38	10114200
2022-04-20	4.38	4.3	4.44	4.3	2463500
2022-04-21	4.32	4.3	4.46	4.4	3180100
2022-04-22	4.42	4.24	4.44	4.3	2715500
2022-04-25	4.24	4.24	4.36	4.32	1178700
2022-04-26	4.32	4.26	4.4	4.28	2119800
2022-04-27	4.3	4.16	4.3	4.24	1426900
2022-04-28	4.22	4.22	4.34	4.3	1520200
2022-04-29	4.34	4.32	4.66	4.66	14642500
2022-05-03	4.56	4.32	4.82	4.32	13237400
2022-05-05	4.14	3.92	4.18	3.94	3294200
2022-05-06	3.92	3.82	3.92	3.88	1390500
2022-05-09	3.84	3.7	3.9	3.82	2529100
2022-05-10	3.78	3.78	4.02	4.02	1629300
2022-05-11	4.02	3.92	4.1	3.92	988100
2022-05-12	3.88	3.78	3.92	3.8	1245400
2022-05-13	3.88	3.74	3.88	3.82	719800
2022-05-17	3.54	3.52	3.76	3.68	1625900
2022-05-18	3.8	3.74	3.82	3.8	480600
2022-05-19	3.76	3.72	3.82	3.74	389200
2022-05-20	3.8	3.76	3.82	3.78	210900
2022-05-23	3.74	3.74	3.82	3.78	245100
2022-05-24	3.78	3.78	3.88	3.78	202900
2022-05-25	3.82	3.78	3.98	3.86	1057100
2022-05-26	3.92	3.86	3.94	3.92	1140400
2022-05-27	3.92	3.8	3.92	3.82	655700
2022-05-30	3.8	3.8	3.88	3.84	156900
2022-05-31	3.84	3.7	3.84	3.82	312800
2022-06-01	3.82	3.74	3.88	3.74	844000
2022-06-02	3.74	3.74	3.82	3.78	196100
2022-06-06	3.82	3.74	3.84	3.78	304900
2022-06-07	3.78	3.76	3.84	3.8	525000
2022-06-08	3.78	3.74	3.82	3.76	299400
2022-06-09	3.78	3.7	3.78	3.72	590100
2022-06-10	3.72	3.62	3.84	3.66	2093700
2022-06-13	3.6	3.4	3.64	3.5	1278700
2022-06-14	3.46	3.4	3.54	3.48	405400
2022-06-15	3.48	3.4	3.54	3.44	184300
2022-06-16	3.5	3.42	3.74	3.44	619700
2022-06-17	3.46	3.4	3.52	3.5	380700
2022-06-20	3.44	3.42	3.7	3.52	785200
2022-06-21	3.64	3.5	3.64	3.5	541100
2022-06-22	3.54	3.44	3.54	3.5	230800
2022-06-23	3.46	3.42	3.54	3.46	142800
2022-06-24	3.46	3.36	3.5	3.36	509600
2022-06-27	3.42	3.38	3.46	3.42	266000
2022-06-28	3.38	3.38	3.44	3.42	295600
2022-06-29	3.38	3.38	3.56	3.42	577200
2022-06-30	3.34	3.2	3.4	3.2	2447600
2022-07-01	3.24	3.18	3.24	3.22	503800
2022-07-04	3.22	2.98	3.24	3.04	1663100
2022-07-05	3.04	2.96	3.2	3.06	1215500
2022-07-06	3.1	2.98	3.1	3.04	259600
2022-07-07	3.06	3.06	3.12	3.08	259200
2022-07-08	3.1	2.96	3.1	3.04	555000
2022-07-11	3.0	3.0	3.04	3.04	152100
2022-07-12	3.02	3.02	3.06	3.02	117200
2022-07-14	3.02	2.98	3.04	3.0	149500
2022-07-15	3.0	2.96	3.04	3.04	176300
2022-07-18	3.04	3.0	3.04	3.04	125800
2022-07-19	3.04	3.0	3.04	3.04	168100
2022-07-20	3.04	2.98	3.14	3.02	378800
2022-07-21	3.0	2.96	3.02	2.98	477100
2022-07-22	3.02	2.92	3.04	3.04	830600
2022-07-25	3.02	2.98	3.02	3.0	245400
2022-07-26	2.98	2.98	3.9	3.64	44468300
2022-07-27	3.6	3.28	3.6	3.36	6299500
2022-08-01	3.4	3.3	3.48	3.42	4922400
2022-08-02	3.44	3.38	3.64	3.44	10245200
2022-08-03	3.44	3.34	3.48	3.38	1825900
2022-08-04	3.42	3.42	3.58	3.54	4315300
2022-08-05	3.76	3.6	3.94	3.76	60425100
2022-08-08	3.9	3.66	4.02	3.66	24037400
2022-08-09	3.66	3.64	3.86	3.78	8817700
2022-08-10	3.6	3.46	3.68	3.46	6464500
2022-08-11	3.48	3.3	3.6	3.3	11008600
2022-08-15	3.38	3.22	3.38	3.26	1181700
2022-08-16	3.3	3.3	3.46	3.32	1746100
2022-08-17	3.32	3.32	3.44	3.36	648400
2022-08-18	3.4	3.38	3.58	3.44	2946500
2022-08-19	3.44	3.44	3.6	3.44	1483400
2022-08-22	3.46	3.44	3.54	3.52	1159100
2022-08-23	3.52	3.46	3.58	3.52	1417700
2022-08-24	3.52	3.46	3.56	3.5	760800
2022-08-25	3.48	3.48	3.56	3.54	1015400
2022-08-26	3.54	3.52	3.6	3.54	772500
2022-08-29	3.4	3.4	3.54	3.5	578100
2022-08-30	3.54	3.5	3.58	3.56	436100
2022-08-31	3.54	3.5	3.62	3.54	954800
2022-09-01	3.54	3.44	3.56	3.46	499900
2022-09-02	3.5	3.42	3.5	3.48	457400
2022-09-05	3.48	3.42	3.48	3.42	176000
2022-09-06	3.42	3.42	3.54	3.5	350300
2022-09-07	3.5	3.48	3.56	3.48	309900
2022-09-08	3.52	3.42	3.52	3.42	318600
2022-09-09	3.44	3.4	3.46	3.44	271600
2022-09-12	3.46	3.4	3.46	3.4	225600
2022-09-13	3.42	3.4	3.48	3.42	462300
2022-09-14	3.4	3.4	3.44	3.44	226300
2022-09-15	3.44	3.36	3.46	3.38	344200
2022-09-16	3.36	3.3	3.36	3.3	658500
2022-09-19	3.3	3.24	3.34	3.26	486400
2022-09-20	3.32	3.24	3.34	3.28	434100
2022-09-21	3.28	3.26	3.36	3.28	417900
2022-09-22	3.26	3.24	3.28	3.28	1074300
2022-09-23	3.28	3.24	3.32	3.24	527300
2022-09-26	3.26	3.16	3.26	3.16	302900
2022-09-27	3.18	3.1	3.2	3.12	399900
2022-09-28	3.14	3.14	3.48	3.14	1299800
2022-09-29	3.16	3.1	3.2	3.1	443400
2022-09-30	3.1	3.1	3.16	3.1	61500
2022-10-03	3.1	3.04	3.16	3.06	400300
2022-10-04	3.08	3.06	3.16	3.06	134300
2022-10-05	3.1	3.1	3.22	3.1	320900
2022-10-06	3.12	3.12	3.26	3.24	598900
2022-10-07	3.24	3.2	3.24	3.24	191000
2022-10-10	3.22	3.16	3.24	3.2	189200
2022-10-11	3.22	3.18	3.38	3.22	557200
2022-10-12	3.22	3.2	3.28	3.26	180200
2022-10-17	3.3	3.22	3.32	3.3	155100
2022-10-18	3.28	3.28	3.52	3.42	19767100
2022-10-19	3.42	3.34	3.48	3.34	6022800
2022-10-20	3.4	3.34	3.44	3.34	633900
2022-10-21	3.34	3.34	3.42	3.36	538700
2022-10-25	3.38	3.34	3.4	3.36	291700
2022-10-26	3.38	3.34	3.38	3.34	484100
2022-10-27	3.36	3.32	3.36	3.36	482000
2022-10-28	3.38	3.34	3.42	3.36	397100
2022-10-31	3.4	3.34	3.46	3.36	412700
2022-11-01	3.4	3.34	3.4	3.34	159300
2022-11-02	3.38	3.32	3.38	3.34	412000
2022-11-03	3.36	3.32	3.38	3.36	284000
2022-11-04	3.36	3.36	3.4	3.38	220300
2022-11-07	3.4	3.34	3.4	3.36	221800
2022-11-08	3.38	3.32	3.38	3.36	216600
2022-11-09	3.36	3.32	3.38	3.34	398500
2022-11-10	3.34	3.32	3.34	3.32	125100
2022-11-11	3.34	3.22	3.34	3.32	378600
2022-11-14	3.28	3.16	3.28	3.2	423400
2022-11-15	3.18	3.14	3.2	3.2	139400
2022-11-16	3.18	3.14	3.2	3.2	229500
2022-11-17	3.2	3.16	3.2	3.18	64700
2022-11-18	3.2	3.14	3.2	3.16	184400
2022-11-21	3.12	3.1	3.18	3.12	113700
2022-11-22	3.12	3.12	3.18	3.14	230200
2022-11-23	3.18	3.12	3.18	3.14	116700
2022-11-24	3.16	3.06	3.16	3.14	333600
2022-11-25	3.16	3.12	3.16	3.14	38500
2022-11-28	3.16	3.16	3.18	3.16	24700
2022-11-29	3.18	3.16	3.34	3.2	415900
2022-11-30	3.2	3.18	3.22	3.2	70800
2022-12-01	3.2	3.16	3.22	3.22	108800
2022-12-02	3.22	3.2	3.22	3.22	82900
2022-12-06	3.22	3.2	3.24	3.2	188000
2022-12-07	3.2	3.18	3.2	3.2	137600
2022-12-08	3.18	3.16	3.22	3.22	42100
2022-12-09	3.22	3.18	3.22	3.2	162600
2022-12-13	3.2	3.2	3.24	3.2	98200
2022-12-14	3.2	3.18	3.22	3.22	234100
2022-12-15	3.22	3.12	3.22	3.18	364100
2022-12-16	3.18	3.14	3.18	3.14	192500
2022-12-19	3.14	3.14	3.18	3.18	38400
2022-12-20	3.18	3.1	3.18	3.12	147400
2022-12-21	3.12	3.12	3.18	3.16	123300
2022-12-22	3.14	3.12	3.14	3.12	101800
2022-12-23	3.16	3.16	3.2	3.18	55000
2022-12-26	3.22	3.18	3.22	3.2	28100
2022-12-27	3.2	3.18	3.22	3.18	79100
2022-12-28	3.18	3.14	3.24	3.2	148500
2022-12-29	3.18	3.16	3.2	3.2	83200
2022-12-30	3.22	3.2	3.22	3.22	56600
