Date	Price Open	Price Low	Price High	Price Close	Volume
2012-12-12	1.9	1.56	1.92	1.61	1731442999
2012-12-13	1.59	1.53	1.61	1.55	247602999
2012-12-14	1.58	1.57	1.72	1.72	531563999
2012-12-17	1.75	1.73	1.93	1.89	793004999
2012-12-18	1.91	1.73	1.91	1.8	453563999
2012-12-19	1.82	1.74	1.83	1.75	147505999
2012-12-20	1.77	1.74	1.89	1.87	331785999
2012-12-21	1.85	1.75	1.87	1.76	200561999
2012-12-24	1.77	1.71	1.79	1.71	88489999
2012-12-25	1.72	1.66	1.76	1.67	106015999
2012-12-26	1.68	1.67	1.74	1.69	74477999
2012-12-27	1.69	1.62	1.72	1.62	74101999
2012-12-28	1.63	1.59	1.67	1.6	83702999
2013-01-02	1.62	1.61	1.67	1.66	56253999
2013-01-03	1.67	1.66	1.74	1.71	137771999
2013-01-04	1.71	1.67	1.71	1.67	54079999
2013-01-07	1.69	1.67	1.72	1.68	52987999
2013-01-08	1.7	1.7	1.91	1.89	572682999
2013-01-09	1.91	1.89	1.99	1.9	413874999
2013-01-10	1.93	1.84	2.01	1.88	576962999
2013-01-11	1.89	1.86	1.91	1.86	152974999
2013-01-14	1.89	1.85	2.07	2.07	477601999
2013-01-15	2.06	2.01	2.575	2.36	1161146999
2013-01-16	2.38	2.37	2.47	2.37	417221999
2013-01-17	2.45	2.4	2.65	2.575	441487999
2013-01-18	2.65	2.525	2.65	2.575	176759999
2013-01-21	2.525	2.4	2.55	2.46	39687999
2013-01-22	2.47	2.3	2.525	2.3	22670999
2013-01-23	2.33	1.97	2.37	2.17	186752999
2013-01-24	2.16	2.09	2.29	2.26	46282999
2013-01-25	2.28	2.22	2.4	2.4	47278999
2013-01-28	2.39	2.37	2.46	2.45	28113999
2013-01-29	2.46	2.42	2.5	2.45	20933999
2013-01-30	2.44	2.37	2.44	2.37	13610999
2013-01-31	2.36	2.28	2.36	2.35	13693999
2013-02-01	2.34	2.32	2.38	2.38	10224999
2013-02-04	2.38	2.37	2.41	2.41	14188999
2013-02-05	2.38	2.37	2.44	2.42	20024999
2013-02-06	2.42	2.41	2.5	2.5	29413999
2013-02-07	2.49	2.41	2.55	2.55	19459999
2013-02-08	2.55	2.49	2.6	2.55	45583999
2013-02-11	2.575	2.5	2.825	2.725	246962999
2013-02-12	2.875	2.65	2.925	2.65	199692999
2013-02-13	2.725	2.49	2.725	2.5	109312999
2013-02-14	2.525	2.48	2.625	2.48	60608999
2013-02-15	2.48	2.38	2.5	2.43	46238999
2013-02-18	2.4	2.3	2.43	2.36	23683999
2013-02-19	2.38	2.36	2.525	2.525	25683999
2013-02-20	2.55	2.47	2.55	2.5	15929999
2013-02-21	2.5	2.4	2.5	2.42	12728999
2013-02-22	2.42	2.42	2.48	2.43	10277999
2013-02-26	2.43	2.37	2.45	2.38	11395999
2013-02-27	2.38	2.37	2.43	2.37	7106999
2013-02-28	2.4	2.32	2.42	2.33	12971999
2013-03-01	2.34	2.26	2.35	2.3	17377999
2013-03-04	2.3	2.3	2.42	2.42	30557999
2013-03-05	2.46	2.41	2.55	2.55	56669999
2013-03-06	2.55	2.49	2.65	2.625	58778999
2013-03-07	2.675	2.6	2.7	2.675	41414999
2013-03-08	2.7	2.625	2.7	2.625	22056999
2013-03-11	2.65	2.525	2.675	2.55	50281999
2013-03-12	2.525	2.5	2.675	2.5	36504999
2013-03-13	2.525	2.525	2.725	2.675	152959999
2013-03-14	2.675	2.625	2.7	2.625	71824999
2013-03-15	2.65	2.55	2.65	2.55	47030999
2013-03-18	2.48	2.35	2.49	2.37	38083999
2013-03-19	2.37	2.3	2.43	2.35	23253999
2013-03-20	2.35	2.24	2.36	2.25	19673999
2013-03-21	2.25	2.17	2.26	2.17	14493999
2013-03-22	2.13	1.87	2.15	2.1	30030999
2013-03-25	2.15	2.1	2.35	2.35	11641999
2013-03-26	2.24	2.2	2.3	2.26	9667999
2013-03-27	2.27	2.22	2.27	2.24	6401999
2013-03-28	2.25	2.15	2.3	2.18	11803999
2013-03-29	2.2	2.15	2.25	2.2	7937999
2013-04-01	2.2	2.18	2.23	2.2	4321999
2013-04-02	2.23	2.11	2.23	2.12	12147999
2013-04-03	2.12	2.1	2.17	2.12	13697999
2013-04-04	2.08	2.08	2.17	2.12	6764999
2013-04-05	2.12	2.09	2.13	2.11	4035999
2013-04-09	2.09	2.05	2.1	2.05	2773999
2013-04-10	2.07	2.04	2.1	2.09	1631999
2013-04-11	2.12	2.09	2.16	2.14	2921999
2013-04-12	2.14	2.12	2.18	2.15	3380999
2013-04-17	2.13	2.12	2.18	2.14	1636999
2013-04-18	2.16	2.13	2.25	2.25	6817999
2013-04-19	2.27	2.25	2.29	2.28	7319999
2013-04-22	2.31	2.31	2.43	2.38	18404999
2013-04-23	2.38	2.37	2.42	2.37	6999999
2013-04-24	2.38	2.34	2.38	2.35	4571999
2013-04-25	2.35	2.34	2.48	2.46	17064999
2013-04-26	2.47	2.42	2.5	2.44	18281999
2013-04-29	2.47	2.41	2.48	2.42	13400999
2013-04-30	2.42	2.42	2.47	2.44	10555999
2013-05-02	2.44	2.4	2.5	2.41	18483999
2013-05-03	2.37	2.36	2.41	2.37	10284999
2013-05-07	2.39	2.36	2.42	2.36	5725999
2013-05-08	2.38	2.38	2.42	2.39	5539999
2013-05-09	2.39	2.39	2.5	2.4	18648999
2013-05-10	2.44	2.4	2.44	2.4	3967999
2013-05-13	2.41	2.38	2.43	2.39	4027999
2013-05-14	2.4	2.38	2.42	2.39	6133999
2013-05-15	2.39	2.37	2.44	2.39	15412999
2013-05-16	2.4	2.36	2.47	2.38	36897999
2013-05-17	2.39	2.38	2.47	2.44	22435999
2013-05-20	2.47	2.41	2.47	2.41	11708999
2013-05-21	2.42	2.4	2.43	2.4	4287999
2013-05-22	2.4	2.38	2.42	2.39	6219999
2013-05-23	2.39	2.3	2.4	2.32	13983999
2013-05-27	2.33	2.27	2.4	2.4	19537999
2013-05-28	2.43	2.43	2.525	2.525	54919999
2013-05-29	2.55	2.55	2.65	2.575	84995999
2013-05-30	2.55	2.49	2.6	2.49	29362999
2013-05-31	2.55	2.47	2.575	2.5	13388999
2013-06-03	2.5	2.44	2.5	2.44	8863999
2013-06-04	2.46	2.41	2.55	2.55	11412999
2013-06-05	2.525	2.46	2.575	2.46	17017999
2013-06-06	2.45	2.41	2.55	2.41	30329999
2013-06-07	2.41	2.41	2.47	2.46	12625999
2013-06-10	2.525	2.5	2.675	2.675	66517999
2013-06-11	2.65	2.48	2.8	2.575	137399999
2013-06-12	2.575	2.47	2.65	2.5	36658999
2013-06-13	2.36	2.24	2.4	2.32	42305999
2013-06-14	2.4	2.4	2.75	2.75	48182999
2013-06-17	2.85	2.75	3.125	3.05	265865999
2013-06-18	3.0	2.625	3.05	2.7	78713999
2013-06-19	2.725	2.575	2.725	2.7	29883999
2013-06-20	2.575	2.48	2.6	2.49	23224999
2013-06-21	2.46	2.36	2.525	2.5	24075999
2013-06-24	2.49	2.37	2.6	2.37	20233999
2013-06-25	2.43	2.33	2.5	2.42	35272999
2013-06-26	2.45	2.4	2.5	2.46	37140999
2013-06-27	2.5	2.47	2.6	2.55	42646999
2013-06-28	2.625	2.49	2.65	2.49	36244999
2013-07-02	2.525	2.47	2.575	2.49	16817999
2013-07-03	2.45	2.45	2.5	2.46	7009999
2013-07-04	2.48	2.41	2.49	2.42	10714999
2013-07-05	2.44	2.43	2.48	2.44	4125999
2013-07-08	2.44	2.4	2.44	2.4	4488999
2013-07-09	2.41	2.38	2.42	2.38	15214999
2013-07-10	2.37	2.2	2.4	2.29	17871999
2013-07-11	2.33	2.29	2.35	2.34	11185999
2013-07-12	2.36	2.3	2.36	2.35	8838999
2013-07-15	2.36	2.35	2.42	2.41	7671999
2013-07-16	2.41	2.41	2.55	2.5	44857999
2013-07-17	2.525	2.43	2.525	2.44	11608999
2013-07-18	2.46	2.45	2.525	2.525	11938999
2013-07-19	2.5	2.48	2.525	2.49	12505999
2013-07-23	2.525	2.525	2.625	2.6	29376999
2013-07-24	2.625	2.55	2.65	2.575	15134999
2013-07-25	2.55	2.44	2.575	2.45	11930999
2013-07-26	2.46	2.4	2.46	2.44	7186999
2013-07-29	2.44	2.41	2.44	2.42	4424999
2013-07-30	2.41	2.41	2.47	2.41	6362999
2013-07-31	2.4	2.37	2.42	2.38	4004999
2013-08-01	2.42	2.39	2.42	2.39	2958999
2013-08-02	2.42	2.37	2.42	2.37	2811999
2013-08-05	2.39	2.35	2.39	2.37	2564999
2013-08-06	2.37	2.36	2.39	2.37	2745999
2013-08-07	2.37	2.36	2.4	2.38	2597999
2013-08-08	2.38	2.38	2.46	2.43	20264999
2013-08-09	2.44	2.39	2.45	2.4	9372999
2013-08-13	2.43	2.39	2.43	2.43	2903999
2013-08-14	2.43	2.42	2.47	2.44	9310999
2013-08-15	2.45	2.41	2.45	2.41	2438999
2013-08-16	2.41	2.4	2.43	2.41	3192999
2013-08-19	2.41	2.33	2.41	2.34	8654999
2013-08-20	2.3	2.19	2.3	2.21	20973999
2013-08-21	2.19	2.19	2.24	2.2	6268999
2013-08-22	2.19	2.03	2.19	2.05	22331999
2013-08-23	2.1	2.01	2.11	2.01	13376999
2013-08-26	1.99	1.96	1.99	1.96	8389999
2013-08-27	1.95	1.86	1.95	1.86	6420999
2013-08-28	1.8	1.69	1.8	1.71	28832999
2013-08-29	1.72	1.72	1.76	1.73	9488999
2013-08-30	1.74	1.74	1.87	1.86	12710999
2013-09-02	1.86	1.86	1.93	1.92	6287999
2013-09-03	1.92	1.85	1.93	1.85	16124999
2013-09-04	1.82	1.78	1.84	1.8	8601999
2013-09-05	1.82	1.78	1.83	1.8	4377999
2013-09-06	1.8	1.79	1.83	1.82	1858999
2013-09-09	1.84	1.83	1.92	1.91	11810999
2013-09-10	1.93	1.88	1.95	1.9	12776999
2013-09-11	1.91	1.89	1.93	1.93	5860999
2013-09-12	1.94	1.92	2.02	1.94	37098999
2013-09-13	1.95	1.94	2.07	2.05	32877999
2013-09-16	2.09	2.08	2.17	2.17	28114999
2013-09-17	2.17	2.12	2.2	2.12	12059999
2013-09-18	2.16	2.12	2.21	2.17	16402999
2013-09-19	2.3	2.21	2.35	2.34	35501999
2013-09-20	2.3	2.27	2.32	2.3	9228999
2013-09-23	2.26	2.2	2.27	2.2	10225999
2013-09-24	2.19	2.17	2.23	2.18	10486999
2013-09-25	2.2	2.19	2.23	2.22	2886999
2013-09-26	2.22	2.2	2.24	2.2	2166999
2013-09-27	2.24	2.2	2.26	2.22	5089999
2013-09-30	2.2	2.17	2.25	2.2	4775999
2013-10-01	2.2	2.18	2.22	2.21	6535999
2013-10-02	2.2	2.19	2.21	2.2	1046999
2013-10-03	2.21	2.2	2.23	2.21	2264999
2013-10-04	2.2	2.19	2.2	2.19	1326999
2013-10-07	2.19	2.17	2.21	2.17	1668999
2013-10-08	2.18	2.15	2.2	2.19	3784999
2013-10-09	2.19	2.16	2.19	2.18	1929999
2013-10-10	2.2	2.16	2.2	2.18	4541999
2013-10-11	2.2	2.18	2.24	2.2	26288999
2013-10-14	2.21	2.18	2.21	2.18	2900999
2013-10-15	2.19	2.17	2.2	2.18	5596999
2013-10-16	2.18	2.17	2.2	2.18	4614999
2013-10-17	2.2	2.2	2.3	2.3	20262999
2013-10-18	2.33	2.31	2.36	2.32	22304999
2013-10-21	2.33	2.21	2.34	2.24	9022999
2013-10-22	2.24	2.23	2.27	2.26	4559999
2013-10-24	2.22	2.22	2.27	2.27	2085999
2013-10-25	2.26	2.25	2.29	2.25	1666999
2013-10-28	2.26	2.24	2.26	2.26	1944999
2013-10-29	2.25	2.25	2.26	2.26	1000999
2013-10-30	2.27	2.22	2.3	2.22	8949999
2013-10-31	2.21	2.21	2.25	2.24	1855999
2013-11-01	2.23	2.23	2.28	2.25	17594999
2013-11-04	2.22	2.22	2.26	2.25	6163999
2013-11-05	2.25	2.23	2.27	2.25	1994999
2013-11-06	2.27	2.25	2.35	2.35	15103999
2013-11-07	2.39	2.35	2.44	2.37	16877999
2013-11-08	2.37	2.31	2.37	2.32	6062999
2013-11-11	2.28	2.23	2.28	2.27	4398999
2013-11-12	2.3	2.27	2.31	2.27	882999
2013-11-13	2.25	2.25	2.31	2.3	815999
2013-11-14	2.31	2.28	2.36	2.31	2307999
2013-11-15	2.31	2.29	2.32	2.3	1767999
2013-11-18	2.3	2.3	2.34	2.3	1080999
2013-11-19	2.3	2.26	2.31	2.27	6514999
2013-11-20	2.26	2.26	2.28	2.28	1249999
2013-11-21	2.27	2.22	2.27	2.25	2851999
2013-11-22	2.25	2.22	2.26	2.22	728999
2013-11-25	2.22	2.18	2.22	2.19	2018999
2013-11-26	2.22	2.18	2.22	2.19	1759999
2013-11-27	2.18	2.18	2.22	2.22	1083999
2013-11-28	2.21	2.18	2.23	2.19	2367999
2013-11-29	2.18	2.17	2.21	2.2	1474999
2013-12-02	2.17	2.16	2.19	2.18	1270999
2013-12-03	2.19	2.19	2.21	2.2	1275999
2013-12-04	2.2	2.19	2.2	2.2	860999
2013-12-06	2.2	2.15	2.21	2.15	1771999
2013-12-09	2.17	2.13	2.19	2.13	1871999
2013-12-11	2.13	2.13	2.16	2.14	2614999
2013-12-12	2.14	2.09	2.14	2.09	3421999
2013-12-13	2.08	2.06	2.13	2.08	1324999
2013-12-16	2.08	2.01	2.08	2.01	741999
2013-12-17	2.05	2.01	2.08	2.02	1197999
2013-12-18	2.04	2.03	2.06	2.05	2562999
2013-12-19	2.06	2.06	2.15	2.12	5926999
2013-12-20	2.12	2.09	2.12	2.09	875999
2013-12-23	2.09	2.06	2.11	2.06	2119999
2013-12-24	2.06	2.06	2.07	2.06	312999
2013-12-25	2.06	2.06	2.08	2.08	222999
2013-12-26	2.08	2.0	2.08	2.01	2833999
2013-12-27	2.02	1.99	2.03	2.02	3034999
2014-01-02	2.0	1.91	2.0	1.91	13687999
2014-01-03	1.9	1.88	1.94	1.94	4095999
2014-01-06	1.95	1.95	2.02	2.0	5051999
2014-01-07	2.02	1.99	2.02	2.01	2735999
2014-01-08	2.01	2.0	2.1	2.02	460999
2014-01-09	2.01	1.95	2.02	1.98	3886999
2014-01-10	1.94	1.94	1.98	1.97	1852999
2014-01-13	1.97	1.96	2.0	1.96	4201999
2014-01-14	1.98	1.95	2.0	2.0	3808999
2014-01-15	1.98	1.98	1.99	1.99	2176999
2014-01-16	1.99	1.98	2.06	2.02	7447999
2014-01-17	2.02	1.99	2.03	2.0	2352999
2014-01-20	2.01	2.0	2.04	2.04	2160999
2014-01-21	2.01	2.0	2.04	2.01	1794999
2014-01-22	1.99	1.99	2.0	2.0	633999
2014-01-23	1.99	1.98	2.0	1.99	6743999
2014-01-24	2.0	1.99	2.03	2.0	6067999
2014-01-27	1.99	1.96	2.01	1.99	3239999
2014-01-28	1.97	1.96	1.98	1.98	3337999
2014-01-29	1.97	1.96	1.97	1.96	1395999
2014-01-30	1.95	1.94	1.96	1.95	762999
2014-01-31	1.95	1.94	1.97	1.94	3701999
2014-02-03	1.96	1.95	1.97	1.96	3939999
2014-02-04	1.96	1.93	1.97	1.95	2646999
2014-02-05	1.97	1.95	1.98	1.96	1124999
2014-02-06	1.98	1.96	2.0	1.97	10276999
2014-02-07	1.98	1.96	1.99	1.99	4015999
2014-02-10	2.02	1.95	2.04	1.95	11824999
2014-02-11	1.97	1.95	2.0	1.96	3905999
2014-02-12	1.98	1.97	1.99	1.97	3130999
2014-02-13	1.98	1.96	1.99	1.97	4886999
2014-02-17	1.98	1.96	2.0	1.98	6352999
2014-02-18	1.98	1.96	1.98	1.97	4101999
2014-02-19	1.97	1.94	1.97	1.97	17313999
2014-02-20	1.96	1.93	1.96	1.93	9264999
2014-02-21	1.93	1.88	1.94	1.89	14043999
2014-02-24	1.89	1.89	2.0	1.94	10667999
2014-02-25	1.95	1.94	2.02	2.02	28656999
2014-02-26	2.02	1.96	2.06	1.96	23599999
2014-02-27	2.0	1.96	2.0	1.96	6557999
2014-02-28	1.96	1.94	1.96	1.95	4544999
2014-03-03	1.97	1.96	2.01	1.98	10231999
2014-03-04	1.97	1.97	1.99	1.97	2796999
2014-03-05	1.98	1.96	2.02	1.97	12428999
2014-03-06	1.97	1.97	2.03	2.02	18087999
2014-03-07	2.03	2.01	2.04	2.01	3849999
2014-03-10	2.02	1.99	2.02	1.99	2739999
2014-03-11	1.99	1.99	2.04	2.04	14169999
2014-03-12	2.05	2.02	2.06	2.02	6975999
2014-03-13	2.03	2.02	2.04	2.02	5548999
2014-03-14	2.03	2.01	2.08	2.07	21537999
2014-03-17	2.07	2.06	2.11	2.08	9131999
2014-03-18	2.08	2.05	2.09	2.05	5766999
2014-03-19	2.05	2.02	2.06	2.03	6961999
2014-03-20	2.01	2.0	2.02	2.02	7951999
2014-03-21	2.02	2.0	2.02	2.0	4661999
2014-03-24	1.99	1.98	2.01	1.98	3918999
2014-03-25	1.98	1.95	1.99	1.95	7583999
2014-03-26	1.94	1.94	1.96	1.95	5859999
2014-03-27	1.94	1.94	1.96	1.95	2079999
2014-03-28	1.94	1.94	1.96	1.96	4124999
2014-03-31	1.96	1.95	1.99	1.97	5610999
2014-04-01	1.97	1.96	1.98	1.97	1835999
2014-04-02	1.98	1.98	2.02	1.98	9759999
2014-04-03	1.97	1.96	1.98	1.97	4604999
2014-04-04	1.98	1.96	1.98	1.96	3016999
2014-04-08	1.97	1.95	1.99	1.95	7917999
2014-04-09	1.96	1.95	1.98	1.95	2848999
2014-04-10	1.96	1.94	1.98	1.95	3699999
2014-04-11	1.94	1.94	1.96	1.95	2479999
2014-04-16	1.95	1.93	1.95	1.94	6822999
2014-04-17	1.95	1.94	1.95	1.95	6579999
2014-04-18	1.95	1.95	2.0	1.97	4584999
2014-04-21	1.99	1.96	1.99	1.96	2853999
2014-04-22	1.97	1.95	1.97	1.95	5601999
2014-04-23	1.96	1.95	1.97	1.97	10732999
2014-04-24	1.97	1.95	1.98	1.98	6467999
2014-04-25	1.97	1.97	2.04	2.03	8977999
2014-04-28	2.03	2.0	2.04	2.0	4050999
2014-04-29	2.0	1.98	2.01	1.99	2370999
2014-04-30	2.0	1.98	2.0	2.0	4064999
2014-05-02	1.97	1.97	1.98	1.97	3122999
2014-05-06	1.97	1.97	1.98	1.97	4192999
2014-05-07	1.97	1.95	1.98	1.95	6123999
2014-05-08	1.95	1.88	1.95	1.9	13432999
2014-05-09	1.9	1.89	1.91	1.9	2248999
2014-05-12	1.9	1.85	1.9	1.87	7257999
2014-05-14	1.88	1.87	1.94	1.94	6747999
2014-05-15	1.94	1.92	1.94	1.93	2580999
2014-05-16	1.93	1.92	1.96	1.93	5470999
2014-05-19	1.93	1.93	2.02	2.01	12943999
2014-05-20	1.98	1.96	2.02	2.01	7343999
2014-05-21	2.01	1.99	2.04	2.02	7530999
2014-05-22	2.03	2.03	2.07	2.05	13165999
2014-05-23	2.01	1.99	2.06	2.06	12216999
2014-05-26	2.06	2.02	2.06	2.03	3693999
2014-05-27	2.03	2.03	2.05	2.05	6283999
2014-05-28	2.06	2.06	2.09	2.06	9660999
2014-05-29	2.07	2.07	2.13	2.13	13104999
2014-05-30	2.14	2.11	2.14	2.11	5595999
2014-06-02	2.11	2.11	2.14	2.11	9025999
2014-06-03	2.11	2.11	2.13	2.13	4322999
2014-06-04	2.11	2.11	2.14	2.13	3806999
2014-06-05	2.14	2.09	2.22	2.19	20076999
2014-06-06	2.3	2.27	2.4	2.37	41066999
2014-06-09	2.37	2.27	2.37	2.29	22459999
2014-06-10	2.28	2.22	2.29	2.27	13130999
2014-06-11	2.28	2.27	2.33	2.28	22300999
2014-06-12	2.27	2.24	2.29	2.25	6597999
2014-06-13	2.25	2.22	2.26	2.23	5634999
2014-06-16	2.25	2.21	2.25	2.24	3255999
2014-06-17	2.24	2.21	2.26	2.22	6168999
2014-06-18	2.22	2.14	2.22	2.14	8930999
2014-06-19	2.14	2.12	2.16	2.15	5695999
2014-06-20	2.15	2.15	2.18	2.18	3302999
2014-06-23	2.18	2.16	2.22	2.21	8624999
2014-06-24	2.24	2.24	2.29	2.26	20018999
2014-06-25	2.3	2.26	2.3	2.27	9790999
2014-06-26	2.29	2.26	2.3	2.27	7229999
2014-06-27	2.28	2.26	2.29	2.29	10493999
2014-06-30	2.3	2.26	2.31	2.28	9364999
2014-07-02	2.29	2.26	2.29	2.26	4961999
2014-07-03	2.26	2.22	2.26	2.24	5894999
2014-07-04	2.24	2.24	2.26	2.25	2701999
2014-07-07	2.27	2.25	2.27	2.25	3737999
2014-07-08	2.27	2.24	2.27	2.25	4258999
2014-07-09	2.26	2.26	2.35	2.33	51556999
2014-07-10	2.32	2.32	2.35	2.32	8543999
2014-07-14	2.32	2.32	2.4	2.4	23110999
2014-07-15	2.4	2.34	2.4	2.34	7320999
2014-07-16	2.33	2.31	2.34	2.31	5592999
2014-07-17	2.32	2.31	2.38	2.37	8919999
2014-07-18	2.37	2.34	2.39	2.39	5992999
2014-07-21	2.41	2.39	2.5	2.42	24036999
2014-07-22	2.44	2.35	2.46	2.39	16351999
2014-07-23	2.39	2.39	2.46	2.45	9459999
2014-07-24	2.45	2.42	2.45	2.42	6072999
2014-07-25	2.4	2.4	2.45	2.44	5447999
2014-07-28	2.44	2.42	2.46	2.44	7275999
2014-07-29	2.44	2.41	2.5	2.41	26947999
2014-07-30	2.4	2.35	2.43	2.39	10447999
2014-07-31	2.39	2.36	2.42	2.38	3616999
2014-08-01	2.35	2.35	2.42	2.4	8525999
2014-08-04	2.42	2.4	2.44	2.44	2536999
2014-08-05	2.45	2.41	2.45	2.42	6112999
2014-08-06	2.42	2.39	2.44	2.42	5812999
2014-08-07	2.42	2.41	2.44	2.42	1591999
2014-08-08	2.42	2.4	2.43	2.41	2054999
2014-08-13	2.43	2.41	2.43	2.41	1497999
2014-08-14	2.43	2.4	2.43	2.43	7435999
2014-08-15	2.44	2.41	2.44	2.42	3011999
2014-08-18	2.45	2.42	2.48	2.46	16335999
2014-08-19	2.46	2.45	2.525	2.5	18149999
2014-08-20	2.5	2.47	2.5	2.5	3662999
2014-08-21	2.5	2.5	2.65	2.65	29627999
2014-08-22	2.65	2.575	2.65	2.575	4937999
2014-08-25	2.575	2.575	2.6	2.575	3864999
2014-08-26	2.55	2.5	2.55	2.525	14413999
2014-08-27	2.55	2.46	2.55	2.49	6273999
2014-08-28	2.525	2.49	2.525	2.5	3745999
2014-08-29	2.525	2.5	2.525	2.5	6692999
2014-09-01	2.525	2.525	2.725	2.65	39458999
2014-09-02	2.675	2.575	2.675	2.6	10525999
2014-09-03	2.625	2.525	2.625	2.55	15398999
2014-09-04	2.55	2.5	2.575	2.55	10055999
2014-09-05	2.575	2.575	2.8	2.7	23253999
2014-09-08	2.7	2.7	2.825	2.825	31094999
2014-09-09	2.85	2.725	2.875	2.75	14190999
2014-09-10	2.775	2.7	2.775	2.7	15180999
2014-09-11	2.7	2.625	2.7	2.65	9934999
2014-09-12	2.7	2.675	2.75	2.75	12274999
2014-09-15	2.775	2.675	2.775	2.775	11086999
2014-09-16	2.775	2.725	2.85	2.75	15567999
2014-09-17	2.725	2.675	2.775	2.75	9173999
2014-09-18	2.775	2.775	2.85	2.85	11776999
2014-09-19	2.9	2.8	2.9	2.8	9189999
2014-09-22	2.825	2.75	2.825	2.8	4215999
2014-09-23	2.775	2.7	2.85	2.7	12318999
2014-09-24	2.75	2.7	2.8	2.8	24238999
2014-09-25	2.95	2.9	3.1	3.0	131982999
2014-09-26	3.0	2.95	3.025	3.025	25720999
2014-09-29	3.025	2.9	3.075	3.0	33351999
2014-09-30	3.0	2.95	3.025	3.0	5790999
2014-10-01	3.0	2.975	3.1	3.0	25246999
2014-10-03	2.875	2.85	2.975	2.975	9566999
2014-10-06	2.975	2.725	2.975	2.725	36258999
2014-10-07	2.7	2.6	2.8	2.8	29031999
2014-10-08	2.775	2.7	2.825	2.8	25335999
2014-10-09	2.8	2.8	2.875	2.875	9854999
2014-10-10	2.825	2.8	2.875	2.85	10452999
2014-10-13	2.875	2.825	2.875	2.85	3360999
2014-10-14	2.875	2.8	2.875	2.8	4424999
2014-10-15	2.825	2.8	2.95	2.9	13923999
2014-10-16	2.875	2.825	2.9	2.825	12455999
2014-10-17	2.85	2.775	2.85	2.825	8334999
2014-10-20	2.825	2.8	2.85	2.8	3130999
2014-10-21	2.825	2.8	2.875	2.85	4591999
2014-10-22	2.875	2.85	2.95	2.95	7829999
2014-10-24	2.95	2.85	2.95	2.875	3384999
2014-10-27	2.925	2.9	2.95	2.9	5372999
2014-10-28	2.95	2.925	3.075	3.075	15338999
2014-10-29	3.075	3.075	3.2	3.1	24879999
2014-10-30	3.1	3.05	3.15	3.1	2111999
2014-10-31	3.1	3.1	3.15	3.15	5984999
2014-11-03	3.125	3.05	3.175	3.075	4396999
2014-11-04	3.05	2.925	3.1	2.95	15975999
2014-11-05	2.95	2.95	3.075	3.075	8153999
2014-11-06	3.075	3.05	3.075	3.05	1645999
2014-11-07	3.05	2.975	3.05	3.0	5942999
2014-11-10	2.975	2.95	3.0	2.95	7348999
2014-11-11	3.0	3.0	3.075	3.05	16194999
2014-11-12	3.175	3.125	3.3	3.25	84137999
2014-11-13	3.275	3.2	3.3	3.225	14648999
2014-11-14	3.225	3.2	3.25	3.225	6967999
2014-11-17	3.275	3.175	3.275	3.275	15356999
2014-11-18	3.25	3.175	3.275	3.2	5911999
2014-11-19	3.175	3.125	3.225	3.15	4948999
2014-11-20	3.1	3.075	3.2	3.175	11170999
2014-11-21	3.175	3.1	3.175	3.175	6150999
2014-11-24	3.175	3.075	3.175	3.125	7527999
2014-11-25	3.125	3.1	3.175	3.125	5598999
2014-11-26	3.15	3.15	3.275	3.225	9093999
2014-11-27	3.25	3.25	3.35	3.325	24296999
2014-11-28	3.35	3.25	3.35	3.275	4617999
2014-12-01	3.225	3.225	3.325	3.3	4791999
2014-12-02	3.325	3.3	3.4	3.4	10416999
2014-12-03	3.425	3.375	3.45	3.4	6734999
2014-12-04	3.375	3.325	3.45	3.45	8356999
2014-12-08	3.475	3.375	3.475	3.375	8401999
2014-12-09	3.35	3.3	3.375	3.375	4954999
2014-12-11	3.325	3.175	3.325	3.25	11555999
2014-12-12	3.15	3.15	3.25	3.25	14023999
2014-12-15	3.125	2.875	3.175	3.05	49637999
2014-12-16	3.0	2.95	3.225	3.2	12635999
2014-12-17	3.2	3.125	3.25	3.175	11006999
2014-12-18	3.175	3.125	3.2	3.2	10283999
2014-12-19	3.2	3.2	3.3	3.275	6589999
2014-12-22	3.25	3.25	3.375	3.375	11479999
2014-12-23	3.4	3.3	3.4	3.325	2041999
2014-12-24	3.3	3.3	3.35	3.3	967999
2014-12-25	3.3	3.25	3.325	3.25	3575999
2014-12-26	3.275	3.15	3.4	3.4	5853999
2014-12-29	3.375	3.25	3.4	3.4	6391999
2014-12-30	3.35	3.3	3.375	3.375	5786999
2015-01-05	3.325	3.275	3.35	3.3	1593999
2015-01-06	3.225	3.15	3.275	3.275	3013999
2015-01-07	3.3	3.225	3.3	3.25	2481999
2015-01-08	3.25	3.25	3.35	3.3	2814999
2015-01-09	3.375	3.3	3.4	3.35	7385999
2015-01-12	3.3	3.275	3.35	3.3	5626999
2015-01-13	3.3	3.25	3.3	3.25	8629999
2015-01-14	3.2	3.2	3.3	3.25	5958999
2015-01-15	3.25	3.225	3.3	3.3	3210999
2015-01-16	3.3	3.3	3.45	3.425	16820999
2015-01-19	3.45	3.425	3.525	3.525	13872999
2015-01-20	3.55	3.425	3.575	3.5	10044999
2015-01-21	3.5	3.475	3.55	3.475	16234999
2015-01-22	3.5	3.475	3.525	3.5	15255999
2015-01-23	3.5	3.5	3.625	3.5	18198999
2015-01-26	3.575	3.525	3.625	3.625	15299999
2015-01-27	3.7	3.675	3.8	3.7	23365999
2015-01-28	3.725	3.7	3.775	3.725	12372999
2015-01-29	3.775	3.675	3.775	3.725	3999999
2015-01-30	3.75	3.75	3.875	3.825	15507999
2015-02-02	3.75	3.75	3.875	3.85	5351999
2015-02-03	3.875	3.825	3.9	3.85	8815999
2015-02-04	3.875	3.8	3.875	3.825	8288999
2015-02-05	3.875	3.775	3.875	3.8	2809999
2015-02-06	3.75	3.75	3.875	3.8	4298999
2015-02-09	3.8	3.8	3.95	3.925	6016999
2015-02-10	3.95	3.875	3.975	3.875	8973999
2015-02-11	3.9	3.875	3.95	3.95	6619999
2015-02-12	4.0	3.95	4.025	4.0	6587999
2015-02-13	3.975	3.925	4.0	3.975	1483999
2015-02-16	3.925	3.75	3.925	3.75	12427999
2015-02-17	3.7	3.425	3.75	3.55	61815999
2015-02-18	3.5	3.5	3.8	3.75	43009999
2015-02-19	3.825	3.8	3.925	3.875	16212999
2015-02-20	3.9	3.8	3.925	3.875	11007999
2015-02-23	3.875	3.725	3.925	3.725	11209999
2015-02-24	3.75	3.725	3.875	3.825	8117999
2015-02-25	3.85	3.8	3.85	3.85	4168999
2015-02-26	3.975	3.975	4.375	4.325	23711999
2015-02-27	4.275	4.15	4.3	4.2	13012999
2015-03-02	4.2	4.15	4.35	4.35	9664999
2015-03-03	4.3	4.2	4.35	4.2	5567999
2015-03-05	4.15	4.025	4.175	4.1	8672999
2015-03-06	4.05	4.05	4.175	4.175	1892999
2015-03-09	4.1	4.05	4.125	4.125	13147999
2015-03-10	4.15	4.075	4.15	4.1	5607999
2015-03-11	4.075	4.0	4.1	4.05	5128999
2015-03-12	4.05	4.05	4.325	4.25	17940999
2015-03-13	4.275	4.15	4.35	4.275	9837999
2015-03-16	4.275	4.2	4.3	4.25	5515999
2015-03-17	4.25	4.15	4.25	4.175	5443999
2015-03-18	4.125	4.125	4.225	4.2	4702999
2015-03-19	4.275	4.225	4.275	4.25	2199999
2015-03-20	4.25	4.25	4.45	4.4	9299999
2015-03-23	4.45	4.275	4.5	4.275	4178999
2015-03-24	4.25	4.175	4.275	4.225	4073999
2015-03-25	4.175	4.175	4.375	4.2	6618999
2015-03-26	4.225	3.9	4.225	4.05	16887999
2015-03-27	3.975	3.875	4.25	4.175	11240999
2015-03-30	4.175	4.15	4.3	4.275	3226999
2015-03-31	4.3	4.25	4.3	4.275	3647999
2015-04-01	4.3	4.2	4.3	4.225	5434999
2015-04-02	4.225	4.225	4.325	4.325	5114999
2015-04-03	4.325	4.25	4.325	4.25	2757999
2015-04-07	4.3	4.225	4.3	4.25	2781999
2015-04-08	4.25	4.175	4.325	4.175	3623999
2015-04-09	4.225	4.2	4.3	4.275	7182999
2015-04-10	4.275	4.275	4.35	4.3	6726999
2015-04-16	4.3	4.275	4.325	4.275	2116999
2015-04-17	4.3	4.125	4.3	4.125	13735999
2015-04-20	4.1	4.075	4.175	4.175	5626999
2015-04-21	4.275	4.25	4.325	4.3	5467999
2015-04-22	4.325	4.25	4.325	4.25	3777999
2015-04-23	4.25	4.225	4.3	4.25	5916999
2015-04-24	4.275	4.225	4.275	4.25	2034999
2015-04-27	4.275	4.225	4.325	4.3	3766999
2015-04-28	4.3	4.225	4.3	4.25	2490999
2015-04-29	4.25	4.175	4.325	4.225	3769999
2015-04-30	4.175	4.15	4.2	4.175	2782999
2015-05-06	4.175	4.05	4.2	4.1	2378999
2015-05-07	4.1	4.075	4.175	4.1	5353999
2015-05-08	4.1	4.075	4.15	4.15	3518999
2015-05-11	4.15	4.1	4.2	4.175	2959999
2015-05-12	4.175	3.9	4.25	4.075	10889999
2015-05-13	4.075	3.925	4.1	4.1	21509999
2015-05-14	4.16	3.68	4.2	3.92	35885700
2015-05-15	3.98	3.94	4.08	4.0	12805600
2015-05-18	4.0	3.96	4.08	3.96	6129400
2015-05-19	4.02	3.82	4.02	3.84	18161100
2015-05-20	3.88	3.84	4.04	4.04	17847300
2015-05-21	4.04	3.98	4.06	3.98	4365200
2015-05-22	4.0	3.88	4.02	3.9	7750900
2015-05-25	3.94	3.9	4.02	3.94	6942300
2015-05-26	3.96	3.94	4.06	3.98	12852200
2015-05-27	3.98	3.94	4.02	4.02	2897500
2015-05-28	4.04	3.98	4.06	4.04	3836100
2015-05-29	4.06	4.06	4.3	4.26	57634600
2015-06-02	4.24	4.12	4.24	4.14	13832200
2015-06-03	4.18	4.0	4.24	4.02	26817900
2015-06-04	4.04	4.02	4.08	4.02	5339400
2015-06-05	4.04	4.02	4.14	4.08	10108400
2015-06-08	4.1	4.06	4.12	4.08	4113200
2015-06-09	4.1	4.06	4.14	4.14	6896800
2015-06-10	4.16	4.1	4.16	4.1	2120300
2015-06-11	4.14	4.1	4.16	4.1	2361100
2015-06-12	4.12	4.02	4.12	4.04	6562000
2015-06-15	4.02	3.86	4.06	3.92	20518300
2015-06-16	3.9	3.9	4.06	4.0	6608000
2015-06-17	4.0	3.96	4.04	4.0	4173400
2015-06-18	4.06	3.94	4.06	3.96	6985100
2015-06-19	4.0	3.92	4.0	3.96	4952100
2015-06-22	3.98	3.98	4.02	4.0	4039400
2015-06-23	4.02	3.96	4.02	3.96	5009200
2015-06-24	3.98	3.96	4.04	4.04	7894800
2015-06-25	4.04	4.0	4.06	4.02	4573200
2015-06-26	4.08	4.02	4.08	4.06	1843000
2015-06-29	4.0	3.94	4.04	4.02	4460700
2015-06-30	4.0	4.0	4.04	4.04	2635800
2015-07-02	4.04	4.02	4.12	4.02	4904300
2015-07-03	4.06	4.0	4.06	4.04	469800
2015-07-06	4.04	3.96	4.04	3.96	3751600
2015-07-07	3.96	3.96	4.0	3.98	6450900
2015-07-08	3.96	3.92	3.98	3.92	3013400
2015-07-09	3.9	3.86	3.92	3.92	5934400
2015-07-10	3.92	3.9	3.98	3.98	13873600
2015-07-13	3.98	3.94	4.0	3.94	1511000
2015-07-14	3.96	3.94	3.98	3.96	2216500
2015-07-15	3.96	3.96	4.06	4.04	9109600
2015-07-16	4.06	4.04	4.12	4.12	14072600
2015-07-17	4.16	4.12	4.22	4.12	17962200
2015-07-20	4.18	4.08	4.18	4.08	4308500
2015-07-21	4.06	3.98	4.1	4.0	9645300
2015-07-22	3.96	3.96	4.02	4.0	5022300
2015-07-23	4.02	4.02	4.08	4.08	7395000
2015-07-24	4.1	4.08	4.12	4.1	7467100
2015-07-27	4.12	4.0	4.12	4.02	4683600
2015-07-28	4.06	3.94	4.06	4.04	8093200
2015-07-29	4.08	4.08	4.16	4.16	11647300
2015-07-31	4.14	4.12	4.28	4.24	22095000
2015-08-03	4.32	4.28	4.72	4.54	65137000
2015-08-04	4.7	4.5	4.7	4.5	51585800
2015-08-05	4.54	4.38	4.56	4.42	20294500
2015-08-06	4.42	4.42	4.92	4.52	149104200
2015-08-07	4.5	4.44	4.62	4.48	54528400
2015-08-10	4.54	4.48	4.66	4.6	49411800
2015-08-11	4.6	4.42	4.62	4.42	29302000
2015-08-13	4.36	4.22	4.38	4.38	42560200
2015-08-14	4.46	4.38	4.5	4.48	22811300
2015-08-17	4.5	4.4	4.54	4.46	11251300
2015-08-18	4.02	4.02	4.38	4.26	64613800
2015-08-19	4.28	4.26	4.4	4.32	12817400
2015-08-20	4.32	4.28	4.36	4.3	7781100
2015-08-21	4.26	4.26	4.38	4.3	10189100
2015-08-24	4.2	4.12	4.26	4.14	17756800
2015-08-25	4.16	3.9	4.28	4.2	21401500
2015-08-26	4.14	4.14	4.26	4.22	7806300
2015-08-27	4.28	4.24	4.46	4.42	24189300
2015-08-28	4.48	4.34	4.48	4.4	13858600
2015-08-31	4.42	4.34	4.48	4.38	6945400
2015-09-01	4.38	4.28	4.4	4.3	8114500
2015-09-02	4.26	4.22	4.4	4.36	5086000
2015-09-03	4.4	4.36	4.44	4.38	5027300
2015-09-04	4.4	4.3	4.4	4.32	6326900
2015-09-07	4.32	4.3	4.38	4.3	4028500
2015-09-08	4.32	4.24	4.36	4.28	8298200
2015-09-09	4.32	4.24	4.36	4.28	12052800
2015-09-10	4.26	4.24	4.3	4.26	7159800
2015-09-11	4.28	4.26	4.3	4.28	8099900
2015-09-14	4.28	4.22	4.3	4.24	2620900
2015-09-15	4.24	4.12	4.28	4.28	13534200
2015-09-16	4.2	4.14	4.24	4.16	11336100
2015-09-17	4.18	4.16	4.2	4.2	2848200
2015-09-18	4.2	4.16	4.22	4.2	5337800
2015-09-21	4.16	4.16	4.22	4.2	2754300
2015-09-22	4.2	4.18	4.28	4.28	14410000
2015-09-23	4.28	4.26	4.46	4.4	34025200
2015-09-24	4.34	4.34	4.42	4.38	7040400
2015-09-25	4.42	4.4	4.56	4.46	38852900
2015-09-28	4.46	4.38	4.48	4.4	13971100
2015-09-29	4.36	4.34	4.52	4.46	15288700
2015-09-30	4.52	4.5	4.6	4.54	23388500
2015-10-01	4.56	4.56	4.72	4.62	45712200
2015-10-02	4.62	4.62	4.68	4.68	11478900
2015-10-05	4.7	4.68	4.78	4.68	21891000
2015-10-06	4.7	4.68	4.76	4.7	13954600
2015-10-07	4.76	4.72	4.86	4.84	25999100
2015-10-08	4.86	4.64	4.86	4.7	25421300
2015-10-09	4.74	4.72	4.82	4.78	18871200
2015-10-12	4.86	4.78	4.86	4.8	9298100
2015-10-13	4.8	4.74	4.84	4.74	10177600
2015-10-14	4.74	4.7	5.0	4.88	30042900
2015-10-15	4.9	4.84	4.92	4.86	16283300
2015-10-16	4.86	4.74	4.88	4.74	17784200
2015-10-19	4.72	4.72	4.84	4.84	7683700
2015-10-20	4.84	4.78	4.94	4.84	15623400
2015-10-21	4.88	4.8	4.88	4.8	2584100
2015-10-22	4.8	4.76	4.86	4.8	8625400
2015-10-26	4.76	4.76	4.9	4.88	7124000
2015-10-27	4.88	4.82	4.88	4.82	8443400
2015-10-28	4.82	4.76	4.84	4.76	6513100
2015-10-29	4.76	4.7	4.82	4.76	8728400
2015-10-30	4.72	4.72	4.8	4.8	15309100
2015-11-02	4.8	4.78	4.84	4.78	2233300
2015-11-03	4.84	4.78	4.96	4.94	35541200
2015-11-04	4.98	4.94	5.3	5.2	62958300
2015-11-05	5.2	5.05	5.25	5.1	31993800
2015-11-06	5.15	5.05	5.15	5.15	9628200
2015-11-09	5.2	5.1	5.35	5.3	29372400
2015-11-10	5.25	5.1	5.3	5.1	16197500
2015-11-11	5.15	4.94	5.15	5.0	19434200
2015-11-12	4.98	4.98	5.2	5.05	19374900
2015-11-13	5.1	5.1	5.25	5.25	19477700
2015-11-16	5.15	5.15	5.5	5.5	32663800
2015-11-17	5.55	5.4	5.6	5.45	27464100
2015-11-18	5.45	5.15	5.5	5.2	23102400
2015-11-19	5.25	5.25	5.35	5.35	16279200
2015-11-20	5.35	5.3	5.45	5.4	10716900
2015-11-23	5.5	5.2	5.5	5.2	11693100
2015-11-24	5.2	5.1	5.25	5.2	8603400
2015-11-25	5.2	5.05	5.25	5.05	9514000
2015-11-26	5.05	5.05	5.2	5.05	10947100
2015-11-27	5.05	5.0	5.15	5.0	11211500
2015-11-30	5.0	4.92	5.0	4.92	14193700
2015-12-01	4.94	4.88	5.1	5.1	18862000
2015-12-02	5.1	4.98	5.15	4.98	9053900
2015-12-03	4.94	4.92	4.98	4.94	14781800
2015-12-04	4.94	4.94	5.05	5.0	19061400
2015-12-08	5.05	5.0	5.15	5.1	34001300
2015-12-09	5.15	5.1	5.25	5.15	35627500
2015-12-11	5.15	4.98	5.15	5.0	13290200
2015-12-14	4.96	3.5	4.96	4.9	32513700
2015-12-15	4.86	4.86	5.15	5.1	18902900
2015-12-16	5.2	5.1	5.2	5.1	3372700
2015-12-17	5.15	5.0	5.2	5.2	14526400
2015-12-18	5.25	5.15	5.5	5.4	27601700
2015-12-21	5.3	5.05	5.4	5.15	10499200
2015-12-22	5.25	5.15	5.3	5.2	3632100
2015-12-23	5.35	5.15	5.35	5.2	7207400
2015-12-24	5.2	5.2	5.4	5.4	6966600
2015-12-25	5.5	5.4	5.55	5.5	10926700
2015-12-28	5.5	5.45	5.7	5.5	20437400
2015-12-29	5.55	5.5	5.7	5.55	11576600
2015-12-30	5.65	5.55	5.75	5.75	7385200
2016-01-04	5.75	5.45	5.75	5.45	10038900
2016-01-05	5.45	5.3	5.45	5.35	6577900
2016-01-06	5.3	5.3	5.65	5.6	21678800
2016-01-07	5.45	5.35	5.75	5.7	11436600
2016-01-08	5.75	5.7	5.95	5.95	28385500
2016-01-11	5.9	5.7	5.9	5.8	11220300
2016-01-12	5.8	5.65	5.8	5.75	18638600
2016-01-13	5.8	5.55	5.85	5.65	18283900
2016-01-14	5.6	5.55	5.75	5.65	15803400
2016-01-15	5.7	5.65	5.85	5.65	21648900
2016-01-18	5.55	5.55	5.65	5.6	6389700
2016-01-19	5.65	5.65	5.8	5.75	6532800
2016-01-20	5.7	5.55	5.9	5.65	13703000
2016-01-21	5.7	5.4	5.75	5.4	12234500
2016-01-22	5.45	5.25	5.55	5.45	25802200
2016-01-25	5.55	5.5	5.7	5.6	15725500
2016-01-26	5.55	5.4	5.6	5.55	9845400
2016-01-27	5.45	5.35	5.6	5.35	23886400
2016-01-28	5.4	5.1	5.45	5.2	24016900
2016-01-29	5.25	5.1	5.35	5.2	14011600
2016-02-01	5.15	5.15	5.35	5.3	11486000
2016-02-02	5.35	5.2	5.35	5.25	5009100
2016-02-03	5.25	5.25	5.6	5.5	13248500
2016-02-04	5.5	5.45	5.55	5.5	17987200
2016-02-05	5.55	5.4	5.55	5.4	8866800
2016-02-08	5.4	5.35	5.45	5.4	11970000
2016-02-09	5.4	5.35	5.4	5.35	5413700
2016-02-10	5.35	5.25	5.35	5.3	5055200
2016-02-11	5.3	5.2	5.45	5.25	8502000
2016-02-12	5.25	5.2	5.35	5.35	11255900
2016-02-15	5.4	5.25	5.45	5.3	4456800
2016-02-16	5.35	5.25	5.45	5.3	6935800
2016-02-17	5.3	5.0	5.3	5.0	18732500
2016-02-18	5.05	4.96	5.1	5.0	24410600
2016-02-19	5.05	5.0	5.15	5.15	4211000
2016-02-23	5.15	5.15	5.3	5.3	9341800
2016-02-24	5.25	5.2	5.35	5.3	9762200
2016-02-25	5.3	5.25	5.45	5.4	13581900
2016-02-26	5.5	5.3	5.5	5.3	5989100
2016-02-29	5.35	5.25	5.4	5.4	5158600
2016-03-01	5.4	5.15	5.4	5.2	5112200
2016-03-02	5.2	4.96	5.2	5.0	36445700
2016-03-03	5.05	5.0	5.15	5.0	13035200
2016-03-04	5.05	4.98	5.1	5.05	17236200
2016-03-07	5.1	5.05	5.1	5.05	4952400
2016-03-08	5.05	4.98	5.05	4.98	9478300
2016-03-09	4.98	4.96	5.15	5.15	16333400
2016-03-10	5.15	5.05	5.15	5.05	6447400
2016-03-11	5.1	5.05	5.1	5.05	3776600
2016-03-14	5.15	5.1	5.45	5.35	27637800
2016-03-15	5.35	5.3	5.45	5.35	7794500
2016-03-16	5.4	5.35	5.5	5.45	15803100
2016-03-17	5.45	5.35	5.5	5.4	6313700
2016-03-18	5.5	5.25	5.5	5.35	5648200
2016-03-21	5.35	5.3	5.5	5.4	11160500
2016-03-22	5.45	5.35	5.5	5.35	2320300
2016-03-23	5.4	5.3	5.4	5.4	5758200
2016-03-24	5.4	5.35	5.45	5.4	3131100
2016-03-25	5.45	5.35	5.5	5.45	7557500
2016-03-28	5.5	5.4	5.6	5.4	12428600
2016-03-29	5.4	5.25	5.45	5.25	8594100
2016-03-30	5.35	5.3	5.5	5.35	12797300
2016-03-31	5.35	5.35	5.45	5.4	4929300
2016-04-01	5.4	5.3	5.45	5.35	6824100
2016-04-04	5.35	5.25	5.5	5.45	11374400
2016-04-05	5.4	5.35	5.45	5.35	8997600
2016-04-07	5.35	5.35	5.7	5.6	26812600
2016-04-08	5.6	5.45	5.7	5.7	12692900
2016-04-11	5.75	5.65	5.8	5.7	8016100
2016-04-12	5.75	5.6	5.8	5.65	4478300
2016-04-18	5.75	5.6	5.75	5.65	7685400
2016-04-19	5.65	5.35	5.65	5.5	17367900
2016-04-20	5.5	5.4	5.55	5.5	24079800
2016-04-21	5.55	5.5	5.7	5.55	27610100
2016-04-22	5.55	5.5	5.7	5.6	9947400
2016-04-25	5.6	5.55	5.7	5.65	4456700
2016-04-26	5.65	5.45	5.65	5.5	5807700
2016-04-27	5.5	5.45	5.6	5.6	9612500
2016-04-28	5.45	5.4	5.6	5.5	7518600
2016-04-29	5.5	5.4	5.55	5.55	3625100
2016-05-03	5.5	5.4	5.5	5.45	3924900
2016-05-04	5.45	5.4	5.5	5.5	2549900
2016-05-06	5.45	5.4	5.5	5.5	2549900
2016-05-09	5.5	5.4	5.7	5.7	11947000
2016-05-10	5.65	5.6	5.85	5.8	18013000
2016-05-11	5.9	5.7	6.1	5.7	42572700
2016-05-12	5.75	5.75	6.0	5.8	32745000
2016-05-13	5.85	5.8	5.9	5.85	9751300
2016-05-16	5.85	5.6	5.85	5.7	21613100
2016-05-17	5.8	5.65	5.85	5.65	11555400
2016-05-18	5.7	5.65	5.9	5.8	20078400
2016-05-19	5.8	5.8	5.95	5.9	21486000
2016-05-23	5.95	5.9	6.0	5.9	25886800
2016-05-24	5.9	5.85	6.2	6.05	32895000
2016-05-25	6.15	6.0	6.15	6.0	11578500
2016-05-26	6.05	5.95	6.1	6.0	13130200
2016-05-27	6.0	5.95	6.05	6.05	12962700
2016-05-30	6.1	6.0	6.35	6.3	22906100
2016-05-31	6.5	6.4	6.8	6.8	22449000
2016-06-01	6.65	6.45	6.75	6.5	13609600
2016-06-02	6.55	6.4	6.95	6.55	30884000
2016-06-03	6.55	6.55	6.9	6.85	11580900
2016-06-06	6.9	6.9	7.25	7.1	17963700
2016-06-07	7.1	6.85	7.15	6.95	16703000
2016-06-08	6.95	6.85	7.1	7.1	9607100
2016-06-09	7.2	7.05	7.3	7.05	15429800
2016-06-10	7.05	6.75	7.05	6.75	13403500
2016-06-13	6.65	6.65	6.95	6.75	13086900
2016-06-14	6.8	6.75	7.05	6.95	13431000
2016-06-15	6.95	6.95	7.35	7.35	18448600
2016-06-16	6.95	6.85	7.2	7.2	31919300
2016-06-17	7.15	7.1	7.35	7.25	16845900
2016-06-20	7.2	7.2	7.45	7.45	13699700
2016-06-21	7.55	7.5	7.75	7.65	19746000
2016-06-22	7.7	7.35	7.75	7.45	14202200
2016-06-23	7.5	7.3	7.5	7.5	12001700
2016-06-24	7.3	7.2	7.75	7.75	24478500
2016-06-27	7.75	7.75	8.0	7.85	19513700
2016-06-28	8.0	7.95	8.45	8.45	29722200
2016-06-29	8.45	8.1	8.45	8.2	26201200
2016-06-30	8.25	8.1	8.3	8.25	18881600
2016-07-04	8.3	8.1	8.3	8.15	8803900
2016-07-05	8.15	8.05	8.25	8.05	18768300
2016-07-06	8.1	8.05	8.3	8.3	18640300
2016-07-07	8.35	8.3	8.55	8.3	27178400
2016-07-08	8.3	8.1	8.35	8.15	21699400
2016-07-11	8.2	8.2	8.4	8.4	15853900
2016-07-12	8.4	8.25	8.4	8.3	9877900
2016-07-13	8.3	8.3	8.55	8.4	23838400
2016-07-14	8.4	8.35	8.5	8.35	11691900
2016-07-15	8.4	8.35	8.9	8.65	36417000
2016-07-20	8.75	8.7	9.15	9.0	24320300
2016-07-21	9.0	8.8	9.05	8.85	13156200
2016-07-22	8.85	8.75	8.95	8.85	11807500
2016-07-25	8.9	8.85	9.3	9.25	21072700
2016-07-26	9.25	9.15	9.5	9.35	12826800
2016-07-27	9.45	9.4	9.95	9.65	27699600
2016-07-28	9.8	9.75	10.1	9.75	29959800
2016-07-29	9.85	9.55	9.85	9.8	26031300
2016-08-01	9.9	9.05	9.95	9.05	47301800
2016-08-02	8.9	8.7	9.1	9.05	69210800
2016-08-03	9.0	8.95	9.45	9.35	26346900
2016-08-04	9.4	9.3	9.6	9.3	19208000
2016-08-05	9.35	9.25	9.5	9.3	19920600
2016-08-08	9.5	9.25	9.5	9.25	12436700
2016-08-09	9.3	9.25	9.5	9.3	19444900
2016-08-10	9.4	9.3	9.5	9.35	13948400
2016-08-11	9.4	8.85	9.4	8.9	39132300
2016-08-15	8.7	8.7	8.95	8.8	23915500
2016-08-16	8.85	8.4	8.9	8.45	25618300
2016-08-17	8.4	8.3	8.7	8.7	44694900
2016-08-18	8.7	8.5	8.85	8.5	22738900
2016-08-19	8.55	8.35	8.55	8.5	15802200
2016-08-22	8.45	8.35	8.6	8.45	10918600
2016-08-23	8.4	8.4	9.1	8.95	32823600
2016-08-24	9.15	9.1	9.4	9.2	21065000
2016-08-25	9.3	9.15	9.45	9.25	16662300
2016-08-26	9.25	9.1	9.3	9.2	10142100
2016-08-29	9.2	9.15	9.45	9.35	24588800
2016-08-30	9.45	9.3	9.5	9.3	13512900
2016-08-31	9.35	9.2	9.45	9.3	12155700
2016-09-01	9.3	9.1	9.35	9.1	15723400
2016-09-02	9.1	8.7	9.15	8.95	25668100
2016-09-05	9.0	8.35	9.05	8.6	36022100
2016-09-06	8.65	8.55	9.05	9.05	26234800
2016-09-07	9.1	8.8	9.2	8.8	14472400
2016-09-08	8.75	7.9	8.85	8.2	55818400
2016-09-09	7.9	7.9	8.3	8.1	42402600
2016-09-12	7.85	7.7	8.05	7.9	34549800
2016-09-13	8.1	7.95	8.25	8.15	37027600
2016-09-14	8.15	8.05	8.55	8.45	34263300
2016-09-15	8.5	8.25	8.5	8.25	19081200
2016-09-16	8.3	8.2	8.35	8.3	20286400
2016-09-19	8.25	8.25	8.65	8.6	32955600
2016-09-20	8.55	8.4	8.6	8.45	20651900
2016-09-21	8.5	8.5	9.0	8.7	35337500
2016-09-22	8.95	8.85	9.1	9.1	26205300
2016-09-23	9.2	9.0	9.2	9.05	26077200
2016-09-26	8.95	8.95	9.25	9.2	15343400
2016-09-27	9.25	8.95	9.3	9.05	27769400
2016-09-28	9.1	8.95	9.15	8.95	13945800
2016-09-29	9.1	9.05	9.4	9.35	31755100
2016-09-30	9.35	9.25	9.6	9.5	48324100
2016-10-03	9.65	9.65	9.85	9.65	46001300
2016-10-04	9.65	9.5	9.75	9.7	22499400
2016-10-05	9.8	9.6	9.9	9.7	24062800
2016-10-06	9.7	9.4	9.75	9.5	26028100
2016-10-07	9.55	9.55	9.75	9.6	13504800
2016-10-10	8.85	8.8	9.4	9.3	40141400
2016-10-11	9.35	8.85	9.45	9.0	22972800
2016-10-12	8.95	8.25	9.0	8.95	54258800
2016-10-13	8.65	8.5	9.3	9.25	30572200
2016-10-14	9.5	9.35	10.4	9.95	71617300
2016-10-17	10.2	9.9	10.3	10.1	28500300
2016-10-18	10.1	9.95	10.2	10.1	19665400
2016-10-19	10.1	10.0	10.8	10.5	40239800
2016-10-20	10.6	10.4	10.8	10.7	26238800
2016-10-21	10.8	10.8	11.8	11.8	40263500
2016-10-25	11.5	11.3	11.6	11.5	21436600
2016-10-26	11.5	11.2	12.0	11.2	45576500
2016-10-27	11.3	11.1	11.8	11.7	27943100
2016-10-28	11.7	11.4	11.8	11.5	17038600
2016-10-31	11.5	11.3	11.6	11.4	7654700
2016-11-01	11.5	11.4	11.7	11.4	10219500
2016-11-02	11.4	11.4	11.8	11.6	17845400
2016-11-03	11.8	11.5	11.9	11.5	14808100
2016-11-04	11.5	11.2	11.7	11.5	14667300
2016-11-07	11.5	11.4	11.7	11.6	15651300
2016-11-08	11.6	11.3	11.7	11.4	20392600
2016-11-09	11.2	11.2	11.9	11.7	36783200
2016-11-10	11.9	11.5	11.9	11.5	8925300
2016-11-11	11.5	11.3	11.7	11.7	15829700
2016-11-14	11.9	11.5	12.3	11.5	39056700
2016-11-15	11.7	11.6	12.3	12.2	38483800
2016-11-16	11.9	11.2	11.9	11.3	111534900
2016-11-17	11.4	11.2	11.5	11.3	59469600
2016-11-18	11.3	10.5	11.4	11.0	108894900
2016-11-21	10.9	10.6	11.0	10.7	52099400
2016-11-22	10.8	10.3	11.0	10.6	79516800
2016-11-23	10.6	10.6	11.3	11.3	52488800
2016-11-24	11.3	10.9	11.4	10.9	36332900
2016-11-25	11.0	11.0	11.2	11.1	23278200
2016-11-28	11.2	11.0	11.3	11.1	14111100
2016-11-29	11.2	10.8	11.3	10.8	22415100
2016-11-30	10.9	10.8	11.1	11.0	22004000
2016-12-01	11.0	10.9	11.1	10.9	11244100
2016-12-02	11.0	10.7	11.1	10.8	15058800
2016-12-06	10.9	10.8	11.3	11.2	17238400
2016-12-07	11.3	11.0	11.3	11.0	13375600
2016-12-08	11.1	10.9	11.2	10.9	11365800
2016-12-09	11.0	10.9	11.1	11.0	15560000
2016-12-13	11.0	10.9	11.1	10.9	9355400
2016-12-14	11.0	10.9	11.6	11.6	106084100
2016-12-15	11.7	11.6	12.3	11.8	123637200
2016-12-16	12.0	11.9	12.2	11.9	41850800
2016-12-19	12.0	12.0	12.5	12.1	58007700
2016-12-20	12.2	11.8	12.4	12.1	54323000
2016-12-21	12.1	11.5	12.1	11.7	36222600
2016-12-22	11.7	11.5	11.8	11.6	16066200
2016-12-23	11.5	11.5	11.9	11.8	22229100
2016-12-26	11.8	11.8	12.1	11.9	31736900
2016-12-27	11.9	11.6	12.0	11.7	15847300
2016-12-28	11.8	11.8	12.0	11.8	20573200
2016-12-29	11.9	11.8	12.0	11.8	25458500
2016-12-30	11.9	11.6	11.9	11.7	38716300
2017-01-04	11.8	11.8	12.0	12.0	17358900
2017-01-05	12.0	12.0	12.5	12.2	74335800
2017-01-06	12.2	12.1	12.6	12.2	55286100
2017-01-09	12.2	12.1	12.4	12.2	37970900
2017-01-10	12.3	12.2	12.4	12.3	22685700
2017-01-11	12.3	12.2	12.6	12.5	44224500
2017-01-12	12.5	12.2	12.6	12.3	15000900
2017-01-13	12.3	12.0	12.3	12.1	21705900
2017-01-16	12.0	12.0	12.3	12.2	13991500
2017-01-17	12.2	12.0	12.3	12.0	9789100
2017-01-18	12.1	11.9	12.2	11.9	12579700
2017-01-19	11.9	11.6	12.0	11.9	32176600
2017-01-20	11.9	11.7	11.9	11.8	13414500
2017-01-23	11.8	11.6	11.9	11.7	20627800
2017-01-24	11.7	11.3	11.7	11.4	45267800
2017-01-25	11.5	11.0	11.6	11.2	52427000
2017-01-26	11.2	11.0	11.4	11.0	50404000
2017-01-27	11.1	11.0	11.3	11.1	29127000
2017-01-30	11.2	11.1	11.5	11.4	42057800
2017-01-31	11.4	11.1	11.4	11.1	22677300
2017-02-01	11.1	10.5	11.1	10.5	120381300
2017-02-02	10.4	10.1	10.7	10.1	48536900
2017-02-03	10.2	10.2	10.5	10.4	43023700
2017-02-06	10.5	10.3	10.6	10.5	32757500
2017-02-07	10.6	10.4	10.7	10.5	23625800
2017-02-08	10.6	10.4	10.7	10.6	24629700
2017-02-09	10.7	10.6	11.1	11.0	51620400
2017-02-10	10.9	10.7	11.0	10.8	20124900
2017-02-14	10.8	10.4	10.9	10.4	28887300
2017-02-15	10.3	10.2	10.4	10.3	27552300
2017-02-16	10.4	10.2	10.4	10.2	15758900
2017-02-17	10.3	10.2	10.3	10.3	8562000
2017-02-20	10.4	10.3	10.6	10.6	17742500
2017-02-21	10.6	10.3	10.6	10.3	11419000
2017-02-22	10.4	10.3	10.8	10.7	28950500
2017-02-23	10.6	10.4	10.6	10.5	18399400
2017-02-24	10.5	10.3	10.6	10.4	10194500
2017-02-27	10.4	10.2	10.4	10.3	25531700
2017-02-28	10.4	10.3	10.6	10.3	16867800
2017-03-01	10.3	10.2	10.4	10.4	20374500
2017-03-02	10.5	10.5	10.8	10.8	30012400
2017-03-03	10.7	10.6	10.8	10.7	15078900
2017-03-06	10.7	10.5	10.8	10.6	20489100
2017-03-07	10.7	10.5	10.7	10.5	9610900
2017-03-08	10.6	10.3	10.7	10.5	20260400
2017-03-09	10.4	10.4	10.6	10.4	7797600
2017-03-10	10.5	10.4	10.5	10.4	8859600
2017-03-13	10.4	10.3	10.6	10.4	12167300
2017-03-14	10.4	10.3	10.5	10.3	17609000
2017-03-15	10.3	10.3	10.9	10.8	41009700
2017-03-16	10.8	10.7	11.2	11.1	59436200
2017-03-17	11.1	10.8	11.2	11.0	46429900
2017-03-20	11.1	10.9	11.1	11.0	14775000
2017-03-21	11.1	10.9	11.1	11.0	12339500
2017-03-22	10.9	10.8	11.0	11.0	6987500
2017-03-23	11.0	10.9	11.0	10.9	3921500
2017-03-24	10.9	10.6	10.9	10.7	9510200
2017-03-27	10.7	10.7	11.0	10.8	16698500
2017-03-28	10.8	10.6	10.9	10.6	11837600
2017-03-29	10.7	10.6	10.8	10.6	8658500
2017-03-30	10.6	10.6	10.8	10.7	7804800
2017-03-31	10.7	10.5	10.8	10.5	14099500
2017-04-03	10.5	10.4	10.7	10.5	11641100
2017-04-04	10.6	10.4	10.6	10.6	10743500
2017-04-05	10.5	10.5	10.6	10.6	7455400
2017-04-07	10.6	10.3	10.6	10.4	16830900
2017-04-10	10.4	10.4	10.5	10.5	7421900
2017-04-11	10.5	10.4	10.5	10.4	4430400
2017-04-12	10.5	10.4	10.5	10.4	14872900
2017-04-17	10.4	10.1	10.4	10.1	22558700
2017-04-18	10.2	10.1	10.3	10.3	17570900
2017-04-19	10.3	10.0	10.3	10.0	23140000
2017-04-20	10.1	10.0	10.2	10.0	19095200
2017-04-21	10.1	10.0	10.2	10.1	9812700
2017-04-24	10.1	9.9	10.2	9.9	22566900
2017-04-25	9.8	9.05	9.8	9.3	143686200
2017-04-26	9.25	9.25	9.75	9.75	70821200
2017-04-27	9.8	9.8	10.1	10.1	43004700
2017-04-28	10.0	9.8	10.1	9.85	18818700
2017-05-02	9.9	9.6	9.95	9.95	17134300
2017-05-03	9.95	9.85	9.95	9.85	5013200
2017-05-04	9.9	9.85	10.0	9.9	12010200
2017-05-05	9.9	9.8	9.95	9.8	4101200
2017-05-08	9.85	9.85	10.1	10.1	16711800
2017-05-09	10.0	9.8	10.2	9.8	21783500
2017-05-11	9.85	9.8	10.0	9.9	14645300
2017-05-12	10.2	10.0	10.4	10.0	82683200
2017-05-15	10.0	9.95	10.2	10.0	10748500
2017-05-16	10.1	10.0	10.4	10.4	30675600
2017-05-17	10.5	10.4	11.0	10.9	81155800
2017-05-18	10.7	10.6	10.9	10.8	25578100
2017-05-19	10.9	10.9	11.2	10.9	55862600
2017-05-22	11.0	10.8	11.1	10.8	15699900
2017-05-23	10.9	10.7	10.9	10.8	13311500
2017-05-24	10.9	10.8	11.1	10.9	21947800
2017-05-25	10.9	10.8	11.0	10.8	3214400
2017-05-26	10.9	10.8	11.0	10.8	8294800
2017-05-29	10.8	10.6	10.9	10.6	7507100
2017-05-30	10.6	10.6	10.9	10.7	8746400
2017-05-31	10.7	10.7	10.9	10.8	14557400
2017-06-01	10.8	10.6	10.8	10.7	4817400
2017-06-02	10.8	10.7	11.0	10.9	16000900
2017-06-05	11.0	11.0	11.4	11.3	67671600
2017-06-06	11.4	11.2	11.5	11.2	26557800
2017-06-07	11.2	11.1	11.4	11.2	11202200
2017-06-08	11.1	10.8	11.2	11.1	21713000
2017-06-09	11.2	11.0	11.3	11.2	24083100
2017-06-12	11.1	10.9	11.3	10.9	19333800
2017-06-13	11.0	10.8	11.0	11.0	22729700
2017-06-14	11.0	10.8	11.1	11.0	9074100
2017-06-15	11.0	11.0	11.3	11.3	20259900
2017-06-16	11.4	11.1	11.4	11.3	14243000
2017-06-19	11.3	11.1	11.3	11.2	8441100
2017-06-20	11.2	11.1	11.4	11.3	12394500
2017-06-21	11.3	11.0	11.4	11.1	19918300
2017-06-22	11.1	11.1	11.3	11.3	10028500
2017-06-23	11.2	11.1	11.3	11.1	11467500
2017-06-26	11.2	11.0	11.2	11.0	9791300
2017-06-27	11.1	11.0	11.3	11.1	12462900
2017-06-28	11.0	10.9	11.1	11.0	13578900
2017-06-29	11.1	10.8	11.1	10.8	9334100
2017-06-30	10.9	10.7	10.9	10.8	9359800
2017-07-03	10.7	10.5	11.0	11.0	13911600
2017-07-04	11.0	10.8	11.1	10.8	7289600
2017-07-05	10.9	10.6	11.0	10.6	22596800
2017-07-06	10.5	10.3	10.6	10.5	20532700
2017-07-07	10.4	10.4	10.6	10.6	9722000
2017-07-11	10.6	10.4	10.6	10.5	6878800
2017-07-12	10.5	10.5	10.8	10.7	11707900
2017-07-13	10.7	10.7	11.0	10.9	10196700
2017-07-14	11.0	10.8	11.0	11.0	8030800
2017-07-17	11.0	11.0	11.3	11.2	22821200
2017-07-18	11.2	11.0	11.2	11.2	15418700
2017-07-19	11.2	11.1	11.3	11.3	16607100
2017-07-20	11.3	11.1	11.3	11.1	14506200
2017-07-21	11.2	11.1	11.2	11.2	9817300
2017-07-24	11.2	11.1	11.2	11.1	8123500
2017-07-25	11.2	11.1	11.5	11.5	37928100
2017-07-26	11.5	11.3	11.5	11.5	19905200
2017-07-27	11.5	11.5	11.8	11.7	43293000
2017-07-31	11.9	11.7	12.1	11.9	48588200
2017-08-01	12.0	11.9	12.3	12.3	39799700
2017-08-02	12.3	12.1	12.4	12.2	30382300
2017-08-03	12.2	12.1	12.3	12.3	10691300
2017-08-04	12.3	12.2	12.5	12.4	27952200
2017-08-07	12.4	12.1	12.5	12.2	16644400
2017-08-08	12.2	12.2	12.5	12.4	18304900
2017-08-09	12.5	12.1	12.6	12.1	22828300
2017-08-10	12.1	11.8	12.2	12.1	21107300
2017-08-11	12.6	12.2	12.6	12.5	63830800
2017-08-15	12.7	12.7	13.7	13.4	113145900
2017-08-16	13.5	13.2	13.8	13.3	40162400
2017-08-17	13.4	13.3	14.0	14.0	71293300
2017-08-18	14.0	13.7	14.2	14.2	42541500
2017-08-21	14.2	13.7	14.3	13.7	30001500
2017-08-22	13.8	13.2	14.1	13.4	59233400
2017-08-23	13.3	13.2	13.5	13.5	23405300
2017-08-24	13.6	13.5	13.9	13.6	21993700
2017-08-25	13.7	13.4	13.8	13.6	21215400
2017-08-28	13.5	13.5	14.0	13.8	26797300
2017-08-29	13.7	13.5	13.9	13.7	22144400
2017-08-30	13.9	13.5	13.9	13.6	23758300
2017-08-31	13.7	13.7	13.9	13.8	30163000
2017-09-01	13.9	13.9	14.6	14.4	70359100
2017-09-04	14.4	14.3	14.6	14.5	19097100
2017-09-05	14.5	14.2	14.6	14.2	27264100
2017-09-06	14.3	14.3	14.9	14.8	46232600
2017-09-07	14.9	14.5	15.0	14.5	43964000
2017-09-08	14.7	14.5	14.9	14.6	28956500
2017-09-11	14.6	14.1	14.7	14.2	41327900
2017-09-12	14.3	14.2	14.5	14.4	26435400
2017-09-13	14.5	14.4	14.8	14.5	35537800
2017-09-14	14.6	14.4	14.7	14.4	22722800
2017-09-15	14.5	14.3	14.5	14.4	14014700
2017-09-18	14.5	14.4	14.6	14.4	7723700
2017-09-19	14.5	14.4	14.8	14.6	25749000
2017-09-20	14.6	14.5	14.7	14.6	11034800
2017-09-21	14.7	14.5	14.7	14.6	6660200
2017-09-22	14.6	14.3	14.7	14.5	18545300
2017-09-25	14.5	14.4	15.2	15.2	72643400
2017-09-26	15.2	14.9	15.2	15.0	18915300
2017-09-27	15.1	15.0	15.4	15.2	34899700
2017-09-28	15.4	15.4	16.1	16.0	68369000
2017-09-29	16.0	15.8	16.2	16.0	42158600
2017-10-02	15.9	15.8	16.5	16.5	26539700
2017-10-03	16.5	16.1	16.5	16.4	24888200
2017-10-04	16.3	15.8	16.4	16.1	29319800
2017-10-05	16.1	15.9	16.2	16.2	18280200
2017-10-06	16.1	15.9	16.2	15.9	16565200
2017-10-09	15.8	15.8	16.0	15.9	8163100
2017-10-10	16.0	15.9	16.6	16.4	45129800
2017-10-11	16.5	16.4	16.7	16.6	34858200
2017-10-12	16.7	16.5	16.8	16.8	17313100
2017-10-16	16.7	16.6	17.2	16.8	39937200
2017-10-17	16.9	16.2	16.9	16.8	40086100
2017-10-18	16.5	16.3	16.7	16.3	14638300
2017-10-19	16.5	16.4	16.7	16.4	17911600
2017-10-20	16.4	16.4	17.0	16.8	13457100
2017-10-24	18.3	17.6	18.5	18.0	46388600
2017-10-25	18.1	18.0	18.2	18.0	18665900
2017-10-27	18.1	18.0	18.7	18.4	23379700
2017-10-30	18.3	17.7	18.4	18.1	22224900
2017-10-31	18.0	17.9	18.3	17.9	11720400
2017-11-01	18.0	17.1	18.0	17.5	50479000
2017-11-02	17.6	17.5	17.8	17.5	15455100
2017-11-03	17.6	17.4	17.9	17.8	19036100
2017-11-06	17.7	17.5	17.8	17.7	11518900
2017-11-07	17.8	17.6	17.9	17.7	24019700
2017-11-08	17.7	17.5	17.9	17.5	11955700
2017-11-09	17.7	17.3	17.7	17.5	8638100
2017-11-10	17.5	16.8	17.6	17.2	19409700
2017-11-13	17.9	17.7	19.6	19.6	91866000
2017-11-14	19.9	19.2	20.8	19.5	64565600
2017-11-15	19.5	19.5	20.3	20.0	28771800
2017-11-16	20.0	19.4	20.2	19.4	25975700
2017-11-17	19.7	19.5	19.9	19.7	18744600
2017-11-20	19.9	19.7	20.3	20.2	25406100
2017-11-21	20.3	19.9	20.3	20.1	18862500
2017-11-22	20.2	20.2	22.3	21.6	113459600
2017-11-23	21.5	21.0	21.6	21.2	20856300
2017-11-24	21.3	20.2	21.3	20.4	55779500
2017-11-27	20.5	20.4	21.2	20.6	33845400
2017-11-28	20.7	20.6	21.1	21.0	27974100
2017-11-29	21.2	20.5	21.3	20.5	25927700
2017-11-30	20.7	20.3	21.4	21.2	41776500
2017-12-01	21.0	20.7	21.2	21.1	12862000
2017-12-04	21.2	20.4	21.2	20.7	18660700
2017-12-06	20.8	20.2	20.9	20.7	15509700
2017-12-07	20.7	20.4	20.9	20.8	19606500
2017-12-08	20.9	19.1	20.9	20.0	56274300
2017-12-12	19.4	17.7	19.6	18.2	153724900
2017-12-13	18.2	18.2	18.9	18.7	63046500
2017-12-14	19.3	18.9	19.4	19.1	41332800
2017-12-15	19.0	18.6	19.0	18.9	20524000
2017-12-18	18.8	18.4	18.9	18.7	22582500
2017-12-19	19.0	18.9	19.6	19.5	32670300
2017-12-20	19.5	19.3	20.1	20.0	51090600
2017-12-21	19.9	19.8	20.0	19.9	16820300
2017-12-22	20.0	19.9	20.4	20.0	20092100
2017-12-25	20.0	19.8	20.3	20.2	12431300
2017-12-26	20.4	20.3	20.7	20.5	23435600
2017-12-27	20.5	20.5	21.0	20.8	28298100
2017-12-28	20.7	20.2	20.8	20.7	19798200
2017-12-29	20.7	20.5	20.8	20.8	21497500
2018-01-03	21.0	20.1	21.0	20.3	51564500
2018-01-04	20.3	19.6	20.5	19.8	56956500
2018-01-05	19.9	19.8	20.3	20.2	41819700
2018-01-08	20.3	19.6	20.3	19.8	31312500
2018-01-09	19.9	19.2	19.9	19.5	26504300
2018-01-10	19.5	19.3	19.8	19.6	26152700
2018-01-11	19.6	19.3	19.9	19.5	21762400
2018-01-12	19.7	19.5	20.3	20.1	38084500
2018-01-15	20.4	20.2	20.6	20.2	52812600
2018-01-16	20.3	19.9	20.3	20.1	17269600
2018-01-17	20.0	19.7	20.0	19.9	28287200
2018-01-18	20.1	20.0	21.4	21.4	158970000
2018-01-19	21.5	21.1	21.8	21.4	68845500
2018-01-22	21.3	21.2	21.7	21.5	33327800
2018-01-23	21.7	21.4	21.9	21.7	47000000
2018-01-24	21.7	21.5	22.2	22.2	51800400
2018-01-25	22.3	21.7	22.5	21.7	69291800
2018-01-26	21.5	21.0	21.7	21.3	57686600
2018-01-29	21.5	21.4	22.1	22.0	32461000
2018-01-30	21.9	21.8	22.4	22.4	53566800
2018-01-31	22.2	22.1	22.6	22.2	59675100
2018-02-01	22.3	22.3	22.6	22.3	32883900
2018-02-02	22.3	21.9	22.3	21.9	35027600
2018-02-05	21.3	21.2	21.7	21.6	30183300
2018-02-06	20.9	20.5	21.4	21.2	85828800
2018-02-07	21.6	21.3	21.9	21.4	38320500
2018-02-08	21.6	21.5	22.1	21.9	37734900
2018-02-09	21.5	21.5	22.1	21.9	41247400
2018-02-12	21.9	21.8	22.6	22.5	45378000
2018-02-13	22.7	22.2	22.9	22.4	56558800
2018-02-14	22.5	22.1	22.5	22.1	32665400
2018-02-15	22.2	22.1	22.6	22.5	20709100
2018-02-16	22.5	22.2	22.6	22.5	21130300
2018-02-19	22.5	22.4	22.8	22.5	38041200
2018-02-20	22.5	22.3	22.7	22.3	29864900
2018-02-21	22.5	21.6	22.5	21.7	44604400
2018-02-22	21.5	20.6	21.8	20.7	75908400
2018-02-23	21.0	21.0	21.9	21.7	73331200
2018-02-26	21.8	21.5	22.2	21.8	49725700
2018-02-27	21.9	20.7	22.0	20.8	108169200
2018-02-28	20.9	20.9	21.4	21.3	47774100
2018-03-02	21.0	20.8	21.2	21.0	27049600
2018-03-05	21.4	21.0	21.4	21.3	26566000
2018-03-06	21.3	20.8	21.4	20.9	18311600
2018-03-07	21.0	20.5	21.1	20.7	27228800
2018-03-08	20.7	20.6	21.1	21.0	20546500
2018-03-09	21.1	20.0	21.2	20.1	45465300
2018-03-12	20.3	19.7	20.6	20.2	39131200
2018-03-13	19.2	18.9	19.8	19.8	165337200
2018-03-14	19.7	19.2	19.8	19.6	55980000
2018-03-15	19.7	19.5	20.2	20.0	70386300
2018-03-16	20.1	20.0	21.0	21.0	48951800
2018-03-19	21.0	20.6	21.2	20.7	22508100
2018-03-20	20.7	20.6	21.0	21.0	20601900
2018-03-21	21.1	21.1	21.5	21.4	28496100
2018-03-22	21.5	21.3	21.7	21.6	27036800
2018-03-23	21.1	21.1	21.5	21.4	15479700
2018-03-26	21.4	21.2	21.6	21.3	7535600
2018-03-27	21.4	21.4	21.9	21.6	34243900
2018-03-28	21.7	21.4	21.8	21.5	13857800
2018-03-29	21.5	21.1	21.6	21.3	16463100
2018-03-30	21.4	21.0	21.6	21.3	12510900
2018-04-02	21.4	21.4	21.8	21.7	19036800
2018-04-03	21.7	21.6	22.1	21.9	34404900
2018-04-04	22.0	21.5	22.1	21.5	28472700
2018-04-05	21.8	21.3	21.9	21.6	18602900
2018-04-09	21.6	21.6	22.2	22.0	26936600
2018-04-10	22.1	21.7	22.2	22.0	8576200
2018-04-11	22.0	21.8	22.2	21.8	10179100
2018-04-12	21.9	21.7	22.0	21.9	6341100
2018-04-17	22.1	22.0	23.1	22.8	55044500
2018-04-18	23.1	22.6	23.1	22.8	24657100
2018-04-19	22.9	22.8	23.3	23.1	18751700
2018-04-20	23.2	22.9	23.3	23.1	19047500
2018-04-23	23.1	22.8	23.2	22.8	11069600
2018-04-24	22.9	22.6	23.0	22.6	9219200
2018-04-25	22.5	22.4	22.9	22.7	14102300
2018-04-26	22.7	22.6	22.9	22.6	7999200
2018-04-27	22.7	22.6	23.2	23.1	19860100
2018-04-30	23.4	23.1	23.7	23.3	23567900
2018-05-02	23.3	22.9	23.3	23.3	13726200
2018-05-03	23.1	22.9	23.1	22.9	8314700
2018-05-04	22.9	22.7	23.2	22.8	18398900
2018-05-07	22.9	22.6	23.0	22.7	7516400
2018-05-08	22.8	22.4	23.0	22.5	16966800
2018-05-09	22.5	21.1	22.5	21.5	70495900
2018-05-10	21.6	21.2	21.7	21.5	32975800
2018-05-11	21.5	21.3	21.7	21.4	27449300
2018-05-14	20.0	19.7	21.8	21.3	62200800
2018-05-15	21.2	20.5	21.2	20.8	46475100
2018-05-16	20.5	19.4	20.6	19.4	95300400
2018-05-17	19.5	18.8	19.7	19.5	56039200
2018-05-18	19.5	19.1	20.0	19.1	39062300
2018-05-21	19.4	19.0	19.6	19.5	40713900
2018-05-22	19.7	19.5	20.1	19.8	51253800
2018-05-23	19.7	19.3	19.8	19.4	43645600
2018-05-24	19.5	18.9	19.6	19.1	48695900
2018-05-25	19.2	17.0	19.4	17.3	151144000
2018-05-28	17.6	17.5	18.1	18.0	56948600
2018-05-30	17.6	17.4	18.0	17.7	39604000
2018-05-31	17.9	17.2	17.9	17.5	29812500
2018-06-01	17.5	17.2	17.8	17.4	23589400
2018-06-04	17.5	15.7	17.5	15.7	110053500
2018-06-05	16.0	13.7	16.1	15.7	336179300
2018-06-06	15.6	15.0	15.8	15.2	129413800
2018-06-07	15.5	15.4	16.7	16.4	182057100
2018-06-08	16.4	15.9	16.8	16.4	70456000
2018-06-11	16.7	16.2	16.8	16.6	50776600
2018-06-12	16.7	16.3	16.7	16.4	47679400
2018-06-13	16.3	16.0	16.6	16.2	41783900
2018-06-14	16.3	15.6	16.5	16.3	48859100
2018-06-15	16.4	16.1	16.5	16.5	38330200
2018-06-18	16.5	15.9	16.5	15.9	27765600
2018-06-19	15.7	15.4	15.8	15.4	63248200
2018-06-20	15.5	15.4	16.2	16.0	49969800
2018-06-21	16.0	15.3	16.0	15.3	35264000
2018-06-22	15.5	14.7	15.8	14.8	60599600
2018-06-25	14.9	14.4	15.3	14.5	58358400
2018-06-26	14.4	13.7	14.6	14.4	113611300
2018-06-27	14.3	13.8	14.4	13.8	60257000
2018-06-28	13.8	12.1	13.8	12.1	173723200
2018-06-29	12.3	11.3	12.6	12.2	214586900
2018-07-02	12.1	12.0	13.5	13.4	128289400
2018-07-03	13.4	12.8	13.8	13.0	119034700
2018-07-04	12.9	9.1	13.5	9.1	1057923000
2018-07-05	7.95	6.45	8.25	7.2	1595703900
2018-07-06	6.9	6.7	8.95	8.0	1385921500
2018-07-09	8.3	7.2	8.45	7.25	537120300
2018-07-10	7.25	7.1	7.85	7.6	404876100
2018-07-11	7.5	7.4	7.8	7.5	225121500
2018-07-12	7.6	7.55	8.1	8.1	289039900
2018-07-13	8.15	7.9	8.25	7.95	223911100
2018-07-16	7.85	7.35	8.05	7.4	209351400
2018-07-17	7.5	7.3	7.6	7.4	101484100
2018-07-18	7.5	7.3	7.5	7.35	98422100
2018-07-19	7.35	7.35	7.85	7.8	172317400
2018-07-20	7.85	7.7	7.9	7.7	133597200
2018-07-23	7.75	7.65	8.2	8.1	257215800
2018-07-24	8.15	7.8	8.35	7.85	208676900
2018-07-25	7.9	7.9	8.1	7.95	115500000
2018-07-26	8.0	7.9	8.2	8.05	109760500
2018-07-31	8.05	7.7	8.15	7.8	85141300
2018-08-01	7.8	7.25	7.95	7.4	242666500
2018-08-02	7.35	7.3	7.55	7.4	84933400
2018-08-03	7.45	7.1	7.5	7.15	115445200
2018-08-06	7.25	7.1	7.35	7.1	54359000
2018-08-07	7.15	6.9	7.2	6.95	80094200
2018-08-08	7.0	7.0	7.25	7.15	58417800
2018-08-09	7.1	7.0	7.2	7.05	35315800
2018-08-10	7.05	6.8	7.05	6.8	75527100
2018-08-14	7.4	7.2	7.45	7.45	196219100
2018-08-15	7.5	7.5	8.45	8.35	622051400
2018-08-16	8.5	8.45	9.0	8.85	375627300
2018-08-17	9.05	8.75	9.3	9.1	302254400
2018-08-20	9.45	9.2	9.6	9.45	239232100
2018-08-21	9.1	8.85	9.25	8.95	192204200
2018-08-22	8.95	8.9	9.4	9.3	180446600
2018-08-23	9.5	9.35	9.55	9.35	199795700
2018-08-24	9.35	9.2	9.6	9.6	124069800
2018-08-27	9.7	9.55	10.8	10.8	363526900
2018-08-28	10.8	10.5	11.1	10.7	232443700
2018-08-29	10.6	10.5	10.9	10.7	106699600
2018-08-30	10.8	10.5	10.9	10.5	99566700
2018-08-31	10.6	10.1	11.5	11.3	283718500
2018-09-03	11.4	10.8	11.5	10.8	232991600
2018-09-04	10.9	10.4	11.0	10.5	154262300
2018-09-05	10.5	10.3	10.8	10.5	188487100
2018-09-06	10.6	10.4	11.3	11.2	188205400
2018-09-07	11.2	11.0	11.6	11.2	214755000
2018-09-10	11.3	11.1	11.5	11.3	106841100
2018-09-11	11.3	10.8	11.3	10.8	127696600
2018-09-12	11.0	10.7	11.1	10.8	147333900
2018-09-13	11.0	10.9	11.4	11.2	177717800
2018-09-14	11.4	11.0	11.4	11.1	88994000
2018-09-17	11.0	10.9	11.2	11.0	51247700
2018-09-18	11.0	10.9	11.3	11.1	113176900
2018-09-19	11.2	11.1	11.7	11.5	242818800
2018-09-20	11.6	11.6	12.1	11.8	255312600
2018-09-21	12.0	11.7	12.1	11.8	131490200
2018-09-24	11.8	11.7	11.9	11.8	40135600
2018-09-25	11.7	11.7	11.9	11.7	41072100
2018-09-26	11.8	11.7	11.9	11.8	43499000
2018-09-27	11.9	11.8	12.2	12.0	151523700
2018-09-28	12.1	11.9	12.1	12.1	43315900
2018-10-01	12.1	12.0	12.3	12.1	75667100
2018-10-02	12.1	11.7	12.2	11.8	58234600
2018-10-03	12.0	10.9	12.0	11.0	168556700
2018-10-04	10.7	10.4	10.9	10.5	159513300
2018-10-05	10.6	10.2	10.9	10.4	121782500
2018-10-08	10.3	9.4	10.7	9.55	337002600
2018-10-09	9.7	9.65	9.9	9.8	116018100
2018-10-10	9.95	9.95	10.2	10.2	86073900
2018-10-11	9.75	9.65	10.2	10.0	144450900
2018-10-12	10.2	10.0	10.3	10.1	58372300
2018-10-16	10.1	9.85	10.1	10.0	50075700
2018-10-17	10.1	9.6	10.1	9.6	94695700
2018-10-18	9.6	8.75	9.7	8.9	219101600
2018-10-19	8.8	8.7	9.15	9.05	136452700
2018-10-22	9.05	8.8	9.15	8.8	45823000
2018-10-24	8.65	8.45	8.9	8.55	75259000
2018-10-25	8.45	8.25	8.9	8.9	87727400
2018-10-26	8.8	8.65	8.9	8.7	60060800
2018-10-29	8.8	8.75	9.05	8.85	53373300
2018-10-30	8.95	8.75	8.95	8.8	39240400
2018-10-31	8.9	8.9	10.2	10.0	210295000
2018-11-01	10.0	10.0	10.8	10.3	197846300
2018-11-02	10.4	10.3	10.6	10.3	95010800
2018-11-05	10.2	10.2	10.8	10.7	103759800
2018-11-06	10.9	10.3	10.9	10.3	111660900
2018-11-07	10.4	10.0	10.7	10.7	120620500
2018-11-08	10.5	10.0	10.5	10.0	136713300
2018-11-09	10.1	9.85	10.2	9.95	51928600
2018-11-12	10.0	9.6	10.1	9.6	66852600
2018-11-13	9.65	9.65	10.4	10.3	170753300
2018-11-14	10.4	10.0	10.4	10.1	67286600
2018-11-15	10.1	9.85	10.4	9.95	79538200
2018-11-16	9.95	9.9	10.2	10.0	58666800
2018-11-19	10.1	9.9	10.1	10.0	31272000
2018-11-20	9.95	9.7	10.1	9.75	57331700
2018-11-21	9.7	9.5	9.85	9.7	83607000
2018-11-22	9.75	8.3	9.8	8.3	316974100
2018-11-23	8.55	8.45	8.9	8.85	157681300
2018-11-26	8.9	8.45	8.95	8.75	96308600
2018-11-27	8.75	8.65	8.9	8.7	59635300
2018-11-28	8.75	8.7	9.15	9.05	130393200
2018-11-29	9.05	8.8	9.15	8.8	91112300
2018-11-30	8.85	8.8	9.0	8.9	56473500
2018-12-03	9.05	8.95	9.15	8.95	66248800
2018-12-04	9.05	9.0	9.3	9.1	125290100
2018-12-06	8.85	8.8	8.95	8.85	48896800
2018-12-07	8.9	8.8	9.05	8.9	53236000
2018-12-11	8.85	8.75	8.9	8.75	30861700
2018-12-12	8.85	8.8	8.95	8.8	29406000
2018-12-13	8.85	8.55	8.95	8.6	38599000
2018-12-14	8.6	8.5	8.75	8.55	35296100
2018-12-17	8.55	7.7	8.7	7.85	131592800
2018-12-18	7.75	7.6	7.9	7.75	52340000
2018-12-19	7.8	7.55	7.9	7.8	69638400
2018-12-20	7.75	7.45	7.8	7.55	56039600
2018-12-21	7.45	6.85	7.5	7.0	179556000
2018-12-24	7.0	6.9	7.2	6.95	52117700
2018-12-25	6.8	6.6	6.85	6.6	68836600
2018-12-26	6.7	6.5	6.8	6.6	70690300
2018-12-27	6.85	6.6	6.9	6.6	80446000
2018-12-28	6.6	6.25	6.75	6.55	85637400
2019-01-02	6.6	6.55	7.0	6.85	74090800
2019-01-03	6.95	6.9	7.3	7.1	116680000
2019-01-04	7.15	6.9	7.5	7.5	133032800
2019-01-07	7.6	7.3	7.65	7.3	83916600
2019-01-08	7.35	7.05	7.4	7.1	102575200
2019-01-09	7.2	6.9	7.3	6.95	107607900
2019-01-10	6.85	6.5	6.9	6.6	148202800
2019-01-11	6.7	6.5	6.85	6.8	74434700
2019-01-14	6.75	6.55	6.8	6.6	45830800
2019-01-15	6.7	6.5	6.7	6.5	37006700
2019-01-16	6.55	6.5	6.7	6.6	45547700
2019-01-17	6.65	6.6	6.85	6.75	65629300
2019-01-18	6.8	6.6	6.85	6.65	40363400
2019-01-21	6.7	6.55	6.75	6.6	22694100
2019-01-22	6.6	6.55	6.9	6.85	56554400
2019-01-23	6.85	6.8	7.15	7.1	123843800
2019-01-24	7.1	7.0	7.2	7.1	60327900
2019-01-25	7.15	7.1	7.3	7.2	55638700
2019-01-28	7.2	7.15	7.65	7.5	149620600
2019-01-29	7.45	7.4	7.65	7.5	105584000
2019-01-30	7.5	7.5	7.8	7.8	127479500
2019-01-31	7.9	7.65	8.0	7.75	118236600
2019-02-01	7.75	7.7	7.85	7.8	54232000
2019-02-04	7.85	7.7	7.95	7.75	47421600
2019-02-05	7.8	7.5	7.8	7.55	50725000
2019-02-06	7.55	7.55	7.8	7.65	55063200
2019-02-07	7.7	7.6	7.8	7.65	51407200
2019-02-08	7.6	7.5	7.9	7.8	93678100
2019-02-11	7.75	7.6	7.85	7.7	60223000
2019-02-12	7.75	7.75	8.2	8.15	175707100
2019-02-13	8.2	8.1	8.35	8.15	135005500
2019-02-14	8.2	8.15	8.3	8.2	56190500
2019-02-15	8.2	7.8	8.25	7.85	87769200
2019-02-18	7.95	7.7	8.0	7.7	58349700
2019-02-20	7.75	7.7	7.95	7.9	43799900
2019-02-21	7.85	7.7	7.95	7.7	58238600
2019-02-22	7.75	7.7	7.85	7.75	25681300
2019-02-25	7.85	7.85	8.2	8.2	113553700
2019-02-26	7.6	6.9	7.7	6.95	577618700
2019-02-27	7.0	6.7	7.1	6.75	171935800
2019-02-28	6.75	6.75	6.95	6.85	127355400
2019-03-01	6.9	6.6	6.95	6.65	80932200
2019-03-04	6.6	6.6	6.75	6.65	40576800
2019-03-05	6.65	6.6	6.8	6.75	43339000
2019-03-06	6.75	6.65	6.8	6.65	31023200
2019-03-07	6.7	6.65	6.9	6.9	73694300
2019-03-08	6.9	6.8	7.05	6.85	61630000
2019-03-11	6.9	6.8	6.95	6.85	26124900
2019-03-12	6.95	6.7	6.95	6.75	49272500
2019-03-13	6.75	6.7	6.85	6.85	36335200
2019-03-14	6.85	6.75	6.85	6.75	36445100
2019-03-15	6.8	6.7	6.9	6.75	54249700
2019-03-18	6.75	6.45	6.75	6.5	97794400
2019-03-19	6.55	6.55	6.7	6.65	38653700
2019-03-20	6.65	6.6	6.75	6.65	41370600
2019-03-21	6.7	6.65	6.75	6.7	24118200
2019-03-22	6.7	6.6	6.7	6.65	33930200
2019-03-25	6.55	6.5	6.65	6.55	23529500
2019-03-26	6.6	6.5	6.7	6.6	29338400
2019-03-27	6.6	6.55	6.65	6.55	13979200
2019-03-28	6.6	6.55	6.65	6.6	15904700
2019-03-29	6.6	6.6	6.75	6.65	31524900
2019-04-01	6.7	6.65	6.75	6.65	36301400
2019-04-02	6.7	6.55	6.7	6.55	34850100
2019-04-03	6.6	6.55	6.6	6.6	8276300
2019-04-04	6.6	6.55	6.65	6.55	11930300
2019-04-05	6.6	6.5	6.6	6.55	16158800
2019-04-09	6.55	6.55	6.65	6.6	25592600
2019-04-10	6.6	6.6	6.7	6.65	31768300
2019-04-11	6.7	6.6	6.75	6.7	28030900
2019-04-12	6.7	6.65	6.75	6.7	20872000
2019-04-17	6.75	6.75	7.1	7.1	136602900
2019-04-18	7.15	7.1	7.3	7.1	103356700
2019-04-19	7.15	6.9	7.2	6.95	65797200
2019-04-22	7.0	6.95	7.1	7.0	36604300
2019-04-23	7.0	6.9	7.0	6.9	19776300
2019-04-24	6.9	6.8	6.95	6.85	31928200
2019-04-25	6.9	6.85	7.05	6.9	36516100
2019-04-26	6.9	6.85	7.0	6.85	27161900
2019-04-29	6.85	6.8	6.95	6.85	26414300
2019-04-30	6.85	6.85	7.0	6.95	31741900
2019-05-02	6.95	6.8	7.0	6.85	53606100
2019-05-03	6.75	6.65	6.75	6.7	27769100
2019-05-07	6.65	6.5	6.7	6.55	48313100
2019-05-08	6.5	6.1	6.5	6.1	160452600
2019-05-09	6.15	6.1	6.25	6.1	40130700
2019-05-10	6.15	5.5	6.2	5.7	223262700
2019-05-13	5.7	5.4	5.8	5.45	94964800
2019-05-14	4.9	4.8	4.96	4.82	193895600
2019-05-15	4.82	4.36	4.82	4.38	236824500
2019-05-16	4.4	4.14	4.62	4.46	541243600
2019-05-17	4.44	4.22	4.52	4.24	280952700
2019-05-21	4.02	3.68	4.1	3.74	361199100
2019-05-22	3.86	3.74	4.02	3.78	366486200
2019-05-23	3.78	3.76	3.92	3.82	265687600
2019-05-24	3.82	3.78	3.86	3.78	154257300
2019-05-27	3.82	3.54	3.82	3.56	234699700
2019-05-28	3.58	3.58	4.16	4.04	660039900
2019-05-29	4.08	3.94	4.18	4.04	435052300
2019-05-30	4.02	3.98	4.12	4.1	173976400
2019-05-31	4.12	4.06	4.34	4.3	363722100
2019-06-04	4.3	4.18	4.36	4.18	293644300
2019-06-05	4.22	4.04	4.32	4.06	346728600
2019-06-06	4.08	4.02	4.14	4.1	158585900
2019-06-07	4.12	4.08	4.18	4.12	73538500
2019-06-10	4.14	4.1	4.2	4.14	77459800
2019-06-11	4.14	4.12	4.22	4.18	72025600
2019-06-12	4.18	4.16	4.46	4.42	348001400
2019-06-13	4.42	4.4	4.52	4.42	250186300
2019-06-14	4.44	4.42	4.5	4.46	105002600
2019-06-17	4.54	4.44	4.6	4.44	188336300
2019-06-18	4.44	4.3	4.44	4.34	196080200
2019-06-19	4.38	4.36	4.5	4.44	132625700
2019-06-20	4.48	4.42	4.5	4.42	92865600
2019-06-21	4.42	4.22	4.42	4.24	156813700
2019-06-24	4.26	4.16	4.28	4.16	89682900
2019-06-25	4.16	4.16	4.24	4.24	60408300
2019-06-26	4.24	4.22	4.28	4.22	57450000
2019-06-27	4.24	4.18	4.28	4.2	49937000
2019-06-28	4.22	4.08	4.22	4.08	87283700
2019-07-01	4.12	3.92	4.14	3.96	145055200
2019-07-02	3.96	3.82	3.96	3.84	117054100
2019-07-03	3.84	3.82	4.06	4.04	137425300
2019-07-04	4.04	3.88	4.1	3.94	137983000
2019-07-05	3.96	3.92	3.98	3.96	32403500
2019-07-08	3.94	3.92	4.02	3.96	34344300
2019-07-09	3.98	3.94	4.04	3.94	73911000
2019-07-10	3.98	3.96	4.2	4.18	159788900
2019-07-11	4.2	4.1	4.22	4.12	80663900
2019-07-12	4.14	3.92	4.16	3.96	98411100
2019-07-15	3.98	3.94	4.0	3.94	41277100
2019-07-17	3.94	3.86	3.94	3.9	64952300
2019-07-18	3.9	3.88	4.02	3.96	55065900
2019-07-19	4.0	3.94	4.06	3.96	82580400
2019-07-22	3.98	3.88	3.98	3.9	49850100
2019-07-23	3.92	3.82	3.94	3.84	81470800
2019-07-24	3.86	3.84	3.92	3.88	47717900
2019-07-25	3.9	3.86	3.94	3.86	51208800
2019-07-26	3.86	3.84	3.9	3.88	24138500
2019-07-30	3.9	3.78	3.9	3.78	38388800
2019-07-31	3.78	3.72	3.8	3.74	34889300
2019-08-01	3.76	3.66	3.78	3.68	34606600
2019-08-02	3.62	3.58	3.66	3.66	48323900
2019-08-05	3.66	3.64	3.78	3.7	41392500
2019-08-06	3.66	3.6	3.7	3.68	29155100
2019-08-07	3.7	3.64	3.76	3.64	43000300
2019-08-08	3.66	3.38	3.68	3.4	89941000
2019-08-09	3.4	3.02	3.44	3.02	173001100
2019-08-13	2.96	2.78	2.98	2.78	100792200
2019-08-14	2.9	2.88	3.46	3.02	274271900
2019-08-15	2.96	2.9	3.12	3.08	214868000
2019-08-16	3.08	2.98	3.16	3.02	97597900
2019-08-19	3.04	2.98	3.06	3.02	37175700
2019-08-20	3.04	2.96	3.06	2.98	44444200
2019-08-21	3.02	2.98	3.06	3.04	42822700
2019-08-22	3.02	2.9	3.04	2.9	79487200
2019-08-23	2.92	2.88	2.96	2.88	48858500
2019-08-26	2.8	2.78	2.86	2.84	49401400
2019-08-27	2.84	2.8	2.92	2.8	27798100
2019-08-28	2.82	2.8	2.9	2.84	21146500
2019-08-29	2.84	2.82	2.92	2.88	41460100
2019-08-30	2.92	2.88	2.96	2.9	27561000
2019-09-02	2.9	2.88	2.94	2.9	21054500
2019-09-03	2.9	2.9	3.02	2.9	71921100
2019-09-04	2.92	2.7	2.94	2.78	90207600
2019-09-05	2.84	2.8	2.88	2.82	43398400
2019-09-06	2.84	2.82	2.9	2.82	27816200
2019-09-09	2.84	2.76	2.84	2.8	15922700
2019-09-10	2.82	2.78	2.84	2.84	13626000
2019-09-11	2.84	2.8	2.86	2.82	16832500
2019-09-12	2.84	2.82	2.98	2.92	118137900
2019-09-13	2.9	2.74	2.9	2.78	114955700
2019-09-16	2.78	2.76	2.82	2.78	25057100
2019-09-17	2.78	2.72	2.82	2.74	37962200
2019-09-18	2.76	2.64	2.76	2.64	53681800
2019-09-19	2.66	2.58	2.72	2.58	51519200
2019-09-20	2.6	2.42	2.62	2.48	54828300
2019-09-23	2.48	2.36	2.48	2.36	53634600
2019-09-24	2.4	2.36	2.44	2.36	29045700
2019-09-25	2.36	2.34	2.4	2.36	22482500
2019-09-26	2.38	2.38	2.48	2.48	61396600
2019-09-27	2.46	2.44	2.54	2.48	59420600
2019-09-30	2.48	2.4	2.5	2.4	32488600
2019-10-01	2.42	2.34	2.44	2.34	28732300
2019-10-02	2.3	2.24	2.32	2.28	35908200
2019-10-03	2.26	2.24	2.3	2.26	21193500
2019-10-04	2.28	2.24	2.3	2.24	15132000
2019-10-07	2.24	2.24	2.32	2.3	23784100
2019-10-08	2.32	2.26	2.34	2.26	19245400
2019-10-09	2.26	2.26	2.32	2.26	20802200
2019-10-10	2.28	2.2	2.3	2.22	28237500
2019-10-11	2.22	2.04	2.24	2.04	89305600
2019-10-15	2.04	1.9	2.04	1.91	108125600
2019-10-16	1.93	1.92	2.08	2.06	114884300
2019-10-17	2.06	2.0	2.14	2.04	90289500
2019-10-18	2.04	2.04	2.16	2.12	106536300
2019-10-21	2.14	2.08	2.14	2.1	35153900
2019-10-22	2.14	2.12	2.4	2.4	157013500
2019-10-24	2.4	2.22	2.44	2.28	117044400
2019-10-25	2.3	2.18	2.38	2.22	84649500
2019-10-28	2.24	2.16	2.32	2.28	110851000
2019-10-29	2.26	2.12	2.3	2.12	90915200
2019-10-30	2.14	2.08	2.18	2.12	65253900
2019-10-31	2.14	2.14	2.22	2.14	60352400
2019-11-01	2.16	2.12	2.16	2.12	34575300
2019-11-04	2.16	2.08	2.18	2.14	43790900
2019-11-05	2.14	2.12	2.22	2.14	30641100
2019-11-06	2.16	2.14	2.32	2.3	104938500
2019-11-07	2.3	2.22	2.3	2.26	64154200
2019-11-08	2.26	2.18	2.34	2.22	121548100
2019-11-11	2.22	2.12	2.26	2.14	55243000
2019-11-12	2.16	2.1	2.18	2.12	35618500
2019-11-13	2.1	2.0	2.1	2.0	93873000
2019-11-14	2.0	1.93	2.02	1.97	95102300
2019-11-15	1.99	1.98	2.06	1.98	71704800
2019-11-18	1.96	1.91	1.98	1.91	57238200
2019-11-19	1.92	1.91	1.96	1.95	43000600
2019-11-20	1.94	1.92	1.98	1.92	41409300
2019-11-21	1.92	1.89	1.94	1.9	27832000
2019-11-22	1.91	1.87	1.93	1.89	41188800
2019-11-25	1.9	1.89	1.96	1.93	55818200
2019-11-26	1.94	1.93	1.99	1.95	72176300
2019-11-27	1.96	1.95	1.98	1.96	22664900
2019-11-28	1.95	1.92	1.97	1.92	18262500
2019-11-29	1.92	1.9	1.93	1.92	13740700
2019-12-02	1.93	1.85	1.93	1.86	32090500
2019-12-03	1.85	1.85	1.89	1.85	19921400
2019-12-04	1.86	1.8	1.87	1.81	17739000
2019-12-06	1.82	1.8	1.84	1.8	13876500
2019-12-09	1.81	1.75	1.82	1.75	25984600
2019-12-11	1.76	1.75	1.79	1.78	19324500
2019-12-12	1.79	1.78	1.84	1.8	29116600
2019-12-13	1.82	1.8	1.84	1.8	18548300
2019-12-16	1.8	1.76	1.8	1.76	10345900
2019-12-17	1.77	1.73	1.78	1.75	12653900
2019-12-18	1.76	1.75	1.79	1.77	9387300
2019-12-19	1.77	1.74	1.8	1.77	20389000
2019-12-20	1.78	1.76	1.79	1.77	11513700
2019-12-23	1.77	1.74	1.78	1.74	8125500
2019-12-24	1.74	1.7	1.75	1.7	16188700
2019-12-25	1.71	1.7	1.72	1.7	6483300
2019-12-26	1.7	1.65	1.71	1.65	23631200
2019-12-27	1.66	1.66	1.7	1.67	24837900
2019-12-30	1.68	1.67	1.7	1.68	12907400
2020-01-02	1.69	1.69	1.85	1.84	92840400
2020-01-03	1.82	1.81	2.08	2.0	251404900
2020-01-06	1.98	1.89	2.02	1.91	133810000
2020-01-07	1.94	1.93	2.1	2.04	228527100
2020-01-08	1.98	1.98	2.08	2.0	99072800
2020-01-09	2.08	2.08	2.5	2.46	622858500
2020-01-10	2.5	2.42	2.62	2.46	480581500
2020-01-13	2.52	2.44	2.9	2.88	666526600
2020-01-14	2.92	2.72	3.06	2.84	795534900
2020-01-15	2.84	2.78	3.02	2.98	392697400
2020-01-16	3.04	2.82	3.12	2.84	676652200
2020-01-17	2.88	2.6	2.9	2.7	385337500
2020-01-20	2.66	2.62	2.84	2.82	270166600
2020-01-21	2.8	2.62	2.84	2.62	223936800
2020-01-22	2.68	2.6	2.74	2.66	193840700
2020-01-23	2.68	2.56	2.68	2.56	146042200
2020-01-24	2.56	2.36	2.58	2.36	203907400
2020-01-27	2.22	2.1	2.28	2.18	245734400
2020-01-28	2.18	2.16	2.34	2.22	258692200
2020-01-29	2.26	2.18	2.32	2.26	164562300
2020-01-30	2.2	2.2	2.28	2.24	103665500
2020-01-31	2.3	2.22	2.34	2.26	165853700
2020-02-03	2.24	2.16	2.3	2.16	111873500
2020-02-04	2.22	2.14	2.28	2.28	136902900
2020-02-05	2.32	2.28	2.64	2.64	720894700
2020-02-06	2.64	2.56	2.78	2.7	367257000
2020-02-07	2.68	2.62	2.76	2.64	212399600
2020-02-11	2.66	2.5	2.68	2.52	153855800
2020-02-12	2.56	2.54	2.66	2.66	169127100
2020-02-13	2.66	2.58	2.68	2.62	120642300
2020-02-14	2.6	2.52	2.84	2.6	700274800
2020-02-17	2.66	2.58	2.68	2.66	221493600
2020-02-18	2.64	2.58	2.64	2.58	119060100
2020-02-19	2.6	2.58	2.7	2.6	189314000
2020-02-20	2.62	2.46	2.62	2.48	185664400
2020-02-21	2.42	2.36	2.48	2.36	150873100
2020-02-24	2.26	2.14	2.34	2.14	126313500
2020-02-25	2.18	2.16	2.36	2.24	230122700
2020-02-26	2.18	1.99	2.24	2.02	189204800
2020-02-27	2.06	2.02	2.16	2.12	190990600
2020-02-28	2.02	1.88	2.02	1.9	182998800
2020-03-02	1.98	1.87	2.0	1.94	135833800
2020-03-03	2.02	1.99	2.08	2.02	158860800
2020-03-04	1.99	1.98	2.1	2.08	94926700
2020-03-05	2.14	2.04	2.18	2.04	134976700
2020-03-06	2.02	1.99	2.08	2.06	110634600
2020-03-09	1.91	1.89	2.0	1.92	173231100
2020-03-10	1.97	1.96	2.06	2.02	103355900
2020-03-11	2.04	1.94	2.06	1.94	85302500
2020-03-12	1.89	1.64	1.92	1.64	107774300
2020-03-13	1.38	1.27	1.72	1.56	147862300
2020-03-16	1.5	1.4	1.59	1.4	60860300
2020-03-17	1.42	1.33	1.46	1.34	60572000
2020-03-18	1.37	1.31	1.51	1.31	221740500
2020-03-19	1.29	1.25	1.34	1.32	102317300
2020-03-20	1.38	1.36	1.47	1.42	228862000
2020-03-23	1.29	1.21	1.32	1.21	100534400
2020-03-24	1.26	1.09	1.27	1.12	82852600
2020-03-25	1.16	1.14	1.21	1.16	118855000
2020-03-26	1.18	1.17	1.31	1.22	191622700
2020-03-27	1.25	1.21	1.28	1.22	69779500
2020-03-30	1.2	1.17	1.22	1.21	34942500
2020-03-31	1.25	1.24	1.3	1.28	97114900
2020-04-01	1.27	1.27	1.37	1.3	140939800
2020-04-02	1.32	1.3	1.38	1.35	133937300
2020-04-03	1.37	1.31	1.39	1.32	75854200
2020-04-07	1.37	1.35	1.49	1.48	153874000
2020-04-08	1.47	1.44	1.6	1.45	300323300
2020-04-09	1.48	1.46	1.55	1.49	145832500
2020-04-10	1.47	1.46	1.51	1.49	50603400
2020-04-13	1.51	1.46	1.57	1.55	99575200
2020-04-14	1.59	1.52	1.61	1.57	125566700
2020-04-15	1.57	1.55	1.73	1.59	358814900
2020-04-16	1.6	1.55	1.65	1.56	178262100
2020-04-17	1.62	1.58	1.64	1.59	112943200
2020-04-20	1.59	1.59	1.64	1.63	80928200
2020-04-21	1.61	1.6	1.67	1.62	160537100
2020-04-22	1.63	1.59	1.64	1.64	77928600
2020-04-23	1.63	1.59	1.65	1.61	100152900
2020-04-24	1.62	1.61	1.68	1.62	158966700
2020-04-27	1.65	1.63	1.86	1.86	551408700
2020-04-28	1.93	1.76	1.98	1.8	685877200
2020-04-29	1.83	1.8	1.85	1.81	150092300
2020-04-30	1.84	1.81	1.87	1.81	205526400
2020-05-05	1.79	1.76	1.83	1.78	118858100
2020-05-07	1.78	1.7	1.8	1.72	104907300
2020-05-08	1.73	1.73	1.8	1.79	123780100
2020-05-11	1.8	1.75	1.82	1.76	126612700
2020-05-12	1.76	1.76	1.84	1.8	177837300
2020-05-13	1.79	1.77	1.82	1.78	84367200
2020-05-14	1.78	1.77	1.83	1.79	103766900
2020-05-15	1.7	1.7	1.75	1.71	95394600
2020-05-18	1.73	1.7	1.74	1.7	59236800
2020-05-19	1.72	1.71	1.76	1.72	72470400
2020-05-20	1.73	1.72	1.79	1.78	122911100
2020-05-21	1.8	1.73	1.81	1.74	89998100
2020-05-22	1.75	1.73	1.83	1.81	207120000
2020-05-25	1.84	1.81	1.95	1.95	324013500
2020-05-26	1.95	1.91	1.96	1.92	209278300
2020-05-27	1.91	1.89	1.98	1.98	288870700
2020-05-28	2.02	1.9	2.06	1.9	324894600
2020-05-29	1.88	1.75	1.9	1.75	234623900
2020-06-01	1.76	1.69	1.79	1.76	74685200
2020-06-02	1.78	1.73	1.78	1.76	23861600
2020-06-04	1.77	1.74	1.78	1.77	39976700
2020-06-05	1.77	1.74	1.81	1.8	31695800
2020-06-08	1.81	1.79	1.84	1.8	37854800
2020-06-09	1.8	1.71	1.83	1.72	40274100
2020-06-10	1.73	1.72	1.75	1.74	15947200
2020-06-11	1.72	1.63	1.74	1.69	52009900
2020-06-12	1.59	1.56	1.65	1.63	33555000
2020-06-15	1.61	1.52	1.63	1.52	30323900
2020-06-16	1.58	1.53	1.58	1.53	14987000
2020-06-17	1.54	1.51	1.61	1.6	17681300
2020-06-18	1.59	1.56	1.61	1.6	12698900
2020-06-19	1.61	1.57	1.61	1.57	14288200
2020-06-22	1.57	1.48	1.57	1.51	32916200
2020-06-23	1.53	1.52	1.54	1.53	12503800
2020-06-24	1.53	1.5	1.56	1.51	11070200
2020-06-25	1.48	1.46	1.5	1.49	10490100
2020-06-26	1.49	1.46	1.54	1.51	15246600
2020-06-29	1.5	1.48	1.53	1.51	12590900
2020-06-30	1.52	1.51	1.56	1.54	20189300
2020-07-01	1.54	1.53	1.61	1.61	43761400
2020-07-02	1.61	1.61	1.65	1.63	26572100
2020-07-03	1.64	1.61	1.64	1.63	13770700
2020-07-07	1.64	1.62	1.67	1.64	22843600
2020-07-08	1.64	1.64	1.71	1.69	47077300
2020-07-09	1.7	1.68	1.73	1.7	29465900
2020-07-10	1.69	1.65	1.73	1.73	45927300
2020-07-13	1.79	1.64	1.8	1.67	140959800
2020-07-14	1.64	1.59	1.65	1.62	53005700
2020-07-15	1.64	1.62	1.67	1.62	65745800
2020-07-16	1.62	1.6	1.63	1.6	27170300
2020-07-17	1.62	1.6	1.63	1.6	9902500
2020-07-20	1.6	1.6	1.65	1.62	32778000
2020-07-21	1.63	1.62	1.66	1.64	41246700
2020-07-22	1.65	1.58	1.66	1.58	31199000
2020-07-23	1.58	1.58	1.62	1.59	27972400
2020-07-24	1.59	1.54	1.59	1.56	24988200
2020-07-29	1.56	1.47	1.57	1.48	49863700
2020-07-30	1.49	1.42	1.51	1.43	24457200
2020-07-31	1.38	1.36	1.41	1.4	21881800
2020-08-03	1.4	1.4	1.48	1.46	33706100
2020-08-04	1.48	1.45	1.49	1.46	15967400
2020-08-05	1.47	1.45	1.49	1.45	14653400
2020-08-06	1.46	1.46	1.53	1.49	46994800
2020-08-07	1.5	1.46	1.5	1.47	12113900
2020-08-10	1.47	1.46	1.48	1.46	6925700
2020-08-11	1.48	1.46	1.52	1.48	33121000
2020-08-13	1.5	1.48	1.55	1.5	46883100
2020-08-14	1.49	1.45	1.49	1.45	20681800
2020-08-17	1.46	1.39	1.47	1.42	18594500
2020-08-18	1.41	1.36	1.43	1.38	22638600
2020-08-19	1.39	1.32	1.4	1.34	17958800
2020-08-20	1.33	1.33	1.35	1.34	9015000
2020-08-21	1.35	1.32	1.37	1.33	6724200
2020-08-24	1.34	1.33	1.41	1.4	36591200
2020-08-25	1.4	1.36	1.41	1.37	13713100
2020-08-26	1.37	1.37	1.44	1.43	42359000
2020-08-27	1.42	1.41	1.46	1.42	25955200
2020-08-28	1.44	1.4	1.45	1.41	10609400
2020-08-31	1.42	1.38	1.43	1.38	8500200
2020-09-01	1.39	1.36	1.41	1.37	15329400
2020-09-02	1.38	1.35	1.39	1.38	7750200
2020-09-03	1.38	1.36	1.41	1.37	30273800
2020-09-08	1.36	1.33	1.36	1.33	12807900
2020-09-09	1.33	1.31	1.36	1.33	13656900
2020-09-10	1.34	1.32	1.35	1.32	7957500
2020-09-11	1.32	1.31	1.33	1.32	8394000
2020-09-14	1.32	1.28	1.33	1.28	18424000
2020-09-15	1.28	1.28	1.3	1.29	12107600
2020-09-16	1.29	1.26	1.29	1.26	16508700
2020-09-17	1.27	1.21	1.27	1.23	18380200
2020-09-18	1.23	1.21	1.25	1.21	12103700
2020-09-21	1.22	1.21	1.26	1.22	34920000
2020-09-22	1.22	1.16	1.23	1.18	23707000
2020-09-23	1.2	1.16	1.2	1.17	15264800
2020-09-24	1.15	1.13	1.16	1.14	20472300
2020-09-25	1.15	1.13	1.16	1.14	8671900
2020-09-28	1.15	1.14	1.18	1.15	19815100
2020-09-29	1.16	1.15	1.32	1.32	113997200
2020-09-30	1.41	1.41	1.51	1.49	373992700
2020-10-01	1.5	1.34	1.5	1.37	164445400
2020-10-02	1.37	1.37	1.56	1.46	486689500
2020-10-05	1.47	1.44	1.6	1.6	268499300
2020-10-06	1.59	1.52	1.63	1.53	291310800
2020-10-07	1.52	1.51	1.56	1.51	120898800
2020-10-08	1.52	1.45	1.55	1.45	108866300
2020-10-09	1.47	1.41	1.48	1.42	45983000
2020-10-12	1.39	1.35	1.4	1.38	22661900
2020-10-14	1.4	1.37	1.43	1.4	15503000
2020-10-15	1.4	1.34	1.42	1.34	11579200
2020-10-16	1.32	1.26	1.34	1.31	15726100
2020-10-19	1.29	1.24	1.29	1.27	10320900
2020-10-20	1.26	1.26	1.3	1.27	7167600
2020-10-21	1.27	1.27	1.3	1.28	4275200
2020-10-22	1.29	1.24	1.29	1.25	7013200
2020-10-26	1.25	1.24	1.28	1.25	4241000
2020-10-27	1.25	1.24	1.26	1.25	3217500
2020-10-28	1.26	1.25	1.29	1.28	7408700
2020-10-29	1.27	1.25	1.28	1.25	4325400
2020-10-30	1.25	1.21	1.26	1.23	7051400
2020-11-02	1.23	1.2	1.24	1.23	6752200
2020-11-03	1.24	1.23	1.27	1.26	6120900
2020-11-04	1.26	1.21	1.27	1.24	5922100
2020-11-05	1.26	1.25	1.29	1.29	11787300
2020-11-06	1.3	1.24	1.31	1.26	12013200
2020-11-09	1.27	1.25	1.3	1.3	10364100
2020-11-10	1.32	1.31	1.37	1.35	22921500
2020-11-11	1.35	1.3	1.35	1.33	9155500
2020-11-12	1.32	1.31	1.36	1.35	8565700
2020-11-13	1.31	1.3	1.35	1.34	8214300
2020-11-16	1.35	1.35	1.39	1.37	15596700
2020-11-17	1.38	1.35	1.41	1.36	23450700
2020-11-18	1.36	1.34	1.37	1.36	6689200
2020-11-19	1.36	1.36	1.47	1.46	41212100
2020-11-20	1.45	1.45	1.51	1.51	41126000
2020-11-23	1.52	1.47	1.53	1.49	51850300
2020-11-24	1.5	1.41	1.52	1.41	37760800
2020-11-25	1.45	1.42	1.48	1.44	31046900
2020-11-26	1.47	1.45	1.63	1.61	225221400
2020-11-27	1.6	1.57	1.66	1.58	157891100
2020-11-30	1.56	1.53	1.58	1.54	40699500
2020-12-01	1.56	1.55	1.63	1.59	115904100
2020-12-02	1.58	1.55	1.6	1.55	46882000
2020-12-03	1.59	1.58	1.68	1.65	226941200
2020-12-04	1.65	1.63	1.67	1.65	66444700
2020-12-08	1.65	1.62	1.72	1.69	166323100
2020-12-09	1.73	1.67	1.76	1.68	144392100
2020-12-14	1.69	1.68	1.73	1.68	52271200
2020-12-15	1.68	1.67	1.8	1.78	220915600
2020-12-16	1.8	1.78	1.82	1.79	92986200
2020-12-17	1.8	1.75	1.8	1.77	55127500
2020-12-18	1.79	1.78	1.88	1.84	187000000
2020-12-21	1.73	1.58	1.74	1.61	169735100
2020-12-22	1.63	1.6	1.66	1.63	87337900
2020-12-23	1.63	1.61	1.67	1.61	76142900
2020-12-24	1.62	1.55	1.62	1.59	77923400
2020-12-25	1.6	1.6	1.64	1.6	54629400
2020-12-28	1.61	1.57	1.65	1.57	70492600
2020-12-29	1.59	1.57	1.62	1.6	47856800
2020-12-30	1.6	1.57	1.61	1.58	18886300
2021-01-04	1.56	1.52	1.57	1.57	23350200
2021-01-05	1.57	1.56	1.64	1.63	83318900
2021-01-06	1.63	1.62	1.72	1.66	131966600
2021-01-07	1.69	1.66	1.71	1.67	36342200
2021-01-08	1.69	1.63	1.69	1.63	50713200
2021-01-11	1.63	1.62	1.68	1.65	76356100
2021-01-12	1.67	1.65	1.69	1.66	44492400
2021-01-13	1.67	1.62	1.67	1.63	44443100
2021-01-14	1.64	1.62	1.66	1.63	26198300
2021-01-15	1.64	1.62	1.64	1.64	12343800
2021-01-18	1.64	1.6	1.64	1.63	15029100
2021-01-19	1.64	1.61	1.64	1.61	16554400
2021-01-20	1.64	1.61	1.7	1.66	116385100
2021-01-21	1.68	1.67	1.78	1.77	307394500
2021-01-22	1.77	1.72	1.8	1.72	201375300
2021-01-25	1.74	1.74	1.84	1.83	277013300
2021-01-26	1.81	1.78	1.83	1.8	87177200
2021-01-27	1.81	1.73	1.84	1.75	150111100
2021-01-28	1.74	1.69	1.76	1.69	61619400
2021-01-29	1.72	1.7	1.77	1.73	95744800
2021-02-01	1.77	1.71	1.78	1.72	70852300
2021-02-02	1.73	1.7	1.75	1.72	45870700
2021-02-03	1.73	1.69	1.73	1.69	34066700
2021-02-04	1.7	1.68	1.75	1.74	75641400
2021-02-05	1.75	1.71	1.77	1.72	47130300
2021-02-08	1.73	1.72	1.78	1.76	58835600
2021-02-09	1.78	1.75	1.82	1.75	138517700
2021-02-10	1.76	1.74	1.77	1.74	31294500
2021-02-11	1.75	1.72	1.75	1.74	25221000
2021-02-15	1.74	1.69	1.75	1.7	52551600
2021-02-16	1.71	1.7	1.75	1.71	38189500
2021-02-17	1.71	1.71	1.75	1.72	58904200
2021-02-18	1.72	1.69	1.74	1.7	34177100
2021-02-19	1.72	1.7	1.75	1.7	78457200
2021-02-22	1.71	1.62	1.71	1.62	50527400
2021-02-23	1.64	1.62	1.66	1.62	27134800
2021-02-24	1.64	1.62	1.66	1.64	25559500
2021-02-25	1.69	1.67	1.78	1.75	212918000
2021-03-01	1.78	1.76	1.95	1.86	758158700
2021-03-02	1.92	1.83	1.93	1.85	204239700
2021-03-03	1.85	1.78	1.85	1.83	157819200
2021-03-04	1.83	1.82	1.88	1.82	102947500
2021-03-05	1.84	1.82	1.88	1.84	87806200
2021-03-08	1.84	1.78	1.86	1.79	33951200
2021-03-09	1.79	1.72	1.8	1.78	36419600
2021-03-10	1.79	1.76	1.82	1.82	28076400
2021-03-11	1.83	1.8	1.84	1.83	21901700
2021-03-12	1.84	1.8	1.85	1.83	18853800
2021-03-15	1.83	1.8	1.83	1.81	11743500
2021-03-16	1.81	1.78	1.82	1.81	17533700
2021-03-17	1.88	1.85	1.89	1.89	98616800
2021-03-18	1.9	1.86	1.91	1.87	40708300
2021-03-19	1.85	1.79	1.86	1.79	93391400
2021-03-22	1.81	1.79	1.83	1.82	23630900
2021-03-23	1.82	1.8	1.84	1.82	22978900
2021-03-24	1.8	1.79	1.82	1.8	15598800
2021-03-25	1.8	1.79	1.83	1.8	18293100
2021-03-26	1.8	1.75	1.81	1.79	32896100
2021-03-29	1.8	1.75	1.81	1.8	17436400
2021-03-30	1.79	1.77	1.81	1.78	22645400
2021-03-31	1.79	1.77	1.83	1.82	40608000
2021-04-01	1.82	1.8	1.83	1.81	15391800
2021-04-02	1.82	1.8	1.83	1.81	24996000
2021-04-05	1.81	1.76	1.81	1.77	25099900
2021-04-07	1.73	1.68	1.73	1.68	51936900
2021-04-08	1.66	1.64	1.72	1.71	34756000
2021-04-09	1.71	1.69	1.72	1.72	15303900
2021-04-12	1.71	1.66	1.71	1.67	20002900
2021-04-16	1.65	1.58	1.65	1.63	38990000
2021-04-19	1.65	1.65	1.75	1.73	67210200
2021-04-20	1.73	1.71	1.75	1.72	38489900
2021-04-21	1.72	1.72	1.77	1.75	48482300
2021-04-22	1.75	1.74	1.78	1.75	50093000
2021-04-23	1.75	1.71	1.75	1.71	20334700
2021-04-26	1.69	1.68	1.72	1.71	23111600
2021-04-27	1.71	1.7	1.75	1.7	29940300
2021-04-28	1.7	1.7	1.74	1.73	29830800
2021-04-29	1.73	1.73	1.76	1.74	43056300
2021-04-30	1.74	1.71	1.75	1.72	20752000
2021-05-05	1.69	1.66	1.71	1.68	32885900
2021-05-06	1.68	1.67	1.71	1.71	24330000
2021-05-07	1.71	1.69	1.72	1.71	26014600
2021-05-10	1.71	1.7	1.74	1.72	22224500
2021-05-11	1.71	1.67	1.73	1.7	23121100
2021-05-12	1.69	1.67	1.7	1.69	16162600
2021-05-13	1.67	1.53	1.68	1.63	49385300
2021-05-14	1.65	1.57	1.65	1.63	28120300
2021-05-17	1.61	1.57	1.63	1.63	19567600
2021-05-18	1.63	1.62	1.68	1.67	54415200
2021-05-19	1.66	1.64	1.69	1.65	33822300
2021-05-20	1.65	1.62	1.66	1.64	21204400
2021-05-21	1.65	1.63	1.66	1.66	19629200
2021-05-24	1.66	1.65	1.83	1.76	383729400
2021-05-25	1.75	1.71	1.75	1.72	85624600
2021-05-27	1.73	1.72	1.76	1.73	102502200
2021-05-28	1.74	1.7	1.75	1.72	32004200
2021-05-31	1.72	1.7	1.73	1.72	17254200
2021-06-01	1.71	1.71	1.79	1.76	122602600
2021-06-02	1.77	1.75	1.81	1.8	90044800
2021-06-04	1.79	1.74	1.8	1.75	79592100
2021-06-07	1.77	1.75	1.86	1.79	225510500
2021-06-08	1.8	1.78	1.83	1.81	84743300
2021-06-09	1.81	1.81	1.98	1.92	438885500
2021-06-10	1.9	1.88	1.93	1.88	135510100
2021-06-11	1.9	1.84	1.92	1.86	110478400
2021-06-14	1.83	1.75	1.84	1.77	64121600
2021-06-15	1.77	1.74	1.77	1.75	25899400
2021-06-16	1.76	1.74	1.77	1.77	9591500
2021-06-17	1.76	1.75	1.8	1.75	32629600
2021-06-18	1.75	1.73	1.76	1.73	14732600
2021-06-21	1.68	1.66	1.71	1.71	27990400
2021-06-22	1.71	1.7	1.76	1.71	25891500
2021-06-23	1.72	1.7	1.73	1.7	9471400
2021-06-24	1.69	1.66	1.7	1.69	13848400
2021-06-25	1.68	1.67	1.71	1.68	7557400
2021-06-28	1.66	1.64	1.67	1.67	4966200
2021-06-29	1.66	1.66	1.69	1.68	6355800
2021-06-30	1.68	1.68	1.7	1.7	2676200
2021-07-01	1.69	1.68	1.72	1.71	6002900
2021-07-02	1.7	1.67	1.71	1.68	7195200
2021-07-05	1.67	1.65	1.68	1.66	5414900
2021-07-06	1.67	1.67	1.7	1.69	9496200
2021-07-07	1.69	1.64	1.69	1.65	10878400
2021-07-08	1.62	1.52	1.63	1.52	34761100
2021-07-09	1.48	1.47	1.55	1.54	17984500
2021-07-12	1.57	1.5	1.57	1.51	8943200
2021-07-13	1.51	1.51	1.56	1.55	5261000
2021-07-14	1.53	1.53	1.56	1.55	3719500
2021-07-15	1.56	1.56	1.61	1.58	13913500
2021-07-16	1.58	1.55	1.6	1.56	9147300
2021-07-19	1.52	1.52	1.55	1.55	6085300
2021-07-20	1.53	1.5	1.55	1.51	10899100
2021-07-21	1.51	1.49	1.53	1.51	8576200
2021-07-22	1.52	1.5	1.53	1.52	10716500
2021-07-23	1.52	1.5	1.55	1.51	27480700
2021-07-27	1.52	1.52	1.56	1.54	59725100
2021-07-29	1.55	1.52	1.57	1.52	21234100
2021-07-30	1.52	1.48	1.53	1.49	21604000
2021-08-02	1.46	1.43	1.48	1.43	27047700
2021-08-03	1.43	1.42	1.48	1.46	18257700
2021-08-04	1.46	1.44	1.48	1.46	15176400
2021-08-05	1.47	1.45	1.5	1.48	24855700
2021-08-06	1.48	1.44	1.49	1.46	15877000
2021-08-09	1.46	1.45	1.48	1.46	9569300
2021-08-10	1.46	1.45	1.5	1.48	31860000
2021-08-11	1.49	1.45	1.49	1.46	9728000
2021-08-13	1.47	1.39	1.48	1.4	53992400
2021-08-16	1.4	1.34	1.4	1.35	19698500
2021-08-17	1.36	1.35	1.4	1.38	10556400
2021-08-18	1.39	1.38	1.42	1.4	12578400
2021-08-19	1.4	1.38	1.41	1.41	6858500
2021-08-20	1.42	1.41	1.46	1.43	47627500
2021-08-23	1.44	1.44	1.47	1.45	30184800
2021-08-24	1.46	1.46	1.5	1.47	28776800
2021-08-25	1.48	1.48	1.51	1.5	32456700
2021-08-26	1.52	1.49	1.52	1.51	15763000
2021-08-27	1.51	1.5	1.52	1.51	13540600
2021-08-30	1.52	1.52	1.56	1.53	35427600
2021-08-31	1.54	1.53	1.57	1.53	35442300
2021-09-01	1.54	1.51	1.55	1.52	20212500
2021-09-02	1.53	1.52	1.57	1.54	52332200
2021-09-03	1.55	1.52	1.55	1.54	12923200
2021-09-06	1.54	1.53	1.63	1.61	97122200
2021-09-07	1.61	1.55	1.61	1.55	34819000
2021-09-08	1.55	1.55	1.59	1.57	22798100
2021-09-09	1.56	1.54	1.58	1.55	12338000
2021-09-10	1.56	1.53	1.57	1.55	11824900
2021-09-13	1.56	1.53	1.57	1.55	8635400
2021-09-14	1.56	1.54	1.6	1.57	31676900
2021-09-15	1.57	1.54	1.57	1.55	13945600
2021-09-16	1.56	1.55	1.59	1.56	26729000
2021-09-17	1.57	1.54	1.57	1.54	10634400
2021-09-20	1.54	1.5	1.58	1.51	39960100
2021-09-21	1.52	1.47	1.52	1.5	27822800
2021-09-22	1.5	1.49	1.52	1.52	13512700
2021-09-23	1.52	1.5	1.53	1.51	10231900
2021-09-27	1.51	1.47	1.52	1.49	18463900
2021-09-28	1.49	1.48	1.51	1.48	11293900
2021-09-29	1.48	1.46	1.48	1.48	14095300
2021-09-30	1.48	1.45	1.48	1.46	8503200
2021-10-01	1.46	1.44	1.47	1.45	6081500
2021-10-04	1.45	1.45	1.49	1.48	8696200
2021-10-05	1.48	1.47	1.48	1.48	4608700
2021-10-06	1.48	1.47	1.51	1.49	10090000
2021-10-07	1.49	1.49	1.51	1.5	6656300
2021-10-08	1.51	1.49	1.51	1.5	4111200
2021-10-11	1.51	1.49	1.51	1.49	5913500
2021-10-12	1.5	1.5	1.81	1.69	752268900
2021-10-14	1.7	1.66	1.74	1.66	107063000
2021-10-15	1.67	1.62	1.69	1.62	62647700
2021-10-18	1.64	1.64	1.71	1.7	83577600
2021-10-19	1.68	1.64	1.69	1.64	42039900
2021-10-20	1.64	1.63	1.67	1.66	18130000
2021-10-21	1.66	1.66	1.75	1.67	211386800
2021-10-25	1.67	1.67	1.73	1.7	81474000
2021-10-26	1.71	1.68	1.72	1.69	37748500
2021-10-27	1.68	1.66	1.7	1.67	25507000
2021-10-28	1.68	1.65	1.75	1.71	126411400
2021-10-29	1.7	1.66	1.71	1.66	49972500
2021-11-01	1.67	1.63	1.7	1.63	68508200
2021-11-02	1.64	1.56	1.64	1.56	50941000
2021-11-03	1.55	1.54	1.59	1.54	24312100
2021-11-04	1.54	1.54	1.59	1.58	13906400
2021-11-05	1.58	1.56	1.59	1.58	6037100
2021-11-08	1.59	1.56	1.6	1.58	9153300
2021-11-09	1.58	1.57	1.62	1.59	25533400
2021-11-10	1.6	1.58	1.6	1.58	8215100
2021-11-11	1.59	1.57	1.62	1.6	17136000
2021-11-12	1.6	1.58	1.61	1.6	6189600
2021-11-15	1.61	1.57	1.61	1.59	9191800
2021-11-16	1.58	1.58	1.63	1.59	25457100
2021-11-17	1.59	1.57	1.62	1.59	20090500
2021-11-18	1.59	1.59	1.63	1.61	23422200
2021-11-19	1.62	1.59	1.63	1.61	20057300
2021-11-22	1.61	1.61	1.64	1.64	25873900
2021-11-23	1.65	1.65	1.74	1.68	364456800
2021-11-24	1.69	1.65	1.72	1.67	84254100
2021-11-25	1.67	1.65	1.68	1.66	19597300
2021-11-26	1.65	1.58	1.67	1.58	59732700
2021-11-29	1.55	1.53	1.58	1.53	32887200
2021-11-30	1.54	1.5	1.57	1.5	19863400
2021-12-01	1.51	1.5	1.54	1.53	10963300
2021-12-02	1.52	1.51	1.53	1.53	5399800
2021-12-03	1.54	1.53	1.57	1.54	21667400
2021-12-07	1.55	1.54	1.58	1.57	13632100
2021-12-08	1.58	1.56	1.59	1.57	11610000
2021-12-09	1.58	1.56	1.59	1.56	14058800
2021-12-13	1.57	1.56	1.58	1.57	6631200
2021-12-14	1.57	1.57	1.6	1.6	9798800
2021-12-15	1.6	1.58	1.61	1.58	8207600
2021-12-16	1.59	1.58	1.6	1.59	6992200
2021-12-17	1.59	1.57	1.6	1.57	7765500
2021-12-20	1.57	1.52	1.58	1.55	16111900
2021-12-21	1.55	1.53	1.56	1.53	5570100
2021-12-22	1.54	1.53	1.55	1.54	4207600
2021-12-23	1.55	1.54	1.56	1.54	3850800
2021-12-24	1.54	1.53	1.55	1.53	3948300
2021-12-27	1.54	1.52	1.55	1.52	3729800
2021-12-28	1.52	1.52	1.56	1.54	9205800
2021-12-29	1.55	1.52	1.57	1.54	17380700
2021-12-30	1.53	1.53	1.55	1.54	4007400
2022-01-04	1.54	1.54	1.57	1.56	10980600
2022-01-05	1.56	1.55	1.59	1.58	23397100
2022-01-06	1.57	1.55	1.58	1.56	9066300
2022-01-07	1.55	1.54	1.57	1.54	8197800
2022-01-10	1.55	1.53	1.55	1.54	5143500
2022-01-11	1.55	1.54	1.57	1.56	11526900
2022-01-12	1.57	1.56	1.6	1.56	24808900
2022-01-13	1.57	1.56	1.58	1.57	13759300
2022-01-14	1.56	1.56	1.64	1.61	101603200
2022-01-17	1.62	1.6	1.63	1.61	29504600
2022-01-18	1.62	1.57	1.63	1.57	16926400
2022-01-19	1.57	1.55	1.58	1.56	8308000
2022-01-20	1.57	1.55	1.57	1.55	7354800
2022-01-21	1.55	1.54	1.57	1.55	11599400
2022-01-24	1.55	1.53	1.56	1.53	8419100
2022-01-25	1.52	1.51	1.54	1.52	9174300
2022-01-26	1.53	1.52	1.55	1.54	4853600
2022-01-27	1.54	1.5	1.54	1.51	10358900
2022-01-28	1.51	1.51	1.54	1.52	3763500
2022-01-31	1.53	1.53	1.55	1.54	3147000
2022-02-01	1.54	1.54	1.58	1.56	21448700
2022-02-02	1.56	1.56	1.6	1.57	14203900
2022-02-03	1.58	1.55	1.59	1.55	12989900
2022-02-04	1.55	1.54	1.56	1.56	5240400
2022-02-07	1.55	1.54	1.56	1.55	5113600
2022-02-08	1.55	1.54	1.56	1.54	4990600
2022-02-09	1.55	1.53	1.56	1.54	5951300
2022-02-10	1.54	1.53	1.56	1.53	5463900
2022-02-11	1.54	1.52	1.54	1.52	5959200
2022-02-14	1.52	1.5	1.53	1.5	10815200
2022-02-15	1.51	1.5	1.53	1.53	5871800
2022-02-17	1.53	1.52	1.57	1.56	17127100
2022-02-18	1.56	1.55	1.58	1.56	20138600
2022-02-21	1.56	1.52	1.56	1.52	13059400
2022-02-22	1.51	1.5	1.53	1.51	8848800
2022-02-23	1.52	1.51	1.53	1.52	3094400
2022-02-24	1.52	1.47	1.52	1.48	22504700
2022-02-25	1.49	1.49	1.54	1.52	18170700
2022-02-28	1.52	1.49	1.52	1.5	8160100
2022-03-01	1.51	1.5	1.52	1.51	6413900
2022-03-02	1.51	1.49	1.51	1.49	7288700
2022-03-03	1.5	1.49	1.51	1.5	5003800
2022-03-04	1.51	1.48	1.53	1.49	16604300
2022-03-07	1.47	1.38	1.48	1.38	21017300
2022-03-08	1.38	1.36	1.41	1.38	9059300
2022-03-09	1.41	1.39	1.42	1.41	6572900
2022-03-10	1.44	1.42	1.45	1.43	5140100
2022-03-11	1.43	1.41	1.44	1.43	3276200
2022-03-14	1.43	1.41	1.44	1.42	4482700
2022-03-15	1.43	1.41	1.43	1.42	3774200
2022-03-16	1.42	1.41	1.43	1.42	2920500
2022-03-17	1.43	1.43	1.45	1.43	2444300
2022-03-18	1.43	1.43	1.47	1.45	8815100
2022-03-21	1.45	1.45	1.48	1.45	6433500
2022-03-22	1.45	1.44	1.46	1.45	4148200
2022-03-23	1.46	1.44	1.46	1.45	1716000
2022-03-24	1.45	1.44	1.48	1.45	7165900
2022-03-25	1.45	1.45	1.48	1.46	12592300
2022-03-28	1.47	1.46	1.5	1.49	16185100
2022-03-29	1.5	1.49	1.53	1.51	23239800
2022-03-30	1.54	1.51	1.56	1.51	20704000
2022-03-31	1.52	1.49	1.53	1.5	11354900
2022-04-01	1.5	1.48	1.5	1.49	6602700
2022-04-04	1.49	1.48	1.53	1.51	16330800
2022-04-05	1.52	1.49	1.52	1.5	6132400
2022-04-07	1.49	1.46	1.58	1.52	88016000
2022-04-08	1.51	1.5	1.53	1.5	22913200
2022-04-11	1.5	1.43	1.5	1.44	17559900
2022-04-12	1.43	1.42	1.47	1.45	9489100
2022-04-18	1.45	1.44	1.46	1.44	4359200
2022-04-19	1.44	1.44	1.48	1.45	7354600
2022-04-20	1.47	1.46	1.52	1.5	30029500
2022-04-21	1.51	1.49	1.52	1.5	11059500
2022-04-22	1.49	1.49	1.53	1.5	21453200
2022-04-25	1.49	1.47	1.52	1.49	13960100
2022-04-26	1.49	1.48	1.52	1.49	8328600
2022-04-27	1.48	1.45	1.49	1.46	7571400
2022-04-28	1.46	1.45	1.47	1.47	3597000
2022-04-29	1.47	1.46	1.48	1.47	3031700
2022-05-03	1.46	1.44	1.47	1.44	5114600
2022-05-05	1.45	1.44	1.47	1.44	2990100
2022-05-06	1.43	1.39	1.43	1.39	14597300
2022-05-09	1.38	1.37	1.39	1.37	6688200
2022-05-10	1.35	1.34	1.37	1.37	8044800
2022-05-11	1.38	1.35	1.39	1.37	3170700
2022-05-12	1.36	1.31	1.37	1.31	9076700
2022-05-13	1.32	1.31	1.35	1.32	4055900
2022-05-17	1.32	1.32	1.38	1.36	6318500
2022-05-18	1.37	1.37	1.4	1.4	5380400
2022-05-19	1.36	1.36	1.39	1.37	3065100
2022-05-20	1.37	1.37	1.39	1.38	3905500
2022-05-23	1.39	1.38	1.41	1.39	4642900
2022-05-24	1.4	1.37	1.4	1.39	4521900
2022-05-25	1.4	1.38	1.42	1.39	7266400
2022-05-26	1.39	1.39	1.41	1.4	5249300
2022-05-27	1.42	1.4	1.42	1.41	3736200
2022-05-30	1.41	1.41	1.44	1.44	7773000
2022-05-31	1.43	1.42	1.44	1.42	2579100
2022-06-01	1.42	1.42	1.47	1.44	8700300
2022-06-02	1.44	1.42	1.45	1.42	3629700
2022-06-06	1.43	1.41	1.45	1.44	3699700
2022-06-07	1.44	1.43	1.45	1.43	4163600
2022-06-08	1.45	1.43	1.46	1.44	5305900
2022-06-09	1.45	1.44	1.46	1.44	2490700
2022-06-10	1.44	1.43	1.45	1.43	2757400
2022-06-13	1.41	1.37	1.41	1.38	9129800
2022-06-14	1.35	1.35	1.38	1.37	4020100
2022-06-15	1.37	1.35	1.38	1.36	3494700
2022-06-16	1.37	1.31	1.39	1.33	14716200
2022-06-17	1.33	1.29	1.33	1.32	6800500
2022-06-20	1.33	1.29	1.33	1.31	8671000
2022-06-21	1.31	1.28	1.32	1.29	7796300
2022-06-22	1.3	1.28	1.3	1.29	2681800
2022-06-23	1.29	1.28	1.3	1.29	4851900
2022-06-24	1.29	1.29	1.33	1.29	10266500
2022-06-27	1.3	1.29	1.32	1.31	7005800
2022-06-28	1.31	1.29	1.33	1.31	7729500
2022-06-29	1.32	1.31	1.35	1.33	9758600
2022-06-30	1.34	1.33	1.39	1.34	20360700
2022-07-01	1.34	1.31	1.35	1.32	6162100
2022-07-04	1.34	1.32	1.35	1.32	5397100
2022-07-05	1.33	1.28	1.33	1.28	7175700
2022-07-06	1.27	1.24	1.27	1.26	6238800
2022-07-07	1.27	1.26	1.29	1.27	3569700
2022-07-08	1.29	1.27	1.3	1.28	2378700
2022-07-11	1.28	1.27	1.29	1.28	717100
2022-07-12	1.29	1.26	1.29	1.27	1493700
2022-07-14	1.27	1.25	1.28	1.26	1881900
2022-07-15	1.26	1.21	1.26	1.23	7303100
2022-07-18	1.23	1.23	1.25	1.23	2777800
2022-07-19	1.24	1.22	1.25	1.24	2722100
2022-07-20	1.25	1.22	1.25	1.23	3331100
2022-07-21	1.24	1.22	1.24	1.23	3832600
2022-07-22	1.23	1.22	1.24	1.23	2112600
2022-07-25	1.24	1.23	1.26	1.26	5596700
2022-07-26	1.26	1.24	1.27	1.25	1513800
2022-07-27	1.25	1.24	1.26	1.26	2068700
2022-08-01	1.27	1.25	1.27	1.27	2617600
2022-08-02	1.27	1.26	1.28	1.27	1408900
2022-08-03	1.26	1.25	1.28	1.27	3595500
2022-08-04	1.27	1.27	1.31	1.29	9370400
2022-08-05	1.29	1.28	1.31	1.3	3513400
2022-08-08	1.35	1.35	1.43	1.37	41274400
2022-08-09	1.37	1.35	1.38	1.36	5738900
2022-08-10	1.38	1.35	1.38	1.37	7376600
2022-08-11	1.38	1.35	1.39	1.37	5549100
2022-08-15	1.36	1.33	1.37	1.36	7687100
2022-08-16	1.37	1.34	1.38	1.34	5032800
2022-08-17	1.34	1.33	1.35	1.33	3753900
2022-08-18	1.35	1.33	1.35	1.35	3395100
2022-08-19	1.35	1.33	1.35	1.33	1857400
2022-08-22	1.34	1.3	1.34	1.31	4745400
2022-08-23	1.3	1.3	1.33	1.33	3591300
2022-08-24	1.33	1.33	1.34	1.33	2407100
2022-08-25	1.33	1.33	1.35	1.34	3234900
2022-08-26	1.36	1.34	1.36	1.35	2256300
2022-08-29	1.31	1.31	1.34	1.32	3048500
2022-08-30	1.34	1.33	1.38	1.37	12004300
2022-08-31	1.39	1.37	1.46	1.46	56634800
2022-09-01	1.45	1.4	1.48	1.41	71929200
2022-09-02	1.42	1.4	1.43	1.4	15175100
2022-09-05	1.42	1.4	1.44	1.41	21955300
2022-09-06	1.41	1.4	1.44	1.41	18835900
2022-09-07	1.42	1.38	1.43	1.39	22717300
2022-09-08	1.39	1.36	1.41	1.39	16837400
2022-09-09	1.39	1.38	1.41	1.38	10299700
2022-09-12	1.38	1.38	1.39	1.38	5116900
2022-09-13	1.39	1.37	1.39	1.37	6530200
2022-09-14	1.35	1.35	1.38	1.37	4023400
2022-09-15	1.37	1.36	1.4	1.37	19659700
2022-09-16	1.38	1.37	1.42	1.4	31618500
2022-09-19	1.41	1.38	1.43	1.39	24948500
2022-09-20	1.39	1.38	1.4	1.38	5577500
2022-09-21	1.37	1.37	1.39	1.37	5280900
2022-09-22	1.37	1.37	1.41	1.41	12717700
2022-09-23	1.41	1.4	1.43	1.43	16621400
2022-09-26	1.44	1.42	1.5	1.45	124722100
2022-09-27	1.44	1.38	1.46	1.38	51579800
2022-09-28	1.39	1.3	1.39	1.34	16157800
2022-09-29	1.35	1.32	1.37	1.32	11390900
2022-09-30	1.31	1.31	1.33	1.33	3983800
2022-10-03	1.32	1.29	1.34	1.31	9376700
2022-10-04	1.32	1.32	1.33	1.33	2738000
2022-10-05	1.34	1.32	1.35	1.33	5266400
2022-10-06	1.33	1.33	1.36	1.35	6706600
2022-10-07	1.36	1.33	1.36	1.34	1752900
2022-10-10	1.34	1.31	1.34	1.31	3278200
2022-10-11	1.31	1.3	1.32	1.3	3286400
2022-10-12	1.3	1.28	1.3	1.29	4079100
2022-10-17	1.3	1.28	1.3	1.28	4009500
2022-10-18	1.31	1.3	1.34	1.32	10836700
2022-10-19	1.32	1.3	1.33	1.32	4356300
2022-10-20	1.32	1.3	1.35	1.33	8174700
2022-10-21	1.33	1.3	1.33	1.3	4451200
2022-10-25	1.31	1.28	1.32	1.28	3899000
2022-10-26	1.29	1.28	1.3	1.28	3273200
2022-10-27	1.29	1.29	1.31	1.3	5130700
2022-10-28	1.3	1.29	1.31	1.29	3778400
2022-10-31	1.3	1.29	1.32	1.31	3080800
2022-11-01	1.31	1.3	1.33	1.32	6903700
2022-11-02	1.33	1.32	1.37	1.34	24219300
2022-11-03	1.34	1.32	1.34	1.33	4119400
2022-11-04	1.33	1.32	1.34	1.33	2097200
2022-11-07	1.33	1.32	1.35	1.33	2166400
2022-11-08	1.33	1.31	1.34	1.31	2725300
2022-11-09	1.32	1.3	1.33	1.31	2701600
2022-11-10	1.32	1.3	1.33	1.32	3507700
2022-11-11	1.33	1.31	1.34	1.33	4309400
2022-11-14	1.33	1.3	1.33	1.31	3700200
2022-11-15	1.31	1.25	1.31	1.28	13907100
2022-11-16	1.28	1.28	1.3	1.28	2661500
2022-11-17	1.29	1.27	1.29	1.28	1716800
2022-11-18	1.27	1.27	1.29	1.28	1784500
2022-11-21	1.28	1.26	1.28	1.26	3803700
2022-11-22	1.26	1.23	1.27	1.24	14917300
2022-11-23	1.24	1.23	1.25	1.24	4225700
2022-11-24	1.25	1.23	1.25	1.25	3550500
2022-11-25	1.25	1.24	1.26	1.25	1233200
2022-11-28	1.25	1.24	1.26	1.24	1247600
2022-11-29	1.25	1.24	1.27	1.26	2572400
2022-11-30	1.26	1.25	1.27	1.25	3875800
2022-12-01	1.26	1.26	1.28	1.26	3365900
2022-12-02	1.27	1.26	1.28	1.27	1980300
2022-12-06	1.27	1.26	1.28	1.26	2517700
2022-12-07	1.26	1.25	1.27	1.26	2663500
2022-12-08	1.26	1.25	1.28	1.26	2071300
2022-12-09	1.27	1.25	1.27	1.25	1207600
2022-12-13	1.26	1.26	1.27	1.26	2022900
2022-12-14	1.26	1.26	1.28	1.27	2501200
2022-12-15	1.27	1.25	1.28	1.26	2978600
2022-12-16	1.25	1.25	1.27	1.25	1878900
2022-12-19	1.25	1.24	1.26	1.25	1565200
2022-12-20	1.26	1.22	1.26	1.23	5181700
2022-12-21	1.23	1.22	1.25	1.23	3447000
2022-12-22	1.23	1.22	1.24	1.22	3057300
2022-12-23	1.22	1.22	1.23	1.23	1410500
2022-12-26	1.23	1.22	1.24	1.24	3673900
2022-12-27	1.27	1.27	1.47	1.39	104550300
2022-12-28	1.38	1.37	1.43	1.38	45763100
2022-12-29	1.38	1.38	1.42	1.4	26241600
2022-12-30	1.4	1.38	1.43	1.39	24454700
