Date	Price Open	Price Low	Price High	Price Close	Volume
2012-03-27	3.24	2.1	2.12	2.1	110000.0
2012-03-28	2.58	2.08	2.12	2.08	16200.0
2012-03-29	2.24	2.08	2.1	2.1	47700.0
2012-03-30	2.3	2.1	2.1	2.1	72900.0
2012-04-02	2.28	2.1	2.16	2.12	162700.0
2012-04-03	2.28	2.12	2.14	2.14	94000.0
2012-04-04	2.34	2.14	2.16	2.16	233000.0
2012-04-05	2.34	1.96	1.99	1.98	231100.0
2012-04-10	2.3	1.97	1.98	1.97	2500.0
2012-04-11	2.3	1.97	1.99	1.97	16500.0
2012-04-12	2.3	1.97	1.99	1.99	7100.0
2012-04-17	2.28	1.95	1.99	1.99	46200.0
2012-04-18	2.34	1.97	2.0	1.99	20300.0
2012-04-20	2.36	1.99	2.0	2.0	1200.0
2012-04-23	2.4	1.97	1.98	1.97	28400.0
2012-04-24	2.4	2.0	2.0	2.0	100.0
2012-04-25	2.44	1.96	1.99	1.99	36600.0
2012-04-26	2.34	1.98	2.0	2.0	31100.0
2012-04-27	2.3	1.98	2.0	1.98	99200.0
2012-04-30	2.3	1.99	2.0	2.0	35200.0
2012-05-02	2.36	1.99	2.02	1.99	5700.0
2012-05-03	2.32	1.99	2.0	2.0	21500.0
2012-05-08	2.3	2.0	2.0	2.0	100.0
2012-05-09	2.56	1.97	1.99	1.99	11000.0
2012-05-10	2.54	1.97	2.0	1.97	90600.0
2012-05-11	2.46	2.0	2.0	2.0	100.0
2012-05-14	2.4	1.92	1.96	1.96	20600.0
2012-05-15	2.44	1.94	1.96	1.96	1500.0
2012-05-16	2.36	1.93	1.96	1.95	26500.0
2012-05-17	2.3	1.93	1.93	1.93	22500.0
2012-05-18	2.44	1.91	1.92	1.91	28300.0
2012-05-21	2.48	1.91	1.93	1.91	26700.0
2012-05-22	2.56	1.92	1.92	1.92	10000.0
2012-05-23	2.7	1.9	1.92	1.91	52600.0
2012-05-24	2.62	1.9	1.92	1.92	13500.0
2012-05-25	2.6	1.93	1.93	1.93	200.0
2012-05-28	2.54	1.89	1.93	1.93	65400.0
2012-05-29	2.62	1.9	1.93	1.93	2200.0
2012-05-30	2.78	1.93	2.02	1.93	365200.0
2012-05-31	2.72	1.95	1.95	1.95	100.0
2012-06-01	2.68	1.94	1.97	1.94	6100.0
2012-06-05	2.68	1.94	1.94	1.94	7900.0
2012-06-06	2.88	1.89	1.89	1.89	5000.0
2012-06-07	2.82	1.9	1.9	1.9	67800.0
2012-06-08	2.84	1.9	1.92	1.9	6200.0
2012-06-12	2.7	1.91	1.91	1.91	1000.0
2012-06-14	2.7	1.91	1.95	1.95	10200.0
2012-06-15	2.64	1.92	1.93	1.92	23400.0
2012-06-18	2.66	1.91	1.95	1.92	3100.0
2012-06-19	2.66	1.92	2.02	1.95	359800.0
2012-06-20	2.7	1.93	1.97	1.96	10100.0
2012-06-21	2.7	1.92	2.02	1.92	129000.0
2012-06-22	2.72	1.9	1.93	1.93	9100.0
2012-06-25	2.76	1.89	1.92	1.92	69000.0
2012-06-26	2.7	1.92	1.92	1.92	300.0
2012-06-27	2.68	1.92	2.0	1.94	139900.0
2012-06-28	2.72	1.94	2.0	1.94	52700.0
2012-06-29	2.7	1.96	2.0	2.0	28200.0
2012-07-02	2.76	2.0	2.06	2.06	146600.0
2012-07-03	2.88	1.96	2.06	1.96	152000.0
2012-07-04	2.92	1.96	1.99	1.96	72100.0
2012-07-05	2.92	1.96	2.0	1.96	7900.0
2012-07-06	2.86	1.97	2.0	2.0	13300.0
2012-07-11	2.82	2.0	2.0	2.0	1000.0
2012-07-12	2.84	1.97	1.97	1.97	33100.0
2012-07-13	2.8	1.97	1.97	1.97	500.0
2012-07-16	2.84	1.97	2.02	1.97	3200.0
2012-07-17	2.86	1.96	2.0	2.0	10600.0
2012-07-19	2.84	1.99	2.02	2.02	48800.0
2012-07-20	2.86	1.96	2.04	1.96	243900.0
2012-07-23	2.84	2.0	2.0	2.0	100.0
2012-07-24	2.84	1.97	2.02	2.02	5000.0
2012-07-25	2.88	2.02	2.02	2.02	500.0
2012-07-31	2.86	2.0	2.02	2.02	9000.0
2012-08-01	2.84	1.98	2.02	2.0	9000.0
2012-08-03	2.86	2.0	2.04	2.04	153000.0
2012-08-06	2.88	1.98	2.06	1.98	92900.0
2012-08-07	2.86	1.98	2.02	2.02	5100.0
2012-08-08	2.86	1.96	1.98	1.96	20600.0
2012-08-09	3.06	1.97	1.97	1.97	9500.0
2012-08-10	3.2	1.96	2.0	2.0	30700.0
2012-08-14	3.18	1.89	1.96	1.93	162800.0
2012-08-15	3.18	1.9	1.92	1.92	51100.0
2012-08-16	3.14	1.91	1.92	1.92	22000.0
2012-08-17	3.12	1.9	1.91	1.9	52100.0
2012-08-20	3.08	1.9	1.94	1.9	1501500.0
2012-08-21	3.1	1.88	1.91	1.88	85100.0
2012-08-22	3.08	1.89	1.9	1.9	12900.0
2012-08-23	3.12	1.9	1.94	1.9	133900.0
2012-08-24	3.12	1.9	1.97	1.9	425100.0
2012-08-27	3.1	1.92	1.95	1.95	102100.0
2012-08-28	3.14	1.9	1.92	1.9	40000.0
2012-08-29	3.14	1.9	1.93	1.93	27200.0
2012-08-30	3.16	1.9	1.94	1.9	14000.0
2012-08-31	3.18	1.89	1.96	1.89	105200.0
2012-09-03	3.18	1.9	1.91	1.9	19500.0
2012-09-04	3.22	1.91	1.91	1.91	12000.0
2012-09-06	3.28	1.91	1.91	1.91	1700.0
2012-09-07	3.24	1.9	1.91	1.9	10000.0
2012-09-10	3.28	1.87	1.93	1.87	22600.0
2012-09-11	3.26	1.89	1.89	1.89	4100.0
2012-09-12	3.38	1.9	1.92	1.9	9600.0
2012-09-13	3.54	1.92	1.97	1.95	18800.0
2012-09-14	3.52	1.9	1.93	1.9	15800.0
2012-09-17	3.42	1.88	1.9	1.9	53100.0
2012-09-18	3.38	1.9	1.92	1.92	11800.0
2012-09-19	3.34	1.9	1.93	1.93	2200.0
2012-09-21	3.38	1.93	1.93	1.93	1000.0
2012-09-24	3.38	1.91	1.92	1.91	20800.0
2012-09-25	3.36	1.91	1.92	1.92	200.0
2012-09-26	3.36	1.88	1.9	1.89	36300.0
2012-09-27	3.34	1.9	1.9	1.9	3100.0
2012-10-01	3.38	1.88	1.9	1.89	62100.0
2012-10-02	3.38	1.89	1.93	1.93	12000.0
2012-10-04	3.4	1.93	1.93	1.93	2300.0
2012-10-05	3.46	1.93	1.93	1.93	10000.0
2012-10-08	3.46	1.91	1.92	1.91	64000.0
2012-10-09	3.46	1.92	1.94	1.92	6900.0
2012-10-10	3.5	1.92	1.94	1.94	1100.0
2012-10-12	3.38	1.89	1.91	1.9	19900.0
2012-10-15	3.36	1.9	1.91	1.9	6100.0
2012-10-16	3.36	1.9	1.95	1.9	50000.0
2012-10-18	3.4	1.91	1.92	1.91	9700.0
2012-10-19	3.38	1.9	1.92	1.92	4300.0
2012-10-24	3.42	1.9	1.9	1.9	10000.0
2012-10-25	3.44	1.93	1.93	1.93	100.0
2012-10-26	3.46	1.89	1.93	1.91	111600.0
2012-10-29	3.48	1.92	1.94	1.94	41000.0
2012-10-30	3.46	1.95	1.96	1.95	600.0
2012-10-31	3.46	1.95	1.98	1.98	500.0
2012-11-06	4.12	1.9	1.94	1.94	102400.0
2012-11-08	4.0	1.9	1.92	1.9	3200.0
2012-11-09	4.0	1.9	1.97	1.94	14000.0
2012-11-12	4.04	1.9	1.9	1.9	3200.0
2012-11-13	4.02	1.9	1.91	1.9	42400.0
2012-11-14	4.16	1.89	1.9	1.89	40000.0
2012-11-15	4.12	1.88	1.91	1.88	62300.0
2012-11-16	4.1	1.9	1.91	1.9	27100.0
2012-11-19	4.14	1.88	1.92	1.9	10900.0
2012-11-20	4.76	1.89	1.91	1.89	3700.0
2012-11-22	5.05	1.91	1.91	1.91	500.0
2012-11-23	5.15	1.88	1.91	1.91	30100.0
2012-11-26	5.15	1.88	1.91	1.91	30100.0
2012-11-27	5.7	1.9	1.92	1.92	20300.0
2012-11-29	5.65	1.89	1.92	1.9	40200.0
2012-11-30	5.7	1.92	1.92	1.92	50000.0
2012-12-03	6.2	1.88	1.92	1.88	123000.0
2012-12-04	5.9	1.9	1.91	1.91	53600.0
2012-12-06	5.95	1.91	1.98	1.94	93900.0
2012-12-07	5.9	1.94	1.97	1.96	162600.0
2012-12-11	5.95	1.95	1.98	1.98	117200.0
2012-12-12	6.1	1.98	2.04	2.0	109300.0
2012-12-13	6.5	1.97	2.08	2.02	293200.0
2012-12-14	7.05	2.02	2.06	2.02	130500.0
2012-12-17	7.0	2.04	2.06	2.06	23400.0
2012-12-18	7.0	2.0	2.04	2.0	59000.0
2012-12-19	6.9	1.96	2.04	2.0	194100.0
2012-12-20	6.9	1.99	2.02	1.99	101300.0
2012-12-21	6.75	1.97	2.02	1.97	710000.0
2012-12-24	6.8	1.97	1.98	1.97	42600.0
2012-12-25	6.8	1.97	1.98	1.97	108800.0
2012-12-26	6.9	1.98	1.98	1.98	29800.0
2012-12-27	7.15	1.99	2.04	2.04	409000.0
2012-12-28	7.15	2.02	2.08	2.04	212500.0
2013-01-02	7.2	2.0	2.06	2.02	212300.0
2013-01-03	7.2	2.02	2.04	2.04	166100.0
2013-01-04	7.0	2.04	2.18	2.08	1642300.0
2013-01-07	6.9	2.1	2.12	2.12	237200.0
2013-01-08	7.0	2.1	2.16	2.14	355400.0
2013-01-09	7.1	2.1	2.12	2.12	106400.0
2013-01-10	7.15	2.08	2.14	2.08	337900.0
2013-01-11	7.05	2.08	2.08	2.08	100000.0
2013-01-14	7.3	2.1	2.16	2.16	381900.0
2013-01-15	7.3	2.08	2.18	2.1	377900.0
2013-01-16	7.7	2.1	2.18	2.16	802500.0
2013-01-17	7.9	2.16	2.24	2.2	1232600.0
2013-01-18	8.0	2.1	2.28	2.14	1204300.0
2013-01-21	8.65	2.16	2.2	2.2	406000.0
2013-01-22	8.6	2.12	2.2	2.12	286300.0
2013-01-23	8.35	2.1	2.16	2.12	161500.0
2013-01-24	8.1	2.1	2.16	2.12	22400.0
2013-01-25	7.3	2.12	2.18	2.14	322800.0
2013-01-28	7.2	2.14	2.16	2.14	162900.0
2013-01-29	7.0	2.1	2.22	2.12	1694800.0
2013-01-30	7.1	2.14	2.18	2.16	162600.0
2013-01-31	6.9	2.12	2.18	2.12	57500.0
2013-02-01	7.0	2.14	2.18	2.14	125600.0
2013-02-04	7.0	2.14	2.16	2.16	1100.0
2013-02-05	6.85	2.12	2.16	2.12	103100.0
2013-02-06	6.95	2.12	2.16	2.14	530200.0
2013-02-07	6.9	2.1	2.14	2.12	243100.0
2013-02-08	6.7	2.12	2.12	2.12	140000.0
2013-02-11	7.7	2.04	2.12	2.08	603800.0
2013-02-12	7.45	2.08	2.12	2.08	170900.0
2013-02-13	7.25	2.08	2.16	2.08	795500.0
2013-02-14	6.8	2.12	2.14	2.12	279100.0
2013-02-15	6.7	2.08	2.14	2.1	139200.0
2013-02-18	6.5	2.1	2.12	2.12	43900.0
2013-02-19	6.5	2.12	2.18	2.14	517600.0
2013-02-20	6.15	2.14	2.16	2.14	290600.0
2013-02-21	6.2	2.14	2.18	2.16	493100.0
2013-02-22	6.05	2.18	2.18	2.18	296600.0
2013-02-26	6.3	2.18	2.2	2.18	300000.0
2013-02-27	6.3	2.16	2.18	2.16	637400.0
2013-02-28	6.2	2.18	2.2	2.18	294500.0
2013-03-01	6.2	2.26	2.34	2.34	2585500.0
2013-03-04	6.05	2.32	2.38	2.32	1094700.0
2013-03-05	6.3	2.32	2.46	2.44	1411200.0
2013-03-06	6.3	2.46	2.54	2.52	1128100.0
2013-03-07	6.3	2.56	2.64	2.62	1254800.0
2013-03-08	6.3	2.56	2.66	2.58	637000.0
2013-03-11	6.3	2.52	2.6	2.54	694700.0
2013-03-12	6.4	2.52	2.6	2.52	358500.0
2013-03-13	6.85	2.56	2.76	2.76	2643800.0
2013-03-14	6.9	2.78	2.96	2.8	4177600.0
2013-03-15	5.6	2.82	2.9	2.84	1327600.0
2013-03-18	4.7	2.74	2.84	2.74	456600.0
2013-03-19	4.56	2.62	2.84	2.62	1705100.0
2013-03-20	4.1	2.46	2.64	2.52	836400.0
2013-03-21	3.6	2.46	2.62	2.52	364800.0
2013-03-22	4.12	2.2	2.5	2.22	2275900.0
2013-03-25	3.78	2.24	2.46	2.42	834300.0
2013-03-26	4.04	2.42	2.5	2.5	477600.0
2013-03-27	4.02	2.58	3.14	3.14	11423200.0
2013-03-28	3.56	3.22	3.76	3.34	13513400.0
2013-03-29	3.34	3.34	3.48	3.36	3055500.0
2013-04-01	2.62	3.36	3.48	3.48	2139300.0
2013-04-02	2.5	3.54	3.7	3.6	6789900.0
2013-04-03	2.52	3.48	3.88	3.58	12330600.0
2013-04-04	2.36	3.4	3.58	3.58	2943600.0
2013-04-05	2.3	3.3	3.48	3.3	1684400.0
2013-04-09	2.42	3.16	3.34	3.16	1646900.0
2013-04-10	2.54	3.08	3.18	3.18	730200.0
2013-04-11	2.6	3.2	3.3	3.28	1316100.0
2013-04-12	2.54	3.28	3.42	3.42	1333600.0
2013-04-17	2.68	3.34	3.54	3.5	2176800.0
2013-04-18	2.56	3.38	3.58	3.44	2446700.0
2013-04-19	2.56	3.36	3.44	3.4	3008200.0
2013-04-22	2.5	3.36	3.44	3.4	745600.0
2013-04-23	2.46	3.38	3.44	3.38	467100.0
2013-04-24	2.64	3.34	3.4	3.36	739400.0
2013-04-25	2.58	3.34	3.48	3.4	1698600.0
2013-04-26	2.52	3.36	3.42	3.36	721400.0
2013-04-29	2.52	3.34	3.4	3.36	271800.0
2013-04-30	2.44	3.34	3.4	3.4	492800.0
2013-05-02	2.42	3.36	3.42	3.36	496400.0
2013-05-03	2.4	3.32	3.46	3.32	2966500.0
2013-05-07	2.44	3.32	3.48	3.44	2186600.0
2013-05-08	2.44	3.46	3.68	3.5	6989500.0
2013-05-09	2.44	3.52	3.8	3.76	9856800.0
2013-05-10	2.4	3.94	4.32	3.98	21197200.0
2013-05-13	2.5	3.7	3.98	3.7	5300400.0
2013-05-14	2.44	3.46	3.8	3.5	6758100.0
2013-05-15	2.44	3.32	3.58	3.36	9492800.0
2013-05-16	2.44	3.38	3.6	3.6	6925200.0
2013-05-17	2.42	3.56	3.78	3.58	4668100.0
2013-05-20	2.42	3.58	3.66	3.58	1201800.0
2013-05-21	2.42	3.42	3.64	3.42	2194000.0
2013-05-22	2.42	3.44	3.58	3.5	1923100.0
2013-05-23	2.42	3.4	3.5	3.44	1005800.0
2013-05-27	2.42	3.36	3.44	3.4	1550500.0
2013-05-28	2.44	3.38	3.46	3.42	1060300.0
2013-05-29	2.44	3.36	3.44	3.36	1720000.0
2013-05-30	2.44	3.34	3.38	3.34	737800.0
2013-05-31	2.44	3.34	3.38	3.34	780900.0
2013-06-03	2.42	3.32	3.36	3.32	1035400.0
2013-06-04	2.4	3.28	3.36	3.3	672700.0
2013-06-05	2.28	3.2	3.32	3.2	849900.0
2013-06-06	2.4	3.1	3.16	3.1	940400.0
2013-06-07	2.4	3.04	3.18	3.14	423300.0
2013-06-10	2.34	3.1	3.2	3.1	338700.0
2013-06-11	2.32	2.94	3.1	2.94	1114900.0
2013-06-12	2.4	2.82	2.9	2.88	739600.0
2013-06-13	2.38	2.7	3.0	2.8	1010200.0
2013-06-14	2.4	2.88	2.94	2.94	404700.0
2013-06-17	2.4	2.9	2.98	2.96	129300.0
2013-06-18	2.44	2.9	3.02	2.9	426400.0
2013-06-19	2.48	2.9	3.0	2.9	249700.0
2013-06-20	2.56	2.78	2.9	2.78	512200.0
2013-06-21	2.56	2.72	2.76	2.76	535700.0
2013-06-24	2.56	2.7	2.78	2.72	453100.0
2013-06-25	2.54	2.64	2.74	2.74	301300.0
2013-06-26	2.56	2.7	2.8	2.78	450300.0
2013-06-27	2.56	2.78	2.84	2.82	142200.0
2013-06-28	2.54	2.82	2.88	2.88	243500.0
2013-07-02	2.46	2.9	2.98	2.9	460200.0
2013-07-03	2.48	2.84	3.0	2.9	133400.0
2013-07-04	2.42	2.86	2.98	2.9	208700.0
2013-07-05	2.42	2.88	3.02	2.9	1593300.0
2013-07-08	2.42	2.86	2.92	2.86	306400.0
2013-07-09	2.44	2.84	2.94	2.9	262500.0
2013-07-10	2.48	2.84	2.94	2.84	204300.0
2013-07-11	2.46	2.86	2.9	2.88	100800.0
2013-07-12	2.46	2.88	3.0	2.9	64200.0
2013-07-15	2.3	2.88	2.98	2.9	165200.0
2013-07-16	2.3	2.86	2.9	2.88	47100.0
2013-07-17	2.22	2.88	2.92	2.9	69400.0
2013-07-18	2.2	2.88	2.94	2.92	315600.0
2013-07-19	2.2	2.9	2.94	2.9	146500.0
2013-07-23	2.18	2.88	2.96	2.9	214000.0
2013-07-24	2.16	2.86	2.94	2.9	328000.0
2013-07-25	2.18	2.84	2.88	2.84	279200.0
2013-07-26	2.04	2.82	2.86	2.86	300500.0
2013-07-29	2.02	2.82	2.9	2.82	89200.0
2013-07-30	2.04	2.78	2.84	2.8	223200.0
2013-07-31	2.08	2.76	2.86	2.76	261000.0
2013-08-01	2.02	2.8	2.86	2.8	83000.0
2013-08-02	2.04	2.72	2.86	2.74	340500.0
2013-08-05	2.06	2.7	2.74	2.74	119200.0
2013-08-06	2.04	2.72	2.78	2.78	69600.0
2013-08-07	2.04	2.76	2.8	2.76	24600.0
2013-08-08	2.04	2.76	2.82	2.78	73300.0
2013-08-09	2.12	2.68	2.82	2.68	505700.0
2013-08-13	2.1	2.68	2.76	2.7	313800.0
2013-08-14	2.12	2.44	2.5	2.46	1116100.0
2013-08-15	2.14	2.44	2.48	2.44	264500.0
2013-08-16	2.14	2.4	2.46	2.42	192600.0
2013-08-19	2.1	2.38	2.42	2.38	461200.0
2013-08-20	2.1	2.3	2.5	2.32	226500.0
2013-08-21	2.1	2.3	2.48	2.3	76900.0
2013-08-22	2.14	2.26	2.48	2.26	300600.0
2013-08-23	2.12	2.24	2.4	2.26	230100.0
2013-08-26	2.12	2.26	2.34	2.26	28900.0
2013-08-27	2.08	2.2	2.24	2.2	198400.0
2013-08-28	2.1	2.02	2.14	2.14	61300.0
2013-08-29	2.1	2.18	2.2	2.18	10300.0
2013-08-30	2.14	2.18	2.22	2.2	25800.0
2013-09-02	2.24	2.14	2.24	2.24	31800.0
2013-09-03	2.2	2.22	2.26	2.22	19500.0
2013-09-04	2.18	2.2	2.26	2.2	12000.0
2013-09-05	2.14	2.18	2.2	2.2	35200.0
2013-09-06	2.14	2.2	2.2	2.2	10100.0
2013-09-09	2.18	2.22	2.26	2.26	15600.0
2013-09-10	2.14	2.26	2.3	2.3	36100.0
2013-09-11	2.16	2.3	2.3	2.3	200.0
2013-09-12	2.14	2.3	2.4	2.38	40400.0
2013-09-13	2.14	2.4	2.66	2.54	413600.0
2013-09-16	2.14	2.52	2.56	2.56	75300.0
2013-09-17	2.14	2.52	2.62	2.56	47700.0
2013-09-18	2.2	2.52	2.54	2.54	92000.0
2013-09-19	2.2	2.56	2.66	2.6	85200.0
2013-09-20	2.2	2.54	2.64	2.58	127900.0
2013-09-23	2.18	2.52	2.54	2.52	47500.0
2013-09-24	2.18	2.48	2.54	2.48	50500.0
2013-09-25	2.2	2.48	2.62	2.48	60300.0
2013-09-26	2.2	2.48	2.58	2.48	12400.0
2013-09-27	2.22	2.46	2.48	2.46	100000.0
2013-09-30	2.2	2.4	2.46	2.4	6900.0
2013-10-01	2.22	2.54	2.68	2.62	12200.0
2013-10-02	2.3	2.54	2.62	2.54	11300.0
2013-10-03	2.54	2.54	2.6	2.54	16000.0
2013-10-04	2.3	2.52	2.54	2.52	33900.0
2013-10-07	2.22	2.5	2.52	2.5	900.0
2013-10-08	2.26	2.52	2.52	2.52	20700.0
2013-10-09	2.32	2.52	2.52	2.52	1300.0
2013-10-10	2.26	2.52	2.54	2.54	37000.0
2013-10-11	2.28	2.52	2.56	2.54	36100.0
2013-10-14	2.26	2.5	2.78	2.52	54400.0
2013-10-15	2.3	2.52	2.56	2.56	53100.0
2013-10-17	2.26	2.42	2.54	2.54	42500.0
2013-10-18	2.2	2.54	2.56	2.54	200.0
2013-10-21	2.2	2.48	2.58	2.5	31900.0
2013-10-22	2.18	2.48	2.5	2.48	82100.0
2013-10-24	2.22	2.5	2.66	2.5	112800.0
2013-10-25	2.18	2.52	2.52	2.52	42100.0
2013-10-28	2.16	2.5	2.54	2.5	10900.0
2013-10-29	2.14	2.5	2.5	2.5	37000.0
2013-10-30	2.12	2.48	2.5	2.48	21900.0
2013-10-31	2.12	2.44	2.46	2.46	38800.0
2013-11-01	2.06	2.5	2.5	2.5	1000.0
2013-11-04	2.02	2.4	2.42	2.42	16000.0
2013-11-05	2.06	2.26	2.4	2.4	34200.0
2013-11-06	2.04	2.48	2.52	2.5	125000.0
2013-11-07	2.04	2.5	2.5	2.5	800.0
2013-11-08	2.1	2.52	2.52	2.52	2000.0
2013-11-11	2.0	2.6	2.6	2.6	1900.0
2013-11-12	2.02	2.56	2.6	2.56	16400.0
2013-11-13	2.0	2.56	2.56	2.56	6000.0
2013-11-14	1.99	2.44	2.5	2.46	178200.0
2013-11-15	1.93	2.42	2.5	2.5	84500.0
2013-11-18	1.98	2.4	2.5	2.42	219300.0
2013-11-19	1.99	2.36	2.38	2.38	82600.0
2013-11-20	1.97	2.38	2.44	2.4	14500.0
2013-11-21	2.0	2.3	2.42	2.3	518600.0
2013-11-22	2.02	2.3	2.3	2.3	61000.0
2013-11-25	1.99	2.28	2.3	2.3	71600.0
2013-11-26	2.0	2.3	2.32	2.3	121900.0
2013-11-27	1.99	2.3	2.3	2.3	115000.0
2013-11-28	2.02	2.3	2.3	2.3	61900.0
2013-11-29	2.0	2.3	2.3	2.3	236300.0
2013-12-03	1.99	2.3	2.32	2.32	87700.0
2013-12-04	2.0	2.32	2.32	2.32	11100.0
2013-12-06	2.0	2.32	2.32	2.32	32200.0
2013-12-09	2.0	2.34	2.34	2.34	61100.0
2013-12-16	1.99	2.32	2.32	2.32	20800.0
2013-12-17	2.0	2.34	2.34	2.34	300.0
2013-12-18	1.99	2.36	2.36	2.36	3600.0
2013-12-24	1.97	2.06	2.34	2.34	2300.0
2013-12-25	1.99	2.34	2.34	2.34	12500.0
2014-01-03	1.98	2.34	2.34	2.34	500.0
2014-01-06	1.99	2.1	2.34	2.34	10700.0
2014-01-07	2.0	2.32	2.36	2.36	22400.0
2014-01-08	1.99	2.36	2.38	2.36	23000.0
2014-01-09	2.0	2.38	2.4	2.38	5300.0
2014-01-13	2.0	2.36	2.42	2.42	87300.0
2014-01-14	1.99	2.36	2.48	2.46	40700.0
2014-01-15	2.0	2.36	2.38	2.36	18600.0
2014-01-16	1.99	2.38	2.4	2.4	600.0
2014-01-17	1.99	2.34	2.4	2.34	220600.0
2014-01-21	1.98	2.36	2.36	2.36	6500.0
2014-01-22	1.99	2.38	2.38	2.38	500.0
2014-01-23	1.99	2.4	2.42	2.42	2800.0
2014-01-24	2.0	2.42	2.42	2.42	17000.0
2014-01-27	2.02	2.36	2.42	2.36	104500.0
2014-01-28	2.0	2.34	2.34	2.34	3500.0
2014-01-31	2.0	2.36	2.36	2.36	2000.0
2014-02-03	2.0	2.38	2.4	2.4	600.0
2014-02-04	1.99	2.36	2.48	2.36	4900.0
2014-02-05	2.0	2.38	2.4	2.38	97300.0
2014-02-06	1.99	2.38	2.4	2.4	20000.0
2014-02-07	1.98	2.38	2.4	2.4	105400.0
2014-02-10	2.0	2.38	2.4	2.38	39700.0
2014-02-11	2.0	2.4	2.4	2.4	1000.0
2014-02-12	1.99	2.38	2.42	2.42	13800.0
2014-02-13	2.0	2.38	2.38	2.38	53100.0
2014-02-17	1.94	2.36	2.5	2.42	11600.0
2014-02-20	1.93	2.38	2.38	2.38	100.0
2014-02-24	1.93	2.38	2.38	2.38	300.0
2014-02-25	1.91	2.38	2.38	2.38	5000.0
2014-02-27	1.9	2.3	2.38	2.38	64500.0
2014-02-28	1.75	2.36	2.38	2.38	12800.0
2014-03-03	1.79	2.38	2.4	2.38	126400.0
2014-03-04	1.77	2.38	2.38	2.38	14000.0
2014-03-05	1.82	2.38	2.38	2.38	20300.0
2014-03-06	1.84	2.4	2.42	2.4	1800.0
2014-03-07	1.84	2.38	2.4	2.4	71300.0
2014-03-10	1.78	2.38	2.4	2.4	95200.0
2014-03-11	1.78	2.4	2.44	2.44	148900.0
2014-03-12	1.78	2.42	2.46	2.46	126600.0
2014-03-13	1.9	2.46	2.5	2.48	145100.0
2014-03-14	1.85	2.5	2.62	2.62	706400.0
2014-03-17	1.6	2.68	2.76	2.7	757600.0
2014-03-18	1.89	2.68	2.72	2.68	321400.0
2014-03-19	1.81	2.62	2.66	2.64	432400.0
2014-03-20	1.76	2.56	2.62	2.62	512300.0
2014-03-21	1.74	2.54	2.56	2.54	339000.0
2014-03-24	1.74	2.52	2.54	2.52	322400.0
2014-03-25	1.74	2.54	2.6	2.58	537800.0
2014-03-26	1.73	2.58	2.6	2.6	65500.0
2014-03-27	1.7	2.6	2.6	2.6	35000.0
2014-03-28	1.73	2.58	2.58	2.58	53200.0
2014-03-31	1.79	2.58	2.6	2.6	189200.0
2014-04-01	1.76	2.58	2.6	2.6	161000.0
2014-04-02	1.8	2.6	2.64	2.62	220300.0
2014-04-03	1.79	2.62	2.7	2.7	431600.0
2014-04-04	1.86	2.48	2.52	2.48	386200.0
2014-04-08	1.8	2.5	2.5	2.5	69200.0
2014-04-09	1.8	2.5	2.52	2.52	56500.0
2014-04-10	1.74	2.5	2.54	2.52	107500.0
2014-04-11	1.75	2.54	2.54	2.54	58100.0
2014-04-16	1.81	2.54	2.54	2.54	45700.0
2014-04-17	1.76	2.52	2.54	2.54	210800.0
2014-04-18	1.76	2.52	2.56	2.54	82900.0
2014-04-21	1.74	2.56	2.56	2.56	128700.0
2014-04-22	1.77	2.56	2.56	2.56	4500.0
2014-04-23	1.75	2.58	2.6	2.58	178900.0
2014-04-24	1.77	2.56	2.6	2.6	275500.0
2014-04-25	1.73	2.56	2.56	2.56	500.0
2014-04-28	1.73	2.54	2.56	2.54	1200.0
2014-04-29	1.75	2.54	2.54	2.54	20500.0
2014-04-30	1.75	2.56	2.56	2.56	1000.0
2014-05-06	1.76	2.52	2.62	2.52	5200.0
2014-05-07	1.75	2.5	2.56	2.56	41000.0
2014-05-08	1.74	2.56	2.56	2.56	5000.0
2014-05-09	1.75	2.4	2.4	2.4	7500.0
2014-05-12	1.76	2.4	2.5	2.5	231100.0
2014-05-14	1.76	2.56	2.7	2.68	1102700.0
2014-05-15	1.75	2.7	2.86	2.76	1827300.0
2014-05-16	1.76	2.76	2.8	2.78	290700.0
2014-05-19	1.86	2.78	2.84	2.82	305900.0
2014-05-20	1.91	2.72	2.78	2.78	22600.0
2014-05-21	1.87	2.78	2.8	2.8	37600.0
2014-05-22	2.0	2.8	2.8	2.8	45400.0
2014-05-23	1.97	2.74	2.78	2.78	145500.0
2014-05-26	2.0	2.74	2.82	2.74	339800.0
2014-05-27	1.92	2.8	2.82	2.8	79900.0
2014-05-28	1.92	2.8	2.86	2.86	292200.0
2014-05-29	1.94	2.8	2.82	2.82	58500.0
2014-05-30	1.9	2.84	2.9	2.88	266400.0
2014-06-02	1.94	2.88	2.9	2.9	68400.0
2014-06-03	1.9	2.88	2.92	2.9	143200.0
2014-06-04	1.88	2.86	2.88	2.88	24600.0
2014-06-05	1.89	2.84	2.9	2.9	17300.0
2014-06-06	1.92	2.92	3.08	3.08	977800.0
2014-06-09	1.92	3.08	3.16	3.08	99700.0
2014-06-10	1.93	3.08	3.14	3.08	6900.0
2014-06-11	1.9	3.08	3.12	3.08	90700.0
2014-06-12	1.92	3.08	3.08	3.08	50400.0
2014-06-13	1.93	3.1	3.12	3.1	51700.0
2014-06-16	1.95	3.06	3.1	3.1	105500.0
2014-06-17	1.95	3.06	3.14	3.08	109900.0
2014-06-18	2.0	3.08	3.12	3.08	177000.0
2014-06-19	2.06	3.1	3.14	3.1	113600.0
2014-06-20	2.06	3.12	3.16	3.12	299200.0
2014-06-23	2.04	3.1	3.16	3.14	172700.0
2014-06-24	2.06	3.1	3.14	3.14	265100.0
2014-06-25	2.06	3.16	3.2	3.2	94000.0
2014-06-26	2.04	3.14	3.24	3.2	24400.0
2014-06-27	2.06	3.14	3.2	3.14	56300.0
2014-06-30	2.1	3.1	3.14	3.1	54500.0
2014-07-02	2.1	3.06	3.12	3.06	124600.0
2014-07-03	2.2	3.04	3.1	3.08	67200.0
2014-07-04	2.36	3.06	3.1	3.06	242300.0
2014-07-07	2.3	3.04	3.04	3.04	51600.0
2014-07-08	2.26	3.0	3.34	3.22	1176500.0
2014-07-09	2.24	3.26	3.78	3.36	13652300.0
2014-07-10	2.3	3.18	3.4	3.2	2921000.0
2014-07-14	2.32	3.18	3.26	3.2	622100.0
2014-07-15	2.4	3.22	3.28	3.22	711800.0
2014-07-16	2.34	3.2	3.24	3.2	377900.0
2014-07-17	2.32	3.18	3.22	3.22	437900.0
2014-07-18	2.22	3.16	3.22	3.16	277900.0
2014-07-21	2.22	3.14	3.2	3.18	227600.0
2014-07-22	2.24	3.1	3.2	3.1	387900.0
2014-07-23	2.24	3.12	3.14	3.14	214000.0
2014-07-24	2.24	3.14	3.16	3.16	55700.0
2014-07-25	2.24	3.12	3.18	3.16	490400.0
2014-07-28	2.26	3.16	3.24	3.18	173900.0
2014-07-29	2.32	3.14	3.16	3.14	617400.0
2014-07-30	2.26	3.12	3.14	3.14	292400.0
2014-07-31	2.24	3.08	3.14	3.12	156200.0
2014-08-01	2.44	3.08	3.12	3.12	70200.0
2014-08-04	2.52	3.12	3.14	3.12	58600.0
2014-08-05	2.4	3.12	3.16	3.16	4600.0
2014-08-06	2.4	3.14	3.18	3.18	77800.0
2014-08-07	2.44	3.12	3.22	3.14	42400.0
2014-08-08	2.42	3.12	3.16	3.12	139600.0
2014-08-13	2.7	3.12	3.28	3.28	478100.0
2014-08-14	2.8	3.42	3.52	3.42	4125900.0
2014-08-15	2.78	3.38	3.44	3.44	794500.0
2014-08-18	2.96	3.4	3.42	3.4	280100.0
2014-08-19	2.84	3.36	3.44	3.4	577700.0
2014-08-20	2.8	3.42	3.66	3.6	4113700.0
2014-08-21	2.78	3.6	3.66	3.6	2151300.0
2014-08-22	2.64	3.58	3.62	3.6	549700.0
2014-08-25	2.58	3.6	3.68	3.64	539400.0
2014-08-26	2.66	3.6	3.68	3.6	1181200.0
2014-08-27	2.58	3.6	3.74	3.66	1980200.0
2014-08-28	2.52	3.66	3.74	3.66	1255500.0
2014-08-29	2.64	3.66	3.72	3.66	370600.0
2014-09-01	2.6	3.68	3.78	3.68	2058600.0
2014-09-02	2.54	3.66	3.74	3.68	292700.0
2014-09-03	2.48	3.66	4.24	4.2	10806000.0
2014-09-04	2.5	4.3	4.86	4.76	35017500.0
2014-09-05	2.52	4.2	5.1	4.26	23546200.0
2014-09-08	2.56	3.96	4.46	4.0	12180600.0
2014-09-09	2.64	3.94	4.4	4.3	61090900.0
2014-09-10	2.66	4.28	4.58	4.42	25025900.0
2014-09-11	2.58	4.24	4.52	4.3	8240700.0
2014-09-12	2.68	4.26	4.38	4.28	4423100.0
2014-09-15	2.62	4.28	4.56	4.48	12771000.0
2014-09-16	2.68	4.22	4.54	4.22	7241300.0
2014-09-17	2.7	3.86	4.3	4.04	13974100.0
2014-09-18	2.72	4.0	4.14	4.02	3784200.0
2014-09-19	2.74	4.06	4.12	4.1	2085600.0
2014-09-22	2.72	4.16	4.46	4.38	12593000.0
2014-09-23	2.72	4.28	4.38	4.3	2393700.0
2014-09-24	2.58	4.26	4.34	4.26	1160200.0
2014-09-25	2.74	4.24	4.32	4.24	1083700.0
2014-09-26	2.8	4.22	4.3	4.24	541200.0
2014-09-29	2.96	4.22	4.32	4.3	1094600.0
2014-09-30	3.0	4.26	4.3	4.28	407400.0
2014-10-01	2.98	4.28	4.34	4.28	810600.0
2014-10-03	2.98	4.16	4.22	4.22	290300.0
2014-10-06	2.96	4.16	4.28	4.18	805900.0
2014-10-07	3.1	4.02	4.18	4.16	666800.0
2014-10-08	3.12	4.04	4.26	4.22	328100.0
2014-10-09	3.12	4.2	4.24	4.22	204000.0
2014-10-10	3.12	4.16	4.22	4.22	118400.0
2014-10-13	3.08	4.2	4.22	4.22	235400.0
2014-10-14	3.16	4.2	4.24	4.24	122200.0
2014-10-15	3.4	4.2	4.26	4.26	539200.0
2014-10-16	3.48	4.18	4.24	4.18	372700.0
2014-10-17	3.6	4.16	4.26	4.24	221700.0
2014-10-20	3.6	4.26	4.68	4.64	13731000.0
2014-10-21	3.8	4.46	4.74	4.48	3943400.0
2014-10-22	3.76	4.38	4.48	4.48	1389600.0
2014-10-24	4.02	4.36	4.52	4.38	1281900.0
2014-10-27	4.02	4.3	4.4	4.4	1061300.0
2014-10-28	4.06	4.32	4.54	4.54	6942000.0
2014-10-29	4.02	4.54	4.84	4.6	26633600.0
2014-10-30	4.02	4.5	4.6	4.5	2186200.0
2014-10-31	3.94	4.44	4.58	4.54	2107000.0
2014-11-03	4.02	4.44	4.54	4.44	1652700.0
2014-11-04	4.04	4.38	4.5	4.4	634300.0
2014-11-05	4.04	4.4	4.48	4.44	837900.0
2014-11-06	4.02	4.42	4.5	4.42	1299300.0
2014-11-07	3.98	4.4	4.44	4.4	183100.0
2014-11-10	3.96	4.28	4.42	4.38	334500.0
2014-11-11	3.78	4.28	4.38	4.3	684800.0
2014-11-12	3.84	4.08	4.4	4.18	1375100.0
2014-11-13	3.92	4.04	4.18	4.16	606000.0
2014-11-14	4.14	4.28	4.38	4.34	1108600.0
2014-11-17	4.1	4.3	4.42	4.3	1159900.0
2014-11-18	3.98	4.16	4.26	4.16	301100.0
2014-11-19	4.0	4.08	4.22	4.16	526300.0
2014-11-20	3.98	4.14	4.2	4.16	320700.0
2014-11-21	3.88	4.1	4.18	4.18	88900.0
2014-11-24	3.88	4.12	4.3	4.28	1390500.0
2014-11-25	3.8	4.1	4.3	4.12	1245000.0
2014-11-26	3.78	4.06	4.16	4.06	525200.0
2014-11-27	3.56	4.0	4.1	4.06	179600.0
2014-11-28	3.5	4.02	4.08	4.06	130800.0
2014-12-01	3.52	4.06	4.1	4.1	76700.0
2014-12-02	3.34	4.08	4.1	4.08	67200.0
2014-12-03	3.32	4.06	4.1	4.1	109200.0
2014-12-04	3.26	4.08	4.1	4.08	35600.0
2014-12-08	3.26	4.06	4.1	4.06	245500.0
2014-12-09	3.28	4.02	4.06	4.04	170800.0
2014-12-11	3.28	3.92	4.02	3.96	546500.0
2014-12-12	3.26	3.96	4.0	3.96	38500.0
2014-12-15	3.28	3.76	3.88	3.84	355500.0
2014-12-16	3.3	3.76	3.92	3.82	288800.0
2014-12-17	3.28	3.76	3.88	3.88	444800.0
2014-12-18	3.3	3.92	3.94	3.94	199300.0
2014-12-19	3.36	3.88	3.94	3.94	53000.0
2014-12-22	3.24	3.94	3.94	3.94	12200.0
2014-12-23	3.3	3.88	3.96	3.92	205900.0
2014-12-24	3.24	3.82	3.9	3.82	244600.0
2014-12-25	3.24	3.82	3.84	3.82	80500.0
2014-12-26	3.3	3.82	3.9	3.84	92900.0
2014-12-29	3.3	3.86	3.9	3.86	83900.0
2014-12-30	3.24	3.84	3.88	3.84	105700.0
2015-01-05	3.28	3.86	3.88	3.88	72000.0
2015-01-06	3.24	3.84	3.88	3.88	64800.0
2015-01-07	3.22	3.88	3.92	3.92	147000.0
2015-01-08	3.18	3.92	3.94	3.92	58400.0
2015-01-09	3.14	3.92	4.04	4.02	318800.0
2015-01-12	3.12	4.06	4.2	4.06	135900.0
2015-01-13	3.1	4.0	4.1	4.1	63600.0
2015-01-14	3.1	4.04	4.14	4.14	328100.0
2015-01-15	2.96	4.1	4.14	4.1	70100.0
2015-01-16	2.88	4.04	4.1	4.1	155100.0
2015-01-19	2.92	4.04	4.08	4.06	69000.0
2015-01-20	2.78	3.98	4.2	4.12	334600.0
2015-01-21	2.76	4.04	4.06	4.06	57300.0
2015-01-22	2.94	4.04	4.14	4.06	850400.0
2015-01-23	2.86	4.06	4.1	4.08	174000.0
2015-01-26	2.84	4.0	4.06	4.04	123400.0
2015-01-27	2.7	3.94	4.02	3.94	512500.0
2015-01-28	2.58	3.96	4.02	3.96	115500.0
2015-01-29	2.58	3.94	3.98	3.96	185600.0
2015-01-30	2.46	3.94	3.96	3.96	68300.0
2015-02-02	2.36	3.96	3.96	3.96	45600.0
2015-02-03	2.38	3.96	3.96	3.96	60000.0
2015-02-04	2.2	3.98	4.0	3.98	207500.0
2015-02-05	2.18	3.94	3.96	3.96	223100.0
2015-02-06	2.3	3.92	3.96	3.94	254400.0
2015-02-09	2.1	3.92	3.96	3.94	156500.0
2015-02-10	2.08	3.9	3.96	3.92	280100.0
2015-02-11	2.0	3.9	3.96	3.92	179200.0
2015-02-12	1.97	3.92	3.96	3.94	342000.0
2015-02-13	1.98	3.94	4.04	4.02	635600.0
2015-02-16	2.06	4.06	4.26	4.22	4309000.0
2015-02-17	2.0	4.04	4.36	4.04	3172800.0
2015-02-18	2.02	4.04	4.18	4.12	203600.0
2015-02-19	2.12	4.04	4.2	4.04	269600.0
2015-02-20	2.08	4.06	4.14	4.14	510800.0
2015-02-23	2.18	4.04	4.16	4.08	329200.0
2015-02-24	2.12	4.06	4.1	4.1	341500.0
2015-02-25	2.06	4.08	4.14	4.12	344900.0
2015-02-26	2.04	4.0	4.12	4.08	1113800.0
2015-02-27	1.95	3.9	4.1	4.0	11444700.0
2015-03-02	1.9	3.66	4.02	3.66	4773600.0
2015-03-03	1.91	3.42	3.56	3.44	2204900.0
2015-03-05	2.02	3.44	3.52	3.46	668200.0
2015-03-06	1.99	3.46	3.56	3.54	982900.0
2015-03-09	2.0	3.42	3.56	3.48	729900.0
2015-03-10	2.02	3.46	3.52	3.48	242000.0
2015-03-11	2.06	3.46	3.54	3.54	588700.0
2015-03-12	2.04	3.5	3.58	3.54	566200.0
2015-03-13	2.08	3.5	3.56	3.54	657600.0
2015-03-16	2.06	3.46	3.54	3.46	595000.0
2015-03-17	2.06	3.42	3.48	3.42	525200.0
2015-03-18	2.06	3.4	3.44	3.44	300400.0
2015-03-19	2.1	3.42	3.46	3.44	150100.0
2015-03-20	2.04	3.4	3.48	3.46	816300.0
2015-03-23	2.1	3.4	3.48	3.42	269000.0
2015-03-24	2.06	3.4	3.44	3.4	122000.0
2015-03-25	2.12	3.4	3.42	3.4	43000.0
2015-03-26	2.14	3.38	3.42	3.42	166500.0
2015-03-27	2.08	3.4	3.44	3.42	101100.0
2015-03-30	2.12	3.42	3.44	3.44	65200.0
2015-03-31	2.1	3.42	3.46	3.44	72600.0
2015-04-01	2.14	3.5	3.52	3.52	126900.0
2015-04-02	2.24	3.4	3.62	3.62	635400.0
2015-04-03	2.24	3.58	3.66	3.64	686700.0
2015-04-07	2.24	3.38	3.46	3.42	373900.0
2015-04-08	2.2	3.36	3.4	3.38	152100.0
2015-04-09	2.12	3.42	3.48	3.42	143900.0
2015-04-10	2.24	3.4	3.44	3.42	78800.0
2015-04-16	2.24	3.4	3.44	3.44	108100.0
2015-04-17	2.18	3.34	3.44	3.36	413000.0
2015-04-20	2.22	3.34	3.46	3.42	851600.0
2015-04-21	2.3	3.38	3.44	3.44	166700.0
2015-04-22	2.26	3.38	3.44	3.38	385200.0
2015-04-23	2.12	3.24	3.44	3.28	1699000.0
2015-04-24	2.22	3.26	3.34	3.28	152400.0
2015-04-27	2.22	3.2	3.28	3.24	235600.0
2015-04-28	2.3	3.18	3.26	3.18	168900.0
2015-04-29	2.3	3.16	3.24	3.2	97400.0
2015-04-30	2.28	3.18	3.3	3.18	871400.0
2015-05-06	2.3	3.16	3.22	3.2	206800.0
2015-05-07	2.32	3.14	3.18	3.18	114400.0
2015-05-08	2.32	3.16	3.18	3.18	25700.0
2015-05-11	2.32	3.16	3.2	3.18	50700.0
2015-05-12	2.32	3.08	3.18	3.08	241500.0
2015-05-13	2.34	3.04	3.1	3.1	29100.0
2015-05-14	2.28	3.06	3.12	3.1	13000.0
2015-05-15	2.3	2.88	3.0	2.88	502000.0
2015-05-18	2.28	2.88	2.98	2.88	281000.0
2015-05-19	2.32	2.9	2.96	2.96	115700.0
2015-05-20	2.34	2.94	2.96	2.96	39400.0
2015-05-21	2.38	2.92	2.96	2.94	29200.0
2015-05-22	2.36	2.94	3.04	2.96	349600.0
2015-05-25	2.36	2.96	3.0	2.98	105500.0
2015-05-26	2.36	2.96	3.04	2.96	55300.0
2015-05-27	2.36	2.92	2.98	2.96	41100.0
2015-05-28	2.36	2.92	2.98	2.98	5400.0
2015-05-29	2.34	2.92	2.98	2.98	20500.0
2015-06-02	2.32	2.9	2.98	2.94	45500.0
2015-06-03	2.32	2.9	2.98	2.9	62600.0
2015-06-04	2.3	2.9	3.0	2.96	151500.0
2015-06-05	2.32	2.9	2.98	2.98	39300.0
2015-06-08	2.3	2.92	2.98	2.98	5300.0
2015-06-09	2.3	2.92	2.98	2.98	19000.0
2015-06-10	2.3	2.94	2.98	2.98	58200.0
2015-06-11	2.3	2.96	3.04	3.0	381000.0
2015-06-12	2.28	2.9	3.02	2.9	179400.0
2015-06-15	2.18	2.88	2.94	2.94	118900.0
2015-06-16	2.16	2.88	2.96	2.96	4600.0
2015-06-17	2.16	2.88	2.96	2.94	60700.0
2015-06-18	2.14	2.9	2.94	2.92	16800.0
2015-06-19	2.16	2.88	2.96	2.94	114900.0
2015-06-22	2.14	2.94	2.98	2.98	79100.0
2015-06-23	2.12	2.98	3.0	3.0	15900.0
2015-06-24	2.12	3.0	3.02	3.0	164700.0
2015-06-25	2.12	2.96	3.0	2.98	63400.0
2015-06-26	2.12	2.96	2.96	2.96	16800.0
2015-06-29	2.14	2.92	3.0	2.96	29700.0
2015-06-30	2.12	2.88	3.02	2.96	74400.0
2015-07-02	2.14	2.9	2.96	2.92	5800.0
2015-07-03	2.14	2.88	2.92	2.92	66000.0
2015-07-06	2.14	2.88	2.92	2.92	5300.0
2015-07-07	2.16	2.88	2.94	2.94	45100.0
2015-07-08	2.1	2.9	2.92	2.92	10500.0
2015-07-09	2.1	2.92	2.92	2.92	200.0
2015-07-10	2.1	2.9	2.96	2.96	18500.0
2015-07-13	2.12	2.92	2.94	2.94	10200.0
2015-07-14	2.1	2.9	2.94	2.94	9700.0
2015-07-16	2.12	2.88	2.94	2.94	46100.0
2015-07-17	2.1	2.82	3.14	2.82	6116100.0
2015-07-20	2.1	2.62	2.88	2.64	692600.0
2015-07-21	2.12	2.56	2.76	2.66	462100.0
2015-07-22	2.14	2.54	2.7	2.7	72700.0
2015-07-23	2.12	2.66	2.76	2.7	16000.0
2015-07-24	2.06	2.68	2.76	2.68	8800.0
2015-07-27	2.06	2.6	2.72	2.62	116800.0
2015-07-28	2.08	2.5	2.7	2.5	86200.0
2015-07-29	2.12	2.58	2.66	2.6	48300.0
2015-07-31	2.12	2.6	2.66	2.66	4200.0
2015-08-03	2.12	2.6	2.68	2.64	18700.0
2015-08-04	2.1	2.62	2.66	2.66	6300.0
2015-08-05	2.08	2.62	2.66	2.66	30000.0
2015-08-06	2.02	2.64	2.72	2.66	14600.0
2015-08-07	2.0	2.6	2.78	2.78	171300.0
2015-08-10	2.08	2.62	2.78	2.78	85200.0
2015-08-11	2.1	2.66	2.7	2.7	41400.0
2015-08-13	2.14	2.58	2.68	2.68	71300.0
2015-08-14	2.16	2.54	2.62	2.54	72800.0
2015-08-17	2.14	2.54	2.6	2.56	109800.0
2015-08-18	2.14	2.3	2.62	2.56	93000.0
2015-08-19	2.26	2.5	2.6	2.56	5900.0
2015-08-20	2.2	2.54	2.6	2.6	2900.0
2015-08-21	2.18	2.52	2.58	2.58	27200.0
2015-08-24	2.12	2.4	2.56	2.52	118500.0
2015-08-25	2.14	2.46	2.56	2.5	75200.0
2015-08-26	2.14	2.5	2.56	2.54	4700.0
2015-08-27	2.16	2.52	2.56	2.56	15400.0
2015-08-28	2.16	2.48	2.6	2.6	77100.0
2015-08-31	2.14	2.46	2.6	2.5	111800.0
2015-09-01	2.16	2.38	2.48	2.44	121500.0
2015-09-02	2.14	2.38	2.44	2.4	59000.0
2015-09-03	2.16	2.38	2.42	2.4	62100.0
2015-09-04	2.18	2.4	2.48	2.42	18700.0
2015-09-07	2.2	2.38	2.42	2.4	68200.0
2015-09-08	2.26	2.36	2.38	2.36	49100.0
2015-09-09	2.28	2.38	2.4	2.4	55300.0
2015-09-10	2.22	2.36	2.4	2.36	99000.0
2015-09-11	2.24	2.38	2.5	2.44	520000.0
2015-09-14	2.24	2.42	2.62	2.46	5214000.0
2015-09-15	2.22	2.34	2.54	2.4	1529500.0
2015-09-16	2.22	2.34	2.42	2.36	152200.0
2015-09-17	2.22	2.34	2.38	2.36	159300.0
2015-09-18	2.2	2.3	2.38	2.34	299100.0
2015-09-21	2.24	2.3	2.34	2.34	79200.0
2015-09-22	2.18	2.3	2.34	2.3	190700.0
2015-09-23	2.2	2.2	2.28	2.26	231600.0
2015-09-24	2.14	2.24	2.26	2.24	8300.0
2015-09-25	2.06	2.2	2.24	2.22	108000.0
2015-09-28	2.1	2.08	2.22	2.08	362100.0
2015-09-29	2.1	2.06	2.1	2.1	216300.0
2015-09-30	2.08	2.1	2.12	2.1	28500.0
2015-10-01	2.08	2.0	2.1	2.0	116800.0
2015-10-02	2.1	1.98	2.02	2.02	170300.0
2015-10-05	2.1	2.0	2.04	2.02	109700.0
2015-10-06	2.12	1.43	2.04	1.96	573700.0
2015-10-07	2.1	1.93	1.96	1.96	99300.0
2015-10-08	2.1	1.95	2.0	2.0	251000.0
2015-10-09	2.08	1.96	2.0	1.99	92900.0
2015-10-12	2.04	1.97	1.99	1.99	83800.0
2015-10-13	2.1	1.96	2.0	1.99	94600.0
2015-10-14	2.1	1.94	1.99	1.99	137500.0
2015-10-15	2.12	1.96	2.0	2.0	104400.0
2015-10-16	2.14	1.93	2.02	1.93	366600.0
2015-10-19	2.12	1.94	1.98	1.94	102600.0
2015-10-20	2.14	1.92	1.96	1.95	189000.0
2015-10-21	2.16	1.95	2.04	2.04	465600.0
2015-10-22	2.14	1.98	2.04	2.0	57600.0
2015-10-26	2.16	1.98	2.02	1.98	54400.0
2015-10-27	2.18	1.97	2.02	2.02	158400.0
2015-10-28	2.2	1.99	2.04	2.04	102000.0
2015-10-29	2.22	1.95	2.04	1.98	253900.0
2015-10-30	2.22	1.98	2.02	1.99	94500.0
2015-11-02	2.24	1.99	2.02	2.0	11400.0
2015-11-03	2.26	1.97	2.0	1.97	31800.0
2015-11-04	2.24	1.97	2.02	1.97	181500.0
2015-11-05	2.3	1.97	2.02	1.97	35300.0
2015-11-06	2.3	1.97	2.0	2.0	64400.0
2015-11-09	2.24	1.98	2.02	2.0	29300.0
2015-11-10	2.14	1.97	1.98	1.98	79900.0
2015-11-11	2.12	1.93	1.99	1.93	66300.0
2015-11-12	2.14	1.89	1.95	1.92	87900.0
2015-11-13	2.14	1.87	1.96	1.91	130700.0
2015-11-16	2.18	1.86	1.89	1.88	82600.0
2015-11-17	2.22	1.81	1.85	1.84	248600.0
2015-11-18	2.16	1.81	1.86	1.82	79500.0
2015-11-19	2.16	1.8	1.84	1.82	36500.0
2015-11-20	2.18	1.82	1.83	1.82	36900.0
2015-11-23	2.2	1.86	1.9	1.9	207300.0
2015-11-24	2.18	1.86	1.88	1.87	55300.0
2015-11-25	2.18	1.84	1.88	1.86	63800.0
2015-11-26	2.18	1.86	1.96	1.86	13300.0
2015-11-27	2.18	1.86	1.88	1.87	18200.0
2015-11-30	2.22	1.84	1.88	1.85	28100.0
2015-12-01	2.2	1.84	1.88	1.85	41900.0
2015-12-02	2.2	1.8	1.88	1.85	122700.0
2015-12-03	2.2	1.79	1.85	1.8	55300.0
2015-12-04	2.2	1.78	1.81	1.81	20500.0
2015-12-08	2.32	1.8	1.85	1.8	1100.0
2015-12-09	2.32	1.7	1.78	1.74	121000.0
2015-12-11	2.38	1.67	1.73	1.7	100500.0
2015-12-14	2.42	1.66	1.97	1.69	106300.0
2015-12-15	2.34	1.65	1.72	1.71	77100.0
2015-12-16	2.36	1.7	1.72	1.72	21400.0
2015-12-17	2.3	1.68	1.72	1.72	51400.0
2015-12-18	2.34	1.65	1.72	1.7	25400.0
2015-12-21	2.28	1.66	1.7	1.7	11900.0
2015-12-22	2.3	1.68	1.71	1.68	14200.0
2015-12-23	2.32	1.5	1.7	1.69	6500.0
2015-12-24	2.3	1.69	1.7	1.7	3100.0
2015-12-25	2.38	1.7	1.71	1.7	1600.0
2015-12-28	2.36	1.66	1.7	1.7	1400.0
2015-12-29	2.32	1.7	1.7	1.7	10900.0
2015-12-30	2.28	1.7	1.71	1.71	4600.0
2016-01-04	2.28	1.68	1.69	1.69	5500.0
2016-01-05	2.28	1.68	1.7	1.68	13100.0
2016-01-06	2.26	1.7	1.7	1.7	200.0
2016-01-07	2.24	1.67	1.7	1.7	13800.0
2016-01-08	2.2	1.69	1.69	1.69	2800.0
2016-01-11	2.2	1.67	1.7	1.7	10600.0
2016-01-12	2.22	1.68	1.68	1.68	3600.0
2016-01-13	2.22	1.68	1.69	1.69	3000.0
2016-01-14	2.24	1.7	1.7	1.7	500.0
2016-01-15	2.22	1.69	1.7	1.7	3500.0
2016-01-19	2.22	1.69	1.7	1.69	3700.0
2016-01-20	2.22	1.66	1.7	1.7	10100.0
2016-01-21	2.2	1.69	1.7	1.7	5000.0
2016-01-22	2.2	1.7	1.72	1.7	7400.0
2016-01-25	2.2	1.69	1.78	1.77	993100.0
2016-01-26	2.22	1.71	1.85	1.73	2145900.0
2016-01-27	2.2	1.73	1.77	1.74	242600.0
2016-01-28	2.18	1.7	1.82	1.74	908600.0
2016-01-29	2.18	1.74	1.78	1.76	199800.0
2016-02-01	2.18	1.74	1.77	1.75	132900.0
2016-02-02	2.26	1.71	1.78	1.73	304700.0
2016-02-04	2.22	1.7	1.72	1.72	67600.0
2016-02-05	2.26	1.69	1.72	1.71	76200.0
2016-02-08	2.22	1.67	1.7	1.7	95000.0
2016-02-09	2.3	1.69	1.69	1.69	100.0
2016-02-10	2.28	1.65	1.69	1.65	295900.0
2016-02-11	2.3	1.64	1.65	1.64	75200.0
2016-02-12	2.26	1.61	1.65	1.61	41200.0
2016-02-15	2.24	1.61	1.62	1.61	36200.0
2016-02-16	2.18	1.6	1.64	1.61	41800.0
2016-02-17	2.2	1.58	1.61	1.58	47100.0
2016-02-18	2.14	1.55	1.64	1.6	22100.0
2016-02-19	2.16	1.62	1.64	1.62	3400.0
2016-02-23	2.16	1.62	1.62	1.62	4000.0
2016-02-24	2.18	1.64	1.64	1.64	7600.0
2016-02-26	2.14	1.58	1.63	1.6	112600.0
2016-02-29	2.18	1.59	1.59	1.59	7200.0
2016-03-01	2.14	1.57	1.6	1.59	173000.0
2016-03-02	2.14	1.55	1.59	1.58	97500.0
2016-03-03	2.14	1.55	1.58	1.58	65800.0
2016-03-04	2.16	1.56	1.58	1.57	53700.0
2016-03-07	2.14	1.56	1.6	1.58	195600.0
2016-03-08	2.14	1.58	1.64	1.64	517900.0
2016-03-09	2.18	1.61	1.64	1.64	12400.0
2016-03-10	2.2	1.58	1.65	1.65	415600.0
2016-03-11	2.8	1.6	1.63	1.63	133100.0
2016-03-14	3.54	1.6	1.62	1.6	39500.0
2016-03-15	3.22	1.6	1.61	1.6	600.0
2016-03-16	3.1	1.6	1.61	1.6	45400.0
2016-03-17	3.5	1.6	1.61	1.6	85200.0
2016-03-21	4.04	1.56	1.64	1.56	166600.0
2016-03-22	3.52	1.61	1.63	1.62	96500.0
2016-03-23	3.54	1.57	1.61	1.61	113100.0
2016-03-25	2.8	1.61	1.61	1.61	4500.0
2016-03-29	2.46	1.61	1.68	1.61	20900.0
2016-03-30	2.44	1.57	1.63	1.63	100600.0
2016-03-31	2.34	1.64	1.66	1.66	142800.0
2016-04-01	2.24	1.66	1.7	1.69	272900.0
2016-04-04	2.2	1.66	1.82	1.7	2562500.0
2016-04-05	2.26	1.68	1.72	1.7	247900.0
2016-04-07	2.2	1.64	1.73	1.64	561000.0
2016-04-08	2.28	1.65	1.66	1.65	78500.0
2016-04-11	2.2	1.68	1.71	1.7	320100.0
2016-04-12	2.2	1.69	1.7	1.7	90100.0
2016-04-18	2.16	1.7	1.7	1.7	50000.0
2016-04-19	2.16	1.7	1.71	1.7	97500.0
2016-04-20	2.18	1.71	1.78	1.75	541300.0
2016-04-21	2.16	1.76	1.82	1.82	716500.0
2016-04-22	2.2	1.79	1.81	1.81	182500.0
2016-04-25	2.2	1.78	1.97	1.93	3781000.0
2016-04-26	2.18	1.94	2.18	2.02	4147000.0
2016-04-27	2.16	1.91	2.1	1.91	914400.0
2016-04-28	2.16	1.88	1.95	1.9	461400.0
2016-04-29	2.16	1.9	1.96	1.9	376500.0
2016-05-03	2.14	1.93	1.95	1.95	496400.0
2016-05-04	2.12	1.95	2.02	1.97	1249300.0
2016-05-06	2.14	1.95	2.02	1.97	1249300.0
2016-05-09	2.14	1.94	2.0	2.0	133800.0
2016-05-10	2.06	2.0	2.1	2.08	1221800.0
2016-05-11	2.02	2.08	2.26	2.14	1446300.0
2016-05-12	2.06	2.1	2.14	2.12	232700.0
2016-05-13	2.06	2.04	2.18	2.04	742900.0
2016-05-16	2.08	1.99	2.08	1.99	445300.0
2016-05-17	2.08	1.96	1.99	1.96	98600.0
2016-05-18	2.06	1.87	1.94	1.87	452200.0
2016-05-19	2.06	1.81	1.94	1.89	172400.0
2016-05-23	2.08	1.87	1.9	1.87	68100.0
2016-05-24	2.1	1.84	1.87	1.84	91700.0
2016-05-25	2.14	1.84	1.86	1.84	34500.0
2016-05-26	2.14	1.85	1.87	1.85	57400.0
2016-05-27	2.16	1.85	1.92	1.9	105700.0
2016-05-30	2.18	1.91	1.99	1.97	142600.0
2016-05-31	2.16	1.94	2.0	2.0	47300.0
2016-06-01	2.18	1.96	2.04	1.99	168000.0
2016-06-02	2.16	1.98	1.99	1.98	27300.0
2016-06-03	2.18	1.96	2.0	2.0	60000.0
2016-06-06	2.2	1.99	2.02	1.99	66100.0
2016-06-07	2.16	2.0	2.0	2.0	16000.0
2016-06-08	2.5	1.97	1.97	1.97	3600.0
2016-06-09	2.36	2.02	2.02	2.02	100.0
2016-06-10	2.24	2.0	2.04	2.0	49600.0
2016-06-13	2.22	2.02	2.04	2.04	11000.0
2016-06-14	2.2	1.99	2.04	2.04	117300.0
2016-06-15	2.14	2.0	2.02	2.0	20900.0
2016-06-16	2.16	2.0	2.04	2.0	39300.0
2016-06-17	2.08	2.0	2.02	2.0	19500.0
2016-06-20	2.08	2.02	2.02	2.02	7500.0
2016-06-21	2.06	2.02	2.02	2.02	7600.0
2016-06-22	2.06	2.04	2.04	2.04	10000.0
2016-06-23	2.04	2.04	2.04	2.04	3000.0
2016-06-24	2.06	2.0	2.02	2.0	110500.0
2016-06-27	2.08	2.0	2.0	2.0	6500.0
2016-06-28	2.12	1.9	2.02	2.02	6000.0
2016-06-29	2.14	1.96	2.02	2.0	190300.0
2016-06-30	2.22	1.99	2.0	2.0	20500.0
2016-07-04	2.16	1.97	2.0	1.97	67700.0
2016-07-05	2.12	1.99	2.02	2.02	12000.0
2016-07-06	2.14	1.9	2.0	2.0	123400.0
2016-07-07	2.12	2.0	2.0	2.0	50000.0
2016-07-08	2.14	1.96	1.99	1.99	60200.0
2016-07-11	2.14	1.99	1.99	1.99	4600.0
2016-07-12	2.12	2.0	2.06	2.06	137200.0
2016-07-13	2.12	2.0	2.04	2.02	55200.0
2016-07-14	2.16	2.0	2.06	2.04	6900.0
2016-07-15	2.14	1.98	2.04	2.04	185900.0
2016-07-20	2.18	2.0	2.04	2.04	154500.0
2016-07-21	2.12	2.0	2.02	2.0	73600.0
2016-07-22	2.08	2.02	2.02	2.02	9400.0
2016-07-25	2.02	2.04	2.1	2.04	429100.0
2016-07-26	2.0	2.04	2.18	2.06	2468700.0
2016-07-27	1.95	2.04	2.1	2.06	522400.0
2016-07-28	1.97	2.06	2.14	2.14	736100.0
2016-07-29	1.99	2.14	2.2	2.16	670400.0
2016-08-01	1.99	2.12	2.2	2.16	428700.0
2016-08-02	2.02	2.14	2.22	2.16	786500.0
2016-08-03	2.02	2.12	2.18	2.12	44300.0
2016-08-04	2.02	2.14	2.18	2.16	168000.0
2016-08-05	2.0	2.12	2.18	2.14	188200.0
2016-08-08	2.0	2.1	2.18	2.16	137200.0
2016-08-09	2.04	2.06	2.18	2.14	971800.0
2016-08-10	2.04	2.1	2.18	2.18	270800.0
2016-08-11	2.02	2.18	2.38	2.38	3232500.0
2016-08-15	2.02	2.08	2.36	2.1	3488300.0
2016-08-16	2.02	2.04	2.1	2.06	447000.0
2016-08-17	2.02	2.0	2.08	2.02	325700.0
2016-08-18	2.04	2.0	2.1	2.02	679300.0
2016-08-19	2.06	2.0	2.04	2.0	508500.0
2016-08-22	2.04	1.99	2.02	2.02	192200.0
2016-08-23	2.0	1.99	2.1	2.08	362100.0
2016-08-24	2.06	2.02	2.08	2.06	76600.0
2016-08-25	2.06	2.04	2.1	2.06	23800.0
2016-08-26	2.04	2.04	2.1	2.06	54400.0
2016-08-29	2.02	2.02	2.08	2.06	49100.0
2016-08-30	2.0	2.0	2.08	2.06	288300.0
2016-08-31	2.02	2.0	2.04	2.04	151900.0
2016-09-01	2.0	1.99	2.02	1.99	161800.0
2016-09-02	2.04	1.97	2.0	1.97	145200.0
2016-09-05	2.04	1.91	2.0	1.93	463900.0
2016-09-06	2.06	1.89	1.98	1.97	25400.0
2016-09-07	2.04	1.87	1.98	1.88	740900.0
2016-09-08	2.06	1.72	1.88	1.79	737200.0
2016-09-09	2.08	1.64	1.79	1.68	1596900.0
2016-09-12	2.06	1.67	1.7	1.7	122200.0
2016-09-13	2.08	1.7	1.74	1.74	350000.0
2016-09-14	2.06	1.72	1.77	1.72	356400.0
2016-09-15	2.08	1.72	1.76	1.76	309400.0
2016-09-16	2.1	1.72	1.77	1.72	99800.0
2016-09-19	2.08	1.71	1.77	1.76	198100.0
2016-09-20	2.06	1.7	1.72	1.72	109800.0
2016-09-21	2.06	1.69	1.74	1.72	323300.0
2016-09-22	2.06	1.73	1.75	1.75	54500.0
2016-09-23	2.08	1.71	1.76	1.73	162100.0
2016-09-26	2.1	1.73	1.74	1.74	400.0
2016-09-27	2.12	1.71	1.74	1.73	67400.0
2016-09-28	2.1	1.7	1.74	1.7	222600.0
2016-09-29	2.06	1.7	1.73	1.7	183300.0
2016-09-30	2.08	1.69	1.71	1.71	92500.0
2016-10-03	2.08	1.7	1.71	1.7	287000.0
2016-10-04	2.08	1.69	1.71	1.71	81400.0
2016-10-05	2.1	1.72	1.72	1.72	1000.0
2016-10-06	2.1	1.72	1.74	1.74	79500.0
2016-10-07	2.08	1.73	1.8	1.75	697400.0
2016-10-10	2.08	1.65	1.73	1.65	300900.0
2016-10-11	2.08	1.63	1.69	1.65	359200.0
2016-10-12	2.14	1.57	1.68	1.65	218400.0
2016-10-13	2.08	1.57	1.66	1.65	164200.0
2016-10-14	2.06	1.65	1.8	1.76	222300.0
2016-10-17	2.08	1.71	1.73	1.73	59600.0
2016-10-18	2.08	1.72	1.75	1.74	20900.0
2016-10-19	2.06	1.75	1.79	1.76	206400.0
2016-10-20	2.06	1.75	1.78	1.77	179700.0
2016-10-21	2.06	1.74	1.79	1.79	66800.0
2016-10-25	2.08	1.77	1.78	1.78	200.0
2016-10-26	2.08	1.76	1.8	1.8	13800.0
2016-10-27	2.08	1.76	1.8	1.79	199700.0
2016-10-28	2.08	1.76	1.78	1.78	40000.0
2016-10-31	2.06	1.82	1.88	1.84	2800.0
2016-11-01	2.1	1.82	1.87	1.85	7300.0
2016-11-02	2.12	1.8	1.87	1.83	268700.0
2016-11-03	2.14	1.83	1.88	1.85	67400.0
2016-11-04	2.12	1.86	1.95	1.91	477800.0
2016-11-07	2.14	1.92	1.96	1.93	306800.0
2016-11-08	2.16	1.89	1.93	1.92	107700.0
2016-11-09	2.14	1.83	1.9	1.9	193000.0
2016-11-10	2.12	1.9	1.93	1.9	47000.0
2016-11-11	2.08	1.82	1.92	1.82	377200.0
2016-11-14	2.12	1.79	1.85	1.8	164700.0
2016-11-15	2.12	1.76	1.84	1.76	341800.0
2016-11-16	2.1	1.8	1.84	1.8	27700.0
2016-11-17	2.16	1.74	1.81	1.76	79900.0
2016-11-18	2.28	1.78	1.8	1.8	500.0
2016-11-21	2.34	1.81	1.81	1.81	1600.0
2016-11-22	2.3	1.8	1.84	1.84	9600.0
2016-11-23	2.3	1.79	1.83	1.79	77700.0
2016-11-24	2.3	1.8	1.8	1.8	2500.0
2016-11-25	2.36	1.8	1.82	1.8	15400.0
2016-11-28	2.38	1.8	1.8	1.8	3500.0
2016-11-29	2.36	1.8	1.82	1.81	3600.0
2016-11-30	2.36	1.82	1.87	1.86	291800.0
2016-12-01	2.36	1.82	1.86	1.82	218200.0
2016-12-02	2.38	1.82	1.85	1.82	34300.0
2016-12-06	2.28	1.82	1.84	1.84	146600.0
2016-12-07	2.24	1.81	1.86	1.82	120900.0
2016-12-08	2.22	1.86	1.89	1.87	146300.0
2016-12-09	2.24	1.88	1.92	1.89	335500.0
2016-12-13	2.26	1.89	2.0	1.93	1746000.0
2016-12-14	2.26	1.95	2.22	2.18	23773000.0
2016-12-15	2.18	2.08	2.18	2.14	3826300.0
2016-12-16	2.26	2.08	2.14	2.1	1048700.0
2016-12-19	2.28	2.08	2.16	2.1	1077000.0
2016-12-20	2.26	1.99	2.16	2.0	1090100.0
2016-12-21	2.26	1.97	2.02	1.98	522100.0
2016-12-22	2.26	1.98	2.02	1.98	663700.0
2016-12-23	2.24	1.98	2.02	1.98	366200.0
2016-12-26	2.26	1.99	2.1	2.02	1361800.0
2016-12-27	2.24	2.02	2.32	2.18	19854900.0
2016-12-28	2.26	2.2	2.32	2.22	8648200.0
2016-12-29	2.24	2.22	2.38	2.26	14329200.0
2016-12-30	2.24	2.24	2.3	2.24	2461500.0
2017-01-04	2.22	2.24	2.32	2.26	3500700.0
2017-01-05	2.2	2.28	2.58	2.44	28359000.0
2017-01-06	2.2	2.46	2.64	2.5	13794900.0
2017-01-09	2.18	2.44	2.6	2.46	4457300.0
2017-01-10	2.22	2.46	2.54	2.48	2122900.0
2017-01-11	2.18	2.42	2.6	2.46	4561300.0
2017-01-12	2.16	2.38	2.5	2.4	1274300.0
2017-01-13	2.16	2.36	2.46	2.38	888400.0
2017-01-16	2.16	2.26	2.4	2.28	1835000.0
2017-01-17	2.16	2.26	2.32	2.28	644700.0
2017-01-18	2.16	2.22	2.3	2.22	1180500.0
2017-01-19	2.16	2.08	2.24	2.08	2031100.0
2017-01-20	2.16	2.04	2.12	2.12	683800.0
2017-01-23	2.14	2.1	2.28	2.28	4401300.0
2017-01-24	2.16	2.24	2.34	2.24	2424700.0
2017-01-25	2.16	2.2	2.28	2.24	1037100.0
2017-01-26	2.16	2.2	2.26	2.2	291600.0
2017-01-27	2.18	2.18	2.22	2.18	510500.0
2017-01-30	2.18	2.14	2.22	2.18	950800.0
2017-01-31	2.2	2.14	2.18	2.16	429400.0
2017-02-01	2.18	2.14	2.18	2.14	327200.0
2017-02-02	2.18	2.12	2.16	2.16	199200.0
2017-02-03	2.2	2.14	2.22	2.16	1180900.0
2017-02-06	2.22	2.16	2.3	2.26	4664300.0
2017-02-07	2.2	2.24	2.32	2.26	1496600.0
2017-02-08	2.2	2.26	2.3	2.26	457800.0
2017-02-09	2.22	2.24	2.3	2.24	474600.0
2017-02-10	2.32	2.24	2.4	2.38	10627200.0
2017-02-14	2.28	2.36	2.44	2.36	3261100.0
2017-02-15	2.22	2.28	2.38	2.3	1298000.0
2017-02-16	2.3	2.32	2.36	2.36	681500.0
2017-02-17	2.3	2.36	2.42	2.36	1607100.0
2017-02-20	2.26	2.36	2.42	2.42	990000.0
2017-02-21	2.16	2.36	2.46	2.4	1329000.0
2017-02-22	2.16	2.36	2.42	2.38	647700.0
2017-02-23	2.16	2.38	2.54	2.5	6987700.0
2017-02-24	2.2	2.46	2.52	2.48	3815800.0
2017-02-27	2.18	2.24	2.52	2.26	4510100.0
2017-02-28	2.16	2.18	2.28	2.18	2244800.0
2017-03-01	2.14	2.02	2.12	2.12	5484900.0
2017-03-02	2.16	2.12	2.2	2.12	1391900.0
2017-03-03	2.12	2.08	2.12	2.08	471800.0
2017-03-06	2.12	2.08	2.14	2.12	983000.0
2017-03-07	2.12	2.1	2.18	2.1	1072900.0
2017-03-08	2.12	2.04	2.16	2.12	1745200.0
2017-03-09	2.14	2.08	2.12	2.1	694100.0
2017-03-10	2.14	2.1	2.12	2.1	369700.0
2017-03-13	2.12	2.04	2.12	2.06	583900.0
2017-03-14	2.12	2.04	2.1	2.06	298400.0
2017-03-15	2.14	2.06	2.14	2.1	543000.0
2017-03-16	2.12	2.1	2.16	2.16	415300.0
2017-03-17	2.14	2.12	2.18	2.14	422400.0
2017-03-20	2.14	2.14	2.16	2.14	266100.0
2017-03-21	2.14	2.12	2.2	2.18	966700.0
2017-03-22	2.14	2.16	2.2	2.16	570300.0
2017-03-23	2.12	2.14	2.2	2.2	281400.0
2017-03-24	2.12	2.18	2.2	2.18	215600.0
2017-03-27	2.14	2.16	2.2	2.16	465700.0
2017-03-28	2.14	2.14	2.18	2.18	499300.0
2017-03-29	2.12	2.18	2.2	2.2	164800.0
2017-03-30	2.12	2.2	2.24	2.22	217500.0
2017-03-31	2.12	2.22	2.24	2.22	185200.0
2017-04-03	2.12	2.2	2.22	2.2	327400.0
2017-04-04	2.12	2.2	2.26	2.26	728000.0
2017-04-05	2.12	2.22	2.26	2.26	967600.0
2017-04-07	2.14	2.12	2.16	2.16	661800.0
2017-04-10	2.14	2.12	2.14	2.12	187000.0
2017-04-11	2.14	2.1	2.14	2.1	98100.0
2017-04-12	2.12	2.1	2.14	2.12	278300.0
2017-04-17	2.14	2.08	2.16	2.1	617900.0
2017-04-18	2.14	2.08	2.12	2.1	466600.0
2017-04-19	2.14	2.1	2.16	2.14	1046700.0
2017-04-20	2.16	2.12	2.14	2.12	84600.0
2017-04-21	2.16	2.1	2.12	2.1	631300.0
2017-04-24	2.2	2.06	2.1	2.1	276000.0
2017-04-25	2.22	2.06	2.1	2.06	240500.0
2017-04-26	2.22	2.04	2.08	2.06	317100.0
2017-04-27	2.16	2.04	2.08	2.04	326800.0
2017-04-28	2.14	2.06	2.1	2.1	489900.0
2017-05-02	2.12	2.08	2.12	2.12	360700.0
2017-05-03	2.14	2.08	2.1	2.1	89600.0
2017-05-04	2.16	2.08	2.1	2.1	195500.0
2017-05-05	2.12	2.08	2.1	2.1	361200.0
2017-05-08	2.14	2.06	2.1	2.08	200100.0
2017-05-09	2.12	2.04	2.06	2.04	323900.0
2017-05-11	2.14	1.99	2.04	2.0	746500.0
2017-05-12	2.16	1.93	1.96	1.95	324700.0
2017-05-15	2.14	2.04	2.18	2.14	7211100.0
2017-05-16	2.18	2.12	2.18	2.16	1875700.0
2017-05-17	2.2	2.14	2.24	2.22	4220900.0
2017-05-18	2.16	2.18	2.3	2.28	3872900.0
2017-05-19	2.14	2.28	2.38	2.34	6609300.0
2017-05-22	2.12	2.34	2.42	2.38	3421000.0
2017-05-23	2.14	2.26	2.4	2.34	2671500.0
2017-05-24	2.14	2.32	2.36	2.34	1147500.0
2017-05-25	2.12	2.36	2.44	2.38	3545900.0
2017-05-26	2.14	2.34	2.42	2.38	831600.0
2017-05-29	2.16	2.36	2.42	2.38	932400.0
2017-05-30	2.16	2.38	2.38	2.38	190800.0
2017-05-31	2.16	2.28	2.38	2.28	1133900.0
2017-06-01	2.14	2.28	2.34	2.34	593300.0
2017-06-02	2.2	2.32	2.38	2.34	505300.0
2017-06-05	2.14	2.34	2.52	2.52	13086200.0
2017-06-06	2.14	2.56	3.26	3.26	102824800.0
2017-06-07	2.16	3.0	3.32	3.26	56116600.0
2017-06-08	2.18	3.2	3.62	3.2	102502500.0
2017-06-09	2.18	3.0	3.18	3.08	19893000.0
2017-06-12	2.2	3.04	3.3	3.24	42735000.0
2017-06-13	2.2	3.14	3.28	3.18	19620700.0
2017-06-14	2.2	3.12	3.26	3.14	19619800.0
2017-06-15	2.24	3.12	3.38	3.3	51724400.0
2017-06-16	2.2	3.08	3.36	3.08	30725300.0
2017-06-19	2.18	3.0	3.14	3.04	12158500.0
2017-06-20	2.22	3.02	3.1	3.06	9142200.0
2017-06-21	2.22	3.08	3.24	3.16	32420800.0
2017-06-22	2.18	3.08	3.22	3.1	16967900.0
2017-06-23	2.18	3.06	3.12	3.06	4995100.0
2017-06-26	2.2	3.08	3.14	3.1	3687600.0
2017-06-27	2.18	3.08	3.18	3.08	6989500.0
2017-06-28	2.22	3.04	3.1	3.04	3180500.0
2017-06-29	2.3	2.92	3.08	2.92	6679400.0
2017-06-30	2.28	2.7	2.92	2.7	9752300.0
2017-07-03	2.26	2.74	2.86	2.82	10374700.0
2017-07-04	2.28	2.7	2.82	2.72	6405600.0
2017-07-05	2.26	2.72	2.8	2.78	8393500.0
2017-07-06	2.26	2.72	2.82	2.72	5842700.0
2017-07-07	2.32	2.7	2.76	2.7	3306600.0
2017-07-11	2.36	2.64	2.72	2.68	2068300.0
2017-07-12	2.32	2.68	2.76	2.72	3732600.0
2017-07-13	2.32	2.68	2.74	2.68	1859500.0
2017-07-14	2.28	2.72	2.98	2.88	34419100.0
2017-07-17	2.28	2.82	2.94	2.88	8412300.0
2017-07-18	2.28	2.86	3.0	2.96	11164800.0
2017-07-19	2.12	2.92	3.04	2.92	8683800.0
2017-07-20	2.14	2.86	2.98	2.86	4769100.0
2017-07-21	2.16	2.78	2.88	2.78	3073000.0
2017-07-24	2.14	2.74	2.8	2.76	1938200.0
2017-07-25	2.1	2.76	2.9	2.88	9149400.0
2017-07-26	2.12	2.8	2.92	2.8	5094600.0
2017-07-27	2.14	2.78	2.84	2.82	908500.0
2017-07-31	2.14	2.82	2.9	2.86	4235400.0
2017-08-01	2.14	2.82	2.92	2.82	5338200.0
2017-08-02	2.12	2.8	2.86	2.8	2324000.0
2017-08-03	2.16	2.74	2.8	2.76	2179700.0
2017-08-04	2.12	2.76	2.82	2.78	1750200.0
2017-08-07	2.1	2.72	2.82	2.74	3831400.0
2017-08-08	2.12	2.68	2.76	2.7	1885600.0
2017-08-09	2.14	2.56	2.7	2.6	3039700.0
2017-08-10	2.14	2.44	2.58	2.44	3652900.0
2017-08-11	2.16	2.3	2.42	2.3	1876800.0
2017-08-15	2.26	2.3	2.48	2.42	1605200.0
2017-08-16	2.16	2.42	2.48	2.44	673800.0
2017-08-17	2.12	2.44	2.48	2.44	334400.0
2017-08-18	2.14	2.42	2.46	2.42	264300.0
2017-08-21	2.1	2.42	2.46	2.42	206100.0
2017-08-22	2.12	2.4	2.44	2.44	372700.0
2017-08-23	2.12	2.42	2.46	2.44	162500.0
2017-08-24	2.14	2.44	2.48	2.44	261700.0
2017-08-25	2.14	2.44	2.5	2.46	368100.0
2017-08-28	2.14	2.48	2.52	2.5	489500.0
2017-08-29	2.22	2.52	2.58	2.54	1940600.0
2017-08-30	2.24	2.56	2.6	2.58	659600.0
2017-08-31	2.24	2.52	2.6	2.54	685000.0
2017-09-01	2.18	2.52	2.58	2.54	1091600.0
2017-09-04	2.16	2.54	2.58	2.58	526800.0
2017-09-05	2.16	2.58	2.66	2.64	2845600.0
2017-09-06	2.12	2.64	2.72	2.7	3763300.0
2017-09-07	2.16	2.68	2.78	2.68	3715000.0
2017-09-08	2.14	2.68	2.74	2.68	1532900.0
2017-09-11	2.14	2.68	2.74	2.74	396500.0
2017-09-12	2.14	2.72	2.78	2.78	687400.0
2017-09-13	2.18	2.7	2.78	2.74	938800.0
2017-09-14	2.16	2.72	2.76	2.76	647900.0
2017-09-15	2.14	2.72	2.76	2.74	567900.0
2017-09-18	2.14	2.7	2.76	2.7	519400.0
2017-09-19	2.16	2.68	2.74	2.74	517900.0
2017-09-20	2.16	2.7	2.78	2.76	975800.0
2017-09-21	2.14	2.74	2.78	2.76	390400.0
2017-09-22	2.14	2.72	2.76	2.74	229200.0
2017-09-25	2.14	2.7	2.74	2.72	348800.0
2017-09-26	2.16	2.66	2.74	2.7	751100.0
2017-09-27	2.18	2.66	2.72	2.72	312600.0
2017-09-28	2.16	2.7	2.8	2.76	7981700.0
2017-09-29	2.16	2.74	2.78	2.74	1243200.0
2017-10-02	2.16	2.74	2.76	2.74	707000.0
2017-10-03	2.16	2.68	2.76	2.7	1288700.0
2017-10-04	2.16	2.68	2.72	2.7	446700.0
2017-10-05	2.16	2.7	2.76	2.76	424200.0
2017-10-06	2.16	2.72	2.76	2.74	298600.0
2017-10-09	2.16	2.66	2.74	2.7	1077800.0
2017-10-10	2.22	2.64	2.72	2.7	973000.0
2017-10-11	2.2	2.66	2.7	2.7	465200.0
2017-10-12	2.22	2.66	2.7	2.68	465800.0
2017-10-16	2.2	2.66	2.7	2.7	158100.0
2017-10-17	2.22	2.64	2.76	2.7	1927200.0
2017-10-18	2.22	2.6	2.7	2.64	907100.0
2017-10-19	2.22	2.52	2.64	2.58	1042000.0
2017-10-20	2.22	2.54	2.6	2.6	139400.0
2017-10-24	2.2	2.6	2.62	2.62	83500.0
2017-10-25	2.22	2.58	2.64	2.62	581700.0
2017-10-27	2.2	2.6	2.62	2.6	241900.0
2017-10-30	2.22	2.58	2.62	2.62	64100.0
2017-10-31	2.18	2.58	2.62	2.62	98100.0
2017-11-01	2.18	2.58	2.66	2.6	847800.0
2017-11-02	2.18	2.56	2.62	2.6	401600.0
2017-11-03	2.16	2.5	2.6	2.56	895000.0
2017-11-06	2.12	2.5	2.56	2.52	311600.0
2017-11-07	2.12	2.5	2.54	2.52	265300.0
2017-11-08	2.1	2.52	2.56	2.56	323800.0
2017-11-09	2.14	2.58	2.64	2.64	2310800.0
2017-11-10	2.16	2.58	2.68	2.6	1107400.0
2017-11-13	2.16	2.58	2.64	2.64	1076600.0
2017-11-14	2.18	1.85	2.08	1.85	18260100.0
2017-11-15	2.16	1.72	1.85	1.83	3820600.0
2017-11-16	2.16	1.82	1.88	1.83	1722500.0
2017-11-17	2.16	1.76	1.88	1.85	3097000.0
2017-11-20	2.18	1.81	1.85	1.83	339700.0
2017-11-21	2.16	1.83	1.97	1.88	5197900.0
2017-11-22	2.14	1.89	2.02	1.91	7760600.0
2017-11-23	2.1	1.87	1.93	1.87	690400.0
2017-11-24	2.12	1.82	1.91	1.83	1309400.0
2017-11-27	2.12	1.78	1.85	1.79	912000.0
2017-11-28	2.16	1.74	1.8	1.74	941800.0
2017-11-29	2.18	1.74	1.78	1.75	316900.0
2017-11-30	2.16	1.71	1.76	1.75	247900.0
2017-12-01	2.12	1.74	1.75	1.74	91300.0
2017-12-04	2.14	1.71	1.75	1.72	286800.0
2017-12-06	2.12	1.7	1.73	1.71	100100.0
2017-12-07	2.16	1.69	1.73	1.71	44500.0
2017-12-08	2.14	1.7	1.73	1.71	148600.0
2017-12-12	2.14	1.72	1.74	1.73	247600.0
2017-12-13	2.12	1.72	1.74	1.73	153700.0
2017-12-14	2.1	1.72	1.77	1.75	294900.0
2017-12-15	2.14	1.69	1.75	1.7	537600.0
2017-12-18	2.14	1.68	1.7	1.7	316300.0
2017-12-19	2.1	1.68	1.71	1.69	439700.0
2017-12-20	2.12	1.69	1.72	1.7	361000.0
2017-12-21	2.12	1.69	1.71	1.71	268300.0
2017-12-22	2.12	1.7	1.73	1.73	403700.0
2017-12-25	2.04	1.68	1.74	1.69	1314700.0
2017-12-26	1.99	1.67	1.7	1.67	636200.0
2017-12-27	1.95	1.66	1.69	1.67	473100.0
2017-12-28	1.95	1.66	1.69	1.69	118500.0
2017-12-29	1.98	1.66	1.68	1.66	76700.0
2018-01-03	1.94	1.66	1.69	1.68	214800.0
2018-01-04	1.9	1.66	1.68	1.66	136300.0
2018-01-05	1.94	1.64	1.68	1.64	108100.0
2018-01-08	1.9	1.65	1.67	1.66	78600.0
2018-01-09	1.9	1.66	1.7	1.66	273500.0
2018-01-10	1.9	1.65	1.68	1.65	16600.0
2018-01-11	1.95	1.64	1.73	1.66	972500.0
2018-01-12	1.95	1.65	1.7	1.69	302600.0
2018-01-15	1.93	1.66	1.7	1.7	150400.0
2018-01-16	1.94	1.68	1.76	1.7	994500.0
2018-01-17	1.99	1.7	1.75	1.72	153800.0
2018-01-18	1.99	1.69	1.73	1.69	112600.0
2018-01-19	1.98	1.69	1.72	1.72	120700.0
2018-01-22	1.96	1.7	1.73	1.71	116700.0
2018-01-23	1.88	1.69	1.72	1.71	438000.0
2018-01-24	1.88	1.7	1.77	1.73	1173800.0
2018-01-25	1.88	1.73	1.8	1.73	1755000.0
2018-01-26	1.88	1.72	1.8	1.77	439400.0
2018-01-29	1.9	1.75	1.79	1.76	131200.0
2018-01-30	1.9	1.73	1.77	1.77	60200.0
2018-01-31	1.88	1.72	1.79	1.77	173200.0
2018-02-01	1.88	1.74	1.76	1.74	57100.0
2018-02-02	1.93	1.7	1.76	1.75	38500.0
2018-02-06	1.88	1.69	1.79	1.74	169900.0
2018-02-07	1.93	1.71	1.75	1.75	99600.0
2018-02-08	1.9	1.72	1.78	1.75	84000.0
2018-02-09	1.9	1.72	1.76	1.74	120000.0
2018-02-12	1.89	1.73	1.75	1.73	156100.0
2018-02-13	1.89	1.72	1.81	1.74	598500.0
2018-02-14	1.9	1.72	1.77	1.73	221100.0
2018-02-15	1.92	1.73	1.76	1.76	30400.0
2018-02-16	2.02	1.73	1.76	1.75	54300.0
2018-02-19	2.02	1.72	1.78	1.78	180300.0
2018-02-20	2.0	1.76	1.78	1.78	142000.0
2018-02-21	2.04	1.74	1.77	1.74	232900.0
2018-02-22	2.06	1.7	1.77	1.75	79600.0
2018-02-23	2.04	1.75	1.77	1.77	86500.0
2018-02-26	2.04	1.71	1.77	1.77	122700.0
2018-02-27	2.06	1.72	1.74	1.74	278200.0
2018-02-28	2.06	1.7	1.75	1.75	88500.0
2018-03-02	2.06	1.66	1.7	1.7	113100.0
2018-03-05	2.08	1.61	1.7	1.61	554200.0
2018-03-06	2.06	1.58	1.63	1.62	141000.0
2018-03-07	2.06	1.61	1.64	1.63	19900.0
2018-03-08	2.08	1.6	1.63	1.62	73200.0
2018-03-09	2.06	1.61	1.64	1.62	71500.0
2018-03-12	2.1	1.57	1.62	1.62	385500.0
2018-03-13	2.1	1.57	1.64	1.59	291700.0
2018-03-14	2.04	1.59	1.61	1.6	57300.0
2018-03-15	2.08	1.6	1.61	1.61	1000.0
2018-03-19	2.06	1.6	1.6	1.6	6000.0
2018-03-20	2.08	1.58	1.63	1.58	48900.0
2018-03-21	2.06	1.56	1.66	1.57	991700.0
2018-03-22	2.06	1.58	1.63	1.62	349700.0
2018-03-23	2.06	1.6	1.61	1.6	58100.0
2018-03-26	2.04	1.59	1.6	1.6	14500.0
2018-03-27	2.06	1.59	1.6	1.6	82700.0
2018-03-28	2.06	1.56	1.59	1.59	124800.0
2018-03-29	2.08	1.56	1.59	1.56	24500.0
2018-03-30	2.04	1.58	1.59	1.58	82900.0
2018-04-02	2.04	1.56	1.57	1.56	13800.0
2018-04-03	2.06	1.52	1.57	1.54	505500.0
2018-04-04	2.06	1.51	1.55	1.52	11100.0
2018-04-05	2.06	1.52	1.57	1.56	156100.0
2018-04-09	2.06	1.56	1.56	1.56	1100.0
2018-04-10	2.06	1.53	1.56	1.53	4100.0
2018-04-11	2.04	1.53	1.53	1.53	14000.0
2018-04-12	2.06	1.56	1.56	1.56	100.0
2018-04-17	2.1	1.54	1.54	1.54	500.0
2018-04-18	2.1	1.53	1.56	1.56	100300.0
2018-04-19	2.08	1.56	1.57	1.57	29300.0
2018-04-20	2.08	1.55	1.57	1.56	64100.0
2018-04-23	2.1	1.57	1.57	1.57	40000.0
2018-04-24	2.06	1.57	1.57	1.57	72900.0
2018-04-25	2.08	1.55	1.56	1.55	25200.0
2018-04-26	2.1	1.54	1.57	1.56	49000.0
2018-04-27	2.1	1.56	1.56	1.56	41500.0
2018-04-30	2.1	1.56	1.57	1.56	150300.0
2018-05-02	2.08	1.56	1.56	1.56	17600.0
2018-05-03	2.08	1.56	1.57	1.56	103500.0
2018-05-04	2.1	1.56	1.57	1.57	28100.0
2018-05-07	2.1	1.57	1.57	1.57	24400.0
2018-05-08	2.12	1.56	1.57	1.57	87700.0
2018-05-09	2.14	1.57	1.57	1.57	48300.0
2018-05-10	2.2	1.56	1.57	1.56	89600.0
2018-05-11	2.28	1.56	1.58	1.57	61400.0
2018-05-14	2.24	1.57	1.6	1.58	295500.0
2018-05-15	2.24	1.51	1.56	1.51	294400.0
2018-05-16	2.24	1.51	1.55	1.51	84500.0
2018-05-17	2.24	1.51	1.51	1.51	23100.0
2018-05-18	2.2	1.51	1.51	1.51	100.0
2018-05-21	2.22	1.51	1.51	1.51	60800.0
2018-05-22	2.22	1.51	1.52	1.52	63200.0
2018-05-23	2.24	1.45	1.53	1.52	193300.0
2018-05-24	2.16	1.51	1.53	1.52	764100.0
2018-05-25	2.16	1.51	1.52	1.51	41000.0
2018-05-28	2.18	1.51	1.51	1.51	7800.0
2018-05-30	2.16	1.49	1.51	1.51	44600.0
2018-05-31	2.12	1.5	1.53	1.5	30700.0
2018-06-01	2.16	1.51	1.52	1.51	585600.0
2018-06-04	2.16	1.48	1.52	1.52	811500.0
2018-06-05	2.14	1.51	1.52	1.51	775500.0
2018-06-06	2.08	1.5	1.53	1.53	759400.0
2018-06-07	2.08	1.51	1.53	1.53	607800.0
2018-06-08	2.08	1.52	1.54	1.52	25500.0
2018-06-12	2.08	1.51	1.52	1.51	10200.0
2018-06-13	2.08	1.5	1.5	1.5	10500.0
2018-06-14	2.06	1.49	1.5	1.5	8100.0
2018-06-15	2.06	1.48	1.5	1.48	19100.0
2018-06-18	2.08	1.47	1.48	1.47	32000.0
2018-06-19	2.08	1.45	1.47	1.46	70500.0
2018-06-20	2.08	1.46	1.48	1.47	62000.0
2018-06-21	2.06	1.44	1.47	1.44	22100.0
2018-06-22	2.12	1.44	1.44	1.44	5300.0
2018-06-25	2.12	1.45	1.45	1.45	24200.0
2018-06-26	2.1	1.45	1.45	1.45	600.0
2018-06-27	2.1	1.44	1.45	1.44	8700.0
2018-06-28	2.1	1.42	1.48	1.48	20800.0
2018-06-29	2.1	1.42	1.46	1.42	266300.0
2018-07-02	2.1	1.42	1.45	1.45	500.0
2018-07-03	2.08	1.4	1.43	1.43	91400.0
2018-07-04	2.1	1.41	1.44	1.41	55500.0
2018-07-05	2.1	1.38	1.41	1.38	87900.0
2018-07-06	2.14	1.38	1.39	1.38	16000.0
2018-07-09	2.16	1.38	1.4	1.4	6000.0
2018-07-10	1.96	1.39	1.39	1.39	4200.0
2018-07-11	1.98	1.36	1.37	1.37	33800.0
2018-07-12	1.98	1.36	1.37	1.37	5500.0
2018-07-13	1.99	1.36	1.38	1.38	462800.0
2018-07-16	1.98	1.38	1.4	1.38	12000.0
2018-07-17	2.0	1.35	1.4	1.35	40100.0
2018-07-18	2.0	1.37	1.39	1.39	3900.0
2018-07-19	1.99	1.36	1.38	1.36	37800.0
2018-07-20	1.98	1.36	1.4	1.37	34000.0
2018-07-23	2.0	1.39	1.4	1.39	18200.0
2018-07-24	1.97	1.39	1.41	1.4	114600.0
2018-07-25	1.99	1.39	1.41	1.39	63000.0
2018-07-26	2.0	1.4	1.41	1.41	28100.0
2018-07-31	2.0	1.41	1.44	1.43	38400.0
2018-08-01	2.02	1.42	1.44	1.42	20000.0
2018-08-02	1.99	1.4	1.4	1.4	500.0
2018-08-03	1.99	1.4	1.41	1.4	60400.0
2018-08-06	2.0	1.4	1.4	1.4	3000.0
2018-08-07	1.97	1.39	1.4	1.4	400.0
2018-08-08	2.0	1.39	1.43	1.41	3000.0
2018-08-09	2.0	1.39	1.41	1.41	36600.0
2018-08-10	1.96	1.4	1.41	1.41	25200.0
2018-08-14	1.96	1.4	1.41	1.4	26400.0
2018-08-16	1.93	1.38	1.43	1.38	25600.0
2018-08-17	1.92	1.38	1.38	1.38	5000.0
2018-08-20	1.93	1.36	1.41	1.41	7500.0
2018-08-21	1.92	1.38	1.39	1.39	1900.0
2018-08-22	1.91	1.38	1.39	1.39	19000.0
2018-08-23	1.9	1.4	1.4	1.4	200.0
2018-08-24	1.93	1.39	1.39	1.39	1600.0
2018-08-27	1.9	1.38	1.39	1.38	15000.0
2018-08-28	1.9	1.4	1.4	1.4	200.0
2018-08-29	1.93	1.39	1.39	1.39	10000.0
2018-08-30	1.95	1.37	1.38	1.38	10500.0
2018-08-31	1.97	1.38	1.39	1.38	40500.0
2018-09-03	1.94	1.38	1.41	1.38	50000.0
2018-09-04	1.89	1.41	1.41	1.41	100.0
2018-09-05	1.9	1.38	1.4	1.38	18700.0
2018-09-07	1.92	1.37	1.37	1.37	700.0
2018-09-11	1.91	1.37	1.38	1.38	12500.0
2018-09-12	1.91	1.37	1.37	1.37	4000.0
2018-09-13	1.93	1.38	1.41	1.41	54300.0
2018-09-14	1.92	1.4	1.41	1.41	25100.0
2018-09-17	1.94	1.42	1.6	1.43	89500.0
2018-09-18	1.93	1.45	1.5	1.45	22300.0
2018-09-19	2.02	1.42	1.45	1.44	32700.0
2018-09-20	1.9	1.42	1.44	1.42	28400.0
2018-09-21	1.91	1.41	1.43	1.41	30400.0
2018-09-24	1.92	1.39	1.4	1.39	112000.0
2018-09-25	1.92	1.37	1.4	1.38	39700.0
2018-09-26	1.94	1.37	1.38	1.37	8000.0
2018-09-27	2.0	1.37	1.41	1.41	65800.0
2018-09-28	2.02	1.39	1.45	1.39	51100.0
2018-10-01	2.06	1.38	1.39	1.38	62800.0
2018-10-03	1.96	1.36	1.39	1.38	22400.0
2018-10-04	1.97	1.37	1.38	1.37	19300.0
2018-10-05	1.97	1.38	1.41	1.38	5300.0
2018-10-08	1.97	1.36	1.38	1.36	52900.0
2018-10-09	2.0	1.37	1.37	1.37	200.0
2018-10-10	1.97	1.36	1.37	1.36	67100.0
2018-10-11	1.97	1.33	1.36	1.34	325900.0
2018-10-12	2.0	1.34	1.36	1.36	6800.0
2018-10-16	1.96	1.36	1.36	1.36	100.0
2018-10-17	1.96	1.36	1.36	1.36	26100.0
2018-10-18	2.0	1.36	1.36	1.36	1100.0
2018-10-19	2.02	1.32	1.35	1.35	190100.0
2018-10-22	2.0	1.32	1.32	1.32	10100.0
2018-10-24	1.97	1.23	1.31	1.26	152100.0
2018-10-25	2.02	1.25	1.25	1.25	9000.0
2018-10-26	2.02	1.22	1.22	1.22	30000.0
2018-10-29	2.02	1.22	1.27	1.27	700.0
2018-10-30	2.02	1.27	1.31	1.31	123900.0
2018-11-01	2.02	1.31	1.33	1.32	6700.0
2018-11-02	2.02	1.32	1.32	1.32	8300.0
2018-11-05	2.04	1.31	1.31	1.31	200.0
2018-11-06	1.98	1.3	1.31	1.3	10000.0
2018-11-08	1.97	1.28	1.3	1.28	12600.0
2018-11-09	1.96	1.28	1.28	1.28	3000.0
2018-11-12	1.96	1.26	1.32	1.31	7300.0
2018-11-13	1.92	1.28	1.3	1.28	11600.0
2018-11-14	1.92	1.29	1.33	1.32	1000.0
2018-11-15	1.91	1.29	1.3	1.29	6000.0
2018-11-16	1.9	1.28	1.28	1.28	2800.0
2018-11-19	1.9	1.28	1.44	1.36	103300.0
2018-11-20	1.89	1.28	1.33	1.33	4500.0
2018-11-21	1.9	1.28	1.29	1.29	23500.0
2018-11-23	1.93	1.22	1.27	1.27	10900.0
2018-11-27	1.92	1.26	1.27	1.26	5000.0
2018-11-28	1.94	1.26	1.27	1.26	6100.0
2018-11-29	1.9	1.24	1.26	1.25	400.0
2018-11-30	1.9	1.25	1.3	1.25	13500.0
2018-12-03	1.91	1.25	1.25	1.25	49600.0
2018-12-04	1.91	1.25	1.25	1.25	2900.0
2018-12-06	1.91	1.25	1.25	1.25	100.0
2018-12-07	1.91	1.2	1.23	1.2	68700.0
2018-12-11	1.91	1.16	1.18	1.17	18800.0
2018-12-12	1.89	1.1	1.16	1.11	935800.0
2018-12-13	1.9	1.09	1.12	1.12	173300.0
2018-12-14	1.92	1.08	1.11	1.08	40400.0
2018-12-17	1.91	1.18	1.18	1.18	1000.0
2018-12-18	1.9	1.08	1.17	1.13	24000.0
2018-12-19	1.9	1.1	1.14	1.14	17500.0
2018-12-20	1.9	1.09	1.12	1.09	63700.0
2018-12-21	1.9	1.08	1.09	1.08	8900.0
2018-12-24	1.93	1.08	1.14	1.14	2900.0
2018-12-25	1.92	1.04	1.16	1.05	117900.0
2018-12-26	1.91	1.01	1.12	1.12	18000.0
2018-12-27	1.9	1.1	1.17	1.11	700.0
2018-12-28	1.9	1.08	1.11	1.08	45400.0
2019-01-02	1.9	1.06	1.1	1.06	12700.0
2019-01-03	1.89	1.07	1.1	1.1	14500.0
2019-01-04	1.89	1.07	1.09	1.09	1900.0
2019-01-07	1.89	1.09	1.15	1.15	224100.0
2019-01-08	1.93	1.1	1.1	1.1	500.0
2019-01-09	1.93	1.11	1.15	1.11	4000.0
2019-01-10	1.92	1.1	1.11	1.11	13000.0
2019-01-11	1.94	1.11	1.11	1.11	7300.0
2019-01-14	1.92	1.11	1.14	1.11	45800.0
2019-01-15	1.92	1.12	1.13	1.13	200.0
2019-01-16	1.91	1.09	1.17	1.11	28400.0
2019-01-17	1.91	1.11	1.15	1.15	4000.0
2019-01-18	1.92	1.09	1.16	1.14	5300.0
2019-01-22	1.91	1.07	1.08	1.08	1000.0
2019-01-23	1.9	1.15	1.15	1.15	1000.0
2019-01-24	1.9	1.12	1.15	1.12	47400.0
2019-01-30	1.92	1.12	1.12	1.12	100.0
2019-01-31	1.96	1.12	1.12	1.12	104500.0
2019-02-01	1.95	1.15	1.18	1.18	43200.0
2019-02-04	1.95	1.13	1.29	1.2	39000.0
2019-02-05	1.95	1.19	1.2	1.19	16600.0
2019-02-06	1.95	1.2	1.26	1.21	53200.0
2019-02-07	1.94	1.21	1.29	1.22	900.0
2019-02-08	1.94	1.19	1.21	1.19	20100.0
2019-02-11	1.91	1.19	1.19	1.19	3000.0
2019-02-12	1.92	1.14	1.16	1.16	56800.0
2019-02-13	1.9	1.16	1.22	1.16	200.0
2019-02-14	1.91	1.23	1.33	1.29	82600.0
2019-02-15	1.9	1.29	1.34	1.29	24700.0
2019-02-18	1.89	1.28	1.29	1.29	9900.0
2019-02-20	1.91	1.29	1.36	1.29	366100.0
2019-02-21	1.9	1.29	1.3	1.29	14800.0
2019-02-22	1.9	1.28	1.3	1.28	12700.0
2019-02-25	1.9	1.2	1.25	1.24	15500.0
2019-02-26	1.91	1.11	1.28	1.19	73600.0
2019-03-01	1.91	1.19	1.23	1.23	4400.0
2019-03-04	1.91	1.18	1.19	1.18	8500.0
2019-03-05	1.89	1.19	1.19	1.19	6100.0
2019-03-06	1.92	1.19	1.19	1.19	100.0
2019-03-07	1.92	1.19	1.19	1.19	100.0
2019-03-08	1.9	1.18	1.19	1.19	6400.0
2019-03-11	1.92	1.15	1.15	1.15	100.0
2019-03-14	1.98	1.13	1.21	1.13	40300.0
2019-03-15	2.0	1.14	1.15	1.14	200100.0
2019-03-19	2.04	1.13	1.14	1.13	2400.0
2019-03-20	2.04	1.13	1.13	1.13	500.0
2019-03-21	2.0	1.13	1.19	1.17	116000.0
2019-03-22	2.02	1.13	1.22	1.21	518000.0
2019-03-25	1.99	1.16	1.2	1.2	6800.0
2019-03-26	1.98	1.14	1.14	1.14	4400.0
2019-03-27	1.98	1.18	1.18	1.18	102800.0
2019-04-01	2.06	1.18	1.18	1.18	300.0
2019-04-02	2.06	1.18	1.26	1.26	16800.0
2019-04-03	2.04	1.25	1.26	1.25	29600.0
2019-04-04	2.08	1.22	1.24	1.24	92300.0
2019-04-05	2.1	1.23	1.24	1.23	1500.0
2019-04-09	2.12	1.26	1.28	1.27	111300.0
2019-04-10	2.12	1.25	1.25	1.25	500.0
2019-04-11	2.12	1.25	1.26	1.25	22400.0
2019-04-12	2.08	1.22	1.25	1.22	36300.0
2019-04-17	2.1	1.24	1.26	1.26	14200.0
2019-04-18	2.18	1.25	1.26	1.25	200.0
2019-04-22	2.18	1.24	1.25	1.24	13000.0
2019-04-23	2.22	1.24	1.25	1.24	6500.0
2019-04-24	2.16	1.24	1.25	1.24	13000.0
2019-04-25	2.2	1.24	1.25	1.24	12600.0
2019-04-26	2.14	1.21	1.24	1.21	111000.0
2019-04-29	2.16	1.18	1.22	1.18	600.0
2019-04-30	2.14	1.18	1.18	1.18	46400.0
2019-05-02	2.16	1.18	1.18	1.18	4400.0
2019-05-03	2.14	1.18	1.18	1.18	50000.0
2019-05-07	2.14	1.15	1.17	1.15	48500.0
2019-05-08	2.18	1.15	1.19	1.19	101600.0
2019-05-09	2.18	1.14	1.19	1.19	10100.0
2019-05-10	2.14	1.13	1.19	1.19	505000.0
2019-05-13	2.16	1.14	1.17	1.15	125500.0
2019-05-14	2.12	1.13	1.13	1.13	1200.0
2019-05-15	2.14	1.12	1.13	1.13	14100.0
2019-05-16	2.12	1.08	1.17	1.15	22700.0
2019-05-17	2.12	1.07	1.08	1.07	28000.0
2019-05-21	2.1	1.07	1.17	1.17	1600.0
2019-05-22	2.12	1.1	1.15	1.14	700.0
2019-05-24	2.14	1.09	1.13	1.13	21300.0
2019-05-27	2.1	1.13	1.13	1.13	500.0
2019-05-28	2.12	1.11	1.11	1.11	5700.0
2019-05-29	2.14	1.1	1.11	1.1	7600.0
2019-05-30	2.16	1.1	1.1	1.1	1100.0
2019-05-31	2.18	1.05	1.1	1.09	61700.0
2019-06-05	2.18	1.06	1.09	1.09	50500.0
2019-06-06	2.18	1.06	1.08	1.08	400.0
2019-06-07	2.28	1.05	1.1	1.05	145000.0
2019-06-10	2.36	1.06	1.06	1.06	6200.0
2019-06-11	2.32	1.05	1.06	1.06	17900.0
2019-06-12	2.46	1.06	1.1	1.06	25800.0
2019-06-13	2.56	1.03	1.08	1.03	147700.0
2019-06-14	2.66	1.04	1.08	1.04	74700.0
2019-06-17	2.52	1.04	1.04	1.04	300.0
2019-06-18	2.58	1.03	1.05	1.03	60900.0
2019-06-19	2.56	1.02	1.05	1.02	38600.0
2019-06-20	2.82	1.03	1.07	1.07	53300.0
2019-06-21	2.88	1.08	1.1	1.1	13300.0
2019-06-24	2.84	1.09	1.11	1.1	3900.0
2019-06-25	2.82	1.1	1.11	1.11	1500.0
2019-06-26	2.64	1.09	1.12	1.12	22900.0
2019-06-27	2.46	1.1	1.1	1.1	23200.0
2019-06-28	2.42	1.1	1.16	1.16	95300.0
2019-07-01	2.24	1.1	1.11	1.1	27200.0
2019-07-02	2.46	1.08	1.1	1.1	5100.0
2019-07-03	2.58	1.08	1.1	1.08	7000.0
2019-07-04	3.52	1.04	1.1	1.09	130300.0
2019-07-05	3.36	1.09	1.1	1.1	2200.0
2019-07-08	3.36	1.11	1.11	1.11	8500.0
2019-07-09	3.6	1.11	1.11	1.11	200.0
2019-07-12	3.48	1.09	1.11	1.11	12200.0
2019-07-15	3.28	1.09	1.11	1.11	4200.0
2019-07-17	3.14	1.05	1.09	1.08	72000.0
2019-07-18	3.24	1.06	1.08	1.06	3000.0
2019-07-19	3.28	1.04	1.09	1.08	65400.0
2019-07-22	3.44	1.03	1.07	1.07	233200.0
2019-07-23	3.58	1.03	1.07	1.07	55500.0
2019-07-24	3.44	1.04	1.07	1.06	47100.0
2019-07-25	3.4	1.02	1.06	1.04	138400.0
2019-07-26	3.44	1.03	1.07	1.06	41800.0
2019-07-30	3.4	1.02	1.06	1.06	34700.0
2019-07-31	3.34	1.02	1.06	1.06	60500.0
2019-08-02	3.4	1.04	1.06	1.06	80200.0
2019-08-05	3.34	1.03	1.06	1.06	19200.0
2019-08-06	3.4	1.05	1.07	1.05	9300.0
2019-08-07	3.38	1.06	1.06	1.06	100.0
2019-08-08	3.32	1.05	1.06	1.05	72700.0
2019-08-13	3.52	1.03	1.07	1.03	70000.0
2019-08-14	4.14	1.03	1.04	1.03	19000.0
2019-08-15	3.96	0.99	1.05	1.05	95300.0
2019-08-16	3.7	1.01	1.03	1.02	2900.0
2019-08-19	3.48	1.01	1.04	1.04	23300.0
2019-08-21	3.66	1.03	1.04	1.04	15700.0
2019-08-22	3.62	1.03	1.03	1.03	3400.0
2019-08-23	3.64	1.02	1.03	1.03	19000.0
2019-08-26	3.44	1.0	1.04	1.04	19600.0
2019-08-27	3.5	1.01	1.01	1.01	3000.0
2019-08-28	3.42	1.02	1.03	1.03	5200.0
2019-08-29	3.38	1.02	1.05	1.05	1200.0
2019-08-30	3.44	1.04	1.04	1.04	100.0
2019-09-03	3.34	0.74	1.05	1.04	6700.0
2019-09-04	3.36	1.04	1.04	1.04	4200.0
2019-09-05	3.32	1.02	1.05	1.05	20400.0
2019-09-06	3.3	1.03	1.05	1.05	3900.0
2019-09-09	3.16	1.04	1.04	1.04	24100.0
2019-09-10	3.04	1.04	1.04	1.04	36500.0
2019-09-11	3.2	1.03	1.03	1.03	16000.0
2019-09-13	2.82	0.99	1.03	1.03	14000.0
2019-09-16	2.8	1.01	1.03	1.03	7500.0
2019-09-19	3.0	0.96	1.02	1.02	37000.0
2019-09-20	3.0	0.95	1.01	1.0	67900.0
2019-09-23	2.9	0.95	1.01	1.0	8500.0
2019-09-24	2.76	0.97	0.99	0.99	5800.0
2019-09-25	2.78	0.93	1.0	1.0	57000.0
2019-09-26	2.72	1.01	1.01	1.01	1000.0
2019-09-30	2.82	1.0	1.0	1.0	100.0
2019-10-01	2.86	0.96	1.0	1.0	1500.0
2019-10-02	2.96	1.0	1.0	1.0	4600.0
2019-10-04	2.98	0.92	0.94	0.92	26700.0
2019-10-07	2.92	0.89	0.92	0.91	66900.0
2019-10-08	2.92	0.8	0.91	0.91	225300.0
2019-10-09	2.94	0.83	0.86	0.83	87700.0
2019-10-10	2.9	0.82	0.84	0.84	11500.0
2019-10-11	2.88	0.81	0.83	0.83	10400.0
2019-10-15	3.0	0.8	0.83	0.83	69500.0
2019-10-16	2.98	0.8	0.84	0.84	2700.0
2019-10-17	2.9	0.83	0.83	0.83	1000.0
2019-10-18	2.92	0.81	0.82	0.82	34000.0
2019-10-21	2.9	0.8	0.82	0.82	2300.0
2019-10-22	2.92	0.82	0.82	0.82	2100.0
2019-10-24	2.92	0.81	0.81	0.81	8900.0
2019-10-25	2.92	0.78	0.83	0.82	23500.0
2019-10-28	2.88	0.8	0.81	0.8	4300.0
2019-10-29	2.86	0.78	0.81	0.81	7300.0
2019-10-30	2.9	0.78	0.81	0.81	4400.0
2019-10-31	2.8	0.77	0.82	0.81	26000.0
2019-11-04	2.86	0.82	0.82	0.82	200.0
2019-11-07	2.74	0.72	0.82	0.72	179000.0
2019-11-08	2.8	0.73	0.74	0.74	92400.0
2019-11-11	2.76	0.74	0.76	0.76	14300.0
2019-11-12	2.82	0.75	0.77	0.75	1500.0
2019-11-13	2.72	0.73	0.76	0.76	18800.0
2019-11-14	2.46	0.71	0.75	0.75	26300.0
2019-11-15	2.44	0.7	0.74	0.74	51900.0
2019-11-18	2.42	0.71	0.75	0.75	63700.0
2019-11-19	2.4	0.7	0.75	0.74	26000.0
2019-11-20	2.5	0.71	0.74	0.74	16200.0
2019-11-22	2.48	0.71	0.73	0.73	8200.0
2019-11-25	2.24	0.73	0.73	0.73	900.0
2019-11-26	2.34	0.73	0.75	0.73	18100.0
2019-11-27	2.22	0.72	0.76	0.73	27600.0
2019-11-28	2.02	0.74	0.74	0.74	2700.0
2019-11-29	2.2	0.72	0.74	0.74	16300.0
2019-12-02	2.2	0.71	0.74	0.74	8000.0
2019-12-03	2.14	0.7	0.74	0.74	86600.0
2019-12-06	2.26	0.74	0.74	0.74	8600.0
2019-12-09	2.18	0.74	0.74	0.74	9700.0
2019-12-11	2.2	0.73	0.76	0.76	61400.0
2019-12-12	2.22	0.75	0.97	0.77	2050400.0
2019-12-13	2.28	0.73	0.78	0.73	53400.0
2019-12-16	2.3	0.7	0.73	0.73	35900.0
2019-12-17	2.3	0.79	0.79	0.79	1000.0
2019-12-18	2.4	0.72	0.8	0.79	16700.0
2019-12-20	2.62	0.73	0.79	0.79	6300.0
2019-12-23	2.54	0.9	0.9	0.9	25300.0
2019-12-24	2.66	0.77	0.85	0.82	11800.0
2019-12-25	2.64	0.77	0.89	0.87	3300.0
2019-12-26	2.54	0.73	0.77	0.73	31900.0
2019-12-27	2.54	0.72	0.85	0.75	7600.0
2019-12-30	2.62	0.72	0.78	0.78	6300.0
2020-01-02	2.54	0.71	0.77	0.71	74000.0
2020-01-03	2.48	0.71	0.75	0.72	58800.0
2020-01-06	2.46	0.68	0.72	0.72	58600.0
2020-01-07	2.68	0.72	0.72	0.72	5100.0
2020-01-08	2.62	0.73	0.73	0.73	1000.0
2020-01-09	2.6	0.71	0.73	0.73	16200.0
2020-01-10	2.54	0.73	0.73	0.73	1000.0
2020-01-15	2.52	0.71	0.74	0.74	7400.0
2020-01-16	2.52	0.74	0.74	0.74	4200.0
2020-01-17	2.54	0.72	0.77	0.74	241100.0
2020-01-20	2.78	0.73	0.75	0.75	2000.0
2020-01-21	2.52	0.72	0.73	0.73	1400.0
2020-01-22	2.52	0.72	0.73	0.73	1100.0
2020-01-23	2.42	0.72	0.73	0.73	6500.0
2020-01-28	2.5	0.7	0.72	0.72	1900.0
2020-01-29	2.66	0.71	0.73	0.73	6900.0
2020-01-30	2.52	0.71	0.72	0.72	5700.0
2020-02-03	2.5	0.68	0.72	0.7	4900.0
2020-02-04	2.5	0.72	0.72	0.72	2000.0
2020-02-05	2.44	0.7	0.72	0.72	3300.0
2020-02-06	2.5	0.67	0.71	0.71	47800.0
2020-02-07	2.4	0.7	0.73	0.73	54000.0
2020-02-12	2.48	0.7	0.72	0.72	5100.0
2020-02-13	2.5	0.7	0.7	0.7	1500.0
2020-02-18	2.6	0.71	0.71	0.71	1900.0
2020-02-19	2.56	0.68	0.71	0.68	2100.0
2020-02-20	2.44	0.67	0.67	0.67	2500.0
2020-02-21	2.5	0.68	0.7	0.68	6500.0
2020-02-24	2.5	0.61	0.69	0.68	21500.0
2020-02-25	2.36	0.64	0.68	0.67	32000.0
2020-02-26	2.38	0.63	0.67	0.66	45100.0
2020-02-27	2.36	0.6	0.67	0.67	20100.0
2020-02-28	2.3	0.64	0.64	0.64	40600.0
2020-03-02	2.28	0.62	0.65	0.64	10500.0
2020-03-03	2.32	0.62	0.66	0.65	26400.0
2020-03-04	2.3	0.67	0.67	0.67	1000.0
2020-03-05	2.3	0.64	0.67	0.67	5000.0
2020-03-06	2.3	0.68	0.68	0.68	1000.0
2020-03-09	2.3	0.6	0.65	0.64	68000.0
2020-03-10	2.32	0.63	0.64	0.64	9000.0
2020-03-11	2.32	0.62	0.63	0.63	11000.0
2020-03-12	2.32	0.51	0.61	0.6	120400.0
2020-03-13	2.34	0.5	0.59	0.59	32100.0
2020-03-16	2.34	0.52	0.55	0.55	4200.0
2020-03-17	2.34	0.49	0.55	0.54	13100.0
2020-03-18	2.34	0.5	0.53	0.53	13600.0
2020-03-19	2.32	0.48	0.54	0.54	48900.0
2020-03-20	2.34	0.46	0.51	0.5	92500.0
2020-03-23	2.36	0.47	0.51	0.49	4500.0
2020-03-24	2.36	0.42	0.48	0.48	24600.0
2020-03-25	2.36	0.5	0.5	0.5	1000.0
2020-03-26	2.36	0.53	0.53	0.53	1000.0
2020-03-27	2.28	0.48	0.51	0.51	10000.0
2020-03-30	2.34	0.47	0.51	0.51	62000.0
2020-03-31	2.34	0.48	0.52	0.52	1400.0
2020-04-01	2.34	0.52	0.52	0.52	300.0
2020-04-03	2.34	0.5	0.52	0.52	14400.0
2020-04-07	2.34	0.49	0.52	0.52	11000.0
2020-04-08	2.34	0.48	0.52	0.52	18300.0
2020-04-09	2.38	0.5	0.51	0.5	32000.0
2020-04-10	2.38	0.5	0.54	0.54	3300.0
2020-04-13	2.38	0.47	0.52	0.48	31100.0
2020-04-14	2.4	0.48	0.51	0.51	7800.0
2020-04-15	2.48	0.48	0.49	0.48	9900.0
2020-04-16	2.38	0.48	0.49	0.49	15100.0
2020-04-17	2.38	0.47	0.49	0.49	9200.0
2020-04-20	2.36	0.49	0.5	0.5	2200.0
2020-04-22	2.36	0.5	0.5	0.5	100.0
2020-04-23	2.38	0.51	0.52	0.52	1200.0
2020-04-24	2.42	0.51	0.55	0.55	19500.0
2020-04-27	2.42	0.55	0.57	0.57	19200.0
2020-04-28	2.42	0.56	0.56	0.56	800.0
2020-04-29	2.34	0.52	0.55	0.55	5500.0
2020-05-05	2.34	0.49	0.53	0.53	53500.0
2020-05-07	2.36	0.5	0.53	0.53	22400.0
2020-05-08	2.38	0.5	0.53	0.53	5300.0
2020-05-12	2.38	0.55	0.55	0.55	200.0
2020-05-13	2.4	0.54	0.54	0.54	10000.0
2020-05-14	2.4	0.54	0.55	0.55	33000.0
2020-05-15	2.4	0.56	0.59	0.59	98000.0
2020-05-18	2.4	0.57	0.59	0.59	17400.0
2020-05-19	2.4	0.57	0.58	0.57	9600.0
2020-05-20	2.38	0.57	0.61	0.59	155500.0
2020-05-21	2.5	0.58	0.6	0.6	14300.0
2020-05-22	2.5	0.58	0.6	0.6	16200.0
2020-05-25	2.5	0.55	0.58	0.58	53800.0
2020-05-26	2.38	0.58	0.65	0.6	212400.0
2020-05-27	2.38	0.61	0.69	0.65	2249200.0
2020-05-28	2.38	0.61	0.64	0.61	182400.0
2020-05-29	2.38	0.6	0.61	0.61	32400.0
2020-06-01	2.38	0.62	0.63	0.62	23600.0
2020-06-02	2.3	0.63	0.66	0.65	112600.0
2020-06-04	2.38	0.62	0.65	0.65	81300.0
2020-06-05	2.38	0.64	0.67	0.66	39300.0
2020-06-08	2.38	0.63	0.66	0.65	4700.0
2020-06-09	2.38	0.61	0.66	0.63	98800.0
2020-06-10	2.4	0.62	0.64	0.63	53200.0
2020-06-11	2.38	0.61	0.63	0.62	203300.0
2020-06-12	2.4	0.6	0.63	0.62	60700.0
2020-06-15	2.4	0.62	0.62	0.62	22000.0
2020-06-16	2.42	0.62	0.63	0.63	16600.0
2020-06-17	2.46	0.62	0.62	0.62	12000.0
2020-06-18	2.5	0.62	0.63	0.63	1100.0
2020-06-19	2.7	0.62	0.63	0.63	12100.0
2020-06-22	2.7	0.62	0.63	0.63	2300.0
2020-06-23	2.66	0.6	0.72	0.62	2747400.0
2020-06-24	2.58	0.6	0.63	0.63	210500.0
2020-06-25	2.56	0.6	0.63	0.62	170200.0
2020-06-26	2.52	0.62	0.63	0.63	600.0
2020-06-29	2.54	0.59	0.62	0.6	112400.0
2020-06-30	2.58	0.61	0.63	0.62	30000.0
2020-07-01	2.6	0.62	0.63	0.63	22100.0
2020-07-02	2.58	0.61	0.63	0.63	46900.0
2020-07-03	2.58	0.62	0.65	0.64	73600.0
2020-07-07	2.58	0.62	0.63	0.62	25900.0
2020-07-08	2.64	0.62	0.64	0.64	55200.0
2020-07-09	2.62	0.62	0.65	0.62	135300.0
2020-07-10	2.5	0.62	0.63	0.63	20500.0
2020-07-13	2.5	0.63	0.64	0.64	2100.0
2020-07-14	2.52	0.61	0.63	0.63	12700.0
2020-07-15	2.5	0.62	0.63	0.63	50200.0
2020-07-16	2.54	0.62	0.63	0.63	44600.0
2020-07-17	2.54	0.63	0.66	0.65	112400.0
2020-07-20	2.52	0.65	0.74	0.74	5108400.0
2020-07-21	2.56	0.7	0.78	0.7	4338400.0
2020-07-22	2.56	0.68	0.72	0.68	433500.0
2020-07-23	2.56	0.69	0.71	0.69	177800.0
2020-07-24	2.58	0.66	0.7	0.66	327400.0
2020-07-29	2.56	0.66	0.69	0.66	184100.0
2020-07-30	2.56	0.59	0.68	0.6	779500.0
2020-07-31	2.54	0.61	0.63	0.61	48300.0
2020-08-03	2.54	0.6	0.64	0.6	232200.0
2020-08-04	2.56	0.6	0.63	0.61	133100.0
2020-08-05	2.56	0.61	0.63	0.63	52000.0
2020-08-06	2.62	0.63	0.65	0.63	168100.0
2020-08-07	2.5	0.63	0.65	0.64	149300.0
2020-08-10	2.56	0.63	0.66	0.64	121500.0
2020-08-11	2.4	0.64	0.65	0.64	65600.0
2020-08-13	2.4	0.64	0.65	0.64	12100.0
2020-08-14	2.56	0.55	0.64	0.56	852700.0
2020-08-17	2.74	0.54	0.57	0.55	154000.0
2020-08-18	2.78	0.53	0.55	0.53	28400.0
2020-08-19	2.8	0.5	0.54	0.51	192900.0
2020-08-20	2.72	0.51	0.52	0.52	12900.0
2020-08-21	2.8	0.52	0.53	0.52	7100.0
2020-08-24	2.8	0.52	0.53	0.52	50300.0
2020-08-25	2.78	0.52	0.53	0.53	52900.0
2020-08-26	2.78	0.51	0.53	0.52	80300.0
2020-08-27	2.8	0.52	0.53	0.52	20000.0
2020-08-28	2.8	0.51	0.55	0.53	141100.0
2020-08-31	2.8	0.52	0.55	0.53	76000.0
2020-09-01	2.84	0.53	0.55	0.55	53600.0
2020-09-02	2.9	0.55	0.6	0.57	1373200.0
2020-09-03	2.9	0.55	0.59	0.56	288400.0
2020-09-08	2.86	0.52	0.56	0.52	94000.0
2020-09-09	2.84	0.52	0.53	0.52	61800.0
2020-09-10	2.92	0.5	0.52	0.5	100700.0
2020-09-11	3.16	0.5	0.52	0.51	93500.0
2020-09-14	3.14	0.51	0.52	0.51	14800.0
2020-09-15	3.12	0.51	0.53	0.53	21100.0
2020-09-16	3.08	0.52	0.52	0.52	12400.0
2020-09-17	3.12	0.52	0.53	0.53	12300.0
2020-09-18	3.06	0.51	0.53	0.53	12300.0
2020-09-21	3.14	0.51	0.53	0.53	12200.0
2020-09-22	3.12	0.52	0.53	0.52	20800.0
2020-09-23	3.1	0.53	0.54	0.53	10400.0
2020-09-24	3.12	0.52	0.53	0.53	53500.0
2020-09-25	3.1	0.53	0.53	0.53	9500.0
2020-09-28	3.12	0.53	0.55	0.54	72200.0
2020-09-29	3.16	0.52	0.55	0.52	27700.0
2020-09-30	3.24	0.52	0.53	0.53	8900.0
2020-10-01	3.2	0.5	0.53	0.53	104700.0
2020-10-02	3.14	0.51	0.53	0.53	25900.0
2020-10-05	3.12	0.48	0.52	0.5	245700.0
2020-10-06	3.06	0.51	0.52	0.52	49800.0
2020-10-07	3.08	0.52	0.52	0.52	10300.0
2020-10-08	3.04	0.52	0.54	0.54	12400.0
2020-10-09	3.0	0.52	0.53	0.52	45200.0
2020-10-12	3.28	0.49	0.52	0.49	167100.0
2020-10-14	3.36	0.5	0.51	0.51	20100.0
2020-10-15	3.18	0.51	0.52	0.51	31800.0
2020-10-16	3.22	0.53	0.53	0.53	700.0
2020-10-19	3.24	0.5	0.51	0.51	27500.0
2020-10-20	3.2	0.51	0.53	0.53	12000.0
2020-10-22	3.14	0.5	0.52	0.5	21600.0
2020-10-26	3.18	0.5	0.51	0.51	38400.0
2020-10-28	3.14	0.5	0.51	0.51	1900.0
2020-10-29	3.14	0.5	0.51	0.51	22700.0
2020-10-30	3.24	0.5	0.51	0.5	14500.0
2020-11-02	3.16	0.49	0.51	0.49	37800.0
2020-11-03	3.12	0.5	0.5	0.5	10200.0
2020-11-04	3.08	0.51	0.51	0.51	2700.0
2020-11-05	3.08	0.5	0.52	0.5	16700.0
2020-11-06	3.14	0.51	0.51	0.51	1300.0
2020-11-09	3.12	0.49	0.51	0.49	22500.0
2020-11-10	3.16	0.5	0.51	0.51	105500.0
2020-11-11	3.22	0.5	0.52	0.52	36200.0
2020-11-12	3.12	0.54	0.54	0.54	600.0
2020-11-16	3.5	0.49	0.54	0.5	332300.0
2020-11-17	3.44	0.49	0.52	0.5	288600.0
2020-11-18	3.42	0.48	0.5	0.5	655400.0
2020-11-19	3.36	0.5	0.52	0.52	200000.0
2020-11-20	3.42	0.52	0.55	0.55	137500.0
2020-11-23	3.6	0.55	0.69	0.57	384900.0
2020-11-24	3.58	0.54	0.56	0.55	406200.0
2020-11-25	3.6	0.55	0.56	0.55	90600.0
2020-11-26	3.68	0.55	0.57	0.56	171700.0
2020-11-27	3.6	0.56	0.59	0.56	205800.0
2020-11-30	3.66	0.56	0.57	0.56	82300.0
2020-12-01	3.72	0.54	0.56	0.56	125700.0
2020-12-02	3.68	0.54	0.56	0.54	45100.0
2020-12-03	3.66	0.54	0.56	0.56	98000.0
2020-12-04	3.66	0.56	0.57	0.57	228100.0
2020-12-08	4.3	0.57	0.6	0.57	254600.0
2020-12-09	4.92	0.55	0.58	0.56	113600.0
2020-12-14	4.34	0.57	0.59	0.59	41700.0
2020-12-15	4.0	0.57	0.65	0.64	1498600.0
2020-12-16	4.44	0.64	0.69	0.67	986500.0
2020-12-17	4.52	0.67	0.68	0.67	626400.0
2020-12-18	4.28	0.62	0.67	0.67	395600.0
2020-12-21	4.32	0.61	0.64	0.63	228000.0
2020-12-22	4.52	0.61	0.63	0.63	99600.0
2020-12-23	4.3	0.6	0.62	0.62	97200.0
2020-12-24	4.1	0.62	0.65	0.63	313500.0
2020-12-25	4.06	0.61	0.64	0.64	212700.0
2020-12-28	4.16	0.62	0.64	0.62	103600.0
2020-12-29	4.32	0.59	0.63	0.63	276100.0
2020-12-30	4.34	0.61	0.64	0.61	43300.0
2021-01-04	4.24	0.59	0.64	0.64	45400.0
2021-01-05	4.3	0.64	0.65	0.65	2400.0
2021-01-06	4.3	0.62	0.64	0.64	40300.0
2021-01-07	4.28	0.6	0.64	0.64	123200.0
2021-01-08	4.3	0.63	0.64	0.64	205700.0
2021-01-11	4.16	0.62	0.68	0.66	1027500.0
2021-01-12	4.28	0.65	0.69	0.67	222200.0
2021-01-13	4.04	0.64	0.68	0.68	395600.0
2021-01-14	4.04	0.64	0.7	0.7	398100.0
2021-01-15	4.24	0.66	0.7	0.66	222900.0
2021-01-18	4.16	0.66	0.68	0.68	214800.0
2021-01-19	4.22	0.68	0.69	0.68	9600.0
2021-01-20	4.22	0.67	0.69	0.67	124900.0
2021-01-21	4.24	0.68	0.72	0.72	821600.0
2021-01-22	4.2	0.69	0.74	0.72	637000.0
2021-01-25	4.16	0.69	0.71	0.69	244100.0
2021-01-26	4.3	0.68	0.73	0.7	315900.0
2021-01-27	4.7	0.67	0.7	0.68	187400.0
2021-01-28	4.4	0.67	0.7	0.68	98800.0
2021-01-29	4.52	0.67	0.69	0.68	326800.0
2021-02-01	4.34	0.66	0.67	0.67	37800.0
2021-02-02	4.36	0.66	0.68	0.67	102800.0
2021-02-04	4.54	0.68	0.7	0.69	41900.0
2021-02-05	4.5	0.67	0.68	0.68	54800.0
2021-02-08	4.5	0.68	0.7	0.68	342000.0
2021-02-09	4.42	0.67	0.69	0.69	81400.0
2021-02-10	4.4	0.67	0.7	0.69	395300.0
2021-02-11	4.5	0.68	0.68	0.68	20000.0
2021-02-15	4.4	0.67	0.68	0.68	21600.0
2021-02-16	4.3	0.69	0.69	0.69	2600.0
2021-02-17	4.3	0.7	0.72	0.72	86100.0
2021-02-18	4.26	0.7	0.73	0.72	4700.0
2021-02-19	4.14	0.68	0.72	0.7	85800.0
2021-02-22	4.3	0.71	0.74	0.72	249100.0
2021-02-23	4.34	0.7	0.71	0.71	6500.0
2021-02-24	4.24	0.69	0.71	0.71	9000.0
2021-02-25	4.2	0.69	0.73	0.71	87700.0
2021-03-01	4.2	0.73	0.92	0.92	2168200.0
2021-03-02	4.1	0.99	1.18	1.05	8241500.0
2021-03-03	4.16	1.04	1.09	1.09	1051000.0
2021-03-04	4.28	1.02	1.09	1.07	971600.0
2021-03-05	4.1	1.05	1.15	1.09	1778200.0
2021-03-08	4.0	1.1	1.19	1.15	1513600.0
2021-03-09	4.08	1.12	1.17	1.14	1023700.0
2021-03-10	4.08	1.13	1.17	1.15	1053100.0
2021-03-11	4.1	1.16	1.22	1.21	1008300.0
2021-03-12	4.08	1.18	1.22	1.21	580800.0
2021-03-15	4.1	1.16	1.21	1.19	665700.0
2021-03-16	4.1	1.16	1.2	1.19	317300.0
2021-03-17	4.06	1.16	1.19	1.19	557900.0
2021-03-18	4.02	1.17	1.2	1.19	108200.0
2021-03-19	3.98	1.18	1.19	1.19	149400.0
2021-03-22	3.86	1.18	1.22	1.22	191400.0
2021-03-23	3.9	1.22	1.27	1.25	362200.0
2021-03-24	3.8	1.2	1.26	1.24	344900.0
2021-03-25	3.92	1.24	1.28	1.24	486400.0
2021-03-26	3.9	1.24	1.28	1.27	199100.0
2021-03-29	3.94	1.26	1.65	1.65	7384700.0
2021-03-30	3.9	1.6	1.79	1.6	9260200.0
2021-03-31	3.9	1.54	1.64	1.58	1184900.0
2021-04-01	3.82	1.58	1.65	1.61	1678400.0
2021-04-02	3.9	1.58	1.65	1.59	1250100.0
2021-04-05	3.86	1.57	2.0	1.88	11534100.0
2021-04-07	3.86	1.75	2.08	1.76	9335500.0
2021-04-08	3.88	1.76	1.87	1.85	1216000.0
2021-04-09	3.88	1.84	1.89	1.86	1621000.0
2021-04-12	3.88	1.85	1.98	1.87	2517400.0
2021-04-16	3.92	1.76	1.87	1.85	698600.0
2021-04-19	3.92	1.85	1.89	1.89	305200.0
2021-04-20	4.2	1.87	1.97	1.88	956900.0
2021-04-21	4.0	1.9	2.18	2.1	8285600.0
2021-04-22	4.1	2.1	2.2	2.18	2332500.0
2021-04-23	4.14	2.04	2.22	2.16	2114400.0
2021-04-26	4.1	2.14	2.74	2.74	15726100.0
2021-04-27	4.08	2.48	3.06	2.6	12054600.0
2021-04-28	4.0	2.56	2.76	2.62	2763300.0
2021-04-29	4.06	2.42	2.58	2.42	2447800.0
2021-04-30	4.04	2.3	2.46	2.4	2109100.0
2021-05-05	4.06	2.2	2.36	2.32	2517600.0
2021-05-06	4.06	2.28	2.32	2.32	790600.0
2021-05-07	4.02	2.3	2.5	2.42	3118300.0
2021-05-10	4.02	2.44	2.52	2.46	2363600.0
2021-05-11	3.98	2.42	2.5	2.46	1380600.0
2021-05-12	3.96	2.44	2.52	2.52	2073200.0
2021-05-13	3.96	2.32	2.58	2.52	3986300.0
2021-05-14	3.96	2.36	2.56	2.5	2210700.0
2021-05-17	3.98	2.32	2.48	2.36	2580000.0
2021-05-18	3.96	2.24	2.34	2.28	1973300.0
2021-05-19	3.96	2.26	2.34	2.28	933500.0
2021-05-20	3.96	1.97	2.32	2.0	4125300.0
2021-05-21	3.96	1.97	2.04	1.97	2268400.0
2021-05-24	3.96	1.82	1.97	1.86	2214700.0
2021-05-25	3.96	1.85	2.04	1.99	2714900.0
2021-05-27	3.96	1.98	2.26	2.26	9105500.0
2021-05-28	4.08	2.2	2.34	2.2	5458300.0
2021-05-31	4.3	2.24	2.3	2.26	1651400.0
2021-06-01	4.04	2.22	2.32	2.22	1267100.0
2021-06-02	4.2	2.2	2.28	2.2	808500.0
2021-06-04	4.08	2.18	2.24	2.18	851300.0
2021-06-07	4.16	2.18	2.26	2.18	1181700.0
2021-06-08	4.08	2.16	2.22	2.16	1153700.0
2021-06-09	4.1	2.16	2.22	2.18	481100.0
2021-06-10	4.12	2.16	2.22	2.16	300000.0
2021-06-11	3.96	2.1	2.18	2.1	960300.0
2021-06-14	4.0	2.06	2.14	2.08	994700.0
2021-06-15	3.5	2.02	2.1	2.04	1908200.0
2021-06-16	3.5	2.0	2.08	2.0	1256700.0
2021-06-17	3.46	1.94	2.06	2.06	2203900.0
2021-06-18	3.56	2.02	2.14	2.1	1490000.0
2021-06-21	3.5	2.04	2.08	2.06	239100.0
2021-06-22	3.48	2.0	2.12	2.0	406200.0
2021-06-23	3.58	2.0	2.04	2.04	232900.0
2021-06-24	3.56	1.97	2.04	2.02	573800.0
2021-06-25	3.54	1.97	2.04	2.02	215000.0
2021-06-28	3.44	1.99	2.02	2.0	317400.0
2021-06-29	3.4	2.0	2.14	2.14	1262800.0
2021-06-30	3.46	2.12	2.22	2.16	1830900.0
2021-07-01	3.48	2.12	2.18	2.14	437200.0
2021-07-02	3.46	2.08	2.18	2.08	615000.0
2021-07-05	3.44	1.96	2.08	2.0	1217600.0
2021-07-06	3.42	1.99	2.06	2.06	291500.0
2021-07-07	3.4	1.98	2.06	2.02	701900.0
2021-07-08	3.44	1.94	2.02	2.02	1006300.0
2021-07-09	3.44	1.95	1.99	1.99	168700.0
2021-07-12	3.44	1.96	2.0	1.98	123700.0
2021-07-13	3.5	1.96	2.02	2.02	124500.0
2021-07-14	3.52	2.0	2.06	2.06	274800.0
2021-07-15	3.6	2.04	2.1	2.06	518000.0
2021-07-16	3.46	2.04	2.08	2.08	346900.0
2021-07-19	3.4	2.02	2.06	2.02	280300.0
2021-07-20	3.48	1.97	2.0	1.98	259900.0
2021-07-21	3.44	1.98	2.0	1.99	320500.0
2021-07-22	3.42	2.0	2.04	2.0	215500.0
2021-07-23	3.42	2.04	2.48	2.44	11722600.0
2021-07-27	3.34	2.46	2.7	2.54	14873100.0
2021-07-29	3.44	2.32	2.52	2.44	4568700.0
2021-07-30	3.42	2.3	2.54	2.34	2920600.0
2021-08-02	3.4	2.2	2.34	2.32	1190200.0
2021-08-03	3.28	2.28	2.42	2.38	2402800.0
2021-08-04	3.28	2.42	2.64	2.5	9981600.0
2021-08-05	3.26	2.4	2.54	2.42	2220500.0
2021-08-06	3.22	2.42	2.48	2.46	865600.0
2021-08-09	3.22	2.5	2.8	2.54	28447400.0
2021-08-10	3.22	2.5	2.68	2.68	10589900.0
2021-08-11	3.18	2.7	2.94	2.76	34802600.0
2021-08-13	3.18	2.32	2.82	2.34	13570800.0
2021-08-16	3.18	2.14	2.36	2.32	4783100.0
2021-08-17	3.18	2.32	2.42	2.4	1677000.0
2021-08-18	3.04	2.38	2.5	2.4	1669000.0
2021-08-19	3.06	2.38	2.48	2.4	1668700.0
2021-08-20	3.0	2.4	2.66	2.64	4845700.0
2021-08-23	2.94	2.6	2.76	2.62	4785300.0
2021-08-24	2.9	2.6	2.7	2.62	2150500.0
2021-08-25	2.96	2.54	2.66	2.54	3273000.0
2021-08-26	2.92	2.42	2.54	2.52	2235000.0
2021-08-27	2.94	2.56	2.66	2.62	3805900.0
2021-08-30	2.96	2.66	3.4	3.4	87042200.0
2021-08-31	3.04	3.1	3.38	3.24	53068700.0
2021-09-01	2.92	3.1	3.3	3.14	19455600.0
2021-09-02	2.92	3.06	3.38	3.06	62818800.0
2021-09-03	2.92	2.98	3.1	3.06	7006000.0
2021-09-06	2.92	3.02	3.14	3.08	4486000.0
2021-09-07	2.94	2.9	3.12	2.98	5554900.0
2021-09-08	2.96	2.92	3.0	2.94	1586900.0
2021-09-09	2.9	2.9	3.0	2.94	1840400.0
2021-09-10	2.92	2.94	3.18	3.08	14095600.0
2021-09-13	2.98	3.04	3.28	3.12	17997700.0
2021-09-14	2.96	3.04	3.16	3.04	3353000.0
2021-09-15	2.98	3.02	3.12	3.06	2531500.0
2021-09-16	3.02	3.02	3.1	3.04	2185500.0
2021-09-17	2.94	2.98	3.16	3.02	9186000.0
2021-09-20	2.96	2.92	3.06	2.94	4027200.0
2021-09-21	2.88	2.8	2.96	2.96	3501700.0
2021-09-22	2.9	2.96	3.02	2.98	1584600.0
2021-09-23	2.9	2.84	3.0	2.88	2274400.0
2021-09-27	2.94	2.72	2.9	2.72	3098500.0
2021-09-28	2.98	2.72	2.84	2.74	2677900.0
2021-09-29	3.0	2.72	2.82	2.76	1457000.0
2021-09-30	3.0	2.72	2.86	2.72	2457900.0
2021-10-01	2.96	2.7	2.76	2.7	603400.0
2021-10-04	2.92	2.7	2.74	2.74	596900.0
2021-10-05	3.02	2.68	2.8	2.72	1533300.0
2021-10-06	2.9	2.66	2.74	2.7	1183500.0
2021-10-07	2.92	2.64	2.74	2.72	1620700.0
2021-10-08	2.88	2.62	2.74	2.66	1454700.0
2021-10-11	2.92	2.68	2.82	2.8	2524000.0
2021-10-12	2.9	2.74	2.92	2.88	5819800.0
2021-10-14	2.92	2.84	2.96	2.84	2552300.0
2021-10-15	2.92	2.74	2.9	2.74	2033000.0
2021-10-18	2.92	2.7	2.76	2.74	710500.0
2021-10-19	2.92	2.72	2.82	2.72	586700.0
2021-10-20	2.92	2.74	2.82	2.8	636200.0
2021-10-21	2.94	2.76	2.88	2.82	2216600.0
2021-10-25	2.92	2.78	2.88	2.8	1130900.0
2021-10-26	2.8	2.74	2.8	2.74	873000.0
2021-10-27	2.64	2.72	2.78	2.74	334700.0
2021-10-28	2.54	2.66	2.74	2.68	1312500.0
2021-10-29	2.66	2.64	2.72	2.7	520700.0
2021-11-01	2.76	2.62	2.68	2.66	493800.0
2021-11-02	2.64	2.5	2.66	2.54	1699500.0
2021-11-03	2.68	2.5	2.62	2.54	727200.0
2021-11-04	2.64	2.48	2.56	2.56	1151200.0
2021-11-05	2.6	2.54	2.58	2.58	196600.0
2021-11-08	2.64	2.54	2.6	2.58	195500.0
2021-11-09	2.66	2.54	2.58	2.58	134500.0
2021-11-10	2.64	2.56	2.6	2.6	256500.0
2021-11-11	2.64	2.58	2.62	2.62	175800.0
2021-11-12	2.68	2.58	2.94	2.78	6607900.0
2021-11-15	2.72	2.7	2.82	2.72	1759100.0
2021-11-16	2.66	2.7	2.78	2.74	1000800.0
2021-11-17	2.62	2.66	2.76	2.7	454600.0
2021-11-18	2.62	2.7	2.74	2.7	800100.0
2021-11-19	2.54	2.72	2.8	2.74	1186000.0
2021-11-22	2.3	2.76	2.86	2.8	1963900.0
2021-11-23	2.5	2.72	2.8	2.76	1236800.0
2021-11-24	2.54	2.74	2.8	2.76	712500.0
2021-11-25	2.56	2.72	2.8	2.74	566400.0
2021-11-26	2.52	2.64	2.74	2.66	1217600.0
2021-11-29	2.52	2.6	2.66	2.6	639600.0
2021-11-30	2.52	2.5	2.68	2.56	591700.0
2021-12-01	2.54	2.5	2.58	2.56	522800.0
2021-12-02	2.58	2.52	2.58	2.56	270900.0
2021-12-03	2.6	2.54	2.58	2.58	309600.0
2021-12-07	2.48	2.56	2.62	2.62	316100.0
2021-12-08	2.44	2.6	2.66	2.64	235900.0
2021-12-09	2.42	2.62	2.66	2.66	134600.0
2021-12-13	2.48	2.62	2.66	2.64	188400.0
2021-12-14	2.42	2.58	2.66	2.64	225500.0
2021-12-15	2.38	2.58	2.64	2.64	192100.0
2021-12-16	2.38	2.6	2.64	2.64	94900.0
2021-12-17	2.38	2.6	2.66	2.66	131500.0
2021-12-20	2.38	2.6	2.66	2.62	161300.0
2021-12-21	2.48	2.58	2.64	2.62	216700.0
2021-12-22	2.52	2.58	2.62	2.62	209800.0
2021-12-23	2.4	2.58	2.62	2.62	128600.0
2021-12-24	2.34	2.58	2.62	2.62	172000.0
2021-12-27	2.38	2.58	2.62	2.62	181700.0
2021-12-28	2.3	2.6	2.64	2.62	262600.0
2021-12-29	2.34	2.6	2.64	2.62	311800.0
2021-12-30	2.28	2.58	2.66	2.62	213900.0
2022-01-04	2.26	2.56	2.62	2.6	526000.0
2022-01-05	2.24	2.56	2.62	2.6	379600.0
2022-01-06	2.2	2.58	2.76	2.7	1304800.0
2022-01-07	2.08	2.66	2.74	2.72	425700.0
2022-01-10	2.12	2.68	2.74	2.7	465400.0
2022-01-11	2.1	2.68	2.74	2.72	341200.0
2022-01-12	2.0	2.7	2.74	2.72	603300.0
2022-01-13	2.02	2.7	2.74	2.74	315300.0
2022-01-14	2.02	2.7	2.88	2.86	2300000.0
2022-01-17	1.96	2.82	2.88	2.86	1257800.0
2022-01-18	1.97	2.74	2.86	2.78	1232600.0
2022-01-19	2.0	2.74	2.8	2.76	222300.0
2022-01-20	1.99	2.76	2.86	2.84	1297300.0
2022-01-21	2.0	2.74	2.86	2.74	1374700.0
2022-01-24	1.98	2.62	2.72	2.66	719100.0
2022-01-25	1.98	2.56	2.64	2.6	300300.0
2022-01-26	1.98	2.56	2.68	2.62	285800.0
2022-01-27	1.98	2.56	2.66	2.62	322500.0
2022-01-28	1.96	2.58	2.66	2.62	94600.0
2022-01-31	1.96	2.56	2.62	2.6	244100.0
2022-02-01	2.04	2.58	2.64	2.64	66100.0
2022-02-02	2.0	2.58	2.68	2.64	351100.0
2022-02-03	2.0	2.58	2.64	2.64	228600.0
2022-02-04	2.04	2.58	2.66	2.66	325400.0
2022-02-07	2.04	2.6	2.68	2.68	260200.0
2022-02-08	2.02	2.6	2.68	2.66	320300.0
2022-02-09	2.02	2.6	2.68	2.64	269300.0
2022-02-10	2.0	2.6	2.66	2.66	222700.0
2022-02-11	2.0	2.62	2.64	2.62	94300.0
2022-02-14	2.0	2.6	2.64	2.62	30400.0
2022-02-15	1.97	2.6	2.66	2.66	14200.0
2022-02-17	2.02	2.64	2.68	2.68	34100.0
2022-02-18	1.98	2.62	2.76	2.74	547200.0
2022-02-21	1.99	2.72	2.8	2.74	826800.0
2022-02-22	1.95	2.7	2.78	2.76	380700.0
2022-02-23	1.89	2.74	2.96	2.82	4537100.0
2022-02-24	1.89	2.7	2.86	2.76	1109200.0
2022-02-25	1.81	2.78	2.88	2.88	1085400.0
2022-02-28	1.85	2.88	3.04	2.88	5784400.0
2022-03-01	1.83	2.76	2.9	2.8	2730400.0
2022-03-02	1.83	2.76	2.8	2.8	635100.0
2022-03-03	1.88	2.76	2.84	2.84	1051700.0
2022-03-04	1.88	2.78	2.92	2.82	6233300.0
2022-03-07	1.88	2.64	2.8	2.7	2308400.0
2022-03-08	1.96	2.56	2.72	2.64	1637300.0
2022-03-09	1.88	2.64	2.76	2.76	1590500.0
2022-03-10	1.88	2.74	2.8	2.8	1003800.0
2022-03-11	1.88	2.74	2.92	2.88	5965300.0
2022-03-14	1.88	2.88	2.96	2.92	3830200.0
2022-03-15	1.85	2.8	2.98	2.82	3995100.0
2022-03-16	1.8	2.82	2.88	2.82	918500.0
2022-03-17	1.85	2.8	2.86	2.82	950500.0
2022-03-18	1.77	2.82	2.86	2.82	740400.0
2022-03-21	1.73	2.82	2.86	2.84	914800.0
2022-03-22	1.97	2.82	2.86	2.84	250800.0
2022-03-23	1.7	2.78	2.86	2.82	1211700.0
2022-03-24	1.71	2.82	2.88	2.84	1613700.0
2022-03-25	1.71	2.76	2.84	2.8	1586500.0
2022-03-28	1.68	2.78	2.82	2.82	594100.0
2022-03-29	1.67	2.8	2.84	2.82	681800.0
2022-03-30	1.7	2.82	2.84	2.82	361800.0
2022-03-31	1.5	2.82	2.9	2.84	2405000.0
2022-04-01	1.69	2.84	2.94	2.92	6744200.0
2022-04-04	1.7	2.86	2.96	2.96	3917500.0
2022-04-05	1.66	2.92	3.02	2.96	4419200.0
2022-04-07	1.7	2.86	2.94	2.88	2338100.0
2022-04-08	1.7	2.9	2.92	2.9	863600.0
2022-04-11	1.68	2.9	2.94	2.92	1392200.0
2022-04-12	1.7	2.88	2.94	2.94	915800.0
2022-04-18	1.7	2.94	3.32	3.14	61102700.0
2022-04-19	1.68	3.06	3.22	3.12	9976100.0
2022-04-20	1.69	3.02	3.16	3.06	5914300.0
2022-04-21	1.67	2.68	2.84	2.68	10556500.0
2022-04-22	1.68	2.58	2.7	2.64	3346400.0
2022-04-25	1.68	2.54	2.6	2.54	2218900.0
2022-04-26	1.7	2.48	2.58	2.48	1810600.0
2022-04-27	1.69	2.36	2.5	2.4	2773700.0
2022-04-28	1.69	2.38	2.48	2.42	783500.0
2022-04-29	1.7	2.44	2.52	2.5	949000.0
2022-05-03	1.67	2.4	2.54	2.44	1672300.0
2022-05-05	1.7	2.38	2.52	2.38	900100.0
2022-05-06	1.71	2.26	2.38	2.3	1476300.0
2022-05-09	1.7	2.26	2.36	2.26	387900.0
2022-05-10	1.8	2.24	2.36	2.36	295300.0
2022-05-11	1.74	2.24	2.4	2.28	499000.0
2022-05-12	1.78	2.16	2.3	2.18	573200.0
2022-05-13	1.78	2.02	2.22	2.1	952900.0
2022-05-17	1.77	1.99	2.16	2.1	692700.0
2022-05-18	1.77	2.12	2.2	2.16	355000.0
2022-05-19	1.77	2.14	2.2	2.18	86200.0
2022-05-20	1.72	2.12	2.22	2.14	249200.0
2022-05-23	1.71	2.12	2.18	2.16	59100.0
2022-05-24	1.69	2.12	2.18	2.18	77700.0
2022-05-25	1.69	2.14	2.2	2.16	64100.0
2022-05-26	1.69	2.18	2.3	2.22	753400.0
2022-05-27	1.65	2.24	2.34	2.3	745800.0
2022-05-30	1.65	2.24	2.32	2.24	456700.0
2022-05-31	1.62	2.24	2.28	2.28	204200.0
2022-06-01	1.64	2.2	2.26	2.26	770200.0
2022-06-02	1.6	2.22	2.26	2.22	195000.0
2022-06-06	1.55	2.18	2.26	2.22	266000.0
2022-06-07	1.62	2.16	2.24	2.2	378000.0
2022-06-08	1.62	2.18	2.24	2.18	129400.0
2022-06-09	1.64	2.14	2.22	2.18	199300.0
2022-06-10	1.64	2.14	2.2	2.18	211600.0
2022-06-13	1.62	2.06	2.18	2.1	466500.0
2022-06-14	1.59	2.04	2.12	2.08	331100.0
2022-06-15	1.58	2.04	2.16	2.08	597000.0
2022-06-16	1.59	2.0	2.14	2.08	856200.0
2022-06-17	1.57	2.02	2.08	2.06	251600.0
2022-06-20	1.56	2.02	2.1	2.04	193300.0
2022-06-21	1.56	2.02	2.06	2.04	180800.0
2022-06-22	1.59	1.99	2.04	2.02	348800.0
2022-06-23	1.64	1.99	2.02	2.0	152200.0
2022-06-24	1.62	1.94	2.02	1.99	178300.0
2022-06-27	1.62	2.0	2.02	2.0	261100.0
2022-06-28	1.62	1.96	2.0	2.0	271100.0
2022-06-29	1.61	1.98	2.02	1.98	154400.0
2022-06-30	1.61	1.94	2.0	1.94	241900.0
2022-07-01	1.6	1.94	1.97	1.95	61700.0
2022-07-04	1.6	1.92	1.98	1.92	224500.0
2022-07-05	1.61	1.82	1.96	1.82	187000.0
2022-07-06	1.63	1.77	1.91	1.8	262600.0
2022-07-07	1.57	1.83	1.89	1.86	50400.0
2022-07-08	1.57	1.8	1.88	1.84	115800.0
2022-07-11	1.61	1.8	1.85	1.81	132100.0
2022-07-12	1.61	1.78	1.89	1.78	1026200.0
2022-07-14	1.61	1.77	1.81	1.78	128500.0
2022-07-15	1.57	1.7	1.8	1.73	198900.0
2022-07-18	1.64	1.73	1.79	1.75	138800.0
2022-07-19	1.68	1.73	1.9	1.8	1822100.0
2022-07-20	1.69	1.75	1.8	1.75	246900.0
2022-07-21	1.71	1.75	1.8	1.77	63900.0
2022-07-22	1.72	1.75	1.79	1.75	206900.0
2022-07-25	1.66	1.74	1.78	1.76	205800.0
2022-07-26	1.68	1.76	1.77	1.76	443700.0
2022-07-27	1.7	1.75	1.77	1.76	199900.0
2022-08-01	1.7	1.75	1.77	1.76	100000.0
2022-08-02	1.7	1.76	1.77	1.77	106700.0
2022-08-03	1.71	1.74	1.77	1.75	999300.0
2022-08-04	1.78	1.73	1.76	1.75	289100.0
2022-08-05	1.8	1.75	1.76	1.76	144700.0
2022-08-08	1.81	1.76	1.84	1.78	491000.0
2022-08-09	1.94	1.77	1.8	1.79	400200.0
2022-08-10	2.1	1.77	1.83	1.8	681300.0
2022-08-11	1.9	1.76	1.83	1.78	436100.0
2022-08-15	1.94	1.74	1.77	1.76	543800.0
2022-08-16	1.93	1.74	1.78	1.76	188600.0
2022-08-17	1.95	1.74	1.77	1.76	234100.0
2022-08-18	1.95	1.75	1.77	1.75	141800.0
2022-08-19	1.94	1.75	1.78	1.77	213900.0
2022-08-22	2.0	1.75	1.77	1.77	99500.0
2022-08-23	2.16	1.75	1.77	1.76	314200.0
2022-08-24	2.14	1.76	1.78	1.77	92400.0
2022-08-25	2.18	1.76	1.78	1.78	174400.0
2022-08-26	2.08	1.74	1.78	1.76	367800.0
2022-08-29	1.99	1.73	1.77	1.75	101400.0
2022-08-30	1.94	1.74	1.76	1.75	68900.0
2022-08-31	1.85	1.73	1.76	1.74	153900.0
2022-09-01	1.9	1.62	1.76	1.68	456200.0
2022-09-02	1.85	1.65	1.71	1.67	254200.0
2022-09-05	1.86	1.67	1.76	1.7	610700.0
2022-09-06	1.85	1.68	1.71	1.71	85900.0
2022-09-07	1.85	1.67	1.72	1.69	242600.0
2022-09-08	1.91	1.68	1.72	1.68	224200.0
2022-09-09	1.95	1.67	1.71	1.67	146300.0
2022-09-12	2.0	1.65	1.67	1.67	253000.0
2022-09-13	1.98	1.65	1.73	1.67	332800.0
2022-09-14	1.98	1.67	1.69	1.69	69700.0
2022-09-15	2.0	1.68	1.7	1.69	69900.0
2022-09-16	2.0	1.66	1.95	1.77	10381900.0
2022-09-19	1.97	1.75	1.81	1.75	1258700.0
2022-09-20	2.02	1.71	1.77	1.73	644100.0
2022-09-21	2.02	1.7	1.77	1.7	887000.0
2022-09-22	2.02	1.68	1.71	1.69	501000.0
2022-09-23	2.04	1.69	1.75	1.69	619200.0
2022-09-26	2.02	1.66	1.69	1.69	442100.0
2022-09-27	2.0	1.64	1.7	1.65	493600.0
2022-09-28	2.0	1.63	1.66	1.64	185700.0
2022-09-29	2.02	1.57	1.66	1.57	1186700.0
2022-09-30	2.02	1.54	1.57	1.56	293600.0
2022-10-03	2.04	1.5	1.56	1.51	318400.0
2022-10-04	2.04	1.51	1.56	1.53	60700.0
2022-10-05	2.0	1.52	1.56	1.55	92200.0
2022-10-06	2.0	1.51	1.56	1.54	354400.0
2022-10-07	1.9	1.49	1.54	1.53	331200.0
2022-10-10	2.02	1.47	1.53	1.48	227200.0
2022-10-11	2.0	1.42	1.47	1.42	354100.0
2022-10-12	2.0	1.42	1.74	1.47	1360100.0
2022-10-17	2.0	1.41	1.48	1.45	198300.0
2022-10-18	1.99	1.42	1.46	1.44	106700.0
2022-10-19	2.0	1.43	1.53	1.47	932300.0
2022-10-20	1.99	1.45	1.48	1.47	98200.0
2022-10-21	1.99	1.46	1.49	1.47	58000.0
2022-10-25	2.0	1.47	1.49	1.47	56100.0
2022-10-26	2.04	1.45	1.49	1.46	68000.0
2022-10-27	2.06	1.42	1.47	1.45	298200.0
2022-10-28	2.02	1.44	1.46	1.44	127000.0
2022-10-31	2.04	1.43	1.47	1.44	84100.0
2022-11-01	2.02	1.44	1.45	1.44	93900.0
2022-11-02	2.02	1.42	1.45	1.44	157000.0
2022-11-03	2.04	1.43	1.45	1.45	49100.0
2022-11-04	2.1	1.43	1.49	1.45	69200.0
2022-11-07	2.08	1.45	1.49	1.47	138000.0
2022-11-08	2.08	1.47	1.48	1.47	86700.0
2022-11-09	2.18	1.45	1.48	1.46	149800.0
2022-11-10	2.2	1.44	1.46	1.44	77700.0
2022-11-11	2.16	1.42	1.44	1.42	119900.0
2022-11-14	2.18	1.39	1.43	1.4	154300.0
2022-11-15	2.18	1.37	1.4	1.39	175500.0
2022-11-16	2.18	1.32	1.38	1.32	579400.0
2022-11-17	2.16	1.27	1.34	1.28	176900.0
2022-11-18	2.18	1.26	1.29	1.28	229300.0
2022-11-21	2.1	1.27	1.29	1.28	55600.0
2022-11-22	2.18	1.25	1.29	1.27	67700.0
2022-11-23	2.36	1.24	1.27	1.25	145600.0
2022-11-24	2.1	1.22	1.26	1.23	80800.0
2022-11-25	2.02	1.18	1.25	1.19	204500.0
2022-11-28	2.0	1.17	1.2	1.19	187500.0
2022-11-29	2.02	1.17	1.2	1.19	54200.0
2022-11-30	2.0	1.18	1.22	1.2	620200.0
2022-12-01	1.99	1.17	1.2	1.18	336000.0
2022-12-02	2.06	1.17	1.2	1.19	20400.0
2022-12-06	2.1	1.18	1.19	1.18	121800.0
2022-12-07	2.1	1.17	1.18	1.17	101900.0
2022-12-08	2.08	1.15	1.19	1.15	162700.0
2022-12-09	2.06	1.15	1.18	1.17	107300.0
2022-12-13	2.04	1.15	1.18	1.17	448200.0
2022-12-14	2.02	1.16	1.18	1.17	62900.0
2022-12-15	1.97	1.15	1.17	1.16	55200.0
2022-12-16	1.96	1.17	1.18	1.18	83200.0
2022-12-19	1.89	1.17	1.19	1.17	13300.0
2022-12-20	1.94	1.17	1.24	1.21	282000.0
2022-12-21	1.88	1.2	1.23	1.2	142500.0
2022-12-22	1.74	1.2	1.29	1.23	333200.0
2022-12-23	1.7	1.2	1.22	1.21	69300.0
2022-12-26	1.74	1.22	1.26	1.25	240400.0
2022-12-27	1.74	1.26	1.42	1.35	1644700.0
2022-12-28	1.72	1.33	1.37	1.35	363000.0
2022-12-29	1.76	1.32	1.41	1.36	152700.0
2022-12-30	1.71	1.36	1.38	1.37	69600.0
