Date	Price Open	Price Low	Price High	Price Close	Volume
2020-10-26	0.67	0.61	0.72	0.61	727900400
2020-10-27	0.62	0.61	0.64	0.62	73734700
2020-10-28	0.62	0.6	0.63	0.61	29675300
2020-10-29	0.6	0.55	0.6	0.56	32261000
2020-10-30	0.57	0.56	0.62	0.58	57612400
2020-11-02	0.58	0.56	0.6	0.58	25320800
2020-11-03	0.58	0.57	0.59	0.57	18111900
2020-11-04	0.57	0.57	0.6	0.57	31535900
2020-11-05	0.58	0.56	0.59	0.57	14342600
2020-11-06	0.58	0.56	0.58	0.56	7212900
2020-11-09	0.57	0.55	0.58	0.56	9019400
2020-11-10	0.56	0.52	0.57	0.52	14633000
2020-11-11	0.53	0.52	0.54	0.52	5781800
2020-11-12	0.53	0.52	0.54	0.52	4675400
2020-11-13	0.53	0.52	0.55	0.53	12103400
2020-11-16	0.53	0.53	0.55	0.54	11664200
2020-11-17	0.54	0.53	0.58	0.54	42477800
2020-11-18	0.55	0.53	0.55	0.55	9204500
2020-11-19	0.55	0.54	0.58	0.56	27123900
2020-11-20	0.57	0.56	0.6	0.58	36625200
2020-11-23	0.59	0.57	0.61	0.58	28737900
2020-11-24	0.58	0.55	0.59	0.56	14076900
2020-11-25	0.56	0.55	0.57	0.56	5473300
2020-11-26	0.56	0.56	0.57	0.57	2483200
2020-11-27	0.57	0.56	0.58	0.56	4782600
2020-11-30	0.56	0.55	0.57	0.56	6800600
2020-12-01	0.55	0.54	0.56	0.54	4155300
2020-12-02	0.54	0.54	0.57	0.57	15781800
2020-12-03	0.57	0.56	0.58	0.57	4794800
2020-12-04	0.57	0.56	0.59	0.59	20297700
2020-12-08	0.58	0.57	0.6	0.58	11545300
2020-12-09	0.58	0.56	0.59	0.57	12399700
2020-12-14	0.58	0.56	0.58	0.57	4481800
2020-12-15	0.58	0.55	0.58	0.57	8778100
2020-12-16	0.57	0.56	0.58	0.58	5585400
2020-12-17	0.58	0.57	0.59	0.58	10610900
2020-12-18	0.58	0.57	0.59	0.58	9603400
2020-12-21	0.55	0.53	0.56	0.53	14427800
2020-12-22	0.53	0.53	0.57	0.56	6274800
2020-12-23	0.56	0.55	0.57	0.55	2223000
2020-12-24	0.56	0.53	0.56	0.55	6446400
2020-12-25	0.55	0.55	0.56	0.56	2357600
2020-12-28	0.56	0.54	0.56	0.54	3009900
2020-12-29	0.55	0.54	0.55	0.54	870800
2020-12-30	0.54	0.53	0.55	0.55	3231600
2021-01-04	0.54	0.53	0.55	0.55	1717500
2021-01-05	0.55	0.54	0.55	0.54	603300
2021-01-06	0.55	0.54	0.55	0.55	1598900
2021-01-07	0.54	0.54	0.55	0.54	3115000
2021-01-08	0.54	0.54	0.55	0.54	1950900
2021-01-11	0.54	0.54	0.55	0.54	1189600
2021-01-12	0.55	0.54	0.55	0.54	1013700
2021-01-13	0.55	0.54	0.56	0.55	5629800
2021-01-14	0.55	0.55	0.6	0.57	44602800
2021-01-15	0.57	0.56	0.58	0.57	4447700
2021-01-18	0.57	0.56	0.59	0.57	16847600
2021-01-19	0.58	0.56	0.59	0.57	7180400
2021-01-20	0.58	0.57	0.61	0.58	26325400
2021-01-21	0.59	0.58	0.6	0.58	14762600
2021-01-22	0.58	0.58	0.61	0.61	26652700
2021-01-25	0.62	0.59	0.62	0.59	12893200
2021-01-26	0.6	0.59	0.61	0.61	10758100
2021-01-27	0.61	0.6	0.61	0.61	6708100
2021-01-28	0.59	0.59	0.6	0.59	8457000
2021-01-29	0.6	0.59	0.61	0.59	5988400
2021-02-01	0.61	0.6	0.61	0.61	5168200
2021-02-02	0.6	0.6	0.65	0.63	28518600
2021-02-03	0.63	0.62	0.64	0.63	3768500
2021-02-04	0.63	0.61	0.63	0.63	5613100
2021-02-05	0.62	0.62	0.63	0.63	1424400
2021-02-08	0.62	0.61	0.63	0.62	6974900
2021-02-09	0.63	0.63	0.64	0.63	4480100
2021-02-10	0.64	0.63	0.64	0.63	1612800
2021-02-11	0.63	0.62	0.64	0.62	5041700
2021-02-15	0.63	0.63	0.64	0.64	3580000
2021-02-16	0.64	0.63	0.65	0.65	5319800
2021-02-17	0.65	0.65	0.69	0.69	16132300
2021-02-18	0.7	0.7	0.77	0.72	29755500
2021-02-19	0.75	0.73	0.75	0.74	7703000
2021-02-22	0.74	0.71	0.75	0.71	9028700
2021-02-23	0.72	0.7	0.73	0.72	4273300
2021-02-24	0.73	0.72	0.79	0.77	8730000
2021-02-25	0.77	0.77	0.83	0.81	7507800
2021-03-01	0.8	0.73	0.82	0.78	9086700
2021-03-02	0.76	0.75	0.78	0.77	1859000
2021-03-03	0.75	0.74	0.77	0.74	2447800
2021-03-04	0.74	0.74	0.76	0.76	1656400
2021-03-05	0.75	0.75	0.76	0.76	552000
2021-03-08	0.77	0.74	0.77	0.75	2096700
2021-03-09	0.76	0.75	0.77	0.77	2820300
2021-03-10	0.77	0.77	0.92	0.9	14642000
2021-03-11	0.96	0.9	0.99	0.9	11127100
2021-03-12	0.9	0.86	0.9	0.88	3204100
2021-03-15	0.87	0.85	0.87	0.86	3101900
2021-03-16	0.85	0.85	0.88	0.88	1849300
2021-03-17	0.88	0.87	0.96	0.95	6510600
2021-03-18	0.97	0.94	0.98	0.97	1800400
2021-03-19	0.98	0.95	0.99	0.97	2922700
2021-03-22	0.97	0.96	1.08	0.99	6327700
2021-03-23	0.94	0.94	0.97	0.97	3434400
2021-03-24	0.97	0.96	0.98	0.97	1024900
2021-03-25	0.97	0.96	0.98	0.96	1499600
2021-03-26	0.96	0.94	0.96	0.95	1281000
2021-03-29	0.93	0.93	0.95	0.93	1636200
2021-03-30	0.93	0.92	0.94	0.92	1547700
2021-03-31	0.93	0.92	0.99	0.97	5503900
2021-04-01	0.98	0.95	0.99	0.97	2538000
2021-04-02	0.97	0.95	0.98	0.96	785600
2021-04-05	0.96	0.93	0.97	0.93	2375600
2021-04-07	0.98	0.97	1.13	1.06	51340000
2021-04-08	1.16	1.06	1.16	1.06	15085500
2021-04-09	1.06	1.02	1.06	1.02	4090200
2021-04-12	1.01	0.99	1.02	0.99	5181600
2021-04-16	0.99	0.99	1.13	1.08	21675800
2021-04-19	1.06	1.06	1.11	1.09	9291600
2021-04-20	1.12	1.08	1.12	1.08	3374100
2021-04-21	1.07	1.05	1.08	1.06	7673400
2021-04-22	1.05	1.04	1.09	1.08	5912600
2021-04-23	1.09	1.09	1.18	1.16	26608700
2021-04-26	1.2	1.13	1.2	1.18	9383200
2021-04-27	1.2	1.17	1.24	1.19	9976700
2021-04-28	1.2	1.19	1.26	1.23	4431600
2021-04-29	1.23	1.23	1.28	1.26	3905300
2021-04-30	1.28	1.24	1.28	1.26	2074200
2021-05-05	1.3	1.25	1.3	1.27	2743700
2021-05-06	1.26	1.23	1.28	1.27	1808200
2021-05-07	1.28	1.28	1.4	1.34	15006000
2021-05-10	1.34	1.28	1.34	1.33	1684200
2021-05-11	1.33	1.28	1.34	1.29	1325600
2021-05-12	1.3	1.25	1.3	1.25	1911900
2021-05-13	1.26	1.04	1.26	1.17	6849400
2021-05-14	1.17	1.05	1.18	1.14	2771600
2021-05-17	1.08	1.06	1.11	1.1	2571800
2021-05-18	1.08	1.07	1.15	1.13	3773600
2021-05-19	1.13	1.11	1.16	1.15	2874900
2021-05-20	1.15	1.12	1.17	1.16	2916500
2021-05-21	1.16	1.14	1.23	1.23	4646200
2021-05-24	1.39	1.26	1.41	1.27	11675600
2021-05-25	1.31	1.28	1.31	1.3	2138500
2021-05-27	1.3	1.28	1.31	1.28	2265400
2021-05-28	1.28	1.24	1.28	1.27	3024200
2021-05-31	1.28	1.27	1.29	1.27	726400
2021-06-01	1.27	1.26	1.31	1.31	2604400
2021-06-02	1.31	1.31	1.35	1.34	2897600
2021-06-04	1.34	1.33	1.35	1.35	1815500
2021-06-07	1.35	1.31	1.36	1.31	2086000
2021-06-08	1.31	1.28	1.33	1.28	1305300
2021-06-09	1.28	1.25	1.29	1.28	4077600
2021-06-10	1.27	1.27	1.3	1.29	2551400
2021-06-11	1.29	1.28	1.3	1.29	2525600
2021-06-14	1.28	1.26	1.29	1.27	2512000
2021-06-15	1.27	1.22	1.29	1.22	3153900
2021-06-16	1.21	1.21	1.24	1.24	1021300
2021-06-17	1.23	1.23	1.26	1.26	1738300
2021-06-18	1.26	1.24	1.28	1.26	2970400
2021-06-21	1.25	1.22	1.26	1.25	652400
2021-06-22	1.24	1.24	1.27	1.26	2046100
2021-06-23	1.26	1.24	1.28	1.24	2919400
2021-06-24	1.24	1.22	1.25	1.22	1327900
2021-06-25	1.22	1.21	1.25	1.24	2504300
2021-06-28	1.21	1.17	1.24	1.17	1827300
2021-06-29	1.13	1.11	1.21	1.21	7818900
2021-06-30	1.21	1.17	1.22	1.17	3357100
2021-07-01	1.17	1.15	1.19	1.15	1692400
2021-07-02	1.17	1.13	1.18	1.15	921300
2021-07-05	1.15	1.13	1.16	1.14	736600
2021-07-06	1.14	1.14	1.19	1.17	3838800
2021-07-07	1.17	1.16	1.19	1.19	1840600
2021-07-08	1.18	1.14	1.19	1.16	2526100
2021-07-09	1.12	1.1	1.15	1.15	1611200
2021-07-12	1.14	1.14	1.18	1.16	2118500
2021-07-13	1.15	1.15	1.18	1.18	2018500
2021-07-14	1.17	1.17	1.19	1.19	1737600
2021-07-15	1.18	1.18	1.24	1.23	4260200
2021-07-16	1.25	1.24	1.3	1.26	7583300
2021-07-19	1.26	1.21	1.27	1.21	4065200
2021-07-20	1.22	1.18	1.25	1.22	2637300
2021-07-21	1.21	1.19	1.24	1.23	1531300
2021-07-22	1.21	1.21	1.26	1.24	2006300
2021-07-23	1.23	1.21	1.23	1.22	1523900
2021-07-27	1.21	1.2	1.25	1.2	2084300
2021-07-29	1.2	1.19	1.23	1.22	2022800
2021-07-30	1.21	1.19	1.21	1.21	1821000
2021-08-02	1.2	1.15	1.22	1.19	2348800
2021-08-03	1.18	1.18	1.24	1.23	3466500
2021-08-04	1.23	1.22	1.25	1.25	3518700
2021-08-05	1.26	1.25	1.51	1.45	44535400
2021-08-06	1.52	1.3	1.55	1.3	43491900
2021-08-09	1.33	1.21	1.34	1.23	11723000
2021-08-10	1.21	1.19	1.23	1.19	6387000
2021-08-11	1.2	1.13	1.2	1.16	8515300
2021-08-13	1.14	1.13	1.18	1.13	4057400
2021-08-16	1.1	1.08	1.13	1.13	4877400
2021-08-17	1.11	1.11	1.15	1.14	1090600
2021-08-18	1.14	1.13	1.18	1.16	2667400
2021-08-19	1.16	1.15	1.18	1.18	1197800
2021-08-20	1.18	1.16	1.2	1.18	1173500
2021-08-23	1.19	1.17	1.21	1.21	1546400
2021-08-24	1.21	1.21	1.26	1.24	4096900
2021-08-25	1.24	1.23	1.27	1.23	2039400
2021-08-26	1.22	1.2	1.24	1.23	1122800
2021-08-27	1.23	1.21	1.25	1.23	1307200
2021-08-30	1.24	1.23	1.25	1.23	1286600
2021-08-31	1.23	1.22	1.24	1.24	1078800
2021-09-01	1.23	1.22	1.25	1.22	1015900
2021-09-02	1.22	1.2	1.24	1.2	1019400
2021-09-03	1.21	1.19	1.21	1.2	656300
2021-09-06	1.18	1.18	1.21	1.21	811800
2021-09-07	1.19	1.19	1.23	1.19	2807000
2021-09-08	1.18	1.17	1.21	1.2	1695500
2021-09-09	1.2	1.2	1.28	1.21	11394900
2021-09-10	1.22	1.19	1.24	1.19	3129900
2021-09-13	1.21	1.17	1.21	1.17	2186800
2021-09-14	1.17	1.17	1.2	1.17	1653300
2021-09-15	1.18	1.18	1.2	1.18	663700
2021-09-16	1.18	1.18	1.22	1.2	2652600
2021-09-17	1.2	1.2	1.33	1.23	32483900
2021-09-20	1.22	1.21	1.25	1.21	4387000
2021-09-21	1.21	1.21	1.3	1.28	16246800
2021-09-22	1.28	1.25	1.35	1.25	34672100
2021-09-23	1.26	1.23	1.27	1.25	3957000
2021-09-27	1.25	1.21	1.26	1.21	3098900
2021-09-28	1.21	1.21	1.25	1.22	1930900
2021-09-29	1.22	1.22	1.24	1.23	1210100
2021-09-30	1.23	1.23	1.31	1.25	26734500
2021-10-01	1.22	1.21	1.24	1.21	4242800
2021-10-04	1.22	1.21	1.25	1.21	1722800
2021-10-05	1.21	1.18	1.22	1.2	2220600
2021-10-06	1.2	1.2	1.23	1.21	1376500
2021-10-07	1.24	1.2	1.24	1.22	1875600
2021-10-08	1.22	1.21	1.24	1.22	1639300
2021-10-11	1.22	1.22	1.27	1.27	8894500
2021-10-12	1.27	1.23	1.29	1.23	10457500
2021-10-14	1.23	1.23	1.27	1.23	1983600
2021-10-15	1.22	1.22	1.26	1.24	2614100
2021-10-18	1.24	1.23	1.25	1.23	805500
2021-10-19	1.23	1.22	1.26	1.22	2004100
2021-10-20	1.23	1.22	1.25	1.22	1927200
2021-10-21	1.23	1.22	1.26	1.25	3384500
2021-10-25	1.24	1.24	1.3	1.26	15693400
2021-10-26	1.26	1.24	1.29	1.27	8869700
2021-10-27	1.29	1.28	1.4	1.32	107019300
2021-10-28	1.32	1.25	1.36	1.33	25993000
2021-10-29	1.33	1.28	1.35	1.33	13138500
2021-11-01	1.34	1.3	1.38	1.3	26003400
2021-11-02	1.29	1.22	1.31	1.23	11435000
2021-11-03	1.22	1.21	1.26	1.23	3269000
2021-11-04	1.22	1.21	1.24	1.24	1307900
2021-11-05	1.23	1.23	1.26	1.24	1648500
2021-11-08	1.24	1.23	1.26	1.24	1363000
2021-11-09	1.23	1.23	1.24	1.23	1344600
2021-11-10	1.23	1.22	1.23	1.23	1463600
2021-11-11	1.23	1.22	1.24	1.24	960900
2021-11-12	1.24	1.21	1.24	1.22	1592100
2021-11-15	1.21	1.21	1.23	1.22	560700
2021-11-16	1.22	1.21	1.24	1.21	1266800
2021-11-17	1.22	1.21	1.23	1.23	640300
2021-11-18	1.23	1.22	1.24	1.22	1490100
2021-11-19	1.23	1.23	1.24	1.24	1157900
2021-11-22	1.24	1.24	1.27	1.26	1047400
2021-11-23	1.27	1.24	1.28	1.24	2388200
2021-11-24	1.25	1.25	1.27	1.26	1502700
2021-11-25	1.27	1.27	1.29	1.27	2050300
2021-11-26	1.27	1.22	1.28	1.26	2111800
2021-11-29	1.23	1.22	1.25	1.24	1413500
2021-11-30	1.24	1.22	1.26	1.22	1499700
2021-12-01	1.22	1.22	1.24	1.23	357100
2021-12-02	1.23	1.22	1.25	1.25	737100
2021-12-03	1.25	1.15	1.26	1.21	7849200
2021-12-07	1.21	1.21	1.24	1.23	517400
2021-12-08	1.23	1.23	1.25	1.24	605300
2021-12-09	1.24	1.22	1.25	1.25	1140400
2021-12-13	1.25	1.24	1.27	1.25	1159600
2021-12-14	1.25	1.23	1.26	1.25	877000
2021-12-15	1.25	1.24	1.28	1.28	3083300
2021-12-16	1.29	1.28	1.4	1.4	16938200
2021-12-17	1.39	1.31	1.39	1.32	12916800
2021-12-20	1.31	1.21	1.32	1.23	9797200
2021-12-21	1.23	1.22	1.24	1.23	2483200
2021-12-22	1.23	1.22	1.25	1.25	1979900
2021-12-23	1.25	1.23	1.25	1.24	645700
2021-12-24	1.24	1.23	1.24	1.23	828200
2021-12-27	1.22	1.22	1.24	1.22	825000
2021-12-28	1.23	1.22	1.24	1.22	804400
2021-12-29	1.22	1.22	1.23	1.23	472300
2021-12-30	1.22	1.22	1.24	1.23	1506200
2022-01-04	1.23	1.22	1.24	1.23	561200
2022-01-05	1.23	1.23	1.24	1.24	979700
2022-01-06	1.24	1.23	1.24	1.23	964700
2022-01-07	1.23	1.22	1.24	1.22	1074200
2022-01-10	1.22	1.22	1.24	1.24	1535000
2022-01-11	1.24	1.23	1.25	1.23	1979000
2022-01-12	1.23	1.22	1.24	1.23	779500
2022-01-13	1.24	1.23	1.24	1.23	766200
2022-01-14	1.23	1.22	1.24	1.24	444200
2022-01-17	1.24	1.23	1.24	1.24	235100
2022-01-18	1.23	1.22	1.24	1.22	1433100
2022-01-19	1.22	1.22	1.24	1.23	355700
2022-01-20	1.23	1.23	1.24	1.24	355800
2022-01-21	1.21	1.21	1.24	1.22	891800
2022-01-24	1.22	1.22	1.24	1.22	1118600
2022-01-25	1.22	1.21	1.24	1.23	1136300
2022-01-26	1.23	1.22	1.29	1.28	8301700
2022-01-27	1.27	1.23	1.28	1.25	3373000
2022-01-28	1.25	1.19	1.34	1.19	40425000
2022-01-31	1.18	1.1	1.21	1.19	10139500
2022-02-01	1.19	1.19	1.24	1.21	2653500
2022-02-02	1.21	1.21	1.23	1.23	1798700
2022-02-03	1.23	1.22	1.25	1.23	1086100
2022-02-04	1.22	1.22	1.24	1.23	899900
2022-02-07	1.23	1.23	1.24	1.23	894000
2022-02-08	1.23	1.23	1.27	1.25	2593800
2022-02-09	1.25	1.24	1.27	1.24	2135000
2022-02-10	1.24	1.23	1.26	1.25	1205000
2022-02-11	1.25	1.24	1.31	1.25	10241500
2022-02-14	1.24	1.22	1.26	1.22	2913600
2022-02-15	1.22	1.22	1.25	1.23	1565000
2022-02-17	1.23	1.22	1.24	1.23	941100
2022-02-18	1.22	1.22	1.26	1.23	2322700
2022-02-21	1.23	1.22	1.26	1.22	2601300
2022-02-22	1.22	1.2	1.23	1.21	1497800
2022-02-23	1.21	1.19	1.22	1.2	1077000
2022-02-24	1.2	1.15	1.2	1.17	1416500
2022-02-25	1.17	1.16	1.26	1.26	1991900
2022-02-28	1.23	1.22	1.25	1.23	337600
2022-03-01	1.23	1.23	1.24	1.24	557700
2022-03-02	1.23	1.22	1.24	1.22	370000
2022-03-03	1.22	1.22	1.24	1.23	432500
2022-03-04	1.23	1.19	1.23	1.21	730600
2022-03-07	1.19	1.16	1.21	1.18	502100
2022-03-08	1.18	1.13	1.18	1.17	690400
2022-03-09	1.17	1.16	1.2	1.2	1104000
2022-03-10	1.19	1.19	1.23	1.21	747000
2022-03-11	1.2	1.2	1.21	1.21	115500
2022-03-14	1.21	1.2	1.24	1.23	1329500
2022-03-15	1.24	1.23	1.26	1.24	1290700
2022-03-16	1.24	1.23	1.25	1.23	415100
2022-03-17	1.24	1.22	1.25	1.24	913900
2022-03-18	1.23	1.22	1.24	1.24	222600
2022-03-21	1.23	1.22	1.24	1.24	464200
2022-03-22	1.24	1.18	1.24	1.18	717400
2022-03-23	1.19	1.19	1.23	1.2	1411500
2022-03-24	1.2	1.2	1.23	1.2	305600
2022-03-25	1.21	1.2	1.23	1.2	602100
2022-03-28	1.2	1.2	1.22	1.21	209700
2022-03-29	1.21	1.2	1.23	1.21	288400
2022-03-30	1.2	1.2	1.22	1.21	337600
2022-03-31	1.2	1.2	1.22	1.21	330800
2022-04-01	1.21	1.21	1.22	1.22	434100
2022-04-04	1.22	1.21	1.25	1.22	982700
2022-04-05	1.22	1.19	1.26	1.22	9481900
2022-04-07	1.22	1.19	1.22	1.2	699300
2022-04-08	1.2	1.19	1.21	1.2	447700
2022-04-11	1.2	1.17	1.21	1.17	1371800
2022-04-12	1.17	1.17	1.21	1.17	907900
2022-04-18	1.17	1.17	1.19	1.18	506200
2022-04-19	1.18	1.17	1.19	1.17	793900
2022-04-20	1.17	1.17	1.19	1.18	365600
2022-04-21	1.17	1.17	1.19	1.18	926800
2022-04-22	1.18	1.16	1.19	1.16	509800
2022-04-25	1.16	1.15	1.17	1.16	694000
2022-04-26	1.17	1.12	1.25	1.14	38328800
2022-04-27	1.13	1.08	1.18	1.11	16522900
2022-04-28	1.13	1.12	1.14	1.14	1786400
2022-04-29	1.14	1.12	1.15	1.15	2999800
2022-05-03	1.14	1.12	1.15	1.13	739100
2022-05-05	1.12	1.04	1.14	1.09	964900
2022-05-06	1.06	1.06	1.09	1.07	324200
2022-05-09	1.06	1.04	1.09	1.06	821000
2022-05-10	1.05	1.03	1.07	1.05	478700
2022-05-11	1.05	0.91	1.05	0.92	3499700
2022-05-12	0.92	0.77	0.92	0.81	3935700
2022-05-13	0.81	0.76	0.87	0.81	4252300
2022-05-17	0.81	0.79	0.83	0.82	692700
2022-05-18	0.82	0.82	0.84	0.83	778200
2022-05-19	0.81	0.81	0.83	0.82	426100
2022-05-20	0.82	0.82	0.85	0.83	876500
2022-05-23	0.84	0.84	0.87	0.84	1408700
2022-05-24	0.84	0.83	0.85	0.84	766000
2022-05-25	0.84	0.83	0.85	0.83	931400
2022-05-26	0.83	0.83	0.85	0.84	701900
2022-05-27	0.84	0.84	0.86	0.84	454900
2022-05-30	0.84	0.84	0.87	0.86	380700
2022-05-31	0.86	0.85	0.87	0.86	170100
2022-06-01	0.86	0.84	0.87	0.84	309300
2022-06-02	0.84	0.83	0.85	0.84	628500
2022-06-06	0.83	0.81	0.85	0.82	616700
2022-06-07	0.82	0.81	0.83	0.82	689900
2022-06-08	0.82	0.82	0.83	0.82	462600
2022-06-09	0.82	0.82	0.84	0.84	619300
2022-06-10	0.84	0.82	0.84	0.83	275200
2022-06-13	0.83	0.81	0.84	0.82	243400
2022-06-14	0.81	0.81	0.82	0.81	195200
2022-06-15	0.81	0.8	0.82	0.81	364600
2022-06-16	0.81	0.75	0.86	0.76	2907400
2022-06-17	0.78	0.75	0.78	0.76	541200
2022-06-20	0.76	0.74	0.77	0.76	251800
2022-06-21	0.76	0.74	0.77	0.76	149300
2022-06-22	0.76	0.73	0.76	0.73	379500
2022-06-23	0.73	0.72	0.74	0.72	258300
2022-06-24	0.72	0.72	0.74	0.72	315000
2022-06-27	0.73	0.72	0.74	0.72	113000
2022-06-28	0.72	0.72	0.76	0.74	463300
2022-06-29	0.75	0.74	0.76	0.75	199300
2022-06-30	0.75	0.74	0.76	0.75	167000
2022-07-01	0.75	0.73	0.76	0.75	84200
2022-07-04	0.75	0.72	0.76	0.72	372100
2022-07-05	0.72	0.7	0.74	0.7	281100
2022-07-06	0.7	0.66	0.72	0.66	514700
2022-07-07	0.66	0.65	0.69	0.67	727200
2022-07-08	0.67	0.67	0.72	0.69	584000
2022-07-11	0.69	0.68	0.75	0.74	621200
2022-07-12	0.74	0.7	0.74	0.71	302200
2022-07-14	0.71	0.69	0.72	0.69	145900
2022-07-15	0.7	0.67	0.7	0.68	359300
2022-07-18	0.69	0.68	0.7	0.69	125400
2022-07-19	0.69	0.68	0.79	0.71	1382400
2022-07-20	0.72	0.71	0.77	0.74	1009400
2022-07-21	0.74	0.7	0.74	0.7	291700
2022-07-22	0.71	0.7	0.72	0.71	71300
2022-07-25	0.72	0.71	0.74	0.74	183100
2022-07-26	0.74	0.73	0.75	0.73	88800
2022-07-27	0.75	0.73	0.77	0.75	139200
2022-08-01	0.77	0.74	0.77	0.74	66300
2022-08-02	0.74	0.72	0.76	0.72	226200
2022-08-03	0.72	0.72	0.74	0.74	64600
2022-08-04	0.74	0.73	0.75	0.75	69800
2022-08-05	0.75	0.73	0.75	0.74	83500
2022-08-08	0.74	0.73	0.75	0.74	65900
2022-08-09	0.74	0.73	0.75	0.74	70300
2022-08-10	0.74	0.73	0.75	0.73	51000
2022-08-11	0.74	0.72	0.75	0.73	56900
2022-08-15	0.73	0.69	0.74	0.71	339700
2022-08-16	0.73	0.69	0.73	0.69	185900
2022-08-17	0.69	0.69	0.73	0.7	261000
2022-08-18	0.74	0.71	0.74	0.72	33900
2022-08-19	0.73	0.7	0.74	0.7	302500
2022-08-22	0.71	0.7	0.71	0.7	64600
2022-08-23	0.71	0.71	0.72	0.72	41500
2022-08-24	0.73	0.71	0.73	0.71	523300
2022-08-25	0.72	0.71	0.73	0.71	279200
2022-08-26	0.72	0.71	0.73	0.71	145400
2022-08-29	0.7	0.7	0.72	0.7	151900
2022-08-30	0.71	0.71	0.76	0.75	850000
2022-08-31	0.77	0.74	0.77	0.75	96700
2022-09-01	0.76	0.73	0.76	0.74	227700
2022-09-02	0.74	0.73	0.75	0.74	214000
2022-09-05	0.81	0.75	0.81	0.8	1059700
2022-09-06	0.8	0.77	0.8	0.78	437400
2022-09-07	0.77	0.77	0.8	0.8	189400
2022-09-08	0.82	0.79	0.82	0.8	166900
2022-09-09	0.8	0.77	0.8	0.78	170800
2022-09-12	0.78	0.77	0.8	0.79	230500
2022-09-13	0.79	0.78	0.81	0.79	498900
2022-09-14	0.79	0.79	0.8	0.8	93100
2022-09-15	0.8	0.78	0.8	0.79	141400
2022-09-16	0.79	0.78	0.79	0.78	69000
2022-09-19	0.78	0.77	0.79	0.77	241300
2022-09-20	0.77	0.76	0.78	0.76	46100
2022-09-21	0.77	0.76	0.79	0.78	93800
2022-09-22	0.77	0.77	0.8	0.77	149000
2022-09-23	0.78	0.78	0.79	0.79	102600
2022-09-26	0.79	0.77	0.79	0.77	126100
2022-09-27	0.77	0.76	0.78	0.78	168400
2022-09-28	0.77	0.74	0.77	0.75	226500
2022-09-29	0.75	0.74	0.78	0.75	42400
2022-09-30	0.75	0.73	0.76	0.74	111400
2022-10-03	0.74	0.73	0.75	0.73	65800
2022-10-04	0.73	0.73	0.74	0.73	163000
2022-10-05	0.73	0.72	0.76	0.73	175800
2022-10-06	0.72	0.7	0.74	0.72	408400
2022-10-07	0.72	0.68	0.73	0.68	535000
2022-10-10	0.68	0.66	0.72	0.66	1157800
2022-10-11	0.67	0.63	0.7	0.64	1463500
2022-10-12	0.64	0.6	0.65	0.61	1675700
2022-10-17	0.62	0.6	0.62	0.61	301300
2022-10-18	0.62	0.62	0.76	0.7	857800
2022-10-19	0.7	0.69	0.78	0.7	783500
2022-10-20	0.71	0.7	0.8	0.79	3626000
2022-10-21	0.82	0.77	0.82	0.77	1294400
2022-10-25	0.79	0.77	0.79	0.77	146500
2022-10-26	0.77	0.76	0.79	0.77	172500
2022-10-27	0.78	0.78	0.87	0.86	1699400
2022-10-28	0.89	0.85	0.89	0.87	1729600
2022-10-31	0.88	0.82	0.9	0.82	1677800
2022-11-01	0.82	0.82	0.84	0.84	360600
2022-11-02	0.85	0.82	0.85	0.82	316500
2022-11-03	0.81	0.79	0.82	0.79	228900
2022-11-04	0.79	0.78	0.81	0.78	347400
2022-11-07	0.79	0.78	0.8	0.78	74400
2022-11-08	0.78	0.77	0.82	0.82	239800
2022-11-09	0.83	0.8	0.83	0.8	306400
2022-11-10	0.81	0.8	0.81	0.8	172700
2022-11-11	0.8	0.79	0.8	0.8	116500
2022-11-14	0.79	0.78	0.8	0.79	339100
2022-11-15	0.78	0.77	0.79	0.79	244100
2022-11-16	0.79	0.77	0.79	0.78	148400
2022-11-17	0.78	0.77	0.83	0.82	448600
2022-11-18	0.85	0.82	0.86	0.82	774400
2022-11-21	0.82	0.73	0.84	0.73	1149300
2022-11-22	0.72	0.69	0.77	0.71	717900
2022-11-23	0.66	0.66	0.72	0.71	295000
2022-11-24	0.71	0.7	0.72	0.72	163600
2022-11-25	0.69	0.69	0.72	0.7	222100
2022-11-28	0.71	0.68	0.71	0.68	134200
2022-11-29	0.69	0.69	0.69	0.69	178500
2022-11-30	0.7	0.68	0.71	0.68	114100
2022-12-01	0.68	0.65	0.74	0.66	754000
2022-12-02	0.65	0.65	0.68	0.65	247600
2022-12-06	0.65	0.65	0.68	0.65	191100
2022-12-07	0.65	0.65	0.68	0.66	57100
2022-12-08	0.64	0.64	0.68	0.66	502000
2022-12-09	0.67	0.65	0.7	0.65	361500
2022-12-13	0.65	0.65	0.68	0.68	508400
2022-12-14	0.67	0.65	0.67	0.66	399100
2022-12-15	0.66	0.65	0.66	0.65	89800
2022-12-16	0.65	0.64	0.65	0.65	41400
2022-12-19	0.65	0.64	0.67	0.65	83100
2022-12-20	0.66	0.63	0.66	0.64	75200
2022-12-21	0.65	0.65	0.67	0.65	75100
2022-12-22	0.65	0.65	0.66	0.65	34300
2022-12-23	0.65	0.65	0.66	0.66	26100
2022-12-26	0.65	0.65	0.73	0.68	160000
2022-12-27	0.68	0.65	0.74	0.68	629500
2022-12-28	0.68	0.65	0.69	0.66	790500
2022-12-29	0.66	0.63	0.69	0.68	1126600
2022-12-30	0.68	0.64	0.68	0.64	1839900
