Date	Price Open	Price Low	Price High	Price Close	Volume
2018-06-20	10.5746448	9.8264388	14.6648376	14.6648376	332070011.0
2018-06-21	14.7645984	11.472492	15.8619672	12.8691432	318591170.0
2018-06-22	13.2681864	11.3727312	13.3679472	11.6720136	70911720.0
2018-06-25	11.5722528	11.3727312	13.2681864	13.2681864	66025934.0
2018-06-26	13.2681864	12.6696216	14.465316	13.5674688	136395758.0
2018-06-27	13.6672296	13.467708	14.465316	13.8667512	87777864.0
2018-06-28	13.8667512	13.2681864	14.0662728	13.2681864	42510184.0
2018-06-29	13.467708	12.0710568	13.5674688	12.1708176	38766329.0
2018-07-02	12.4701	12.3703392	13.3679472	13.3679472	28336180.0
2018-07-03	13.3679472	12.7693824	13.6672296	13.1684256	39226529.0
2018-07-04	13.0686648	12.7693824	13.3679472	12.8691432	17841577.0
2018-07-05	12.7693824	11.7717744	12.8691432	11.971296	22318285.0
2018-07-06	12.1708176	12.0710568	12.7693824	12.5698608	22208923.0
2018-07-09	12.6696216	12.5698608	13.1684256	12.8691432	21459430.0
2018-07-10	12.968904	12.7693824	13.2681864	13.1684256	17116542.0
2018-07-11	13.0686648	12.3703392	13.5674688	12.3703392	42941215.0
2018-07-12	12.4701	12.2705784	12.5698608	12.4701	9584425.0
2018-07-13	12.6696216	12.6696216	13.0686648	12.6696216	12734761.0
2018-07-16	12.7693824	12.4701	12.7693824	12.4701	6260174.0
2018-07-17	12.5698608	12.1708176	12.5698608	12.3703392	4492846.0
2018-07-18	12.6696216	12.5698608	13.0686648	13.0686648	13452779.0
2018-07-19	12.968904	12.8691432	13.2681864	12.968904	12420810.0
2018-07-20	13.0686648	12.968904	13.7669904	13.3679472	40370165.0
2018-07-23	13.3679472	13.0686648	13.5674688	13.467708	18387482.0
2018-07-24	13.7669904	13.6672296	14.3655552	13.7669904	49331300.0
2018-07-25	13.7669904	13.5674688	13.966512	13.8667512	16835069.0
2018-07-26	13.8667512	13.7669904	14.0662728	13.8667512	9331921.0
2018-07-31	13.966512	13.7669904	14.1660336	13.7669904	11028580.0
2018-08-01	13.7669904	13.7669904	14.0662728	13.8667512	8864102.0
2018-08-02	13.8667512	13.7669904	15.2634024	15.2634024	41596699.0
2018-08-03	15.3631632	14.7645984	16.2610104	16.0614888	85102966.0
2018-08-06	15.961728	15.3631632	16.2610104	15.462924	43893693.0
2018-08-07	15.5626848	15.3631632	16.3607712	15.961728	44683482.0
2018-08-08	16.0614888	14.8643592	16.2610104	14.8643592	32361208.0
2018-08-09	14.8643592	14.1660336	15.0638808	14.5650768	33105588.0
2018-08-10	15.3631632	13.966512	15.6624456	14.1660336	50067962.0
2018-08-14	14.0662728	14.0662728	14.465316	14.3655552	13632909.0
2018-08-15	14.3655552	14.2657944	14.6648376	14.465316	17266200.0
2018-08-16	14.6648376	14.465316	14.8643592	14.7645984	20097272.0
2018-08-17	14.7645984	14.1660336	15.0638808	14.1660336	24222740.0
2018-08-20	14.465316	14.1660336	14.465316	14.1660336	9830414.0
2018-08-21	14.1660336	13.6672296	14.1660336	13.6672296	15526439.0
2018-08-22	13.6672296	13.6672296	13.966512	13.8667512	11160997.0
2018-08-23	13.966512	13.8667512	14.1660336	13.966512	5940008.0
2018-08-24	13.966512	13.7669904	13.966512	13.8667512	2814732.0
2018-08-27	14.0662728	13.8667512	14.3655552	13.966512	14291384.0
2018-08-28	14.1660336	13.6672296	14.2657944	13.7669904	13528159.0
2018-08-29	13.7669904	13.6672296	13.8667512	13.7669904	4398922.0
2018-08-30	13.8667512	13.7669904	14.0662728	13.8667512	6478997.0
2018-08-31	13.7669904	13.7669904	13.8667512	13.7669904	4570833.0
2018-09-03	13.7669904	13.1684256	13.8667512	13.6672296	19169353.0
2018-09-04	13.5674688	13.467708	13.6672296	13.5674688	3648126.0
2018-09-05	13.467708	13.3679472	13.5674688	13.3679472	3917771.0
2018-09-06	13.3679472	13.3679472	13.7669904	13.467708	3902935.0
2018-09-07	13.5674688	13.467708	13.7669904	13.6672296	5096691.0
2018-09-10	13.5674688	13.5674688	13.7669904	13.6672296	3287964.0
2018-09-11	13.7669904	13.5674688	14.0662728	13.5674688	12984258.0
2018-09-12	13.6672296	13.2681864	13.6672296	13.3679472	6243634.0
2018-09-13	13.467708	13.3679472	13.5674688	13.5674688	4723699.0
2018-09-14	13.5674688	13.467708	13.7669904	13.467708	4260491.0
2018-09-17	13.467708	13.3679472	13.966512	13.966512	9156502.0
2018-09-18	14.1660336	13.966512	14.3655552	14.2657944	16055705.0
2018-09-19	14.3655552	14.1660336	14.5650768	14.2657944	14716201.0
2018-09-20	14.465316	13.7669904	14.5650768	13.8667512	14916580.0
2018-09-21	13.966512	13.7669904	14.0662728	13.7669904	5752459.0
2018-09-24	13.8667512	13.7669904	14.0662728	13.8667512	6044959.0
2018-09-25	13.8667512	13.8667512	14.2657944	14.0662728	8001138.0
2018-09-26	14.2657944	14.1660336	14.2657944	14.2657944	4947133.0
2018-09-27	14.465316	14.465316	15.1636416	15.1636416	54434006.0
2018-09-28	15.1636416	14.7645984	15.2634024	15.2634024	22262451.0
2018-10-01	15.2634024	14.96412	15.2634024	15.0638808	8349572.0
2018-10-02	15.0638808	14.96412	15.6624456	15.3631632	21186778.0
2018-10-03	15.2634024	14.8643592	15.5626848	14.8643592	15680507.0
2018-10-04	14.6648376	14.5650768	14.8643592	14.6648376	7318606.0
2018-10-05	14.5650768	14.1660336	14.6648376	14.3655552	7249340.0
2018-10-08	14.3655552	13.7669904	14.5650768	13.8667512	8637761.0
2018-10-09	13.8667512	13.6672296	14.0662728	13.7669904	6408328.0
2018-10-10	13.8667512	13.7669904	14.0662728	14.0662728	3346204.0
2018-10-11	13.5674688	13.467708	13.8667512	13.6672296	4448340.0
2018-10-12	13.6672296	13.6672296	14.0662728	13.8667512	3616450.0
2018-10-16	13.966512	13.8667512	14.0662728	13.966512	1224328.0
2018-10-17	14.0662728	13.7669904	14.1660336	13.7669904	2838088.0
2018-10-18	13.7669904	13.6672296	13.8667512	13.6672296	1253698.0
2018-10-19	13.5674688	13.467708	13.7669904	13.7669904	2008303.0
2018-10-22	13.6672296	13.467708	13.7669904	13.5674688	1612857.0
2018-10-24	13.467708	13.0686648	13.467708	13.3679472	2782154.0
2018-10-25	13.0686648	12.8691432	13.5674688	13.467708	4154537.0
2018-10-26	13.467708	13.2681864	14.0662728	13.966512	5948127.0
2018-10-29	14.1660336	13.8667512	14.3655552	13.966512	7065901.0
2018-10-30	13.966512	13.8667512	14.2657944	13.966512	5568820.0
2018-10-31	13.966512	13.966512	14.3655552	14.3655552	7479891.0
2018-11-01	14.3655552	13.966512	14.465316	13.966512	8028704.0
2018-11-02	14.0662728	13.966512	14.2657944	14.0662728	3608130.0
2018-11-05	14.0662728	13.6672296	14.0662728	13.7669904	4563114.0
2018-11-06	13.8667512	13.8667512	14.1660336	13.8667512	4049686.0
2018-11-07	13.966512	13.8667512	14.3655552	14.3655552	7596069.0
2018-11-08	14.3655552	14.2657944	14.7645984	14.3655552	14471215.0
2018-11-09	14.2657944	14.2657944	14.465316	14.3655552	4481118.0
2018-11-12	14.465316	14.2657944	14.6648376	14.2657944	8286421.0
2018-11-13	14.0662728	13.966512	14.465316	14.465316	4912851.0
2018-11-14	14.465316	14.3655552	14.8643592	14.5650768	11372803.0
2018-11-15	14.5650768	14.2657944	14.6648376	14.2657944	5384680.0
2018-11-16	14.2657944	13.7669904	14.465316	14.0662728	5417859.0
2018-11-19	14.0662728	13.8667512	14.0662728	13.966512	784175.0
2018-11-20	13.966512	13.7669904	13.966512	13.8667512	2001688.0
2018-11-21	13.7669904	13.7669904	14.0662728	13.966512	1422602.0
2018-11-22	13.966512	13.7669904	14.0662728	13.7669904	1149850.0
2018-11-23	13.7669904	13.7669904	13.966512	13.966512	1200672.0
2018-11-26	13.966512	13.8667512	14.0662728	13.8667512	1053219.0
2018-11-27	13.8667512	13.8667512	14.0662728	13.966512	675916.0
2018-11-28	13.966512	13.966512	14.2657944	14.0662728	2074061.0
2018-11-29	14.1660336	13.966512	14.2657944	13.966512	1209693.0
2018-11-30	13.966512	13.8667512	14.0662728	13.966512	402262.0
2018-12-03	14.1660336	14.0662728	14.2657944	14.0662728	2705170.0
2018-12-04	14.0662728	13.966512	14.2657944	14.1660336	2480332.0
2018-12-06	13.966512	13.7669904	14.0662728	13.8667512	1454479.0
2018-12-07	13.966512	13.6672296	13.966512	13.7669904	3088688.0
2018-12-11	13.6672296	13.6672296	13.8667512	13.6672296	872186.0
2018-12-12	13.7669904	13.6672296	13.8667512	13.7669904	420606.0
2018-12-13	13.8667512	13.467708	13.8667512	13.467708	3009097.0
2018-12-14	13.5674688	13.3679472	13.6672296	13.467708	1384712.0
2018-12-17	13.467708	13.1684256	13.467708	13.3679472	2387711.0
2018-12-18	13.1684256	12.968904	13.2681864	13.0686648	2100925.0
2018-12-19	13.2681864	13.0686648	13.7669904	13.6672296	3212584.0
2018-12-20	13.7669904	13.6672296	14.1660336	14.0662728	3701353.0
2018-12-21	13.966512	13.8667512	14.1660336	13.966512	1729236.0
2018-12-24	13.966512	13.5674688	14.0662728	13.7669904	2980830.0
2018-12-25	13.467708	13.1684256	13.6672296	13.3679472	3436018.0
2018-12-26	13.3679472	12.8691432	13.467708	12.968904	6331144.0
2018-12-27	13.3679472	13.1684256	13.467708	13.1684256	2134706.0
2018-12-28	13.2681864	13.0686648	13.5674688	13.5674688	3001579.0
2019-01-02	13.0686648	12.968904	13.2681864	13.1684256	1014626.0
2019-01-03	13.1684256	12.968904	13.2681864	12.968904	746285.0
2019-01-04	12.968904	12.8691432	13.1684256	13.1684256	614169.0
2019-01-07	13.1684256	12.968904	13.1684256	13.0686648	843818.0
2019-01-08	13.0686648	13.0686648	13.1684256	13.1684256	258718.0
2019-01-09	13.1684256	12.968904	13.1684256	13.0686648	780266.0
2019-01-10	13.0686648	12.7693824	13.0686648	12.8691432	634918.0
2019-01-11	12.8691432	12.8691432	13.2681864	12.968904	2191040.0
2019-01-14	12.968904	12.8691432	13.0686648	12.968904	685439.0
2019-01-15	12.8691432	12.8691432	12.968904	12.8691432	303926.0
2019-01-16	12.8691432	12.7693824	12.968904	12.7693824	313048.0
2019-01-17	12.7693824	12.4701	12.8691432	12.4701	1567950.0
2019-01-18	12.3703392	11.3727312	12.6696216	11.971296	8134858.0
2019-01-21	12.1708176	11.971296	12.3703392	12.0710568	508817.0
2019-01-22	12.1708176	12.0710568	12.2705784	12.1708176	378906.0
2019-01-23	12.1708176	12.1708176	12.5698608	12.3703392	1230743.0
2019-01-24	12.5698608	12.4701	12.6696216	12.5698608	857250.0
2019-01-25	12.5698608	12.1708176	12.5698608	12.2705784	1136017.0
2019-01-28	12.3703392	12.0710568	12.5698608	12.1708176	2041783.0
2019-01-29	12.2705784	11.971296	12.2705784	12.0710568	748590.0
2019-01-30	12.1708176	11.6720136	12.2705784	11.6720136	6476090.0
2019-01-31	11.8715352	11.6720136	12.0710568	11.8715352	5193222.0
2019-02-01	11.8715352	11.7717744	11.971296	11.8715352	1292591.0
2019-02-04	11.971296	11.971296	12.5698608	12.3703392	6925866.0
2019-02-05	12.5698608	12.3703392	12.968904	12.8691432	8368116.0
2019-02-06	12.968904	12.6696216	13.0686648	12.6696216	5568920.0
2019-02-07	12.6696216	12.4701	12.7693824	12.4701	1923300.0
2019-02-08	12.4701	12.2705784	12.5698608	12.4701	1361456.0
2019-02-11	12.6696216	12.3703392	13.1684256	12.7693824	9606278.0
2019-02-12	12.8691432	12.6696216	13.0686648	12.7693824	4354616.0
2019-02-13	12.7693824	12.6696216	12.8691432	12.7693824	1683727.0
2019-02-14	12.6696216	12.5698608	12.7693824	12.5698608	1169296.0
2019-02-15	12.6696216	12.3703392	12.7693824	12.4701	1694453.0
2019-02-18	12.4701	12.2705784	12.5698608	12.2705784	1115067.0
2019-02-20	12.2705784	12.0710568	12.3703392	12.1708176	1094217.0
2019-02-21	11.6720136	11.3727312	11.971296	11.6720136	7773393.0
2019-02-22	11.7717744	11.6720136	12.0710568	11.7717744	4765098.0
2019-02-25	11.7717744	11.6720136	11.971296	11.7717744	2575360.0
2019-02-26	11.7717744	11.7717744	12.1708176	12.1708176	5365033.0
2019-02-27	12.1708176	11.8715352	12.1708176	11.971296	2082982.0
2019-02-28	12.0710568	11.7717744	12.0710568	11.8715352	1657364.0
2019-03-01	11.8715352	11.5722528	11.971296	11.6720136	1514222.0
2019-03-04	11.6720136	11.3727312	11.7717744	11.3727312	2378288.0
2019-03-05	11.3727312	11.1732096	11.3727312	11.2729704	1276252.0
2019-03-06	11.3727312	11.2729704	11.472492	11.2729704	798109.0
2019-03-07	11.2729704	11.2729704	11.472492	11.472492	353345.0
2019-03-08	11.472492	11.3727312	11.472492	11.3727312	291196.0
2019-03-11	11.472492	11.2729704	11.472492	11.2729704	343722.0
2019-03-12	11.3727312	10.1756016	11.3727312	10.2753624	8777996.0
2019-03-13	10.2753624	9.8264388	10.2753624	9.97608	7036631.0
2019-03-14	10.3751232	10.1756016	10.8739272	10.8739272	8708731.0
2019-03-15	10.7741664	10.5746448	10.7741664	10.6744056	2815334.0
2019-03-18	10.6744056	10.2753624	10.6744056	10.2753624	2833678.0
2019-03-19	10.3751232	10.3751232	10.6744056	10.3751232	2742660.0
2019-03-20	10.3751232	10.2753624	10.5746448	10.474884	1939739.0
2019-03-21	10.6744056	10.474884	10.8739272	10.474884	4046679.0
2019-03-22	10.474884	10.2753624	10.5746448	10.2753624	2358341.0
2019-03-25	10.0758408	10.0758408	10.3751232	10.1756016	1613659.0
2019-03-26	10.1756016	10.1756016	10.3751232	10.2753624	878200.0
2019-03-27	10.2753624	10.1756016	10.3751232	10.1756016	565653.0
2019-03-28	10.1756016	10.1756016	10.2753624	10.1756016	332996.0
2019-03-29	10.2753624	10.0758408	10.2753624	10.1756016	572569.0
2019-04-01	10.1756016	10.0758408	10.2753624	10.0758408	648852.0
2019-04-02	10.1756016	10.0758408	10.474884	10.474884	2386107.0
2019-04-03	10.474884	10.2753624	10.5746448	10.2753624	1263622.0
2019-04-04	10.2753624	10.1756016	10.474884	10.2753624	906067.0
2019-04-05	10.2753624	10.0758408	10.3751232	10.2753624	968616.0
2019-04-09	10.1756016	10.0758408	10.2753624	10.1756016	395846.0
2019-04-10	10.0758408	10.0758408	10.2753624	10.1756016	766934.0
2019-04-11	10.2753624	10.1756016	10.474884	10.2753624	1706983.0
2019-04-12	10.2753624	10.0758408	10.2753624	10.1756016	554626.0
2019-04-17	10.1756016	10.0758408	10.474884	10.474884	2779749.0
2019-04-18	10.5746448	10.474884	10.6744056	10.474884	2926299.0
2019-04-19	10.5746448	10.3751232	10.5746448	10.3751232	1043596.0
2019-04-22	10.3751232	10.3751232	10.6744056	10.474884	2846909.0
2019-04-23	10.5746448	10.3751232	10.6744056	10.3751232	3050997.0
2019-04-24	10.474884	10.2753624	10.474884	10.3751232	796505.0
2019-04-25	10.3751232	10.2753624	10.3751232	10.2753624	929723.0
2019-04-26	10.2753624	10.1756016	10.3751232	10.1756016	412787.0
2019-04-29	10.2753624	10.1756016	10.474884	10.3751232	602040.0
2019-04-30	10.3751232	10.1756016	10.3751232	10.1756016	647448.0
2019-05-02	10.2753624	10.2753624	10.474884	10.3751232	1478035.0
2019-05-03	10.2753624	10.2753624	10.474884	10.3751232	438248.0
2019-05-07	10.2753624	10.1756016	10.3751232	10.2753624	974932.0
2019-05-08	10.2753624	10.0758408	10.3751232	10.2753624	1770835.0
2019-05-09	9.8264388	9.6767976	9.9261996	9.6767976	2798594.0
2019-05-10	9.6767976	8.8787112	9.726678	9.0782328	6696518.0
2019-05-13	9.1281132	7.8312228	9.1281132	8.2801464	13374992.0
2019-05-14	8.1803856	7.980864	8.1803856	8.0806248	2469406.0
2019-05-15	8.0806248	8.0307444	8.230266	8.0806248	2244969.0
2019-05-16	8.0806248	7.8312228	8.1305052	7.9309836	1872980.0
2019-05-17	7.980864	7.3324188	8.0307444	7.48206	1669693.0
2019-05-21	7.2825384	6.8834952	7.2825384	6.9333756	3117456.0
2019-05-22	7.0830168	6.983256	7.3822992	7.3822992	3138808.0
2019-05-23	7.5319404	7.3822992	8.0307444	7.8811032	6473484.0
2019-05-24	7.8312228	7.6815816	7.9309836	7.8811032	1152556.0
2019-05-27	7.8811032	7.5818208	7.9309836	7.8312228	1277355.0
2019-05-28	7.8312228	7.6815816	7.9309836	7.731462	1448564.0
2019-05-29	7.7813424	7.731462	7.8811032	7.731462	516936.0
2019-05-30	7.731462	7.731462	7.8312228	7.7813424	317960.0
2019-05-31	7.7813424	7.5319404	7.7813424	7.731462	1005304.0
2019-06-04	7.731462	7.6317012	8.4297876	8.2801464	3175696.0
2019-06-05	8.3799072	8.3300268	8.7789504	8.6293092	3790967.0
2019-06-06	8.6293092	8.479668	8.72907	8.6791896	1117673.0
2019-06-07	8.6293092	8.6293092	9.4273956	9.2777544	3605323.0
2019-06-10	9.3775152	9.3276348	10.1756016	10.0758408	6247644.0
2019-06-11	10.1756016	9.8264388	10.1756016	9.9261996	2261309.0
2019-06-12	9.97608	9.97608	10.2753624	10.1756016	1952670.0
2019-06-13	10.2753624	10.1756016	10.3751232	10.1756016	1862956.0
2019-06-14	10.1756016	10.0758408	10.1756016	10.0758408	753301.0
2019-06-17	10.0758408	10.0758408	10.3751232	10.2753624	970922.0
2019-06-18	10.2753624	9.97608	10.2753624	10.1756016	800013.0
2019-06-19	10.2753624	10.0758408	10.6744056	10.474884	3798285.0
2019-06-20	10.474884	10.474884	10.8739272	10.6744056	3219601.0
2019-06-21	10.7741664	10.7741664	11.3727312	11.2729704	5825133.0
2019-06-24	11.472492	11.3727312	11.7717744	11.6720136	3508692.0
2019-06-25	11.7717744	11.3727312	11.7717744	11.3727312	3812920.0
2019-06-26	11.3727312	10.973688	11.472492	11.0734488	2353730.0
2019-06-27	11.0734488	11.0734488	11.5722528	11.2729704	2224521.0
2019-06-28	11.2729704	11.2729704	11.472492	11.3727312	990368.0
2019-07-01	11.3727312	11.2729704	11.5722528	11.2729704	747087.0
2019-07-02	11.2729704	11.1732096	11.3727312	11.2729704	673911.0
2019-07-03	11.2729704	11.0734488	11.2729704	11.2729704	827780.0
2019-07-04	11.2729704	11.1732096	11.6720136	11.2729704	5826236.0
2019-07-05	11.472492	11.2729704	13.1684256	13.0686648	24692664.0
2019-07-08	13.5674688	13.1684256	14.0662728	13.8667512	22447193.0
2019-07-09	13.8667512	12.0710568	14.465316	12.7693824	41323445.0
2019-07-10	12.8691432	12.5698608	13.7669904	13.7669904	18223490.0
2019-07-11	14.0662728	13.3679472	14.1660336	13.7669904	15004791.0
2019-07-12	13.966512	13.5674688	14.0662728	13.966512	11265847.0
2019-07-15	14.0662728	13.6672296	14.1660336	13.6672296	7993520.0
2019-07-17	13.7669904	12.5698608	13.8667512	12.8691432	15883493.0
2019-07-18	12.8691432	12.6696216	13.2681864	13.2681864	9282203.0
2019-07-19	13.3679472	13.0686648	13.467708	13.2681864	5485721.0
2019-07-22	13.2681864	12.7693824	13.2681864	12.968904	5357515.0
2019-07-23	13.0686648	12.968904	13.6672296	13.5674688	14276349.0
2019-07-24	13.5674688	13.2681864	13.7669904	13.5674688	5724793.0
2019-07-25	13.5674688	13.0686648	13.6672296	13.0686648	4199044.0
2019-07-26	13.0686648	12.968904	13.3679472	13.0686648	2219509.0
2019-07-30	13.0686648	11.6720136	13.0686648	11.7717744	16911953.0
2019-07-31	11.8715352	11.8715352	12.4701	12.2705784	2715294.0
2019-08-01	12.2705784	11.8715352	12.3703392	11.971296	1751289.0
2019-08-02	11.8715352	11.0734488	11.971296	11.472492	7180074.0
2019-08-05	11.3727312	11.3727312	11.8715352	11.472492	1731241.0
2019-08-06	11.3727312	11.2729704	12.1708176	12.0710568	3467093.0
2019-08-07	12.1708176	11.5722528	12.1708176	11.5722528	2741056.0
2019-08-08	11.6720136	11.472492	12.0710568	11.5722528	3869455.0
2019-08-09	11.6720136	11.1732096	11.7717744	11.1732096	2660965.0
2019-08-13	11.1732096	10.7741664	11.5722528	10.7741664	2678907.0
2019-08-14	10.5746448	10.5746448	11.2729704	10.7741664	2033664.0
2019-08-15	10.6744056	10.5746448	11.0734488	10.8739272	1829375.0
2019-08-16	10.973688	10.973688	12.0710568	12.0710568	4469791.0
2019-08-19	12.1708176	11.6720136	12.2705784	11.6720136	5312507.0
2019-08-20	11.7717744	11.472492	11.8715352	11.6720136	1061839.0
2019-08-21	11.6720136	11.6720136	11.8715352	11.8715352	1204380.0
2019-08-22	11.7717744	11.472492	11.7717744	11.472492	1181125.0
2019-08-23	11.472492	11.472492	11.6720136	11.472492	795202.0
2019-08-26	11.2729704	10.7741664	11.2729704	11.0734488	2347715.0
2019-08-27	11.2729704	10.973688	11.2729704	10.973688	615371.0
2019-08-28	11.0734488	11.0734488	12.4701	11.8715352	14524442.0
2019-08-29	11.8715352	11.1732096	12.1708176	11.472492	6266489.0
2019-08-30	11.5722528	11.3727312	12.6696216	12.5698608	14419090.0
2019-09-02	12.6696216	12.2705784	12.7693824	12.5698608	6771998.0
2019-09-03	12.5698608	12.3703392	12.968904	12.4701	7843060.0
2019-09-04	12.4701	12.0710568	12.6696216	12.3703392	4331761.0
2019-09-05	12.3703392	12.1708176	12.5698608	12.5698608	3819736.0
2019-09-06	12.6696216	11.971296	12.7693824	12.1708176	7727885.0
2019-09-09	12.1708176	12.0710568	12.3703392	12.1708176	2568944.0
2019-09-10	12.1708176	11.5722528	12.1708176	11.7717744	5587866.0
2019-09-11	11.7717744	11.7717744	12.2705784	11.971296	2670487.0
2019-09-12	12.0710568	11.971296	12.3703392	12.2705784	4441223.0
2019-09-13	12.2705784	11.971296	12.4701	12.3703392	3538063.0
2019-09-16	12.1708176	12.0710568	12.6696216	12.5698608	3778939.0
2019-09-17	12.5698608	11.472492	12.6696216	12.1708176	12482959.0
2019-09-18	12.1708176	11.7717744	12.1708176	12.0710568	3017618.0
2019-09-19	11.971296	11.3727312	11.971296	11.3727312	4518608.0
2019-09-20	11.472492	11.3727312	11.5722528	11.3727312	2087192.0
2019-09-23	11.472492	10.973688	11.472492	11.472492	1824664.0
2019-09-24	11.3727312	11.2729704	11.5722528	11.2729704	1042493.0
2019-09-25	11.2729704	11.1732096	11.472492	11.2729704	1520637.0
2019-09-26	11.3727312	11.3727312	11.6720136	11.472492	2587489.0
2019-09-27	11.3727312	11.2729704	11.6720136	11.6720136	542096.0
2019-09-30	11.6720136	11.1732096	11.6720136	11.2729704	2286168.0
2019-10-01	11.2729704	10.8739272	11.2729704	11.0734488	2015922.0
2019-10-02	10.973688	10.973688	11.1732096	10.973688	527160.0
2019-10-03	10.8739272	10.8739272	11.0734488	10.8739272	461203.0
2019-10-04	10.973688	10.7741664	11.0734488	10.7741664	793798.0
2019-10-07	10.7741664	10.3751232	11.1732096	10.3751232	3647725.0
2019-10-08	10.474884	8.4297876	10.474884	9.2777544	28089089.0
2019-10-09	9.227874	9.1779936	9.5770368	9.4273956	4167568.0
2019-10-10	9.477276	9.1281132	9.477276	9.1281132	3153042.0
2019-10-11	9.1779936	9.1779936	9.3276348	9.227874	1448464.0
2019-10-15	9.3276348	9.227874	9.4273956	9.2777544	1868268.0
2019-10-16	9.3276348	9.1779936	9.5770368	9.477276	3265711.0
2019-10-17	9.4273956	9.3276348	9.5271564	9.3775152	1306324.0
2019-10-18	9.3276348	9.2777544	9.5271564	9.2777544	761621.0
2019-10-21	9.2777544	9.0782328	9.3276348	9.0782328	560240.0
2019-10-22	9.1281132	9.1281132	9.477276	9.1779936	1701770.0
2019-10-24	9.227874	8.72907	9.2777544	8.7789504	2094810.0
2019-10-25	8.7789504	8.0307444	8.7789504	8.0307444	2751281.0
2019-10-28	8.0806248	8.0806248	8.5794288	8.5295484	1235856.0
2019-10-29	8.5295484	8.230266	8.7789504	8.230266	815350.0
2019-10-30	8.2801464	8.2801464	8.5295484	8.2801464	922907.0
2019-10-31	8.3300268	8.3300268	8.978472	8.8787112	2217303.0
2019-11-01	8.9285916	8.6293092	9.1281132	8.6791896	1185636.0
2019-11-04	8.7789504	8.7789504	9.3276348	9.227874	1605540.0
2019-11-05	9.3276348	8.978472	9.3276348	8.978472	1220319.0
2019-11-06	9.0782328	9.0782328	9.227874	9.1281132	608756.0
2019-11-07	9.1281132	9.0283524	9.3775152	9.3276348	1110857.0
2019-11-08	9.3276348	9.3276348	9.8264388	9.4273956	2045893.0
2019-11-12	8.5794288	7.2825384	8.8787112	8.3799072	9311874.0
2019-11-13	8.3799072	8.3300268	9.1281132	8.3799072	3210880.0
2019-11-14	8.5295484	8.1305052	8.72907	8.230266	1225932.0
2019-11-15	8.3300268	7.6815816	8.479668	7.9309836	2811926.0
2019-11-18	8.0806248	7.8811032	8.3799072	8.230266	1511214.0
2019-11-19	8.3300268	7.8312228	8.3300268	7.980864	1406163.0
2019-11-20	7.980864	7.8811032	8.1803856	7.9309836	761321.0
2019-11-21	7.8811032	7.8811032	7.980864	7.8811032	374996.0
2019-11-22	7.9309836	7.8811032	8.1305052	7.980864	515132.0
2019-11-25	7.980864	7.980864	8.0806248	8.0307444	340113.0
2019-11-26	8.0806248	7.980864	8.230266	7.980864	1805318.0
2019-11-27	8.0307444	7.9309836	8.1305052	7.980864	477341.0
2019-11-28	8.0307444	7.6815816	8.0806248	7.731462	1072164.0
2019-11-29	7.8312228	7.48206	7.8811032	7.6317012	1269236.0
2019-12-02	7.6815816	7.4321796	7.6815816	7.4321796	517537.0
2019-12-03	7.48206	7.4321796	7.731462	7.48206	1075572.0
2019-12-04	7.48206	7.4321796	7.5818208	7.4321796	694661.0
2019-12-06	7.48206	7.3822992	7.6815816	7.48206	1411776.0
2019-12-09	7.48206	7.3822992	7.6317012	7.4321796	788385.0
2019-12-11	7.4321796	7.232658	7.48206	7.2825384	769340.0
2019-12-12	7.3324188	7.2825384	7.5818208	7.48206	793297.0
2019-12-13	7.5319404	7.4321796	7.731462	7.4321796	953180.0
2019-12-16	7.48206	7.2825384	7.48206	7.2825384	468219.0
2019-12-17	7.2825384	7.0331364	7.4321796	7.0331364	974029.0
2019-12-18	7.0830168	6.983256	7.0830168	7.0830168	677620.0
2019-12-19	7.0830168	7.0331364	7.232658	7.1827776	497690.0
2019-12-20	7.1827776	7.1328972	7.2825384	7.1827776	446868.0
2019-12-23	7.1827776	7.0830168	7.232658	7.232658	198274.0
2019-12-24	7.232658	7.1328972	7.232658	7.1827776	167400.0
2019-12-25	7.1328972	7.1328972	7.1827776	7.1827776	70568.0
2019-12-26	7.1827776	7.1328972	7.1827776	7.1328972	133018.0
2019-12-27	7.1827776	7.1328972	7.4321796	7.1827776	763225.0
2019-12-30	7.1827776	7.1328972	7.3324188	7.2825384	232055.0
2020-01-02	7.2825384	7.2825384	7.6815816	7.6815816	943556.0
2020-01-03	7.6317012	7.5818208	7.9309836	7.731462	1502293.0
2020-01-06	7.6815816	7.3822992	7.6815816	7.3822992	1104341.0
2020-01-07	7.48206	7.4321796	7.980864	7.980864	3561920.0
2020-01-08	7.731462	7.6815816	7.8312228	7.6815816	824572.0
2020-01-09	7.980864	7.731462	7.980864	7.8312228	1647440.0
2020-01-10	7.8811032	7.6317012	7.8811032	7.6815816	532273.0
2020-01-13	7.6815816	6.983256	7.7813424	7.3324188	2810923.0
2020-01-14	7.3822992	7.3324188	7.4321796	7.3324188	681229.0
2020-01-15	7.3324188	7.232658	7.3822992	7.2825384	172612.0
2020-01-16	7.3324188	7.2825384	7.3822992	7.3822992	245086.0
2020-01-17	7.4321796	7.3822992	7.8312228	7.48206	1369776.0
2020-01-20	7.5818208	7.3822992	7.5818208	7.4321796	160383.0
2020-01-21	7.4321796	7.3324188	7.5818208	7.5818208	660179.0
2020-01-22	7.5818208	7.48206	7.8811032	7.5818208	1066450.0
2020-01-23	7.6815816	7.6317012	7.9309836	7.731462	1636213.0
2020-01-24	7.7813424	7.6317012	7.8312228	7.6815816	303926.0
2020-01-27	7.6815816	7.3324188	7.731462	7.4321796	1073968.0
2020-01-28	7.3822992	7.3324188	7.6815816	7.5818208	880405.0
2020-01-29	7.6317012	7.6317012	7.9309836	7.6815816	1945453.0
2020-01-30	7.6815816	7.6317012	7.8811032	7.6815816	455890.0
2020-01-31	7.731462	7.5818208	7.7813424	7.5818208	258418.0
2020-02-03	7.5319404	7.48206	7.6317012	7.48206	290895.0
2020-02-04	7.48206	7.48206	7.6815816	7.5818208	210102.0
2020-02-05	7.5818208	7.5818208	7.731462	7.6317012	506611.0
2020-02-06	7.6815816	7.6317012	8.8787112	8.8787112	6179481.0
2020-02-07	8.978472	8.2801464	8.978472	8.2801464	10705708.0
2020-02-11	8.3300268	8.1803856	8.72907	8.5295484	3386400.0
2020-02-12	8.6293092	8.5794288	9.8264388	9.7765584	11252716.0
2020-02-13	9.7765584	9.227874	10.5746448	9.477276	12475040.0
2020-02-14	9.477276	8.7789504	9.8264388	8.8288308	5212969.0
2020-02-17	8.8288308	7.980864	8.9285916	8.1305052	5243542.0
2020-02-18	8.1803856	8.0806248	8.479668	8.0806248	2224120.0
2020-02-19	8.1305052	7.48206	8.3300268	7.5319404	2924996.0
2020-02-20	7.6317012	7.3822992	7.6815816	7.4321796	838806.0
2020-02-21	7.4321796	7.3822992	7.8811032	7.731462	2399439.0
2020-02-24	7.5818208	7.1328972	7.5818208	7.1328972	1685632.0
2020-02-25	7.232658	7.1328972	7.3324188	7.1827776	949170.0
2020-02-26	7.1827776	6.484452	7.1827776	6.484452	2748775.0
2020-02-27	6.733854	6.1851696	6.8336148	6.7837344	1707183.0
2020-02-28	6.733854	6.3348108	6.733854	6.484452	1542990.0
2020-03-02	6.484452	6.1851696	6.6340932	6.3348108	960798.0
2020-03-03	6.4345716	6.3846912	6.733854	6.4345716	1773843.0
2020-03-04	6.3846912	6.3348108	6.5842128	6.5343324	954984.0
2020-03-05	6.6340932	6.5842128	6.8336148	6.6839736	3608331.0
2020-03-06	6.6340932	6.5842128	7.3822992	7.2825384	7822210.0
2020-03-09	6.733854	6.6839736	7.0331364	6.7837344	2395229.0
2020-03-10	6.8336148	6.8336148	7.0830168	6.983256	1758406.0
2020-03-11	7.0331364	6.6340932	7.1328972	6.6340932	1279259.0
2020-03-12	6.3348108	5.486844	6.3846912	5.5367244	4548379.0
2020-03-13	4.1899536	4.1899536	5.3372028	5.0379204	2717099.0
2020-03-16	4.96808784	4.66880544	4.96808784	4.74861408	3085981.0
2020-03-17	4.74861408	4.50918816	4.74861408	4.52914032	1786272.0
2020-03-18	4.5889968	4.44933168	4.64885328	4.54909248	1656362.0
2020-03-19	4.46928384	4.2897144	4.46928384	4.2897144	891131.0
2020-03-20	4.3894752	4.30966656	4.52914032	4.3894752	3848004.0
2020-03-23	3.8906712	3.73105392	4.01038416	3.73105392	7129353.0
2020-03-24	3.83081472	3.1923456	3.83081472	3.43177152	4773618.0
2020-03-25	3.53153232	3.45172368	3.73105392	3.61134096	3486940.0
2020-03-26	3.61134096	3.55148448	3.83081472	3.63129312	2356637.0
2020-03-27	3.71110176	3.63129312	3.75100608	3.6911496	1786272.0
2020-03-30	3.61134096	3.55148448	3.61134096	3.5913888	1201173.0
2020-03-31	3.61134096	3.5913888	3.7909104	3.75100608	3887599.0
2020-04-01	3.71110176	3.6911496	3.91062336	3.71110176	3310518.0
2020-04-02	3.73105392	3.71110176	4.01038416	3.8906712	4713675.0
2020-04-03	3.97047984	3.91062336	4.01038416	3.990432	2051507.0
2020-04-07	4.05028848	4.05028848	4.2897144	4.20990576	3913460.0
2020-04-08	4.20990576	4.11014496	4.26976224	4.20990576	987562.0
2020-04-09	4.26976224	4.26976224	4.62890112	4.50918816	3752776.0
2020-04-10	4.489236	4.46928384	4.86832704	4.7885184	2735543.0
2020-04-13	4.92818352	4.7885184	5.0878008	4.90823136	3841087.0
2020-04-14	5.0878008	4.94813568	5.2873224	5.1376812	7585745.0
2020-04-15	5.237442	4.98804	5.3372028	4.98804	4392105.0
2020-04-16	4.98804	4.74861408	5.0379204	4.7885184	2643122.0
2020-04-17	4.96808784	4.82842272	4.96808784	4.92818352	2007301.0
2020-04-20	4.94813568	4.94813568	5.1376812	5.0878008	2021234.0
2020-04-21	5.0379204	4.98804	5.736246	5.6863656	9058367.0
2020-04-22	5.8858872	5.736246	6.23505	6.1352892	10408597.0
2020-04-23	6.3348108	6.1352892	6.3348108	6.1352892	4034450.0
2020-04-24	6.1352892	5.985648	6.1851696	6.0854088	1768530.0
2020-04-27	6.2849304	6.0355284	6.6839736	6.6839736	10403585.0
2020-04-28	6.6839736	6.4345716	6.733854	6.5842128	3784452.0
2020-04-29	6.6839736	6.5842128	6.733854	6.6340932	2016222.0
2020-04-30	6.733854	6.3348108	6.733854	6.4345716	2731533.0
2020-05-05	6.3846912	6.23505	6.3846912	6.23505	1077978.0
2020-05-07	6.1851696	5.3372028	6.1851696	5.4369636	7342262.0
2020-05-08	5.5367244	5.3870832	5.6364852	5.486844	1647641.0
2020-05-11	5.5367244	5.486844	5.8360068	5.6863656	3446844.0
2020-05-12	5.6863656	5.6863656	6.2849304	6.2849304	5714869.0
2020-05-13	6.3348108	6.0355284	6.3348108	6.0854088	4315222.0
2020-05-14	5.985648	5.8858872	6.0355284	5.9357676	1825967.0
2020-05-15	5.7861264	5.5866048	5.9357676	5.8858872	3327459.0
2020-05-18	6.0355284	5.985648	6.3846912	6.1851696	6077336.0
2020-05-19	6.3348108	6.1851696	6.3348108	6.1851696	2511607.0
2020-05-20	6.1851696	6.1352892	6.5842128	6.5343324	4327351.0
2020-05-21	6.5343324	6.1352892	6.5842128	6.23505	3730022.0
2020-05-22	6.23505	5.985648	6.3846912	6.23505	3287062.0
2020-05-25	6.23505	6.1851696	6.5842128	6.4345716	6546659.0
2020-05-26	6.5343324	6.484452	6.733854	6.5842128	5933793.0
2020-05-27	6.6839736	6.3846912	7.3324188	7.0830168	21796136.0
2020-05-28	7.0830168	6.8834952	7.1827776	6.983256	4968083.0
2020-05-29	7.0331364	6.8336148	7.0830168	6.8834952	3059618.0
2020-06-01	6.983256	6.9333756	7.3822992	7.1827776	5383477.0
2020-06-02	7.232658	7.0830168	7.2825384	7.1328972	1928713.0
2020-06-04	7.232658	7.0331364	7.232658	7.0830168	2177809.0
2020-06-05	7.0830168	7.0331364	7.232658	7.1328972	1692949.0
2020-06-08	7.1328972	7.0830168	7.4321796	7.1827776	4048684.0
2020-06-09	7.2825384	6.9333756	7.3822992	6.983256	3610837.0
2020-06-10	7.0331364	6.9333756	7.1827776	7.0331364	1444555.0
2020-06-11	6.983256	6.983256	7.232658	7.0331364	2362651.0
2020-06-12	6.8336148	6.733854	6.983256	6.9333756	2254592.0
2020-06-15	6.983256	6.733854	7.0331364	6.733854	1444755.0
2020-06-16	6.8336148	6.8336148	7.1328972	6.8336148	1142432.0
2020-06-17	6.8834952	6.8336148	7.0830168	7.0331364	1140427.0
2020-06-18	7.0331364	6.983256	7.4321796	7.2825384	7118226.0
2020-06-19	7.4321796	7.1827776	7.5319404	7.1827776	4901123.0
2020-06-22	7.1827776	7.0830168	7.3324188	7.1827776	2519827.0
2020-06-23	7.2825384	7.1827776	7.3324188	7.2825384	2199962.0
2020-06-24	7.3324188	7.2825384	7.980864	7.9309836	19662532.0
2020-06-25	7.6815816	7.2825384	7.731462	7.5319404	15571847.0
2020-06-26	7.6317012	7.5818208	8.230266	7.980864	25512626.0
2020-06-29	7.980864	7.8811032	8.1803856	8.0806248	10951095.0
2020-06-30	8.230266	8.0806248	8.4297876	8.1803856	8819395.0
2020-07-01	8.2801464	8.0307444	8.2801464	8.0806248	3872061.0
2020-07-02	8.1305052	7.9309836	8.1305052	7.980864	2957674.0
2020-07-03	8.0806248	8.0307444	8.6293092	8.4297876	16026234.0
2020-07-07	8.479668	8.3300268	8.5794288	8.3300268	5815009.0
2020-07-08	8.3300268	8.230266	8.5295484	8.3300268	4408745.0
2020-07-09	8.3799072	8.3300268	8.6791896	8.4297876	8049454.0
2020-07-10	8.3799072	8.3300268	8.5295484	8.3300268	2008704.0
2020-07-13	8.4297876	7.980864	8.4297876	7.980864	4578150.0
2020-07-14	7.7813424	7.6317012	7.8811032	7.731462	2895927.0
2020-07-15	7.8811032	7.731462	7.980864	7.9309836	2002890.0
2020-07-16	8.0307444	7.9309836	8.1803856	8.0806248	3439326.0
2020-07-17	8.1305052	8.0806248	8.2801464	8.1803856	2143928.0
2020-07-20	8.1803856	8.1803856	9.3775152	9.3775152	20328626.0
2020-07-21	9.5271564	8.9285916	9.5271564	9.1281132	10471848.0
2020-07-22	9.1281132	8.978472	9.477276	9.1281132	7273899.0
2020-07-23	9.1779936	8.6293092	9.2777544	8.6791896	8635055.0
2020-07-24	8.8288308	8.6293092	8.9285916	8.72907	2217604.0
2020-07-29	8.7789504	8.479668	8.8288308	8.479668	1736553.0
2020-07-30	8.479668	7.8811032	8.6293092	7.8811032	5701237.0
2020-07-31	7.8811032	7.5818208	7.980864	7.9309836	3122468.0
2020-08-03	7.980864	7.731462	8.0307444	7.8312228	2065139.0
2020-08-04	7.980864	7.9309836	8.8787112	8.72907	14902947.0
2020-08-05	8.978472	8.2801464	9.0782328	8.2801464	12841015.0
2020-08-06	8.3300268	8.0806248	8.5295484	8.0806248	5202344.0
2020-08-07	8.1305052	8.0307444	8.3799072	8.1305052	5088571.0
2020-08-10	8.230266	8.1305052	8.5794288	8.479668	9945589.0
2020-08-11	8.5794288	8.3799072	8.6293092	8.3799072	7407719.0
2020-08-13	8.6791896	8.230266	8.6791896	8.230266	7436287.0
2020-08-14	8.2801464	8.1803856	8.4297876	8.2801464	4322238.0
2020-08-17	8.3300268	8.0307444	8.3799072	8.0307444	3337282.0
2020-08-18	8.0806248	8.0307444	8.72907	8.3799072	12747892.0
2020-08-19	8.4297876	8.230266	8.6293092	8.479668	11495597.0
2020-08-20	8.5295484	8.3799072	9.0782328	8.978472	28718895.0
2020-08-21	8.9285916	8.72907	9.227874	8.7789504	12472033.0
2020-08-24	8.8787112	8.7789504	9.1779936	9.1779936	9607681.0
2020-08-25	9.1779936	8.8288308	9.477276	8.978472	19861608.0
2020-08-26	8.9285916	8.8787112	9.0283524	8.978472	3588884.0
2020-08-27	8.9285916	8.9285916	9.1779936	8.978472	6979595.0
2020-08-28	8.978472	8.9285916	9.1281132	9.0283524	4075749.0
2020-08-31	9.0283524	8.6791896	9.227874	8.72907	5985216.0
2020-09-01	8.72907	8.6293092	8.8787112	8.8288308	5095388.0
2020-09-02	8.7789504	8.72907	9.0283524	8.978472	4728510.0
2020-09-03	8.978472	8.72907	8.978472	8.7789504	4063319.0
2020-09-08	8.7789504	8.72907	9.477276	9.1779936	24752307.0
2020-09-09	9.0782328	8.978472	10.0758408	9.726678	34588736.0
2020-09-10	9.726678	9.4273956	9.7765584	9.4273956	22587729.0
2020-09-11	9.4273956	8.8288308	9.6269172	9.0782328	21411115.0
2020-09-14	9.1281132	9.0283524	9.2777544	9.1779936	6859507.0
2020-09-15	9.3276348	9.1779936	9.5271564	9.1779936	19557882.0
2020-09-16	9.2777544	9.1779936	9.477276	9.2777544	9121017.0
2020-09-17	9.2777544	9.1779936	9.726678	9.5271564	16572641.0
2020-09-18	9.5770368	9.4273956	9.726678	9.477276	8685275.0
2020-09-21	9.5271564	9.3775152	9.6767976	9.477276	5453745.0
2020-09-22	9.4273956	9.3775152	9.97608	9.6269172	29229416.0
2020-09-23	9.6767976	9.5271564	9.9261996	9.8763192	17853204.0
2020-09-24	9.7765584	9.5770368	10.1756016	9.5770368	27579470.0
2020-09-25	9.6767976	9.4273956	9.726678	9.477276	8698607.0
2020-09-28	9.5271564	9.5271564	9.7765584	9.6269172	6990621.0
2020-09-29	9.6269172	9.477276	9.6767976	9.5271564	5066017.0
2020-09-30	9.5770368	9.3775152	9.5770368	9.3775152	4058207.0
2020-10-01	9.3775152	9.2777544	9.6269172	9.477276	7372033.0
2020-10-02	9.477276	9.3775152	9.6269172	9.4273956	7289837.0
2020-10-05	9.5271564	9.477276	9.8264388	9.6767976	21130243.0
2020-10-06	9.7765584	9.5271564	9.8264388	9.5271564	9632340.0
2020-10-07	9.5271564	9.5271564	9.6269172	9.5770368	2852823.0
2020-10-08	9.6269172	9.3775152	9.7765584	9.3775152	10926035.0
2020-10-09	9.3775152	8.6791896	9.477276	9.0782328	15133298.0
2020-10-12	9.227874	9.1281132	9.2777544	9.1281132	2247375.0
2020-10-14	9.1281132	9.0283524	9.477276	9.3775152	5713667.0
2020-10-15	9.3276348	8.978472	9.3775152	9.0283524	3549891.0
2020-10-16	9.0782328	8.72907	9.0782328	8.7789504	3839484.0
2020-10-19	8.7789504	7.980864	8.7789504	8.0307444	7796749.0
2020-10-20	8.0806248	8.0307444	8.479668	8.2801464	4585067.0
2020-10-21	8.3300268	8.3300268	8.6293092	8.479668	2353529.0
2020-10-22	8.479668	8.4297876	8.72907	8.72907	2555111.0
2020-10-26	8.978472	8.8288308	9.1779936	8.978472	4631779.0
2020-10-27	8.9285916	8.72907	9.0283524	8.72907	2347114.0
2020-10-28	8.7789504	8.72907	8.978472	8.8787112	4231221.0
2020-10-29	8.8787112	8.7789504	9.0283524	8.7789504	1866564.0
2020-10-30	8.8288308	8.6293092	8.978472	8.72907	1913276.0
2020-11-02	8.8288308	8.230266	8.8288308	8.2801464	4381981.0
2020-11-03	8.4297876	8.3799072	8.5794288	8.5295484	2891215.0
2020-11-04	8.5794288	8.479668	8.72907	8.479668	2116161.0
2020-11-05	8.5794288	8.479668	8.6293092	8.5295484	1654858.0
2020-11-06	8.5794288	8.479668	8.72907	8.479668	1431323.0
2020-11-09	8.5794288	8.479668	8.5794288	8.5295484	1026756.0
2020-11-10	8.5794288	8.1803856	8.5794288	8.3300268	3886296.0
2020-11-11	8.4297876	8.3300268	8.5794288	8.5794288	1708486.0
2020-11-12	8.6791896	8.6791896	8.8787112	8.7789504	5256974.0
2020-11-13	8.9285916	8.7789504	9.1779936	8.7789504	9118812.0
2020-11-16	8.8288308	8.7789504	8.9285916	8.7789504	2039478.0
2020-11-17	8.7789504	8.5794288	8.9285916	8.5794288	2717901.0
2020-11-18	8.6293092	8.5295484	8.6791896	8.5794288	1255102.0
2020-11-19	8.6293092	8.5295484	8.72907	8.5794288	2604429.0
2020-11-20	8.5794288	8.5295484	8.6293092	8.5794288	1137420.0
2020-11-23	8.6293092	8.5794288	8.9285916	8.72907	3401736.0
2020-11-24	8.7789504	8.6791896	9.0283524	8.9285916	7156117.0
2020-11-25	8.978472	8.6791896	8.978472	8.7789504	3407149.0
2020-11-26	8.8787112	8.72907	8.9285916	8.8288308	2231136.0
2020-11-27	8.8787112	8.7789504	9.1281132	9.0283524	7516679.0
2020-11-30	9.0782328	9.0283524	9.3276348	9.1779936	6404118.0
2020-12-01	9.1281132	8.8787112	9.1779936	8.8787112	6781320.0
2020-12-02	8.9285916	8.5794288	8.9285916	8.6293092	4563616.0
2020-12-03	8.7789504	8.7789504	8.8288308	8.8288308	1536575.0
2020-12-04	8.8288308	8.72907	8.8787112	8.72907	826777.0
2020-12-08	8.7789504	8.72907	8.978472	8.8787112	2947951.0
2020-12-09	8.8787112	8.6791896	8.9285916	8.6791896	1765122.0
2020-12-14	8.72907	8.5295484	8.7789504	8.5295484	1678615.0
2020-12-15	8.5295484	8.3300268	8.8288308	8.72907	10775474.0
2020-12-16	8.8787112	8.7789504	8.978472	8.8787112	6735912.0
2020-12-17	8.9285916	8.7789504	8.978472	8.7789504	4008989.0
2020-12-18	8.8288308	8.8288308	9.3276348	9.1779936	14894226.0
2020-12-21	8.7789504	8.3799072	8.8288308	8.3799072	11691265.0
2020-12-22	8.3799072	8.1803856	8.479668	8.479668	3142316.0
2020-12-23	8.5295484	8.479668	8.7789504	8.6791896	3463685.0
2020-12-24	8.6791896	8.6293092	8.7789504	8.6791896	1652252.0
2020-12-25	8.7789504	8.72907	8.9285916	8.8288308	2757094.0
2020-12-28	8.8787112	8.72907	8.8787112	8.72907	2085989.0
2020-12-29	8.7789504	8.6791896	9.0782328	8.978472	7039939.0
2020-12-30	8.9285916	8.7789504	9.0283524	8.7789504	3264308.0
2021-01-04	8.72907	8.6791896	9.1779936	8.9285916	8795839.0
2021-01-05	8.9285916	8.8787112	9.1779936	9.0782328	8024494.0
2021-01-06	9.1281132	9.0782328	9.97608	9.97608	28440128.0
2021-01-07	9.8264388	9.5271564	9.8763192	9.5770368	14224525.0
2021-01-08	9.6767976	9.227874	9.8264388	9.2777544	18746942.0
2021-01-11	9.3276348	9.0283524	9.4273956	9.1779936	5714569.0
2021-01-12	9.1779936	9.1281132	9.477276	9.4273956	6401311.0
2021-01-13	9.477276	9.0283524	9.6269172	9.0782328	11722139.0
2021-01-14	9.1779936	9.0782328	9.3276348	9.2777544	5024819.0
2021-01-15	9.3276348	9.2777544	9.726678	9.6269172	16249468.0
2021-01-18	9.8264388	9.477276	9.97608	9.477276	15553804.0
2021-01-19	9.5770368	9.3775152	9.6767976	9.5271564	12103852.0
2021-01-20	9.5770368	9.3775152	9.6269172	9.477276	4470092.0
2021-01-21	9.477276	9.1779936	9.5271564	9.227874	5347190.0
2021-01-22	9.3276348	9.0782328	9.477276	9.1281132	5862222.0
2021-01-25	9.4273956	8.8288308	9.8763192	8.8288308	55455349.0
2021-01-26	9.0283524	8.8787112	9.227874	9.1281132	24869187.0
2021-01-27	9.2777544	9.227874	9.726678	9.6767976	36327495.0
2021-01-28	9.8264388	9.6269172	11.3727312	10.973688	193902113.0
2021-01-29	11.3727312	10.3751232	11.5722528	10.7741664	105457554.0
2021-02-01	10.5746448	9.7765584	10.7741664	10.474884	88138326.0
2021-02-02	10.7741664	10.2753624	10.973688	10.2753624	33315290.0
2021-02-03	10.474884	10.3751232	11.472492	11.472492	91688017.0
2021-02-04	11.2729704	10.7741664	11.5722528	11.0734488	75495785.0
2021-02-05	11.2729704	11.1732096	11.7717744	11.7717744	77462790.0
2021-02-08	11.7717744	11.3727312	11.971296	11.6720136	46876127.0
2021-02-09	11.8715352	11.7717744	12.4701	12.0710568	81253959.0
2021-02-10	12.1708176	11.6720136	12.2705784	11.971296	24608262.0
2021-02-11	11.971296	11.5722528	12.6696216	12.3703392	48870798.0
2021-02-15	12.2705784	12.1708176	12.8691432	12.7693824	36673021.0
2021-02-16	12.968904	12.6696216	13.7669904	13.467708	50344323.0
2021-02-17	13.3679472	12.968904	14.1660336	13.0686648	62803425.0
2021-02-18	13.2681864	13.1684256	13.6672296	13.467708	29578050.0
2021-02-19	13.467708	13.3679472	13.966512	13.5674688	28564827.0
2021-02-22	13.6672296	12.0710568	13.7669904	12.5698608	64559726.0
2021-02-23	12.5698608	12.3703392	13.0686648	12.7693824	28865446.0
2021-02-24	12.8691432	12.2705784	12.8691432	12.2705784	19862210.0
2021-02-25	12.4701	12.2705784	12.7693824	12.5698608	19338958.0
2021-03-01	11.5722528	11.472492	12.4701	12.3703392	27824857.0
2021-03-02	12.5698608	12.4701	13.3679472	13.0686648	50856147.0
2021-03-03	13.5674688	12.968904	13.6672296	13.1684256	27183923.0
2021-03-04	13.1684256	12.968904	13.5674688	13.3679472	24060452.0
2021-03-05	13.3679472	12.968904	13.5674688	13.0686648	18875650.0
2021-03-08	13.1684256	12.5698608	13.2681864	12.6696216	19264881.0
2021-03-09	13.0686648	12.968904	13.467708	13.0686648	39522638.0
2021-03-10	12.968904	12.8691432	13.2681864	13.1684256	13948063.0
2021-03-11	13.3679472	13.0686648	13.7669904	13.6672296	46132148.0
2021-03-12	13.7669904	13.2681864	14.0662728	13.3679472	45996022.0
2021-03-15	13.5674688	13.2681864	13.6672296	13.2681864	12385927.0
2021-03-16	13.467708	13.467708	13.8667512	13.5674688	24203995.0
2021-03-17	13.7669904	13.6672296	15.3631632	14.6648376	133276697.0
2021-03-18	15.2634024	14.96412	15.7622064	15.1636416	80669661.0
2021-03-19	15.1636416	14.2657944	15.462924	14.8643592	104704954.0
2021-03-22	15.0638808	14.7645984	15.1636416	14.96412	12672412.0
2021-03-23	14.96412	14.465316	14.96412	14.5650768	8228382.0
2021-03-24	14.3655552	13.8667512	14.3655552	14.2657944	16989639.0
2021-03-25	14.3655552	13.8667512	14.3655552	13.8667512	9554554.0
2021-03-26	14.0662728	13.8667512	14.2657944	14.1660336	8139970.0
2021-03-29	14.1660336	13.966512	14.2657944	14.2657944	5451439.0
2021-03-30	14.2657944	14.0662728	14.3655552	14.2657944	5736221.0
2021-03-31	14.1660336	14.0662728	14.3655552	14.3655552	4940818.0
2021-04-01	14.3655552	14.1660336	14.3655552	14.2657944	2441239.0
2021-04-02	14.2657944	13.966512	14.3655552	14.1660336	7217063.0
2021-04-05	14.0662728	13.5674688	14.1660336	13.8667512	6972277.0
2021-04-07	13.467708	12.968904	13.5674688	13.2681864	11621097.0
2021-04-08	12.8691432	12.4701	13.1684256	13.0686648	9331621.0
2021-04-09	13.0686648	12.968904	13.2681864	13.0686648	4117047.0
2021-04-12	13.0686648	12.7693824	13.0686648	12.8691432	4828148.0
2021-04-16	12.6696216	12.3703392	13.1684256	13.1684256	6270499.0
2021-04-19	13.0686648	12.968904	13.6672296	13.6672296	7648495.0
2021-04-20	13.6672296	13.467708	13.7669904	13.7669904	4743045.0
2021-04-21	13.6672296	13.5674688	13.6672296	13.6672296	1958785.0
2021-04-22	13.5674688	13.2681864	13.6672296	13.467708	3300895.0
2021-04-23	13.467708	13.0686648	13.5674688	13.467708	5261585.0
2021-04-26	13.2681864	13.1684256	13.5674688	13.5674688	3650732.0
2021-04-27	13.5674688	13.2681864	13.5674688	13.467708	2342403.0
2021-04-28	13.467708	13.3679472	14.0662728	14.0662728	10577601.0
2021-04-29	14.0662728	13.8667512	14.2657944	14.1660336	10110784.0
2021-04-30	14.2657944	13.966512	14.465316	14.465316	7479089.0
2021-05-05	14.6648376	13.6672296	14.8643592	13.6672296	23913902.0
2021-05-06	13.7669904	13.6672296	14.1660336	13.8667512	12091121.0
2021-05-07	13.966512	13.6672296	14.0662728	13.6672296	6178879.0
2021-05-10	13.3679472	13.0686648	13.467708	13.1684256	6038443.0
2021-05-11	13.1684256	13.1684256	13.5674688	13.3679472	7559181.0
2021-05-12	13.3679472	13.1684256	13.467708	13.2681864	3089991.0
2021-05-13	12.968904	11.5722528	13.1684256	12.968904	9403392.0
2021-05-14	12.8691432	12.4701	12.8691432	12.7693824	3349912.0
2021-05-17	12.4701	12.1708176	12.6696216	12.6696216	3617152.0
2021-05-18	13.5674688	13.1684256	13.7669904	13.5674688	10841432.0
2021-05-19	13.6672296	13.2681864	13.7669904	13.467708	4674982.0
2021-05-20	13.467708	13.2681864	13.5674688	13.2681864	2245872.0
2021-05-21	13.2681864	12.8691432	13.3679472	13.1684256	2469908.0
2021-05-24	13.2681864	13.0686648	13.5674688	13.467708	4298281.0
2021-05-25	13.467708	13.3679472	13.5674688	13.467708	2351324.0
2021-05-27	13.467708	13.2681864	13.5674688	13.3679472	3365349.0
2021-05-28	13.467708	13.2681864	13.6672296	13.3679472	5277924.0
2021-05-31	13.3679472	12.8691432	13.3679472	12.968904	5769701.0
2021-06-01	12.8691432	12.8691432	13.1684256	12.968904	2825759.0
2021-06-02	12.968904	12.8691432	13.2681864	12.968904	3786356.0
2021-06-04	13.0686648	13.0686648	13.6672296	13.5674688	9642264.0
2021-06-07	13.5674688	13.1684256	13.7669904	13.3679472	4239540.0
2021-06-08	13.2681864	13.1684256	13.3679472	13.3679472	1565745.0
2021-06-09	13.3679472	13.1684256	13.3679472	13.3679472	2314235.0
2021-06-10	13.3679472	13.3679472	13.7669904	13.3679472	8685976.0
2021-06-11	13.5674688	13.2681864	13.5674688	13.3679472	3283854.0
2021-06-14	13.3679472	13.3679472	13.467708	13.467708	2042285.0
2021-06-15	13.467708	13.1684256	13.5674688	13.2681864	5213771.0
2021-06-16	13.2681864	13.0686648	13.2681864	13.2681864	1155965.0
2021-06-17	13.1684256	13.0686648	14.0662728	13.966512	18697825.0
2021-06-18	13.966512	13.467708	14.1660336	14.1660336	15018424.0
2021-06-21	14.0662728	13.3679472	14.0662728	13.5674688	15568439.0
2021-06-22	13.7669904	13.6672296	14.96412	14.8643592	105386183.0
2021-06-23	15.1636416	14.465316	15.2634024	14.465316	64948556.0
2021-06-24	14.3655552	13.8667512	14.465316	14.465316	40977818.0
2021-06-25	14.5650768	14.0662728	14.6648376	14.0662728	19412935.0
2021-06-28	13.8667512	13.8667512	14.0662728	14.0662728	7880951.0
2021-06-29	14.0662728	14.0662728	14.5650768	14.465316	21576210.0
2021-06-30	14.5650768	14.1660336	14.5650768	14.1660336	7849876.0
2021-07-01	14.3655552	14.1660336	14.6648376	14.465316	12645247.0
2021-07-02	14.465316	14.1660336	14.8643592	14.1660336	18021407.0
2021-07-05	14.3655552	14.1660336	14.3655552	14.1660336	5188410.0
2021-07-06	14.1660336	14.1660336	14.3655552	14.1660336	4637593.0
2021-07-07	14.1660336	13.5674688	14.1660336	13.6672296	10744901.0
2021-07-08	13.467708	12.6696216	13.467708	12.7693824	18214469.0
2021-07-09	12.6696216	12.3703392	12.968904	12.8691432	7273397.0
2021-07-12	12.968904	12.5698608	13.0686648	12.6696216	4088780.0
2021-07-13	12.968904	12.8691432	13.3679472	13.3679472	8710936.0
2021-07-14	13.1684256	13.0686648	13.2681864	13.1684256	2910963.0
2021-07-15	13.2681864	13.0686648	13.467708	13.1684256	6641887.0
2021-07-16	13.1684256	13.1684256	13.5674688	13.3679472	4490040.0
2021-07-19	13.0686648	12.968904	13.2681864	12.968904	4887290.0
2021-07-20	13.0686648	12.7693824	13.3679472	12.8691432	11762636.0
2021-07-21	12.968904	12.8691432	13.1684256	12.8691432	6201333.0
2021-07-22	12.968904	12.8691432	13.0686648	12.8691432	5472289.0
2021-07-23	12.968904	12.7693824	12.968904	12.7693824	2782455.0
2021-07-27	12.7693824	12.7693824	13.1684256	12.968904	5540853.0
2021-07-29	12.968904	12.968904	13.2681864	13.0686648	6215266.0
2021-07-30	12.968904	12.6696216	13.0686648	12.7693824	4090785.0
2021-08-02	12.8691432	11.6720136	12.8691432	11.8715352	13894034.0
2021-08-03	11.8715352	11.7717744	12.3703392	12.2705784	9122220.0
2021-08-04	12.2705784	12.0710568	12.2705784	12.0710568	2484442.0
2021-08-05	12.1708176	11.8715352	12.3703392	11.8715352	5551078.0
2021-08-06	11.971296	11.5722528	12.0710568	11.5722528	5056495.0
2021-08-09	11.5722528	11.5722528	11.971296	11.8715352	4688314.0
2021-08-10	11.8715352	11.7717744	12.0710568	11.8715352	3231930.0
2021-08-11	11.1732096	11.0734488	11.472492	11.1732096	15112549.0
2021-08-13	11.472492	11.0734488	11.5722528	11.1732096	8743614.0
2021-08-16	11.0734488	10.5746448	11.0734488	10.6744056	5874752.0
2021-08-17	10.6744056	10.6744056	11.2729704	11.0734488	5869138.0
2021-08-18	11.1732096	10.973688	11.2729704	11.0734488	2532557.0
2021-08-19	10.973688	10.8739272	11.1732096	10.8739272	1816645.0
2021-08-20	10.973688	10.973688	11.472492	11.2729704	3882587.0
2021-08-23	11.472492	11.3727312	11.6720136	11.5722528	3971098.0
2021-08-24	11.6720136	11.6720136	12.0710568	11.971296	7399800.0
2021-08-25	11.971296	11.7717744	12.0710568	11.971296	2948953.0
2021-08-26	11.971296	11.7717744	11.971296	11.7717744	1791485.0
2021-08-27	11.8715352	11.7717744	12.2705784	12.0710568	5687905.0
2021-08-30	12.1708176	12.0710568	12.3703392	12.2705784	3477417.0
2021-08-31	12.1708176	11.8715352	12.2705784	12.0710568	2651241.0
2021-09-01	12.3703392	12.1708176	12.5698608	12.5698608	8572605.0
2021-09-02	12.5698608	12.2705784	12.5698608	12.3703392	2406155.0
2021-09-03	12.5698608	12.2705784	12.5698608	12.2705784	2497273.0
2021-09-06	12.2705784	12.0710568	12.2705784	12.0710568	1992666.0
2021-09-07	12.0710568	11.971296	12.1708176	12.0710568	1805017.0
2021-09-08	12.0710568	11.8715352	12.1708176	12.0710568	2174902.0
2021-09-09	12.0710568	11.8715352	12.1708176	11.971296	1155263.0
2021-09-10	12.2705784	12.2705784	12.5698608	12.3703392	5767696.0
2021-09-13	12.4701	12.2705784	12.5698608	12.3703392	3161061.0
2021-09-14	12.3703392	12.2705784	12.4701	12.3703392	1226032.0
2021-09-15	12.3703392	12.1708176	12.3703392	12.1708176	2761405.0
2021-09-16	12.1708176	12.0710568	12.2705784	12.1708176	1483147.0
2021-09-17	12.1708176	11.971296	12.1708176	12.0710568	1094016.0
2021-09-20	12.0710568	11.8715352	12.0710568	12.0710568	2016222.0
2021-09-21	11.8715352	11.8715352	12.0710568	11.971296	1252395.0
2021-09-22	11.971296	11.971296	12.2705784	12.0710568	2188835.0
2021-09-23	11.971296	11.971296	12.1708176	11.971296	1624185.0
2021-09-27	11.971296	11.8715352	11.971296	11.8715352	1020841.0
2021-09-28	11.8715352	11.7717744	11.971296	11.7717744	1071964.0
2021-09-29	11.6720136	11.472492	11.7717744	11.5722528	2596009.0
2021-09-30	11.6720136	11.472492	11.7717744	11.7717744	3203763.0
2021-10-01	11.6720136	11.472492	11.7717744	11.472492	1654758.0
2021-10-04	11.5722528	11.5722528	12.0710568	11.971296	4726606.0
2021-10-05	11.8715352	11.8715352	12.0710568	11.971296	609558.0
2021-10-06	11.8715352	11.8715352	12.6696216	12.3703392	15510701.0
2021-10-07	12.4701	12.3703392	12.5698608	12.3703392	3663563.0
2021-10-08	12.4701	12.1708176	12.4701	12.3703392	4108627.0
2021-10-11	12.3703392	12.2705784	12.4701	12.3703392	1067854.0
2021-10-12	12.3703392	12.2705784	12.5698608	12.3703392	2451764.0
2021-10-14	12.3703392	12.2705784	12.4701	12.3703392	1502093.0
2021-10-15	12.4701	12.3703392	12.968904	12.6696216	12775458.0
2021-10-18	12.6696216	12.5698608	12.7693824	12.6696216	2227127.0
2021-10-19	12.7693824	12.3703392	12.7693824	12.5698608	3937017.0
2021-10-20	12.4701	12.4701	12.6696216	12.6696216	1761613.0
2021-10-21	12.6696216	12.6696216	12.8691432	12.6696216	2581875.0
2021-10-25	12.6696216	12.6696216	12.968904	12.7693824	3315931.0
2021-10-26	12.8691432	12.7693824	13.1684256	12.968904	8313786.0
2021-10-27	12.968904	12.4701	13.1684256	12.7693824	10212327.0
2021-10-28	11.971296	11.6720136	12.0710568	11.7717744	8045143.0
2021-10-29	11.7717744	11.6720136	11.8715352	11.6720136	1521840.0
2021-11-01	11.6720136	11.472492	11.7717744	11.472492	1659168.0
2021-11-02	11.472492	11.472492	11.6720136	11.472492	1044297.0
2021-11-03	11.472492	10.8739272	11.472492	10.973688	6698322.0
2021-11-04	10.973688	10.973688	11.2729704	11.1732096	901356.0
2021-11-05	11.1732096	11.1732096	11.5722528	11.472492	2861544.0
2021-11-08	11.472492	11.1732096	11.5722528	11.3727312	1727031.0
2021-11-09	11.3727312	11.2729704	11.472492	11.472492	349836.0
2021-11-10	11.472492	11.3727312	11.472492	11.3727312	297611.0
2021-11-11	11.3727312	11.2729704	11.472492	11.472492	273855.0
2021-11-12	11.3727312	11.1732096	11.472492	11.2729704	2629990.0
2021-11-15	11.3727312	11.1732096	11.3727312	11.1732096	1044297.0
2021-11-16	11.1732096	11.1732096	11.472492	11.2729704	1473825.0
2021-11-17	11.2729704	11.1732096	11.472492	11.3727312	1315546.0
2021-11-18	11.3727312	11.3727312	11.6720136	11.6720136	2483039.0
2021-11-19	11.6720136	11.472492	11.7717744	11.5722528	1269636.0
2021-11-22	11.5722528	11.472492	11.6720136	11.472492	365373.0
2021-11-23	11.472492	11.2729704	11.5722528	11.3727312	943055.0
2021-11-24	11.472492	11.3727312	11.472492	11.472492	678222.0
2021-11-25	11.5722528	11.3727312	11.5722528	11.3727312	735058.0
2021-11-26	11.3727312	11.1732096	11.3727312	11.1732096	1780358.0
2021-11-29	11.0734488	10.7741664	11.1732096	10.7741664	1618571.0
2021-11-30	10.7741664	10.7741664	11.1732096	10.7741664	1173807.0
2021-12-01	10.7741664	10.6744056	10.973688	10.8739272	1319255.0
2021-12-02	10.7741664	10.7741664	11.0734488	10.8739272	721525.0
2021-12-03	10.8739272	10.8739272	11.1732096	10.973688	915991.0
2021-12-07	10.973688	10.8739272	11.2729704	10.973688	1639521.0
2021-12-08	10.973688	10.7741664	10.973688	10.8739272	1401652.0
2021-12-09	10.973688	10.8739272	11.0734488	10.8739272	3089089.0
2021-12-13	10.973688	10.8739272	11.2729704	10.8739272	5110323.0
2021-12-14	10.8739272	10.8739272	11.0734488	10.8739272	1469414.0
2021-12-15	10.973688	10.8739272	11.0734488	11.0734488	3053002.0
2021-12-16	11.2729704	11.2729704	11.7717744	11.472492	9105380.0
2021-12-17	11.472492	11.1732096	11.5722528	11.1732096	2697352.0
2021-12-20	11.1732096	11.0734488	11.5722528	11.1732096	2997068.0
2021-12-21	11.2729704	10.973688	11.2729704	10.973688	1777652.0
2021-12-22	11.0734488	11.0734488	11.2729704	11.1732096	1058131.0
2021-12-23	11.2729704	11.1732096	11.472492	11.1732096	2167384.0
2021-12-24	11.1732096	11.0734488	11.2729704	11.0734488	809436.0
2021-12-27	11.1732096	11.1732096	11.3727312	11.3727312	1428015.0
2021-12-28	11.6720136	11.2729704	11.7717744	11.2729704	5374455.0
2021-12-29	11.2729704	10.973688	11.3727312	11.0734488	3272728.0
2021-12-30	11.0734488	11.0734488	11.1732096	11.1732096	1565444.0
2022-01-04	11.1732096	11.0734488	11.2729704	11.1732096	1248686.0
2022-01-05	11.0734488	11.0734488	11.2729704	11.2729704	985457.0
2022-01-06	11.1732096	11.1732096	11.2729704	11.1732096	779364.0
2022-01-07	11.1732096	11.1732096	11.3727312	11.2729704	1005505.0
2022-01-10	11.472492	11.2729704	11.5722528	11.2729704	3204064.0
2022-01-11	11.2729704	11.2729704	11.472492	11.2729704	1505801.0
2022-01-12	11.2729704	11.2729704	11.7717744	11.6720136	5042862.0
2022-01-13	11.7717744	11.6720136	12.0710568	11.7717744	8617513.0
2022-01-14	11.8715352	11.7717744	12.1708176	11.8715352	5048175.0
2022-01-17	11.8715352	11.6720136	12.0710568	11.7717744	3404142.0
2022-01-18	11.8715352	11.472492	12.0710568	11.5722528	4148222.0
2022-01-19	11.472492	11.1732096	11.5722528	11.2729704	2615055.0
2022-01-20	11.2729704	10.973688	11.3727312	10.973688	2653146.0
2022-01-21	10.973688	10.8739272	11.2729704	10.973688	2728927.0
2022-01-24	10.973688	10.8739272	11.0734488	10.8739272	1929415.0
2022-01-25	10.8739272	10.7741664	10.973688	10.8739272	1824564.0
2022-01-26	10.8739272	10.8739272	11.2729704	11.2729704	1895935.0
2022-01-27	11.1732096	10.973688	11.1732096	11.0734488	630207.0
2022-01-28	11.0734488	10.973688	11.1732096	11.0734488	223334.0
2022-01-31	10.973688	10.973688	11.0734488	11.0734488	528965.0
2022-02-01	11.2729704	11.1732096	11.472492	11.2729704	1457085.0
2022-02-02	11.472492	11.0734488	11.472492	11.0734488	1518933.0
2022-02-03	11.0734488	10.8739272	11.1732096	10.973688	1318754.0
2022-02-04	11.0734488	10.973688	11.0734488	11.0734488	619080.0
2022-02-07	11.0734488	10.973688	11.1732096	10.973688	416997.0
2022-02-08	11.0734488	10.973688	11.0734488	11.0734488	356552.0
2022-02-09	11.1732096	10.973688	11.1732096	10.973688	487766.0
2022-02-10	11.0734488	10.973688	11.0734488	10.973688	384118.0
2022-02-11	10.973688	10.7741664	11.0734488	10.973688	907570.0
2022-02-14	10.8739272	10.6744056	11.0734488	10.8739272	1852831.0
2022-02-15	10.973688	10.7741664	11.0734488	10.973688	1412278.0
2022-02-17	10.8739272	10.7741664	11.0734488	10.973688	1198366.0
2022-02-18	10.8739272	10.8739272	11.2729704	11.2729704	2769524.0
2022-02-21	11.1732096	10.973688	11.2729704	10.973688	573972.0
2022-02-22	10.8739272	10.7741664	11.0734488	10.8739272	905064.0
2022-02-23	10.973688	10.8739272	11.0734488	10.8739272	453284.0
2022-02-24	10.8739272	10.5746448	10.8739272	10.5746448	1683526.0
2022-02-25	10.5746448	9.3276348	10.6744056	9.4273956	12543403.0
2022-02-28	9.5271564	8.8288308	9.5271564	9.3276348	6664040.0
2022-03-01	9.4273956	9.3276348	9.6269172	9.4273956	2050204.0
2022-03-02	9.3775152	9.3775152	9.5271564	9.3775152	829985.0
2022-03-03	9.477276	9.227874	9.5271564	9.3276348	1585793.0
2022-03-04	9.3276348	9.1779936	9.3276348	9.1779936	564450.0
2022-03-07	8.9285916	8.0806248	9.1281132	8.479668	3822242.0
2022-03-08	8.4297876	7.9309836	8.4297876	8.3799072	4283446.0
2022-03-09	8.4297876	8.230266	8.6293092	8.5295484	3038367.0
2022-03-10	8.5794288	8.5794288	9.2777544	9.0283524	2400441.0
2022-03-11	8.9285916	8.9285916	9.2777544	9.1779936	1337198.0
2022-03-14	9.1779936	9.0283524	9.1779936	9.0283524	501599.0
2022-03-15	9.1281132	8.9285916	9.1281132	8.9285916	396247.0
2022-03-16	9.0283524	9.0283524	9.227874	9.1779936	429026.0
2022-03-17	9.1779936	9.1281132	9.4273956	9.227874	1184533.0
2022-03-18	9.2777544	9.1779936	9.3775152	9.2777544	768438.0
2022-03-21	9.3775152	9.1281132	9.3775152	9.1281132	427823.0
2022-03-22	9.1281132	8.978472	9.1281132	8.978472	573672.0
2022-03-23	9.0782328	9.0283524	9.227874	9.0782328	419002.0
2022-03-24	9.0782328	8.978472	9.0782328	9.0283524	562445.0
2022-03-25	9.0782328	8.978472	9.1779936	9.0283524	631610.0
2022-03-28	9.0782328	8.9285916	9.0782328	9.0283524	465313.0
2022-03-29	8.978472	8.978472	9.1281132	9.0283524	1054622.0
2022-03-30	9.0283524	8.978472	9.1281132	8.978472	717315.0
2022-03-31	9.0283524	8.978472	9.1779936	9.0782328	1612657.0
2022-04-01	9.0782328	8.9285916	9.0782328	8.978472	834496.0
2022-04-04	9.0283524	8.7789504	9.0283524	8.8787112	2006499.0
2022-04-05	8.9285916	8.9285916	9.1779936	8.978472	4997353.0
2022-04-07	8.9285916	8.7789504	8.9285916	8.7789504	2334684.0
2022-04-08	8.8288308	8.7789504	8.9285916	8.7789504	1174308.0
2022-04-11	8.8288308	8.479668	8.8288308	8.6293092	1199068.0
2022-04-12	8.5295484	8.479668	8.6293092	8.5295484	467819.0
2022-04-18	8.5295484	8.5295484	8.6791896	8.6293092	468620.0
2022-04-19	8.6293092	8.5794288	8.72907	8.5794288	467117.0
2022-04-20	8.6293092	8.6293092	8.8288308	8.6791896	584498.0
2022-04-21	8.72907	8.72907	8.8288308	8.72907	798710.0
2022-04-22	8.7789504	8.72907	8.8288308	8.72907	481351.0
2022-04-25	8.6791896	8.5794288	8.72907	8.6293092	589610.0
2022-04-26	8.6293092	8.479668	8.72907	8.5295484	509919.0
2022-04-27	8.4297876	8.2801464	8.479668	8.3300268	901757.0
2022-04-28	8.3799072	8.2801464	8.4297876	8.4297876	245186.0
2022-04-29	8.4297876	8.3799072	8.479668	8.3799072	296008.0
2022-05-03	8.3799072	8.2801464	8.3799072	8.3300268	694461.0
2022-05-05	8.2801464	8.1305052	8.3300268	8.1305052	533576.0
2022-05-06	7.980864	7.7813424	8.0307444	7.7813424	1488560.0
2022-05-09	7.5319404	6.9333756	7.5818208	7.5319404	2517521.0
2022-05-10	7.5319404	7.3324188	7.5818208	7.5319404	764127.0
2022-05-11	7.5319404	7.2825384	7.6317012	7.3324188	455289.0
2022-05-12	7.3324188	6.7837344	7.3822992	7.0830168	1234853.0
2022-05-13	6.2849304	5.736246	6.6340932	5.7861264	11890542.0
2022-05-17	5.8360068	5.6364852	5.9357676	5.8858872	4134188.0
2022-05-18	5.9357676	5.8858872	6.23505	6.1352892	5309400.0
2022-05-19	5.8858872	5.8858872	6.1352892	6.1352892	1375490.0
2022-05-20	6.1851696	6.1851696	6.4345716	6.2849304	2672292.0
2022-05-23	6.3846912	6.3348108	6.6340932	6.5343324	1651249.0
2022-05-24	6.6340932	6.23505	6.6340932	6.2849304	2656955.0
2022-05-25	6.3348108	6.2849304	6.5343324	6.4345716	2406857.0
2022-05-26	6.484452	6.484452	6.6340932	6.5842128	1523143.0
2022-05-27	6.6340932	6.484452	6.6340932	6.5343324	1194657.0
2022-05-30	6.5842128	6.5842128	6.8336148	6.733854	2653346.0
2022-05-31	6.733854	6.733854	6.8336148	6.7837344	947666.0
2022-06-01	6.8336148	6.5842128	6.8336148	6.733854	3012906.0
2022-06-02	6.7837344	6.5842128	6.983256	6.6839736	2851220.0
2022-06-06	6.6839736	6.3846912	6.733854	6.5842128	2329572.0
2022-06-07	6.5842128	6.4345716	6.6340932	6.484452	2133002.0
2022-06-08	6.733854	6.6839736	7.3822992	7.3822992	16383188.0
2022-06-09	7.5818208	7.3822992	8.1305052	7.3822992	23358473.0
2022-06-10	7.3324188	7.232658	7.6815816	7.48206	7023399.0
2022-06-13	7.2825384	6.983256	7.4321796	7.0331364	4393910.0
2022-06-14	7.0830168	6.983256	7.3822992	6.983256	4896011.0
2022-06-15	7.0830168	6.5842128	7.1328972	6.5842128	4093591.0
2022-06-16	6.6839736	6.2849304	6.7837344	6.2849304	3603920.0
2022-06-17	6.1851696	6.1352892	6.5343324	6.3348108	2884299.0
2022-06-20	6.2849304	6.1851696	6.3348108	6.23505	838906.0
2022-06-21	6.23505	6.1352892	6.2849304	6.1851696	942755.0
2022-06-22	6.1352892	5.8360068	6.1851696	5.8858872	2872771.0
2022-06-23	5.9357676	5.8858872	5.985648	5.9357676	1520236.0
2022-06-24	5.985648	5.8858872	6.1352892	5.9357676	1873581.0
2022-06-27	5.9357676	5.8858872	6.0355284	5.8858872	1018536.0
2022-06-28	5.9357676	5.8360068	6.0355284	5.985648	1198967.0
2022-06-29	5.985648	5.8858872	6.0355284	5.9357676	853441.0
2022-06-30	5.8858872	5.736246	5.985648	5.736246	1223727.0
2022-07-01	5.736246	5.5866048	5.736246	5.6863656	866372.0
2022-07-04	5.6863656	5.3870832	5.736246	5.3870832	869880.0
2022-07-05	5.4369636	5.1376812	5.5866048	5.237442	998889.0
2022-07-06	5.237442	5.0379204	5.2873224	5.1875616	1139425.0
2022-07-07	5.3372028	5.237442	5.3870832	5.3372028	738666.0
2022-07-08	5.3870832	5.2873224	5.486844	5.4369636	371689.0
2022-07-11	5.4369636	5.2873224	5.4369636	5.3372028	401059.0
2022-07-12	5.3870832	5.3372028	5.5367244	5.3372028	217119.0
2022-07-14	5.3372028	5.237442	5.486844	5.3372028	778762.0
2022-07-15	5.3372028	5.1376812	5.4369636	5.237442	1163182.0
2022-07-18	5.4369636	5.237442	5.4369636	5.2873224	201582.0
2022-07-19	5.237442	5.1376812	5.2873224	5.1875616	582693.0
2022-07-20	5.1875616	5.1376812	5.237442	5.1875616	111867.0
2022-07-21	5.1376812	5.1376812	5.3870832	5.3372028	342920.0
2022-07-22	5.3372028	5.2873224	5.4369636	5.4369636	593018.0
2022-07-25	5.4369636	5.2873224	5.4369636	5.3870832	450277.0
2022-07-26	5.3372028	5.2873224	5.486844	5.2873224	1493773.0
2022-07-27	5.3870832	5.2873224	5.4369636	5.2873224	1334792.0
2022-08-01	5.2873224	5.237442	5.3870832	5.2873224	1501892.0
2022-08-02	5.3372028	5.1376812	5.3372028	5.1376812	1139726.0
2022-08-03	5.1376812	5.0878008	5.2873224	5.237442	1996275.0
2022-08-04	5.2873224	5.2873224	5.6863656	5.486844	5335662.0
2022-08-05	5.486844	5.4369636	5.7861264	5.486844	4351508.0
2022-08-08	5.5367244	5.3870832	5.5367244	5.486844	3646121.0
2022-08-09	5.486844	5.3870832	5.486844	5.3870832	1601029.0
2022-08-10	5.3870832	5.1875616	5.3870832	5.2873224	1446560.0
2022-08-11	5.237442	5.0878008	5.3372028	5.1376812	2125584.0
2022-08-15	5.1875616	5.1376812	5.237442	5.237442	835698.0
2022-08-16	5.237442	5.1376812	5.237442	5.1875616	686943.0
2022-08-17	5.237442	5.1376812	5.237442	5.1875616	1393433.0
2022-08-18	5.1875616	5.1376812	5.237442	5.237442	1047505.0
2022-08-19	5.237442	5.1376812	5.3870832	5.1875616	1771537.0
2022-08-22	5.1875616	5.0379204	5.1875616	5.0878008	1344716.0
2022-08-23	5.0379204	4.90823136	5.0878008	4.96808784	2832675.0
2022-08-24	4.98804	4.96808784	5.0379204	4.96808784	1059333.0
2022-08-25	4.96808784	4.96808784	5.0878008	4.96808784	3135299.0
2022-08-26	4.98804	4.90823136	5.0379204	4.90823136	4424984.0
2022-08-29	4.7885184	4.74861408	4.82842272	4.76856624	2473416.0
2022-08-30	4.82842272	4.76856624	4.82842272	4.7885184	883513.0
2022-08-31	4.7885184	4.7885184	5.0379204	4.94813568	2095612.0
2022-09-01	4.94813568	4.90823136	4.98804	4.96808784	1100231.0
2022-09-02	4.96808784	4.96808784	5.0379204	5.0379204	2907554.0
2022-09-05	5.0379204	4.98804	5.237442	5.0379204	6237119.0
2022-09-06	5.0379204	5.0379204	5.1376812	5.0379204	1208791.0
2022-09-07	5.0379204	5.0379204	5.3372028	5.2873224	5460862.0
2022-09-08	5.3372028	5.0878008	5.3372028	5.1875616	1747880.0
2022-09-09	5.1875616	5.1376812	5.3372028	5.3372028	2483039.0
2022-09-12	5.3372028	5.237442	5.4369636	5.3870832	4914154.0
2022-09-13	5.4369636	5.3372028	5.5367244	5.4369636	4919968.0
2022-09-14	5.3372028	5.237442	5.5866048	5.5866048	5418761.0
2022-09-15	5.5866048	5.237442	5.6364852	5.3372028	5116839.0
2022-09-16	5.3372028	5.2873224	5.486844	5.2873224	2391821.0
2022-09-19	5.2873224	4.98804	5.3870832	4.98804	4474503.0
2022-09-20	4.98804	4.92818352	5.0878008	4.96808784	4113439.0
2022-09-21	4.90823136	4.8882792	4.96808784	4.8882792	2700158.0
2022-09-22	4.90823136	4.84837488	5.0878008	4.98804	2910662.0
2022-09-23	5.0379204	4.94813568	5.0878008	4.98804	2130997.0
2022-09-26	4.98804	4.86832704	5.0379204	4.90823136	1410674.0
2022-09-27	4.86832704	4.82842272	4.90823136	4.82842272	2975417.0
2022-09-28	4.7885184	4.76856624	4.94813568	4.82842272	1708185.0
2022-09-29	4.92818352	4.80847056	4.92818352	4.82842272	805827.0
2022-09-30	4.82842272	4.82842272	4.98804	4.90823136	2526743.0
2022-10-03	4.92818352	4.82842272	4.92818352	4.84837488	1828172.0
2022-10-04	4.86832704	4.86832704	4.92818352	4.86832704	1041691.0
2022-10-05	4.8882792	4.84837488	4.8882792	4.84837488	474033.0
2022-10-06	4.86832704	4.86832704	4.98804	4.90823136	1185235.0
2022-10-07	4.90823136	4.84837488	4.90823136	4.8882792	513327.0
2022-10-10	4.8882792	4.82842272	4.90823136	4.84837488	309339.0
2022-10-11	4.82842272	4.60894896	4.82842272	4.7885184	3514005.0
2022-10-12	4.70870976	4.62890112	4.76856624	4.74861408	926115.0
2022-10-17	4.6887576	4.60894896	4.72866192	4.72866192	1283069.0
2022-10-18	4.66880544	4.60894896	4.70870976	4.6887576	1650548.0
2022-10-19	4.74861408	4.70870976	4.8882792	4.72866192	2583379.0
2022-10-20	4.72866192	4.70870976	4.7885184	4.70870976	771645.0
2022-10-21	4.72866192	4.64885328	4.72866192	4.66880544	586703.0
2022-10-25	4.66880544	4.64885328	4.6887576	4.64885328	281974.0
2022-10-26	4.62890112	4.62890112	4.70870976	4.66880544	337306.0
2022-10-27	4.66880544	4.62890112	4.66880544	4.64885328	414992.0
2022-10-28	4.64885328	4.64885328	4.7885184	4.72866192	2399639.0
2022-10-31	4.74861408	4.70870976	4.7885184	4.70870976	983352.0
2022-11-01	4.72866192	4.6887576	4.76856624	4.74861408	958592.0
2022-11-02	4.7885184	4.74861408	4.92818352	4.86832704	4780134.0
2022-11-03	4.96808784	4.7885184	4.96808784	4.82842272	3665467.0
2022-11-04	4.86832704	4.80847056	4.86832704	4.82842272	750294.0
2022-11-07	4.82842272	4.82842272	4.94813568	4.8882792	2943139.0
2022-11-08	4.8882792	4.80847056	4.8882792	4.84837488	945160.0
2022-11-09	4.8882792	4.74861408	4.8882792	4.76856624	1014426.0
2022-11-10	4.74861408	4.6887576	4.76856624	4.6887576	689549.0
2022-11-11	4.6887576	4.5889968	4.6887576	4.60894896	1598623.0
2022-11-14	4.56904464	4.56904464	4.66880544	4.60894896	563548.0
2022-11-15	4.5889968	4.54909248	4.64885328	4.5889968	1026455.0
2022-11-16	4.5889968	4.5889968	4.6887576	4.60894896	651658.0
2022-11-17	4.60894896	4.5889968	4.60894896	4.5889968	259821.0
2022-11-18	4.5889968	4.52914032	4.64885328	4.56904464	1073768.0
2022-11-21	4.5889968	4.56904464	4.60894896	4.5889968	116779.0
2022-11-22	4.5889968	4.56904464	4.62890112	4.56904464	222031.0
2022-11-23	4.60894896	4.56904464	4.60894896	4.56904464	214011.0
2022-11-24	4.56904464	4.54909248	4.5889968	4.56904464	194164.0
2022-11-25	4.56904464	4.54909248	4.5889968	4.54909248	205190.0
2022-11-28	4.54909248	4.54909248	4.5889968	4.54909248	156875.0
2022-11-29	4.5889968	4.56904464	4.5889968	4.5889968	121791.0
2022-11-30	4.5889968	4.54909248	4.5889968	4.5889968	213209.0
2022-12-01	4.5889968	4.56904464	4.66880544	4.5889968	590913.0
2022-12-02	4.5889968	4.56904464	4.5889968	4.56904464	167600.0
2022-12-06	4.5889968	4.54909248	4.5889968	4.54909248	256613.0
2022-12-07	4.54909248	4.489236	4.56904464	4.50918816	675716.0
2022-12-08	4.489236	4.3894752	4.50918816	4.44933168	1572762.0
2022-12-09	4.489236	4.44933168	4.56904464	4.50918816	1124890.0
2022-12-13	4.54909248	4.46928384	4.60894896	4.489236	611963.0
2022-12-14	4.44933168	4.44933168	4.489236	4.44933168	893336.0
2022-12-15	4.44933168	4.26976224	4.44933168	4.30966656	1002397.0
2022-12-16	4.1899536	4.1899536	4.40942736	4.2897144	997686.0
2022-12-19	4.2897144	4.20990576	4.30966656	4.2897144	785579.0
2022-12-20	4.32961872	4.17000144	4.32961872	4.1899536	824271.0
2022-12-21	4.24981008	4.1899536	4.24981008	4.1899536	285984.0
2022-12-22	4.20990576	4.11014496	4.22985792	4.17000144	845622.0
2022-12-23	4.11014496	4.0901928	4.1899536	4.1899536	906067.0
2022-12-26	4.13009712	4.13009712	4.2897144	4.2897144	1115167.0
2022-12-27	4.30966656	4.2897144	4.36952304	4.36952304	1492971.0
2022-12-28	4.36952304	4.30966656	4.36952304	4.30966656	400558.0
2022-12-29	4.34957088	4.30966656	4.34957088	4.34957088	152965.0
2022-12-30	4.30966656	4.30966656	4.34957088	4.34957088	324175.0
