Date	Price Open	Price Low	Price High	Price Close	Volume
2020-08-18	4.0	2.64	4.6	2.72	1734827100
2020-08-19	2.78	2.32	2.82	2.32	824795200
2020-08-20	2.26	2.26	2.42	2.3	380220400
2020-08-21	2.34	2.0	2.36	2.08	381027200
2020-08-24	2.06	2.04	2.18	2.12	186378900
2020-08-25	2.14	2.1	2.28	2.14	341897900
2020-08-26	2.16	2.1	2.2	2.1	103424700
2020-08-27	2.1	2.06	2.12	2.06	45411400
2020-08-28	2.08	2.0	2.14	2.0	98444800
2020-08-31	1.92	1.83	1.94	1.86	87140600
2020-09-01	1.87	1.79	1.88	1.88	54098300
2020-09-02	1.89	1.89	1.93	1.91	24190100
2020-09-03	1.9	1.88	1.97	1.97	31360900
2020-09-08	1.95	1.92	1.96	1.95	20645400
2020-09-09	1.92	1.9	1.96	1.95	28963100
2020-09-10	1.95	1.88	1.95	1.89	18600800
2020-09-11	1.89	1.86	1.89	1.86	12952300
2020-09-14	1.87	1.84	1.89	1.86	9382900
2020-09-15	1.86	1.84	1.87	1.84	5641700
2020-09-16	1.84	1.82	1.85	1.83	6638200
2020-09-17	1.83	1.75	1.83	1.75	14589500
2020-09-18	1.75	1.7	1.78	1.71	20803000
2020-09-21	1.72	1.69	1.76	1.7	14263400
2020-09-22	1.69	1.68	1.72	1.7	12591300
2020-09-23	1.71	1.7	1.79	1.78	27483700
2020-09-24	1.77	1.76	1.86	1.83	36277900
2020-09-25	1.83	1.83	1.93	1.93	37873100
2020-09-28	1.96	1.95	2.18	2.16	113631900
2020-09-29	2.1	1.99	2.16	2.08	68872400
2020-09-30	2.12	2.1	2.24	2.18	67016700
2020-10-01	2.18	2.14	2.24	2.22	32752500
2020-10-02	2.24	2.16	2.24	2.24	35138300
2020-10-05	2.24	2.2	2.3	2.3	31419100
2020-10-06	2.34	2.3	2.36	2.34	33799000
2020-10-07	2.34	1.96	2.36	2.02	107549100
2020-10-08	2.02	1.92	2.04	2.0	45100200
2020-10-09	2.0	1.97	2.06	2.04	32372000
2020-10-12	2.08	2.02	2.08	2.02	34408400
2020-10-14	2.02	1.97	2.04	2.0	18605900
2020-10-15	1.98	1.97	2.08	1.98	32007200
2020-10-16	1.98	1.96	2.0	1.98	13561300
2020-10-19	1.98	1.81	1.98	1.81	29147700
2020-10-20	1.82	1.8	1.86	1.81	13937600
2020-10-21	1.83	1.8	1.84	1.81	9146600
2020-10-22	1.83	1.77	1.83	1.8	13299400
2020-10-26	1.79	1.78	1.84	1.79	9507900
2020-10-27	1.79	1.74	1.8	1.75	25523800
2020-10-28	1.75	1.73	1.78	1.74	11115500
2020-10-29	1.74	1.72	1.8	1.77	20579900
2020-10-30	1.77	1.75	1.79	1.77	25820900
2020-11-02	1.78	1.76	1.92	1.92	58461500
2020-11-03	1.9	1.86	1.93	1.87	18487000
2020-11-04	1.88	1.86	1.93	1.89	27901000
2020-11-05	1.9	1.86	1.92	1.87	18945000
2020-11-06	1.88	1.87	1.97	1.9	74853200
2020-11-09	1.91	1.86	1.91	1.86	29920200
2020-11-10	1.87	1.8	1.88	1.83	24008800
2020-11-11	1.83	1.8	1.86	1.8	11982300
2020-11-12	1.84	1.82	1.87	1.83	24326900
2020-11-13	1.83	1.81	1.84	1.82	8541700
2020-11-16	1.84	1.83	1.9	1.86	41205300
2020-11-17	1.87	1.83	1.92	1.84	29844600
2020-11-18	1.85	1.85	1.89	1.88	28756800
2020-11-19	1.89	1.89	1.95	1.93	60854600
2020-11-20	1.95	1.93	1.98	1.95	61488900
2020-11-23	1.97	1.94	1.98	1.95	24564200
2020-11-24	1.95	1.9	1.96	1.9	22419500
2020-11-25	1.92	1.89	1.92	1.9	9900100
2020-11-26	1.9	1.9	1.96	1.94	29800800
2020-11-27	1.95	1.92	1.95	1.93	13118700
2020-11-30	1.93	1.9	1.93	1.91	7720500
2020-12-01	1.92	1.9	1.96	1.92	22165600
2020-12-02	1.92	1.89	1.93	1.9	13033000
2020-12-03	1.91	1.89	1.91	1.9	6891300
2020-12-04	1.9	1.9	1.95	1.91	16095500
2020-12-08	1.91	1.9	1.92	1.91	9678000
2020-12-09	1.92	1.9	1.93	1.91	15854200
2020-12-14	1.92	1.92	2.16	2.14	188540600
2020-12-15	2.16	2.08	2.2	2.08	113679600
2020-12-16	2.08	2.06	2.12	2.08	27508300
2020-12-17	2.1	2.1	2.24	2.16	111129400
2020-12-18	2.18	2.1	2.18	2.12	28884900
2020-12-21	1.92	1.89	2.04	1.91	80052500
2020-12-22	1.94	1.9	1.99	1.94	32609800
2020-12-23	1.94	1.92	1.98	1.94	13275100
2020-12-24	1.96	1.93	2.02	1.98	31891900
2020-12-25	1.99	1.96	2.02	1.96	21111100
2020-12-28	1.96	1.91	1.98	1.92	22117500
2020-12-29	1.94	1.91	1.95	1.93	9722200
2020-12-30	1.94	1.85	1.94	1.87	18480300
2021-01-04	1.81	1.8	1.87	1.87	21825200
2021-01-05	1.87	1.85	1.94	1.91	23539300
2021-01-06	1.93	1.88	1.94	1.88	12028700
2021-01-07	1.9	1.88	1.93	1.88	9287600
2021-01-08	1.91	1.89	1.93	1.89	13674600
2021-01-11	1.9	1.89	1.93	1.9	8036000
2021-01-12	1.9	1.9	2.04	2.04	65969900
2021-01-13	2.08	1.99	2.1	2.0	51389100
2021-01-14	2.02	1.99	2.02	2.0	13596500
2021-01-15	2.02	2.0	2.06	2.04	33334200
2021-01-18	2.02	1.99	2.06	2.02	16889800
2021-01-19	2.04	2.0	2.04	2.02	8453500
2021-01-20	2.02	2.0	2.04	2.0	5387100
2021-01-21	2.02	1.98	2.04	1.98	15054000
2021-01-22	1.97	1.95	1.99	1.96	18621200
2021-01-25	1.98	1.97	2.02	2.0	12794600
2021-01-26	1.99	1.98	2.0	2.0	8503700
2021-01-27	2.0	2.0	2.14	2.1	73932700
2021-01-28	2.06	2.04	2.16	2.06	96777000
2021-01-29	2.08	2.06	2.16	2.14	55353700
2021-02-01	2.16	2.14	2.38	2.18	220000400
2021-02-02	2.18	2.14	2.22	2.16	40278400
2021-02-03	2.16	2.16	2.32	2.24	84266600
2021-02-04	2.28	2.26	2.36	2.36	83515300
2021-02-05	2.42	2.36	2.46	2.36	75586100
2021-02-08	2.4	2.26	2.42	2.3	50297400
2021-02-09	2.3	2.24	2.32	2.26	28198400
2021-02-10	2.28	2.26	2.38	2.34	69711000
2021-02-11	2.34	2.28	2.34	2.3	19846300
2021-02-15	2.3	2.2	2.32	2.22	31681400
2021-02-16	2.24	2.18	2.24	2.18	25571800
2021-02-17	2.18	2.16	2.26	2.22	29538700
2021-02-18	2.24	2.2	2.34	2.34	40734400
2021-02-19	2.38	2.28	2.38	2.34	40644700
2021-02-22	2.34	2.3	2.36	2.32	33853000
2021-02-23	2.38	2.32	2.44	2.32	61805500
2021-02-24	2.34	2.3	2.4	2.4	32751200
2021-02-25	2.54	2.28	2.54	2.32	142157100
2021-03-01	2.28	2.24	2.32	2.3	22992100
2021-03-02	2.32	2.3	2.36	2.32	10615900
2021-03-03	2.32	2.24	2.36	2.28	33024600
2021-03-04	2.28	2.26	2.32	2.26	18490500
2021-03-05	2.26	2.26	2.34	2.28	28160800
2021-03-08	2.3	2.28	2.32	2.3	10313300
2021-03-09	2.32	2.26	2.32	2.26	12319500
2021-03-10	2.28	2.24	2.3	2.26	12768400
2021-03-11	2.26	2.26	2.34	2.28	16996600
2021-03-12	2.3	2.28	2.32	2.3	11806100
2021-03-15	2.32	2.3	2.38	2.34	26973900
2021-03-16	2.34	2.34	2.56	2.56	76086700
2021-03-17	2.62	2.52	2.74	2.64	180335500
2021-03-18	2.58	2.58	2.66	2.6	36224100
2021-03-19	2.64	2.62	2.88	2.88	120161400
2021-03-22	2.86	2.56	2.94	2.6	201754900
2021-03-23	2.64	2.62	2.86	2.82	114189200
2021-03-24	2.82	2.76	3.1	3.04	208397100
2021-03-25	3.14	3.06	3.48	3.14	335378800
2021-03-26	3.2	3.16	3.36	3.3	146824700
2021-03-29	3.26	3.14	3.38	3.28	100430300
2021-03-30	3.34	3.28	3.44	3.36	96272200
2021-03-31	3.38	3.32	3.4	3.32	57880800
2021-04-01	3.34	3.22	3.38	3.3	51827200
2021-04-02	3.32	3.24	3.36	3.24	36245300
2021-04-05	3.28	2.96	3.28	3.12	55727600
2021-04-07	3.1	2.98	3.32	3.3	77469900
2021-04-08	3.32	3.18	3.32	3.2	40064000
2021-04-09	3.2	3.06	3.24	3.2	53965300
2021-04-12	3.16	3.1	3.22	3.14	23614800
2021-04-16	3.1	3.02	3.12	3.08	15906100
2021-04-19	3.1	3.08	3.24	3.22	34205000
2021-04-20	3.22	3.18	3.28	3.22	34665500
2021-04-21	3.22	3.08	3.22	3.12	29537800
2021-04-22	3.22	3.12	3.22	3.14	11208100
2021-04-23	3.14	3.1	3.16	3.1	9408500
2021-04-26	3.08	3.08	3.16	3.16	10792400
2021-04-27	3.18	3.14	3.84	3.84	272692700
2021-04-28	3.52	3.28	3.62	3.4	100980000
2021-04-29	3.4	3.34	3.42	3.4	17045800
2021-04-30	3.38	3.36	3.78	3.7	74587400
2021-05-05	3.64	3.48	3.82	3.6	54783500
2021-05-06	3.56	3.52	3.64	3.64	14069600
2021-05-07	3.64	3.54	3.66	3.6	10042200
2021-05-10	3.6	3.52	3.62	3.6	7447300
2021-05-11	3.6	3.58	3.76	3.74	28489600
2021-05-12	3.64	3.44	3.7	3.56	29018900
2021-05-13	3.56	2.5	3.56	3.36	51413200
2021-05-14	3.4	3.22	3.42	3.34	21362300
2021-05-17	3.26	3.24	3.46	3.3	25931200
2021-05-18	3.22	3.12	3.34	3.3	22814900
2021-05-19	3.38	3.22	3.42	3.26	29363200
2021-05-20	3.26	3.2	3.34	3.22	19113100
2021-05-21	3.24	3.18	3.32	3.22	19758400
2021-05-24	3.2	2.96	3.3	3.06	70058900
2021-05-25	3.06	3.06	3.2	3.18	23936000
2021-05-27	3.22	3.08	3.24	3.18	20483100
2021-05-28	3.16	3.1	3.16	3.1	14462500
2021-05-31	3.12	2.98	3.16	3.0	37672900
2021-06-01	3.0	2.94	3.08	3.0	29319800
2021-06-02	3.0	2.98	3.04	3.0	22104400
2021-06-04	3.0	2.92	3.02	2.98	41415700
2021-06-07	3.0	3.0	3.24	3.18	83668100
2021-06-08	3.24	3.1	3.3	3.1	54664800
2021-06-09	3.14	3.12	3.2	3.18	16154500
2021-06-10	3.18	3.14	3.22	3.14	12646500
2021-06-11	3.2	3.1	3.2	3.14	7481100
2021-06-14	3.16	3.12	3.32	3.28	58844900
2021-06-15	3.24	3.18	3.28	3.2	27998500
2021-06-16	3.18	3.18	3.4	3.38	71441600
2021-06-17	3.36	3.26	3.4	3.28	42338000
2021-06-18	3.34	3.24	3.44	3.24	50991400
2021-06-21	3.16	3.12	3.2	3.14	15133300
2021-06-22	3.18	3.16	3.26	3.18	19125900
2021-06-23	3.18	3.12	3.24	3.16	11867800
2021-06-24	3.16	3.06	3.2	3.14	15298900
2021-06-25	3.14	3.0	3.14	3.04	17901200
2021-06-28	2.96	2.96	3.1	3.06	10288200
2021-06-29	3.1	3.06	3.12	3.1	5957100
2021-06-30	3.1	3.1	3.18	3.14	5431700
2021-07-01	3.14	3.08	3.16	3.12	5440800
2021-07-02	3.12	3.04	3.12	3.08	3726200
2021-07-05	3.1	3.04	3.1	3.06	2490700
2021-07-06	3.06	3.06	3.12	3.06	4566700
2021-07-07	3.08	3.04	3.16	3.08	12366700
2021-07-08	3.08	2.92	3.08	2.94	15711400
2021-07-09	2.88	2.84	2.98	2.96	13087800
2021-07-12	2.96	2.94	3.04	2.94	4147600
2021-07-13	2.96	2.96	3.04	2.98	4232700
2021-07-14	3.0	2.98	3.04	3.0	5476900
2021-07-15	3.04	3.02	3.08	3.06	6935600
2021-07-16	3.06	3.04	3.22	3.12	55184900
2021-07-19	3.06	3.02	3.12	3.04	10483600
2021-07-20	3.06	2.92	3.08	2.98	15147900
2021-07-21	3.0	3.0	3.04	3.0	4991800
2021-07-22	3.0	2.98	3.02	2.98	3329600
2021-07-23	2.96	2.94	3.02	2.96	3428200
2021-07-27	2.92	2.9	2.98	2.94	8182800
2021-07-29	2.94	2.92	2.98	2.94	3520200
2021-07-30	2.96	2.92	3.04	2.94	15503600
2021-08-02	2.9	2.86	2.94	2.86	7019300
2021-08-03	2.84	2.84	2.94	2.92	3802400
2021-08-04	2.94	2.92	3.04	3.02	15567500
2021-08-05	3.04	2.96	3.06	3.0	7702500
2021-08-06	3.0	2.92	3.0	2.96	4605300
2021-08-09	3.0	2.96	3.06	3.0	12592600
2021-08-10	3.0	2.98	3.1	3.1	14523100
2021-08-11	3.14	2.94	3.18	2.94	35138100
2021-08-13	2.94	2.8	2.98	2.82	18203700
2021-08-16	2.86	2.54	2.88	2.62	32508500
2021-08-17	2.64	2.56	2.68	2.62	8852900
2021-08-18	2.64	2.58	2.66	2.62	7570800
2021-08-19	2.62	2.6	2.72	2.66	16182900
2021-08-20	2.68	2.62	2.7	2.66	6840800
2021-08-23	2.66	2.62	2.68	2.64	13889500
2021-08-24	2.68	2.66	2.78	2.72	17514700
2021-08-25	2.72	2.66	2.74	2.7	8069000
2021-08-26	2.7	2.66	2.76	2.7	13524600
2021-08-27	2.68	2.68	2.76	2.74	19875800
2021-08-30	2.76	2.7	2.76	2.74	13763200
2021-08-31	2.72	2.72	2.78	2.76	17528300
2021-09-01	2.76	2.72	2.82	2.74	21424000
2021-09-02	2.74	2.66	2.76	2.66	16142000
2021-09-03	2.7	2.58	2.7	2.62	23860700
2021-09-06	2.64	2.62	2.68	2.66	8860300
2021-09-07	2.66	2.62	2.68	2.64	9778900
2021-09-08	2.64	2.6	2.66	2.62	7232900
2021-09-09	2.64	2.56	2.64	2.58	12764800
2021-09-10	2.58	2.54	2.62	2.58	13103100
2021-09-13	2.6	2.54	2.64	2.58	13263900
2021-09-14	2.6	2.56	2.62	2.6	10207400
2021-09-15	2.62	2.56	2.62	2.6	9966600
2021-09-16	2.6	2.56	2.6	2.56	7520800
2021-09-17	2.58	2.54	2.58	2.56	7803400
2021-09-20	2.56	2.5	2.56	2.52	8321600
2021-09-21	2.48	2.38	2.58	2.58	28126500
2021-09-22	2.58	2.58	2.7	2.66	42262200
2021-09-23	2.68	2.62	2.7	2.64	16652800
2021-09-27	2.66	2.54	2.68	2.56	19604300
2021-09-28	2.62	2.58	2.66	2.64	12659900
2021-09-29	2.66	2.62	2.7	2.66	12652900
2021-09-30	2.66	2.6	2.68	2.6	6723700
2021-10-01	2.58	2.52	2.6	2.56	9678300
2021-10-04	2.58	2.54	2.6	2.56	2588300
2021-10-05	2.58	2.54	2.64	2.62	5950200
2021-10-06	2.64	2.58	2.64	2.6	4811800
2021-10-07	2.64	2.6	2.66	2.62	7278300
2021-10-08	2.64	2.64	2.84	2.8	124831000
2021-10-11	2.78	2.74	2.86	2.74	36033100
2021-10-12	2.78	2.7	2.78	2.76	15488100
2021-10-14	2.84	2.76	2.86	2.78	29039600
2021-10-15	2.78	2.72	2.78	2.72	9208300
2021-10-18	2.72	2.6	2.74	2.64	32167000
2021-10-19	2.66	2.58	2.68	2.58	11857100
2021-10-20	2.6	2.56	2.64	2.64	8511300
2021-10-21	2.66	2.62	2.68	2.66	13074400
2021-10-25	2.66	2.64	2.68	2.66	4626200
2021-10-26	2.66	2.64	2.68	2.66	4277500
2021-10-27	2.66	2.6	2.68	2.68	14594300
2021-10-28	2.7	2.62	2.7	2.7	22485200
2021-10-29	2.72	2.68	2.88	2.88	88801400
2021-11-01	2.86	2.78	2.96	2.82	92405600
2021-11-02	2.86	2.8	2.9	2.8	39016300
2021-11-03	2.82	2.68	2.84	2.68	26171700
2021-11-04	2.7	2.68	2.78	2.76	10798000
2021-11-05	2.76	2.74	2.82	2.8	17051500
2021-11-08	2.82	2.8	2.88	2.86	28540600
2021-11-09	2.9	2.86	2.92	2.88	20390000
2021-11-10	2.88	2.86	3.08	3.0	95044200
2021-11-11	2.98	2.92	3.0	2.92	31125200
2021-11-12	2.94	2.82	3.02	2.9	49771700
2021-11-15	2.9	2.86	2.94	2.9	10528600
2021-11-16	2.92	2.88	3.0	2.88	31640600
2021-11-17	2.9	2.88	2.94	2.9	11269800
2021-11-18	2.88	2.86	2.92	2.9	15999800
2021-11-19	2.9	2.86	2.9	2.88	8629700
2021-11-22	2.88	2.88	3.06	3.0	76089900
2021-11-23	3.0	2.86	3.0	2.88	46531700
2021-11-24	2.9	2.88	2.92	2.9	7625600
2021-11-25	2.9	2.88	2.92	2.9	6701700
2021-11-26	2.88	2.78	2.9	2.78	22763500
2021-11-29	2.76	2.72	2.8	2.76	13326400
2021-11-30	2.78	2.78	2.92	2.84	43455000
2021-12-01	2.88	2.8	2.88	2.82	9342400
2021-12-02	2.82	2.78	3.04	3.02	87211200
2021-12-03	3.06	2.92	3.06	2.92	57912900
2021-12-07	2.96	2.9	2.98	2.92	27477700
2021-12-08	2.96	2.96	3.38	3.38	230016000
2021-12-09	3.32	3.14	3.42	3.28	113659300
2021-12-13	3.26	3.22	3.4	3.34	69920200
2021-12-14	3.3	3.3	3.48	3.48	127422800
2021-12-15	3.44	3.26	3.5	3.26	111048600
2021-12-16	3.28	3.14	3.3	3.14	49622300
2021-12-17	3.2	3.12	3.22	3.14	17226800
2021-12-20	3.14	3.04	3.24	3.1	44550600
2021-12-21	3.16	3.0	3.16	3.02	38432100
2021-12-22	3.06	3.04	3.14	3.06	22933100
2021-12-23	3.1	3.08	3.16	3.08	25413100
2021-12-24	3.1	3.04	3.1	3.04	15168700
2021-12-27	3.04	3.0	3.08	3.02	8077000
2021-12-28	3.04	2.78	3.12	2.88	58147000
2021-12-29	2.9	2.8	2.96	2.94	22664600
2021-12-30	2.96	2.96	3.02	2.96	10045700
2022-01-04	2.96	2.92	3.0	3.0	8472200
2022-01-05	2.96	2.96	3.0	2.98	8623400
2022-01-06	2.98	2.94	3.04	3.04	11910100
2022-01-07	3.06	2.96	3.06	3.0	16314200
2022-01-10	3.0	3.0	3.14	3.02	24080300
2022-01-11	3.06	2.98	3.06	3.0	16390500
2022-01-12	3.02	2.98	3.04	2.98	11660100
2022-01-13	3.0	2.92	3.02	2.96	17892800
2022-01-14	2.96	2.94	3.04	2.96	17087900
2022-01-17	2.96	2.92	2.98	2.92	8132300
2022-01-18	2.92	2.88	2.94	2.88	9375800
2022-01-19	2.88	2.86	2.94	2.92	6944300
2022-01-20	2.94	2.9	2.98	2.94	9462800
2022-01-21	2.94	2.88	2.94	2.92	3913100
2022-01-24	2.92	2.8	2.92	2.8	11246900
2022-01-25	2.8	2.68	2.8	2.76	23090300
2022-01-26	2.76	2.72	2.8	2.76	4214700
2022-01-27	2.76	2.68	2.76	2.72	9987600
2022-01-28	2.72	2.72	2.8	2.76	5716400
2022-01-31	2.78	2.76	2.92	2.9	12493000
2022-02-01	2.94	2.92	3.0	2.94	13158400
2022-02-02	2.96	2.96	3.06	3.02	23014000
2022-02-03	3.02	2.94	3.02	2.96	12615900
2022-02-04	2.96	2.92	3.0	2.92	6380200
2022-02-07	2.94	2.86	2.96	2.88	9371800
2022-02-08	2.88	2.88	3.0	2.96	15419400
2022-02-09	2.96	2.86	2.98	2.86	20859400
2022-02-10	2.88	2.82	2.9	2.84	9554000
2022-02-11	2.84	2.8	2.88	2.86	7259600
2022-02-14	2.84	2.82	2.98	2.94	26645600
2022-02-15	2.96	2.94	3.02	2.98	21043600
2022-02-17	3.0	3.0	3.24	3.12	90861900
2022-02-18	3.14	3.1	3.24	3.2	57965900
2022-02-21	3.18	3.12	3.22	3.12	25375000
2022-02-22	3.06	3.04	3.3	3.28	76236600
2022-02-23	3.2	3.12	3.34	3.3	52233300
2022-02-24	3.28	3.16	3.36	3.18	54212200
2022-02-25	3.26	3.24	3.44	3.44	92479000
2022-02-28	3.54	3.54	4.2	3.94	416790200
2022-03-01	4.08	3.58	4.2	3.82	243225600
2022-03-02	3.8	3.76	4.32	4.3	171858400
2022-03-03	4.24	4.1	4.38	4.1	114279300
2022-03-04	4.04	3.84	4.18	3.84	76161200
2022-03-07	3.82	3.58	3.92	3.8	20489400
2022-03-08	3.76	3.6	3.86	3.8	16454500
2022-03-09	3.8	3.72	4.0	3.96	12171400
2022-03-10	3.96	3.82	3.96	3.88	7035800
2022-03-11	3.84	3.84	4.1	4.0	13387700
2022-03-14	4.04	3.86	4.22	4.1	35628600
2022-03-15	4.14	3.96	4.14	4.0	11358400
2022-03-16	4.02	3.98	4.08	4.06	5641400
2022-03-17	4.06	3.92	4.14	4.0	15087200
2022-03-18	4.0	3.98	4.06	4.04	5671800
2022-03-21	4.04	3.94	4.22	4.08	39431500
2022-03-22	4.08	4.02	4.12	4.1	6755900
2022-03-23	4.1	4.02	4.14	4.1	5265100
2022-03-24	4.04	3.98	4.08	4.02	5515300
2022-03-25	4.04	3.96	4.04	3.98	4360700
2022-03-28	4.0	3.96	4.08	4.0	9177400
2022-03-29	4.0	4.0	4.08	4.04	4504600
2022-03-30	4.08	4.02	4.18	4.1	18973800
2022-03-31	4.1	4.1	4.3	4.24	42760000
2022-04-01	4.24	4.1	4.34	4.22	40946500
2022-04-04	4.22	4.2	4.96	4.72	98308300
2022-04-05	4.84	4.52	4.88	4.7	33853500
2022-04-07	4.62	4.54	4.78	4.68	13579800
2022-04-08	4.64	4.58	4.74	4.7	10806300
2022-04-11	4.72	3.8	5.0	3.82	122035700
2022-04-12	3.82	3.7	4.02	3.92	51103500
2022-04-18	3.98	3.84	3.98	3.86	16526200
2022-04-19	3.9	3.82	3.96	3.84	15946900
2022-04-20	3.86	3.86	4.04	3.92	20846900
2022-04-21	3.92	3.92	4.1	4.1	24798600
2022-04-22	4.04	4.0	4.06	4.06	10560400
2022-04-25	4.02	3.96	4.04	4.0	9623600
2022-04-26	4.02	3.9	4.04	3.92	19127500
2022-04-27	3.94	3.84	3.96	3.9	15399900
2022-04-28	3.9	3.88	3.98	3.88	13750900
2022-04-29	3.9	3.8	3.9	3.88	11412200
2022-05-03	3.82	3.64	3.88	3.7	17840200
2022-05-05	3.72	3.64	3.76	3.68	12167600
2022-05-06	3.64	3.62	3.72	3.68	7131100
2022-05-09	3.72	3.7	3.94	3.76	36950000
2022-05-10	3.76	3.72	3.92	3.86	21648900
2022-05-11	3.88	3.7	3.92	3.78	15633600
2022-05-12	3.74	3.68	3.76	3.68	8482100
2022-05-13	3.68	3.66	3.76	3.68	7353400
2022-05-17	3.7	3.64	3.82	3.76	19443900
2022-05-18	3.78	3.7	3.78	3.78	7087900
2022-05-19	3.66	3.66	3.74	3.7	7251500
2022-05-20	3.74	3.74	4.06	4.06	53478000
2022-05-23	4.08	3.82	4.08	3.88	55668400
2022-05-24	3.94	3.84	3.94	3.9	22697700
2022-05-25	3.92	3.9	4.02	3.94	36152400
2022-05-26	3.96	3.84	4.04	3.88	32845300
2022-05-27	3.92	3.84	3.94	3.84	12003100
2022-05-30	3.86	3.76	3.9	3.78	28322500
2022-05-31	3.78	3.78	3.84	3.84	11598900
2022-06-01	3.84	3.78	3.84	3.8	8776500
2022-06-02	3.8	3.78	3.86	3.84	9189300
2022-06-06	3.86	3.84	3.96	3.94	15100200
2022-06-07	3.94	3.84	4.0	3.86	25360700
2022-06-08	3.88	3.84	3.92	3.86	7558900
2022-06-09	3.86	3.82	3.92	3.82	11347400
2022-06-10	3.82	3.76	3.84	3.82	8810000
2022-06-13	3.76	3.5	3.78	3.54	34129800
2022-06-14	3.52	3.52	3.74	3.7	16454800
2022-06-15	3.74	3.66	3.76	3.72	5730800
2022-06-16	3.76	3.62	3.82	3.66	9366400
2022-06-17	3.62	3.58	3.68	3.64	8679200
2022-06-20	3.62	3.54	3.66	3.6	5108700
2022-06-21	3.64	3.62	3.82	3.76	13694700
2022-06-22	3.74	3.64	3.96	3.96	29223200
2022-06-23	4.04	3.84	4.06	3.84	42516900
2022-06-24	3.88	3.8	3.94	3.86	19108000
2022-06-27	3.9	3.84	3.94	3.9	16123200
2022-06-28	3.9	3.86	3.96	3.94	15193800
2022-06-29	3.92	3.8	3.92	3.8	12729400
2022-06-30	3.82	3.7	3.84	3.7	10013800
2022-07-01	3.68	3.62	3.7	3.66	8059900
2022-07-04	3.68	3.58	3.7	3.58	9590100
2022-07-05	3.6	3.4	3.62	3.4	11741400
2022-07-06	3.42	3.36	3.46	3.4	6338000
2022-07-07	3.42	3.38	3.5	3.48	7069000
2022-07-08	3.52	3.4	3.52	3.4	3264500
2022-07-11	3.42	3.34	3.46	3.38	5419300
2022-07-12	3.38	3.32	3.42	3.34	2422200
2022-07-14	3.34	3.24	3.34	3.26	4135900
2022-07-15	3.26	3.14	3.26	3.2	6497300
2022-07-18	3.22	3.2	3.3	3.26	5977800
2022-07-19	3.26	3.18	3.26	3.22	1554400
2022-07-20	3.26	3.2	3.26	3.22	1672400
2022-07-21	3.22	3.2	3.24	3.24	954400
2022-07-22	3.26	3.2	3.28	3.26	4331000
2022-07-25	3.26	3.24	3.42	3.4	8518000
2022-07-26	3.4	3.32	3.42	3.4	7087000
2022-07-27	3.42	3.38	3.48	3.44	8321600
2022-08-01	3.46	3.42	3.48	3.42	6532400
2022-08-02	3.44	3.4	3.46	3.44	3313800
2022-08-03	3.46	3.4	3.46	3.4	1874400
2022-08-04	3.44	3.44	3.48	3.46	3280400
2022-08-05	3.44	3.44	3.52	3.5	4113900
2022-08-08	3.52	3.44	3.52	3.5	3277100
2022-08-09	3.5	3.48	3.54	3.52	3253300
2022-08-10	3.52	3.44	3.52	3.5	4943600
2022-08-11	3.5	3.44	3.54	3.46	6188600
2022-08-15	3.46	3.46	3.58	3.58	6995900
2022-08-16	3.56	3.52	3.58	3.54	2729200
2022-08-17	3.58	3.56	3.62	3.6	4420400
2022-08-18	3.6	3.58	3.64	3.6	4060500
2022-08-19	3.64	3.52	3.64	3.56	4126000
2022-08-22	3.56	3.5	3.56	3.54	4578400
2022-08-23	3.52	3.5	3.56	3.54	3140700
2022-08-24	3.56	3.48	3.58	3.5	4567700
2022-08-25	3.5	3.5	3.56	3.5	1769500
2022-08-26	3.52	3.5	3.54	3.5	1165700
2022-08-29	3.46	3.38	3.48	3.44	5330900
2022-08-30	3.46	3.4	3.48	3.42	4552600
2022-08-31	3.42	3.3	3.42	3.3	5993000
2022-09-01	3.34	3.28	3.34	3.3	3823000
2022-09-02	3.3	3.28	3.34	3.28	1404400
2022-09-05	3.3	3.28	3.36	3.34	2863300
2022-09-06	3.34	3.28	3.34	3.34	4045700
2022-09-07	3.34	3.3	3.34	3.32	2344700
2022-09-08	3.32	3.28	3.36	3.3	4794100
2022-09-09	3.3	3.28	3.32	3.3	2209900
2022-09-12	3.3	3.3	3.44	3.4	3973700
2022-09-13	3.42	3.42	3.5	3.5	7334100
2022-09-14	3.44	3.4	3.46	3.44	4534100
2022-09-15	3.44	3.34	3.44	3.36	3352000
2022-09-16	3.36	3.34	3.4	3.36	1216900
2022-09-19	3.38	3.3	3.38	3.3	2956300
2022-09-20	3.3	3.3	3.36	3.34	2246200
2022-09-21	3.34	3.32	3.44	3.4	5084200
2022-09-22	3.38	3.38	3.56	3.54	13652200
2022-09-23	3.56	3.46	3.6	3.48	8025900
2022-09-26	3.48	3.38	3.48	3.38	4803400
2022-09-27	3.4	3.28	3.4	3.3	7903500
2022-09-28	3.28	3.22	3.3	3.26	3498100
2022-09-29	3.28	3.18	3.3	3.2	5360300
2022-09-30	3.2	3.18	3.24	3.2	5366200
2022-10-03	3.2	3.14	3.28	3.16	6625100
2022-10-04	3.18	3.12	3.18	3.12	4614100
2022-10-05	3.16	3.04	3.18	3.04	7508200
2022-10-06	3.04	3.04	3.14	3.08	4217400
2022-10-07	3.14	3.08	3.14	3.12	1640400
2022-10-10	3.06	3.04	3.1	3.04	2597800
2022-10-11	3.04	2.94	3.06	2.94	5583700
2022-10-12	2.92	2.92	2.98	2.96	2693300
2022-10-17	3.0	2.96	3.06	3.04	3690300
2022-10-18	3.06	3.06	3.18	3.18	6757200
2022-10-19	3.18	3.08	3.18	3.08	1993800
2022-10-20	3.1	3.1	3.24	3.24	4982000
2022-10-21	3.24	3.22	3.34	3.22	8339800
2022-10-25	3.26	3.18	3.3	3.26	4373100
2022-10-26	3.28	3.24	3.34	3.3	3320400
2022-10-27	3.3	3.3	3.44	3.38	8763600
2022-10-28	3.38	3.26	3.42	3.28	3098700
2022-10-31	3.3	3.22	3.3	3.24	3888600
2022-11-01	3.26	3.16	3.3	3.26	9072000
2022-11-02	3.28	3.22	3.3	3.26	1940400
2022-11-03	3.28	3.26	3.34	3.3	2959800
2022-11-04	3.28	3.24	3.32	3.28	3744300
2022-11-07	3.28	3.28	3.38	3.36	6093800
2022-11-08	3.38	3.34	3.38	3.36	3436300
2022-11-09	3.36	3.26	3.36	3.28	3112300
2022-11-10	3.28	3.22	3.28	3.24	1424500
2022-11-11	3.26	3.26	3.32	3.28	3715900
2022-11-14	3.28	3.14	3.28	3.14	6867300
2022-11-15	3.14	3.14	3.2	3.2	1721700
2022-11-16	3.2	3.14	3.2	3.14	1182000
2022-11-17	3.14	3.1	3.2	3.16	1542100
2022-11-18	3.18	3.18	3.24	3.18	3377200
2022-11-21	3.16	3.1	3.18	3.18	4395600
2022-11-22	3.18	3.18	3.38	3.34	13702500
2022-11-23	3.36	3.36	3.58	3.58	23763400
2022-11-24	3.58	3.54	3.84	3.84	44209400
2022-11-25	3.74	3.6	3.78	3.66	24171800
2022-11-28	3.66	3.54	3.72	3.6	12980400
2022-11-29	3.6	3.54	3.76	3.74	15341000
2022-11-30	3.72	3.7	3.8	3.72	15932200
2022-12-01	3.7	3.64	3.78	3.74	6308400
2022-12-02	3.72	3.68	3.86	3.72	30080900
2022-12-06	3.74	3.68	3.82	3.8	11096000
2022-12-07	3.78	3.74	3.86	3.82	17097700
2022-12-08	3.82	3.74	3.86	3.86	11347200
2022-12-09	3.86	3.84	3.94	3.88	22501500
2022-12-13	3.9	3.9	3.98	3.96	16334500
2022-12-14	3.96	3.96	4.06	4.02	19397000
2022-12-15	4.0	3.92	4.0	3.98	11570700
2022-12-16	3.94	3.94	4.04	4.02	8104700
2022-12-19	4.04	4.0	4.14	4.08	28104000
2022-12-20	4.06	3.92	4.12	4.02	18605700
2022-12-21	4.02	3.88	4.02	3.92	13143100
2022-12-22	3.94	3.9	3.96	3.9	3290100
2022-12-23	3.92	3.8	3.92	3.82	5962300
2022-12-26	3.86	3.86	3.98	3.92	5009000
2022-12-27	3.9	3.9	4.0	4.0	3639200
2022-12-28	3.96	3.94	3.98	3.96	2218200
2022-12-29	3.94	3.92	3.96	3.94	1897900
2022-12-30	3.94	3.9	4.0	3.92	5030700
