Date	Price Open	Price Low	Price High	Price Close	Volume
2017-02-15	7.05	5.6	7.55	5.75	320476300
2017-02-16	5.85	5.8	6.3	6.0	50262800
2017-02-17	6.0	5.9	6.25	5.9	43041200
2017-02-20	5.95	5.65	5.95	5.65	15053200
2017-02-21	5.6	4.4	5.6	4.64	122918300
2017-02-22	4.74	4.4	4.82	4.4	65148100
2017-02-23	4.46	4.26	4.48	4.28	22572000
2017-02-24	4.3	4.22	4.4	4.22	11804000
2017-02-27	4.18	3.88	4.2	4.0	5850600
2017-02-28	4.0	3.94	4.16	4.12	5233600
2017-03-01	4.14	4.14	4.36	4.3	6878000
2017-03-02	4.3	4.26	4.38	4.3	7560500
2017-03-03	4.3	4.3	4.42	4.36	11333500
2017-03-06	4.36	4.24	4.38	4.36	3872000
2017-03-07	4.34	4.32	4.46	4.38	10636200
2017-03-08	4.38	3.9	4.38	4.2	9583900
2017-03-09	4.2	4.12	4.24	4.18	2862600
2017-03-10	4.16	3.92	4.16	3.92	4169000
2017-03-13	3.9	3.7	3.92	3.86	10094600
2017-03-14	3.8	3.8	4.08	4.08	3762400
2017-03-15	4.02	3.96	4.04	3.98	980300
2017-03-16	3.98	3.98	4.06	4.04	1308700
2017-03-17	4.04	4.0	4.06	4.02	921000
2017-03-20	4.0	3.78	4.0	3.8	10345800
2017-03-21	3.8	3.76	3.82	3.8	2340600
2017-03-22	3.8	3.72	3.82	3.74	3109200
2017-03-23	3.72	3.52	3.72	3.56	6446700
2017-03-24	3.52	3.52	3.68	3.64	2665600
2017-03-27	3.64	3.56	3.66	3.56	2220400
2017-03-28	3.58	3.36	3.58	3.42	5206900
2017-03-29	3.4	3.36	3.44	3.42	5405800
2017-03-30	3.52	3.52	3.84	3.84	31689300
2017-03-31	3.86	3.8	4.1	4.1	25846200
2017-04-03	4.12	3.84	4.14	3.92	19142700
2017-04-04	3.9	3.9	4.04	4.0	8881000
2017-04-05	4.0	3.86	4.0	3.9	5192900
2017-04-07	3.9	3.86	3.96	3.96	5331800
2017-04-10	3.98	3.94	4.06	3.96	9862100
2017-04-11	3.98	3.84	3.98	3.86	5212800
2017-04-12	3.88	3.84	3.94	3.84	5694500
2017-04-17	3.88	3.82	3.94	3.88	11984000
2017-04-18	3.92	3.92	4.06	4.0	30857500
2017-04-19	4.04	4.04	4.34	4.28	98547200
2017-04-20	4.24	4.08	4.3	4.08	27702000
2017-04-21	4.14	3.92	4.14	3.96	12935900
2017-04-24	4.0	3.86	4.0	3.88	3690400
2017-04-25	3.84	3.58	3.88	3.72	5817200
2017-04-26	3.7	3.7	3.84	3.82	2954700
2017-04-27	3.8	3.76	3.86	3.82	1388600
2017-04-28	3.84	3.74	3.84	3.78	784800
2017-05-02	3.76	3.74	3.8	3.78	1420400
2017-05-03	3.8	3.8	3.86	3.82	1904400
2017-05-04	3.82	3.8	3.84	3.82	1230500
2017-05-05	3.82	3.76	3.82	3.8	1622700
2017-05-08	3.8	3.78	3.82	3.78	540000
2017-05-09	3.78	3.72	3.78	3.72	1591100
2017-05-11	3.72	3.58	3.72	3.6	3908400
2017-05-12	3.6	3.5	3.62	3.54	1729500
2017-05-15	3.58	3.52	3.62	3.54	1675300
2017-05-16	3.56	3.54	3.62	3.62	1576400
2017-05-17	3.66	3.62	3.72	3.68	2466100
2017-05-18	3.68	3.64	3.72	3.7	2626000
2017-05-19	3.7	3.7	3.98	3.96	11043800
2017-05-22	3.98	3.86	3.98	3.9	3242300
2017-05-23	3.92	3.9	4.12	4.1	20189300
2017-05-24	4.1	4.02	4.1	4.08	5994300
2017-05-25	4.08	4.04	4.16	4.08	8603200
2017-05-26	4.08	3.9	4.08	3.9	7124800
2017-05-29	3.84	3.82	3.94	3.88	4688300
2017-05-30	3.88	3.86	3.98	3.96	3517300
2017-05-31	3.96	3.84	4.02	3.92	4715300
2017-06-01	3.92	3.9	4.0	4.0	2107100
2017-06-02	4.02	3.96	4.06	4.06	8216300
2017-06-05	4.16	4.06	4.18	4.1	16893700
2017-06-06	4.1	4.08	4.24	4.18	21844300
2017-06-07	4.2	4.1	4.3	4.1	21963700
2017-06-08	4.14	4.02	4.16	4.02	13169500
2017-06-09	4.02	4.0	4.1	4.02	5239400
2017-06-12	4.04	3.9	4.04	3.92	7316100
2017-06-13	3.92	3.9	3.98	3.92	3968200
2017-06-14	3.94	3.92	4.1	4.08	15048100
2017-06-15	4.08	4.06	4.16	4.06	11036100
2017-06-16	4.08	4.08	4.18	4.1	10112400
2017-06-19	4.12	4.1	4.42	4.34	83655500
2017-06-20	4.4	4.36	4.56	4.36	57850900
2017-06-21	4.4	4.22	4.42	4.24	26902000
2017-06-22	4.26	4.16	4.3	4.2	15651600
2017-06-23	4.2	4.08	4.26	4.16	14378400
2017-06-26	4.12	3.96	4.12	4.0	12598600
2017-06-27	4.0	3.98	4.06	4.02	4135200
2017-06-28	4.04	3.98	4.04	4.0	2084600
2017-06-29	4.0	3.94	4.02	3.94	2893200
2017-06-30	3.92	3.76	3.94	3.86	8487700
2017-07-03	3.86	3.8	3.9	3.9	1442600
2017-07-04	3.92	3.86	3.92	3.88	1194700
2017-07-05	3.88	3.86	3.9	3.86	671700
2017-07-06	3.84	3.82	3.86	3.84	518300
2017-07-07	3.84	3.82	3.86	3.86	449600
2017-07-11	3.88	3.88	3.94	3.94	3793200
2017-07-12	3.94	3.92	4.04	4.02	3112500
2017-07-13	4.02	3.94	4.02	3.96	1913400
2017-07-14	3.98	3.92	3.98	3.94	1278200
2017-07-17	3.96	3.92	3.98	3.94	643600
2017-07-18	3.94	3.88	3.94	3.88	932600
2017-07-19	3.88	3.88	3.94	3.94	546700
2017-07-20	3.94	3.9	3.98	3.96	1760300
2017-07-21	3.94	3.92	3.96	3.92	1329500
2017-07-24	3.92	3.88	3.94	3.9	926200
2017-07-25	3.92	3.9	3.92	3.92	402600
2017-07-26	3.92	3.92	4.04	4.04	3608600
2017-07-27	4.06	4.0	4.06	4.04	1896700
2017-07-31	4.04	3.98	4.06	4.04	2085300
2017-08-01	4.04	4.02	4.12	4.12	3938400
2017-08-02	4.14	4.1	4.16	4.14	3287700
2017-08-03	4.14	4.1	4.18	4.16	2468100
2017-08-04	4.16	4.14	4.18	4.18	2931300
2017-08-07	4.18	4.0	4.18	4.02	9370200
2017-08-08	4.02	3.92	4.06	4.0	7436000
2017-08-09	3.98	3.94	4.08	3.94	3573700
2017-08-10	3.96	3.94	4.06	4.02	4492900
2017-08-11	4.0	3.9	4.0	3.9	2791400
2017-08-15	3.78	3.48	3.84	3.48	18275500
2017-08-16	3.54	3.48	3.56	3.5	3712300
2017-08-17	3.52	3.52	3.68	3.62	4585200
2017-08-18	3.68	3.64	3.7	3.64	4006200
2017-08-21	3.68	3.48	3.7	3.48	8114500
2017-08-22	3.5	3.46	3.52	3.46	3703400
2017-08-23	3.46	3.06	3.48	3.12	31622700
2017-08-24	3.18	3.14	3.24	3.16	9111200
2017-08-25	3.18	3.14	3.24	3.16	5183300
2017-08-28	3.16	3.14	3.22	3.18	4321000
2017-08-29	3.2	3.18	3.22	3.2	4097400
2017-08-30	3.22	3.16	3.24	3.18	2663200
2017-08-31	3.16	3.14	3.2	3.14	3252200
2017-09-01	3.18	3.16	3.2	3.16	1826100
2017-09-04	3.16	3.14	3.34	3.26	11568300
2017-09-05	3.28	3.26	3.32	3.28	5969200
2017-09-06	3.3	3.28	3.44	3.42	14701200
2017-09-07	3.5	3.44	3.54	3.46	16792500
2017-09-08	3.44	3.3	3.48	3.34	8073600
2017-09-11	3.34	3.26	3.34	3.28	2931400
2017-09-12	3.3	3.22	3.3	3.22	3252100
2017-09-13	3.24	3.2	3.28	3.24	6749000
2017-09-14	3.26	3.24	3.32	3.26	5167700
2017-09-15	3.28	3.22	3.28	3.24	1607100
2017-09-18	3.22	3.22	3.3	3.22	2081900
2017-09-19	3.24	3.18	3.24	3.18	2666000
2017-09-20	3.18	3.16	3.26	3.22	4291200
2017-09-21	3.24	3.22	3.26	3.22	1245700
2017-09-22	3.26	3.24	3.3	3.24	5407200
2017-09-25	3.24	3.18	3.28	3.2	3180300
2017-09-26	3.22	3.18	3.22	3.18	1372400
2017-09-27	3.2	3.18	3.26	3.18	3297500
2017-09-28	3.18	3.18	3.22	3.18	754200
2017-09-29	3.22	3.16	3.22	3.2	1105700
2017-10-02	3.2	3.16	3.2	3.18	733300
2017-10-03	3.18	3.16	3.2	3.16	820700
2017-10-04	3.16	3.14	3.18	3.16	755700
2017-10-05	3.14	3.12	3.16	3.12	1748100
2017-10-06	3.14	3.12	3.16	3.12	862500
2017-10-09	3.14	3.1	3.16	3.1	1357900
2017-10-10	3.1	3.04	3.12	3.04	2104000
2017-10-11	3.06	2.92	3.08	2.94	5548000
2017-10-12	3.0	2.98	3.06	3.0	2543200
2017-10-16	3.0	3.0	3.1	3.02	1062400
2017-10-17	3.02	3.0	3.04	3.0	609300
2017-10-18	3.02	2.98	3.02	2.98	416000
2017-10-19	2.98	2.94	3.0	2.94	1411300
2017-10-20	2.94	2.92	2.96	2.92	691800
2017-10-24	2.92	2.9	2.94	2.9	505500
2017-10-25	2.92	2.88	2.92	2.9	826100
2017-10-27	2.9	2.88	2.92	2.88	806700
2017-10-30	2.88	2.78	2.88	2.82	1669700
2017-10-31	2.86	2.84	3.02	2.94	4438600
2017-11-01	3.0	2.94	3.02	2.94	1965700
2017-11-02	2.96	2.9	2.96	2.9	764400
2017-11-03	2.86	2.8	2.9	2.82	1604800
2017-11-06	2.84	2.82	2.86	2.82	411000
2017-11-07	2.84	2.82	2.88	2.82	1203500
2017-11-08	2.84	2.78	2.84	2.78	996900
2017-11-09	2.78	2.68	2.78	2.68	3548600
2017-11-10	2.7	2.54	2.78	2.78	2650500
2017-11-13	2.8	2.74	2.82	2.74	2175500
2017-11-14	2.74	2.7	2.76	2.7	938200
2017-11-15	2.72	2.62	2.72	2.64	834700
2017-11-16	2.64	2.6	2.66	2.6	808400
2017-11-17	2.6	2.6	2.64	2.64	2597300
2017-11-20	2.74	2.72	2.8	2.74	4731400
2017-11-21	2.76	2.74	2.98	2.98	8981200
2017-11-22	2.96	2.88	2.98	2.92	4891700
2017-11-23	2.96	2.9	3.02	2.9	6282200
2017-11-24	2.88	2.76	2.9	2.76	2491800
2017-11-27	2.78	2.78	2.86	2.82	513300
2017-11-28	2.88	2.82	2.9	2.82	833500
2017-11-29	2.82	2.74	2.82	2.8	1066700
2017-11-30	2.84	2.8	3.02	2.98	11516000
2017-12-01	3.0	2.82	3.06	2.82	13619500
2017-12-04	2.88	2.74	2.88	2.8	2092200
2017-12-06	2.8	2.72	2.8	2.72	595800
2017-12-07	2.74	2.7	2.8	2.8	894700
2017-12-08	2.8	2.64	2.8	2.66	2311700
2017-12-12	2.64	2.58	2.68	2.6	892700
2017-12-13	2.62	2.62	2.7	2.66	1766000
2017-12-14	2.66	2.66	2.72	2.7	826200
2017-12-15	2.72	2.68	2.76	2.7	890600
2017-12-18	2.72	2.66	2.72	2.66	217000
2017-12-19	2.66	2.64	2.7	2.66	635500
2017-12-20	2.66	2.66	2.78	2.68	1772500
2017-12-21	2.7	2.64	2.7	2.64	510700
2017-12-22	2.66	2.64	2.68	2.64	290400
2017-12-25	2.68	2.66	2.7	2.66	307100
2017-12-26	2.66	2.64	2.68	2.64	550700
2017-12-27	2.66	2.64	2.68	2.66	272800
2017-12-28	2.64	2.6	2.66	2.6	675000
2017-12-29	2.62	2.62	2.66	2.62	212300
2018-01-03	2.64	2.62	2.78	2.7	2113000
2018-01-04	2.7	2.68	2.74	2.74	1566100
2018-01-05	2.78	2.76	2.88	2.78	12285200
2018-01-08	2.82	2.74	2.82	2.8	1184500
2018-01-09	2.8	2.74	2.82	2.8	1124900
2018-01-10	2.8	2.74	2.8	2.8	1519400
2018-01-11	2.8	2.68	2.82	2.68	3423700
2018-01-12	2.7	2.64	2.7	2.66	1711100
2018-01-15	2.64	2.62	2.66	2.64	1044800
2018-01-16	2.64	2.6	2.66	2.62	1282300
2018-01-17	2.62	2.6	2.66	2.62	483700
2018-01-18	2.64	2.62	2.7	2.64	1846400
2018-01-19	2.68	2.64	2.7	2.66	784200
2018-01-22	2.7	2.68	2.74	2.7	1720800
2018-01-23	2.74	2.74	2.98	2.98	31551300
2018-01-24	2.94	2.8	2.94	2.84	14190000
2018-01-25	2.86	2.74	2.88	2.74	6247400
2018-01-26	2.76	2.7	2.78	2.7	2958100
2018-01-29	2.72	2.72	2.84	2.84	3213400
2018-01-30	2.86	2.82	2.9	2.84	5275600
2018-01-31	2.82	2.82	2.98	2.96	9800800
2018-02-01	2.96	2.82	3.04	2.82	17337300
2018-02-02	2.82	2.82	2.9	2.84	2480200
2018-02-05	2.76	2.74	2.84	2.78	1564300
2018-02-06	2.72	2.72	2.8	2.76	2976100
2018-02-07	2.78	2.74	2.84	2.74	2039300
2018-02-08	2.74	2.72	2.78	2.74	1147200
2018-02-09	2.76	2.72	2.8	2.72	2506800
2018-02-12	2.74	2.72	2.76	2.72	1290500
2018-02-13	2.76	2.72	2.76	2.72	1008400
2018-02-14	2.74	2.66	2.88	2.86	13676900
2018-02-15	2.86	2.76	2.86	2.76	3417500
2018-02-16	2.78	2.78	2.84	2.78	2031800
2018-02-19	2.8	2.66	2.8	2.72	2481600
2018-02-20	2.72	2.7	2.74	2.72	948500
2018-02-21	2.74	2.68	2.74	2.68	1125500
2018-02-22	2.68	2.66	2.72	2.66	1305000
2018-02-23	2.7	2.68	2.88	2.8	9014400
2018-02-26	2.84	2.7	2.92	2.7	11253200
2018-02-27	2.72	2.68	2.78	2.7	5671100
2018-02-28	2.72	2.68	2.72	2.68	821300
2018-03-02	2.7	2.62	2.7	2.64	2467200
2018-03-05	2.7	2.64	2.72	2.66	2031500
2018-03-06	2.7	2.64	2.7	2.64	1075900
2018-03-07	2.66	2.48	2.66	2.48	6610100
2018-03-08	2.52	2.42	2.54	2.42	1219500
2018-03-09	2.42	2.36	2.44	2.4	1160300
2018-03-12	2.4	2.36	2.46	2.36	642500
2018-03-13	2.36	2.26	2.36	2.3	1875900
2018-03-14	2.32	2.3	2.4	2.38	752600
2018-03-15	2.42	2.36	2.44	2.38	831900
2018-03-16	2.38	2.34	2.38	2.36	457700
2018-03-19	2.38	2.36	2.4	2.36	540400
2018-03-20	2.38	2.38	2.44	2.4	828900
2018-03-21	2.46	2.4	2.56	2.48	5341400
2018-03-22	2.5	2.38	2.5	2.38	2380400
2018-03-23	2.38	2.32	2.42	2.34	1083100
2018-03-26	2.34	2.26	2.34	2.3	1131900
2018-03-27	2.32	2.32	2.4	2.36	770200
2018-03-28	2.36	2.36	2.48	2.36	3302500
2018-03-29	2.38	2.28	2.38	2.28	1487300
2018-03-30	2.32	2.26	2.36	2.32	1213200
2018-04-02	2.32	2.2	2.34	2.22	1707800
2018-04-03	2.24	2.2	2.24	2.2	452800
2018-04-04	2.22	2.08	2.22	2.08	1105300
2018-04-05	2.1	2.04	2.1	2.06	614400
2018-04-09	2.1	2.06	2.1	2.06	254600
2018-04-10	2.06	2.06	2.08	2.06	311800
2018-04-11	2.06	2.06	2.14	2.12	284800
2018-04-12	2.12	2.04	2.12	2.06	525400
2018-04-17	2.06	2.02	2.08	2.02	1605400
2018-04-18	2.04	2.02	2.06	2.04	415200
2018-04-19	2.06	2.02	2.12	2.06	697400
2018-04-20	2.08	2.02	2.1	2.02	1138800
2018-04-23	2.04	2.04	2.16	2.14	2884600
2018-04-24	2.14	2.12	2.18	2.16	1116300
2018-04-25	2.16	2.14	2.26	2.26	1820400
2018-04-26	2.28	2.16	2.28	2.18	839000
2018-04-27	2.2	2.18	2.22	2.2	647900
2018-04-30	2.2	2.16	2.2	2.16	232500
2018-05-02	2.18	2.16	2.22	2.16	408100
2018-05-03	2.2	2.2	2.3	2.28	1816600
2018-05-04	2.3	2.3	2.4	2.36	4438700
2018-05-07	2.38	2.34	2.52	2.46	3843500
2018-05-08	2.44	2.42	2.48	2.46	1711700
2018-05-09	2.48	2.46	2.52	2.5	1526800
2018-05-10	2.52	2.4	2.52	2.44	744600
2018-05-11	2.42	2.42	2.6	2.58	3206300
2018-05-14	2.6	2.52	2.62	2.52	1081200
2018-05-15	2.54	2.4	2.54	2.4	1671900
2018-05-16	2.4	2.4	2.5	2.46	1546500
2018-05-17	2.46	2.44	2.5	2.44	439100
2018-05-18	2.44	2.42	2.44	2.44	172900
2018-05-21	2.44	2.4	2.48	2.4	589700
2018-05-22	2.4	2.38	2.42	2.38	93300
2018-05-23	2.38	2.34	2.38	2.34	539000
2018-05-24	2.34	2.26	2.34	2.28	511100
2018-05-25	2.3	2.3	2.36	2.34	373700
2018-05-28	2.38	2.32	2.38	2.32	437200
2018-05-30	2.32	2.28	2.32	2.3	239600
2018-05-31	2.3	2.26	2.3	2.28	313700
2018-06-01	2.28	2.2	2.28	2.2	395400
2018-06-04	2.22	2.18	2.22	2.22	260200
2018-06-05	2.24	2.18	2.24	2.18	109200
2018-06-06	2.18	2.18	2.22	2.22	97000
2018-06-07	2.24	2.18	2.24	2.18	89500
2018-06-08	2.2	2.2	2.26	2.26	258600
2018-06-11	2.24	2.24	2.32	2.3	315000
2018-06-12	2.3	2.3	2.4	2.38	1144700
2018-06-13	2.42	2.38	2.46	2.4	1432600
2018-06-14	2.42	2.36	2.6	2.58	8875600
2018-06-15	2.56	2.5	2.56	2.52	1771100
2018-06-18	2.54	2.34	2.62	2.34	7868200
2018-06-19	2.34	2.18	2.34	2.22	2811300
2018-06-20	2.24	2.24	2.26	2.24	380100
2018-06-21	2.22	2.16	2.3	2.2	3589000
2018-06-22	2.2	2.18	2.22	2.22	299600
2018-06-25	2.26	2.16	2.26	2.16	703800
2018-06-26	2.14	2.08	2.14	2.14	625500
2018-06-27	2.18	2.08	2.18	2.12	555400
2018-06-28	2.12	2.04	2.12	2.06	461600
2018-06-29	2.06	2.0	2.06	2.0	735400
2018-07-02	2.02	2.02	2.06	2.04	416100
2018-07-03	2.06	2.06	2.1	2.1	199800
2018-07-04	2.1	2.02	2.1	2.04	626700
2018-07-05	2.06	1.96	2.06	1.96	1006500
2018-07-06	1.97	1.95	1.99	1.98	302400
2018-07-09	1.98	1.97	2.02	1.97	452600
2018-07-10	2.0	1.99	2.14	2.14	1854800
2018-07-11	2.1	2.08	2.12	2.1	522900
2018-07-12	2.1	2.1	2.16	2.1	538100
2018-07-13	2.14	2.08	2.14	2.08	334400
2018-07-16	2.08	2.02	2.1	2.02	432300
2018-07-17	2.02	2.02	2.04	2.02	415000
2018-07-18	2.02	2.0	2.02	2.0	882900
2018-07-19	2.0	2.0	2.06	2.04	606300
2018-07-20	2.06	2.04	2.06	2.04	704100
2018-07-23	2.06	2.04	2.12	2.12	822400
2018-07-24	2.12	2.08	2.2	2.08	4187500
2018-07-25	2.1	2.08	2.12	2.08	543600
2018-07-26	2.1	2.06	2.12	2.06	442900
2018-07-31	2.08	2.06	2.1	2.06	480200
2018-08-01	2.08	2.08	2.14	2.1	1302000
2018-08-02	2.1	2.1	2.16	2.12	878700
2018-08-03	2.14	2.1	2.16	2.12	806900
2018-08-06	2.16	2.12	2.18	2.12	1801100
2018-08-07	2.12	2.1	2.16	2.1	789600
2018-08-08	2.12	2.12	2.16	2.16	722700
2018-08-09	2.2	2.12	2.6	2.12	17322800
2018-08-10	2.12	2.06	2.12	2.08	1612700
2018-08-14	2.08	1.99	2.08	2.04	790900
2018-08-15	2.08	2.02	2.08	2.02	740700
2018-08-16	2.02	2.0	2.04	2.02	224000
2018-08-17	2.06	2.02	2.08	2.02	155200
2018-08-20	2.04	2.04	2.06	2.04	299400
2018-08-21	2.04	2.02	2.06	2.02	183900
2018-08-22	2.06	2.02	2.06	2.02	167200
2018-08-23	2.04	2.02	2.04	2.02	249700
2018-08-24	2.04	2.02	2.04	2.02	68300
2018-08-27	2.02	1.99	2.04	2.0	357700
2018-08-28	2.0	2.0	2.06	2.0	1195300
2018-08-29	2.02	2.0	2.04	2.02	682800
2018-08-30	2.06	2.04	2.08	2.04	851600
2018-08-31	2.04	2.04	2.08	2.04	308800
2018-09-03	2.04	2.0	2.06	2.0	720100
2018-09-04	2.02	2.02	2.06	2.02	643800
2018-09-05	2.02	1.98	2.04	1.99	1563700
2018-09-06	2.0	1.98	2.0	1.99	639700
2018-09-07	2.0	1.99	2.02	1.99	220200
2018-09-10	2.0	1.98	2.0	1.99	210500
2018-09-11	2.0	1.98	2.0	1.98	235100
2018-09-12	1.99	1.97	2.0	1.97	374500
2018-09-13	1.99	1.96	2.0	1.96	1754900
2018-09-14	1.97	1.97	2.02	1.99	3662900
2018-09-17	1.99	1.95	2.0	1.95	2480700
2018-09-18	1.95	1.92	1.96	1.93	2483100
2018-09-19	1.95	1.91	1.96	1.92	2244500
2018-09-20	1.93	1.9	1.94	1.9	1865900
2018-09-21	1.91	1.91	1.98	1.92	4799900
2018-09-24	1.93	1.88	1.94	1.9	3499100
2018-09-25	1.92	1.87	1.92	1.87	1658800
2018-09-26	1.88	1.85	1.9	1.85	2178600
2018-09-27	1.87	1.84	1.89	1.85	1460900
2018-09-28	1.86	1.86	1.96	1.94	11841200
2018-10-01	1.96	1.93	1.97	1.93	3108800
2018-10-02	1.95	1.9	1.95	1.91	1529500
2018-10-03	1.92	1.9	1.92	1.9	527500
2018-10-04	1.91	1.86	1.91	1.86	1291500
2018-10-05	1.86	1.86	1.88	1.86	730200
2018-10-08	1.88	1.85	1.89	1.85	563300
2018-10-09	1.85	1.84	1.87	1.85	529200
2018-10-10	1.86	1.85	1.94	1.88	4873300
2018-10-11	1.83	1.81	1.84	1.83	1431000
2018-10-12	1.84	1.83	1.85	1.84	202900
2018-10-16	1.85	1.83	1.86	1.83	274200
2018-10-17	1.85	1.83	1.85	1.83	390800
2018-10-18	1.83	1.81	1.85	1.82	368700
2018-10-19	1.82	1.8	1.82	1.8	206800
2018-10-22	1.8	1.73	1.8	1.73	668500
2018-10-24	1.72	1.65	1.72	1.66	982300
2018-10-25	1.65	1.61	1.67	1.66	751900
2018-10-26	1.66	1.62	1.66	1.63	403400
2018-10-29	1.63	1.61	1.64	1.61	379200
2018-10-30	1.61	1.61	1.64	1.62	594100
2018-10-31	1.63	1.61	1.65	1.62	497500
2018-11-01	1.63	1.6	1.64	1.61	694300
2018-11-02	1.61	1.59	1.64	1.64	708500
2018-11-05	1.63	1.62	1.64	1.63	109000
2018-11-06	1.63	1.61	1.63	1.62	354000
2018-11-07	1.62	1.6	1.63	1.6	241700
2018-11-08	1.61	1.6	1.62	1.61	204300
2018-11-09	1.62	1.6	1.62	1.61	112100
2018-11-12	1.6	1.59	1.61	1.59	284300
2018-11-13	1.59	1.56	1.59	1.56	531100
2018-11-14	1.57	1.32	1.59	1.33	2782500
2018-11-15	1.32	1.12	1.33	1.16	3737400
2018-11-16	1.18	1.14	1.19	1.16	580600
2018-11-19	1.18	1.13	1.18	1.13	696000
2018-11-20	1.11	1.06	1.11	1.06	1158800
2018-11-21	1.05	1.02	1.09	1.08	752100
2018-11-22	1.08	1.06	1.11	1.06	605400
2018-11-23	1.07	1.06	1.08	1.08	228300
2018-11-26	1.08	1.08	1.11	1.1	401100
2018-11-27	1.09	1.09	1.18	1.14	949700
2018-11-28	1.15	1.14	1.16	1.14	442500
2018-11-29	1.14	1.14	1.16	1.14	255800
2018-11-30	1.15	1.12	1.15	1.14	313300
2018-12-03	1.13	1.11	1.15	1.12	104800
2018-12-04	1.1	1.1	1.12	1.11	178100
2018-12-06	1.12	1.1	1.12	1.11	14900
2018-12-07	1.11	1.1	1.11	1.11	28200
2018-12-11	1.09	1.07	1.1	1.08	394000
2018-12-12	1.08	1.08	1.09	1.08	58800
2018-12-13	1.09	1.07	1.1	1.07	208400
2018-12-14	1.07	1.06	1.09	1.06	201300
2018-12-17	1.06	1.03	1.07	1.05	293800
2018-12-18	1.03	1.02	1.07	1.03	55700
2018-12-19	1.02	1.02	1.03	1.02	198200
2018-12-20	1.04	1.01	1.04	1.01	290300
2018-12-21	1.01	0.97	1.01	0.99	549800
2018-12-24	0.97	0.97	0.99	0.97	281100
2018-12-25	0.97	0.9	0.97	0.9	890800
2018-12-26	0.9	0.84	0.9	0.87	1088500
2018-12-27	0.87	0.87	0.93	0.87	400100
2018-12-28	0.88	0.87	0.89	0.89	142800
2019-01-02	0.89	0.85	0.91	0.85	493000
2019-01-03	0.85	0.85	0.98	0.89	1170700
2019-01-04	0.9	0.87	0.9	0.88	347300
2019-01-07	0.88	0.88	0.99	0.96	2687500
2019-01-08	0.96	0.93	0.96	0.94	388300
2019-01-09	0.96	0.93	0.98	0.94	608600
2019-01-10	0.95	0.93	0.95	0.93	216000
2019-01-11	0.93	0.93	1.07	1.04	7410900
2019-01-14	1.05	1.03	1.09	1.04	4220100
2019-01-15	1.04	0.99	1.05	1.01	1551300
2019-01-16	1.0	0.98	1.0	0.99	890000
2019-01-17	0.99	0.98	1.06	1.03	2452400
2019-01-18	1.04	1.03	1.12	1.1	8551000
2019-01-21	1.12	1.1	1.15	1.11	3697200
2019-01-22	1.1	1.07	1.1	1.09	1196100
2019-01-23	1.08	1.07	1.14	1.11	2215200
2019-01-24	1.1	1.1	1.12	1.1	551700
2019-01-25	1.1	1.09	1.14	1.11	1704900
2019-01-28	1.11	1.1	1.15	1.1	2882600
2019-01-29	1.1	1.08	1.11	1.08	933100
2019-01-30	1.08	1.08	1.12	1.09	1648800
2019-01-31	1.08	1.08	1.13	1.1	1434800
2019-02-01	1.11	1.11	1.39	1.27	52313000
2019-02-04	1.3	1.28	1.34	1.3	9033200
2019-02-05	1.31	1.31	1.46	1.38	32327100
2019-02-06	1.37	1.3	1.38	1.3	6400600
2019-02-07	1.3	1.27	1.34	1.28	2947000
2019-02-08	1.29	1.28	1.38	1.31	7598500
2019-02-11	1.32	1.3	1.54	1.45	58887300
2019-02-12	1.46	1.41	1.48	1.43	10844900
2019-02-13	1.43	1.43	1.47	1.46	6403600
2019-02-14	1.46	1.46	1.56	1.46	35479800
2019-02-15	1.46	1.41	1.49	1.41	5582900
2019-02-18	1.42	1.41	1.51	1.5	19410300
2019-02-20	1.5	1.48	1.52	1.48	8038800
2019-02-21	1.49	1.4	1.49	1.41	6196200
2019-02-22	1.42	1.37	1.42	1.38	3684000
2019-02-25	1.35	1.35	1.43	1.41	2049100
2019-02-26	1.43	1.38	1.43	1.39	716100
2019-02-27	1.4	1.39	1.47	1.43	9738400
2019-02-28	1.44	1.41	1.49	1.41	8020300
2019-03-01	1.42	1.35	1.43	1.37	2249400
2019-03-04	1.38	1.34	1.38	1.34	1392700
2019-03-05	1.34	1.34	1.37	1.35	564100
2019-03-06	1.37	1.35	1.4	1.35	2016500
2019-03-07	1.35	1.34	1.37	1.35	651700
2019-03-08	1.35	1.34	1.38	1.34	643400
2019-03-11	1.35	1.34	1.36	1.34	219200
2019-03-12	1.35	1.33	1.38	1.37	2580100
2019-03-13	1.37	1.34	1.38	1.35	1230800
2019-03-14	1.34	1.33	1.36	1.33	1306900
2019-03-15	1.34	1.32	1.34	1.32	496700
2019-03-18	1.34	1.32	1.34	1.32	327600
2019-03-19	1.32	1.31	1.33	1.31	277800
2019-03-20	1.31	1.31	1.32	1.32	345700
2019-03-21	1.32	1.31	1.34	1.31	314600
2019-03-22	1.32	1.31	1.32	1.31	79500
2019-03-25	1.32	1.3	1.32	1.3	150400
2019-03-26	1.31	1.31	1.38	1.34	716300
2019-03-27	1.34	1.34	1.37	1.35	496900
2019-03-28	1.34	1.3	1.35	1.31	669700
2019-03-29	1.33	1.29	1.35	1.32	2043300
2019-04-01	1.32	1.31	1.44	1.44	7180200
2019-04-02	1.43	1.4	1.44	1.42	4580600
2019-04-03	1.45	1.37	1.45	1.39	3463900
2019-04-04	1.39	1.37	1.39	1.37	887400
2019-04-05	1.39	1.37	1.39	1.38	134700
2019-04-09	1.37	1.33	1.37	1.33	782500
2019-04-10	1.33	1.32	1.36	1.33	715800
2019-04-11	1.33	1.32	1.34	1.33	218300
2019-04-12	1.33	1.33	1.35	1.34	242000
2019-04-17	1.33	1.3	1.33	1.31	800400
2019-04-18	1.31	1.31	1.34	1.33	555800
2019-04-19	1.33	1.31	1.33	1.31	248600
2019-04-22	1.31	1.31	1.37	1.34	1123600
2019-04-23	1.34	1.32	1.36	1.32	217200
2019-04-24	1.34	1.32	1.34	1.32	259500
2019-04-25	1.32	1.32	1.39	1.38	4332700
2019-04-26	1.38	1.35	1.38	1.36	454200
2019-04-29	1.36	1.33	1.36	1.33	434200
2019-04-30	1.33	1.28	1.35	1.31	2730600
2019-05-02	1.32	1.31	1.35	1.31	851800
2019-05-03	1.31	1.3	1.33	1.3	491900
2019-05-07	1.3	1.3	1.32	1.31	510400
2019-05-08	1.31	1.3	1.34	1.3	928700
2019-05-09	1.32	1.28	1.32	1.29	601200
2019-05-10	1.3	1.29	1.31	1.3	247500
2019-05-13	1.31	1.29	1.32	1.29	609300
2019-05-14	1.29	1.28	1.3	1.28	423700
2019-05-15	1.29	1.17	1.29	1.17	1195300
2019-05-16	1.16	1.08	1.16	1.11	2046100
2019-05-17	1.11	1.11	1.12	1.11	68300
2019-05-21	1.1	1.07	1.1	1.07	235400
2019-05-22	1.1	1.1	1.12	1.12	165700
2019-05-23	1.14	1.06	1.14	1.07	674000
2019-05-24	1.06	1.06	1.1	1.08	675500
2019-05-27	1.09	1.09	1.1	1.09	147200
2019-05-28	1.1	1.1	1.25	1.18	3466700
2019-05-29	1.18	1.17	1.19	1.17	362300
2019-05-30	1.19	1.16	1.19	1.16	243000
2019-05-31	1.17	1.16	1.17	1.16	38400
2019-06-04	1.17	1.16	1.19	1.16	116900
2019-06-05	1.17	1.17	1.19	1.17	115000
2019-06-06	1.17	1.16	1.19	1.19	93400
2019-06-07	1.2	1.17	1.2	1.17	303100
2019-06-10	1.17	1.14	1.19	1.17	490500
2019-06-11	1.17	1.16	1.19	1.16	249500
2019-06-12	1.17	1.16	1.18	1.17	114700
2019-06-13	1.17	1.16	1.19	1.16	468600
2019-06-14	1.17	1.16	1.18	1.17	260400
2019-06-17	1.16	1.16	1.22	1.17	1137000
2019-06-18	1.16	1.16	1.25	1.18	1638000
2019-06-19	1.19	1.17	1.2	1.17	395100
2019-06-20	1.18	1.17	1.19	1.17	348700
2019-06-21	1.18	1.17	1.21	1.17	652500
2019-06-24	1.17	1.17	1.22	1.2	752200
2019-06-25	1.2	1.16	1.2	1.17	678000
2019-06-26	1.17	1.17	1.19	1.19	255400
2019-06-27	1.2	1.18	1.2	1.18	185200
2019-06-28	1.18	1.17	1.2	1.18	1087600
2019-07-01	1.17	1.17	1.18	1.18	354800
2019-07-02	1.18	1.17	1.18	1.17	403000
2019-07-03	1.17	1.15	1.18	1.17	774000
2019-07-04	1.16	1.16	1.18	1.16	617300
2019-07-05	1.16	1.16	1.18	1.17	72300
2019-07-08	1.16	1.16	1.17	1.16	102000
2019-07-09	1.17	1.15	1.17	1.15	147400
2019-07-10	1.15	1.15	1.17	1.16	116700
2019-07-11	1.17	1.15	1.17	1.16	241100
2019-07-12	1.15	1.15	1.16	1.15	69200
2019-07-15	1.15	1.13	1.16	1.13	357300
2019-07-17	1.13	1.11	1.14	1.12	299700
2019-07-18	1.12	1.1	1.13	1.11	817700
2019-07-19	1.12	1.09	1.12	1.1	551900
2019-07-22	1.1	1.09	1.12	1.1	303500
2019-07-23	1.09	1.05	1.1	1.06	1448600
2019-07-24	1.07	1.06	1.1	1.09	946500
2019-07-25	1.09	1.08	1.15	1.15	3285900
2019-07-26	1.14	1.14	1.24	1.17	10614700
2019-07-30	1.17	1.14	1.18	1.14	1512500
2019-07-31	1.14	1.14	1.25	1.25	9768600
2019-08-01	1.25	1.18	1.25	1.19	4766500
2019-08-02	1.18	1.15	1.19	1.18	2521900
2019-08-05	1.18	1.16	1.2	1.19	683000
2019-08-06	1.17	1.15	1.2	1.2	1411700
2019-08-07	1.24	1.2	1.26	1.2	8845600
2019-08-08	1.2	1.18	1.21	1.19	1440800
2019-08-09	1.2	1.17	1.2	1.18	1300400
2019-08-13	1.16	1.09	1.17	1.1	1413700
2019-08-14	1.14	0.9	1.14	0.9	3837700
2019-08-15	0.88	0.84	0.89	0.86	652800
2019-08-16	0.86	0.86	0.89	0.89	257200
2019-08-19	0.9	0.89	0.94	0.89	482700
2019-08-20	0.9	0.89	0.91	0.89	253100
2019-08-21	0.9	0.9	0.94	0.91	170800
2019-08-22	0.91	0.9	0.92	0.9	345100
2019-08-23	0.91	0.9	0.91	0.9	52300
2019-08-26	0.91	0.87	0.91	0.88	171200
2019-08-27	0.88	0.88	0.9	0.88	82200
2019-08-28	0.88	0.87	0.88	0.87	117200
2019-08-29	0.89	0.87	0.89	0.87	150800
2019-08-30	0.88	0.88	0.93	0.93	1296800
2019-09-02	0.93	0.89	0.93	0.91	509200
2019-09-03	0.92	0.89	0.92	0.9	164600
2019-09-04	0.92	0.89	0.92	0.89	238300
2019-09-05	0.9	0.89	0.91	0.89	182200
2019-09-06	0.89	0.89	0.9	0.89	62500
2019-09-09	0.89	0.88	0.89	0.88	271800
2019-09-10	0.89	0.86	0.89	0.86	357600
2019-09-11	0.87	0.86	0.89	0.87	720500
2019-09-12	0.88	0.86	0.89	0.88	580700
2019-09-13	0.87	0.87	0.89	0.89	125300
2019-09-16	0.88	0.86	0.88	0.88	161400
2019-09-17	0.88	0.87	0.88	0.87	92300
2019-09-18	0.87	0.86	0.87	0.87	60100
2019-09-19	0.86	0.83	0.86	0.84	534600
2019-09-20	0.84	0.82	0.85	0.83	415600
2019-09-23	0.84	0.81	0.84	0.83	256600
2019-09-24	0.82	0.82	0.84	0.84	185400
2019-09-25	0.84	0.81	0.85	0.84	913200
2019-09-26	0.85	0.84	0.87	0.87	471200
2019-09-27	0.84	0.83	0.88	0.87	52600
2019-09-30	0.86	0.86	0.88	0.87	35300
2019-10-01	0.88	0.86	0.88	0.87	72800
2019-10-02	0.86	0.85	0.87	0.86	104500
2019-10-03	0.86	0.86	0.87	0.86	37800
2019-10-04	0.87	0.83	0.9	0.87	409600
2019-10-07	0.88	0.84	0.88	0.87	25000
2019-10-08	0.85	0.84	0.88	0.84	661400
2019-10-09	0.84	0.81	0.84	0.84	655300
2019-10-10	0.83	0.83	0.84	0.83	6900
2019-10-11	0.83	0.83	0.88	0.85	1219600
2019-10-15	0.84	0.83	0.84	0.83	131200
2019-10-16	0.84	0.83	0.84	0.83	81200
2019-10-17	0.83	0.83	0.84	0.83	174700
2019-10-18	0.84	0.83	0.84	0.83	52600
2019-10-21	0.83	0.8	0.83	0.8	85000
2019-10-22	0.8	0.8	0.81	0.81	145100
2019-10-24	0.81	0.79	0.81	0.8	114000
2019-10-25	0.79	0.79	0.8	0.8	260700
2019-10-28	0.8	0.78	0.81	0.78	391400
2019-10-29	0.79	0.78	0.79	0.79	277800
2019-10-30	0.78	0.78	0.79	0.79	252400
2019-10-31	0.79	0.79	0.82	0.8	314000
2019-11-01	0.8	0.8	0.82	0.8	391700
2019-11-04	0.8	0.8	0.82	0.82	262000
2019-11-05	0.81	0.81	0.82	0.81	32000
2019-11-06	0.81	0.81	0.81	0.81	77700
2019-11-07	0.83	0.83	0.85	0.83	738700
2019-11-08	0.83	0.83	0.84	0.83	496800
2019-11-11	0.84	0.83	0.84	0.83	74500
2019-11-12	0.83	0.83	0.84	0.83	95700
2019-11-13	0.83	0.81	0.84	0.81	169800
2019-11-14	0.81	0.8	0.81	0.8	165900
2019-11-15	0.82	0.8	0.82	0.8	189400
2019-11-18	0.8	0.8	0.82	0.8	9100
2019-11-19	0.82	0.81	0.82	0.81	6300
2019-11-20	0.8	0.79	0.82	0.82	1040300
2019-11-21	0.81	0.79	0.81	0.8	408500
2019-11-22	0.79	0.79	0.81	0.81	23700
2019-11-25	0.82	0.82	0.83	0.82	696600
2019-11-26	0.82	0.82	0.83	0.82	140900
2019-11-27	0.83	0.83	0.86	0.84	955600
2019-11-28	0.84	0.82	0.84	0.83	305300
2019-11-29	0.84	0.81	0.84	0.83	39400
2019-12-02	0.81	0.8	0.82	0.81	333500
2019-12-03	0.81	0.8	0.81	0.81	78400
2019-12-04	0.82	0.8	0.82	0.81	120800
2019-12-06	0.81	0.8	0.81	0.81	89600
2019-12-09	0.8	0.8	0.8	0.8	12800
2019-12-11	0.8	0.8	0.93	0.85	9193300
2019-12-12	0.86	0.84	0.86	0.84	355500
2019-12-13	0.84	0.83	0.85	0.84	625600
2019-12-16	0.85	0.84	0.9	0.84	1967000
2019-12-17	0.85	0.83	0.85	0.83	236600
2019-12-18	0.84	0.84	0.86	0.85	179100
2019-12-19	0.84	0.84	0.85	0.84	346500
2019-12-20	0.84	0.83	0.84	0.84	143900
2019-12-23	0.84	0.83	0.84	0.84	55700
2019-12-24	0.84	0.83	0.85	0.83	67200
2019-12-25	0.83	0.83	0.83	0.83	94600
2019-12-26	0.84	0.83	0.84	0.83	55500
2019-12-27	0.84	0.83	0.84	0.84	196700
2019-12-30	0.84	0.83	0.85	0.83	222900
2020-01-02	0.83	0.83	0.88	0.84	1256000
2020-01-03	0.84	0.83	0.84	0.84	1051000
2020-01-06	0.83	0.81	0.83	0.82	711300
2020-01-07	0.83	0.82	0.84	0.83	187100
2020-01-08	0.82	0.8	0.82	0.81	982500
2020-01-09	0.82	0.82	0.82	0.82	251800
2020-01-10	0.83	0.81	0.83	0.82	45100
2020-01-13	0.81	0.81	0.83	0.81	193200
2020-01-14	0.82	0.8	0.83	0.8	221000
2020-01-15	0.82	0.81	0.82	0.81	73700
2020-01-16	0.81	0.81	0.83	0.82	433200
2020-01-17	0.82	0.81	0.83	0.82	660400
2020-01-20	0.81	0.81	0.82	0.82	66600
2020-01-21	0.83	0.81	0.83	0.81	250200
2020-01-22	0.81	0.81	0.82	0.82	7600
2020-01-23	0.82	0.8	0.82	0.81	29600
2020-01-24	0.8	0.79	0.82	0.8	830300
2020-01-27	0.8	0.76	0.8	0.76	846600
2020-01-28	0.77	0.74	0.77	0.74	371600
2020-01-29	0.76	0.74	0.76	0.74	42400
2020-01-30	0.74	0.74	0.75	0.75	7000
2020-01-31	0.75	0.75	0.76	0.76	43300
2020-02-03	0.75	0.74	0.75	0.74	33000
2020-02-04	0.74	0.74	0.75	0.75	43600
2020-02-05	0.75	0.73	0.75	0.75	241700
2020-02-06	0.75	0.75	0.84	0.79	3708200
2020-02-07	0.78	0.77	0.79	0.79	149100
2020-02-11	0.78	0.78	0.79	0.79	92000
2020-02-12	0.77	0.77	0.79	0.79	160200
2020-02-13	0.79	0.77	0.79	0.77	70000
2020-02-14	0.79	0.77	0.79	0.77	56500
2020-02-17	0.77	0.74	0.78	0.78	43100
2020-02-18	0.79	0.77	0.82	0.77	766300
2020-02-19	0.77	0.77	0.79	0.77	349900
2020-02-20	0.77	0.77	0.78	0.77	100200
2020-02-21	0.77	0.75	0.77	0.75	87900
2020-02-24	0.75	0.67	0.75	0.69	388700
2020-02-25	0.69	0.64	0.69	0.65	667800
2020-02-26	0.65	0.6	0.65	0.61	268400
2020-02-27	0.61	0.56	0.61	0.6	197900
2020-02-28	0.6	0.52	0.6	0.54	479600
2020-03-02	0.53	0.5	0.55	0.5	370600
2020-03-03	0.52	0.51	0.53	0.52	1341300
2020-03-04	0.52	0.52	0.53	0.53	92900
2020-03-05	0.54	0.53	0.6	0.56	316900
2020-03-06	0.55	0.55	0.56	0.55	69700
2020-03-09	0.54	0.5	0.54	0.5	835900
2020-03-10	0.5	0.5	0.52	0.51	293000
2020-03-11	0.52	0.48	0.52	0.48	179200
2020-03-12	0.5	0.49	0.51	0.5	2130100
2020-03-13	0.49	0.49	0.5	0.5	1266900
2020-03-16	0.48	0.48	0.5	0.5	675000
2020-03-17	0.48	0.48	0.5	0.5	122900
2020-03-18	0.51	0.48	0.51	0.5	5900
2020-03-19	0.48	0.47	0.5	0.5	94200
2020-03-20	0.49	0.49	0.52	0.52	138300
2020-03-23	0.5	0.48	0.52	0.5	54900
2020-03-24	0.49	0.48	0.5	0.5	20900
2020-03-25	0.5	0.5	0.51	0.51	76300
2020-03-26	0.51	0.49	0.51	0.5	119400
2020-03-27	0.5	0.5	0.5	0.5	81000
2020-03-30	0.5	0.49	0.5	0.5	42000
2020-03-31	0.5	0.5	0.52	0.51	50400
2020-04-01	0.51	0.49	0.52	0.5	39500
2020-04-02	0.5	0.48	0.5	0.5	339600
2020-04-03	0.49	0.49	0.5	0.5	535200
2020-04-07	0.51	0.5	0.52	0.51	334100
2020-04-08	0.5	0.5	0.52	0.51	757300
2020-04-09	0.51	0.51	0.56	0.52	1140300
2020-04-10	0.53	0.5	0.53	0.53	439700
2020-04-13	0.53	0.53	0.58	0.57	1439200
2020-04-14	0.6	0.57	0.63	0.58	589600
2020-04-15	0.58	0.56	0.62	0.58	645200
2020-04-16	0.57	0.53	0.57	0.54	279000
2020-04-17	0.53	0.53	0.56	0.55	197800
2020-04-20	0.57	0.56	0.57	0.56	119000
2020-04-21	0.56	0.56	0.6	0.6	15900
2020-04-22	0.6	0.54	0.6	0.56	542800
2020-04-23	0.57	0.56	0.6	0.59	722100
2020-04-24	0.59	0.55	0.62	0.57	501700
2020-04-27	0.57	0.55	0.57	0.55	344900
2020-04-28	0.56	0.54	0.56	0.56	124100
2020-04-29	0.55	0.54	0.56	0.54	185900
2020-04-30	0.55	0.55	0.59	0.58	1106500
2020-05-05	0.58	0.58	0.64	0.59	4947900
2020-05-07	0.61	0.6	0.66	0.6	7530300
2020-05-08	0.62	0.6	0.63	0.62	2498900
2020-05-11	0.63	0.61	0.65	0.61	3164400
2020-05-12	0.62	0.62	0.64	0.63	852800
2020-05-13	0.63	0.63	0.72	0.72	5285000
2020-05-14	0.78	0.76	0.82	0.77	6884700
2020-05-15	0.77	0.74	0.77	0.75	887900
2020-05-18	0.75	0.72	0.77	0.76	757700
2020-05-19	0.75	0.72	0.76	0.73	631300
2020-05-20	0.75	0.72	0.75	0.72	267500
2020-05-21	0.72	0.71	0.73	0.73	530200
2020-05-22	0.71	0.71	0.73	0.71	453200
2020-05-25	0.71	0.69	0.73	0.71	816600
2020-05-26	0.74	0.73	0.74	0.73	411600
2020-05-27	0.72	0.72	0.73	0.72	112900
2020-05-28	0.74	0.71	0.74	0.71	138800
2020-05-29	0.71	0.7	0.74	0.71	340700
2020-06-01	0.7	0.7	0.72	0.71	138200
2020-06-02	0.72	0.7	0.72	0.7	1498100
2020-06-04	0.72	0.7	0.72	0.72	420100
2020-06-05	0.72	0.72	0.74	0.74	528500
2020-06-08	0.76	0.76	0.82	0.79	2698300
2020-06-09	0.79	0.75	0.8	0.76	813600
2020-06-10	0.76	0.75	0.77	0.76	262900
2020-06-11	0.76	0.72	0.76	0.76	439100
2020-06-12	0.73	0.73	0.75	0.74	371500
2020-06-15	0.77	0.74	0.77	0.76	378100
2020-06-16	0.76	0.76	0.78	0.78	147600
2020-06-17	0.78	0.77	0.89	0.89	7152500
2020-06-18	0.92	0.92	1.02	0.99	8081600
2020-06-19	1.01	0.99	1.05	1.02	4391900
2020-06-22	1.02	0.92	1.03	0.92	4001200
2020-06-23	0.95	0.95	1.01	0.99	1579400
2020-06-24	0.99	0.99	1.08	1.01	6265000
2020-06-25	1.0	0.94	1.01	0.98	2878700
2020-06-26	1.0	0.97	1.05	0.97	4052600
2020-06-29	0.97	0.95	0.99	0.97	657600
2020-06-30	0.97	0.97	1.1	1.08	12065400
2020-07-01	1.1	1.09	1.16	1.11	9530500
2020-07-02	1.12	1.05	1.13	1.05	3930700
2020-07-03	1.06	1.06	1.1	1.09	2641400
2020-07-07	1.12	1.11	1.18	1.14	6319800
2020-07-08	1.14	1.14	1.22	1.2	8262200
2020-07-09	1.21	1.17	1.22	1.18	4098800
2020-07-10	1.18	1.15	1.18	1.15	2570700
2020-07-13	1.16	1.14	1.18	1.16	1496000
2020-07-14	1.16	1.15	1.16	1.16	909600
2020-07-15	1.16	1.12	1.16	1.15	1164200
2020-07-16	1.15	1.11	1.15	1.14	935500
2020-07-17	1.14	1.1	1.14	1.1	1328300
2020-07-20	1.1	1.08	1.1	1.09	435200
2020-07-21	1.1	1.09	1.15	1.13	1163400
2020-07-22	1.15	1.14	1.18	1.15	2712600
2020-07-23	1.16	1.15	1.18	1.15	806000
2020-07-24	1.17	1.13	1.17	1.14	484400
2020-07-29	1.13	1.1	1.14	1.1	846200
2020-07-30	1.11	1.09	1.12	1.09	1130600
2020-07-31	1.09	1.09	1.11	1.11	320900
2020-08-03	1.1	1.09	1.1	1.09	1014700
2020-08-04	1.1	1.1	1.13	1.13	828900
2020-08-05	1.15	1.11	1.15	1.11	168700
2020-08-06	1.13	1.12	1.2	1.13	3252900
2020-08-07	1.16	1.11	1.16	1.12	496000
2020-08-10	1.13	1.1	1.13	1.11	184800
2020-08-11	1.11	1.1	1.13	1.11	252400
2020-08-13	1.11	1.11	1.15	1.13	573300
2020-08-14	1.13	1.1	1.13	1.1	1240900
2020-08-17	1.11	1.03	1.11	1.03	1610000
2020-08-18	1.0	0.94	1.0	0.97	2253200
2020-08-19	0.97	0.96	1.0	0.96	675300
2020-08-20	0.97	0.94	0.97	0.94	414400
2020-08-21	0.94	0.92	0.97	0.97	278200
2020-08-24	0.97	0.93	0.97	0.93	267100
2020-08-25	0.94	0.94	0.96	0.95	392300
2020-08-26	0.96	0.94	0.96	0.94	192800
2020-08-27	0.99	0.97	0.99	0.98	287700
2020-08-28	1.0	0.98	1.01	0.99	299400
2020-08-31	1.0	0.96	1.0	0.96	106900
2020-09-01	0.96	0.96	0.98	0.97	56500
2020-09-02	0.96	0.94	0.96	0.96	318400
2020-09-03	0.98	0.94	0.98	0.96	235500
2020-09-08	0.95	0.94	0.95	0.95	105200
2020-09-09	0.94	0.92	1.02	1.0	1018100
2020-09-10	1.0	0.98	1.01	0.99	302900
2020-09-11	0.99	0.98	1.0	0.98	109400
2020-09-14	0.98	0.97	0.98	0.98	11200
2020-09-15	0.98	0.97	0.98	0.98	96300
2020-09-16	0.98	0.95	0.98	0.95	238600
2020-09-17	0.95	0.93	0.95	0.94	535300
2020-09-18	0.95	0.92	0.95	0.92	184700
2020-09-21	0.92	0.92	0.96	0.93	285200
2020-09-22	0.95	0.93	0.95	0.94	35600
2020-09-23	0.94	0.93	0.95	0.93	143800
2020-09-24	0.93	0.92	0.95	0.92	162300
2020-09-25	0.93	0.92	0.95	0.94	334500
2020-09-28	0.94	0.94	0.95	0.95	102300
2020-09-29	0.96	0.95	1.0	0.97	749000
2020-09-30	0.97	0.96	0.98	0.98	472100
2020-10-01	0.98	0.97	0.98	0.97	2600
2020-10-02	0.95	0.95	1.02	0.98	517400
2020-10-05	0.98	0.97	0.98	0.98	72800
2020-10-06	0.98	0.98	1.0	0.99	434500
2020-10-07	1.0	1.0	1.04	1.01	1857300
2020-10-08	1.02	1.01	1.05	1.01	805300
2020-10-09	1.02	1.0	1.03	1.0	533100
2020-10-12	0.99	0.98	1.0	0.98	276800
2020-10-14	1.0	0.97	1.0	0.97	160600
2020-10-15	0.97	0.95	0.97	0.95	378300
2020-10-16	0.94	0.94	0.95	0.95	270300
2020-10-19	0.93	0.92	0.94	0.92	109800
2020-10-20	0.92	0.91	0.93	0.92	196800
2020-10-21	0.93	0.93	0.94	0.93	49800
2020-10-22	0.94	0.93	0.94	0.94	31100
2020-10-26	0.93	0.92	0.93	0.93	46700
2020-10-27	0.93	0.9	0.93	0.91	180500
2020-10-28	0.93	0.93	1.02	1.0	2117100
2020-10-29	1.0	0.99	1.11	1.09	8746900
2020-10-30	1.11	1.05	1.13	1.05	5373500
2020-11-02	1.06	1.04	1.09	1.08	387800
2020-11-03	1.08	1.05	1.08	1.05	496900
2020-11-04	1.05	1.03	1.06	1.05	951900
2020-11-05	1.05	1.03	1.06	1.03	486900
2020-11-06	1.06	1.02	1.08	1.02	784900
2020-11-09	1.02	1.01	1.03	1.03	379100
2020-11-10	1.02	0.96	1.03	0.97	1578100
2020-11-11	0.98	0.98	1.01	1.0	59200
2020-11-12	1.0	0.98	1.0	0.98	238200
2020-11-13	0.98	0.97	0.98	0.98	526900
2020-11-16	0.98	0.98	1.0	0.98	282500
2020-11-17	0.99	0.97	0.99	0.97	308900
2020-11-18	0.98	0.96	0.98	0.96	339400
2020-11-19	0.96	0.96	1.04	1.02	861000
2020-11-20	1.02	1.02	1.04	1.02	353100
2020-11-23	1.01	1.01	1.04	1.02	486600
2020-11-24	1.04	1.02	1.04	1.02	280700
2020-11-25	1.02	0.99	1.02	0.99	536300
2020-11-26	1.0	0.99	1.01	1.0	540100
2020-11-27	1.02	1.0	1.02	1.0	122400
2020-11-30	1.01	1.0	1.02	1.0	198900
2020-12-01	1.0	1.0	1.02	1.02	105900
2020-12-02	1.0	1.0	1.02	1.0	218700
2020-12-03	1.0	1.0	1.02	1.0	61200
2020-12-04	1.0	0.99	1.01	1.0	261600
2020-12-08	1.0	0.99	1.03	1.03	30500
2020-12-09	1.02	0.99	1.02	1.0	118800
2020-12-14	1.0	0.99	1.01	0.99	99900
2020-12-15	0.98	0.98	1.0	0.99	323900
2020-12-16	0.99	0.99	1.01	1.0	37700
2020-12-17	1.01	1.01	1.15	1.07	3183400
2020-12-18	1.07	1.04	1.08	1.05	2240600
2020-12-21	1.02	1.0	1.04	1.0	825500
2020-12-22	0.99	0.99	1.01	1.0	202800
2020-12-23	1.0	0.99	1.03	0.99	328800
2020-12-24	1.0	1.0	1.02	1.01	109400
2020-12-25	1.01	1.01	1.09	1.02	600400
2020-12-28	1.03	1.01	1.03	1.02	118000
2020-12-29	1.05	1.01	1.05	1.02	209000
2020-12-30	1.02	1.0	1.03	1.02	423100
2021-01-04	1.01	1.01	1.02	1.01	328100
2021-01-05	1.01	1.01	1.07	1.03	978400
2021-01-06	1.05	1.01	1.05	1.01	753800
2021-01-07	1.02	1.0	1.03	1.0	750800
2021-01-08	1.01	1.0	1.02	1.0	300300
2021-01-11	1.0	1.0	1.01	1.01	432400
2021-01-12	1.01	1.0	1.03	1.02	968500
2021-01-13	1.02	1.02	1.03	1.03	745600
2021-01-14	1.02	1.01	1.03	1.02	459300
2021-01-15	1.01	1.01	1.01	1.01	399100
2021-01-18	1.02	1.01	1.02	1.02	160600
2021-01-19	1.01	1.01	1.03	1.02	445400
2021-01-20	1.01	1.01	1.02	1.02	130200
2021-01-21	1.01	1.0	1.02	1.01	227200
2021-01-22	1.01	1.0	1.02	1.0	347800
2021-01-25	1.01	1.0	1.02	1.0	175000
2021-01-26	1.01	1.01	1.02	1.02	192200
2021-01-27	1.02	1.0	1.02	1.01	397500
2021-01-28	1.0	0.98	1.01	0.99	681200
2021-01-29	1.0	0.99	1.0	0.99	163800
2021-02-01	0.99	0.98	1.0	0.98	160900
2021-02-02	0.98	0.97	0.98	0.98	394200
2021-02-03	1.0	1.0	1.05	1.01	2260200
2021-02-04	1.02	1.0	1.07	1.02	3149800
2021-02-05	1.03	1.03	1.07	1.03	3058600
2021-02-08	1.05	1.04	1.27	1.22	38625400
2021-02-09	1.24	1.19	1.25	1.2	5971300
2021-02-10	1.22	1.18	1.31	1.22	19140000
2021-02-11	1.22	1.19	1.22	1.21	2641700
2021-02-15	1.22	1.21	1.25	1.22	5118800
2021-02-16	1.22	1.15	1.23	1.2	4670300
2021-02-17	1.19	1.14	1.22	1.15	3804300
2021-02-18	1.15	1.14	1.18	1.18	1302200
2021-02-19	1.19	1.14	1.19	1.15	721300
2021-02-22	1.17	1.04	1.17	1.09	3227900
2021-02-23	1.07	1.04	1.12	1.07	2155200
2021-02-24	1.09	1.06	1.09	1.07	583100
2021-02-25	1.19	1.16	1.25	1.16	10405100
2021-03-01	1.16	1.14	1.16	1.15	1375800
2021-03-02	1.17	1.16	1.21	1.19	1808300
2021-03-03	1.21	1.19	1.39	1.31	35121900
2021-03-04	1.34	1.26	1.34	1.28	8011800
2021-03-05	1.28	1.26	1.35	1.29	8348600
2021-03-08	1.31	1.23	1.33	1.27	5890000
2021-03-09	1.28	1.26	1.29	1.27	1392100
2021-03-10	1.27	1.25	1.28	1.26	1374900
2021-03-11	1.25	1.23	1.27	1.23	1282900
2021-03-12	1.25	1.24	1.3	1.26	3222200
2021-03-15	1.27	1.27	1.33	1.29	5437300
2021-03-16	1.3	1.26	1.3	1.27	1250800
2021-03-17	1.27	1.27	1.37	1.33	8311000
2021-03-18	1.34	1.28	1.35	1.29	3386200
2021-03-19	1.3	1.28	1.31	1.29	1265600
2021-03-22	1.29	1.29	1.33	1.3	1913500
2021-03-23	1.31	1.3	1.37	1.33	8948800
2021-03-24	1.34	1.33	1.42	1.38	10341500
2021-03-25	1.41	1.37	1.44	1.38	7750600
2021-03-26	1.4	1.34	1.49	1.43	24923100
2021-03-29	1.43	1.42	1.67	1.6	18707200
2021-03-30	1.58	1.58	2.06	1.81	42753600
2021-03-31	1.82	1.77	1.88	1.8	6778500
2021-04-01	1.8	1.75	1.81	1.78	3035700
2021-04-02	1.81	1.79	1.96	1.91	13361600
2021-04-05	1.9	1.82	1.9	1.83	3651100
2021-04-07	1.81	1.78	1.88	1.84	2873200
2021-04-08	1.8	1.69	1.85	1.72	5369200
2021-04-09	1.75	1.71	1.75	1.72	2000900
2021-04-12	1.71	1.61	1.72	1.63	3164700
2021-04-16	1.59	1.5	1.59	1.54	4312200
2021-04-19	1.51	1.51	1.69	1.62	3970800
2021-04-20	1.64	1.64	1.75	1.66	7796400
2021-04-21	1.69	1.65	1.69	1.65	1878400
2021-04-22	1.66	1.66	1.77	1.7	8503900
2021-04-23	1.69	1.68	1.94	1.8	32570900
2021-04-26	1.86	1.86	2.16	2.16	76577600
2021-04-27	2.44	2.3	2.8	2.76	95857400
2021-04-28	2.8	2.54	2.8	2.6	22103900
2021-04-29	2.64	2.58	2.66	2.62	8163000
2021-04-30	2.6	2.46	2.6	2.5	6486500
2021-05-05	2.56	2.54	2.74	2.72	20716900
2021-05-06	2.8	2.8	3.04	2.8	37591200
2021-05-07	2.84	2.6	2.86	2.66	13551900
2021-05-10	2.72	2.72	2.94	2.88	17631600
2021-05-11	2.9	2.88	3.22	3.22	51439700
2021-05-12	3.12	3.06	3.2	3.12	13580800
2021-05-13	3.12	2.5	3.2	2.98	18864800
2021-05-14	3.12	2.78	3.12	2.8	9131600
2021-05-17	2.82	2.7	2.86	2.76	3567400
2021-05-18	2.78	2.76	2.92	2.88	4627500
2021-05-19	2.88	2.84	2.96	2.88	3323600
2021-05-20	2.92	2.8	2.94	2.8	4502400
2021-05-21	2.9	2.8	2.9	2.8	1410500
2021-05-24	2.82	2.64	2.86	2.64	2736000
2021-05-25	2.6	2.58	2.7	2.64	2712100
2021-05-27	2.64	2.64	2.76	2.74	1937600
2021-05-28	2.66	2.64	2.76	2.66	2726200
2021-05-31	2.62	2.58	2.68	2.6	2272800
2021-06-01	2.6	2.58	2.68	2.62	2226100
2021-06-02	2.64	2.64	2.84	2.84	9048900
2021-06-04	2.88	2.78	2.94	2.78	16732200
2021-06-07	2.82	2.74	2.82	2.74	2706500
2021-06-08	2.76	2.7	2.78	2.7	1963000
2021-06-09	2.68	2.66	2.7	2.68	1954000
2021-06-10	2.68	2.66	2.76	2.72	1782500
2021-06-11	2.74	2.68	2.76	2.68	2825300
2021-06-14	2.68	2.56	2.68	2.62	4146600
2021-06-15	2.64	2.42	2.64	2.52	5385800
2021-06-16	2.54	2.52	2.68	2.66	7840800
2021-06-17	2.7	2.54	2.7	2.54	10124400
2021-06-18	2.56	2.48	2.58	2.48	3137900
2021-06-21	2.48	2.4	2.52	2.52	1712500
2021-06-22	2.56	2.48	2.56	2.48	1175700
2021-06-23	2.48	2.42	2.54	2.42	1767200
2021-06-24	2.38	2.2	2.38	2.26	5298500
2021-06-25	2.26	2.2	2.32	2.24	3253300
2021-06-28	2.16	2.14	2.26	2.26	1262000
2021-06-29	2.3	2.26	2.42	2.34	6859800
2021-06-30	2.34	2.3	2.38	2.32	2712900
2021-07-01	2.34	2.3	2.38	2.34	2009800
2021-07-02	2.36	2.34	2.52	2.4	8088300
2021-07-05	2.44	2.4	2.66	2.66	25877200
2021-07-06	2.7	2.6	2.78	2.6	19391200
2021-07-07	2.62	2.52	2.64	2.52	5965400
2021-07-08	2.48	1.82	2.48	2.3	5522400
2021-07-09	2.2	2.18	2.28	2.2	3196900
2021-07-12	2.22	2.22	2.28	2.26	1328900
2021-07-13	2.3	2.28	2.36	2.36	857700
2021-07-14	2.36	2.32	2.42	2.42	616900
2021-07-15	2.44	2.34	2.44	2.36	1081000
2021-07-16	2.32	2.3	2.36	2.36	1014800
2021-07-19	2.3	2.26	2.34	2.32	387800
2021-07-20	2.3	2.22	2.3	2.28	1371200
2021-07-21	2.3	2.2	2.3	2.2	1339400
2021-07-22	2.24	2.18	2.26	2.22	1250500
2021-07-23	2.2	2.16	2.22	2.18	1194500
2021-07-27	2.18	2.08	2.18	2.08	1953300
2021-07-29	2.02	2.02	2.1	2.08	1031200
2021-07-30	2.08	2.0	2.08	2.02	1110100
2021-08-02	1.96	1.88	1.96	1.89	2789700
2021-08-03	1.86	1.86	2.16	2.06	5307000
2021-08-04	2.06	2.04	2.12	2.1	1233500
2021-08-05	2.12	2.06	2.16	2.1	1248300
2021-08-06	2.16	2.02	2.16	2.06	778100
2021-08-09	2.06	1.99	2.1	2.0	701600
2021-08-10	2.0	2.0	2.26	2.24	14048400
2021-08-11	2.26	2.06	2.3	2.1	6190400
2021-08-13	2.14	1.97	2.14	1.97	3343600
2021-08-16	1.95	1.85	1.95	1.87	1705100
2021-08-17	1.87	1.87	1.92	1.91	641700
2021-08-18	1.92	1.9	1.94	1.91	609100
2021-08-19	1.91	1.89	1.92	1.91	554500
2021-08-20	1.9	1.86	1.92	1.86	2077700
2021-08-23	1.86	1.84	1.9	1.85	3817600
2021-08-24	1.86	1.86	1.99	1.96	5821200
2021-08-25	1.96	1.95	2.06	2.04	11163500
2021-08-26	2.08	2.02	2.1	2.04	5698100
2021-08-27	2.06	2.04	2.08	2.04	3727200
2021-08-30	2.06	2.04	2.14	2.14	12128000
2021-08-31	2.2	2.06	2.2	2.08	9058600
2021-09-01	2.1	2.04	2.1	2.06	2605900
2021-09-02	2.06	2.04	2.18	2.08	8962400
2021-09-03	2.1	2.06	2.1	2.06	1574100
2021-09-06	2.06	2.06	2.12	2.12	2578700
2021-09-07	2.14	2.06	2.16	2.08	4401600
2021-09-08	2.06	2.04	2.08	2.06	1070200
2021-09-09	2.06	2.06	2.1	2.08	2852900
2021-09-10	2.08	2.08	2.36	2.32	57572200
2021-09-13	2.3	2.28	2.46	2.34	45148200
2021-09-14	2.38	2.18	2.4	2.22	15259500
2021-09-15	2.22	2.14	2.28	2.18	6936000
2021-09-16	2.2	2.18	2.36	2.34	25805100
2021-09-17	2.34	2.2	2.36	2.24	12074900
2021-09-20	2.2	2.14	2.22	2.14	4559300
2021-09-21	2.12	2.02	2.16	2.16	8717900
2021-09-22	2.16	2.1	2.22	2.12	6070000
2021-09-23	2.12	2.08	2.14	2.08	3507900
2021-09-27	2.06	1.92	2.1	1.93	8231900
2021-09-28	1.91	1.9	1.98	1.98	3222600
2021-09-29	1.96	1.94	1.98	1.98	1560900
2021-09-30	1.99	1.94	1.99	1.97	2089200
2021-10-01	1.97	1.94	1.97	1.96	1452500
2021-10-04	1.96	1.96	2.1	2.1	5412500
2021-10-05	2.12	2.04	2.16	2.06	6881500
2021-10-06	2.04	2.04	2.08	2.06	1772300
2021-10-07	2.06	2.02	2.08	2.06	1544300
2021-10-08	2.06	2.04	2.12	2.08	2813000
2021-10-11	2.14	2.04	2.14	2.04	4688800
2021-10-12	2.04	2.04	2.08	2.06	3276500
2021-10-14	2.06	2.02	2.16	2.12	11854900
2021-10-15	2.12	2.04	2.14	2.08	4854400
2021-10-18	2.08	2.04	2.08	2.04	1879100
2021-10-19	2.04	1.98	2.04	2.0	3899300
2021-10-20	2.02	1.99	2.02	2.0	998500
2021-10-21	2.02	1.99	2.02	1.99	1554000
2021-10-25	1.99	1.98	2.0	1.99	773200
2021-10-26	2.0	1.97	2.0	1.99	1192400
2021-10-27	1.98	1.98	2.12	2.04	7180900
2021-10-28	2.04	1.99	2.04	1.99	2127400
2021-10-29	2.0	1.99	2.02	2.0	886100
2021-11-01	2.0	1.97	2.02	1.97	1205500
2021-11-02	1.97	1.88	1.98	1.91	2538700
2021-11-03	1.91	1.85	1.95	1.85	2137700
2021-11-04	1.88	1.85	1.9	1.9	911400
2021-11-05	1.9	1.86	1.93	1.88	1687800
2021-11-08	1.9	1.84	1.9	1.85	1010600
2021-11-09	1.84	1.84	1.88	1.87	458100
2021-11-10	1.87	1.87	1.95	1.94	1867700
2021-11-11	1.93	1.92	1.95	1.94	545600
2021-11-12	1.98	1.91	1.98	1.92	699900
2021-11-15	1.92	1.86	1.94	1.88	1065700
2021-11-16	1.89	1.88	1.9	1.88	444100
2021-11-17	1.88	1.87	1.9	1.88	409300
2021-11-18	1.9	1.87	1.9	1.88	242200
2021-11-19	1.88	1.88	1.9	1.89	512400
2021-11-22	1.9	1.89	1.91	1.9	368100
2021-11-23	1.89	1.88	1.91	1.89	554200
2021-11-24	1.9	1.89	1.92	1.92	1237900
2021-11-25	1.93	1.92	1.95	1.94	980000
2021-11-26	1.93	1.87	1.93	1.87	1650600
2021-11-29	1.86	1.85	1.88	1.85	817200
2021-11-30	1.86	1.68	1.88	1.74	2744300
2021-12-01	1.76	1.7	1.76	1.75	1045200
2021-12-02	1.74	1.73	1.76	1.73	721300
2021-12-03	1.74	1.71	1.79	1.74	857100
2021-12-07	1.75	1.74	1.77	1.76	675400
2021-12-08	1.79	1.75	1.79	1.76	904600
2021-12-09	1.76	1.76	1.78	1.77	588600
2021-12-13	1.76	1.76	1.8	1.77	606900
2021-12-14	1.78	1.77	1.78	1.78	937100
2021-12-15	1.79	1.78	1.83	1.8	2501300
2021-12-16	1.81	1.77	1.83	1.77	1094700
2021-12-17	1.77	1.77	1.81	1.78	1494800
2021-12-20	1.78	1.71	1.78	1.73	1433100
2021-12-21	1.73	1.71	1.75	1.71	488900
2021-12-22	1.72	1.72	1.74	1.72	803700
2021-12-23	1.73	1.72	1.78	1.74	265900
2021-12-24	1.74	1.69	1.75	1.72	941800
2021-12-27	1.71	1.64	1.71	1.67	1191000
2021-12-28	1.66	1.65	1.69	1.65	815800
2021-12-29	1.68	1.61	1.68	1.63	544500
2021-12-30	1.63	1.63	1.65	1.64	286400
2022-01-04	1.66	1.64	1.68	1.67	843100
2022-01-05	1.67	1.66	1.7	1.68	796700
2022-01-06	1.66	1.66	1.7	1.66	732800
2022-01-07	1.67	1.63	1.68	1.64	951900
2022-01-10	1.65	1.63	1.66	1.64	489100
2022-01-11	1.63	1.63	1.66	1.64	468100
2022-01-12	1.64	1.64	1.68	1.68	764300
2022-01-13	1.7	1.69	1.75	1.75	2242200
2022-01-14	1.78	1.75	1.78	1.76	2599200
2022-01-17	1.78	1.74	1.78	1.75	583100
2022-01-18	1.74	1.68	1.75	1.69	919000
2022-01-19	1.69	1.69	1.73	1.73	405000
2022-01-20	1.73	1.7	1.74	1.7	479800
2022-01-21	1.71	1.67	1.71	1.69	317000
2022-01-24	1.69	1.63	1.69	1.65	650300
2022-01-25	1.63	1.63	1.66	1.64	547600
2022-01-26	1.64	1.62	1.72	1.62	1386500
2022-01-27	1.63	1.62	1.67	1.63	668400
2022-01-28	1.63	1.62	1.7	1.62	1935900
2022-01-31	1.63	1.63	1.65	1.64	219300
2022-02-01	1.64	1.64	1.66	1.66	238400
2022-02-02	1.67	1.65	1.67	1.65	280100
2022-02-03	1.65	1.65	1.83	1.83	12095900
2022-02-04	1.86	1.86	2.02	1.95	49374700
2022-02-07	1.95	1.93	2.04	1.97	23259600
2022-02-08	1.97	1.92	1.97	1.95	6508700
2022-02-09	1.97	1.96	2.06	2.0	22346900
2022-02-10	2.04	1.86	2.08	1.9	11131400
2022-02-11	1.85	1.83	1.9	1.86	2629500
2022-02-14	1.83	1.79	1.86	1.81	3628400
2022-02-15	1.87	1.78	1.87	1.81	997500
2022-02-17	1.82	1.81	1.84	1.81	1063800
2022-02-18	1.81	1.73	1.81	1.74	3214800
2022-02-21	1.74	1.74	2.14	2.14	65553600
2022-02-22	2.0	1.86	2.06	1.86	38819600
2022-02-23	1.88	1.88	1.97	1.92	7621500
2022-02-24	1.86	1.7	1.9	1.74	7189400
2022-02-25	1.78	1.75	1.82	1.75	2303000
2022-02-28	1.77	1.77	1.82	1.78	1803000
2022-03-01	1.81	1.78	1.81	1.79	1079600
2022-03-02	1.79	1.73	1.79	1.73	1352100
2022-03-03	1.74	1.73	1.77	1.73	1388800
2022-03-04	1.74	1.68	1.75	1.69	2869800
2022-03-07	1.69	1.56	1.69	1.56	2509300
2022-03-08	1.56	1.4	1.58	1.49	1893000
2022-03-09	1.53	1.49	1.59	1.57	1173300
2022-03-10	1.57	1.57	1.65	1.61	839600
2022-03-11	1.62	1.6	1.65	1.65	265400
2022-03-14	1.63	1.62	1.66	1.63	535200
2022-03-15	1.64	1.62	1.68	1.62	908200
2022-03-16	1.64	1.64	1.68	1.65	337700
2022-03-17	1.66	1.65	1.68	1.66	414100
2022-03-18	1.65	1.65	1.69	1.68	650500
2022-03-21	1.67	1.63	1.68	1.64	478300
2022-03-22	1.65	1.63	1.66	1.64	359000
2022-03-23	1.63	1.63	1.68	1.67	622500
2022-03-24	1.66	1.65	1.73	1.71	7494500
2022-03-25	1.72	1.66	1.73	1.66	2357400
2022-03-28	1.66	1.66	1.69	1.67	550100
2022-03-29	1.7	1.67	1.7	1.68	572400
2022-03-30	1.7	1.67	1.7	1.68	378600
2022-03-31	1.68	1.64	1.68	1.67	629800
2022-04-01	1.65	1.65	1.67	1.67	492700
2022-04-04	1.67	1.58	1.67	1.62	1156100
2022-04-05	1.62	1.6	1.62	1.6	863000
2022-04-07	1.6	1.58	1.6	1.58	496800
2022-04-08	1.57	1.56	1.59	1.58	512800
2022-04-11	1.58	1.55	1.58	1.55	467900
2022-04-12	1.55	1.52	1.56	1.55	368300
2022-04-18	1.52	1.52	1.55	1.55	108000
2022-04-19	1.55	1.54	1.57	1.56	533300
2022-04-20	1.55	1.55	1.68	1.58	2466400
2022-04-21	1.61	1.59	1.62	1.59	567100
2022-04-22	1.61	1.58	1.61	1.59	349700
2022-04-25	1.58	1.55	1.59	1.57	354400
2022-04-26	1.57	1.55	1.59	1.55	639900
2022-04-27	1.57	1.5	1.57	1.52	1296500
2022-04-28	1.53	1.51	1.54	1.53	143000
2022-04-29	1.52	1.52	1.55	1.55	259600
2022-05-03	1.54	1.48	1.54	1.49	503500
2022-05-05	1.51	1.46	1.52	1.48	376800
2022-05-06	1.45	1.45	1.48	1.46	564700
2022-05-09	1.45	1.4	1.46	1.4	279900
2022-05-10	1.38	1.38	1.45	1.44	107900
2022-05-11	1.44	1.43	1.46	1.44	205500
2022-05-12	1.42	1.38	1.43	1.39	308800
2022-05-13	1.38	1.34	1.41	1.34	303100
2022-05-17	1.34	1.32	1.37	1.37	406100
2022-05-18	1.38	1.32	1.46	1.46	232500
2022-05-19	1.46	1.4	1.46	1.4	244700
2022-05-20	1.43	1.39	1.43	1.4	229000
2022-05-23	1.4	1.38	1.45	1.39	193900
2022-05-24	1.41	1.35	1.41	1.37	387000
2022-05-25	1.38	1.38	1.4	1.38	321000
2022-05-26	1.38	1.38	1.4	1.39	77500
2022-05-27	1.41	1.39	1.41	1.4	185500
2022-05-30	1.4	1.37	1.4	1.38	196900
2022-05-31	1.38	1.37	1.4	1.38	227600
2022-06-01	1.38	1.36	1.55	1.45	1968600
2022-06-02	1.45	1.39	1.45	1.39	504900
2022-06-06	1.4	1.39	1.43	1.43	369300
2022-06-07	1.43	1.42	1.51	1.49	2823300
2022-06-08	1.51	1.5	1.54	1.5	1792300
2022-06-09	1.54	1.48	1.54	1.48	318800
2022-06-10	1.48	1.45	1.48	1.46	190000
2022-06-13	1.51	1.49	1.68	1.53	8152400
2022-06-14	1.56	1.51	1.59	1.51	2824500
2022-06-15	1.55	1.47	1.55	1.52	920600
2022-06-16	1.54	1.4	1.54	1.4	683500
2022-06-17	1.4	1.38	1.44	1.42	451800
2022-06-20	1.38	1.35	1.4	1.38	578000
2022-06-21	1.39	1.39	1.4	1.4	154900
2022-06-22	1.4	1.35	1.4	1.36	226600
2022-06-23	1.38	1.38	1.4	1.38	163900
2022-06-24	1.37	1.37	1.4	1.39	45300
2022-06-27	1.39	1.37	1.41	1.4	78600
2022-06-28	1.38	1.38	1.4	1.39	90600
2022-06-29	1.39	1.38	1.42	1.38	243200
2022-06-30	1.41	1.36	1.41	1.36	181500
2022-07-01	1.38	1.36	1.39	1.36	128600
2022-07-04	1.36	1.34	1.39	1.34	184000
2022-07-05	1.34	1.28	1.34	1.3	319700
2022-07-06	1.22	1.17	1.26	1.17	834500
2022-07-07	1.18	1.18	1.31	1.26	772900
2022-07-08	1.29	1.25	1.29	1.25	117600
2022-07-11	1.25	1.22	1.27	1.24	67500
2022-07-12	1.24	1.22	1.25	1.22	74900
2022-07-14	1.23	1.17	1.25	1.22	366300
2022-07-15	1.22	1.17	1.22	1.19	128300
2022-07-18	1.21	1.18	1.25	1.23	864200
2022-07-19	1.25	1.2	1.31	1.22	709900
2022-07-20	1.22	1.22	1.58	1.28	11433200
2022-07-21	1.29	1.26	1.31	1.27	1576300
2022-07-22	1.29	1.29	1.5	1.34	10003800
2022-07-25	1.35	1.3	1.37	1.31	1201800
2022-07-26	1.34	1.31	1.39	1.31	1157800
2022-07-27	1.32	1.3	1.35	1.3	488400
2022-08-01	1.3	1.3	1.33	1.31	310300
2022-08-02	1.31	1.31	1.41	1.36	3193800
2022-08-03	1.35	1.32	1.36	1.32	809500
2022-08-04	1.32	1.31	1.34	1.32	387100
2022-08-05	1.33	1.31	1.34	1.31	308200
2022-08-08	1.31	1.28	1.31	1.29	224000
2022-08-09	1.29	1.29	1.31	1.3	160000
2022-08-10	1.31	1.24	1.31	1.27	243200
2022-08-11	1.27	1.26	1.32	1.27	369900
2022-08-15	1.29	1.24	1.38	1.32	3776000
2022-08-16	1.32	1.3	1.35	1.31	969400
2022-08-17	1.32	1.29	1.32	1.29	403900
2022-08-18	1.3	1.28	1.3	1.29	82800
2022-08-19	1.31	1.28	1.31	1.29	219200
2022-08-22	1.29	1.27	1.3	1.3	76600
2022-08-23	1.27	1.27	1.3	1.29	139300
2022-08-24	1.3	1.27	1.31	1.27	70700
2022-08-25	1.3	1.3	1.46	1.35	10050300
2022-08-26	1.36	1.35	1.42	1.35	3765900
2022-08-29	1.38	1.36	1.44	1.36	4710000
2022-08-30	1.38	1.36	1.4	1.36	745900
2022-08-31	1.37	1.36	1.39	1.37	321000
2022-09-01	1.39	1.33	1.39	1.33	670500
2022-09-02	1.33	1.33	1.36	1.33	212500
2022-09-05	1.33	1.32	1.34	1.32	145500
2022-09-06	1.34	1.33	1.36	1.34	387300
2022-09-07	1.35	1.34	1.38	1.34	367800
2022-09-08	1.34	1.33	1.37	1.34	240700
2022-09-09	1.37	1.33	1.37	1.33	334000
2022-09-12	1.36	1.32	1.36	1.33	441700
2022-09-13	1.34	1.33	1.36	1.34	79700
2022-09-14	1.33	1.33	1.35	1.34	179300
2022-09-15	1.35	1.33	1.36	1.36	449700
2022-09-16	1.36	1.34	1.44	1.44	3367600
2022-09-19	1.46	1.4	1.51	1.4	10644500
2022-09-20	1.4	1.37	1.42	1.37	981500
2022-09-21	1.38	1.35	1.39	1.36	640700
2022-09-22	1.36	1.35	1.43	1.41	1489600
2022-09-23	1.45	1.38	1.5	1.38	6974700
2022-09-26	1.37	1.37	1.41	1.39	705100
2022-09-27	1.39	1.38	1.44	1.39	867200
2022-09-28	1.41	1.38	1.41	1.38	802900
2022-09-29	1.41	1.34	1.42	1.35	1394400
2022-09-30	1.33	1.33	1.49	1.39	15662700
2022-10-03	1.39	1.37	1.41	1.39	1216500
2022-10-04	1.4	1.4	1.59	1.59	35969100
2022-10-05	1.55	1.5	1.59	1.54	14781800
2022-10-06	1.57	1.51	1.61	1.51	27979900
2022-10-07	1.52	1.41	1.53	1.42	7928700
2022-10-10	1.42	1.39	1.46	1.42	1700600
2022-10-11	1.43	1.37	1.47	1.37	2032400
2022-10-12	1.38	1.37	1.39	1.37	1190100
2022-10-17	1.37	1.37	1.4	1.4	1108400
2022-10-18	1.4	1.4	1.44	1.42	2382900
2022-10-19	1.42	1.4	1.44	1.4	1030100
2022-10-20	1.41	1.4	1.45	1.42	3598900
2022-10-21	1.42	1.4	1.44	1.4	2534200
2022-10-25	1.42	1.37	1.42	1.38	1587300
2022-10-26	1.38	1.37	1.39	1.37	911500
2022-10-27	1.39	1.32	1.39	1.34	1537300
2022-10-28	1.34	1.34	1.37	1.35	457200
2022-10-31	1.36	1.32	1.37	1.32	461300
2022-11-01	1.32	1.3	1.36	1.36	900600
2022-11-02	1.36	1.34	1.38	1.37	1399900
2022-11-03	1.37	1.36	1.37	1.37	302700
2022-11-04	1.37	1.35	1.37	1.37	113800
2022-11-07	1.36	1.34	1.37	1.36	283200
2022-11-08	1.36	1.35	1.37	1.36	503000
2022-11-09	1.35	1.32	1.36	1.34	402900
2022-11-10	1.33	1.32	1.35	1.35	306000
2022-11-11	1.34	1.3	1.34	1.3	559200
2022-11-14	1.3	1.27	1.3	1.3	428100
2022-11-15	1.3	1.27	1.34	1.27	258100
2022-11-16	1.32	1.28	1.34	1.28	351000
2022-11-17	1.3	1.28	1.32	1.28	197800
2022-11-18	1.28	1.27	1.29	1.27	175200
2022-11-21	1.26	1.26	1.28	1.26	212600
2022-11-22	1.27	1.2	1.3	1.23	2084000
2022-11-23	1.23	1.23	1.25	1.24	449900
2022-11-24	1.26	1.23	1.26	1.25	135500
2022-11-25	1.26	1.22	1.26	1.23	66100
2022-11-28	1.24	1.22	1.24	1.24	229200
2022-11-29	1.24	1.23	1.25	1.23	168900
2022-11-30	1.23	1.22	1.23	1.22	258800
2022-12-01	1.22	1.22	1.24	1.24	416800
2022-12-02	1.23	1.22	1.24	1.22	124600
2022-12-06	1.23	1.2	1.23	1.22	198600
2022-12-07	1.23	1.22	1.23	1.22	122500
2022-12-08	1.2	1.16	1.23	1.19	629100
2022-12-09	1.2	1.2	1.27	1.21	244000
2022-12-13	1.2	1.2	1.22	1.21	26200
2022-12-14	1.22	1.2	1.26	1.2	398900
2022-12-15	1.22	1.18	1.22	1.18	351200
2022-12-16	1.18	1.18	1.21	1.19	232700
2022-12-19	1.18	1.18	1.2	1.19	145700
2022-12-20	1.2	1.15	1.2	1.15	365000
2022-12-21	1.17	1.15	1.17	1.16	94500
2022-12-22	1.16	1.15	1.18	1.16	139400
2022-12-23	1.16	1.13	1.17	1.15	293900
2022-12-26	1.16	1.14	1.16	1.15	127400
2022-12-27	1.15	1.15	1.16	1.16	178200
2022-12-28	1.15	1.15	1.18	1.16	148300
2022-12-29	1.16	1.16	1.17	1.17	158900
2022-12-30	1.17	1.16	1.18	1.16	123800
