Date	Price Open	Price Low	Price High	Price Close	Volume
2017-11-03	10.0	9.9	10.1	10.1	1552500.0
2017-11-06	10.1	10.0	10.1	10.1	438500.0
2017-11-07	10.0	10.0	10.1	10.0	364700.0
2017-11-08	10.0	9.95	10.0	10.0	282500.0
2017-11-09	10.0	10.0	10.0	10.0	33100.0
2017-11-10	10.0	10.0	10.1	10.0	587900.0
2017-11-13	10.0	10.0	10.1	10.0	395300.0
2017-11-14	10.0	10.0	10.0	10.0	370200.0
2017-11-15	10.0	10.0	10.0	10.0	193800.0
2017-11-16	10.0	10.0	10.0	10.0	49700.0
2017-11-17	10.0	10.0	10.1	10.1	50100.0
2017-11-20	10.0	10.0	10.0	10.0	202700.0
2017-11-21	10.0	10.0	10.1	10.0	12600.0
2017-11-22	10.0	10.0	10.1	10.0	209100.0
2017-11-23	10.0	10.0	10.0	10.0	266300.0
2017-11-24	10.0	10.0	10.1	10.0	192100.0
2017-11-27	10.0	10.0	10.0	10.0	83500.0
2017-11-28	10.0	10.0	10.0	10.0	54100.0
2017-11-29	10.1	10.0	10.1	10.0	3000.0
2017-11-30	10.0	10.0	10.0	10.0	142000.0
2017-12-01	10.0	10.0	10.0	10.0	10000.0
2017-12-04	10.0	10.0	10.0	10.0	230200.0
2017-12-06	10.0	10.0	10.0	10.0	9000.0
2017-12-07	10.1	10.0	10.1	10.0	3100.0
2017-12-08	10.0	10.0	10.1	10.0	283200.0
2017-12-12	10.0	10.0	10.1	10.1	25000.0
2017-12-13	10.0	10.0	10.0	10.0	100.0
2017-12-14	10.0	10.0	10.0	10.0	20000.0
2017-12-15	10.0	10.0	10.1	10.0	97700.0
2017-12-18	10.0	10.0	10.0	10.0	4000.0
2017-12-19	10.0	10.0	10.0	10.0	16700.0
2017-12-20	10.0	10.0	10.0	10.0	12700.0
2017-12-21	10.0	10.0	10.0	10.0	73600.0
2017-12-22	10.1	10.1	10.1	10.1	1000.0
2017-12-25	10.1	9.95	10.1	10.0	26500.0
2017-12-26	10.0	10.0	10.0	10.0	30600.0
2017-12-27	10.0	9.95	10.0	10.0	39500.0
2017-12-28	10.0	10.0	10.0	10.0	11000.0
2017-12-29	10.0	10.0	10.0	10.0	24200.0
2018-01-03	10.0	9.95	10.0	9.95	17500.0
2018-01-04	9.95	9.9	10.0	9.95	107300.0
2018-01-05	9.95	9.9	10.0	10.0	29400.0
2018-01-08	9.95	9.9	9.95	9.95	144200.0
2018-01-09	9.95	9.95	10.0	10.0	255700.0
2018-01-10	10.0	10.0	10.0	10.0	10000.0
2018-01-11	9.95	9.95	9.95	9.95	6000.0
2018-01-12	10.0	9.9	10.0	9.95	153000.0
2018-01-15	10.0	9.95	10.0	10.0	127300.0
2018-01-16	9.95	9.95	9.95	9.95	1500.0
2018-01-17	10.0	10.0	10.0	10.0	500.0
2018-01-18	10.0	9.95	10.0	9.95	9000.0
2018-01-19	9.9	9.9	9.9	9.9	2200.0
2018-01-22	9.95	9.95	9.95	9.95	28600.0
2018-01-23	9.95	9.95	9.95	9.95	8400.0
2018-01-24	9.95	9.95	9.95	9.95	33500.0
2018-01-26	9.95	9.9	9.95	9.9	72500.0
2018-01-29	9.95	9.95	9.95	9.95	40200.0
2018-01-30	9.95	9.9	9.95	9.9	20100.0
2018-02-01	9.9	9.9	9.95	9.95	105300.0
2018-02-02	9.95	9.95	9.95	9.95	100.0
2018-02-05	9.95	9.95	9.95	9.95	18100.0
2018-02-06	9.95	9.95	10.0	9.95	187100.0
2018-02-07	9.95	9.9	9.95	9.9	10300.0
2018-02-09	9.9	9.9	9.9	9.9	500.0
2018-02-13	9.95	9.95	10.0	10.0	100000.0
2018-02-14	9.9	9.9	9.95	9.95	27600.0
2018-02-15	9.95	9.95	9.95	9.95	19900.0
2018-02-16	10.0	10.0	10.0	10.0	200.0
2018-02-20	10.0	9.95	10.0	9.95	3800.0
2018-02-21	9.9	9.9	9.95	9.95	2300.0
2018-02-22	9.95	9.95	10.0	9.95	21000.0
2018-02-23	10.0	10.0	10.0	10.0	3300.0
2018-02-26	10.0	10.0	10.1	10.1	63600.0
2018-02-27	10.0	10.0	10.1	10.1	154800.0
2018-02-28	9.95	9.85	9.95	9.95	25400.0
2018-03-02	9.85	9.85	9.95	9.95	307500.0
2018-03-05	9.9	9.9	9.9	9.9	10400.0
2018-03-07	9.9	9.9	9.9	9.9	21200.0
2018-03-08	9.9	9.9	9.9	9.9	100000.0
2018-03-09	9.9	9.9	9.9	9.9	10700.0
2018-03-12	9.9	9.9	9.9	9.9	600.0
2018-03-13	9.9	9.9	9.9	9.9	49400.0
2018-03-14	9.85	9.85	9.9	9.9	7100.0
2018-03-15	9.85	9.85	9.85	9.85	20000.0
2018-03-16	9.85	9.85	9.9	9.9	89800.0
2018-03-19	9.9	9.9	9.9	9.9	1200.0
2018-03-20	9.85	9.85	9.85	9.85	22100.0
2018-03-21	9.85	9.85	9.85	9.85	15700.0
2018-03-22	9.85	9.85	9.85	9.85	100.0
2018-03-23	9.9	9.9	9.9	9.9	30000.0
2018-03-26	9.9	9.85	9.9	9.85	5300.0
2018-03-27	9.85	9.85	9.85	9.85	3000.0
2018-03-28	9.85	9.85	9.85	9.85	2300.0
2018-03-29	9.85	9.85	9.85	9.85	30100.0
2018-03-30	9.85	9.85	9.85	9.85	8000.0
2018-04-02	9.8	9.8	9.8	9.8	500.0
2018-04-03	9.85	9.85	9.85	9.85	3700.0
2018-04-04	9.8	9.8	9.8	9.8	100.0
2018-04-05	9.8	9.8	9.85	9.85	11000.0
2018-04-09	9.65	9.65	9.65	9.65	30000.0
2018-04-10	9.75	9.7	9.85	9.75	13000.0
2018-04-11	9.75	9.75	9.8	9.8	111000.0
2018-04-12	9.8	9.8	9.8	9.8	80700.0
2018-04-18	9.8	9.8	9.8	9.8	23400.0
2018-04-19	9.8	9.8	9.8	9.8	30700.0
2018-04-20	9.85	9.85	9.85	9.85	24300.0
2018-04-23	9.85	9.85	9.85	9.85	800.0
2018-04-24	9.85	9.8	9.85	9.8	109200.0
2018-04-25	9.85	9.85	9.85	9.85	500.0
2018-04-26	9.85	9.85	9.85	9.85	299300.0
2018-05-02	9.85	9.85	9.85	9.85	100000.0
2018-05-03	9.85	9.85	9.85	9.85	25000.0
2018-05-04	9.85	9.85	9.85	9.85	50000.0
2018-05-07	9.85	9.85	9.85	9.85	83600.0
2018-05-08	9.85	9.85	9.85	9.85	31400.0
2018-05-09	9.85	9.85	9.85	9.85	227000.0
2018-05-10	9.85	9.85	9.85	9.85	41200.0
2018-05-11	9.85	9.85	9.85	9.85	6400.0
2018-05-14	9.85	9.85	9.85	9.85	15000.0
2018-05-15	9.85	9.85	9.9	9.85	72400.0
2018-05-16	9.85	9.85	9.9	9.85	106000.0
2018-05-17	9.85	9.85	9.85	9.85	5000.0
2018-05-18	9.85	9.85	9.85	9.85	50000.0
2018-05-21	9.85	9.85	9.85	9.85	300.0
2018-05-22	9.85	9.85	9.85	9.85	201700.0
2018-05-24	9.85	9.85	9.9	9.85	135000.0
2018-05-28	9.85	9.85	9.85	9.85	60000.0
2018-05-30	9.85	9.85	9.85	9.85	50200.0
2018-05-31	9.85	9.85	9.9	9.85	8200.0
2018-06-01	9.9	9.9	9.9	9.9	100.0
2018-06-04	9.9	9.9	9.9	9.9	164800.0
2018-06-05	9.9	9.9	9.9	9.9	5900.0
2018-06-06	9.9	9.9	9.9	9.9	21000.0
2018-06-08	9.9	9.9	9.9	9.9	50000.0
2018-06-11	9.9	9.9	9.9	9.9	7300.0
2018-06-12	9.95	9.9	9.95	9.9	13400.0
2018-06-13	9.9	9.9	9.9	9.9	20000.0
2018-06-18	9.9	9.9	9.9	9.9	10000.0
2018-06-19	9.8	9.8	9.8	9.8	13000.0
2018-06-20	9.8	9.8	9.8	9.8	500.0
2018-06-21	9.85	9.85	9.85	9.85	11700.0
2018-06-22	9.85	9.8	9.85	9.8	90200.0
2018-06-26	9.8	9.8	9.85	9.85	6500.0
2018-07-02	9.8	9.8	9.85	9.85	3100.0
2018-07-03	9.75	9.75	9.8	9.8	5100.0
2018-07-04	9.8	9.8	9.8	9.8	4800.0
2018-07-05	9.8	9.8	9.85	9.8	54500.0
2018-07-06	9.8	9.8	9.8	9.8	10000.0
2018-07-09	9.8	9.8	9.8	9.8	100000.0
2018-07-10	9.8	9.8	9.8	9.8	3000.0
2018-07-11	9.8	9.8	9.8	9.8	1000.0
2018-07-13	9.8	9.8	9.8	9.8	97000.0
2018-07-17	9.8	9.8	9.8	9.8	600.0
2018-07-18	9.8	9.8	9.8	9.8	10000.0
2018-07-19	9.8	9.8	9.8	9.8	2000.0
2018-07-23	9.75	9.6	9.8	9.8	201300.0
2018-07-24	9.7	9.7	9.75	9.75	400.0
2018-07-25	9.8	9.65	9.8	9.65	48300.0
2018-07-26	9.8	9.65	9.8	9.7	21600.0
2018-07-31	9.75	9.75	9.75	9.75	200.0
2018-08-01	9.7	9.7	9.7	9.7	11300.0
2018-08-02	9.7	9.7	9.75	9.75	15200.0
2018-08-03	9.7	9.7	9.75	9.7	40100.0
2018-08-06	9.7	9.7	9.85	9.85	139900.0
2018-08-07	9.8	9.8	9.85	9.85	259400.0
2018-08-08	9.85	9.8	9.85	9.8	23000.0
2018-08-09	9.75	9.75	9.75	9.75	4000.0
2018-08-10	9.75	9.75	9.75	9.75	2100.0
2018-08-14	9.75	9.75	9.75	9.75	4300.0
2018-08-16	9.85	9.85	9.85	9.85	34800.0
2018-08-17	9.85	9.85	9.85	9.85	1100.0
2018-08-20	9.9	9.9	9.9	9.9	120200.0
2018-08-21	9.9	9.9	9.9	9.9	16000.0
2018-08-22	9.9	9.8	9.9	9.9	95900.0
2018-08-23	9.9	9.85	9.95	9.85	92700.0
2018-08-24	9.55	9.55	9.6	9.6	82600.0
2018-08-27	9.6	9.6	9.65	9.6	115200.0
2018-08-28	9.6	9.6	9.65	9.65	1000.0
2018-08-29	9.65	9.65	9.7	9.7	72900.0
2018-08-30	9.7	9.7	9.7	9.7	37300.0
2018-08-31	9.7	9.7	9.8	9.75	517400.0
2018-09-03	9.8	9.8	9.85	9.85	18600.0
2018-09-04	9.7	9.7	9.7	9.7	10000.0
2018-09-05	9.7	9.7	9.7	9.7	20000.0
2018-09-13	9.75	9.5	9.75	9.5	140600.0
2018-09-14	9.55	9.55	9.6	9.6	1100.0
2018-09-17	9.65	9.65	9.7	9.7	12600.0
2018-09-18	9.7	9.7	9.7	9.7	6600.0
2018-09-19	9.7	9.7	9.7	9.7	12700.0
2018-09-20	9.7	9.7	9.7	9.7	6100.0
2018-09-21	9.7	9.7	9.7	9.7	3100.0
2018-09-24	9.65	9.65	9.65	9.65	15100.0
2018-09-25	9.65	9.65	9.65	9.65	21500.0
2018-09-26	9.65	9.65	9.65	9.65	9100.0
2018-09-27	9.7	9.7	9.7	9.7	500.0
2018-09-28	9.7	9.7	9.75	9.75	399400.0
2018-10-01	9.7	9.7	9.7	9.7	10000.0
2018-10-03	9.7	9.7	9.7	9.7	1600.0
2018-10-04	9.65	9.65	9.7	9.7	15800.0
2018-10-05	9.7	9.7	9.7	9.7	5000.0
2018-10-08	9.65	9.65	9.7	9.7	10400.0
2018-10-09	9.7	9.7	9.75	9.75	15800.0
2018-10-10	9.65	9.65	9.7	9.7	11000.0
2018-10-11	9.65	9.55	9.65	9.55	10200.0
2018-10-17	9.65	9.65	9.65	9.65	5200.0
2018-10-18	9.65	9.65	9.7	9.7	20700.0
2018-10-19	9.65	9.65	9.65	9.65	200.0
2018-10-24	9.7	9.65	9.7	9.7	1300.0
2018-11-01	9.7	9.7	9.7	9.7	1200.0
2018-11-08	9.65	9.6	9.65	9.65	4300.0
2018-11-13	9.65	9.65	9.65	9.65	200.0
2018-11-19	9.65	9.65	9.65	9.65	5000.0
2018-11-20	9.6	9.5	9.6	9.55	7200.0
2018-11-21	9.5	9.5	9.55	9.55	30200.0
2018-11-23	9.55	9.55	9.55	9.55	100.0
2018-11-26	9.5	9.5	9.5	9.5	19200.0
2018-11-27	9.5	9.5	9.55	9.5	17100.0
2018-11-28	9.5	9.5	9.5	9.5	2900.0
2018-11-29	9.55	9.55	9.55	9.55	100.0
2018-12-04	9.5	9.5	9.5	9.5	300.0
2018-12-06	9.5	9.5	9.5	9.5	300.0
2018-12-14	9.5	9.5	9.5	9.5	3200.0
2018-12-19	9.5	9.5	9.5	9.5	3600.0
2018-12-21	9.5	9.5	9.5	9.5	10000.0
2018-12-25	9.5	9.5	9.5	9.5	100.0
2018-12-26	9.5	9.5	9.5	9.5	5000.0
2018-12-27	9.5	9.5	9.5	9.5	200.0
2018-12-28	9.5	9.3	9.5	9.45	4000.0
2019-01-02	9.5	9.5	9.5	9.5	100.0
2019-01-03	9.55	9.55	9.55	9.55	100.0
2019-01-09	9.5	9.5	9.5	9.5	50000.0
2019-01-14	9.55	9.55	9.55	9.55	5000.0
2019-01-16	9.55	9.5	9.55	9.5	1100.0
2019-01-17	9.5	9.5	9.5	9.5	4200.0
2019-01-18	9.5	9.5	9.5	9.5	10400.0
2019-01-22	9.5	9.5	9.5	9.5	30100.0
2019-01-23	9.5	9.5	9.5	9.5	200.0
2019-01-24	9.6	9.6	9.6	9.6	300.0
2019-01-25	9.5	9.5	9.5	9.5	17900.0
2019-01-29	9.5	9.5	9.5	9.5	10000.0
2019-01-31	9.5	9.5	9.55	9.55	1400.0
2019-02-01	9.5	9.5	9.5	9.5	700.0
2019-02-04	9.55	9.55	9.55	9.55	3000.0
2019-02-05	9.6	9.55	9.6	9.55	10200.0
2019-02-07	9.45	9.45	9.45	9.45	2000.0
2019-02-08	9.5	9.5	9.5	9.5	3000.0
2019-02-11	9.5	9.5	9.5	9.5	1000.0
2019-02-13	9.45	9.45	9.5	9.5	5000.0
2019-02-14	9.5	9.5	9.5	9.5	200.0
2019-02-15	9.5	9.5	9.5	9.5	1100.0
2019-02-18	9.45	9.45	9.5	9.5	5200.0
2019-02-20	9.5	9.5	9.55	9.5	2100.0
2019-02-21	9.6	9.55	9.6	9.55	100500.0
2019-02-22	9.55	9.55	9.55	9.55	11400.0
2019-02-25	9.55	9.55	9.55	9.55	108300.0
2019-02-26	9.55	9.55	9.55	9.55	32400.0
2019-02-27	9.55	9.55	9.55	9.55	43700.0
2019-02-28	9.55	9.55	9.6	9.6	4200.0
2019-03-01	9.45	9.4	9.45	9.4	26200.0
2019-03-04	9.4	9.4	9.4	9.4	3600.0
2019-03-05	9.4	9.4	9.4	9.4	1500.0
2019-03-06	9.5	9.35	9.5	9.35	15200.0
2019-03-08	9.35	9.35	9.4	9.4	8300.0
2019-03-11	9.4	9.4	9.4	9.4	1600.0
2019-03-12	9.4	9.4	9.4	9.4	1100.0
2019-03-13	9.3	9.25	9.4	9.3	17500.0
2019-03-14	9.35	9.3	9.35	9.3	24800.0
2019-03-15	9.35	9.35	9.35	9.35	300.0
2019-03-18	9.3	9.3	9.3	9.3	1400.0
2019-03-19	9.3	9.3	9.35	9.35	5700.0
2019-03-20	9.3	9.3	9.3	9.3	14400.0
2019-03-21	9.3	9.3	9.3	9.3	100000.0
2019-03-22	9.4	9.4	9.4	9.4	100.0
2019-03-25	9.4	9.4	9.4	9.4	100.0
2019-03-26	9.4	9.35	9.4	9.35	9700.0
2019-03-27	9.35	9.35	9.4	9.4	1100.0
2019-03-28	9.4	9.35	9.4	9.35	8400.0
2019-03-29	9.35	9.35	9.35	9.35	6300.0
2019-04-01	9.35	9.3	9.35	9.3	126400.0
2019-04-02	9.3	9.3	9.3	9.3	6800.0
2019-04-03	9.3	9.3	9.3	9.3	2000.0
2019-04-04	9.35	9.35	9.35	9.35	20100.0
2019-04-05	9.3	9.3	9.3	9.3	13000.0
2019-04-09	9.4	9.4	9.4	9.4	300.0
2019-04-10	9.35	9.35	9.4	9.35	15700.0
2019-04-11	9.35	9.35	9.35	9.35	7800.0
2019-04-12	9.35	9.35	9.35	9.35	5000.0
2019-04-17	9.3	9.3	9.35	9.35	141600.0
2019-04-18	9.3	9.3	9.4	9.3	69100.0
2019-04-19	9.3	9.3	9.3	9.3	27100.0
2019-04-22	9.35	9.3	9.35	9.3	6400.0
2019-04-23	9.3	9.3	9.3	9.3	101100.0
2019-04-24	9.3	9.3	9.3	9.3	52300.0
2019-04-25	9.3	9.2	9.3	9.2	158800.0
2019-04-26	9.25	9.25	9.25	9.25	55000.0
2019-04-29	9.25	9.2	9.25	9.25	54400.0
2019-04-30	9.15	9.15	9.25	9.25	3600.0
2019-05-02	9.25	9.2	9.25	9.25	6700.0
2019-05-03	9.25	9.25	9.25	9.25	5900.0
2019-05-07	9.2	9.1	9.2	9.2	28300.0
2019-05-08	9.2	9.2	9.2	9.2	21700.0
2019-05-09	9.2	9.15	9.2	9.2	17600.0
2019-05-10	9.2	9.2	9.2	9.2	15000.0
2019-05-13	9.25	9.2	9.25	9.2	21300.0
2019-05-14	9.25	9.2	9.25	9.2	31500.0
2019-05-15	9.2	9.2	9.2	9.2	74400.0
2019-05-16	9.25	9.2	9.25	9.2	35600.0
2019-05-17	9.2	9.2	9.2	9.2	40900.0
2019-05-21	9.2	9.2	9.3	9.25	93800.0
2019-05-22	9.25	9.25	9.25	9.25	900.0
2019-05-23	9.25	9.25	9.25	9.25	100.0
2019-05-24	9.2	9.2	9.2	9.2	15000.0
2019-05-27	9.2	9.2	9.2	9.2	10000.0
2019-05-28	9.2	9.2	9.2	9.2	63700.0
2019-05-29	9.25	9.25	9.25	9.25	11000.0
2019-05-30	9.2	9.2	9.2	9.2	12000.0
2019-05-31	9.3	9.25	9.3	9.25	1100.0
2019-06-04	9.25	9.25	9.25	9.25	100.0
2019-06-05	9.2	9.2	9.25	9.25	10600.0
2019-06-06	9.25	9.25	9.25	9.25	1700.0
2019-06-07	9.25	9.25	9.25	9.25	13900.0
2019-06-10	9.35	9.25	9.35	9.25	5400.0
2019-06-11	9.35	9.35	9.35	9.35	10000.0
2019-06-12	9.25	9.25	9.25	9.25	100.0
2019-06-13	9.25	9.25	9.25	9.25	3000.0
2019-06-14	9.3	9.3	9.3	9.3	1000.0
2019-06-17	9.3	9.25	9.3	9.25	11500.0
2019-06-18	9.25	9.2	9.25	9.2	23400.0
2019-06-19	9.25	9.2	9.25	9.2	34500.0
2019-06-20	9.2	9.2	9.2	9.2	25500.0
2019-06-21	9.25	9.25	9.25	9.25	23400.0
2019-06-24	9.25	9.2	9.25	9.2	45700.0
2019-06-25	9.2	9.2	9.2	9.2	22500.0
2019-06-26	9.2	9.15	9.2	9.2	66700.0
2019-06-27	9.2	9.15	9.25	9.2	206200.0
2019-07-01	9.2	9.2	9.2	9.2	142000.0
2019-07-02	9.2	9.2	9.2	9.2	37000.0
2019-07-03	9.25	9.2	9.25	9.2	60500.0
2019-07-04	9.2	9.2	9.2	9.2	45700.0
2019-07-05	9.2	9.2	9.2	9.2	3000.0
2019-07-08	9.2	9.15	9.2	9.15	19000.0
2019-07-09	9.15	9.15	9.4	9.25	652100.0
2019-07-10	9.25	9.25	9.4	9.3	65600.0
2019-07-11	9.3	9.3	9.3	9.3	14800.0
2019-07-12	9.3	9.3	9.3	9.3	10100.0
2019-07-15	9.35	9.35	9.35	9.35	400.0
2019-07-17	9.35	9.3	9.35	9.3	15000.0
2019-07-18	9.35	9.25	9.35	9.3	176800.0
2019-07-19	9.3	9.3	9.3	9.3	300.0
2019-07-22	9.3	9.3	9.35	9.35	66200.0
2019-07-23	9.35	9.3	9.35	9.35	22500.0
2019-07-24	9.35	9.35	9.35	9.35	47700.0
2019-07-25	9.4	9.35	9.4	9.35	75300.0
2019-07-26	9.3	9.3	9.35	9.35	22000.0
2019-07-30	9.35	9.35	9.35	9.35	500.0
2019-07-31	9.35	9.3	9.35	9.3	10100.0
2019-08-01	9.3	9.3	9.3	9.3	74800.0
2019-08-02	9.35	9.25	9.35	9.25	10500.0
2019-08-05	9.35	9.35	9.35	9.35	5000.0
2019-08-06	9.25	9.2	9.3	9.3	42200.0
2019-08-09	9.35	9.35	9.35	9.35	5000.0
2019-08-13	9.35	9.35	9.35	9.35	3000.0
2019-08-14	9.3	9.25	9.35	9.35	19700.0
2019-08-15	9.3	9.3	9.35	9.3	34700.0
2019-08-16	9.35	9.35	9.35	9.35	40000.0
2019-08-19	9.3	9.3	9.35	9.35	123900.0
2019-08-20	9.35	9.35	9.35	9.35	26100.0
2019-08-21	9.35	9.35	9.35	9.35	160000.0
2019-08-22	9.4	9.3	9.4	9.35	269200.0
2019-08-23	9.4	9.35	9.4	9.4	444500.0
2019-08-26	9.4	9.4	9.45	9.4	261600.0
2019-08-27	9.45	9.4	9.5	9.4	133000.0
2019-08-28	9.4	9.35	9.45	9.45	207100.0
2019-08-29	9.45	9.45	9.5	9.45	151200.0
2019-08-30	9.15	9.1	9.2	9.15	92800.0
2019-09-02	9.15	9.1	9.2	9.1	101700.0
2019-09-03	9.15	9.15	9.15	9.15	14700.0
2019-09-04	9.1	9.1	9.15	9.1	47100.0
2019-09-05	9.1	9.05	9.15	9.05	77000.0
2019-09-06	9.1	9.0	9.1	9.05	362100.0
2019-09-09	9.15	9.05	9.15	9.05	11400.0
2019-09-10	9.05	8.95	9.05	9.0	83500.0
2019-09-11	9.0	8.95	9.0	9.0	107100.0
2019-09-12	9.0	8.95	9.15	9.1	264600.0
2019-09-13	9.1	9.1	9.1	9.1	28300.0
2019-09-16	9.1	9.05	9.1	9.1	15200.0
2019-09-17	9.1	9.05	9.1	9.05	5500.0
2019-09-18	9.15	9.1	9.15	9.1	26900.0
2019-09-19	9.1	9.1	9.1	9.1	68100.0
2019-09-20	9.1	9.1	9.1	9.1	107300.0
2019-09-23	9.1	9.1	9.15	9.1	2000.0
2019-09-24	9.1	9.05	9.15	9.05	206900.0
2019-09-25	9.1	9.1	9.15	9.1	4300.0
2019-09-26	9.1	9.1	9.1	9.1	209300.0
2019-09-27	9.1	9.1	9.1	9.1	3000.0
2019-09-30	9.1	9.1	9.15	9.15	13100.0
2019-10-01	9.1	9.1	9.15	9.1	16200.0
2019-10-02	9.1	9.1	9.1	9.1	1000.0
2019-10-03	9.1	9.1	9.15	9.15	42000.0
2019-10-04	9.1	9.1	9.1	9.1	200.0
2019-10-07	9.1	9.1	9.1	9.1	300.0
2019-10-10	9.05	9.05	9.05	9.05	47500.0
2019-10-11	9.1	9.1	9.1	9.1	62600.0
2019-10-15	9.1	9.1	9.1	9.1	7100.0
2019-10-16	9.1	9.1	9.1	9.1	2000.0
2019-10-18	9.1	9.0	9.1	9.0	13900.0
2019-10-22	9.05	9.05	9.1	9.05	51500.0
2019-10-24	9.05	9.05	9.05	9.05	8000.0
2019-10-25	9.0	9.0	9.0	9.0	135700.0
2019-10-28	9.0	9.0	9.05	9.05	37800.0
2019-10-29	9.05	9.05	9.1	9.1	26800.0
2019-10-31	9.1	9.0	9.1	9.1	40100.0
2019-11-01	9.05	9.05	9.05	9.05	10000.0
2019-11-04	9.0	9.0	9.0	9.0	100.0
2019-11-05	9.0	9.0	9.0	9.0	25100.0
2019-11-06	9.05	9.05	9.05	9.05	1200.0
2019-11-07	9.0	9.0	9.05	9.05	10200.0
2019-11-11	9.1	9.1	9.2	9.2	6200.0
2019-11-12	9.0	9.0	9.0	9.0	100.0
2019-11-13	9.05	8.95	9.1	9.1	145200.0
2019-11-15	9.0	8.95	9.0	8.95	31200.0
2019-11-18	9.05	9.05	9.05	9.05	51000.0
2019-11-20	9.1	9.05	9.1	9.05	55100.0
2019-11-21	9.15	9.05	9.15	9.05	25200.0
2019-11-26	9.1	9.1	9.1	9.1	15200.0
2019-11-27	9.1	9.1	9.1	9.1	2000.0
2019-11-28	9.1	9.1	9.1	9.1	4500.0
2019-11-29	9.1	9.1	9.1	9.1	1000.0
2019-12-02	9.1	9.1	9.1	9.1	54500.0
2019-12-04	9.05	9.05	9.1	9.1	4100.0
2019-12-06	9.1	9.0	9.1	9.0	11000.0
2019-12-09	8.95	8.95	8.95	8.95	10000.0
2019-12-11	9.0	9.0	9.0	9.0	13000.0
2019-12-12	9.0	9.0	9.0	9.0	400.0
2019-12-13	9.0	9.0	9.0	9.0	61500.0
2019-12-16	8.95	8.95	8.95	8.95	20000.0
2019-12-17	8.85	8.85	9.0	9.0	12600.0
2019-12-18	9.0	9.0	9.05	9.05	3100.0
2019-12-19	9.05	9.05	9.05	9.05	2000.0
2019-12-20	9.05	9.05	9.05	9.05	100000.0
2019-12-23	9.1	9.1	9.1	9.1	101000.0
2019-12-24	9.05	9.05	9.1	9.1	44200.0
2019-12-25	9.15	9.15	9.15	9.15	300.0
2019-12-26	9.1	9.1	9.1	9.1	9000.0
2019-12-27	9.1	9.05	9.1	9.1	107000.0
2019-12-30	9.05	9.05	9.1	9.1	14900.0
2020-01-03	9.1	9.1	9.1	9.1	4000.0
2020-01-06	9.15	9.15	9.15	9.15	1000.0
2020-01-07	9.75	9.15	9.75	9.15	1000.0
2020-01-08	9.15	9.15	9.15	9.15	2100.0
2020-01-09	9.15	9.15	9.15	9.15	20000.0
2020-01-10	9.15	9.1	9.15	9.1	50100.0
2020-01-13	9.1	9.1	9.1	9.1	200.0
2020-01-14	9.15	9.15	9.15	9.15	2400.0
2020-01-15	9.15	9.15	9.15	9.15	10200.0
2020-01-17	9.15	9.15	9.15	9.15	49700.0
2020-01-20	9.15	9.15	9.15	9.15	72400.0
2020-01-21	9.15	9.15	9.2	9.2	94600.0
2020-01-22	9.15	9.15	9.15	9.15	5000.0
2020-01-23	9.15	9.15	9.15	9.15	6100.0
2020-01-24	9.15	9.15	9.15	9.15	15500.0
2020-01-27	9.15	9.15	9.15	9.15	88900.0
2020-01-28	9.15	9.15	9.15	9.15	51500.0
2020-01-29	9.15	9.15	9.2	9.15	900.0
2020-01-31	9.2	9.2	9.2	9.2	100.0
2020-02-03	9.15	9.1	9.15	9.1	18900.0
2020-02-04	9.1	9.05	9.1	9.1	54800.0
2020-02-05	9.1	9.1	9.15	9.15	5200.0
2020-02-06	9.2	9.15	9.2	9.15	36000.0
2020-02-11	9.2	9.15	9.2	9.15	1500.0
2020-02-14	9.15	9.1	9.15	9.1	6100.0
2020-02-17	9.1	9.1	9.15	9.15	14000.0
2020-02-18	9.1	9.1	9.1	9.1	3400.0
2020-02-19	9.15	9.15	9.15	9.15	84000.0
2020-02-20	9.15	9.1	9.15	9.15	9300.0
2020-02-21	9.2	9.2	9.2	9.2	1000.0
2020-02-24	9.25	9.25	9.4	9.4	1000.0
2020-02-25	9.15	9.1	9.15	9.1	14900.0
2020-02-26	9.1	8.95	9.1	9.05	54000.0
2020-02-27	9.0	8.9	9.0	9.0	25300.0
2020-02-28	9.0	8.95	9.05	9.05	100700.0
2020-03-02	8.65	8.3	8.95	8.4	111700.0
2020-03-03	8.45	8.45	8.7	8.7	6900.0
2020-03-04	8.6	8.6	8.6	8.6	1800.0
2020-03-05	8.75	8.75	8.75	8.75	10000.0
2020-03-06	8.75	8.75	8.75	8.75	16300.0
2020-03-09	8.65	8.5	8.65	8.5	4700.0
2020-03-10	8.55	8.55	8.65	8.65	1500.0
2020-03-11	8.65	8.55	8.65	8.65	6700.0
2020-03-12	8.3	7.8	8.3	8.0	152000.0
2020-03-13	8.0	7.9	8.0	7.9	1100.0
2020-03-16	8.6	7.25	8.6	7.9	6000.0
2020-03-17	7.5	7.25	7.8	7.7	17300.0
2020-03-18	7.7	7.6	7.8	7.8	3000.0
2020-03-19	7.6	7.5	7.6	7.55	11700.0
2020-03-20	7.55	7.55	7.85	7.85	37400.0
2020-03-23	7.25	7.25	7.25	7.25	37500.0
2020-03-24	7.25	7.25	7.6	7.6	1100.0
2020-03-27	7.5	7.5	7.7	7.7	10100.0
2020-03-30	7.4	7.25	7.4	7.4	11200.0
2020-03-31	7.3	7.25	7.4	7.3	57800.0
2020-04-01	7.25	7.1	7.35	7.35	46800.0
2020-04-02	7.1	6.9	7.2	7.2	14100.0
2020-04-03	7.05	7.05	7.5	7.5	900.0
2020-04-07	7.4	7.2	7.4	7.2	12100.0
2020-04-08	7.2	7.2	7.2	7.2	300.0
2020-04-09	7.2	7.2	7.4	7.2	10600.0
2020-04-10	7.25	7.25	7.35	7.25	11100.0
2020-04-13	7.25	6.85	7.25	7.0	10500.0
2020-04-14	7.05	7.05	7.15	7.15	4800.0
2020-04-15	7.15	7.15	7.15	7.15	300.0
2020-04-16	7.15	7.15	7.15	7.15	1000.0
2020-04-20	7.15	7.15	7.3	7.3	8900.0
2020-04-21	7.3	7.3	7.3	7.3	1200.0
2020-04-22	7.25	7.25	7.25	7.25	17000.0
2020-04-23	7.2	7.2	7.2	7.2	6000.0
2020-04-24	7.25	7.25	7.3	7.25	37900.0
2020-04-27	7.25	7.2	7.25	7.25	8100.0
2020-04-28	7.2	7.2	7.35	7.35	4000.0
2020-04-29	7.3	7.25	7.3	7.3	28500.0
2020-04-30	7.3	7.2	7.3	7.3	31500.0
2020-05-05	7.25	7.2	7.25	7.25	3000.0
2020-05-07	7.25	7.15	7.25	7.2	5200.0
2020-05-08	7.2	7.2	7.25	7.25	5500.0
2020-05-11	7.25	7.2	7.25	7.2	15000.0
2020-05-12	7.15	7.15	7.2	7.2	25900.0
2020-05-13	7.25	7.15	7.25	7.2	9000.0
2020-05-14	7.0	7.0	7.1	7.1	41100.0
2020-05-15	7.1	7.05	7.1	7.1	83200.0
2020-05-18	7.1	7.1	7.15	7.15	12100.0
2020-05-19	7.1	7.1	7.15	7.15	14100.0
2020-05-20	7.15	7.15	7.2	7.2	10800.0
2020-05-21	7.1	7.1	7.2	7.2	25100.0
2020-05-22	7.2	7.2	7.2	7.2	9000.0
2020-05-25	7.2	7.1	7.2	7.2	30400.0
2020-05-26	7.2	7.15	7.2	7.2	28600.0
2020-05-27	7.2	7.1	7.2	7.2	8200.0
2020-05-28	7.2	7.15	7.2	7.15	5100.0
2020-05-29	7.2	7.2	7.4	7.3	17400.0
2020-06-01	7.35	7.3	7.45	7.45	25600.0
2020-06-02	7.4	7.35	7.45	7.45	5100.0
2020-06-04	7.4	7.3	7.4	7.35	75900.0
2020-06-05	7.35	7.3	7.35	7.3	10000.0
2020-06-08	7.35	7.35	7.35	7.35	20200.0
2020-06-09	7.35	7.35	7.35	7.35	33000.0
2020-06-10	7.4	7.35	7.5	7.5	40100.0
2020-06-11	7.35	7.35	7.5	7.5	20800.0
2020-06-12	7.45	7.4	7.45	7.4	7700.0
2020-06-15	7.4	7.35	7.4	7.35	22700.0
2020-06-16	7.35	7.35	7.45	7.45	400.0
2020-06-17	7.45	7.45	7.5	7.5	18400.0
2020-06-18	7.45	7.45	7.5	7.5	26000.0
2020-06-19	7.5	7.5	7.5	7.5	15300.0
2020-06-22	7.5	7.5	7.5	7.5	2400.0
2020-06-23	7.4	7.3	7.5	7.5	23300.0
2020-06-24	7.25	7.25	7.45	7.45	6700.0
2020-06-25	7.4	7.35	7.5	7.5	12000.0
2020-06-26	7.35	7.35	7.5	7.5	400.0
2020-06-30	7.35	7.35	7.45	7.45	1100.0
2020-07-01	7.45	7.45	7.45	7.45	9000.0
2020-07-02	7.35	7.35	7.5	7.5	5500.0
2020-07-03	7.4	7.4	7.45	7.45	1700.0
2020-07-07	7.45	7.3	7.45	7.45	25800.0
2020-07-08	7.4	7.35	7.4	7.35	9100.0
2020-07-09	7.3	7.3	8.45	8.45	19600.0
2020-07-10	8.3	7.55	8.3	8.0	3700.0
2020-07-13	8.0	7.35	8.0	7.4	14100.0
2020-07-14	7.35	7.35	7.6	7.6	1600.0
2020-07-20	7.6	7.5	7.6	7.5	5500.0
2020-07-21	7.6	7.35	7.8	7.45	6500.0
2020-07-22	7.45	7.35	7.45	7.4	8900.0
2020-07-23	7.4	7.4	7.55	7.55	3000.0
2020-07-24	7.45	7.45	7.55	7.55	2000.0
2020-07-29	7.6	7.6	7.6	7.6	1000.0
2020-07-30	7.6	7.6	7.6	7.6	3800.0
2020-07-31	7.6	7.6	7.6	7.6	2000.0
2020-08-03	7.55	7.55	7.6	7.6	3100.0
2020-08-04	7.6	7.5	7.6	7.5	14900.0
2020-08-05	7.5	7.5	7.6	7.6	6000.0
2020-08-06	7.55	7.55	7.55	7.55	4000.0
2020-08-07	7.55	7.55	7.55	7.55	15000.0
2020-08-10	7.6	7.6	7.7	7.7	64300.0
2020-08-11	7.7	7.6	7.7	7.6	11500.0
2020-08-13	7.65	7.6	7.7	7.7	5000.0
2020-08-14	7.75	7.6	7.75	7.6	38000.0
2020-08-19	7.7	7.65	7.7	7.65	5200.0
2020-08-20	7.7	7.65	7.7	7.65	5000.0
2020-08-21	7.65	7.65	7.7	7.7	3100.0
2020-08-24	7.8	7.6	7.8	7.8	7100.0
2020-08-26	8.0	8.0	8.2	8.1	10200.0
2020-08-28	8.0	8.0	8.0	8.0	6200.0
2020-09-01	7.65	7.65	8.0	8.0	200.0
2020-09-03	8.0	8.0	8.0	8.0	40500.0
2020-09-08	8.0	8.0	8.05	8.05	31400.0
2020-09-09	8.15	8.15	8.15	8.15	57500.0
2020-09-10	8.2	8.1	8.2	8.15	31700.0
2020-09-11	8.2	8.2	8.35	8.35	121800.0
2020-09-14	8.2	7.95	8.2	8.2	29400.0
2020-09-15	7.85	7.85	8.15	8.15	3600.0
2020-09-16	7.85	7.85	8.15	8.15	6600.0
2020-09-17	8.15	7.9	8.15	8.0	700.0
2020-09-18	8.15	8.15	8.15	8.15	500.0
2020-09-21	8.15	8.15	8.15	8.15	11000.0
2020-09-23	8.1	8.1	8.15	8.15	300.0
2020-09-24	7.85	7.85	8.15	8.15	600.0
2020-09-25	7.9	7.9	8.05	8.05	3800.0
2020-09-28	8.0	8.0	8.15	8.1	2600.0
2020-09-29	8.1	7.9	8.15	8.1	11400.0
2020-09-30	8.0	7.85	8.1	8.1	15200.0
2020-10-01	7.8	7.8	8.05	8.05	2400.0
2020-10-02	8.1	7.85	8.1	8.1	3500.0
2020-10-05	8.1	8.1	8.1	8.1	300.0
2020-10-06	8.1	8.1	8.1	8.1	900.0
2020-10-09	8.1	8.1	8.1	8.1	11800.0
2020-10-12	8.1	8.0	8.15	8.15	8700.0
2020-10-14	8.0	8.0	8.1	8.1	300.0
2020-10-15	8.0	7.9	8.1	8.1	2400.0
2020-10-16	7.85	7.85	8.1	8.1	400.0
2020-10-19	8.1	7.55	8.1	8.05	2900.0
2020-10-21	8.0	8.0	8.05	8.05	2100.0
2020-10-22	8.05	7.5	8.05	8.05	6200.0
2020-10-26	8.0	8.0	8.05	8.0	6800.0
2020-10-27	7.95	7.9	7.95	7.95	3900.0
2020-10-28	7.8	7.8	7.95	7.95	2100.0
2020-10-29	7.95	7.95	8.25	8.25	400.0
2020-10-30	8.0	8.0	8.1	8.1	3000.0
2020-11-02	8.1	8.1	8.1	8.1	100.0
2020-11-05	8.0	7.95	8.05	8.05	6500.0
2020-11-06	8.0	8.0	8.0	8.0	4900.0
2020-11-09	8.25	7.95	8.25	8.0	3700.0
2020-11-10	8.25	8.0	8.25	8.05	12300.0
2020-11-11	8.25	8.25	8.25	8.25	100.0
2020-11-12	8.0	7.9	8.05	8.05	24700.0
2020-11-13	7.9	7.8	8.05	8.05	44600.0
2020-11-16	8.0	7.8	8.2	8.2	33100.0
2020-11-17	8.0	7.8	8.0	8.0	22300.0
2020-11-18	8.0	7.75	8.0	8.0	20300.0
2020-11-19	7.95	7.95	8.0	8.0	11800.0
2020-11-20	7.95	7.95	7.95	7.95	1400.0
2020-11-23	7.95	7.9	8.0	8.0	5200.0
2020-11-24	7.95	7.9	7.95	7.95	3600.0
2020-11-25	7.95	7.95	7.95	7.95	300.0
2020-11-26	7.95	7.9	7.95	7.95	6300.0
2020-11-27	7.95	7.95	8.0	8.0	10200.0
2020-11-30	8.0	7.95	8.2	8.2	3400.0
2020-12-02	8.1	8.1	8.1	8.1	1100.0
2020-12-03	7.85	7.85	8.2	8.2	3000.0
2020-12-08	8.2	8.1	8.2	8.2	600.0
2020-12-09	8.2	8.2	8.2	8.2	300.0
2020-12-14	8.2	7.8	8.2	8.0	39100.0
2020-12-15	8.0	7.65	8.0	7.95	161600.0
2020-12-16	7.75	7.5	7.75	7.65	117000.0
2020-12-17	7.75	7.7	8.0	7.9	37100.0
2020-12-18	7.8	7.8	7.9	7.9	15000.0
2020-12-21	7.85	7.85	7.9	7.9	108600.0
2020-12-22	7.85	7.85	7.9	7.9	15100.0
2020-12-23	7.9	7.7	7.9	7.85	10100.0
2020-12-24	7.85	7.85	7.9	7.9	500.0
2020-12-25	7.9	7.9	7.9	7.9	400.0
2020-12-28	7.9	7.85	7.9	7.85	5800.0
2020-12-30	7.85	7.85	7.85	7.85	300.0
2021-01-04	7.9	7.9	7.95	7.95	9000.0
2021-01-05	7.9	7.9	8.0	8.0	11600.0
2021-01-07	7.9	7.9	8.0	8.0	1000.0
2021-01-08	7.9	7.9	7.9	7.9	500.0
2021-01-11	7.8	7.8	7.95	7.95	4100.0
2021-01-12	8.1	8.1	8.1	8.1	100.0
2021-01-14	7.9	7.9	8.0	8.0	200.0
2021-01-15	7.8	7.8	8.0	8.0	1100.0
2021-01-18	7.7	7.7	7.95	7.95	13800.0
2021-01-20	7.8	7.8	7.9	7.9	2200.0
2021-01-21	7.95	7.95	7.95	7.95	100.0
2021-01-22	7.9	7.9	7.9	7.9	700.0
2021-01-26	7.85	7.85	7.85	7.85	3700.0
2021-01-27	7.8	7.8	7.8	7.8	1100.0
2021-01-28	8.05	8.0	8.05	8.0	200200.0
2021-01-29	8.0	7.9	8.0	7.9	900.0
2021-02-01	7.85	7.85	7.85	7.85	1500.0
2021-02-02	7.85	7.85	7.85	7.85	100.0
2021-02-03	7.8	7.7	7.8	7.8	1400.0
2021-02-04	8.15	8.15	8.15	8.15	100.0
2021-02-05	8.1	7.65	8.1	7.65	21000.0
2021-02-08	7.95	7.95	7.95	7.95	100.0
2021-02-09	7.95	7.9	8.0	8.0	900.0
2021-02-10	8.0	8.0	8.0	8.0	5000.0
2021-02-11	7.85	7.75	7.95	7.95	9100.0
2021-02-15	7.8	7.75	8.0	8.0	3900.0
2021-02-17	7.95	7.95	8.1	8.1	8000.0
2021-02-18	7.9	7.9	8.15	8.05	3600.0
2021-02-19	8.1	7.9	8.1	8.05	2900.0
2021-02-22	8.1	8.05	8.1	8.1	1300.0
2021-02-23	8.05	8.0	8.1	8.1	7600.0
2021-02-24	8.0	7.95	8.25	8.1	22200.0
2021-02-25	8.15	8.05	8.15	8.1	3100.0
2021-03-01	8.15	8.0	8.15	8.15	15000.0
2021-03-02	8.0	8.0	8.2	8.0	18200.0
2021-03-03	7.9	7.5	8.0	8.0	20000.0
2021-03-04	8.0	8.0	8.75	8.75	300.0
2021-03-05	8.2	8.2	8.5	8.5	2400.0
2021-03-08	8.5	7.95	8.5	7.95	9500.0
2021-03-09	7.95	7.95	8.0	8.0	2900.0
2021-03-10	8.0	8.0	8.0	8.0	700.0
2021-03-11	8.0	8.0	8.1	8.1	4400.0
2021-03-12	8.1	8.1	8.1	8.1	1500.0
2021-03-15	8.1	8.0	8.2	8.2	14600.0
2021-03-16	8.15	8.05	8.15	8.1	7600.0
2021-03-17	8.1	8.1	8.1	8.1	1000.0
2021-03-18	8.15	8.0	8.15	8.15	9300.0
2021-03-22	8.1	8.1	8.15	8.15	29600.0
2021-03-23	8.15	8.15	8.2	8.2	8400.0
2021-03-26	8.2	7.95	8.3	8.15	13400.0
2021-03-29	8.2	8.15	8.2	8.15	500.0
2021-03-30	8.1	8.05	8.2	8.2	7500.0
2021-04-02	8.15	8.1	8.15	8.1	3000.0
2021-04-05	8.05	8.05	8.05	8.05	2300.0
2021-04-07	8.05	8.05	8.05	8.05	1100.0
2021-04-08	8.05	8.05	8.05	8.05	10900.0
2021-04-09	8.05	8.0	8.05	8.05	32000.0
2021-04-12	8.15	8.0	8.2	8.2	8900.0
2021-04-16	8.15	8.15	8.15	8.15	10700.0
2021-04-19	7.7	7.7	8.2	8.2	600.0
2021-04-20	8.15	8.0	8.15	8.15	15400.0
2021-04-21	8.15	8.15	8.2	8.2	2300.0
2021-04-22	8.15	8.15	8.15	8.15	5100.0
2021-04-23	8.1	8.05	8.1	8.05	11000.0
2021-04-26	8.0	8.0	8.05	8.0	9200.0
2021-04-27	8.15	8.15	8.15	8.15	2100.0
2021-04-30	8.0	8.0	8.15	8.15	12100.0
2021-05-05	8.15	8.0	8.15	8.15	24800.0
2021-05-06	8.05	8.0	8.2	8.2	3900.0
2021-05-07	8.2	8.2	8.2	8.2	600.0
2021-05-11	8.15	8.15	8.15	8.15	400.0
2021-05-12	8.2	8.2	8.25	8.25	8100.0
2021-05-13	8.15	8.0	8.2	8.2	23000.0
2021-05-14	8.2	8.2	8.2	8.2	1000.0
2021-05-17	8.2	8.2	8.2	8.2	5000.0
2021-05-18	8.2	8.15	8.2	8.2	18200.0
2021-05-20	8.15	8.0	8.15	8.15	16900.0
2021-05-24	8.05	8.05	8.05	8.05	1600.0
2021-05-25	8.05	8.05	8.05	8.05	7800.0
2021-05-27	8.15	8.0	8.15	8.1	5600.0
2021-05-28	8.1	8.0	8.1	8.1	6100.0
2021-05-31	8.1	8.05	8.15	8.15	10500.0
2021-06-01	8.1	8.05	8.2	8.15	19700.0
2021-06-02	8.1	8.05	8.1	8.05	6700.0
2021-06-04	8.05	8.05	8.15	8.15	2000.0
2021-06-07	8.1	8.1	8.1	8.1	1500.0
2021-06-08	8.05	8.0	8.15	8.15	17500.0
2021-06-09	8.05	8.05	8.15	8.15	300.0
2021-06-10	8.15	8.15	8.15	8.15	700.0
2021-06-11	8.1	8.1	8.15	8.15	1300.0
2021-06-15	8.15	8.15	8.25	8.25	3400.0
2021-06-16	8.25	8.25	8.25	8.25	800.0
2021-06-17	8.25	8.2	8.25	8.2	1800.0
2021-06-18	8.2	8.2	8.35	8.35	600.0
2021-06-21	8.1	8.0	8.3	8.0	18000.0
2021-06-22	8.25	8.25	8.25	8.25	200.0
2021-06-23	8.25	8.25	8.25	8.25	1300.0
2021-06-24	8.3	8.2	8.3	8.2	4400.0
2021-06-25	8.2	8.2	8.25	8.25	7900.0
2021-06-28	8.25	8.25	8.3	8.3	200.0
2021-06-30	8.3	8.25	8.3	8.25	2200.0
2021-07-01	8.3	8.0	8.3	8.2	2700.0
2021-07-02	8.25	8.25	8.3	8.25	1100.0
2021-07-05	8.25	8.2	8.25	8.25	21900.0
2021-07-06	8.3	8.2	8.3	8.25	4800.0
2021-07-07	8.3	8.25	8.3	8.3	3300.0
2021-07-08	8.2	8.2	8.25	8.25	6700.0
2021-07-09	8.25	8.25	8.25	8.25	1000.0
2021-07-12	8.3	8.2	8.3	8.25	3300.0
2021-07-14	8.35	8.2	8.35	8.2	39100.0
2021-07-15	8.3	8.3	8.3	8.3	5400.0
2021-07-19	8.2	8.2	8.35	8.25	6600.0
2021-07-20	8.2	8.2	8.2	8.2	5400.0
2021-07-21	8.25	8.25	8.25	8.25	100.0
2021-07-22	8.3	8.3	8.3	8.3	3300.0
2021-07-23	8.3	8.3	8.3	8.3	27100.0
2021-07-27	8.3	8.15	8.3	8.15	8900.0
2021-07-29	8.15	8.15	8.3	8.3	5500.0
2021-07-30	8.2	8.15	8.2	8.15	18700.0
2021-08-02	8.15	8.1	8.15	8.1	12900.0
2021-08-03	8.15	8.15	8.15	8.15	200.0
2021-08-04	8.15	8.15	8.15	8.15	500.0
2021-08-05	8.15	8.05	8.15	8.15	13500.0
2021-08-06	8.2	8.1	8.2	8.2	1500.0
2021-08-09	8.15	8.1	8.15	8.15	33400.0
2021-08-10	8.15	8.1	8.15	8.15	1500.0
2021-08-11	8.1	8.1	8.15	8.15	500.0
2021-08-13	8.15	8.15	8.15	8.15	2000.0
2021-08-16	8.15	8.1	8.3	8.25	34900.0
2021-08-17	8.1	8.1	8.15	8.15	700.0
2021-08-18	8.15	8.15	8.15	8.15	1000.0
2021-08-19	8.15	8.15	8.35	8.3	48400.0
2021-08-20	8.3	8.25	8.35	8.3	27900.0
2021-08-23	8.3	8.25	8.35	8.35	43400.0
2021-08-24	8.35	8.3	8.35	8.3	19400.0
2021-08-25	8.3	8.3	8.35	8.3	25800.0
2021-08-26	8.35	8.3	8.4	8.35	68600.0
2021-08-27	8.4	8.35	8.45	8.4	62000.0
2021-08-30	8.4	8.35	8.45	8.4	158500.0
2021-08-31	8.1	8.05	8.25	8.2	43000.0
2021-09-01	8.25	8.15	8.25	8.15	18000.0
2021-09-02	8.15	8.15	8.2	8.2	25300.0
2021-09-03	8.15	8.15	8.2	8.15	15200.0
2021-09-06	8.2	8.2	8.25	8.25	54800.0
2021-09-07	8.3	8.2	8.35	8.2	15100.0
2021-09-08	8.2	8.2	8.2	8.2	1300.0
2021-09-09	8.15	8.15	8.3	8.3	8400.0
2021-09-10	8.3	8.2	8.3	8.25	6900.0
2021-09-13	8.2	8.2	8.2	8.2	3500.0
2021-09-14	8.35	8.25	8.35	8.25	10700.0
2021-09-15	8.3	8.25	8.3	8.3	3200.0
2021-09-16	8.3	8.3	8.3	8.3	3000.0
2021-09-17	8.25	8.25	8.3	8.3	46100.0
2021-09-20	8.3	8.25	8.3	8.3	6700.0
2021-09-22	8.3	8.25	8.3	8.25	15500.0
2021-09-23	8.3	8.25	8.35	8.3	27600.0
2021-09-27	8.35	8.3	8.35	8.35	12900.0
2021-09-28	8.3	8.25	8.3	8.25	200.0
2021-09-30	8.35	8.3	8.35	8.3	3500.0
2021-10-01	8.35	8.35	8.35	8.35	20000.0
2021-10-04	8.35	8.35	8.4	8.4	5900.0
2021-10-05	8.35	8.35	8.4	8.4	47600.0
2021-10-06	8.45	8.45	8.45	8.45	12000.0
2021-10-07	8.35	8.35	8.45	8.35	33100.0
2021-10-08	8.35	8.35	8.35	8.35	100.0
2021-10-11	8.4	8.35	8.4	8.4	24300.0
2021-10-12	8.45	8.35	8.45	8.4	15300.0
2021-10-14	8.35	8.35	8.45	8.45	3100.0
2021-10-15	8.45	8.35	8.45	8.4	9000.0
2021-10-18	8.35	8.35	8.45	8.4	27700.0
2021-10-19	8.35	8.35	8.45	8.45	400.0
2021-10-20	8.45	8.45	8.5	8.45	140600.0
2021-10-25	8.3	8.3	8.45	8.45	51200.0
2021-10-26	8.4	8.35	8.4	8.4	66500.0
2021-10-28	8.4	8.4	8.4	8.4	23900.0
2021-10-29	8.45	8.4	8.45	8.4	12400.0
2021-11-01	8.45	8.4	8.45	8.45	7900.0
2021-11-02	8.4	8.4	8.45	8.4	11300.0
2021-11-03	8.5	8.5	8.5	8.5	37000.0
2021-11-04	8.5	8.4	8.5	8.4	1300.0
2021-11-08	8.4	8.1	8.45	8.45	5100.0
2021-11-10	8.45	8.45	8.5	8.5	23100.0
2021-11-11	8.45	8.3	8.5	8.5	1400.0
2021-11-12	8.5	8.45	8.5	8.45	7600.0
2021-11-15	8.4	8.35	8.4	8.4	26700.0
2021-11-16	8.4	8.4	8.4	8.4	17900.0
2021-11-17	8.35	8.35	8.35	8.35	2100.0
2021-11-18	8.35	8.3	8.55	8.55	9600.0
2021-11-19	8.35	8.35	8.4	8.4	16700.0
2021-11-22	8.4	8.25	8.4	8.35	26100.0
2021-11-23	8.6	8.4	8.6	8.4	7600.0
2021-11-24	8.35	8.35	8.4	8.4	4200.0
2021-11-25	8.5	8.5	8.5	8.5	700.0
2021-11-26	8.4	8.4	8.5	8.5	1300.0
2021-11-30	8.3	8.3	8.4	8.4	12700.0
2021-12-01	8.4	8.25	8.45	8.45	5300.0
2021-12-02	8.4	8.3	8.4	8.4	25000.0
2021-12-07	8.45	8.45	8.55	8.55	2100.0
2021-12-08	8.6	8.5	8.6	8.6	11400.0
2021-12-09	8.4	8.35	8.4	8.35	20000.0
2021-12-13	8.2	8.2	8.5	8.5	12300.0
2021-12-14	8.55	8.55	8.55	8.55	2400.0
2021-12-16	8.4	8.35	8.5	8.5	2400.0
2021-12-20	8.4	8.35	8.45	8.45	10300.0
2021-12-22	8.35	8.35	8.45	8.45	1100.0
2021-12-24	8.45	8.45	8.45	8.45	600.0
2021-12-27	8.3	8.3	8.45	8.4	19400.0
2021-12-28	8.45	8.45	8.45	8.45	300.0
2021-12-29	8.45	8.25	8.45	8.45	30600.0
2021-12-30	8.5	8.5	8.7	8.7	28200.0
2022-01-04	8.7	8.4	8.7	8.6	15100.0
2022-01-05	8.65	8.5	8.65	8.5	2600.0
2022-01-06	8.5	8.5	8.75	8.75	2100.0
2022-01-07	8.5	8.5	8.6	8.5	56800.0
2022-01-10	8.5	8.5	8.55	8.55	28600.0
2022-01-11	8.6	8.6	8.7	8.7	300.0
2022-01-12	8.45	8.45	8.5	8.5	7200.0
2022-01-13	8.65	8.5	8.65	8.5	11900.0
2022-01-14	8.6	8.5	8.6	8.5	6300.0
2022-01-17	8.6	8.5	8.6	8.5	5800.0
2022-01-18	8.4	8.4	8.6	8.6	200.0
2022-01-19	8.6	8.6	8.6	8.6	500.0
2022-01-20	8.5	8.5	8.65	8.65	500.0
2022-01-24	8.6	8.6	8.65	8.6	22400.0
2022-01-25	8.6	8.5	8.6	8.6	700.0
2022-01-26	8.6	8.5	8.6	8.6	17000.0
2022-01-27	8.7	8.55	8.7	8.6	14900.0
2022-01-28	8.55	8.55	8.55	8.55	300.0
2022-01-31	8.55	8.55	8.65	8.6	5200.0
2022-02-01	8.6	8.45	8.65	8.65	2200.0
2022-02-02	8.45	8.45	8.7	8.5	6500.0
2022-02-03	8.55	8.5	8.6	8.6	13100.0
2022-02-04	8.65	8.65	8.65	8.65	6000.0
2022-02-07	8.5	8.5	8.65	8.65	5600.0
2022-02-08	8.6	8.55	8.6	8.6	2900.0
2022-02-09	8.65	8.65	8.65	8.65	1000.0
2022-02-10	8.55	8.55	8.65	8.65	13500.0
2022-02-14	8.6	8.5	8.6	8.6	1200.0
2022-02-15	8.65	8.65	8.65	8.65	6900.0
2022-02-17	8.65	8.65	8.65	8.65	36500.0
2022-02-18	8.65	8.6	8.65	8.65	5000.0
2022-02-21	8.65	8.65	8.7	8.7	85800.0
2022-02-22	8.7	8.65	8.7	8.7	26500.0
2022-02-23	8.75	8.7	8.85	8.85	145600.0
2022-02-24	9.0	8.7	9.0	8.8	42300.0
2022-02-25	8.8	8.8	8.9	8.9	4300.0
2022-02-28	8.9	8.7	8.95	8.8	18600.0
2022-03-01	8.55	8.55	8.9	8.85	20100.0
2022-03-02	8.7	8.55	8.7	8.65	68600.0
2022-03-03	8.9	8.65	8.9	8.8	6500.0
2022-03-04	8.75	8.75	8.8	8.75	6000.0
2022-03-07	8.75	8.65	8.75	8.75	141800.0
2022-03-08	8.55	8.55	8.7	8.7	36000.0
2022-03-09	8.75	8.75	8.75	8.75	1400.0
2022-03-10	8.75	8.7	8.75	8.75	29700.0
2022-03-11	8.75	8.75	8.75	8.75	1000.0
2022-03-14	8.7	8.7	8.7	8.7	100.0
2022-03-15	8.7	8.7	8.7	8.7	200.0
2022-03-16	8.75	8.6	8.75	8.75	10800.0
2022-03-17	8.75	8.75	8.75	8.75	8400.0
2022-03-18	8.75	8.7	8.75	8.75	6500.0
2022-03-21	8.8	8.8	8.8	8.8	2300.0
2022-03-22	8.8	8.8	8.8	8.8	200.0
2022-03-23	8.8	8.75	8.8	8.8	3500.0
2022-03-24	8.85	8.6	8.85	8.75	6800.0
2022-03-25	8.75	8.75	8.8	8.8	9100.0
2022-03-28	8.8	8.75	8.8	8.8	28200.0
2022-03-29	8.8	8.75	8.8	8.8	20500.0
2022-03-30	8.8	8.75	8.8	8.75	6300.0
2022-03-31	8.75	8.75	8.9	8.9	126100.0
2022-04-01	8.8	8.8	8.85	8.85	22200.0
2022-04-04	8.85	8.85	8.85	8.85	20200.0
2022-04-05	8.85	8.85	8.85	8.85	24700.0
2022-04-07	8.85	8.85	8.9	8.9	8200.0
2022-04-08	8.9	8.9	8.95	8.95	14100.0
2022-04-11	8.7	8.7	8.75	8.75	13400.0
2022-04-12	8.95	8.8	8.95	8.85	32100.0
2022-04-18	8.75	8.75	8.9	8.85	2100.0
2022-04-19	8.85	8.85	8.9	8.9	7200.0
2022-04-20	8.9	8.9	8.95	8.95	19500.0
2022-04-21	8.95	8.85	9.0	9.0	36300.0
2022-04-22	9.0	8.85	9.0	8.95	7300.0
2022-04-25	8.9	8.85	8.9	8.85	6700.0
2022-04-26	8.7	8.7	8.9	8.9	6900.0
2022-04-27	8.9	8.9	8.95	8.95	5300.0
2022-04-28	8.65	8.65	8.9	8.85	25100.0
2022-04-29	8.9	8.7	8.95	8.95	24200.0
2022-05-06	8.95	8.95	9.0	9.0	200.0
2022-05-09	8.95	8.95	8.95	8.95	3200.0
2022-05-10	8.75	8.75	8.95	8.95	7200.0
2022-05-11	8.75	8.65	8.9	8.9	9500.0
2022-05-12	8.7	8.7	9.0	8.95	5300.0
2022-05-17	8.95	8.85	8.95	8.9	11000.0
2022-05-18	8.9	8.85	8.9	8.85	200.0
2022-05-19	8.5	8.5	8.85	8.85	15800.0
2022-05-20	8.7	8.7	9.0	8.85	17000.0
2022-05-23	8.95	8.95	8.95	8.95	32200.0
2022-05-24	8.75	8.75	9.0	9.0	5900.0
2022-05-25	8.85	8.85	8.95	8.95	12300.0
2022-05-26	9.0	8.95	9.0	8.95	7700.0
2022-05-27	8.95	8.95	9.0	9.0	11700.0
2022-05-30	8.95	8.85	9.0	9.0	54000.0
2022-05-31	9.0	8.95	9.0	9.0	43000.0
2022-06-01	9.0	8.9	9.0	9.0	15300.0
2022-06-02	8.9	8.9	9.0	9.0	3800.0
2022-06-06	9.0	8.7	9.0	8.95	71300.0
2022-06-07	8.95	8.95	8.95	8.95	100.0
2022-06-08	8.95	8.95	8.95	8.95	3400.0
2022-06-09	8.95	8.9	8.95	8.95	9500.0
2022-06-10	8.95	8.9	8.95	8.95	22400.0
2022-06-13	8.95	8.95	8.95	8.95	800.0
2022-06-14	8.9	8.9	8.95	8.95	7400.0
2022-06-15	8.95	8.9	8.95	8.9	15900.0
2022-06-16	8.9	8.75	8.9	8.9	3200.0
2022-06-17	8.75	8.7	8.95	8.95	27300.0
2022-06-21	8.9	8.9	8.9	8.9	4000.0
2022-06-22	8.75	8.75	8.75	8.75	100.0
2022-06-23	8.85	8.75	8.95	8.95	4000.0
2022-06-24	8.95	8.85	8.95	8.85	3400.0
2022-06-27	8.95	8.95	8.95	8.95	2000.0
2022-06-29	8.9	8.9	8.9	8.9	600.0
2022-06-30	8.85	8.85	8.9	8.9	31800.0
2022-07-01	8.9	8.9	8.9	8.9	2300.0
2022-07-04	8.9	8.8	8.9	8.85	2700.0
2022-07-05	8.8	8.8	8.85	8.85	2000.0
2022-07-06	8.9	8.8	8.9	8.9	700.0
2022-07-07	8.9	8.8	8.9	8.8	3100.0
2022-07-08	8.75	8.65	8.85	8.85	40900.0
2022-07-11	8.9	8.9	8.9	8.9	500.0
2022-07-12	8.85	8.85	8.9	8.9	57000.0
2022-07-18	8.85	8.6	8.85	8.6	13300.0
2022-07-19	8.65	8.5	8.65	8.6	108600.0
2022-07-20	8.6	8.5	8.6	8.5	700.0
2022-07-21	8.75	8.5	8.8	8.5	44500.0
2022-07-22	8.8	8.8	8.8	8.8	200.0
2022-07-25	8.5	8.45	8.8	8.8	2700.0
2022-07-26	8.55	8.5	8.8	8.8	1600.0
2022-07-27	8.55	8.55	8.8	8.75	1400.0
2022-08-03	8.75	8.65	8.8	8.75	5300.0
2022-08-04	8.75	8.7	8.8	8.8	2600.0
2022-08-05	8.65	8.55	8.8	8.75	7500.0
2022-08-08	8.75	8.75	8.75	8.75	20800.0
2022-08-09	8.8	8.8	8.8	8.8	100.0
2022-08-10	8.8	8.7	8.8	8.8	11500.0
2022-08-11	8.75	8.75	8.75	8.75	55500.0
2022-08-15	8.8	8.65	8.8	8.75	4300.0
2022-08-16	8.75	8.75	8.75	8.75	115700.0
2022-08-17	8.7	8.7	8.75	8.75	53000.0
2022-08-18	8.75	8.75	8.8	8.8	36400.0
2022-08-19	8.8	8.75	8.8	8.8	1600.0
2022-08-22	8.8	8.8	8.8	8.8	500.0
2022-08-23	8.65	8.2	8.7	8.6	100900.0
2022-08-24	8.55	8.45	8.55	8.5	64900.0
2022-08-25	8.45	8.45	8.55	8.55	21900.0
2022-08-26	8.5	7.65	8.55	7.8	793200.0
2022-08-29	7.8	7.75	7.95	7.95	168700.0
2022-08-30	7.9	7.9	8.1	8.1	113400.0
2022-08-31	8.1	8.05	8.2	8.1	110400.0
2022-09-01	8.1	8.1	8.15	8.1	153300.0
2022-09-02	8.05	7.95	8.05	8.05	12500.0
2022-09-05	8.05	7.95	8.05	7.95	6900.0
2022-09-06	8.0	8.0	8.1	8.05	31300.0
2022-09-07	8.05	8.05	8.1	8.1	1700.0
2022-09-08	8.0	8.0	8.15	8.15	83100.0
2022-09-09	7.9	7.9	8.15	8.1	3600.0
2022-09-12	8.1	8.1	8.15	8.1	7600.0
2022-09-13	8.15	8.05	8.2	8.05	6300.0
2022-09-14	8.05	8.0	8.05	8.05	26900.0
2022-09-15	8.05	8.0	8.05	8.05	25200.0
2022-09-16	8.1	8.0	8.1	8.1	19900.0
2022-09-19	7.95	7.85	8.0	7.9	74500.0
2022-09-20	7.9	7.6	7.95	7.6	324300.0
2022-09-21	7.6	7.5	7.65	7.6	158900.0
2022-09-22	7.7	7.55	7.7	7.65	28000.0
2022-09-23	7.65	7.65	7.9	7.9	74200.0
2022-09-26	8.05	7.85	8.05	7.9	15100.0
2022-09-27	7.85	7.8	7.85	7.8	3600.0
2022-09-28	7.85	7.8	7.85	7.8	4100.0
2022-09-29	7.75	7.25	7.85	7.65	10400.0
2022-09-30	7.8	7.6	7.95	7.85	8400.0
2022-10-03	7.85	7.65	7.85	7.7	4100.0
2022-10-04	7.9	7.9	8.0	8.0	3100.0
2022-10-05	7.9	7.9	7.9	7.9	2200.0
2022-10-06	7.9	7.8	7.95	7.8	3000.0
2022-10-07	7.95	7.9	7.95	7.9	1600.0
2022-10-10	7.85	7.8	7.85	7.8	3600.0
2022-10-12	7.75	7.75	7.9	7.9	3900.0
2022-10-17	7.9	7.9	7.9	7.9	14500.0
2022-10-18	7.85	7.85	7.85	7.85	2000.0
2022-10-19	7.8	7.8	7.9	7.9	1900.0
2022-10-20	7.95	7.95	7.95	7.95	1200.0
2022-10-21	7.85	7.85	7.85	7.85	500.0
2022-10-27	7.8	7.8	7.95	7.95	400.0
2022-10-31	7.8	7.75	7.95	7.95	700.0
2022-11-01	7.95	7.9	8.0	8.0	3100.0
2022-11-02	8.0	7.95	8.0	7.95	400.0
2022-11-03	7.95	7.95	8.0	8.0	10000.0
2022-11-04	8.0	7.9	8.0	7.95	4900.0
2022-11-07	7.95	7.95	8.0	7.95	142200.0
2022-11-08	7.95	7.95	8.0	8.0	17800.0
2022-11-09	8.0	8.0	8.0	8.0	2200.0
2022-11-10	7.95	7.95	8.0	8.0	14600.0
2022-11-11	8.05	7.95	8.1	7.95	17600.0
2022-11-14	8.1	8.0	8.1	8.1	12200.0
2022-11-15	8.05	8.05	8.05	8.05	3500.0
2022-11-16	8.1	8.0	8.1	8.05	2100.0
2022-11-17	8.1	8.05	8.1	8.05	7300.0
2022-11-18	8.0	8.0	8.05	8.05	2100.0
2022-11-21	7.9	7.85	8.0	7.85	3800.0
2022-11-22	8.05	8.05	8.1	8.05	6700.0
2022-11-23	8.05	8.0	8.1	8.05	6600.0
2022-11-24	8.15	8.0	8.15	8.05	13000.0
2022-11-25	8.1	8.05	8.15	8.05	47500.0
2022-11-28	8.1	8.1	8.2	8.15	49400.0
2022-11-29	8.4	8.25	8.45	8.4	101200.0
2022-11-30	8.35	8.35	8.4	8.4	11200.0
2022-12-01	8.15	8.1	8.2	8.15	31900.0
2022-12-02	8.15	8.1	8.15	8.1	7500.0
2022-12-06	8.1	8.05	8.1	8.05	10700.0
2022-12-07	8.1	8.05	8.1	8.05	11000.0
2022-12-08	8.05	8.05	8.1	8.05	21100.0
2022-12-09	8.05	8.05	8.05	8.05	15700.0
2022-12-13	8.05	8.05	8.1	8.05	17600.0
2022-12-14	8.1	8.05	8.1	8.05	5300.0
2022-12-16	8.1	8.1	8.1	8.1	4500.0
2022-12-19	8.1	8.1	8.1	8.1	4000.0
2022-12-22	8.15	8.15	8.3	8.15	24600.0
2022-12-23	8.35	8.25	8.35	8.25	5000.0
2022-12-26	8.25	8.25	8.35	8.35	11200.0
2022-12-27	8.4	8.4	8.4	8.4	2400.0
2022-12-28	8.4	8.4	8.45	8.45	11200.0
2022-12-29	8.45	8.45	8.5	8.5	4900.0
2022-12-30	8.5	8.45	8.5	8.5	17100.0
