Date	Price Open	Price Low	Price High	Price Close	Volume
2012-06-12	7.5	1.8	1.85	1.85	4679620.0
2012-06-13	6.8	1.8	1.9	1.8	2903900.0
2012-06-14	7.15	1.8	1.85	1.85	2038800.0
2012-06-15	7.8	1.85	1.9	1.85	3289480.0
2012-06-18	7.4	1.8	1.9	1.8	4551400.0
2012-06-19	7.4	1.85	1.9	1.9	3087600.0
2012-06-20	7.0	1.85	1.9	1.85	6088660.0
2012-06-21	6.45	1.85	1.9	1.85	4347100.0
2012-06-22	6.9	1.8	1.85	1.8	4115100.0
2012-06-25	6.75	1.8	1.85	1.85	6481040.0
2012-06-26	7.0	1.85	1.95	1.85	14914720.0
2012-06-27	7.0	1.85	1.9	1.85	4274060.0
2012-06-28	6.8	1.8	1.9	1.9	12671960.0
2012-06-29	6.7	1.85	1.9	1.85	4652100.0
2012-07-02	6.55	1.85	1.9	1.85	1323460.0
2012-07-03	6.5	1.85	1.95	1.9	14343920.0
2012-07-04	6.75	1.9	2.0	1.95	12371780.0
2012-07-05	6.55	1.95	2.1	2.0	30271740.0
2012-07-06	6.5	1.95	2.05	2.0	9733600.0
2012-07-09	6.35	1.95	2.0	1.95	2447240.0
2012-07-10	6.4	1.95	2.0	1.95	2387600.0
2012-07-11	6.65	1.95	2.0	1.95	4321320.0
2012-07-12	6.7	1.9	2.0	1.95	6664940.0
2012-07-13	6.75	1.9	2.0	1.95	2970360.0
2012-07-16	6.55	1.85	2.0	1.9	13950840.0
2012-07-17	6.7	1.85	1.95	1.9	18617580.0
2012-07-18	6.7	1.85	1.9	1.85	3200100.0
2012-07-19	6.6	1.8	1.9	1.85	24898220.0
2012-07-20	6.5	1.85	1.95	1.85	10073580.0
2012-07-23	6.55	1.85	1.9	1.85	2911460.0
2012-07-24	6.5	1.85	1.9	1.85	5418000.0
2012-07-25	6.45	1.8	1.9	1.85	7811440.0
2012-07-26	6.0	1.8	1.9	1.8	9134900.0
2012-07-27	6.05	1.8	1.85	1.8	4143220.0
2012-07-30	6.1	1.8	1.9	1.85	10489760.0
2012-07-31	6.25	1.8	2.05	2.05	45274420.0
2012-08-01	6.35	2.0	2.1	2.05	18454360.0
2012-08-03	6.35	2.05	2.3	2.25	65110140.0
2012-08-06	6.25	2.1	2.3	2.2	45730380.0
2012-08-07	6.25	2.15	2.3	2.2	30696420.0
2012-08-08	6.15	2.1	2.25	2.1	13896580.0
2012-08-09	6.2	2.0	2.15	2.05	17305580.0
2012-08-10	6.35	1.95	2.1	1.95	22857320.0
2012-08-14	6.4	1.9	2.0	1.9	7514820.0
2012-08-16	6.2	1.9	2.0	1.95	5405480.0
2012-08-17	6.3	1.9	2.0	1.95	6207940.0
2012-08-20	6.25	1.9	2.0	2.0	4814200.0
2012-08-21	6.4	1.95	2.0	1.95	3960800.0
2012-08-22	6.65	1.9	2.0	1.95	5951020.0
2012-08-23	6.6	1.95	2.0	1.95	6321380.0
2012-08-24	6.45	1.95	2.0	1.95	4823080.0
2012-08-27	6.4	1.95	2.0	1.95	6401320.0
2012-08-28	6.55	1.9	2.0	1.9	5979260.0
2012-08-29	6.7	1.9	1.95	1.9	3344820.0
2012-08-30	7.15	1.85	1.95	1.9	10374520.0
2012-08-31	7.25	1.9	1.95	1.9	11635480.0
2012-09-03	7.15	1.85	1.95	1.85	5880260.0
2012-09-04	7.0	1.85	1.95	1.9	9665600.0
2012-09-05	6.85	1.85	1.9	1.85	5040940.0
2012-09-06	6.9	1.85	1.95	1.85	14396540.0
2012-09-07	6.95	1.85	1.9	1.85	8335600.0
2012-09-10	7.2	1.85	1.95	1.95	36206020.0
2012-09-11	7.3	1.95	2.05	1.95	38140020.0
2012-09-12	7.05	1.9	1.95	1.9	18966940.0
2012-09-13	7.1	1.9	1.95	1.9	4100440.0
2012-09-14	7.2	1.9	1.95	1.9	8182440.0
2012-09-17	7.25	1.85	1.95	1.85	12142000.0
2012-09-18	7.5	1.85	1.9	1.85	17330880.0
2012-09-19	7.4	1.85	1.9	1.9	12185500.0
2012-09-20	7.2	1.85	1.95	1.85	39584840.0
2012-09-21	7.1	1.8	1.9	1.85	19570660.0
2012-09-24	7.1	1.75	1.9	1.75	75153240.0
2012-09-25	6.9	1.75	1.85	1.8	18794320.0
2012-09-26	6.7	1.7	1.8	1.7	27138720.0
2012-09-27	6.7	1.65	1.75	1.75	38423800.0
2012-09-28	6.0	1.7	1.75	1.7	11634820.0
2012-10-01	6.35	1.65	1.75	1.7	15552460.0
2012-10-02	6.1	1.6	1.7	1.65	41684640.0
2012-10-03	6.3	1.6	1.7	1.65	28697920.0
2012-10-04	6.45	1.65	1.7	1.65	8274800.0
2012-10-05	6.5	1.65	1.7	1.65	8630000.0
2012-10-08	6.3	1.65	1.8	1.75	61896280.0
2012-10-09	6.3	1.7	1.8	1.75	31749000.0
2012-10-10	6.4	1.75	1.85	1.75	42502280.0
2012-10-11	6.15	1.7	1.8	1.75	28378540.0
2012-10-12	6.25	1.7	1.8	1.75	15803560.0
2012-10-15	6.15	1.7	1.8	1.7	28418820.0
2012-10-16	6.15	1.7	1.8	1.7	18932920.0
2012-10-17	6.05	1.65	1.75	1.7	20741460.0
2012-10-18	6.1	1.7	1.75	1.7	8565740.0
2012-10-19	6.2	1.7	1.75	1.7	14130120.0
2012-10-22	6.15	1.65	1.75	1.7	9610780.0
2012-10-24	6.05	1.65	1.7	1.7	8742140.0
2012-10-25	6.05	1.65	1.75	1.7	25767300.0
2012-10-26	6.1	1.65	1.75	1.7	8208920.0
2012-10-29	6.0	1.7	1.75	1.7	7581180.0
2012-10-30	6.1	1.7	1.75	1.7	12746160.0
2012-10-31	6.25	1.7	1.75	1.75	3126820.0
2012-11-01	6.1	1.7	1.75	1.75	12175540.0
2012-11-02	6.1	1.7	1.75	1.7	11427920.0
2012-11-05	6.05	1.65	1.75	1.7	42098520.0
2012-11-06	6.05	1.65	1.75	1.7	12394300.0
2012-11-07	6.05	1.65	1.75	1.7	8314940.0
2012-11-08	6.0	1.65	1.7	1.65	6207340.0
2012-11-09	5.95	1.65	1.7	1.65	16483660.0
2012-11-12	6.0	1.65	1.7	1.65	7113880.0
2012-11-13	5.55	1.6	1.7	1.7	23453760.0
2012-11-14	5.15	1.65	1.7	1.65	11932320.0
2012-11-16	4.95	1.65	1.75	1.65	45880320.0
2012-11-19	4.8	1.6	1.7	1.6	15249560.0
2012-11-20	4.75	1.55	1.65	1.6	28630140.0
2012-11-21	5.1	1.55	1.6	1.55	7677460.0
2012-11-22	5.2	1.55	1.6	1.55	10013860.0
2012-11-23	5.15	1.5	1.55	1.5	12601160.0
2012-11-26	5.25	1.5	1.55	1.55	12660460.0
2012-11-27	5.3	1.5	1.6	1.55	9503080.0
2012-11-28	5.25	1.55	1.6	1.55	5592880.0
2012-11-29	5.1	1.55	1.6	1.55	9871340.0
2012-11-30	5.15	1.55	1.6	1.6	10963860.0
2012-12-03	5.2	1.55	1.6	1.55	10777820.0
2012-12-04	5.55	1.55	1.6	1.55	8071500.0
2012-12-06	5.35	1.5	1.6	1.5	25573460.0
2012-12-07	5.45	1.45	1.55	1.5	22277320.0
2012-12-11	5.6	1.45	1.55	1.5	19785000.0
2012-12-12	5.6	1.4	1.5	1.45	30242140.0
2012-12-13	5.75	1.45	1.5	1.45	10525400.0
2012-12-14	5.7	1.45	1.6	1.55	93318340.0
2012-12-17	5.65	1.5	1.6	1.5	44741560.0
2012-12-18	5.55	1.5	1.6	1.5	24959320.0
2012-12-19	5.5	1.45	1.55	1.5	32583860.0
2012-12-20	5.45	1.45	1.55	1.5	17298220.0
2012-12-21	5.35	1.45	1.55	1.55	26798720.0
2012-12-24	5.2	1.5	1.55	1.55	40198120.0
2012-12-25	5.2	1.45	1.55	1.45	61490040.0
2012-12-26	5.2	1.45	1.5	1.5	10418040.0
2012-12-27	5.2	1.45	1.75	1.75	206751200.0
2012-12-28	5.05	1.65	1.85	1.7	148282360.0
2013-01-02	5.1	1.65	1.7	1.65	13534740.0
2013-01-03	5.05	1.65	1.7	1.65	13961440.0
2013-01-04	5.05	1.6	1.75	1.7	61898020.0
2013-01-07	5.05	1.65	1.75	1.7	45913000.0
2013-01-08	5.15	1.7	1.8	1.75	86432720.0
2013-01-09	5.05	1.7	1.8	1.75	34515900.0
2013-01-10	5.15	1.7	1.8	1.7	25174360.0
2013-01-11	5.1	1.65	1.75	1.75	25476820.0
2013-01-14	5.25	1.7	1.75	1.7	14482720.0
2013-01-15	5.1	1.7	1.85	1.8	117878920.0
2013-01-16	5.1	1.8	2.05	1.95	237994180.0
2013-01-17	5.1	2.05	2.35	2.15	372058580.0
2013-01-18	5.05	2.1	2.35	2.1	219689220.0
2013-01-21	5.15	2.1	2.2	2.15	55529820.0
2013-01-22	5.25	2.0	2.15	2.0	73634400.0
2013-01-23	5.3	1.85	2.05	1.9	78084540.0
2013-01-24	5.15	1.95	2.05	2.0	49263460.0
2013-01-25	5.15	1.95	2.05	2.0	36428580.0
2013-01-28	4.7	1.95	2.05	2.0	29482980.0
2013-01-29	4.9	1.95	2.0	1.95	24472240.0
2013-01-30	4.75	1.9	2.0	1.9	20579040.0
2013-01-31	4.95	1.9	2.1	1.95	109585720.0
2013-02-01	4.9	1.95	2.1	2.0	85139860.0
2013-02-04	4.85	2.0	2.15	2.0	113702540.0
2013-02-05	4.75	2.0	2.1	2.1	56285660.0
2013-02-06	4.7	2.0	2.15	2.05	108625120.0
2013-02-07	4.65	2.0	2.1	2.05	26664860.0
2013-02-08	4.8	2.0	2.1	2.05	36476420.0
2013-02-11	4.85	2.0	2.1	2.05	26471340.0
2013-02-12	4.9	2.0	2.1	2.0	34496680.0
2013-02-13	4.85	1.95	2.05	1.95	55482780.0
2013-02-14	4.8	1.9	2.0	1.95	26706400.0
2013-02-15	4.75	1.9	2.0	1.9	36282340.0
2013-02-18	4.75	1.9	2.0	1.9	18864880.0
2013-02-19	4.8	1.9	2.0	1.9	20992240.0
2013-02-20	5.0	1.9	2.0	2.0	28317560.0
2013-02-21	4.85	1.95	2.1	2.0	125242140.0
2013-02-22	4.9	1.95	2.05	2.0	26840500.0
2013-02-26	4.9	1.95	2.0	1.95	29854820.0
2013-02-27	4.95	1.95	2.0	1.95	8451140.0
2013-02-28	4.9	1.9	2.0	1.95	11873120.0
2013-03-01	4.95	1.9	2.0	1.9	12746920.0
2013-03-05	5.3	1.85	1.95	1.85	18567420.0
2013-03-06	5.2	1.85	1.9	1.85	16698300.0
2013-03-07	5.2	1.85	1.9	1.9	11113160.0
2013-03-08	5.25	1.85	1.9	1.85	19828620.0
2013-03-11	5.35	1.85	1.95	1.9	35111680.0
2013-03-12	5.3	1.85	1.95	1.85	19157860.0
2013-03-13	5.15	1.85	1.95	1.9	49303780.0
2013-03-14	5.2	1.95	2.0	1.95	32492420.0
2013-03-15	5.3	1.9	2.0	1.95	40507860.0
2013-03-18	5.35	1.9	2.0	1.9	16930300.0
2013-03-19	5.25	1.9	2.05	1.95	109739300.0
2013-03-20	5.2	1.9	2.1	2.1	141471940.0
2013-03-21	5.25	1.95	2.2	1.95	239372040.0
2013-03-22	5.2	1.8	2.0	1.8	108891980.0
2013-03-25	5.15	1.8	1.9	1.85	34489280.0
2013-03-26	5.2	1.85	1.95	1.9	41071860.0
2013-03-27	5.15	1.9	2.05	1.95	109792640.0
2013-03-28	5.1	1.9	2.0	1.9	20753100.0
2013-03-29	5.1	1.9	1.95	1.9	9848380.0
2013-04-01	5.05	1.85	1.95	1.9	15373900.0
2013-04-02	5.1	1.85	1.95	1.9	12699080.0
2013-04-03	5.3	1.8	1.95	1.8	39907840.0
2013-04-04	5.3	1.75	1.85	1.8	30009640.0
2013-04-05	5.3	1.8	1.85	1.8	13097880.0
2013-04-09	5.35	1.75	1.8	1.75	9560560.0
2013-04-10	5.45	1.75	1.85	1.75	21682420.0
2013-04-11	5.5	1.75	1.9	1.9	47742300.0
2013-04-12	5.45	1.85	1.95	1.85	25601820.0
2013-04-17	5.7	1.8	1.9	1.8	7231020.0
2013-04-18	5.7	1.8	1.9	1.85	28576100.0
2013-04-19	5.85	1.75	1.85	1.8	28783440.0
2013-04-22	5.7	1.75	1.85	1.75	20919180.0
2013-04-23	5.65	1.75	1.85	1.75	12268740.0
2013-04-24	5.6	1.75	1.8	1.8	5719820.0
2013-04-25	5.45	1.75	1.85	1.8	22323340.0
2013-04-26	5.15	1.75	1.8	1.75	32438200.0
2013-04-29	4.65	1.75	1.85	1.75	37334620.0
2013-04-30	4.65	1.75	1.8	1.75	11634720.0
2013-05-02	4.75	1.7	1.8	1.75	51506080.0
2013-05-03	4.8	1.7	1.8	1.7	24875700.0
2013-05-07	4.75	1.7	1.8	1.7	17623420.0
2013-05-08	4.85	1.7	1.75	1.7	24649240.0
2013-05-09	4.85	1.6	1.7	1.65	99054040.0
2013-05-10	4.65	1.55	1.65	1.6	83819220.0
2013-05-13	4.45	1.5	1.6	1.55	73690860.0
2013-05-14	4.6	1.5	1.6	1.55	30585100.0
2013-05-15	4.45	1.5	1.6	1.5	21477800.0
2013-05-17	4.35	1.55	1.65	1.65	45045360.0
2013-05-20	4.3	1.6	1.7	1.6	52085220.0
2013-05-21	4.45	1.55	1.65	1.6	9943420.0
2013-05-22	4.65	1.5	1.6	1.6	23111700.0
2013-05-23	4.65	1.5	1.6	1.55	17385800.0
2013-05-27	4.7	1.5	1.55	1.5	4277780.0
2013-05-28	4.65	1.5	1.6	1.6	14796440.0
2013-05-29	4.6	1.5	1.6	1.55	25315340.0
2013-05-30	4.65	1.45	1.55	1.5	35516040.0
2013-05-31	4.7	1.45	1.55	1.5	14793520.0
2013-06-03	4.75	1.4	1.5	1.45	32344660.0
2013-06-04	4.7	1.4	1.5	1.45	21300800.0
2013-06-05	4.75	1.4	1.5	1.4	6280860.0
2013-06-06	4.8	1.35	1.45	1.35	31439900.0
2013-06-07	4.8	1.35	1.4	1.4	22857580.0
2013-06-10	4.75	1.3	1.4	1.35	65885400.0
2013-06-11	4.65	1.15	1.35	1.15	77805080.0
2013-06-12	4.7	1.05	1.2	1.05	47666740.0
2013-06-13	4.75	0.95	1.1	1.05	42312740.0
2013-06-14	4.85	1.05	1.15	1.1	20470760.0
2013-06-17	4.9	1.05	1.1	1.05	8146500.0
2013-06-18	4.9	1.0	1.15	1.0	29383460.0
2013-06-19	4.95	1.0	1.1	1.05	23133260.0
2013-06-20	5.05	1.0	1.05	1.0	8411480.0
2013-06-21	5.05	0.95	1.05	1.0	8750900.0
2013-06-24	5.05	0.95	1.05	0.95	15116680.0
2013-06-25	5.1	0.9	1.0	0.95	19624720.0
2013-06-26	5.2	0.95	1.0	1.0	18327420.0
2013-06-27	5.2	0.95	1.05	1.0	8965200.0
2013-06-28	5.05	0.95	1.05	0.95	16644880.0
2013-07-02	5.0	0.9	1.0	0.95	32419600.0
2013-07-03	5.0	0.9	1.0	0.9	19431780.0
2013-07-04	5.0	0.85	0.95	0.9	19404500.0
2013-07-05	5.0	0.85	0.95	0.9	13729640.0
2013-07-08	5.0	0.85	0.95	0.9	9435140.0
2013-07-09	4.9	0.85	0.95	0.9	4859000.0
2013-07-10	4.55	0.85	0.95	0.9	11495380.0
2013-07-11	4.65	0.85	0.95	0.9	11024760.0
2013-07-12	4.65	0.85	0.95	0.9	11951560.0
2013-07-15	4.6	0.9	0.95	0.95	3281600.0
2013-07-16	4.6	0.85	0.95	0.95	9682120.0
2013-07-17	4.6	0.9	0.95	0.9	3057920.0
2013-07-18	4.65	0.9	1.05	1.0	97964260.0
2013-07-19	4.6	1.0	1.05	1.0	6028820.0
2013-07-23	4.6	0.95	1.05	1.0	17161160.0
2013-07-24	4.6	1.0	1.1	1.0	47489300.0
2013-07-25	4.6	1.0	1.05	1.0	20176300.0
2013-07-26	4.6	0.95	1.05	1.0	8283500.0
2013-07-29	4.6	0.95	1.0	0.95	2847460.0
2013-07-30	4.6	0.95	1.0	0.95	1676620.0
2013-07-31	4.55	0.9	0.95	0.95	16449500.0
2013-08-01	4.55	0.9	0.95	0.9	1482220.0
2013-08-02	4.55	0.9	0.95	0.9	14886680.0
2013-08-05	4.55	0.9	0.95	0.9	12580420.0
2013-08-06	4.6	0.9	0.95	0.9	3795520.0
2013-08-07	4.5	0.85	0.95	0.9	10022060.0
2013-08-08	4.3	0.9	0.95	0.9	1421280.0
2013-08-09	4.35	0.9	0.95	0.95	1851360.0
2013-08-13	4.3	0.9	0.95	0.95	4122060.0
2013-08-14	4.4	0.9	0.95	0.95	1643700.0
2013-08-16	4.5	0.85	0.95	0.9	14933520.0
2013-08-19	4.5	0.85	0.9	0.85	9098440.0
2013-08-20	4.45	0.8	0.85	0.8	12470600.0
2013-08-21	4.5	0.8	0.9	0.85	9184220.0
2013-08-22	4.5	0.8	0.85	0.8	8172340.0
2013-08-23	4.5	0.8	0.85	0.8	4025140.0
2013-08-26	4.55	0.8	0.85	0.8	8998540.0
2013-08-27	4.55	0.75	0.85	0.75	20056080.0
2013-08-28	4.5	0.7	0.8	0.7	23220880.0
2013-08-29	4.55	0.7	0.8	0.75	7421240.0
2013-08-30	4.5	0.7	0.75	0.75	5493100.0
2013-09-02	4.55	0.75	0.8	0.8	3139960.0
2013-09-03	4.5	0.7	0.8	0.75	12468420.0
2013-09-04	4.45	0.7	0.8	0.75	2732820.0
2013-09-05	4.5	0.75	0.8	0.75	1980960.0
2013-09-06	4.55	0.75	0.85	0.8	25511440.0
2013-09-09	4.6	0.75	0.85	0.8	8819220.0
2013-09-10	4.6	0.75	0.85	0.8	11637300.0
2013-09-11	4.75	0.75	0.85	0.75	22822440.0
2013-09-12	4.8	0.75	0.8	0.75	6168060.0
2013-09-13	4.75	0.7	0.8	0.7	58531840.0
2013-09-16	4.65	0.75	0.8	0.75	12997280.0
2013-09-17	4.75	0.7	0.8	0.7	17827920.0
2013-09-18	4.75	0.7	0.75	0.7	20506200.0
2013-09-19	4.7	0.75	0.8	0.75	33179600.0
2013-09-20	4.75	0.75	0.8	0.8	23568100.0
2013-09-23	4.75	0.7	0.8	0.75	35715280.0
2013-09-24	4.7	0.7	0.8	0.75	16590120.0
2013-09-25	4.7	0.7	0.8	0.75	7372480.0
2013-09-26	4.65	0.7	0.75	0.75	3337060.0
2013-09-27	4.65	0.7	0.75	0.75	1788400.0
2013-09-30	4.55	0.7	0.75	0.7	21314800.0
2013-10-01	4.55	0.65	0.75	0.7	20695900.0
2013-10-02	4.6	0.7	0.75	0.75	2347160.0
2013-10-03	4.55	0.7	0.75	0.75	1034100.0
2013-10-04	4.55	0.7	0.75	0.7	2247140.0
2013-10-07	4.65	0.7	0.75	0.7	1842300.0
2013-10-08	4.8	0.7	0.75	0.75	1313640.0
2013-10-09	4.7	0.7	0.75	0.75	2569860.0
2013-10-10	4.65	0.7	0.75	0.7	17698580.0
2013-10-11	4.65	0.7	0.75	0.7	15018860.0
2013-10-14	4.6	0.65	0.75	0.7	12950960.0
2013-10-15	4.55	0.65	0.75	0.7	15700720.0
2013-10-16	4.5	0.7	0.75	0.75	3437640.0
2013-10-17	4.5	0.7	0.75	0.7	2937960.0
2013-10-18	4.45	0.7	0.8	0.75	158879740.0
2013-10-21	4.55	0.7	0.75	0.75	14838740.0
2013-10-22	4.6	0.7	0.75	0.7	3353380.0
2013-10-24	4.55	0.7	0.75	0.75	26046340.0
2013-10-25	4.6	0.7	0.75	0.7	17634400.0
2013-10-28	4.7	0.7	0.75	0.7	2575120.0
2013-10-29	4.6	0.7	0.75	0.7	8710680.0
2013-10-30	4.55	0.65	0.75	0.7	41356080.0
2013-10-31	4.6	0.65	0.7	0.7	14976360.0
2013-11-01	4.65	0.65	0.7	0.7	3260640.0
2013-11-04	4.75	0.65	0.7	0.65	2017580.0
2013-11-05	4.65	0.65	0.7	0.65	5588240.0
2013-11-06	4.85	0.6	0.7	0.65	45351160.0
2013-11-07	4.85	0.6	0.7	0.65	23460420.0
2013-11-08	4.9	0.6	0.65	0.6	7882680.0
2013-11-11	4.8	0.6	0.65	0.65	3641940.0
2013-11-12	4.85	0.6	0.7	0.65	12077800.0
2013-11-13	4.85	0.6	0.7	0.65	6690140.0
2013-11-14	5.05	0.65	0.7	0.65	9736480.0
2013-11-18	5.0	0.6	0.7	0.6	11920240.0
2013-11-19	5.05	0.6	0.65	0.6	2846080.0
2013-11-20	4.95	0.6	0.65	0.6	3764920.0
2013-11-21	4.95	0.6	0.65	0.6	6823900.0
2013-11-22	4.85	0.55	0.65	0.6	32097480.0
2013-11-25	4.85	0.55	0.6	0.55	9661600.0
2013-11-26	4.7	0.55	0.6	0.55	12751300.0
2013-11-27	4.8	0.55	0.6	0.6	7298020.0
2013-11-28	4.8	0.55	0.6	0.55	8248800.0
2013-11-29	4.75	0.55	0.6	0.55	4641520.0
2013-12-02	4.65	0.55	0.6	0.6	6442060.0
2013-12-03	4.65	0.55	0.6	0.6	4681400.0
2013-12-04	4.65	0.55	0.6	0.55	17809040.0
2013-12-06	4.6	0.5	0.6	0.55	28232980.0
2013-12-09	4.55	0.5	0.6	0.55	13125420.0
2013-12-11	4.55	0.5	0.6	0.55	12774300.0
2013-12-12	4.55	0.55	0.6	0.55	2266020.0
2013-12-13	4.6	0.5	0.6	0.55	6071340.0
2013-12-16	4.6	0.5	0.55	0.55	1562000.0
2013-12-17	4.4	0.5	0.55	0.5	2801700.0
2013-12-18	4.4	0.5	0.55	0.5	38017860.0
2013-12-19	4.3	0.5	0.55	0.55	4370620.0
2013-12-20	4.1	0.5	0.55	0.55	2373960.0
2013-12-23	4.0	0.5	0.55	0.5	15319000.0
2013-12-24	4.15	0.5	0.55	0.5	4578800.0
2013-12-25	4.3	0.5	0.55	0.5	1126300.0
2013-12-26	4.1	0.5	0.55	0.5	7719500.0
2013-12-27	4.15	0.45	0.55	0.5	7583460.0
2014-01-02	4.1	0.45	0.55	0.5	11843220.0
2014-01-03	4.15	0.45	0.5	0.5	1386060.0
2014-01-06	4.15	0.45	0.55	0.5	9763540.0
2014-01-07	4.1	0.5	0.55	0.5	6743900.0
2014-01-08	4.2	0.45	0.55	0.5	3364660.0
2014-01-09	4.2	0.45	0.55	0.5	15038020.0
2014-01-10	4.2	0.45	0.55	0.5	10477880.0
2014-01-13	4.25	0.45	0.5	0.5	1820660.0
2014-01-14	4.2	0.45	0.5	0.5	3387580.0
2014-01-15	4.15	0.45	0.5	0.5	945780.0
2014-01-16	4.15	0.45	0.5	0.5	2519640.0
2014-01-17	4.1	0.45	0.5	0.5	2032360.0
2014-01-20	4.1	0.45	0.5	0.5	821160.0
2014-01-21	4.05	0.45	0.5	0.5	3766300.0
2014-01-22	4.05	0.45	0.5	0.45	4788960.0
2014-01-23	4.1	0.45	0.5	0.5	1276460.0
2014-01-24	4.1	0.45	0.5	0.5	1615540.0
2014-01-27	4.05	0.45	0.5	0.45	1967660.0
2014-01-28	4.1	0.4	0.5	0.45	35337720.0
2014-01-29	4.15	0.4	0.45	0.4	18480720.0
2014-01-30	4.1	0.4	0.45	0.45	3721640.0
2014-01-31	4.15	0.4	0.45	0.4	5596420.0
2014-02-03	4.15	0.4	0.45	0.4	4058120.0
2014-02-04	4.15	0.4	0.45	0.4	1618540.0
2014-02-05	4.2	0.3	0.45	0.35	131894180.0
2014-02-06	4.15	0.3	0.4	0.4	31528040.0
2014-02-07	4.1	0.35	0.45	0.35	94325260.0
2014-02-10	4.25	0.35	0.4	0.4	3932300.0
2014-02-11	4.15	0.35	0.4	0.35	3016800.0
2014-02-12	4.2	0.35	0.45	0.45	90356460.0
2014-02-13	4.2	0.4	0.45	0.4	3297360.0
2014-02-17	4.2	0.4	0.45	0.4	2255300.0
2014-02-18	4.1	0.45	0.5	0.5	115711940.0
2014-02-19	4.05	0.55	0.65	0.65	308221820.0
2014-02-20	4.15	0.6	0.75	0.65	291910180.0
2014-02-21	4.2	0.65	0.8	0.75	241411960.0
2014-02-24	4.15	0.7	0.8	0.7	80674720.0
2014-02-25	4.1	0.65	0.75	0.65	102196560.0
2014-02-26	4.05	0.6	0.7	0.65	112249440.0
2014-02-27	4.05	0.65	0.75	0.65	64467440.0
2014-02-28	4.05	0.65	0.75	0.75	59535940.0
2014-09-15	6.25	0.95	0.95	0.95	38828240.0
2014-09-16	6.45	1.2	1.2	1.2	42846880.0
2014-09-17	6.3	1.15	1.45	1.25	354382500.0
2014-09-18	6.25	0.95	1.25	1.05	226751520.0
2014-09-19	6.7	1.0	1.1	1.0	52599080.0
2014-09-22	6.9	0.9	1.05	1.0	69697840.0
2014-09-23	7.2	0.9	1.0	0.95	138971100.0
2014-09-24	6.95	0.9	0.95	0.95	17881340.0
2014-09-25	7.05	0.9	1.0	0.9	13769280.0
2014-09-26	7.35	0.85	0.95	0.95	57497560.0
2014-09-29	7.85	0.9	0.95	0.9	23695300.0
2014-09-30	8.3	0.85	0.9	0.9	25576380.0
2014-10-01	8.6	0.8	0.9	0.85	49549100.0
2014-10-03	8.7	0.75	0.85	0.8	51958080.0
2014-10-06	8.35	0.75	0.85	0.75	33546580.0
2014-10-07	7.95	0.75	0.8	0.75	14225040.0
2014-10-08	7.65	0.75	0.8	0.75	14210180.0
2014-10-09	7.7	0.7	0.8	0.75	28325200.0
2014-10-10	7.05	0.75	0.85	0.8	31165980.0
2014-10-13	7.4	0.8	0.85	0.85	8796240.0
2014-10-14	7.85	0.8	0.9	0.85	64437420.0
2014-10-15	7.8	0.85	1.1	1.1	246406840.0
2014-10-16	7.4	0.95	1.1	0.95	153896360.0
2014-10-17	7.4	0.95	1.05	1.0	66472780.0
2014-10-20	6.8	0.95	1.05	0.95	47819440.0
2014-10-21	6.7	0.9	1.0	0.95	47824220.0
2014-10-22	6.95	0.95	1.0	1.0	15213500.0
2014-10-24	6.85	0.95	1.0	0.95	33855300.0
2014-10-27	6.8	0.95	1.05	0.95	52285880.0
2014-10-28	6.55	0.95	1.0	0.95	11656460.0
2014-10-29	6.4	0.95	1.0	1.0	17035580.0
2014-10-30	5.9	0.95	1.0	1.0	14125300.0
2014-10-31	6.15	0.95	1.05	1.0	102198620.0
2014-11-03	6.65	0.95	1.05	0.95	33181640.0
2014-11-04	6.8	0.9	1.0	0.95	49821800.0
2014-11-05	7.3	0.9	1.0	0.95	16050140.0
2014-11-06	6.75	0.9	1.0	0.9	18171000.0
2014-11-07	7.0	0.9	0.95	0.9	8685320.0
2014-11-10	6.85	0.9	0.95	0.9	10525100.0
2014-11-11	7.05	0.9	0.95	0.9	11982280.0
2014-11-12	6.9	0.85	0.95	0.9	21351000.0
2014-11-13	6.8	0.85	0.95	0.9	17498920.0
2014-11-14	6.35	0.9	0.95	0.9	8104920.0
2014-11-17	6.7	0.85	0.9	0.85	37424720.0
2014-11-18	6.55	0.85	0.9	0.85	3119620.0
2014-11-19	6.65	0.8	0.85	0.85	27343620.0
2014-11-20	6.6	0.8	0.85	0.8	19245760.0
2014-11-21	6.3	0.8	0.9	0.85	21144420.0
2014-11-24	6.25	0.8	0.85	0.85	6694280.0
2014-11-25	6.3	0.8	0.9	0.85	13615340.0
2014-11-26	6.2	0.8	0.9	0.8	9247600.0
2014-11-27	6.3	0.8	0.85	0.85	1397520.0
2014-11-28	6.55	0.8	0.9	0.85	9049480.0
2014-12-01	6.75	0.85	0.9	0.85	7433960.0
2014-12-02	6.5	0.8	0.85	0.85	9944020.0
2014-12-03	6.55	0.8	0.85	0.85	683560.0
2014-12-04	6.45	0.8	0.85	0.8	2576000.0
2014-12-08	6.55	0.75	0.85	0.8	24277200.0
2014-12-09	6.35	0.75	0.8	0.75	6053520.0
2014-12-11	6.25	0.7	0.8	0.75	55363900.0
2014-12-12	6.3	0.7	0.8	0.75	13792660.0
2014-12-15	6.25	0.65	0.8	0.7	56861760.0
2014-12-16	6.1	0.65	0.75	0.7	20316680.0
2014-12-17	5.15	0.65	0.75	0.7	25601760.0
2014-12-18	5.6	0.65	0.75	0.7	16351340.0
2014-12-19	5.75	0.7	0.75	0.7	8628340.0
2014-12-22	5.75	0.7	0.75	0.75	6578200.0
2014-12-23	5.65	0.7	0.75	0.7	9996740.0
2014-12-24	5.65	0.7	0.75	0.7	1733200.0
2014-12-25	5.55	0.7	0.75	0.7	3747740.0
2014-12-26	5.15	0.7	0.75	0.75	1091220.0
2014-12-29	4.9	0.7	0.75	0.75	7329940.0
2014-12-30	5.65	0.7	0.75	0.7	7517340.0
2015-01-05	6.15	0.7	0.8	0.75	26446740.0
2015-01-06	6.8	0.7	0.8	0.75	16058660.0
2015-01-07	6.3	0.7	0.8	0.75	22607820.0
2015-01-08	6.4	0.7	0.8	0.75	6683360.0
2015-01-09	6.5	0.7	0.75	0.75	16663280.0
2015-01-12	6.4	0.7	0.75	0.7	3139400.0
2015-01-13	6.35	0.7	0.8	0.8	36880540.0
2015-01-14	6.0	0.7	0.8	0.75	12712960.0
2015-01-15	6.05	0.7	0.75	0.75	7930840.0
2015-01-16	6.0	0.7	0.8	0.75	10464500.0
2015-01-19	6.0	0.7	0.8	0.75	5704680.0
2015-01-20	6.2	0.7	0.8	0.7	2866380.0
2015-01-21	6.35	0.7	0.8	0.75	26111600.0
2015-01-22	6.45	0.7	0.75	0.7	4312260.0
2015-01-23	6.45	0.7	0.8	0.75	13389160.0
2015-01-26	6.35	0.7	0.75	0.7	2836380.0
2015-01-27	6.3	0.7	0.75	0.75	21260100.0
2015-01-28	6.05	0.7	0.75	0.7	7041080.0
2015-01-29	6.2	0.7	0.75	0.7	5476440.0
2015-01-30	6.05	0.65	0.75	0.65	23573500.0
2015-02-02	6.3	0.65	0.7	0.7	11245860.0
2015-02-03	6.3	0.65	0.75	0.7	13162760.0
2015-02-04	6.15	0.65	0.75	0.7	9206300.0
2015-02-05	6.25	0.65	0.75	0.7	2241760.0
2015-02-06	6.3	0.65	0.75	0.7	6602180.0
2015-02-09	6.2	0.65	0.75	0.7	3219040.0
2015-02-10	6.3	0.65	0.7	0.7	1335740.0
2015-02-11	5.9	0.65	0.7	0.7	1012540.0
2015-02-12	6.3	0.65	0.7	0.7	3169560.0
2015-02-13	6.25	0.6	0.7	0.65	46815000.0
2015-02-16	6.25	0.65	0.7	0.7	10009580.0
2015-02-17	6.35	0.6	0.7	0.6	18001000.0
2015-02-18	5.45	0.6	0.65	0.65	19706800.0
2015-02-19	5.35	0.6	0.65	0.65	4647280.0
2015-02-20	5.15	0.55	0.65	0.6	51745780.0
2015-02-23	4.45	0.6	0.65	0.65	2478700.0
2015-02-24	4.5	0.6	0.65	0.6	6293300.0
2015-02-25	4.65	0.55	0.65	0.6	16303720.0
2015-02-26	4.55	0.55	0.65	0.6	18078400.0
2015-02-27	4.4	0.55	0.65	0.55	10196040.0
2015-03-02	4.35	0.55	0.6	0.55	14837020.0
2015-03-03	4.05	0.55	0.6	0.55	25336380.0
2015-03-05	4.05	0.5	0.6	0.55	7480060.0
2015-03-06	3.95	0.55	0.6	0.55	2257500.0
2015-03-09	3.95	0.55	0.6	0.55	652980.0
2015-03-10	3.6	0.55	0.6	0.6	6124500.0
2015-03-11	1.8	0.55	0.6	0.55	681860.0
2015-03-12	2.45	0.55	0.6	0.55	4711140.0
2015-03-13	2.05	0.55	0.6	0.55	1570920.0
2015-03-16	2.0	0.55	0.6	0.55	4440200.0
2015-03-17	2.1	0.5	0.6	0.55	16424640.0
2015-03-18	2.1	0.5	0.55	0.5	2058880.0
2015-03-19	2.4	0.5	0.55	0.5	1680240.0
2015-03-20	1.9	0.5	0.55	0.55	4217920.0
2015-03-23	2.05	0.5	0.55	0.5	1628520.0
2015-03-24	2.1	0.5	0.55	0.5	16547640.0
2015-03-25	1.95	0.5	0.55	0.5	4083220.0
2015-03-26	1.85	0.5	0.55	0.5	1360420.0
2015-03-27	1.75	0.5	0.55	0.5	2416800.0
2015-03-30	1.75	0.5	0.55	0.5	895740.0
2015-03-31	1.75	0.5	0.55	0.55	1537980.0
2015-04-01	1.75	0.5	0.55	0.55	1446000.0
2015-04-02	1.75	0.5	0.6	0.55	14889140.0
2015-04-03	1.7	0.55	0.6	0.55	1683000.0
2015-04-07	1.55	0.55	0.6	0.55	1649520.0
2015-04-08	1.55	0.55	0.6	0.55	286060.0
2015-04-09	1.55	0.5	0.6	0.55	3291420.0
2015-04-10	1.5	0.5	0.55	0.55	4098340.0
2015-04-16	1.5	0.5	0.55	0.55	1654940.0
2015-04-17	1.5	0.5	0.6	0.55	3494060.0
2015-04-20	1.65	0.55	0.6	0.6	1410980.0
2015-04-21	1.5	0.5	0.6	0.55	6021260.0
2015-04-22	1.6	0.5	0.6	0.55	6656620.0
2015-04-23	1.55	0.55	0.6	0.55	3448520.0
2015-04-24	1.55	0.55	0.6	0.55	3017220.0
2015-04-27	1.7	0.5	0.55	0.55	4272940.0
2015-04-28	1.75	0.5	0.55	0.5	1129760.0
2015-04-29	1.9	0.5	0.55	0.5	1988280.0
2015-04-30	1.85	0.5	0.55	0.55	877520.0
2015-05-06	2.0	0.5	0.55	0.5	6060040.0
2015-05-07	2.05	0.5	0.55	0.5	2533580.0
2015-05-08	2.0	0.5	0.55	0.5	1552240.0
2015-05-11	2.0	0.5	0.55	0.5	1796160.0
2015-05-12	2.1	0.5	0.55	0.5	7687380.0
2015-05-13	1.95	0.5	0.55	0.55	6262800.0
2015-05-14	2.0	0.5	0.55	0.5	2613600.0
2015-05-15	1.95	0.5	0.55	0.5	1460300.0
2015-05-18	2.0	0.5	0.55	0.5	3390160.0
2015-05-19	1.95	0.5	0.55	0.5	9920480.0
2015-05-20	1.95	0.5	0.55	0.55	4093700.0
2015-05-21	2.05	0.5	0.55	0.5	4008040.0
2015-05-22	2.2	0.5	0.55	0.55	5001420.0
2015-05-25	2.1	0.5	0.55	0.5	7569840.0
2015-05-26	2.0	0.5	0.53	0.51	7933800.0
2015-05-27	2.05	0.48	0.52	0.48	8002700.0
2015-05-28	2.05	0.45	0.48	0.46	7388500.0
2015-05-29	2.05	0.45	0.46	0.45	7154500.0
2015-06-02	2.0	0.41	0.45	0.41	11620500.0
2015-06-03	1.9	0.38	0.41	0.38	16783900.0
2015-06-04	1.9	0.35	0.38	0.35	25575500.0
2015-06-05	1.85	0.36	0.39	0.39	15325500.0
2015-06-08	1.85	0.39	0.41	0.41	6196200.0
2015-06-09	1.85	0.41	0.45	0.44	19322300.0
2015-06-10	1.85	0.43	0.47	0.45	24090500.0
2015-06-11	1.85	0.45	0.47	0.46	10801500.0
2015-06-12	1.85	0.45	0.47	0.46	4008400.0
2015-06-15	1.8	0.44	0.46	0.45	1799500.0
2015-06-16	1.8	0.44	0.45	0.44	2789400.0
2015-06-17	1.9	0.44	0.45	0.44	5515800.0
2015-06-18	1.8	0.42	0.44	0.42	5700700.0
2015-06-19	1.8	0.42	0.43	0.42	2694800.0
2015-06-22	1.8	0.41	0.43	0.42	1400800.0
2015-06-23	1.8	0.42	0.43	0.42	2012000.0
2015-06-24	1.8	0.42	0.43	0.42	2224500.0
2015-06-25	1.85	0.37	0.4	0.38	32029500.0
2015-06-26	1.85	0.37	0.39	0.37	12352700.0
2015-06-29	1.8	0.37	0.38	0.38	6038600.0
2015-06-30	1.85	0.37	0.39	0.39	8253700.0
2015-07-02	1.85	0.37	0.39	0.37	7800200.0
2015-07-03	1.85	0.36	0.38	0.36	4089600.0
2015-07-06	1.85	0.35	0.37	0.36	5472700.0
2015-07-07	1.8	0.36	0.37	0.36	2457400.0
2015-07-08	1.8	0.35	0.37	0.37	3493200.0
2015-07-09	1.85	0.36	0.37	0.37	750300.0
2015-07-10	1.75	0.35	0.37	0.36	7310200.0
2015-07-13	1.75	0.36	0.37	0.36	973200.0
2015-07-14	1.75	0.36	0.37	0.36	2385500.0
2015-07-15	1.7	0.35	0.37	0.35	4834600.0
2015-07-16	1.65	0.35	0.36	0.36	2521900.0
2015-07-17	1.55	0.35	0.37	0.36	3206400.0
2015-07-20	1.55	0.36	0.4	0.36	4271700.0
2015-07-21	1.35	0.35	0.37	0.36	2060300.0
2015-07-22	1.3	0.35	0.36	0.36	2273000.0
2015-07-23	1.25	0.36	0.37	0.36	5290900.0
2015-07-24	1.25	0.35	0.37	0.35	3786700.0
2015-07-27	1.25	0.35	0.36	0.35	2983200.0
2015-07-28	1.3	0.33	0.35	0.34	12375300.0
2015-07-29	1.25	0.33	0.34	0.33	5156500.0
2015-07-31	1.25	0.33	0.34	0.34	1028600.0
2015-08-03	1.3	0.33	0.34	0.33	4580400.0
2015-08-04	1.3	0.32	0.34	0.33	4552500.0
2015-08-05	1.35	0.33	0.35	0.34	13114400.0
2015-08-06	1.3	0.33	0.34	0.33	788400.0
2015-08-07	1.35	0.33	0.34	0.33	2685700.0
2015-08-10	1.3	0.33	0.34	0.34	729300.0
2015-08-11	1.4	0.32	0.34	0.33	50186900.0
2015-08-13	1.35	0.32	0.33	0.32	10315000.0
2015-08-14	1.35	0.32	0.33	0.32	6445600.0
2015-08-17	1.4	0.3	0.32	0.3	3616300.0
2015-08-18	1.35	0.29	0.31	0.29	48682300.0
2015-08-19	1.25	0.29	0.31	0.29	3683400.0
2015-08-20	1.25	0.28	0.3	0.3	5489000.0
2015-08-21	1.3	0.27	0.3	0.27	21591600.0
2015-08-24	1.3	0.23	0.26	0.23	30621700.0
2015-08-25	1.3	0.21	0.24	0.22	19636200.0
2015-08-26	1.25	0.22	0.25	0.22	7673300.0
2015-08-27	1.3	0.23	0.24	0.23	3684600.0
2015-08-28	1.3	0.23	0.24	0.24	3376500.0
2015-08-31	1.3	0.24	0.3	0.29	43030300.0
2015-09-01	1.3	0.26	0.29	0.27	23131900.0
2015-09-02	1.5	0.26	0.27	0.27	6409200.0
2015-09-03	1.85	0.26	0.27	0.26	2541400.0
2015-09-04	1.85	0.26	0.27	0.27	2001800.0
2015-09-07	1.65	0.26	0.29	0.29	8709900.0
2015-09-08	1.75	0.28	0.3	0.29	5365100.0
2015-09-09	1.8	0.28	0.3	0.29	1989600.0
2015-09-10	2.05	0.29	0.3	0.29	2911600.0
2015-09-11	1.95	0.29	0.3	0.29	2148900.0
2015-09-14	2.05	0.28	0.37	0.36	64178100.0
2015-09-15	2.0	0.3	0.36	0.31	36786600.0
2015-09-16	2.0	0.31	0.33	0.31	9003800.0
2015-09-17	2.05	0.31	0.32	0.31	1968200.0
2015-09-18	2.05	0.32	0.33	0.32	9806900.0
2015-09-21	2.15	0.32	0.34	0.32	9531800.0
2015-09-22	2.4	0.32	0.33	0.32	4716000.0
2015-09-23	2.3	0.32	0.33	0.33	2606200.0
2015-09-24	2.0	0.32	0.33	0.32	11178500.0
2015-09-25	2.0	0.32	0.33	0.32	5575500.0
2015-09-28	1.7	0.32	0.34	0.33	14396300.0
2015-09-29	1.75	0.32	0.33	0.32	6836400.0
2015-09-30	1.8	0.31	0.33	0.32	3768200.0
2015-10-01	1.75	0.31	0.32	0.31	1904900.0
2015-10-02	1.7	0.3	0.32	0.3	3362200.0
2015-10-05	1.75	0.3	0.32	0.31	1201600.0
2015-10-06	1.75	0.3	0.32	0.31	1941300.0
2015-10-07	1.8	0.3	0.31	0.31	614900.0
2015-10-08	1.75	0.3	0.32	0.31	4078800.0
2015-10-09	1.85	0.31	0.33	0.32	6234200.0
2015-10-12	2.05	0.31	0.32	0.32	2507400.0
2015-10-13	2.0	0.31	0.32	0.32	536200.0
2015-10-14	1.95	0.31	0.32	0.31	186700.0
2015-10-15	2.05	0.31	0.32	0.31	5595000.0
2015-10-16	2.1	0.31	0.32	0.31	2362400.0
2015-10-19	2.15	0.31	0.32	0.31	1309000.0
2015-10-20	2.15	0.31	0.32	0.31	2253200.0
2015-10-21	2.2	0.3	0.32	0.31	8140200.0
2015-10-22	2.25	0.31	0.31	0.31	307000.0
2015-10-26	2.2	0.31	0.32	0.31	5252000.0
2015-10-27	2.1	0.31	0.32	0.31	6267100.0
2015-10-28	2.0	0.31	0.32	0.32	8557800.0
2015-10-29	2.05	0.3	0.32	0.3	2183400.0
2015-10-30	1.95	0.29	0.31	0.3	4366600.0
2015-11-02	2.0	0.29	0.31	0.3	3872300.0
2015-11-03	1.9	0.3	0.31	0.3	2095500.0
2015-11-04	1.9	0.3	0.31	0.31	187500.0
2015-11-05	1.9	0.3	0.32	0.3	2028400.0
2015-11-06	1.95	0.3	0.31	0.3	1070500.0
2015-11-09	1.95	0.29	0.31	0.29	4865800.0
2015-11-10	2.05	0.3	0.31	0.3	1124900.0
2015-11-11	2.0	0.29	0.3	0.29	1258900.0
2015-11-12	1.9	0.29	0.3	0.29	4254700.0
2015-11-13	1.9	0.28	0.29	0.28	1051600.0
2015-11-16	1.9	0.28	0.29	0.28	1786300.0
2015-11-17	2.0	0.27	0.29	0.28	5014300.0
2015-11-18	1.95	0.27	0.28	0.27	1522100.0
2015-11-19	1.9	0.27	0.28	0.28	1502200.0
2015-11-20	1.9	0.27	0.28	0.27	228800.0
2015-11-23	1.95	0.26	0.28	0.27	685900.0
2015-11-24	1.95	0.27	0.28	0.27	757300.0
2015-11-25	1.95	0.26	0.28	0.26	346200.0
2015-11-26	2.0	0.26	0.27	0.26	682100.0
2015-11-27	2.0	0.25	0.26	0.25	2607900.0
2015-11-30	2.1	0.26	0.27	0.26	1534400.0
2015-12-01	2.05	0.25	0.26	0.25	1578000.0
2015-12-02	2.05	0.24	0.25	0.24	3884000.0
2015-12-03	2.0	0.23	0.24	0.24	4432300.0
2015-12-04	2.05	0.22	0.24	0.23	10239600.0
2015-12-08	2.05	0.23	0.24	0.23	4917900.0
2015-12-09	2.05	0.22	0.24	0.23	5755900.0
2015-12-11	2.05	0.22	0.24	0.23	3304100.0
2015-12-14	2.05	0.22	0.23	0.23	2715500.0
2015-12-15	2.05	0.23	0.24	0.24	8780400.0
2015-12-16	2.05	0.23	0.24	0.24	1950000.0
2015-12-17	2.05	0.23	0.24	0.23	164000.0
2015-12-18	2.05	0.23	0.24	0.23	3099500.0
2015-12-21	2.05	0.22	0.23	0.22	4279700.0
2015-12-22	2.05	0.19	0.22	0.21	30156400.0
2015-12-23	2.0	0.21	0.22	0.22	8660300.0
2015-12-24	2.0	0.21	0.22	0.22	1897800.0
2015-12-25	2.15	0.2	0.21	0.21	11768300.0
2015-12-28	2.2	0.21	0.23	0.22	7141600.0
2015-12-29	2.05	0.22	0.23	0.22	1605500.0
2015-12-30	2.1	0.22	0.23	0.22	5646200.0
2016-01-04	2.1	0.22	0.23	0.23	2633800.0
2016-01-05	2.05	0.22	0.23	0.22	1719100.0
2016-01-06	2.1	0.22	0.23	0.22	1947800.0
2016-01-07	2.15	0.18	0.23	0.19	45709300.0
2016-01-08	2.1	0.18	0.2	0.19	17158600.0
2016-01-11	2.1	0.17	0.2	0.18	14605800.0
2016-01-12	2.1	0.17	0.18	0.18	7141600.0
2016-01-13	2.15	0.17	0.18	0.18	2487100.0
2016-01-14	2.2	0.17	0.18	0.17	2954100.0
2016-01-15	2.3	0.17	0.18	0.17	2853400.0
2016-01-18	2.3	0.17	0.18	0.17	4084500.0
2016-01-19	2.6	0.17	0.18	0.17	1373400.0
2016-01-20	2.5	0.18	0.19	0.18	9290900.0
2016-01-21	2.6	0.18	0.19	0.18	3655400.0
2016-01-22	2.7	0.18	0.19	0.19	231800.0
2016-01-25	2.55	0.18	0.19	0.19	1542300.0
2016-01-26	2.55	0.18	0.19	0.19	1254200.0
2016-01-27	2.65	0.18	0.19	0.19	2864400.0
2016-01-28	2.65	0.18	0.2	0.19	6398800.0
2016-01-29	2.55	0.19	0.2	0.2	453900.0
2016-02-01	2.85	0.18	0.2	0.19	7475700.0
2016-02-02	2.9	0.19	0.19	0.19	4343000.0
2016-02-03	3.0	0.18	0.2	0.19	2887400.0
2016-02-04	2.9	0.19	0.2	0.2	2835700.0
2016-02-05	2.85	0.19	0.2	0.19	1055000.0
2016-02-08	2.8	0.19	0.2	0.19	837300.0
2016-02-09	2.75	0.19	0.2	0.2	470000.0
2016-02-10	2.7	0.19	0.2	0.19	492500.0
2016-02-11	2.65	0.19	0.21	0.19	1714900.0
2016-02-12	2.75	0.19	0.2	0.2	6542900.0
2016-02-15	2.75	0.19	0.2	0.2	2580800.0
2016-02-16	2.75	0.19	0.2	0.2	1101200.0
2016-02-17	2.7	0.19	0.2	0.19	465100.0
2016-02-18	2.65	0.19	0.2	0.19	1842600.0
2016-02-19	2.55	0.19	0.2	0.2	304500.0
2016-02-23	2.5	0.19	0.2	0.19	671100.0
2016-02-24	2.3	0.19	0.2	0.19	8242600.0
2016-02-25	2.3	0.19	0.2	0.2	4091400.0
2016-02-26	2.2	0.19	0.2	0.19	1910000.0
2016-02-29	2.1	0.19	0.2	0.2	2157200.0
2016-03-01	2.2	0.19	0.2	0.19	2544000.0
2016-03-02	2.25	0.18	0.19	0.19	2876800.0
2016-03-03	2.2	0.18	0.19	0.19	728700.0
2016-03-04	2.2	0.18	0.21	0.2	15830200.0
2016-03-07	2.15	0.2	0.21	0.2	3554200.0
2016-03-08	2.15	0.2	0.23	0.22	11115600.0
2016-03-09	2.2	0.21	0.23	0.22	5048700.0
2016-03-10	2.15	0.22	0.28	0.28	46905500.0
2016-03-11	2.2	0.27	0.29	0.28	5434500.0
2016-03-14	2.1	0.25	0.29	0.25	16762200.0
2016-03-15	2.05	0.25	0.26	0.25	3700700.0
2016-03-16	2.1	0.24	0.26	0.24	3098500.0
2016-03-17	2.1	0.24	0.26	0.25	6364000.0
2016-03-18	2.35	0.25	0.26	0.25	3203000.0
2016-03-21	2.35	0.25	0.28	0.27	10664600.0
2016-03-22	2.3	0.26	0.28	0.26	2167200.0
2016-03-23	2.4	0.26	0.29	0.28	15841800.0
2016-03-24	2.35	0.28	0.29	0.28	8457700.0
2016-03-25	2.2	0.28	0.29	0.28	2464400.0
2016-03-28	2.2	0.27	0.3	0.28	17911500.0
2016-03-29	2.2	0.27	0.28	0.28	5760400.0
2016-03-30	2.05	0.28	0.32	0.31	31913700.0
2016-03-31	2.1	0.31	0.32	0.31	11250100.0
2016-04-01	2.05	0.32	0.33	0.33	16708700.0
2016-04-04	2.05	0.33	0.37	0.35	18121300.0
2016-04-05	2.05	0.33	0.36	0.34	9233700.0
2016-04-07	2.0	0.32	0.35	0.32	3467000.0
2016-04-08	2.15	0.3	0.32	0.31	7538000.0
2016-04-11	2.05	0.31	0.33	0.31	1344100.0
2016-04-12	2.1	0.32	0.33	0.33	2810700.0
2016-04-18	2.05	0.32	0.34	0.33	4030700.0
2016-04-19	2.1	0.33	0.35	0.33	5958400.0
2016-04-20	2.1	0.33	0.35	0.33	3651400.0
2016-04-21	2.1	0.33	0.35	0.33	6228500.0
2016-04-22	2.15	0.33	0.34	0.33	854500.0
2016-04-25	2.1	0.33	0.35	0.33	2839600.0
2016-04-26	2.1	0.33	0.35	0.35	4919600.0
2016-04-27	2.15	0.34	0.35	0.34	1756500.0
2016-04-28	2.15	0.34	0.34	0.34	3765500.0
2016-04-29	2.15	0.31	0.36	0.34	15842100.0
2016-05-03	2.15	0.34	0.35	0.35	3143200.0
2016-05-04	2.05	0.34	0.35	0.35	5658800.0
2016-05-06	2.05	0.34	0.35	0.35	5658800.0
2016-05-09	2.1	0.33	0.35	0.33	5055100.0
2016-05-10	2.05	0.33	0.34	0.33	1167900.0
2016-05-11	2.05	0.33	0.34	0.33	4956900.0
2016-05-12	2.0	0.32	0.33	0.32	7081500.0
2016-05-13	2.05	0.31	0.32	0.31	5745500.0
2016-05-16	2.0	0.31	0.32	0.31	3115600.0
2016-05-17	2.0	0.31	0.33	0.32	7664800.0
2016-05-18	2.0	0.31	0.32	0.32	5699000.0
2016-05-19	2.05	0.3	0.32	0.3	2362900.0
2016-05-23	2.05	0.3	0.32	0.3	3587500.0
2016-05-24	2.05	0.3	0.31	0.3	6249100.0
2016-05-25	2.05	0.29	0.3	0.3	2449100.0
2016-05-26	2.05	0.29	0.31	0.3	2005500.0
2016-05-27	2.1	0.29	0.31	0.29	6696000.0
2016-05-30	2.1	0.28	0.3	0.29	10936900.0
2016-05-31	2.05	0.29	0.29	0.29	3585900.0
2016-06-01	2.05	0.28	0.3	0.29	13906400.0
2016-06-02	2.05	0.29	0.31	0.29	3587100.0
2016-06-03	2.05	0.29	0.3	0.3	3763300.0
2016-06-06	2.0	0.3	0.32	0.31	6314900.0
2016-06-07	2.0	0.31	0.32	0.32	8756400.0
2016-06-08	2.0	0.31	0.33	0.32	4151900.0
2016-06-09	1.95	0.31	0.32	0.31	4539300.0
2016-06-10	1.95	0.3	0.31	0.3	8930800.0
2016-06-13	2.0	0.3	0.31	0.31	855200.0
2016-06-14	1.9	0.3	0.32	0.31	3894800.0
2016-06-15	1.75	0.3	0.32	0.31	1616200.0
2016-06-16	1.75	0.3	0.32	0.31	624700.0
2016-06-17	1.85	0.3	0.32	0.3	2573900.0
2016-06-20	1.85	0.3	0.31	0.3	11872700.0
2016-06-21	1.85	0.3	0.3	0.3	582200.0
2016-06-22	1.85	0.29	0.3	0.3	1197100.0
2016-06-23	1.75	0.29	0.31	0.3	3751600.0
2016-06-24	1.75	0.3	0.31	0.31	7237700.0
2016-06-27	1.8	0.3	0.33	0.33	3940800.0
2016-06-28	1.75	0.32	0.33	0.32	2214100.0
2016-06-29	1.75	0.32	0.34	0.33	9441100.0
2016-06-30	1.75	0.31	0.33	0.32	1988300.0
2016-07-04	1.75	0.31	0.32	0.32	777700.0
2016-07-05	1.75	0.31	0.32	0.31	800000.0
2016-07-06	1.75	0.32	0.33	0.33	8159800.0
2016-07-07	1.7	0.32	0.33	0.32	2729000.0
2016-07-08	1.7	0.32	0.33	0.33	1682400.0
2016-07-11	1.75	0.32	0.33	0.33	2489600.0
2016-07-12	1.75	0.32	0.33	0.32	1406600.0
2016-07-13	1.75	0.32	0.33	0.33	2605200.0
2016-07-14	1.7	0.31	0.33	0.31	8395200.0
2016-07-15	1.7	0.31	0.32	0.31	5513600.0
2016-07-20	1.7	0.3	0.32	0.31	14228100.0
2016-07-21	1.7	0.3	0.31	0.31	9008100.0
2016-07-22	1.7	0.3	0.31	0.31	1080800.0
2016-07-25	1.7	0.31	0.32	0.31	6130700.0
2016-07-26	1.65	0.31	0.32	0.31	1966000.0
2016-07-27	1.65	0.31	0.32	0.31	2005900.0
2016-07-28	1.65	0.31	0.32	0.31	6471300.0
2016-07-29	1.55	0.31	0.33	0.32	5113000.0
2016-08-01	1.6	0.31	0.32	0.32	1140300.0
2016-08-02	1.6	0.31	0.32	0.32	3688900.0
2016-08-03	1.65	0.32	0.32	0.32	220500.0
2016-08-04	1.9	0.31	0.32	0.31	1062300.0
2016-08-05	1.85	0.31	0.32	0.31	2546400.0
2016-08-08	1.9	0.31	0.32	0.31	1700600.0
2016-08-09	1.95	0.31	0.32	0.32	657600.0
2016-08-10	1.95	0.31	0.32	0.31	1016000.0
2016-08-11	1.9	0.31	0.33	0.32	12931700.0
2016-08-15	1.9	0.32	0.39	0.39	121123700.0
2016-08-16	1.9	0.36	0.4	0.37	59613700.0
2016-08-17	2.0	0.35	0.37	0.35	6511700.0
2016-08-18	2.05	0.35	0.38	0.36	9947200.0
2016-08-19	2.05	0.35	0.38	0.36	9079000.0
2016-08-22	2.05	0.35	0.37	0.35	4587300.0
2016-08-23	2.0	0.35	0.36	0.35	5583500.0
2016-08-24	2.25	0.35	0.36	0.36	2116500.0
2016-08-25	2.25	0.35	0.37	0.36	2768300.0
2016-08-26	2.05	0.36	0.38	0.37	11619800.0
2016-08-29	1.95	0.36	0.38	0.36	8083700.0
2016-08-30	2.0	0.37	0.4	0.4	37384200.0
2016-08-31	2.0	0.38	0.42	0.39	59958700.0
2016-09-01	2.0	0.38	0.4	0.38	5099900.0
2016-09-02	2.0	0.36	0.39	0.37	13016900.0
2016-09-05	2.1	0.34	0.37	0.36	10637700.0
2016-09-06	2.0	0.35	0.37	0.36	5422900.0
2016-09-07	2.05	0.36	0.4	0.36	22127800.0
2016-09-08	2.05	0.34	0.37	0.35	14759000.0
2016-09-09	2.0	0.34	0.42	0.35	72136100.0
2016-09-12	1.95	0.34	0.36	0.34	11544300.0
2016-09-13	2.0	0.34	0.36	0.34	6335600.0
2016-09-14	2.1	0.34	0.35	0.35	5197400.0
2016-09-15	2.05	0.34	0.36	0.35	5687800.0
2016-09-16	2.15	0.34	0.35	0.34	6715800.0
2016-09-19	2.15	0.33	0.35	0.33	11466800.0
2016-09-20	2.15	0.33	0.34	0.33	7808300.0
2016-09-21	2.1	0.33	0.35	0.34	9218100.0
2016-09-22	2.1	0.34	0.35	0.35	1506100.0
2016-09-23	2.05	0.33	0.35	0.34	2840300.0
2016-09-26	2.0	0.33	0.34	0.34	637500.0
2016-09-27	2.0	0.34	0.34	0.34	508700.0
2016-09-28	1.95	0.33	0.34	0.33	2181200.0
2016-09-29	2.0	0.33	0.34	0.33	3441200.0
2016-09-30	1.95	0.33	0.34	0.34	1834900.0
2016-10-03	1.9	0.33	0.34	0.34	4884800.0
2016-10-04	1.9	0.33	0.34	0.33	2383500.0
2016-10-05	1.9	0.32	0.34	0.33	7288600.0
2016-10-06	1.95	0.33	0.35	0.34	8923800.0
2016-10-07	2.0	0.33	0.35	0.34	1989200.0
2016-10-10	2.0	0.31	0.33	0.32	10304900.0
2016-10-11	2.0	0.3	0.32	0.31	5245600.0
2016-10-12	2.0	0.22	0.31	0.26	37374400.0
2016-10-13	2.0	0.22	0.26	0.25	16326600.0
2016-10-14	1.95	0.26	0.3	0.29	14048300.0
2016-10-17	2.0	0.28	0.3	0.29	2697600.0
2016-10-18	2.0	0.3	0.31	0.31	3976100.0
2016-10-19	2.0	0.3	0.33	0.31	9867200.0
2016-10-20	1.9	0.32	0.33	0.33	6216400.0
2016-10-21	1.95	0.31	0.33	0.32	3369700.0
2016-10-25	1.95	0.31	0.33	0.32	892300.0
2016-10-26	1.95	0.3	0.32	0.31	5757000.0
2016-10-27	1.95	0.3	0.32	0.31	2575600.0
2016-10-28	2.0	0.31	0.33	0.33	8398400.0
2016-10-31	1.95	0.32	0.36	0.36	51332300.0
2016-11-01	1.95	0.35	0.37	0.35	12221200.0
2016-11-02	1.95	0.33	0.36	0.34	15678700.0
2016-11-03	1.95	0.34	0.37	0.35	18306800.0
2016-11-04	1.95	0.34	0.36	0.35	17751500.0
2016-11-07	1.95	0.35	0.37	0.36	25826700.0
2016-11-08	1.9	0.35	0.37	0.36	10248700.0
2016-11-09	1.95	0.34	0.36	0.36	11566800.0
2016-11-10	1.95	0.35	0.36	0.35	4134400.0
2016-11-11	1.95	0.34	0.36	0.35	6976900.0
2016-11-14	1.95	0.33	0.36	0.33	9347500.0
2016-11-15	1.95	0.31	0.34	0.32	26611800.0
2016-11-16	2.0	0.31	0.33	0.31	7321200.0
2016-11-17	2.0	0.31	0.33	0.32	4589900.0
2016-11-18	2.0	0.32	0.33	0.32	1835700.0
2016-11-21	2.05	0.31	0.33	0.32	16149100.0
2016-11-22	2.0	0.3	0.32	0.31	21996000.0
2016-11-23	2.0	0.31	0.32	0.32	8119000.0
2016-11-24	2.0	0.31	0.32	0.31	562000.0
2016-11-25	1.95	0.32	0.33	0.33	2698800.0
2016-11-28	2.1	0.32	0.33	0.32	1924200.0
2016-11-29	2.2	0.31	0.33	0.32	2077600.0
2016-11-30	2.3	0.31	0.32	0.32	1735600.0
2016-12-01	2.2	0.31	0.32	0.31	1565300.0
2016-12-02	2.2	0.31	0.32	0.31	1799300.0
2016-12-06	2.45	0.31	0.31	0.31	1791200.0
2016-12-07	2.4	0.31	0.32	0.32	2801200.0
2016-12-08	2.3	0.31	0.32	0.32	1302300.0
2016-12-09	2.2	0.31	0.34	0.33	34193700.0
2016-12-13	2.2	0.32	0.33	0.32	2000700.0
2016-12-14	2.35	0.32	0.33	0.32	10483400.0
2016-12-15	2.3	0.32	0.33	0.33	3569000.0
2016-12-16	2.3	0.32	0.33	0.32	486400.0
2016-12-19	2.25	0.32	0.33	0.32	6244800.0
2016-12-20	2.25	0.32	0.33	0.32	8806400.0
2016-12-21	2.25	0.31	0.33	0.32	2956800.0
2016-12-22	2.25	0.31	0.32	0.31	2316300.0
2016-12-23	2.25	0.31	0.32	0.32	3319600.0
2016-12-26	2.1	0.31	0.32	0.32	1913100.0
2016-12-27	2.2	0.31	0.33	0.32	17777800.0
2016-12-28	2.3	0.32	0.33	0.33	682900.0
2016-12-29	2.3	0.32	0.35	0.34	95327700.0
2016-12-30	2.35	0.33	0.35	0.34	14907200.0
2017-01-04	3.25	0.34	0.36	0.34	17919900.0
2017-01-05	3.25	0.34	0.36	0.34	20136200.0
2017-01-06	3.2	0.34	0.36	0.34	18077200.0
2017-01-09	2.85	0.34	0.35	0.34	1155100.0
2017-01-10	2.6	0.33	0.35	0.34	4696800.0
2017-01-11	2.95	0.33	0.35	0.34	7612900.0
2017-01-12	3.05	0.33	0.35	0.34	2752100.0
2017-01-13	2.9	0.33	0.34	0.33	1310500.0
2017-01-16	2.85	0.33	0.34	0.33	6961200.0
2017-01-17	2.9	0.33	0.33	0.33	6369400.0
2017-01-18	2.85	0.33	0.34	0.33	3468400.0
2017-01-19	2.95	0.32	0.33	0.33	2128900.0
2017-01-20	2.9	0.32	0.34	0.34	1701100.0
2017-01-23	3.05	0.33	0.34	0.34	1684300.0
2017-01-24	3.2	0.33	0.35	0.34	12012800.0
2017-01-25	3.05	0.34	0.34	0.34	7403900.0
2017-01-26	3.05	0.34	0.35	0.35	13013100.0
2017-01-27	3.0	0.34	0.36	0.35	6141500.0
2017-01-30	3.1	0.34	0.36	0.35	12793900.0
2017-01-31	3.1	0.34	0.35	0.34	8903300.0
2017-02-01	3.1	0.34	0.35	0.34	3967400.0
2017-02-02	3.15	0.34	0.34	0.34	8420200.0
2017-02-03	3.0	0.34	0.35	0.34	6981800.0
2017-02-06	2.95	0.34	0.35	0.34	24229300.0
2017-02-07	2.9	0.34	0.35	0.34	9181700.0
2017-02-08	2.85	0.34	0.34	0.34	1218300.0
2017-02-09	2.8	0.34	0.35	0.34	2476900.0
2017-02-10	2.95	0.34	0.35	0.35	686000.0
2017-02-14	2.95	0.33	0.35	0.34	10595100.0
2017-02-15	2.9	0.34	0.34	0.34	5179500.0
2017-02-16	3.05	0.33	0.34	0.34	15130700.0
2017-02-17	3.05	0.33	0.34	0.34	287100.0
2017-02-20	3.1	0.33	0.34	0.34	7745400.0
2017-02-21	3.2	0.33	0.34	0.34	11216800.0
2017-02-22	3.1	0.33	0.34	0.34	1638200.0
2017-02-23	3.05	0.33	0.34	0.34	1953100.0
2017-02-24	3.05	0.33	0.34	0.34	1749000.0
2017-02-27	3.1	0.33	0.34	0.34	1432100.0
2017-02-28	3.05	0.33	0.33	0.33	4212500.0
2017-03-01	3.1	0.32	0.34	0.33	7518900.0
2017-03-02	3.15	0.32	0.33	0.33	1265700.0
2017-03-03	3.15	0.32	0.33	0.33	8936300.0
2017-03-06	3.3	0.32	0.33	0.33	3975100.0
2017-03-07	3.25	0.32	0.33	0.33	1487400.0
2017-03-08	3.2	0.32	0.33	0.33	2154900.0
2017-03-09	3.25	0.31	0.33	0.32	25164600.0
2017-03-10	3.2	0.31	0.32	0.31	17678900.0
2017-03-13	3.15	0.31	0.32	0.31	5934500.0
2017-03-14	3.1	0.3	0.33	0.31	15349600.0
2017-03-15	3.15	0.31	0.32	0.31	7156600.0
2017-03-16	3.15	0.31	0.32	0.31	2853300.0
2017-03-17	3.15	0.31	0.32	0.32	3088800.0
2017-03-20	3.15	0.31	0.32	0.31	110900.0
2017-03-21	3.15	0.31	0.33	0.33	26240700.0
2017-03-22	3.15	0.32	0.34	0.33	10545500.0
2017-03-23	3.15	0.33	0.34	0.33	4411000.0
2017-03-24	3.15	0.33	0.34	0.33	4051800.0
2017-03-27	3.35	0.32	0.33	0.33	4151400.0
2017-03-28	3.65	0.32	0.33	0.33	2112000.0
2017-03-29	3.85	0.32	0.33	0.33	2655400.0
2017-03-30	3.8	0.32	0.33	0.33	3252500.0
2017-03-31	3.8	0.32	0.33	0.32	3433300.0
2017-04-03	3.55	0.32	0.33	0.33	5846200.0
2017-04-04	3.55	0.32	0.33	0.33	5630600.0
2017-04-05	3.5	0.32	0.33	0.33	4460900.0
2017-04-07	3.55	0.32	0.33	0.32	2993700.0
2017-04-10	3.65	0.31	0.32	0.32	760400.0
2017-04-11	3.6	0.31	0.32	0.32	1314200.0
2017-04-12	3.65	0.31	0.32	0.32	342300.0
2017-04-17	3.55	0.31	0.32	0.32	3259800.0
2017-04-18	3.65	0.31	0.32	0.31	1738100.0
2017-04-19	3.75	0.31	0.32	0.31	6025400.0
2017-04-20	3.65	0.31	0.32	0.31	875600.0
2017-04-21	3.6	0.31	0.31	0.31	400000.0
2017-04-24	3.45	0.3	0.32	0.31	2010400.0
2017-04-25	3.35	0.31	0.31	0.31	5577200.0
2017-04-26	3.5	0.3	0.32	0.32	1738200.0
2017-04-27	3.55	0.31	0.32	0.32	6335000.0
2017-04-28	3.55	0.3	0.32	0.31	8248400.0
2017-05-02	3.5	0.31	0.32	0.31	7569800.0
2017-05-03	3.5	0.31	0.32	0.31	509800.0
2017-05-04	3.45	0.31	0.32	0.32	3016900.0
2017-05-05	3.45	0.31	0.32	0.31	4771500.0
2017-05-08	3.5	0.3	0.32	0.3	1224000.0
2017-05-09	3.5	0.3	0.31	0.3	9995800.0
2017-05-11	3.45	0.3	0.31	0.31	11326400.0
2017-05-12	3.5	0.3	0.3	0.3	8391600.0
2017-05-15	3.45	0.29	0.31	0.3	1567000.0
2017-05-16	3.5	0.32	0.35	0.34	118149200.0
2017-05-17	3.5	0.33	0.34	0.33	31190700.0
2017-05-18	3.5	0.32	0.33	0.32	9629200.0
2017-05-19	3.5	0.32	0.33	0.32	2934100.0
2017-05-22	3.45	0.32	0.33	0.33	10680700.0
2017-05-23	3.45	0.31	0.33	0.32	24190900.0
2017-05-24	3.45	0.32	0.33	0.32	13006500.0
2017-05-25	3.6	0.31	0.33	0.32	9598500.0
2017-05-26	3.65	0.32	0.33	0.32	14863600.0
2017-05-29	3.8	0.32	0.33	0.33	579600.0
2017-05-30	3.75	0.32	0.33	0.32	7682500.0
2017-05-31	3.65	0.32	0.34	0.33	49329800.0
2017-06-01	3.65	0.33	0.34	0.33	19826100.0
2017-06-02	3.55	0.33	0.34	0.33	39845600.0
2017-06-05	3.4	0.33	0.34	0.33	11995600.0
2017-06-06	3.3	0.33	0.35	0.34	57162200.0
2017-06-07	3.4	0.33	0.34	0.34	89059000.0
2017-06-08	3.4	0.33	0.35	0.33	19026200.0
2017-06-09	3.35	0.34	0.36	0.35	36187900.0
2017-06-12	3.25	0.34	0.36	0.36	15589900.0
2017-06-13	3.3	0.35	0.37	0.37	37563800.0
2017-06-14	3.25	0.37	0.48	0.48	396392200.0
2017-06-15	3.45	0.45	0.58	0.45	1032232300.0
2017-06-16	3.35	0.42	0.49	0.45	446680800.0
2017-06-19	3.4	0.44	0.49	0.48	238671400.0
2017-06-20	3.45	0.46	0.49	0.48	114612000.0
2017-06-21	3.5	0.45	0.47	0.45	58745100.0
2017-06-22	3.5	0.44	0.47	0.46	146693400.0
2017-06-23	3.45	0.46	0.49	0.47	218275300.0
2017-06-26	3.45	0.47	0.49	0.49	108158300.0
2017-06-27	3.45	0.48	0.51	0.51	180849600.0
2017-06-28	3.4	0.49	0.51	0.49	105537800.0
2017-06-29	3.4	0.48	0.51	0.48	86936100.0
2017-06-30	3.35	0.46	0.49	0.47	52573600.0
2017-07-03	3.45	0.48	0.52	0.52	204458200.0
2017-07-04	3.45	0.5	0.53	0.51	146987300.0
2017-07-05	3.45	0.5	0.52	0.5	52128400.0
2017-07-06	3.45	0.5	0.54	0.52	358155200.0
2017-07-07	3.55	0.47	0.52	0.48	141402700.0
2017-07-11	3.55	0.41	0.47	0.42	312701600.0
2017-07-12	3.55	0.41	0.44	0.43	62716800.0
2017-07-13	3.55	0.43	0.45	0.43	20894500.0
2017-07-14	3.55	0.43	0.44	0.43	17920300.0
2017-07-17	4.2	0.38	0.42	0.4	236076900.0
2017-07-18	3.95	0.36	0.4	0.36	156131500.0
2017-07-19	3.8	0.33	0.37	0.34	119849500.0
2017-07-20	3.7	0.33	0.37	0.36	68074800.0
2017-07-21	3.7	0.35	0.37	0.35	39320600.0
2017-07-24	3.75	0.34	0.35	0.34	21251800.0
2017-07-25	3.65	0.34	0.36	0.35	36011400.0
2017-07-26	3.6	0.33	0.36	0.34	46276600.0
2017-07-27	3.6	0.33	0.35	0.34	39263900.0
2017-07-31	3.6	0.33	0.34	0.33	7656300.0
2017-08-01	3.5	0.32	0.33	0.32	9287400.0
2017-08-02	3.55	0.32	0.34	0.34	44030000.0
2017-08-03	3.55	0.33	0.35	0.34	26361500.0
2017-08-04	3.55	0.33	0.35	0.34	26005600.0
2017-08-07	3.6	0.33	0.35	0.33	4233700.0
2017-08-08	3.75	0.33	0.34	0.33	2652700.0
2017-08-09	3.85	0.32	0.34	0.32	18308000.0
2017-08-10	3.8	0.32	0.34	0.32	11261500.0
2017-08-11	3.7	0.31	0.33	0.31	13958100.0
2017-08-15	3.85	0.31	0.32	0.32	5693200.0
2017-08-16	3.6	0.3	0.32	0.31	11810300.0
2017-08-17	3.7	0.29	0.31	0.29	42977700.0
2017-08-18	3.7	0.28	0.3	0.29	10548400.0
2017-08-21	3.65	0.28	0.3	0.28	8988900.0
2017-08-22	3.55	0.27	0.3	0.28	33289400.0
2017-08-23	3.55	0.27	0.28	0.28	5464000.0
2017-08-24	3.6	0.27	0.28	0.28	2733700.0
2017-08-25	3.65	0.27	0.28	0.28	16555400.0
2017-08-28	3.6	0.27	0.3	0.3	69796000.0
2017-08-29	3.6	0.29	0.31	0.29	36195500.0
2017-08-30	3.55	0.27	0.33	0.27	185712800.0
2017-08-31	3.55	0.26	0.29	0.27	60324800.0
2017-09-01	3.6	0.26	0.27	0.26	50802400.0
2017-09-04	3.6	0.24	0.26	0.25	91144500.0
2017-09-05	3.6	0.24	0.26	0.25	45643200.0
2017-09-06	3.55	0.25	0.26	0.26	20088100.0
2017-09-07	3.45	0.25	0.29	0.27	98185700.0
2017-09-08	3.45	0.26	0.28	0.26	32449600.0
2017-09-11	3.45	0.26	0.27	0.26	13234300.0
2017-09-12	3.45	0.26	0.27	0.26	21105500.0
2017-09-13	3.45	0.26	0.27	0.27	7894000.0
2017-09-14	3.45	0.26	0.27	0.26	7300900.0
2017-09-15	3.55	0.26	0.27	0.26	29463600.0
2017-09-18	3.5	0.25	0.27	0.26	28666200.0
2017-09-19	3.5	0.26	0.27	0.26	5917600.0
2017-09-20	3.5	0.26	0.33	0.31	340316900.0
2017-09-21	3.45	0.3	0.31	0.3	69679100.0
2017-09-22	3.4	0.29	0.31	0.3	30804100.0
2017-09-25	3.35	0.3	0.34	0.32	124724000.0
2017-09-26	3.15	0.31	0.32	0.31	27874200.0
2017-09-27	3.2	0.3	0.32	0.31	20013300.0
2017-09-28	3.2	0.3	0.32	0.3	19451000.0
2017-09-29	3.25	0.3	0.34	0.33	122546900.0
2017-10-02	3.25	0.32	0.34	0.32	19002200.0
2017-10-03	3.2	0.32	0.33	0.32	6762600.0
2017-10-04	3.2	0.32	0.34	0.33	71169900.0
2017-10-05	3.2	0.32	0.33	0.33	7973700.0
2017-10-06	3.15	0.32	0.33	0.32	7464000.0
2017-10-09	3.1	0.3	0.33	0.31	47201800.0
2017-10-10	2.95	0.3	0.31	0.31	6068600.0
2017-10-11	2.95	0.3	0.31	0.3	19070200.0
2017-10-12	3.0	0.3	0.31	0.3	4166600.0
2017-10-16	2.75	0.3	0.32	0.31	20599400.0
2017-10-17	2.6	0.3	0.31	0.3	10289800.0
2017-10-18	2.75	0.29	0.31	0.29	22416200.0
2017-10-19	2.75	0.28	0.3	0.29	80999800.0
2017-10-20	2.65	0.28	0.3	0.3	7362600.0
2017-10-24	2.65	0.29	0.31	0.29	28983600.0
2017-10-25	2.65	0.29	0.3	0.29	9743900.0
2017-10-27	2.7	0.28	0.3	0.28	9939200.0
2017-10-30	2.85	0.29	0.3	0.29	8142500.0
2017-10-31	2.9	0.29	0.3	0.29	2612200.0
2017-11-01	2.8	0.29	0.3	0.29	2172700.0
2017-11-02	2.8	0.28	0.29	0.28	3481600.0
2017-11-03	2.85	0.28	0.3	0.28	7717700.0
2017-11-06	2.85	0.28	0.29	0.28	8533100.0
2017-11-07	2.95	0.28	0.29	0.28	6198300.0
2017-11-08	2.9	0.28	0.29	0.28	8312300.0
2017-11-09	2.9	0.27	0.28	0.27	5394700.0
2017-11-10	2.8	0.27	0.28	0.27	4660900.0
2017-11-13	2.8	0.27	0.28	0.27	5024300.0
2017-11-14	2.8	0.27	0.28	0.27	2777300.0
2017-11-16	2.8	0.19	0.22	0.19	217706100.0
2017-11-17	2.85	0.16	0.19	0.17	92160100.0
2017-11-20	3.05	0.16	0.17	0.17	32482800.0
2017-11-21	3.1	0.17	0.2	0.19	32312200.0
2017-11-22	3.15	0.18	0.2	0.19	5826000.0
2017-11-23	3.35	0.18	0.19	0.18	4349600.0
2017-11-24	3.55	0.17	0.19	0.17	14631300.0
2017-11-27	3.55	0.17	0.18	0.18	3949800.0
2017-11-28	3.4	0.18	0.19	0.18	2174900.0
2017-11-29	3.4	0.17	0.18	0.17	9249000.0
2017-11-30	3.4	0.17	0.19	0.18	2997400.0
2017-12-01	3.5	0.17	0.18	0.18	1192000.0
2017-12-04	3.5	0.16	0.18	0.17	24434100.0
2017-12-06	3.45	0.17	0.18	0.17	1544500.0
2017-12-07	3.5	0.17	0.18	0.17	7145800.0
2017-12-08	3.55	0.17	0.18	0.17	3219900.0
2017-12-12	3.45	0.17	0.18	0.17	6751800.0
2017-12-13	3.25	0.17	0.18	0.18	1905000.0
2017-12-14	3.25	0.17	0.18	0.17	2586000.0
2017-12-15	3.15	0.17	0.18	0.17	3750200.0
2017-12-18	3.5	0.17	0.18	0.17	2366900.0
2017-12-19	3.55	0.17	0.19	0.18	24978900.0
2017-12-20	3.4	0.18	0.19	0.18	2040000.0
2017-12-21	3.35	0.18	0.19	0.18	4692500.0
2017-12-22	3.25	0.18	0.19	0.18	11049600.0
2017-12-25	3.35	0.18	0.2	0.19	11312700.0
2017-12-26	3.3	0.18	0.2	0.18	4584700.0
2017-12-27	3.2	0.18	0.2	0.19	6092400.0
2017-12-28	3.15	0.18	0.2	0.19	2615100.0
2017-12-29	2.9	0.18	0.19	0.19	584900.0
2018-01-03	2.95	0.18	0.19	0.18	5101800.0
2018-01-04	3.05	0.18	0.19	0.18	1511100.0
2018-01-05	3.0	0.18	0.19	0.19	2565400.0
2018-01-08	3.05	0.18	0.19	0.18	918700.0
2018-01-09	2.95	0.17	0.19	0.18	11118800.0
2018-01-10	2.95	0.18	0.19	0.18	3219700.0
2018-01-11	2.95	0.18	0.19	0.18	3976800.0
2018-01-12	3.0	0.18	0.19	0.19	3480800.0
2018-01-15	3.05	0.17	0.19	0.17	18251500.0
2018-01-16	3.0	0.17	0.18	0.18	8481600.0
2018-01-17	2.95	0.18	0.19	0.18	1270000.0
2018-01-18	2.9	0.17	0.19	0.18	4746900.0
2018-01-19	2.85	0.17	0.18	0.18	4728000.0
2018-01-22	2.8	0.17	0.19	0.18	2982600.0
2018-01-23	2.85	0.18	0.18	0.18	669700.0
2018-01-24	2.75	0.17	0.18	0.18	2122100.0
2018-01-25	2.65	0.17	0.18	0.18	644400.0
2018-01-26	2.7	0.17	0.18	0.17	23525100.0
2018-01-29	2.65	0.17	0.18	0.17	1123700.0
2018-01-30	2.5	0.17	0.18	0.17	1633200.0
2018-01-31	2.4	0.17	0.18	0.17	8150100.0
2018-02-01	2.15	0.17	0.18	0.17	6570100.0
2018-02-02	2.1	0.17	0.18	0.17	5786600.0
2018-02-05	2.05	0.16	0.18	0.17	4039800.0
2018-02-06	2.05	0.16	0.17	0.17	11453800.0
2018-02-07	1.95	0.16	0.18	0.18	7305500.0
2018-02-08	1.8	0.16	0.18	0.17	17377500.0
2018-02-09	1.65	0.16	0.17	0.17	9619200.0
2018-02-12	1.55	0.15	0.17	0.17	53576500.0
2018-02-13	1.75	0.16	0.17	0.17	2511200.0
2018-02-14	1.65	0.16	0.17	0.17	2966400.0
2018-02-15	1.75	0.16	0.17	0.16	987300.0
2018-02-16	1.75	0.16	0.17	0.17	1710900.0
2018-02-19	1.8	0.16	0.17	0.17	764100.0
2018-02-20	1.85	0.16	0.17	0.16	3744100.0
2018-02-21	2.0	0.16	0.17	0.16	970100.0
2018-02-22	1.9	0.16	0.16	0.16	8214900.0
2018-02-23	1.9	0.15	0.17	0.16	12824800.0
2018-02-26	1.75	0.16	0.17	0.16	8195200.0
2018-02-27	1.65	0.15	0.17	0.16	2278700.0
2018-02-28	1.7	0.16	0.18	0.16	68705400.0
2018-03-02	1.7	0.16	0.17	0.16	5027200.0
2018-03-05	1.75	0.15	0.16	0.16	14786400.0
2018-03-06	1.85	0.15	0.16	0.15	13560300.0
2018-03-07	1.85	0.15	0.16	0.16	1893700.0
2018-03-08	1.8	0.15	0.16	0.15	12105700.0
2018-03-09	1.8	0.15	0.16	0.15	11881300.0
2018-03-12	1.8	0.15	0.16	0.16	4432800.0
2018-03-13	1.85	0.15	0.17	0.17	4180700.0
2018-03-14	1.85	0.16	0.17	0.16	2751900.0
2018-03-15	1.85	0.15	0.16	0.16	1654200.0
2018-03-16	1.9	0.16	0.17	0.16	4612200.0
2018-03-19	1.9	0.16	0.16	0.16	699600.0
2018-03-20	1.9	0.16	0.17	0.16	5316700.0
2018-03-21	2.0	0.16	0.17	0.16	13038100.0
2018-03-22	2.0	0.15	0.16	0.16	2781900.0
2018-03-23	1.95	0.16	0.16	0.16	9764400.0
2018-03-26	1.95	0.16	0.17	0.16	2078300.0
2018-03-27	1.95	0.15	0.16	0.16	936700.0
2018-03-28	1.9	0.15	0.16	0.16	363300.0
2018-03-29	1.85	0.15	0.16	0.16	674300.0
2018-03-30	1.85	0.15	0.16	0.15	416100.0
2018-04-02	1.85	0.15	0.16	0.15	4426900.0
2018-04-03	1.85	0.15	0.16	0.16	2317700.0
2018-04-04	1.85	0.15	0.16	0.16	4853900.0
2018-04-05	1.85	0.15	0.16	0.16	7261900.0
2018-04-09	1.85	0.15	0.16	0.15	198100.0
2018-04-10	1.85	0.15	0.16	0.15	3145200.0
2018-04-11	1.85	0.15	0.16	0.16	1571600.0
2018-04-12	1.95	0.15	0.16	0.15	380000.0
2018-04-17	2.05	0.15	0.16	0.16	2558100.0
2018-04-18	2.05	0.15	0.16	0.15	10463200.0
2018-04-19	1.95	0.16	0.17	0.16	14643700.0
2018-04-20	1.95	0.16	0.17	0.16	582100.0
2018-04-23	2.05	0.14	0.16	0.15	44663800.0
2018-04-24	2.0	0.14	0.15	0.15	3801500.0
2018-04-25	2.05	0.13	0.15	0.14	38408300.0
2018-04-26	2.15	0.13	0.14	0.14	3718100.0
2018-04-27	2.1	0.13	0.14	0.13	13974200.0
2018-04-30	1.75	0.13	0.14	0.13	14557600.0
2018-05-02	1.85	0.13	0.14	0.13	501700.0
2018-05-03	1.9	0.13	0.15	0.14	16493700.0
2018-05-04	1.9	0.14	0.16	0.14	28502000.0
2018-05-07	1.8	0.13	0.15	0.14	55954200.0
2018-05-08	1.85	0.13	0.14	0.14	10347900.0
2018-05-09	1.8	0.13	0.14	0.13	1881200.0
2018-05-10	1.75	0.13	0.14	0.13	23137900.0
2018-05-11	1.85	0.13	0.15	0.13	4756700.0
2018-05-14	1.8	0.13	0.14	0.14	42914000.0
2018-05-15	1.75	0.12	0.14	0.13	18553300.0
2019-07-01	1.95	0.04	0.08	0.06	223264600.0
2019-07-02	1.95	0.06	0.07	0.07	47733000.0
2019-07-03	1.9	0.08	0.09	0.09	55582200.0
2019-07-04	2.0	0.07	0.1	0.08	65312800.0
2019-07-05	2.05	0.08	0.09	0.09	24496300.0
2019-07-08	1.95	0.08	0.09	0.08	40860100.0
2019-07-09	1.95	0.07	0.08	0.07	17530700.0
2019-07-10	1.95	0.07	0.08	0.08	27627100.0
2019-07-11	1.95	0.07	0.08	0.08	10443900.0
2019-07-12	1.95	0.07	0.09	0.08	11384300.0
2019-07-15	1.85	0.07	0.08	0.07	4291900.0
2019-07-17	1.9	0.07	0.08	0.07	4359800.0
2019-07-18	1.85	0.07	0.08	0.08	4710100.0
2019-07-19	1.9	0.07	0.08	0.08	74650100.0
2019-07-22	1.85	0.07	0.08	0.07	18669000.0
2019-07-23	1.9	0.07	0.08	0.07	5904100.0
2019-07-24	1.85	0.07	0.09	0.09	75625100.0
2019-07-25	1.95	0.08	0.11	0.09	38234900.0
2019-07-26	1.95	0.08	0.09	0.09	14784800.0
2019-07-30	1.95	0.07	0.09	0.08	61264200.0
2019-07-31	1.95	0.08	0.09	0.09	88477800.0
