Date	Price Open	Price Low	Price High	Price Close	Volume
2016-04-04	12.888694	12.888694	14.375851	14.375851	102725500.0
2016-04-05	14.0784196	14.0784196	14.375851	14.2767072	15237800.0
2016-04-07	14.2767072	14.2767072	14.5741386	14.4749948	8056500.0
2016-04-08	14.5741386	14.2767072	14.5741386	14.375851	3961000.0
2016-04-11	14.4749948	14.4749948	16.2595832	15.0698576	8568100.0
2016-04-12	15.0698576	14.7724262	15.1690014	15.0698576	4911100.0
2016-04-18	15.1690014	15.1690014	15.5655766	15.2681452	5974600.0
2016-04-19	15.2681452	15.2681452	15.4664328	15.367289	3311200.0
2016-04-20	15.367289	15.367289	15.5655766	15.4664328	5640900.0
2016-04-21	15.5655766	15.367289	15.5655766	15.367289	1189100.0
2016-04-22	15.4664328	15.2681452	15.4664328	15.2681452	594500.0
2016-04-25	15.2681452	14.7724262	15.2681452	14.87157	488500.0
2016-04-26	14.87157	14.7724262	14.9707138	14.9707138	1428600.0
2016-04-27	14.9707138	14.87157	14.9707138	14.9707138	682000.0
2016-04-28	15.0698576	14.9707138	15.0698576	14.9707138	453100.0
2016-04-29	14.9707138	14.87157	15.0698576	14.9707138	186200.0
2016-05-03	14.9707138	14.7724262	14.9707138	14.7724262	977000.0
2016-05-04	14.7724262	14.6732824	14.7724262	14.7724262	267500.0
2016-05-06	14.7724262	14.6732824	14.7724262	14.7724262	267500.0
2016-05-09	14.7724262	14.7724262	14.87157	14.7724262	266600.0
2016-05-10	14.7724262	14.5741386	14.7724262	14.7724262	1570800.0
2016-05-11	14.7724262	14.6732824	14.7724262	14.7724262	192900.0
2016-05-12	14.6732824	14.5741386	14.7724262	14.7724262	514000.0
2016-05-13	14.7724262	14.1775634	14.7724262	14.5741386	2161800.0
2016-05-16	14.5741386	14.0784196	14.5741386	14.0784196	1401100.0
2016-05-17	14.0784196	14.0784196	14.2767072	14.2767072	1937000.0
2016-05-18	14.2767072	14.0784196	14.2767072	14.0784196	603200.0
2016-05-19	13.9792758	13.6818444	14.0784196	13.7809882	3085700.0
2016-05-23	13.7809882	13.2852692	13.7809882	13.384413	697500.0
2016-05-24	13.384413	13.384413	13.7809882	13.7809882	1822000.0
2016-05-25	13.6818444	13.6818444	13.7809882	13.6818444	449200.0
2016-05-26	13.7809882	13.6818444	13.880132	13.880132	203100.0
2016-05-27	13.880132	13.6818444	13.880132	13.7809882	255500.0
2016-05-30	13.7809882	13.6818444	13.880132	13.7809882	884000.0
2016-05-31	13.6818444	13.5827006	13.7809882	13.6818444	2014400.0
2016-06-01	13.6818444	13.4835568	13.6818444	13.6818444	2172900.0
2016-06-02	13.5827006	13.4835568	13.6818444	13.6818444	543700.0
2016-06-03	13.6818444	13.5827006	13.6818444	13.6818444	249400.0
2016-06-06	13.7809882	13.6818444	14.0784196	14.0784196	1293800.0
2016-06-07	14.1775634	13.9792758	14.1775634	14.1775634	1398200.0
2016-06-08	14.1775634	14.0784196	14.1775634	14.1775634	346600.0
2016-06-09	14.1775634	14.0784196	14.1775634	14.0784196	589300.0
2016-06-10	14.1775634	14.0784196	14.2767072	14.0784196	553200.0
2016-06-13	14.1775634	14.0784196	14.2767072	14.1775634	506100.0
2016-06-14	14.1775634	14.0784196	14.1775634	14.1775634	66700.0
2016-06-15	14.0784196	13.9792758	14.1775634	13.9792758	435700.0
2016-06-16	14.1775634	14.0784196	14.1775634	14.0784196	131500.0
2016-06-17	14.0784196	13.9792758	14.1775634	14.1775634	2195400.0
2016-06-20	14.1775634	14.0784196	14.1775634	14.1775634	4006200.0
2016-06-21	14.1775634	14.0784196	14.1775634	14.1775634	11600.0
2016-06-22	14.0784196	13.9792758	14.1775634	13.9792758	174900.0
2016-06-23	13.880132	13.7809882	14.0784196	13.9792758	728600.0
2016-06-24	13.880132	13.7809882	14.1775634	13.9792758	927700.0
2016-06-27	13.9792758	13.880132	14.0784196	14.0784196	1214300.0
2016-06-28	13.9792758	13.880132	14.0784196	13.9792758	789600.0
2016-06-29	14.0784196	14.0784196	14.5741386	14.375851	1462600.0
2016-06-30	14.375851	14.0784196	14.375851	14.2767072	904300.0
2016-07-04	14.375851	14.375851	14.4749948	14.4749948	408800.0
2016-07-05	14.4749948	14.4749948	14.9707138	14.9707138	1464800.0
2016-07-06	14.87157	14.7724262	14.9707138	14.87157	68600.0
2016-07-07	14.87157	14.6732824	14.87157	14.6732824	223300.0
2016-07-08	14.6732824	14.6732824	14.7724262	14.7724262	457900.0
2016-07-11	14.7724262	14.6732824	14.7724262	14.6732824	474800.0
2016-07-12	14.7724262	14.4749948	14.7724262	14.4749948	2071200.0
2016-07-13	14.5741386	14.5741386	14.7724262	14.7724262	167300.0
2016-07-14	14.6732824	14.5741386	14.6732824	14.5741386	89900.0
2016-07-15	14.5741386	14.5741386	14.6732824	14.5741386	233500.0
2016-07-20	14.6732824	14.5741386	14.6732824	14.5741386	44300.0
2016-07-21	14.6732824	14.5741386	14.87157	14.7724262	1487400.0
2016-07-22	14.87157	14.7724262	14.87157	14.7724262	122600.0
2016-07-25	14.6732824	14.6732824	14.7724262	14.7724262	93400.0
2016-07-26	14.7724262	14.6732824	14.87157	14.7724262	1236100.0
2016-07-27	14.7724262	14.6732824	14.9707138	14.6732824	2688100.0
2016-07-28	14.7724262	14.6732824	14.87157	14.87157	64700.0
2016-07-29	14.7724262	14.7724262	14.9707138	14.9707138	160100.0
2016-08-01	15.0698576	14.9707138	15.1690014	15.1690014	1391200.0
2016-08-02	15.1690014	15.0698576	15.2681452	15.1690014	1322900.0
2016-08-03	15.1690014	14.9707138	15.1690014	15.0698576	1307700.0
2016-08-04	14.9707138	14.87157	15.0698576	15.0698576	1492000.0
2016-08-05	15.0698576	15.0698576	15.1690014	15.1690014	155100.0
2016-08-08	15.1690014	14.9707138	15.1690014	15.0698576	773700.0
2016-08-09	15.1690014	14.87157	15.1690014	15.0698576	365000.0
2016-08-10	15.0698576	14.9707138	15.0698576	14.9707138	106600.0
2016-08-11	14.87157	14.87157	14.9707138	14.87157	26800.0
2016-08-15	14.87157	14.87157	15.0698576	14.9707138	838800.0
2016-08-16	14.9707138	14.87157	14.9707138	14.9707138	1126300.0
2016-08-17	14.9707138	14.87157	15.0698576	14.9707138	210500.0
2016-08-18	14.7724262	14.6732824	14.87157	14.87157	919000.0
2016-08-19	14.7724262	14.7724262	14.87157	14.87157	46300.0
2016-08-22	14.9707138	14.87157	14.9707138	14.9707138	28200.0
2016-08-23	14.9707138	14.7724262	14.9707138	14.87157	1335600.0
2016-08-24	14.7724262	14.7724262	14.87157	14.7724262	91600.0
2016-08-25	14.7724262	14.7724262	14.87157	14.7724262	764500.0
2016-08-26	14.87157	14.7724262	14.87157	14.87157	45200.0
2016-08-29	14.87157	14.6732824	14.87157	14.7724262	444500.0
2016-08-30	14.6732824	14.375851	14.6732824	14.4749948	1322900.0
2016-08-31	14.375851	14.375851	14.6732824	14.6732824	892900.0
2016-09-01	14.6732824	14.5741386	14.6732824	14.5741386	788000.0
2016-09-02	14.6732824	14.6732824	14.7724262	14.7724262	992400.0
2016-09-05	14.6732824	14.375851	14.6732824	14.375851	3737000.0
2016-09-06	14.5741386	14.4749948	14.5741386	14.4749948	116700.0
2016-09-07	14.5741386	14.5741386	14.6732824	14.5741386	32100.0
2016-09-08	14.5741386	14.4749948	14.5741386	14.4749948	2957600.0
2016-09-09	14.4749948	14.2767072	14.6732824	14.4749948	1882800.0
2016-09-12	14.4749948	14.2767072	14.4749948	14.2767072	2316300.0
2016-09-13	14.2767072	14.2767072	14.375851	14.2767072	1134800.0
2016-09-14	14.375851	14.375851	14.4749948	14.375851	62600.0
2016-09-15	14.375851	14.375851	14.375851	14.375851	623200.0
2016-09-16	14.4749948	14.4749948	14.4749948	14.4749948	872000.0
2016-09-19	14.4749948	14.4749948	14.4749948	14.4749948	116700.0
2016-09-20	14.4749948	14.375851	14.4749948	14.375851	147900.0
2016-09-21	14.4749948	14.375851	14.4749948	14.375851	271000.0
2016-09-22	14.4749948	14.4749948	14.4749948	14.4749948	270800.0
2016-09-23	14.4749948	14.375851	14.4749948	14.4749948	968600.0
2016-09-26	14.6732824	14.4749948	14.6732824	14.4749948	170700.0
2016-09-27	14.4749948	14.4749948	14.5741386	14.5741386	1100200.0
2016-09-28	14.5741386	14.4749948	14.5741386	14.5741386	1053800.0
2016-09-29	14.5741386	14.4749948	14.5741386	14.5741386	717800.0
2016-09-30	14.5741386	14.5741386	14.6732824	14.5741386	972100.0
2016-10-03	14.6732824	14.5741386	14.6732824	14.5741386	12500.0
2016-10-04	14.6732824	14.5741386	14.7724262	14.6732824	55300.0
2016-10-05	14.7724262	14.7724262	14.7724262	14.7724262	112900.0
2016-10-06	14.87157	14.6732824	14.87157	14.7724262	20300.0
2016-10-07	14.87157	14.6732824	14.87157	14.6732824	70100.0
2016-10-10	14.5741386	14.5741386	14.7724262	14.6732824	539900.0
2016-10-11	14.87157	14.5741386	14.87157	14.5741386	120500.0
2016-10-12	14.5741386	14.2767072	14.6732824	14.375851	1558900.0
2016-10-13	14.375851	14.0784196	14.375851	14.2767072	1082100.0
2016-10-14	14.375851	14.375851	14.5741386	14.5741386	129300.0
2016-10-17	14.5741386	14.5741386	14.7724262	14.7724262	25300.0
2016-10-18	14.87157	14.7724262	14.87157	14.7724262	8300.0
2016-10-19	14.7724262	14.7724262	14.87157	14.87157	94500.0
2016-10-20	14.87157	14.7724262	14.87157	14.7724262	56300.0
2016-10-21	14.87157	14.7724262	14.87157	14.87157	58400.0
2016-10-25	14.7724262	14.7724262	14.7724262	14.7724262	1015900.0
2016-10-26	14.87157	14.7724262	14.87157	14.87157	14400.0
2016-10-27	14.7724262	14.7724262	14.87157	14.87157	1500100.0
2016-10-28	14.87157	14.6732824	14.87157	14.7724262	1118400.0
2016-10-31	14.6732824	14.5741386	14.6732824	14.6732824	933100.0
2016-11-01	14.6732824	14.6732824	14.6732824	14.6732824	183900.0
2016-11-02	14.6732824	14.6732824	14.6732824	14.6732824	1020000.0
2016-11-03	14.5741386	14.5741386	14.7724262	14.7724262	24800.0
2016-11-04	14.7724262	14.7724262	14.87157	14.7724262	66100.0
2016-11-07	14.7724262	14.6732824	14.7724262	14.7724262	368300.0
2016-11-08	14.7724262	14.7724262	14.7724262	14.7724262	10800.0
2016-11-09	14.7724262	14.7724262	14.7724262	14.7724262	283200.0
2016-11-10	14.6732824	14.6732824	14.7724262	14.7724262	746800.0
2016-11-11	14.7724262	14.6732824	14.7724262	14.7724262	3500.0
2016-11-14	14.6732824	14.6732824	14.7724262	14.6732824	545900.0
2016-11-15	14.5741386	14.4749948	14.5741386	14.5741386	36800.0
2016-11-16	14.375851	14.375851	14.5741386	14.4749948	1507300.0
2016-11-17	14.375851	14.375851	14.5741386	14.5741386	10400.0
2016-11-18	14.5741386	14.5741386	14.5741386	14.5741386	1025700.0
2016-11-21	14.5741386	14.5741386	14.5741386	14.5741386	24000.0
2016-11-22	14.5741386	14.5741386	14.5741386	14.5741386	500.0
2016-11-24	14.4749948	14.4749948	14.4749948	14.4749948	70000.0
2016-11-25	14.5741386	14.4749948	14.5741386	14.5741386	69400.0
2016-11-28	14.5741386	14.5741386	14.5741386	14.5741386	4500.0
2016-11-29	14.5741386	14.0784196	14.5741386	14.2767072	1379800.0
2016-11-30	14.4749948	14.375851	14.4749948	14.4749948	526100.0
2016-12-01	14.4749948	14.375851	14.4749948	14.4749948	9600.0
2016-12-02	14.375851	14.375851	14.4749948	14.4749948	318200.0
2016-12-06	14.375851	14.375851	14.4749948	14.375851	72500.0
2016-12-07	14.4749948	14.4749948	14.4749948	14.4749948	1586400.0
2016-12-08	14.5	14.5	14.6	14.5	589700.0
2016-12-09	14.5	14.5	14.6	14.5	584900.0
2016-12-13	14.5	14.5	14.5	14.5	504300.0
2016-12-14	14.5	14.5	14.5	14.5	1004000.0
2016-12-15	14.5	14.4	14.5	14.4	1710600.0
2016-12-16	14.4	14.4	14.4	14.4	22000.0
2016-12-19	14.5	14.3	14.5	14.3	304900.0
2016-12-20	14.4	14.4	14.4	14.4	2700.0
2016-12-21	14.4	14.4	14.4	14.4	48100.0
2016-12-22	14.3	14.3	14.3	14.3	771300.0
2016-12-23	14.4	14.3	14.4	14.3	464100.0
2016-12-26	14.4	14.3	14.4	14.4	673700.0
2016-12-27	14.4	14.3	14.4	14.3	176000.0
2016-12-28	14.4	14.4	14.4	14.4	9000.0
2016-12-29	14.4	14.3	14.4	14.4	112100.0
2016-12-30	14.4	14.3	14.5	14.5	828900.0
2017-01-04	14.5	14.5	14.6	14.5	62700.0
2017-01-05	14.5	14.5	14.5	14.5	428000.0
2017-01-06	14.5	14.5	14.6	14.5	195100.0
2017-01-09	14.3	14.3	14.4	14.4	34200.0
2017-01-10	14.3	14.3	14.4	14.3	654400.0
2017-01-11	14.3	14.2	14.4	14.3	1292200.0
2017-01-12	14.3	14.3	14.4	14.4	1516100.0
2017-01-13	14.5	14.4	14.5	14.4	649800.0
2017-01-16	14.4	14.4	14.5	14.5	4800.0
2017-01-17	14.5	14.5	14.6	14.5	796300.0
2017-01-18	14.5	14.5	14.5	14.5	444400.0
2017-01-19	14.5	14.5	14.6	14.6	6000.0
2017-01-20	14.6	14.5	14.6	14.5	107700.0
2017-01-23	14.5	14.5	14.6	14.5	325200.0
2017-01-24	14.6	14.5	14.6	14.5	126100.0
2017-01-25	14.5	14.5	14.5	14.5	1600.0
2017-01-26	14.5	14.5	14.5	14.5	19100.0
2017-01-27	14.5	14.5	14.6	14.6	42500.0
2017-01-30	14.5	14.5	14.6	14.5	17400.0
2017-02-01	14.5	14.5	14.5	14.5	2000.0
2017-02-02	14.5	14.5	14.5	14.5	431100.0
2017-02-03	14.5	14.5	14.5	14.5	20000.0
2017-02-06	14.4	14.4	14.5	14.4	701700.0
2017-02-07	14.5	14.5	14.5	14.5	30000.0
2017-02-08	14.4	14.4	14.5	14.5	10100.0
2017-02-09	14.5	14.3	14.5	14.5	710400.0
2017-02-10	14.4	14.4	14.5	14.5	59900.0
2017-02-15	14.4	14.4	14.6	14.6	143100.0
2017-02-16	14.6	14.5	14.6	14.6	311500.0
2017-02-17	14.6	14.6	14.7	14.7	409700.0
2017-02-20	14.7	14.6	14.8	14.7	1242700.0
2017-02-21	14.6	14.6	14.7	14.7	303200.0
2017-02-22	14.7	14.7	14.8	14.7	888900.0
2017-02-23	14.7	14.5	14.7	14.6	77600.0
2017-02-24	14.6	14.6	14.7	14.6	839800.0
2017-02-27	14.5	14.5	14.5	14.5	1000.0
2017-02-28	14.5	14.5	14.5	14.5	194400.0
2017-03-01	14.5	14.5	14.5	14.5	626400.0
2017-03-02	14.4	14.4	14.4	14.4	1000.0
2017-03-03	14.5	14.4	14.5	14.4	52700.0
2017-03-06	14.5	14.4	14.5	14.4	242100.0
2017-03-07	14.4	14.2	14.4	14.4	300700.0
2017-03-08	14.2	14.1	14.5	14.2	504900.0
2017-03-09	14.3	14.3	14.5	14.4	926300.0
2017-03-10	14.2	13.9	14.4	14.4	166900.0
2017-03-14	14.3	14.3	14.4	14.4	115100.0
2017-03-15	14.3	14.3	14.4	14.4	319600.0
2017-03-16	14.4	14.4	14.4	14.4	414500.0
2017-03-17	14.4	14.2	14.4	14.2	276200.0
2017-03-20	14.2	14.1	14.2	14.2	1237700.0
2017-03-22	14.3	14.3	14.3	14.3	681400.0
2017-03-23	14.3	14.3	14.3	14.3	90500.0
2017-03-24	14.2	14.2	14.4	14.4	134000.0
2017-03-27	14.4	14.4	14.4	14.4	301000.0
2017-03-28	14.3	14.3	14.3	14.3	200000.0
2017-03-29	14.2	14.1	14.3	14.2	578600.0
2017-03-30	14.2	14.2	14.2	14.2	776000.0
2017-03-31	14.2	14.2	14.2	14.2	360100.0
2017-04-03	14.2	14.2	14.2	14.2	200000.0
2017-04-05	14.2	14.2	14.3	14.3	407100.0
2017-04-07	14.3	14.3	14.3	14.3	11600.0
2017-04-10	14.3	14.2	14.3	14.3	128400.0
2017-04-11	14.3	14.2	14.3	14.2	133100.0
2017-04-12	14.1	14.1	14.3	14.3	175700.0
2017-04-17	14.3	13.9	14.3	14.2	63700.0
2017-04-18	14.2	14.2	14.2	14.2	433900.0
2017-04-19	14.2	14.2	14.2	14.2	631100.0
2017-04-20	14.2	14.2	14.2	14.2	1000.0
2017-04-21	14.2	14.2	14.2	14.2	300.0
2017-04-24	14.0	14.0	14.1	14.1	37400.0
2017-04-25	14.0	13.9	14.0	13.9	28500.0
2017-04-26	13.9	13.6	13.9	13.6	75900.0
2017-04-27	13.6	13.3	13.6	13.3	87200.0
2017-04-28	13.3	13.0	13.3	13.1	2195200.0
2017-05-02	13.1	13.1	13.5	13.4	1308600.0
2017-05-03	13.2	13.2	13.4	13.4	1796300.0
2017-05-04	13.4	13.4	13.5	13.5	1750100.0
2017-05-05	13.4	13.4	13.5	13.5	1170400.0
2017-05-08	13.5	13.4	13.5	13.5	327500.0
2017-05-09	13.6	13.5	13.7	13.5	2184800.0
2017-05-11	13.6	13.4	13.7	13.4	2593600.0
2017-05-12	13.4	13.4	13.5	13.5	436600.0
2017-05-15	13.4	13.3	13.4	13.4	988100.0
2017-05-16	13.2	13.2	13.4	13.3	603200.0
2017-05-17	13.3	13.2	13.4	13.4	1867200.0
2017-05-18	13.2	13.2	13.5	13.5	733800.0
2017-05-19	13.4	13.4	13.5	13.5	256800.0
2017-05-22	13.5	13.4	13.5	13.4	151500.0
2017-05-23	13.5	13.5	13.6	13.6	601200.0
2017-05-24	13.6	13.5	13.6	13.5	1097700.0
2017-05-25	13.6	13.5	13.7	13.6	923900.0
2017-05-26	13.5	13.4	13.6	13.6	367600.0
2017-05-29	13.6	13.6	13.7	13.7	337800.0
2017-05-30	13.6	13.5	13.6	13.5	437700.0
2017-05-31	13.5	13.5	13.6	13.5	861100.0
2017-06-01	13.5	13.5	13.5	13.5	625000.0
2017-06-02	13.5	13.4	13.5	13.4	759300.0
2017-06-05	13.4	13.4	13.5	13.4	1209400.0
2017-06-06	13.4	13.4	13.5	13.4	3045000.0
2017-06-07	13.4	13.4	13.4	13.4	10200.0
2017-06-08	13.4	13.3	13.4	13.4	897400.0
2017-06-09	13.4	13.4	13.4	13.4	179300.0
2017-06-12	13.4	13.3	13.4	13.3	290200.0
2017-06-13	13.4	13.3	13.4	13.3	329800.0
2017-06-14	13.3	13.3	13.4	13.4	216100.0
2017-06-15	13.4	13.3	13.4	13.3	2572200.0
2017-06-16	13.3	13.3	13.3	13.3	844400.0
2017-06-19	13.4	13.4	13.4	13.4	183700.0
2017-06-20	13.4	13.4	13.5	13.5	173500.0
2017-06-21	13.4	13.3	13.5	13.4	1002300.0
2017-06-22	13.4	13.4	13.4	13.4	4000.0
2017-06-23	13.5	13.5	13.5	13.5	891800.0
2017-06-26	13.5	13.5	13.5	13.5	330500.0
2017-06-27	13.5	13.5	13.6	13.6	336000.0
2017-06-28	13.5	13.5	13.7	13.7	246900.0
2017-06-29	13.7	13.5	13.7	13.6	120200.0
2017-06-30	13.5	13.5	13.6	13.6	289800.0
2017-07-03	13.6	13.6	13.6	13.6	367000.0
2017-07-04	13.6	13.6	13.7	13.7	8300.0
2017-07-05	13.7	13.7	13.8	13.8	179400.0
2017-07-06	13.8	13.8	13.9	13.9	396300.0
2017-07-07	13.8	13.8	13.9	13.9	65900.0
2017-07-11	13.9	13.9	13.9	13.9	209600.0
2017-07-12	13.9	13.9	13.9	13.9	61500.0
2017-07-13	13.8	13.8	13.9	13.8	205100.0
2017-07-14	13.8	13.8	13.9	13.8	389800.0
2017-07-17	13.9	13.9	14.0	14.0	228300.0
2017-07-18	14.0	13.8	14.0	13.8	151600.0
2017-07-19	13.9	13.9	13.9	13.9	73300.0
2017-07-20	14.0	14.0	14.0	14.0	377500.0
2017-07-21	14.0	14.0	14.1	14.0	376100.0
2017-07-24	14.1	14.1	14.2	14.2	61700.0
2017-07-25	14.2	14.1	14.2	14.1	428200.0
2017-07-26	14.1	14.1	14.1	14.1	456000.0
2017-07-27	14.1	14.0	14.1	14.1	2603900.0
2017-07-31	14.1	14.0	14.1	14.1	1388200.0
2017-08-01	14.1	14.1	14.3	14.3	585500.0
2017-08-02	14.3	14.2	14.4	14.4	801100.0
2017-08-03	14.3	14.3	14.4	14.4	140700.0
2017-08-04	14.4	14.3	14.4	14.4	409700.0
2017-08-07	14.4	14.3	14.4	14.4	129400.0
2017-08-08	14.4	14.3	14.4	14.4	298100.0
2017-08-09	14.3	14.3	14.5	14.4	87200.0
2017-08-10	14.4	14.4	14.5	14.4	111900.0
2017-08-11	14.3	14.3	14.4	14.4	62800.0
2017-08-15	14.4	14.4	14.5	14.5	275200.0
2017-08-16	14.5	14.4	14.5	14.5	56500.0
2017-08-17	14.5	14.5	14.5	14.5	149000.0
2017-08-18	14.5	14.5	14.5	14.5	26400.0
2017-08-21	14.5	14.5	14.6	14.6	1091300.0
2017-08-22	14.6	14.6	14.7	14.6	695700.0
2017-08-24	14.5	14.4	14.5	14.4	1062500.0
2017-08-25	14.4	14.4	14.4	14.4	1500.0
2017-08-28	14.4	14.4	14.4	14.4	2200.0
2017-08-29	14.4	14.4	14.4	14.4	1000.0
2017-08-30	14.5	14.5	14.5	14.5	131400.0
2017-08-31	14.5	14.5	14.5	14.5	179800.0
2017-09-01	14.5	14.5	14.5	14.5	5700.0
2017-09-04	14.5	14.4	14.5	14.4	133900.0
2017-09-05	14.4	14.4	14.6	14.4	6900.0
2017-09-06	14.4	14.4	14.6	14.6	662300.0
2017-09-07	14.6	14.3	14.7	14.7	1143200.0
2017-09-08	14.7	14.5	14.7	14.6	1546800.0
2017-09-11	14.4	14.3	14.6	14.6	1135800.0
2017-09-12	14.5	14.5	14.6	14.6	958200.0
2017-09-13	14.4	14.4	14.6	14.6	175000.0
2017-09-14	14.5	14.4	14.5	14.4	7900.0
2017-09-15	14.5	14.1	14.5	14.1	181000.0
2017-09-18	14.1	14.1	14.4	14.1	442400.0
2017-09-19	14.1	14.0	14.1	14.0	8000.0
2017-09-20	14.0	14.0	14.0	14.0	89500.0
2017-09-21	14.0	14.0	14.2	14.1	207000.0
2017-09-22	14.1	14.1	14.1	14.1	103300.0
2017-09-25	14.1	14.0	14.1	14.1	53400.0
2017-09-26	14.1	14.1	14.3	14.3	173300.0
2017-09-27	14.2	14.2	14.3	14.2	255600.0
2017-09-28	14.2	14.2	14.3	14.2	160700.0
2017-09-29	14.3	14.3	14.8	14.8	1120100.0
2017-10-02	14.8	14.7	14.8	14.7	6200.0
2017-10-03	14.7	14.4	14.7	14.4	9100.0
2017-10-04	14.4	14.4	14.6	14.5	600600.0
2017-10-06	14.5	14.5	14.5	14.5	8300.0
2017-10-09	14.5	14.5	14.5	14.5	346600.0
2017-10-10	14.5	14.5	14.7	14.7	56100.0
2017-10-11	14.6	14.6	14.7	14.6	65500.0
2017-10-16	14.5	14.5	14.6	14.6	83500.0
2017-10-17	14.6	14.6	14.6	14.6	220900.0
2017-10-18	14.7	14.7	14.8	14.7	10500.0
2017-10-19	14.7	14.7	14.7	14.7	18800.0
2017-10-20	14.7	14.6	14.7	14.6	1000100.0
2017-10-24	14.6	14.6	14.7	14.7	18300.0
2017-10-25	14.7	14.7	14.8	14.8	9000.0
2017-10-27	14.8	14.6	14.8	14.6	342600.0
2017-10-30	14.6	14.6	14.6	14.6	9300.0
2017-10-31	14.6	14.6	14.7	14.7	600.0
2017-11-01	14.7	14.6	14.7	14.6	595100.0
2017-11-02	14.6	14.6	14.6	14.6	155000.0
2017-11-03	14.5	14.5	14.5	14.5	100.0
2017-11-06	14.4	14.4	14.6	14.6	29400.0
2017-11-07	14.6	14.5	14.6	14.5	200.0
2017-11-09	14.5	14.5	14.6	14.5	165700.0
2017-11-10	14.6	14.5	14.7	14.6	368900.0
2017-11-13	14.6	14.6	14.7	14.7	2400.0
2017-11-14	14.7	14.7	14.7	14.7	20600.0
2017-11-15	14.7	14.7	14.7	14.7	100.0
2017-11-17	14.5	14.5	14.7	14.7	106200.0
2017-11-20	14.5	14.5	14.5	14.5	2000.0
2017-11-21	14.5	14.5	14.7	14.6	643400.0
2017-11-22	14.5	14.5	14.6	14.5	262800.0
2017-11-23	14.5	14.4	14.5	14.4	449200.0
2017-11-24	14.5	14.4	14.5	14.5	830400.0
2017-11-27	14.5	14.5	14.6	14.6	706700.0
2017-11-28	14.6	14.6	14.6	14.6	58000.0
2017-11-29	14.6	14.6	14.6	14.6	100000.0
2017-11-30	14.6	14.6	14.6	14.6	1077300.0
2017-12-01	14.6	14.6	14.7	14.7	191200.0
2017-12-04	14.7	14.7	14.7	14.7	269200.0
2017-12-06	14.7	14.7	14.8	14.8	133800.0
2017-12-07	14.6	14.5	14.7	14.6	100700.0
2017-12-08	14.6	14.6	14.7	14.7	296800.0
2017-12-12	14.6	14.5	14.7	14.7	192000.0
2017-12-13	14.6	14.6	14.7	14.7	1200.0
2017-12-14	14.7	14.5	14.7	14.5	115300.0
2017-12-15	14.6	14.5	15.0	15.0	405100.0
2017-12-18	15.0	14.5	15.0	14.5	74700.0
2017-12-19	14.5	14.5	14.7	14.6	251800.0
2017-12-20	14.5	14.5	14.5	14.5	470200.0
2017-12-21	14.5	14.4	14.5	14.5	85500.0
2017-12-22	14.4	14.4	14.6	14.6	47100.0
2017-12-25	14.5	14.5	14.6	14.6	1100100.0
2017-12-26	14.6	14.6	14.6	14.6	15200.0
2017-12-27	14.5	14.5	14.5	14.5	53100.0
2017-12-28	14.5	14.5	14.5	14.5	538600.0
2018-01-03	14.5	14.5	14.6	14.6	16500.0
2018-01-04	14.8	14.8	14.8	14.8	60400.0
2018-01-05	14.6	14.6	14.6	14.6	100.0
2018-01-08	14.6	14.5	14.6	14.5	591400.0
2018-01-09	14.5	14.5	14.5	14.5	625700.0
2018-01-10	14.5	14.5	14.7	14.7	414700.0
2018-01-11	14.5	14.5	14.6	14.6	195700.0
2018-01-12	14.5	14.5	14.6	14.6	191800.0
2018-01-15	14.6	14.6	14.7	14.7	95600.0
2018-01-16	14.7	14.7	14.8	14.8	132400.0
2018-01-17	14.7	14.7	14.7	14.7	8000.0
2018-01-18	14.7	14.7	14.8	14.8	12500.0
2018-01-22	14.7	14.7	14.7	14.7	500000.0
2018-01-23	14.7	14.6	14.7	14.7	552500.0
2018-01-24	14.7	14.7	14.7	14.7	582900.0
2018-01-25	14.8	14.7	14.9	14.7	465700.0
2018-01-26	14.7	14.6	14.7	14.6	851900.0
2018-01-29	14.6	14.6	14.6	14.6	22500.0
2018-01-30	14.6	14.6	14.6	14.6	1453100.0
2018-01-31	14.5	14.5	14.6	14.6	322300.0
2018-02-01	14.6	14.6	14.6	14.6	61000.0
2018-02-02	14.5	14.5	14.6	14.6	448100.0
2018-02-05	14.5	14.5	14.5	14.5	88600.0
2018-02-06	14.6	14.4	14.6	14.5	19600.0
2018-02-07	14.6	14.5	14.6	14.5	137900.0
2018-02-08	14.5	14.3	14.5	14.3	910900.0
2018-02-09	14.2	14.1	14.3	14.3	136600.0
2018-02-12	14.3	14.2	14.3	14.2	51700.0
2018-02-13	13.9	13.9	14.3	14.2	429000.0
2018-02-14	14.2	14.2	14.2	14.2	50800.0
2018-02-15	14.3	14.3	14.3	14.3	453100.0
2018-02-16	14.3	14.3	14.3	14.3	714900.0
2018-02-19	14.3	14.3	14.3	14.3	153200.0
2018-02-20	14.3	14.3	14.5	14.5	13400.0
2018-02-21	14.5	14.4	14.5	14.5	296300.0
2018-02-22	14.5	14.4	14.6	14.6	660800.0
2018-02-23	14.6	14.6	14.6	14.6	110200.0
2018-02-26	14.5	14.4	14.5	14.4	145600.0
2018-02-27	14.4	14.3	14.4	14.3	140000.0
2018-02-28	14.3	14.3	14.4	14.4	385200.0
2018-03-02	14.4	14.4	14.4	14.4	100000.0
2018-03-05	14.3	14.3	14.4	14.3	255900.0
2018-03-06	14.3	14.2	14.3	14.3	86800.0
2018-03-07	14.3	14.3	14.3	14.3	7000.0
2018-03-08	14.3	14.3	14.4	14.3	908200.0
2018-03-09	14.4	14.4	14.4	14.4	48300.0
2018-03-12	14.4	14.3	14.5	14.3	697900.0
2018-03-13	14.4	14.4	14.5	14.4	550000.0
2018-03-14	14.4	14.4	14.5	14.5	394700.0
2018-03-15	14.5	14.4	14.5	14.5	280200.0
2018-03-16	14.5	14.4	14.5	14.4	721500.0
2018-03-19	14.4	14.4	14.4	14.4	892700.0
2018-03-20	14.4	14.3	14.4	14.3	295300.0
2018-03-21	14.4	14.4	14.4	14.4	427100.0
2018-03-22	14.4	14.4	14.4	14.4	345000.0
2018-03-23	14.3	14.2	14.3	14.3	38900.0
2018-03-26	14.4	14.4	14.4	14.4	35000.0
2018-03-27	14.4	14.4	14.4	14.4	420100.0
2018-03-28	14.5	14.4	14.5	14.4	566400.0
2018-03-29	14.4	14.4	14.4	14.4	503300.0
2018-03-30	14.4	14.4	14.4	14.4	477800.0
2018-04-02	14.4	14.4	14.4	14.4	58000.0
2018-04-03	14.5	14.5	14.5	14.5	251800.0
2018-04-04	14.5	14.5	14.5	14.5	283800.0
2018-04-05	14.5	14.5	14.5	14.5	477000.0
2018-04-09	14.5	14.5	14.6	14.5	190400.0
2018-04-10	14.6	14.5	14.6	14.6	173700.0
2018-04-11	14.6	14.6	14.6	14.6	752700.0
2018-04-12	14.6	14.5	14.6	14.5	77300.0
2018-04-17	14.5	14.5	14.5	14.5	1000.0
2018-04-18	14.5	14.5	14.5	14.5	110500.0
2018-04-19	14.5	14.5	14.5	14.5	1052500.0
2018-04-20	14.5	14.5	14.5	14.5	542100.0
2018-04-23	14.5	14.5	14.5	14.5	1021300.0
2018-04-24	14.5	14.5	14.5	14.5	729400.0
2018-04-25	14.5	14.5	14.5	14.5	570500.0
2018-04-26	14.4	14.4	14.5	14.5	792900.0
2018-04-27	14.5	14.5	14.6	14.6	496900.0
2018-04-30	14.6	14.5	14.6	14.5	584700.0
2018-05-02	14.5	14.5	14.5	14.5	38400.0
2018-05-03	14.5	14.5	14.5	14.5	7000.0
2018-05-04	14.5	14.5	14.5	14.5	8000.0
2018-05-07	14.5	14.5	14.6	14.6	17500.0
2018-05-08	14.6	14.6	14.6	14.6	141800.0
2018-05-09	14.6	14.6	14.7	14.7	302200.0
2018-05-10	14.5	14.5	14.5	14.5	203000.0
2018-05-11	14.5	14.5	14.6	14.5	637800.0
2018-05-14	14.6	14.6	14.7	14.7	525600.0
2018-05-15	14.8	14.8	14.8	14.8	2100.0
2018-05-16	14.6	14.4	14.6	14.6	737700.0
2018-05-17	14.6	14.6	14.8	14.8	51000.0
2018-05-18	14.8	14.8	14.9	14.9	120000.0
2018-05-21	14.9	14.9	14.9	14.9	119400.0
2018-05-22	14.9	14.9	14.9	14.9	136600.0
2018-05-23	14.9	14.9	15.0	14.9	117700.0
2018-05-24	14.9	14.9	14.9	14.9	472700.0
2018-05-25	15.0	15.0	15.0	15.0	500.0
2018-05-28	14.9	14.5	14.9	14.8	152500.0
2018-05-30	14.8	14.8	14.8	14.8	50800.0
2018-05-31	14.9	14.8	14.9	14.8	255800.0
2018-06-01	14.9	14.7	14.9	14.8	362900.0
2018-06-04	14.8	14.8	14.8	14.8	46300.0
2018-06-05	14.9	14.8	14.9	14.9	61400.0
2018-06-06	14.8	14.8	14.9	14.9	61500.0
2018-06-07	14.9	14.8	14.9	14.8	33600.0
2018-06-08	14.8	14.8	14.9	14.8	218700.0
2018-06-11	14.8	14.7	14.8	14.8	28900.0
2018-06-12	14.7	14.7	14.9	14.8	358000.0
2018-06-13	14.8	14.6	14.8	14.6	328600.0
2018-06-14	14.7	14.4	14.7	14.4	181600.0
2018-06-15	14.7	14.6	14.8	14.6	272700.0
2018-06-18	14.6	14.6	14.6	14.6	50000.0
2018-06-19	14.5	14.5	14.6	14.6	21700.0
2018-06-20	14.6	14.4	14.6	14.4	269700.0
2018-06-21	14.5	14.4	14.5	14.5	8500.0
2018-06-22	14.5	14.4	14.5	14.4	56100.0
2018-06-25	14.5	14.5	14.5	14.5	179400.0
2018-06-26	14.5	14.4	14.5	14.5	53000.0
2018-06-27	14.5	14.4	14.5	14.5	45600.0
2018-06-28	14.5	14.5	14.5	14.5	27800.0
2018-06-29	14.5	14.4	14.5	14.4	144900.0
2018-07-02	14.4	14.2	14.4	14.2	636700.0
2018-07-03	14.3	14.1	14.3	14.1	164000.0
2018-07-04	14.1	14.1	14.2	14.2	110600.0
2018-07-05	14.2	14.2	14.3	14.3	60900.0
2018-07-06	14.3	14.3	14.4	14.4	12800.0
2018-07-09	14.3	14.3	14.4	14.4	122000.0
2018-07-10	14.4	14.3	14.5	14.5	11700.0
2018-07-11	14.5	14.4	14.5	14.5	543000.0
2018-07-12	14.4	14.4	14.4	14.4	4800.0
2018-07-13	14.5	14.4	14.5	14.4	13900.0
2018-07-16	14.4	14.4	14.5	14.4	14900.0
2018-07-17	14.4	14.4	14.5	14.5	3700.0
2018-07-18	14.5	14.4	14.6	14.6	1759800.0
2018-07-19	14.6	14.5	14.6	14.5	233900.0
2018-07-23	14.5	14.2	14.5	14.3	415100.0
2018-07-24	14.5	14.3	14.5	14.3	211700.0
2018-07-25	14.4	14.4	14.5	14.4	49900.0
2018-07-26	14.4	14.4	14.5	14.4	17200.0
2018-07-31	14.4	14.4	14.5	14.5	487500.0
2018-08-01	14.5	14.4	14.5	14.4	440000.0
2018-08-02	14.5	14.4	14.7	14.7	1255200.0
2018-08-03	14.7	14.6	14.7	14.7	345200.0
2018-08-06	14.7	14.6	14.8	14.7	562800.0
2018-08-07	14.7	14.6	14.7	14.6	83900.0
2018-08-08	14.7	14.6	14.8	14.7	592800.0
2018-08-09	14.7	14.7	14.8	14.7	835400.0
2018-08-10	14.8	14.7	14.9	14.9	323800.0
2018-08-14	14.9	14.8	15.0	14.8	449700.0
2018-08-15	14.9	14.9	15.1	14.9	221900.0
2018-08-16	15.1	14.9	15.1	15.1	246000.0
2018-08-17	15.2	14.9	15.2	15.1	611800.0
2018-08-20	15.1	15.1	15.4	15.3	330400.0
2018-08-21	15.5	15.4	15.8	15.8	499500.0
2018-08-22	15.8	15.5	15.8	15.7	2503400.0
2018-08-23	15.6	15.4	15.6	15.6	1019200.0
2018-08-24	15.6	15.5	15.6	15.6	650000.0
2018-08-27	15.6	15.5	15.6	15.6	439500.0
2018-08-28	15.6	15.5	15.6	15.5	17800.0
2018-08-29	15.5	15.4	15.6	15.4	185500.0
2018-08-30	15.6	15.5	15.7	15.5	131600.0
2018-08-31	15.5	15.5	15.6	15.6	533500.0
2018-09-03	15.5	15.4	15.6	15.5	293700.0
2018-09-04	15.6	15.5	15.7	15.6	905000.0
2018-09-05	15.7	15.7	15.8	15.8	300700.0
2018-09-06	15.8	15.7	15.9	15.7	210900.0
2018-09-07	15.7	15.6	15.7	15.6	106000.0
2018-09-10	15.6	15.6	15.7	15.7	5200.0
2018-09-11	15.7	15.7	15.7	15.7	105100.0
2018-09-12	15.7	15.7	15.9	15.8	146000.0
2018-09-13	15.9	15.8	15.9	15.8	107500.0
2018-09-14	16.0	16.0	16.1	16.0	104800.0
2018-09-17	15.9	15.7	15.9	15.8	393100.0
2018-09-18	15.8	15.7	15.8	15.8	305700.0
2018-09-19	15.8	15.8	15.9	15.9	7800.0
2018-09-20	15.8	15.7	15.9	15.7	353800.0
2018-09-21	15.8	15.4	15.8	15.4	2021700.0
2018-09-24	15.5	15.4	15.5	15.4	75300.0
2018-09-25	15.4	15.3	15.4	15.3	16100.0
2018-09-26	15.2	15.2	15.4	15.4	101400.0
2018-09-27	15.4	15.1	15.4	15.2	50600.0
2018-09-28	15.2	15.1	15.2	15.1	12900.0
2018-10-01	15.1	15.1	15.1	15.1	10900.0
2018-10-02	15.2	15.1	15.2	15.1	8100.0
2018-10-03	15.2	15.2	15.3	15.2	113300.0
2018-10-04	15.2	15.0	15.2	15.0	639200.0
2018-10-05	15.0	15.0	15.2	15.2	244400.0
2018-10-08	15.2	15.0	15.2	15.0	135800.0
2018-10-09	15.0	15.0	15.2	15.1	122300.0
2018-10-10	15.2	15.1	15.2	15.2	29400.0
2018-10-11	15.1	15.0	15.1	15.0	20300.0
2018-10-12	15.0	15.0	15.0	15.0	1400.0
2018-10-16	15.1	15.0	15.1	15.0	158200.0
2018-10-17	15.1	15.0	15.1	15.0	25600.0
2018-10-18	15.0	14.8	15.0	15.0	1404400.0
2018-10-19	14.9	14.8	15.1	14.8	749400.0
2018-10-22	14.8	14.8	14.9	14.9	170800.0
2018-10-24	14.8	14.7	14.9	14.8	18400.0
2018-10-25	14.8	14.8	14.9	14.9	85200.0
2018-10-26	14.8	14.7	14.8	14.8	35700.0
2018-10-29	14.9	14.9	15.1	15.0	66400.0
2018-10-30	15.0	14.6	15.0	14.6	354400.0
2018-10-31	14.7	14.7	14.8	14.7	28200.0
2018-11-01	14.7	14.6	14.8	14.8	12700.0
2018-11-02	14.8	14.7	15.0	15.0	153100.0
2018-11-05	15.0	15.0	15.1	15.0	129800.0
2018-11-06	15.1	15.0	15.1	15.0	538100.0
2018-11-07	15.0	15.0	15.0	15.0	383400.0
2018-11-08	15.0	14.9	15.1	15.1	163700.0
2018-11-09	15.1	15.1	15.1	15.1	51700.0
2018-11-12	15.1	15.1	15.2	15.1	217700.0
2018-11-13	15.2	15.1	15.2	15.1	74400.0
2018-11-14	15.1	15.1	15.2	15.1	406100.0
2018-11-15	15.1	15.0	15.1	15.1	85100.0
2018-11-16	15.0	15.0	15.1	15.0	241500.0
2018-11-19	15.0	14.9	15.0	15.0	20000.0
2018-11-20	15.0	14.8	15.0	14.9	180000.0
2018-11-22	15.0	14.9	15.0	14.9	42500.0
2018-11-23	15.0	14.9	15.0	15.0	82900.0
2018-11-26	15.0	14.8	15.0	14.9	269300.0
2018-11-27	14.9	14.8	14.9	14.9	97500.0
2018-11-28	14.9	14.9	15.0	14.9	9700.0
2018-11-29	14.9	14.9	14.9	14.9	375200.0
2018-11-30	14.9	14.8	14.9	14.8	99100.0
2018-12-03	14.8	14.8	15.0	14.8	449800.0
2018-12-04	14.8	14.7	14.8	14.7	349200.0
2018-12-06	14.7	14.7	14.8	14.7	1208300.0
2018-12-07	14.8	14.7	14.8	14.8	493400.0
2018-12-11	14.5	14.5	14.7	14.7	551500.0
2018-12-12	14.5	14.5	14.8	14.7	267300.0
2018-12-13	14.7	14.6	14.7	14.7	1373100.0
2018-12-14	14.7	14.6	14.8	14.8	501300.0
2018-12-17	14.7	14.6	14.7	14.7	209700.0
2018-12-18	14.7	14.5	14.7	14.5	163500.0
2018-12-19	14.5	14.4	14.5	14.5	451700.0
2018-12-20	14.6	14.4	14.6	14.5	575500.0
2018-12-21	14.4	14.2	14.5	14.5	2488600.0
2018-12-24	14.5	14.3	14.5	14.4	1174700.0
2018-12-25	14.4	14.3	14.4	14.4	3461300.0
2018-12-26	14.4	14.4	14.5	14.4	18700.0
2018-12-27	14.5	14.3	14.5	14.3	122800.0
2018-12-28	14.3	14.3	14.4	14.3	735600.0
2019-01-02	14.3	14.3	14.6	14.6	174600.0
2019-01-03	14.6	14.6	14.6	14.6	68000.0
2019-01-04	14.7	14.7	14.9	14.9	468900.0
2019-01-07	14.8	14.5	14.8	14.6	581400.0
2019-01-08	14.6	14.6	14.6	14.6	286700.0
2019-01-09	14.7	14.6	14.7	14.7	302900.0
2019-01-10	14.7	14.6	14.7	14.7	609400.0
2019-01-11	14.8	14.7	14.8	14.7	2400.0
2019-01-14	14.7	14.7	14.7	14.7	5000.0
2019-01-15	14.7	14.7	14.7	14.7	42300.0
2019-01-16	14.6	14.6	14.8	14.7	145700.0
2019-01-17	14.7	14.7	14.7	14.7	65500.0
2019-01-18	14.7	14.7	14.7	14.7	79500.0
2019-01-21	14.7	14.6	14.7	14.6	65700.0
2019-01-23	14.6	14.6	14.9	14.8	40500.0
2019-01-24	14.9	14.9	14.9	14.9	37400.0
2019-01-25	14.9	14.9	14.9	14.9	200.0
2019-01-28	15.0	15.0	15.0	15.0	11700.0
2019-01-29	15.0	14.9	15.0	14.9	7400.0
2019-01-30	14.9	14.9	15.0	15.0	71800.0
2019-01-31	14.9	14.9	15.0	15.0	15500.0
2019-02-01	14.9	14.9	15.0	15.0	600.0
2019-02-04	14.9	14.9	15.0	15.0	432500.0
2019-02-05	15.0	15.0	15.1	15.0	510900.0
2019-02-06	15.0	15.0	15.2	15.2	363600.0
2019-02-07	15.2	15.2	15.3	15.3	64100.0
2019-02-08	15.3	15.0	15.3	15.0	7000.0
2019-02-11	15.2	15.1	15.2	15.2	2100.0
2019-02-12	15.2	15.2	15.3	15.3	205700.0
2019-02-13	15.3	15.3	15.3	15.3	525900.0
2019-02-14	15.4	15.3	15.4	15.3	286700.0
2019-02-15	15.3	15.3	15.3	15.3	135100.0
2019-02-18	15.3	15.3	15.4	15.3	19200.0
2019-02-20	15.3	15.2	15.4	15.3	114200.0
2019-02-21	14.9	14.9	15.1	15.1	275000.0
2019-02-22	15.0	14.9	15.0	14.9	3000.0
2019-02-26	15.0	14.9	15.0	14.9	50600.0
2019-02-27	14.9	14.8	14.9	14.8	89000.0
2019-02-28	14.8	14.7	14.8	14.7	519700.0
2019-03-01	14.8	14.7	14.8	14.7	27200.0
2019-03-04	14.7	14.6	14.7	14.7	224200.0
2019-03-05	14.7	14.6	14.8	14.7	2642000.0
2019-03-06	14.8	14.7	14.8	14.7	1592100.0
2019-03-07	14.8	14.6	14.8	14.7	917200.0
2019-03-08	14.8	14.7	15.0	15.0	104400.0
2019-03-11	15.0	15.0	15.1	15.1	141100.0
2019-03-12	15.1	14.9	15.1	14.9	10800.0
2019-03-13	15.0	14.9	15.2	15.1	136100.0
2019-03-14	15.2	15.0	15.2	15.1	66200.0
2019-03-15	15.1	15.1	15.1	15.1	270600.0
2019-03-18	15.1	15.0	15.2	15.2	296300.0
2019-03-19	15.2	15.0	15.2	15.0	54800.0
2019-03-20	15.0	15.0	15.1	15.1	101700.0
2019-03-21	15.2	15.1	15.2	15.1	154800.0
2019-03-22	15.2	15.0	15.2	15.0	372100.0
2019-03-25	15.2	14.8	15.2	14.9	113300.0
2019-03-26	15.0	15.0	15.3	15.2	240200.0
2019-03-27	15.3	15.1	15.4	15.4	206900.0
2019-03-28	15.4	15.2	15.4	15.4	89600.0
2019-03-29	15.4	15.2	15.6	15.6	117100.0
2019-04-01	15.5	15.5	15.6	15.5	258200.0
2019-04-02	15.5	15.4	15.6	15.5	180500.0
2019-04-03	15.5	15.4	15.7	15.5	83300.0
2019-04-04	15.5	15.5	15.5	15.5	266700.0
2019-04-05	15.6	15.4	15.6	15.4	185000.0
2019-04-09	15.4	15.4	15.6	15.6	700.0
2019-04-10	15.4	15.4	15.6	15.5	283900.0
2019-04-11	15.6	15.4	15.6	15.6	124500.0
2019-04-12	15.5	15.5	15.7	15.6	227800.0
2019-04-17	15.7	15.6	15.8	15.8	148000.0
2019-04-18	15.7	15.7	15.8	15.8	575900.0
2019-04-19	15.7	15.7	16.0	16.0	132200.0
2019-04-22	16.0	15.7	16.0	15.8	91700.0
2019-04-23	15.9	15.9	15.9	15.9	3700.0
2019-04-24	15.8	15.7	15.8	15.7	5300.0
2019-04-25	15.7	15.7	15.7	15.7	109700.0
2019-04-26	15.8	15.7	15.8	15.7	4400.0
2019-04-29	15.7	15.5	15.7	15.5	90800.0
2019-04-30	15.5	15.5	15.7	15.7	33800.0
2019-05-02	15.7	15.7	15.9	15.9	179700.0
2019-05-03	15.8	15.7	15.9	15.9	356300.0
2019-05-07	15.9	15.7	15.9	15.9	160800.0
2019-05-08	15.9	15.8	15.9	15.8	393700.0
2019-05-09	15.8	15.8	15.9	15.9	297900.0
2019-05-10	15.8	15.8	15.8	15.8	12000.0
2019-05-13	15.9	15.8	15.9	15.8	113900.0
2019-05-14	15.9	15.7	15.9	15.7	33200.0
2019-05-15	15.8	15.7	15.8	15.7	15500.0
2019-05-16	15.8	15.8	15.9	15.8	569200.0
2019-05-17	15.9	15.8	16.2	16.1	860100.0
2019-05-21	16.1	15.9	16.1	16.1	263400.0
2019-05-22	16.1	16.0	16.1	16.1	499600.0
2019-05-23	16.1	15.9	16.1	16.0	162300.0
2019-05-24	15.7	15.7	15.9	15.9	410400.0
2019-05-27	16.0	15.8	16.0	15.9	106000.0
2019-05-28	15.9	15.8	15.9	15.9	136400.0
2019-05-29	15.9	15.8	15.9	15.9	208000.0
2019-05-30	16.0	15.8	16.0	15.9	25300.0
2019-05-31	15.8	15.8	16.0	15.9	254700.0
2019-06-04	16.0	15.8	16.0	16.0	316400.0
2019-06-05	15.9	15.8	16.5	16.5	325100.0
2019-06-06	16.5	16.2	16.5	16.3	13800.0
2019-06-07	16.5	16.2	16.5	16.2	14700.0
2019-06-10	16.3	16.2	16.4	16.4	320700.0
2019-06-11	16.3	16.0	16.3	16.1	295800.0
2019-06-12	16.0	15.9	16.1	16.0	998900.0
2019-06-13	16.1	16.0	16.3	16.3	128800.0
2019-06-14	16.3	16.0	16.4	16.3	285100.0
2019-06-17	16.4	16.3	16.5	16.5	875900.0
2019-06-18	16.5	16.3	16.6	16.5	327300.0
2019-06-19	16.7	16.5	16.7	16.6	955900.0
2019-06-20	16.6	16.6	17.1	17.1	491900.0
2019-06-21	17.1	16.7	17.1	16.8	115600.0
2019-06-24	16.7	16.6	16.8	16.7	285700.0
2019-06-25	16.7	16.6	16.8	16.8	674200.0
2019-06-26	17.1	16.8	17.1	17.1	670800.0
2019-06-27	17.1	17.1	17.4	17.4	230000.0
2019-06-28	17.3	17.3	17.4	17.4	164300.0
2019-07-01	17.5	17.3	17.5	17.4	265700.0
2019-07-02	17.4	17.2	17.4	17.3	64000.0
2019-07-03	17.2	17.2	17.7	17.6	73000.0
2019-07-04	17.7	17.3	17.7	17.5	1265200.0
2019-07-05	17.4	17.3	17.4	17.4	448700.0
2019-07-08	17.6	17.4	17.6	17.4	61300.0
2019-07-09	17.5	17.1	17.5	17.3	284400.0
2019-07-10	17.1	17.1	17.4	17.3	348300.0
2019-07-11	17.4	17.3	17.7	17.7	73500.0
2019-07-12	17.7	17.5	17.7	17.7	830700.0
2019-07-15	17.7	17.5	17.7	17.6	393400.0
2019-07-17	17.5	15.8	17.5	16.0	1484800.0
2019-07-18	16.0	16.0	16.4	16.4	755100.0
2019-07-19	17.2	16.7	17.2	16.8	128700.0
2019-07-22	17.2	16.7	17.2	16.8	132300.0
2019-07-23	16.8	16.8	17.1	17.1	244300.0
2019-07-24	17.1	17.0	17.2	17.1	216600.0
2019-07-25	17.1	16.8	17.1	16.9	247900.0
2019-07-26	16.7	16.7	16.9	16.9	54000.0
2019-07-30	16.6	16.5	16.6	16.5	33500.0
2019-07-31	16.3	16.3	16.5	16.5	17600.0
2019-08-01	16.3	16.3	17.0	17.0	173000.0
2019-08-02	16.7	16.7	16.7	16.7	700.0
2019-08-06	16.4	16.4	16.5	16.5	11000.0
2019-08-07	16.7	16.4	16.8	16.7	39900.0
2019-08-08	17.0	16.8	17.0	16.9	245500.0
2019-08-09	16.9	16.9	17.0	16.9	9600.0
2019-08-13	16.7	16.7	16.9	16.8	28800.0
2019-08-14	16.9	16.3	16.9	16.4	136400.0
2019-08-15	16.4	16.3	16.8	16.7	151100.0
2019-08-16	16.5	16.5	16.7	16.7	255200.0
2019-08-19	16.9	16.6	16.9	16.7	23700.0
2019-08-20	16.6	16.2	16.6	16.4	164600.0
2019-08-21	16.4	16.2	16.4	16.3	76800.0
2019-08-22	16.3	16.3	16.4	16.3	98400.0
2019-08-23	16.4	16.4	16.5	16.5	394400.0
2019-08-26	16.4	16.4	16.6	16.4	302100.0
2019-08-27	16.4	16.4	16.6	16.6	1560000.0
2019-08-28	16.4	16.4	16.7	16.6	222800.0
2019-08-29	16.7	16.7	17.1	17.1	223900.0
2019-08-30	17.0	16.9	17.1	16.9	81700.0
2019-09-02	17.0	17.0	17.1	17.0	342900.0
2019-09-03	17.0	16.9	17.1	17.0	231300.0
2019-09-04	17.0	16.9	17.3	17.2	761500.0
2019-09-05	17.3	17.1	17.4	17.3	559900.0
2019-09-06	17.4	17.3	17.5	17.4	215800.0
2019-09-09	17.4	17.4	17.6	17.6	180600.0
2019-09-10	17.5	17.3	17.5	17.5	27300.0
2019-09-11	17.1	17.0	17.5	17.5	92700.0
2019-09-12	17.2	17.1	17.2	17.1	6200.0
2019-09-13	17.1	16.8	17.1	16.8	17900.0
2019-09-16	16.6	16.6	17.1	16.9	461200.0
2019-09-17	17.0	17.0	17.5	17.1	114300.0
2019-09-18	17.1	17.0	17.1	17.0	29600.0
2019-09-19	17.0	17.0	17.2	17.2	11400.0
2019-09-20	17.1	17.1	17.2	17.2	11900.0
2019-09-23	17.2	17.1	17.2	17.1	10200.0
2019-09-24	17.1	17.1	17.2	17.2	189300.0
2019-09-25	17.2	17.0	17.2	17.2	280900.0
2019-09-26	17.2	17.2	17.2	17.2	100.0
2019-09-27	17.2	16.9	17.2	17.1	33800.0
2019-09-30	16.9	16.8	16.9	16.8	4900.0
2019-10-01	16.6	16.6	16.8	16.7	71100.0
2019-10-02	16.6	16.6	16.7	16.6	136300.0
2019-10-03	16.6	16.4	16.6	16.4	80000.0
2019-10-04	16.6	16.5	16.6	16.6	347600.0
2019-10-07	16.6	16.6	16.7	16.6	82800.0
2019-10-08	16.7	16.7	16.8	16.8	381700.0
2019-10-09	16.7	16.7	17.0	16.8	102000.0
2019-10-10	16.8	16.7	16.8	16.7	81200.0
2019-10-11	16.6	16.6	16.9	16.9	88000.0
2019-10-15	16.9	16.9	17.1	17.1	81300.0
2019-10-16	16.9	16.8	17.0	16.9	84600.0
2019-10-17	16.9	16.9	17.0	17.0	588100.0
2019-10-18	16.9	16.9	16.9	16.9	230000.0
2019-10-21	16.9	16.8	16.9	16.8	100900.0
2019-10-22	16.7	16.6	16.7	16.6	616800.0
2019-10-24	16.5	16.3	16.6	16.3	985300.0
2019-10-25	16.3	16.3	16.5	16.5	171200.0
2019-10-28	16.4	15.9	16.4	15.9	171400.0
2019-10-29	16.0	16.0	16.1	16.0	84000.0
2019-10-30	16.1	16.0	16.1	16.0	172100.0
2019-10-31	16.0	16.0	16.1	16.0	155300.0
2019-11-01	16.3	16.1	16.4	16.1	216400.0
2019-11-04	16.1	16.0	16.3	16.3	244400.0
2019-11-05	16.3	16.0	16.3	16.2	131200.0
2019-11-06	16.1	15.8	16.1	16.0	528600.0
2019-11-07	16.2	15.9	16.2	15.9	65500.0
2019-11-08	16.0	15.3	16.0	15.5	471200.0
2019-11-11	15.6	15.5	15.7	15.7	3100.0
2019-11-12	15.8	15.4	15.8	15.4	46200.0
2019-11-13	15.4	15.0	15.4	15.2	1084500.0
2019-11-14	15.2	15.2	15.4	15.3	1651000.0
2019-11-15	15.4	15.4	15.5	15.4	300900.0
2019-11-18	15.4	15.3	15.4	15.3	151600.0
2019-11-19	15.3	15.3	15.4	15.4	565700.0
2019-11-20	15.4	15.4	15.6	15.6	323200.0
2019-11-21	15.5	15.4	15.5	15.5	195300.0
2019-11-22	15.6	15.5	15.6	15.6	137700.0
2019-11-25	15.6	15.5	15.8	15.8	309600.0
2019-11-26	15.7	15.7	15.9	15.8	467500.0
2019-11-27	15.8	15.8	16.0	16.0	426100.0
2019-11-28	16.0	16.0	16.1	16.0	226000.0
2019-11-29	16.0	16.0	16.1	16.0	228100.0
2019-12-02	16.1	16.1	16.2	16.2	125000.0
2019-12-03	16.1	16.0	16.2	16.1	223100.0
2019-12-04	16.1	16.1	16.1	16.1	186800.0
2019-12-06	16.1	16.0	16.1	16.0	575400.0
2019-12-09	16.1	16.0	16.2	16.1	31700.0
2019-12-11	15.9	15.7	16.0	16.0	884500.0
2019-12-12	15.8	15.8	16.0	16.0	550000.0
2019-12-13	16.1	16.0	16.1	16.0	182000.0
2019-12-16	16.0	15.5	16.0	15.6	34500.0
2019-12-17	15.7	15.6	15.8	15.8	515600.0
2019-12-18	15.8	15.7	15.9	15.9	44600.0
2019-12-19	15.9	15.9	16.0	16.0	53200.0
2019-12-20	15.9	15.8	16.2	16.0	170200.0
2019-12-23	16.2	16.2	16.8	16.2	69000.0
2019-12-24	16.1	16.0	16.2	16.2	315500.0
2019-12-25	16.2	16.2	16.3	16.3	87800.0
2019-12-26	16.3	16.3	16.4	16.4	38800.0
2019-12-27	16.4	16.3	16.5	16.4	52300.0
2019-12-30	16.4	16.3	16.4	16.3	1800.0
2020-01-02	16.2	16.2	16.4	16.4	805300.0
2020-01-03	16.4	16.4	16.4	16.4	207700.0
2020-01-06	16.4	16.4	16.5	16.5	512000.0
2020-01-07	16.5	16.5	16.5	16.5	95000.0
2020-01-08	16.5	16.2	16.5	16.4	269400.0
2020-01-09	16.4	16.4	16.5	16.4	159700.0
2020-01-10	16.5	16.5	16.5	16.5	16900.0
2020-01-13	16.5	16.5	16.7	16.7	174100.0
2020-01-14	16.6	16.6	16.8	16.8	442700.0
2020-01-15	16.8	16.8	17.0	17.0	515300.0
2020-01-16	17.0	16.9	17.0	17.0	121600.0
2020-01-17	16.9	16.9	17.1	17.1	1010300.0
2020-01-20	17.2	17.1	17.3	17.2	625400.0
2020-01-21	17.2	17.1	17.2	17.1	177900.0
2020-01-22	17.1	17.1	17.2	17.2	30300.0
2020-01-23	17.2	17.1	17.2	17.1	21900.0
2020-01-24	17.1	17.1	17.1	17.1	107800.0
2020-01-27	17.0	16.8	17.2	17.2	1396000.0
2020-01-28	17.2	17.0	17.2	17.0	300500.0
2020-01-29	16.9	16.9	17.0	17.0	292300.0
2020-01-30	16.9	16.9	17.1	17.1	144300.0
2020-01-31	17.1	17.1	17.2	17.1	151400.0
2020-02-03	16.9	16.9	17.1	17.1	325600.0
2020-02-04	17.1	17.1	17.1	17.1	12200.0
2020-02-05	17.1	17.0	17.3	17.3	378000.0
2020-02-06	17.2	17.2	17.4	17.4	137200.0
2020-02-07	17.4	17.4	17.5	17.5	681500.0
2020-02-11	17.5	17.5	17.5	17.5	6300.0
2020-02-12	17.5	17.5	17.7	17.7	634800.0
2020-02-13	17.7	17.5	17.7	17.5	180500.0
2020-02-14	17.6	17.6	17.6	17.6	206600.0
2020-02-17	17.6	17.6	17.8	17.8	431700.0
2020-02-18	17.8	17.8	18.1	17.8	863000.0
2020-02-19	17.8	17.8	18.0	18.0	127700.0
2020-02-20	17.9	17.9	17.9	17.9	300.0
2020-02-21	17.7	17.0	17.7	17.0	6200.0
2020-02-24	17.3	17.0	17.3	17.2	60100.0
2020-02-25	17.1	17.1	17.6	17.6	104200.0
2020-02-26	17.2	17.2	17.2	17.2	752500.0
2020-02-27	16.6	16.5	17.2	17.2	364600.0
2020-02-28	17.2	16.9	17.3	17.3	301200.0
2020-03-02	17.2	16.9	17.2	17.1	788100.0
2020-03-03	17.1	17.0	17.2	17.2	672400.0
2020-03-04	17.0	17.0	17.3	17.3	228700.0
2020-03-05	17.0	17.0	17.3	17.0	188100.0
2020-03-06	16.9	16.9	17.2	17.0	134200.0
2020-03-09	16.8	16.4	16.9	16.8	138400.0
2020-03-10	16.3	16.1	16.6	16.5	351100.0
2020-03-11	16.5	16.5	16.8	16.8	357500.0
2020-03-12	16.8	15.2	16.8	15.6	682500.0
2020-03-13	15.2	12.0	15.6	15.6	294300.0
2020-03-16	14.0	13.8	14.9	14.0	672200.0
2020-03-17	14.0	13.8	14.0	14.0	288600.0
2020-03-18	14.0	14.0	14.2	14.0	80400.0
2020-03-19	13.9	13.4	13.9	13.9	331100.0
2020-03-20	13.9	13.5	14.0	13.5	1024200.0
2020-03-23	13.5	13.3	13.6	13.3	51800.0
2020-03-24	13.1	12.3	13.1	12.5	483400.0
2020-03-25	12.6	12.5	14.0	14.0	401200.0
2020-03-26	14.0	13.0	14.1	13.8	519200.0
2020-03-27	13.4	13.3	13.5	13.4	36300.0
2020-03-30	13.0	13.0	13.6	13.5	322700.0
2020-03-31	13.5	13.5	13.7	13.7	79600.0
2020-04-01	13.6	13.4	13.6	13.5	91500.0
2020-04-02	13.4	13.3	13.5	13.4	79900.0
2020-04-03	13.3	13.2	13.4	13.4	44300.0
2020-04-07	13.4	13.4	13.5	13.5	230000.0
2020-04-08	13.4	13.3	13.9	13.9	502900.0
2020-04-09	13.9	13.6	14.0	13.9	443500.0
2020-04-10	13.8	13.8	13.9	13.8	275200.0
2020-04-13	13.6	13.6	13.9	13.9	89300.0
2020-04-14	13.9	13.9	14.6	14.6	543000.0
2020-04-15	14.6	14.5	14.6	14.6	313400.0
2020-04-16	14.6	14.6	14.7	14.7	214000.0
2020-04-17	14.8	14.7	14.8	14.8	93900.0
2020-04-20	14.5	14.5	15.0	14.8	9900.0
2020-04-21	14.8	14.4	14.8	14.5	13700.0
2020-04-23	14.8	14.3	14.8	14.4	75300.0
2020-04-24	14.4	14.4	14.7	14.6	398400.0
2020-04-27	14.6	14.6	14.8	14.8	101300.0
2020-04-28	14.7	14.7	14.8	14.8	517300.0
2020-04-29	14.7	14.7	14.8	14.7	500000.0
2020-04-30	14.7	14.7	15.1	15.1	646600.0
2020-05-05	15.1	14.7	15.1	14.8	15200.0
2020-05-07	14.8	14.4	14.8	14.8	96200.0
2020-05-08	14.5	14.4	14.6	14.5	490900.0
2020-05-11	14.5	14.5	14.5	14.5	343500.0
2020-05-12	14.3	14.1	14.6	14.5	296500.0
2020-05-13	14.5	14.5	14.5	14.5	100.0
2020-05-14	14.5	14.5	14.6	14.6	240500.0
2020-05-15	14.5	14.5	14.5	14.5	14300.0
2020-05-18	14.5	14.5	14.6	14.6	9200.0
2020-05-19	14.6	14.6	14.7	14.6	102100.0
2020-05-20	14.6	14.6	14.7	14.7	18900.0
2020-05-21	14.8	14.8	14.9	14.9	18100.0
2020-05-22	14.9	14.7	15.0	14.7	112900.0
2020-05-25	14.7	14.6	14.7	14.7	18700.0
2020-05-26	14.7	14.5	14.7	14.7	144600.0
2020-05-27	14.7	14.7	14.8	14.7	283200.0
2020-05-28	14.8	14.8	15.0	15.0	55600.0
2020-05-29	15.3	15.3	15.8	15.8	5300.0
2020-06-01	15.7	15.1	15.7	15.1	29200.0
2020-06-02	15.1	15.1	15.1	15.1	49600.0
2020-06-04	15.2	15.1	17.3	17.3	38100.0
2020-06-05	16.9	15.6	16.9	15.8	217500.0
2020-06-08	15.9	15.6	15.9	15.7	140300.0
2020-06-09	15.7	15.6	15.8	15.8	84600.0
2020-06-10	15.8	15.6	15.9	15.9	110100.0
2020-06-11	15.7	15.4	15.7	15.4	6500.0
2020-06-12	15.0	14.9	15.1	15.0	27800.0
2020-06-15	15.0	15.0	15.1	15.0	2700.0
2020-06-16	14.9	14.6	14.9	14.8	30300.0
2020-06-17	14.5	14.3	14.7	14.5	49400.0
2020-06-18	14.5	14.5	14.7	14.5	7800.0
2020-06-19	14.5	14.5	14.8	14.7	78500.0
2020-06-22	15.0	14.5	15.0	14.6	2800.0
2020-06-23	14.7	14.5	14.7	14.6	62000.0
2020-06-24	14.4	14.4	14.6	14.5	4300.0
2020-06-26	14.4	14.3	14.5	14.5	7700.0
2020-06-29	14.2	14.1	14.5	14.1	84300.0
2020-06-30	14.1	13.7	14.5	14.1	406200.0
2020-07-01	14.1	13.9	14.1	13.9	146000.0
2020-07-02	14.0	13.9	14.0	13.9	141900.0
2020-07-03	14.0	13.8	14.0	13.8	144300.0
2020-07-07	13.9	13.8	14.0	14.0	217500.0
2020-07-08	13.8	13.8	13.9	13.9	33900.0
2020-07-09	13.9	13.9	14.1	14.1	27900.0
2020-07-10	14.1	13.9	14.1	13.9	144600.0
2020-07-13	14.0	14.0	14.1	14.1	132800.0
2020-07-14	14.0	13.8	14.0	13.9	8200.0
2020-07-15	14.0	13.9	14.0	14.0	42500.0
2020-07-16	13.9	13.8	13.9	13.8	1600.0
2020-07-17	13.8	13.5	13.8	13.5	99900.0
2020-07-20	13.7	13.3	13.7	13.5	75000.0
2020-07-21	13.5	13.3	13.5	13.5	89200.0
2020-07-23	13.6	13.5	13.8	13.6	137200.0
2020-07-24	13.8	13.8	13.9	13.8	631900.0
2020-07-29	13.8	13.8	13.8	13.8	6900.0
2020-07-30	13.8	13.7	13.9	13.7	120700.0
2020-07-31	13.7	13.6	13.7	13.6	62800.0
2020-08-03	13.6	13.5	13.7	13.6	148900.0
2020-08-04	13.5	13.5	13.6	13.5	11900.0
2020-08-05	13.5	13.4	13.5	13.4	23600.0
2020-08-06	13.4	13.4	13.4	13.4	26300.0
2020-08-07	13.3	13.3	13.3	13.3	200.0
2020-08-10	13.0	12.8	13.3	12.8	91500.0
2020-08-11	12.9	12.9	13.3	13.3	88900.0
2020-08-13	13.3	13.3	13.4	13.3	49800.0
2020-08-14	13.4	13.3	13.4	13.3	8500.0
2020-08-17	13.3	13.0	13.3	13.1	68100.0
2020-08-18	13.1	13.1	13.1	13.1	5000.0
2020-08-19	13.1	13.1	13.1	13.1	4200.0
2020-08-20	13.0	12.5	13.0	12.9	111500.0
2020-08-21	12.9	12.8	12.9	12.9	9800.0
2020-08-24	12.8	12.8	12.8	12.8	10700.0
2020-08-25	12.8	12.7	13.1	12.7	132200.0
2020-08-26	12.7	12.6	12.7	12.6	71400.0
2020-08-27	12.6	12.6	12.7	12.7	12600.0
2020-08-28	12.7	12.7	12.9	12.9	7000.0
2020-08-31	12.9	12.9	12.9	12.9	78700.0
2020-09-01	12.9	12.9	13.4	13.1	151700.0
2020-09-02	13.0	12.9	13.0	12.9	60600.0
2020-09-03	12.9	12.9	12.9	12.9	100500.0
2020-09-08	12.9	12.9	12.9	12.9	108900.0
2020-09-09	12.9	12.9	13.1	13.0	39300.0
2020-09-10	13.1	13.1	13.1	13.1	4100.0
2020-09-14	13.1	13.0	13.1	13.0	161900.0
2020-09-15	13.1	13.0	13.1	13.0	451000.0
2020-09-16	13.0	12.7	13.0	12.7	234900.0
2020-09-17	12.8	12.5	12.8	12.5	137700.0
2020-09-18	12.5	12.3	12.5	12.4	81300.0
2020-09-21	12.3	12.3	12.4	12.3	6400.0
2020-09-22	12.3	12.1	12.3	12.2	20300.0
2020-09-23	12.1	12.1	12.1	12.1	4300.0
2020-09-24	12.1	12.0	12.1	12.1	3600.0
2020-09-25	12.1	12.1	12.3	12.2	21700.0
2020-09-28	12.2	12.2	12.2	12.2	800.0
2020-09-29	12.1	12.1	12.1	12.1	210700.0
2020-09-30	12.1	11.9	12.1	12.0	55300.0
2020-10-01	12.0	11.6	12.0	11.6	27700.0
2020-10-02	11.6	11.4	11.6	11.5	18100.0
2020-10-05	11.5	11.4	11.5	11.5	37900.0
2020-10-06	11.4	11.1	11.4	11.3	161100.0
2020-10-07	11.2	10.9	11.2	11.0	226000.0
2020-10-08	10.9	10.6	10.9	10.8	145300.0
2020-10-09	10.8	10.7	10.9	10.8	1511200.0
2020-10-12	10.8	10.8	10.9	10.9	9200.0
2020-10-14	10.9	10.9	11.0	10.9	56600.0
2020-10-15	10.9	10.8	10.9	10.8	158400.0
2020-10-16	10.8	10.6	10.8	10.7	4100.0
2020-10-19	10.7	10.4	10.7	10.4	9600.0
2020-10-20	10.4	10.1	10.5	10.5	55100.0
2020-10-21	10.3	10.3	10.5	10.5	3300.0
2020-10-22	10.5	10.3	10.5	10.4	14600.0
2020-10-26	10.4	10.4	10.4	10.4	100.0
2020-10-27	10.4	10.3	10.4	10.3	33300.0
2020-10-28	10.3	10.3	10.4	10.4	56200.0
2020-10-29	10.4	10.3	10.4	10.4	39900.0
2020-10-30	10.3	10.2	10.3	10.2	176400.0
2020-11-02	10.2	10.2	10.5	10.5	46100.0
2020-11-03	10.5	10.5	11.0	11.0	7800.0
2020-11-04	10.8	10.8	10.9	10.9	2200.0
2020-11-05	10.9	10.8	10.9	10.8	15000.0
2020-11-06	10.8	10.8	10.9	10.8	40600.0
2020-11-09	11.3	10.7	11.3	10.8	26800.0
2020-11-10	10.9	10.8	11.3	11.2	1310800.0
2020-11-11	11.2	11.0	11.8	11.8	21200.0
2020-11-12	11.7	11.6	11.7	11.6	50400.0
2020-11-13	11.6	11.5	11.6	11.6	58400.0
2020-11-16	11.6	11.4	11.6	11.4	102000.0
2020-11-17	11.2	11.2	11.4	11.4	500.0
2020-11-18	11.4	11.1	12.0	11.8	41500.0
2020-11-19	11.1	11.0	11.5	11.5	17600.0
2020-11-20	11.4	11.3	11.5	11.4	42300.0
2020-11-23	11.4	11.4	11.7	11.7	72000.0
2020-11-24	11.6	11.5	11.7	11.7	57500.0
2020-11-25	11.7	11.7	12.0	11.7	230300.0
2020-11-26	11.8	11.8	11.8	11.8	114300.0
2020-11-27	11.9	11.8	11.9	11.9	473000.0
2020-11-30	11.9	11.9	12.0	12.0	27400.0
2020-12-01	11.9	11.9	12.0	12.0	62100.0
2020-12-02	12.0	11.8	12.0	11.9	71400.0
2020-12-03	11.8	11.8	11.9	11.9	54200.0
2020-12-04	11.9	11.7	11.9	11.8	9100.0
2020-12-08	11.7	11.7	11.8	11.7	80100.0
2020-12-09	11.7	11.6	11.9	11.9	1305900.0
2020-12-14	11.9	11.8	12.0	12.0	490900.0
2020-12-15	11.8	11.8	12.0	12.0	2012200.0
2020-12-16	12.0	11.9	12.1	12.1	4400.0
2020-12-17	12.0	11.9	12.1	12.1	10500.0
2020-12-18	12.0	12.0	12.0	12.0	86200.0
2020-12-21	11.5	11.1	11.8	11.8	36900.0
2020-12-22	11.3	11.3	11.7	11.7	53100.0
2020-12-23	11.7	11.7	12.0	12.0	807600.0
2020-12-24	11.8	11.8	11.9	11.9	80100.0
2020-12-25	11.7	11.5	12.0	12.0	933500.0
2020-12-28	11.9	11.9	12.3	12.3	242600.0
2020-12-29	12.3	12.1	12.9	12.8	932700.0
2020-12-30	12.9	12.8	12.9	12.9	396300.0
2021-01-04	12.8	12.4	12.8	12.4	112300.0
2021-01-05	12.1	12.0	12.3	12.0	17800.0
2021-01-06	12.0	12.0	12.5	12.5	1600.0
2021-01-07	12.1	12.0	12.3	12.3	13200.0
2021-01-08	12.1	11.9	12.1	12.0	131900.0
2021-01-11	11.8	11.7	11.9	11.7	262000.0
2021-01-12	11.7	11.5	11.7	11.5	87200.0
2021-01-13	11.5	11.2	11.5	11.4	59000.0
2021-01-14	11.4	11.1	11.4	11.3	49700.0
2021-01-15	11.3	11.3	11.5	11.4	413400.0
2021-01-18	11.5	11.4	11.5	11.5	18900.0
2021-01-19	11.4	11.4	11.4	11.4	4500.0
2021-01-20	11.3	11.3	11.4	11.4	5100.0
2021-01-21	11.2	11.2	11.5	11.5	74000.0
2021-01-22	11.5	11.5	11.5	11.5	20200.0
2021-01-25	11.6	11.3	11.6	11.5	1700.0
2021-01-26	11.4	11.4	11.4	11.4	48600.0
2021-01-27	11.3	11.1	11.3	11.3	557800.0
2021-01-28	11.3	11.3	11.4	11.4	47800.0
2021-01-29	11.4	11.4	11.5	11.4	157700.0
2021-02-01	11.4	11.3	11.6	11.4	159900.0
2021-02-02	11.4	11.2	11.4	11.4	105100.0
2021-02-03	11.4	11.3	11.5	11.3	576800.0
2021-02-04	11.3	11.2	11.3	11.2	307500.0
2021-02-05	11.3	11.2	11.3	11.3	103300.0
2021-02-08	11.3	11.3	11.3	11.3	139000.0
2021-02-09	11.3	11.2	11.3	11.3	1233400.0
2021-02-10	11.3	11.1	11.3	11.2	427700.0
2021-02-11	11.3	11.1	11.3	11.2	306800.0
2021-02-15	11.3	10.7	11.3	11.1	240900.0
2021-02-16	11.0	10.7	11.0	10.7	607900.0
2021-02-17	11.0	10.8	11.0	11.0	12200.0
2021-02-18	11.1	10.4	11.1	10.4	402000.0
2021-02-19	10.5	10.4	10.5	10.4	730800.0
2021-02-22	10.5	10.1	10.5	10.3	445100.0
2021-02-23	10.3	10.2	10.4	10.3	112100.0
2021-02-24	10.4	10.2	10.4	10.3	388200.0
2021-02-25	10.3	10.2	10.3	10.2	41900.0
2021-03-01	10.2	10.0	10.2	10.2	133700.0
2021-03-02	10.2	10.1	10.2	10.2	323200.0
2021-03-03	10.2	10.2	10.4	10.2	442700.0
2021-03-04	10.3	10.2	10.4	10.3	258400.0
2021-03-05	10.3	10.2	10.4	10.3	381300.0
2021-03-08	10.4	10.3	10.4	10.4	237000.0
2021-03-09	10.4	10.4	10.6	10.6	274800.0
2021-03-10	10.6	10.5	11.2	11.1	210100.0
2021-03-11	11.1	10.8	11.1	11.0	1087800.0
2021-03-12	11.0	10.8	11.0	10.8	654500.0
2021-03-15	10.8	10.7	10.8	10.7	833500.0
2021-03-16	10.8	10.7	10.8	10.8	569000.0
2021-03-17	10.7	10.6	10.7	10.7	198800.0
2021-03-18	10.8	10.6	10.8	10.7	27300.0
2021-03-19	10.7	10.7	10.7	10.7	69900.0
2021-03-22	10.7	10.6	10.8	10.7	284900.0
2021-03-23	10.7	10.5	10.7	10.6	406700.0
2021-03-24	10.6	10.5	10.7	10.7	152700.0
2021-03-25	10.7	10.7	10.8	10.8	102500.0
2021-03-26	10.7	10.7	10.8	10.8	1008800.0
2021-03-29	10.7	10.7	10.8	10.7	42600.0
2021-03-30	10.8	10.7	10.8	10.7	56300.0
2021-03-31	10.7	10.6	10.8	10.7	467300.0
2021-04-01	10.7	10.6	10.7	10.7	647700.0
2021-04-02	10.7	10.7	10.8	10.7	314200.0
2021-04-05	10.8	10.7	10.8	10.7	390200.0
2021-04-07	10.6	10.6	10.7	10.6	57600.0
2021-04-08	10.7	10.6	10.7	10.7	27600.0
2021-04-09	10.7	10.6	10.7	10.6	42000.0
2021-04-12	10.6	10.4	10.6	10.5	77700.0
2021-04-16	10.4	10.4	10.5	10.5	68300.0
2021-04-19	10.5	10.4	10.5	10.5	171700.0
2021-04-20	10.5	10.5	10.5	10.5	9000.0
2021-04-21	10.5	10.4	10.6	10.5	566000.0
2021-04-22	10.5	10.4	10.5	10.5	429900.0
2021-04-23	10.4	10.3	10.4	10.4	270400.0
2021-04-26	10.4	10.3	10.4	10.4	528100.0
2021-04-27	10.4	10.3	10.4	10.4	8700.0
2021-04-28	10.3	10.3	10.4	10.4	38500.0
2021-04-29	10.4	10.4	10.6	10.6	102800.0
2021-04-30	10.6	10.5	10.6	10.6	74400.0
2021-05-05	10.6	10.4	10.6	10.5	261600.0
2021-05-06	10.5	10.4	10.5	10.5	23200.0
2021-05-07	10.5	10.5	10.6	10.6	20000.0
2021-05-10	10.6	10.5	10.6	10.5	103900.0
2021-05-11	10.5	10.0	10.5	10.3	364100.0
2021-05-12	10.3	10.3	10.4	10.4	488400.0
2021-05-13	10.3	10.2	10.4	10.4	155500.0
2021-05-14	10.4	10.3	10.4	10.3	316300.0
2021-05-17	10.3	10.2	10.3	10.3	320600.0
2021-05-18	10.3	10.3	10.4	10.4	1333600.0
2021-05-19	10.4	10.3	10.4	10.4	1191900.0
2021-05-20	10.3	10.2	10.4	10.4	95000.0
2021-05-21	10.2	10.2	10.3	10.3	131700.0
2021-05-24	10.3	10.2	10.3	10.3	138100.0
2021-05-25	10.2	10.2	10.3	10.3	130400.0
2021-05-27	10.3	10.2	10.3	10.3	59000.0
2021-05-28	10.3	10.2	10.3	10.3	130400.0
2021-05-31	10.3	10.3	10.4	10.3	585200.0
2021-06-01	10.3	10.2	10.3	10.3	315900.0
2021-06-02	10.3	10.2	10.3	10.3	130000.0
2021-06-04	10.3	10.3	10.4	10.3	163500.0
2021-06-07	10.4	10.3	10.4	10.4	60800.0
2021-06-08	10.4	10.3	10.4	10.3	760500.0
2021-06-09	10.3	10.2	10.4	10.4	1014700.0
2021-06-10	10.4	10.3	10.4	10.3	836200.0
2021-06-11	10.3	10.2	10.4	10.4	1487900.0
2021-06-14	10.4	10.4	10.6	10.5	564100.0
2021-06-15	10.5	10.5	10.7	10.6	1587500.0
2021-06-16	10.7	10.5	10.7	10.6	251100.0
2021-06-17	10.6	10.5	10.8	10.8	4446000.0
2021-06-18	10.8	10.7	11.0	10.9	3226100.0
2021-06-21	10.8	10.8	10.9	10.9	1031000.0
2021-06-22	10.9	10.8	11.0	10.9	1376600.0
2021-06-23	10.9	10.8	10.9	10.8	424900.0
2021-06-24	10.7	10.5	10.8	10.7	491200.0
2021-06-25	10.8	10.6	10.8	10.7	382200.0
2021-06-28	10.3	10.3	10.7	10.7	149900.0
2021-06-29	10.6	10.6	10.7	10.6	124600.0
2021-06-30	10.6	10.5	10.7	10.6	252000.0
2021-07-01	10.7	10.6	10.7	10.6	62500.0
2021-07-02	10.6	10.5	10.7	10.6	296400.0
2021-07-05	10.6	10.5	10.7	10.6	231500.0
2021-07-06	10.6	10.5	10.6	10.6	29700.0
2021-07-07	10.6	10.5	10.6	10.5	140000.0
2021-07-08	10.5	10.3	10.5	10.3	668200.0
2021-07-09	10.3	10.2	10.4	10.4	482000.0
2021-07-12	10.3	10.3	10.4	10.4	58300.0
2021-07-13	10.3	10.3	10.3	10.3	810200.0
2021-07-14	10.3	10.2	10.4	10.4	139800.0
2021-07-15	10.3	10.2	10.3	10.3	253400.0
2021-07-16	10.3	10.2	10.3	10.3	485100.0
2021-07-19	10.2	10.2	10.3	10.3	133200.0
2021-07-20	10.2	10.1	10.2	10.2	166000.0
2021-07-21	10.2	10.1	10.2	10.2	162100.0
2021-07-22	10.2	10.1	10.2	10.2	459200.0
2021-07-23	10.1	10.0	10.2	10.2	417400.0
2021-07-27	10.2	10.1	10.3	10.2	280000.0
2021-07-29	10.1	10.0	10.1	10.1	103100.0
2021-07-30	10.1	9.95	10.1	10.0	491000.0
2021-08-02	10.0	9.9	10.0	9.95	248300.0
2021-08-03	9.9	9.9	10.0	9.95	400200.0
2021-08-04	9.95	9.9	9.95	9.95	289800.0
2021-08-05	9.95	9.9	10.0	9.95	412000.0
2021-08-06	9.95	9.95	10.1	10.0	238400.0
2021-08-09	10.0	9.9	10.0	9.95	401300.0
2021-08-10	10.0	9.9	10.0	9.95	974300.0
2021-08-11	10.0	9.95	10.1	10.1	524900.0
2021-08-13	10.2	10.1	10.2	10.1	269500.0
2021-08-16	10.0	10.0	10.2	10.2	227000.0
2021-08-17	10.2	10.1	10.2	10.2	253700.0
2021-08-18	10.2	10.1	10.5	10.5	789000.0
2021-08-19	10.4	10.4	10.5	10.5	187900.0
2021-08-20	10.5	10.3	10.5	10.4	247300.0
2021-08-23	10.3	10.2	10.5	10.4	198200.0
2021-08-24	10.4	10.4	10.7	10.5	563800.0
2021-08-25	10.5	10.4	10.6	10.5	296500.0
2021-08-26	10.5	10.5	10.8	10.5	489000.0
2021-08-27	10.7	10.3	10.7	10.5	316400.0
2021-08-30	10.5	10.5	10.7	10.6	330000.0
2021-08-31	10.6	10.5	10.6	10.6	74400.0
2021-09-01	10.5	10.5	10.6	10.6	40800.0
2021-09-02	10.6	10.5	10.6	10.6	369100.0
2021-09-03	10.6	10.3	10.6	10.5	290800.0
2021-09-06	10.6	10.4	10.6	10.5	36700.0
2021-09-07	10.5	10.4	10.5	10.4	125300.0
2021-09-08	10.4	10.4	10.4	10.4	79500.0
2021-09-09	10.4	10.2	10.4	10.4	308000.0
2021-09-10	10.5	10.3	10.5	10.4	239400.0
2021-09-13	10.4	10.4	10.5	10.4	106000.0
2021-09-14	10.4	10.3	10.4	10.4	269500.0
2021-09-15	10.3	10.1	10.4	10.2	368700.0
2021-09-16	10.2	10.2	10.3	10.3	237100.0
2021-09-17	10.3	10.1	10.3	10.2	368400.0
2021-09-20	10.2	10.0	10.2	10.0	623100.0
2021-09-21	10.0	10.0	10.2	10.2	106900.0
2021-09-22	10.2	10.1	10.3	10.2	314300.0
2021-09-23	10.2	10.2	10.3	10.3	43000.0
2021-09-27	10.3	10.2	10.3	10.3	192900.0
2021-09-28	10.2	10.2	10.3	10.2	206000.0
2021-09-29	10.2	10.2	10.3	10.2	16900.0
2021-09-30	10.2	10.2	10.3	10.3	78600.0
2021-10-01	10.3	10.2	10.4	10.4	25800.0
2021-10-04	10.3	10.3	10.3	10.3	1110800.0
2021-10-05	10.3	10.3	10.4	10.4	202200.0
2021-10-06	10.4	10.4	10.6	10.6	68500.0
2021-10-07	10.6	10.6	10.8	10.7	233100.0
2021-10-08	10.6	10.6	10.7	10.7	13300.0
2021-10-11	10.7	10.5	10.7	10.6	74600.0
2021-10-12	10.5	10.5	10.7	10.7	825300.0
2021-10-14	10.6	10.6	10.7	10.6	61700.0
2021-10-15	10.6	10.6	10.7	10.6	84300.0
2021-10-18	10.7	10.6	10.7	10.7	3900.0
2021-10-19	10.6	10.4	10.7	10.7	285700.0
2021-10-20	10.6	10.5	10.7	10.6	768800.0
2021-10-21	10.6	10.6	10.7	10.6	375200.0
2021-10-25	10.6	10.6	10.7	10.7	97900.0
2021-10-26	10.6	10.6	10.8	10.6	425400.0
2021-10-27	10.7	10.5	10.7	10.5	209300.0
2021-10-28	10.6	10.6	10.7	10.6	255600.0
2021-10-29	10.6	10.6	10.7	10.7	12800.0
2021-11-01	10.7	10.6	10.7	10.6	134200.0
2021-11-02	10.6	10.5	10.6	10.5	94100.0
2021-11-03	10.6	10.4	10.6	10.6	138600.0
2021-11-04	10.6	10.5	10.6	10.6	64300.0
2021-11-05	10.6	10.6	10.7	10.6	54100.0
2021-11-08	10.7	10.5	10.7	10.7	85400.0
2021-11-09	10.6	10.6	10.7	10.7	24100.0
2021-11-10	10.6	10.5	10.6	10.6	156200.0
2021-11-11	10.6	10.6	10.6	10.6	33200.0
2021-11-12	10.6	10.5	10.6	10.5	21700.0
2021-11-15	10.5	10.5	10.6	10.6	107400.0
2021-11-16	10.5	10.4	10.5	10.5	591300.0
2021-11-17	10.5	10.4	10.5	10.5	39400.0
2021-11-18	10.5	10.3	10.5	10.3	692900.0
2021-11-19	10.3	10.3	10.4	10.4	571100.0
2021-11-22	10.4	10.3	10.4	10.4	81300.0
2021-11-23	10.4	10.3	10.4	10.4	108900.0
2021-11-24	10.4	10.2	10.4	10.4	736300.0
2021-11-25	10.4	10.3	10.4	10.3	70200.0
2021-11-26	10.3	10.2	10.4	10.3	923000.0
2021-11-29	10.3	10.3	10.4	10.3	288400.0
2021-11-30	10.3	10.2	10.4	10.3	609900.0
2021-12-01	10.2	10.2	10.3	10.3	117700.0
2021-12-02	10.3	10.2	10.4	10.3	227500.0
2021-12-03	10.4	10.4	10.5	10.4	355100.0
2021-12-07	10.4	10.4	10.5	10.5	219900.0
2021-12-08	10.5	10.3	10.5	10.4	621900.0
2021-12-09	10.3	10.3	10.4	10.3	617300.0
2021-12-13	10.3	10.3	10.4	10.4	196300.0
2021-12-14	10.4	10.3	10.4	10.3	16200.0
2021-12-15	10.4	10.4	10.5	10.4	1066900.0
2021-12-16	10.4	10.3	10.5	10.4	105000.0
2021-12-17	10.3	10.3	10.4	10.4	138500.0
2021-12-20	10.4	10.3	10.4	10.4	40000.0
2021-12-21	10.3	10.3	10.3	10.3	172600.0
2021-12-22	10.3	10.1	10.3	10.3	329200.0
2021-12-23	10.2	10.1	10.3	10.2	262800.0
2021-12-24	10.2	10.1	10.2	10.2	481000.0
2021-12-27	10.1	10.0	10.2	10.1	304700.0
2021-12-28	10.1	10.0	10.1	10.1	96400.0
2021-12-29	10.1	10.0	10.1	10.1	544200.0
2021-12-30	10.1	10.0	10.1	10.1	150600.0
2022-01-04	10.2	10.1	10.2	10.2	231800.0
2022-01-05	10.2	10.1	10.3	10.3	441100.0
2022-01-06	10.3	10.2	10.3	10.2	308300.0
2022-01-07	10.2	10.0	10.2	10.0	470000.0
2022-01-10	10.2	10.1	10.2	10.1	259900.0
2022-01-11	10.2	10.0	10.2	10.0	632700.0
2022-01-12	10.1	10.0	10.2	10.1	689100.0
2022-01-13	10.1	10.0	10.2	10.0	730900.0
2022-01-14	10.0	10.0	10.1	10.1	318500.0
2022-01-17	10.1	10.0	10.2	10.0	241800.0
2022-01-18	10.2	10.0	10.2	10.1	1178300.0
2022-01-19	10.1	10.0	10.1	10.1	246800.0
2022-01-20	10.0	10.0	10.1	10.1	755900.0
2022-01-21	10.0	9.95	10.1	10.1	345300.0
2022-01-24	9.95	9.95	10.1	9.95	345600.0
2022-01-25	9.95	9.85	10.0	9.95	964800.0
2022-01-26	9.95	9.75	9.95	9.8	1060800.0
2022-01-27	9.8	9.8	9.9	9.9	354400.0
2022-01-28	9.8	9.8	9.9	9.85	440400.0
2022-01-31	9.85	9.8	9.9	9.85	208700.0
2022-02-01	9.85	9.85	9.95	9.9	190200.0
2022-02-02	9.95	9.85	9.95	9.9	542500.0
2022-02-03	9.9	9.85	9.9	9.9	300000.0
2022-02-04	9.85	9.85	10.0	9.95	198700.0
2022-02-07	9.95	9.85	9.95	9.9	515400.0
2022-02-08	9.9	9.85	9.95	9.9	317700.0
2022-02-09	9.95	9.95	10.3	10.2	1360400.0
2022-02-10	10.2	10.1	10.2	10.1	47700.0
2022-02-11	10.2	10.1	10.2	10.2	226600.0
2022-02-14	10.2	10.2	10.3	10.2	568200.0
2022-02-15	10.2	10.2	10.2	10.2	78200.0
2022-02-17	10.2	10.1	10.2	10.2	706900.0
2022-02-18	10.2	10.1	10.2	10.2	228700.0
2022-02-21	10.2	10.1	10.2	10.2	238000.0
2022-02-22	10.2	10.1	10.2	10.1	890000.0
2022-02-23	10.0	9.95	10.0	9.95	561700.0
2022-02-24	10.0	9.8	10.0	9.95	284300.0
2022-02-25	9.9	9.9	10.0	9.9	178400.0
2022-02-28	10.0	9.9	10.0	9.95	70500.0
2022-03-01	9.95	9.95	10.0	10.0	30400.0
2022-03-02	9.9	9.9	10.0	9.95	135600.0
2022-03-03	9.95	9.9	10.0	9.95	54100.0
2022-03-04	9.95	9.9	9.95	9.9	52700.0
2022-03-07	9.9	9.8	9.9	9.85	359900.0
2022-03-08	9.85	9.65	9.85	9.75	655700.0
2022-03-09	9.7	9.65	9.8	9.7	709800.0
2022-03-10	9.75	9.7	9.8	9.7	158800.0
2022-03-11	9.7	9.7	9.75	9.75	101400.0
2022-03-14	9.75	9.7	9.85	9.85	310000.0
2022-03-15	9.85	9.75	9.85	9.8	99800.0
2022-03-16	9.8	9.65	9.8	9.75	480200.0
2022-03-17	9.7	9.7	9.8	9.8	31900.0
2022-03-18	9.8	9.75	9.8	9.8	124700.0
2022-03-21	9.8	9.7	9.8	9.75	113700.0
2022-03-22	9.75	9.75	9.8	9.8	40500.0
2022-03-23	9.85	9.75	9.85	9.8	188500.0
2022-03-24	9.85	9.75	9.85	9.8	205600.0
2022-03-25	9.8	9.75	9.8	9.8	28500.0
2022-03-28	9.8	9.8	9.85	9.85	402300.0
2022-03-29	9.85	9.8	9.9	9.85	514100.0
2022-03-30	9.85	9.85	9.9	9.85	29400.0
2022-03-31	9.8	9.8	9.9	9.8	260200.0
2022-04-01	9.8	9.75	9.9	9.75	179500.0
2022-04-04	9.75	9.75	9.85	9.8	6000.0
2022-04-05	9.8	9.75	9.85	9.8	87500.0
2022-04-07	9.85	9.8	9.85	9.8	49600.0
2022-04-08	9.8	9.75	9.85	9.8	353300.0
2022-04-11	9.8	9.75	9.85	9.8	246300.0
2022-04-12	9.85	9.8	9.85	9.85	133200.0
2022-04-18	9.85	9.85	9.9	9.85	188800.0
2022-04-19	9.85	9.8	9.9	9.85	256900.0
2022-04-20	9.85	9.85	9.85	9.85	50800.0
2022-04-21	9.85	9.8	9.85	9.85	20600.0
2022-04-22	9.85	9.8	9.85	9.85	54700.0
2022-04-25	9.85	9.75	9.85	9.75	224800.0
2022-04-26	9.8	9.75	9.8	9.75	253800.0
2022-04-27	9.75	9.65	9.75	9.75	528600.0
2022-04-28	9.7	9.7	9.75	9.75	329200.0
2022-04-29	9.8	9.75	9.85	9.85	222300.0
2022-05-03	9.85	9.75	9.85	9.85	357300.0
2022-05-05	9.85	9.7	9.85	9.8	44200.0
2022-05-06	9.75	9.7	9.8	9.75	133200.0
2022-05-09	9.7	9.65	9.8	9.7	98600.0
2022-05-10	9.65	9.65	9.75	9.7	51200.0
2022-05-11	9.7	9.65	9.7	9.7	15800.0
2022-05-12	9.65	9.55	9.7	9.6	313600.0
2022-05-13	9.6	9.55	9.65	9.6	58300.0
2022-05-17	9.6	9.55	9.7	9.55	338000.0
2022-05-18	9.6	9.5	9.65	9.55	416800.0
2022-05-19	9.5	9.5	9.65	9.6	322100.0
2022-05-20	9.6	9.55	9.6	9.6	511400.0
2022-05-23	9.65	9.6	9.65	9.6	233500.0
2022-05-24	9.6	9.6	9.65	9.6	186800.0
2022-05-25	9.6	9.6	9.65	9.6	110100.0
2022-05-26	9.5	9.45	9.55	9.5	452200.0
2022-05-27	9.5	9.5	9.5	9.5	115400.0
2022-05-30	9.5	9.5	9.55	9.5	50700.0
2022-05-31	9.5	9.5	9.55	9.5	171700.0
2022-06-01	9.5	9.4	9.5	9.4	360400.0
2022-06-02	9.4	9.4	9.45	9.4	247000.0
2022-06-06	9.4	9.25	9.4	9.25	427700.0
2022-06-07	9.1	9.05	9.2	9.1	450400.0
2022-06-08	9.1	9.1	9.15	9.1	332400.0
2022-06-09	9.1	9.05	9.15	9.1	433300.0
2022-06-10	9.1	9.1	9.15	9.15	118100.0
2022-06-13	9.15	9.05	9.15	9.05	515000.0
2022-06-14	9.05	9.05	9.1	9.1	206400.0
2022-06-15	9.05	9.05	9.1	9.1	726000.0
2022-06-16	9.1	9.05	9.15	9.1	564000.0
2022-06-17	9.05	9.05	9.1	9.05	245200.0
2022-06-20	9.05	9.0	9.1	9.0	179100.0
2022-06-21	9.1	9.0	9.1	9.0	376100.0
2022-06-22	9.05	8.95	9.05	8.95	149400.0
2022-06-23	9.0	8.8	9.0	8.8	201500.0
2022-06-24	8.85	8.85	9.0	8.95	163900.0
2022-06-27	8.95	8.95	9.0	9.0	101400.0
2022-06-28	9.0	8.95	9.0	9.0	161800.0
2022-06-29	9.0	8.8	9.0	8.95	617400.0
2022-06-30	8.95	8.95	9.0	9.0	51800.0
2022-07-01	9.0	8.95	9.0	9.0	48700.0
2022-07-04	8.95	8.9	9.0	8.95	10700.0
2022-07-05	8.95	8.8	8.95	8.85	313200.0
2022-07-06	8.8	8.8	8.9	8.9	655900.0
2022-07-07	8.85	8.85	8.95	8.9	275000.0
2022-07-08	8.9	8.9	9.0	8.95	8600.0
2022-07-11	8.95	8.95	9.0	8.95	303600.0
2022-07-12	8.85	8.85	9.0	9.0	63500.0
2022-07-14	8.95	8.9	8.95	8.95	40100.0
2022-07-15	8.9	8.85	8.95	8.85	134900.0
2022-07-18	8.85	8.8	8.9	8.85	339700.0
2022-07-19	8.85	8.8	8.85	8.8	8600.0
2022-07-20	8.8	8.8	8.85	8.85	209700.0
2022-07-21	8.85	8.75	8.9	8.9	120100.0
2022-07-22	8.95	8.85	8.95	8.85	30600.0
2022-07-25	8.85	8.8	8.95	8.8	184500.0
2022-07-26	8.8	8.75	8.85	8.75	169000.0
2022-07-27	8.8	8.75	8.85	8.85	11400.0
2022-08-01	8.8	8.8	8.95	8.95	64500.0
2022-08-02	8.95	8.9	8.95	8.95	4200.0
2022-08-03	8.95	8.85	8.95	8.85	348200.0
2022-08-04	8.85	8.85	8.9	8.85	201500.0
2022-08-05	8.85	8.85	8.95	8.85	291800.0
2022-08-08	8.85	8.85	8.95	8.95	420000.0
2022-08-09	9.0	8.9	9.0	8.9	529200.0
2022-08-10	9.0	8.85	9.0	8.85	514700.0
2022-08-11	8.85	8.85	8.9	8.85	165400.0
2022-08-15	8.9	8.9	9.0	9.0	39300.0
2022-08-16	9.0	9.0	9.15	9.15	379900.0
2022-08-17	9.15	9.15	9.35	9.3	227300.0
2022-08-18	9.3	9.3	9.4	9.4	89300.0
2022-08-19	9.3	9.15	9.3	9.15	208500.0
2022-08-22	9.3	9.2	9.3	9.3	248200.0
2022-08-23	9.3	9.15	9.3	9.2	262400.0
2022-08-24	9.15	9.1	9.2	9.15	503300.0
2022-08-25	9.15	9.15	9.2	9.2	129900.0
2022-08-26	9.0	8.95	9.05	9.0	297200.0
2022-08-29	9.0	8.95	9.0	9.0	458500.0
2022-08-30	9.0	8.95	9.0	9.0	681800.0
2022-08-31	9.0	8.95	9.0	8.95	502200.0
2022-09-01	8.95	8.95	9.0	9.0	170700.0
2022-09-02	9.0	9.0	9.05	9.05	47800.0
2022-09-05	9.05	9.0	9.1	9.1	53100.0
2022-09-06	9.1	9.0	9.1	9.0	231500.0
2022-09-07	9.05	8.9	9.1	8.95	719100.0
2022-09-08	8.95	8.95	9.1	9.05	62000.0
2022-09-09	9.05	9.0	9.05	9.05	244400.0
2022-09-12	9.05	9.0	9.1	9.05	172700.0
2022-09-13	9.0	9.0	9.05	9.05	370400.0
2022-09-14	9.05	9.0	9.05	9.05	17600.0
2022-09-15	9.0	9.0	9.05	9.0	586000.0
2022-09-16	9.05	9.0	9.1	9.05	186300.0
2022-09-19	9.05	9.0	9.05	9.05	128600.0
2022-09-20	9.05	9.0	9.05	9.0	14800.0
2022-09-21	9.0	9.0	9.0	9.0	66000.0
2022-09-22	9.0	9.0	9.05	9.05	117800.0
2022-09-23	9.05	9.05	9.1	9.1	909000.0
2022-09-26	9.05	8.95	9.1	8.95	154100.0
2022-09-27	9.0	9.0	9.05	9.0	46400.0
2022-09-28	9.0	8.95	9.05	8.95	442800.0
2022-09-29	8.95	8.9	9.0	8.95	371300.0
2022-09-30	8.95	8.95	9.0	9.0	23500.0
2022-10-03	9.0	8.9	9.0	8.95	84400.0
2022-10-04	8.95	8.85	9.0	8.85	180700.0
2022-10-05	9.0	8.9	9.0	8.9	9400.0
2022-10-06	8.9	8.85	8.95	8.9	45100.0
2022-10-07	8.9	8.9	8.95	8.95	117800.0
2022-10-10	8.9	8.9	8.95	8.95	47100.0
2022-10-11	8.95	8.85	9.0	8.9	759600.0
2022-10-12	8.9	8.85	8.9	8.9	75300.0
2022-10-17	8.9	8.85	8.9	8.9	4900.0
2022-10-18	8.9	8.85	8.9	8.9	37300.0
2022-10-19	8.85	8.85	8.9	8.9	47800.0
2022-10-20	8.85	8.85	8.9	8.9	63700.0
2022-10-21	8.9	8.85	8.9	8.9	51400.0
2022-10-25	8.85	8.65	8.85	8.7	546000.0
2022-10-26	8.7	8.65	8.75	8.7	222300.0
2022-10-27	8.7	8.65	8.75	8.7	280100.0
2022-10-28	8.65	8.6	8.7	8.6	126200.0
2022-10-31	8.65	8.55	8.7	8.6	231400.0
2022-11-01	8.75	8.6	8.75	8.65	231900.0
2022-11-02	8.7	8.65	8.85	8.65	165500.0
2022-11-03	8.7	8.6	8.75	8.75	191000.0
2022-11-04	8.8	8.8	8.85	8.8	285700.0
2022-11-07	8.8	8.8	8.95	8.85	309100.0
2022-11-08	8.85	8.8	8.95	8.95	288500.0
2022-11-09	8.85	8.65	8.85	8.85	329300.0
2022-11-10	8.7	8.65	8.9	8.9	149800.0
2022-11-11	8.85	8.85	8.85	8.85	65300.0
2022-11-14	8.85	8.8	8.9	8.85	190900.0
2022-11-15	8.85	8.8	8.9	8.9	197100.0
2022-11-16	8.95	8.75	8.95	8.75	518200.0
2022-11-17	8.8	8.75	8.9	8.8	111200.0
2022-11-18	8.8	8.8	8.85	8.8	116900.0
2022-11-21	8.8	8.8	8.9	8.9	35600.0
2022-11-22	8.9	8.8	8.9	8.9	71500.0
2022-11-23	8.9	8.8	8.9	8.9	169900.0
2022-11-24	8.9	8.85	8.95	8.95	66200.0
2022-11-25	8.9	8.9	9.05	9.05	253800.0
2022-11-28	9.1	9.05	9.2	9.1	415800.0
2022-11-29	9.15	9.1	9.15	9.15	168500.0
2022-11-30	9.15	9.1	9.2	9.15	140600.0
2022-12-01	9.2	9.15	9.2	9.15	87900.0
2022-12-02	9.15	9.15	9.2	9.15	81800.0
2022-12-06	9.2	9.15	9.2	9.15	108800.0
2022-12-07	9.15	9.1	9.15	9.15	196300.0
2022-12-08	9.0	8.9	9.0	9.0	171600.0
2022-12-09	9.0	8.9	9.0	8.95	160000.0
2022-12-13	8.95	8.95	8.95	8.95	216700.0
2022-12-14	8.95	8.95	9.05	9.0	421200.0
2022-12-15	9.05	8.95	9.05	9.0	140700.0
2022-12-16	9.0	8.95	9.0	8.95	138200.0
2022-12-19	8.95	8.9	9.0	9.0	239800.0
2022-12-20	8.95	8.9	9.0	9.0	132400.0
2022-12-21	9.0	9.0	9.1	9.05	210400.0
2022-12-22	9.1	9.05	9.1	9.1	156600.0
2022-12-23	9.15	9.0	9.15	9.1	156500.0
2022-12-26	9.1	9.05	9.15	9.1	54600.0
2022-12-27	9.1	9.1	9.15	9.15	78400.0
2022-12-28	9.1	9.1	9.15	9.15	63800.0
2022-12-29	9.15	9.05	9.15	9.1	746300.0
2022-12-30	9.1	9.05	9.15	9.1	534600.0
