Date	Price Open	Price Low	Price High	Price Close	Volume
2019-12-26	5.7	4.72	5.85	4.72	37738000
2019-12-27	4.74	4.64	4.82	4.68	10052800
2019-12-30	4.68	4.44	4.7	4.48	2997100
2020-01-02	4.46	4.32	4.5	4.32	2525800
2020-01-03	4.3	3.96	4.4	3.96	6848200
2020-01-06	3.9	3.22	3.9	3.26	1214300
2020-01-07	3.36	3.16	3.4	3.18	6031500
2020-01-08	3.0	2.88	3.08	2.88	4064300
2020-01-09	2.96	2.9	3.58	3.32	35177600
2020-01-10	3.3	3.3	3.46	3.38	7350700
2020-01-13	3.4	3.4	3.76	3.52	17032900
2020-01-14	3.54	3.28	3.58	3.28	4328800
2020-01-15	3.3	3.24	3.44	3.28	4747900
2020-01-16	3.34	3.3	3.44	3.3	3527200
2020-01-17	3.32	3.28	3.34	3.3	1169100
2020-01-20	3.3	3.22	3.3	3.22	813100
2020-01-21	3.24	3.12	3.24	3.16	737700
2020-01-22	3.14	3.12	3.22	3.14	799800
2020-01-23	3.16	3.14	3.22	3.22	667700
2020-01-24	3.22	3.1	3.22	3.1	359200
2020-01-27	3.1	2.98	3.12	2.98	2557700
2020-01-28	3.0	2.92	3.04	2.92	437900
2020-01-29	2.94	2.94	3.1	2.96	661600
2020-01-30	3.0	2.96	3.02	3.0	151100
2020-01-31	2.98	2.94	3.0	3.0	249900
2020-02-03	2.98	2.86	2.98	2.96	474700
2020-02-04	2.96	2.88	2.98	2.98	967000
2020-02-05	2.96	2.96	3.02	3.0	882900
2020-02-06	3.04	3.02	3.14	3.02	766500
2020-02-07	3.04	2.98	3.04	3.02	174400
2020-02-11	3.02	2.96	3.02	2.96	113300
2020-02-12	3.0	2.92	3.0	2.94	302200
2020-02-13	2.94	2.88	2.96	2.94	364900
2020-02-14	2.92	2.92	2.94	2.92	227500
2020-02-17	2.94	2.9	2.94	2.9	139800
2020-02-18	2.9	2.86	2.92	2.9	253300
2020-02-19	2.88	2.82	2.9	2.82	316400
2020-02-20	2.82	2.74	2.82	2.76	346500
2020-02-21	2.74	2.68	2.74	2.7	279900
2020-02-24	2.66	2.54	2.68	2.54	191900
2020-02-25	2.54	2.38	2.54	2.4	184900
2020-02-26	2.42	2.18	2.42	2.18	130600
2020-02-27	2.22	2.2	2.26	2.26	90000
2020-02-28	2.2	2.16	2.24	2.24	119200
2020-03-02	2.2	2.18	2.24	2.18	130900
2020-03-03	2.24	2.18	2.24	2.22	116600
2020-03-04	2.24	2.24	2.4	2.3	387500
2020-03-05	2.36	2.34	2.4	2.36	103400
2020-03-06	2.36	2.28	2.36	2.3	53900
2020-03-09	2.26	2.1	2.26	2.12	411300
2020-03-10	2.14	2.12	2.16	2.12	223800
2020-03-11	2.12	2.1	2.16	2.12	29000
2020-03-12	2.12	1.75	2.12	1.75	483400
2020-03-13	1.51	1.51	1.85	1.75	445200
2020-03-16	1.7	1.51	1.7	1.6	100600
2020-03-17	1.68	1.62	1.72	1.62	27500
2020-03-18	1.68	1.68	1.72	1.7	63500
2020-03-19	1.7	1.7	1.7	1.7	20000
2020-03-20	1.71	1.7	1.88	1.87	247900
2020-03-23	1.84	1.71	1.92	1.71	136200
2020-03-24	1.7	1.6	1.71	1.65	158100
2020-03-25	1.7	1.6	1.7	1.65	69100
2020-03-26	1.67	1.6	1.67	1.64	72800
2020-03-27	1.64	1.63	1.69	1.69	98000
2020-03-30	1.64	1.63	1.67	1.63	13500
2020-03-31	1.63	1.63	1.66	1.64	39100
2020-04-01	1.64	1.63	1.66	1.65	60400
2020-04-02	1.64	1.63	1.67	1.64	47300
2020-04-03	1.64	1.63	1.66	1.63	54300
2020-04-07	1.63	1.63	1.77	1.75	167900
2020-04-08	1.75	1.75	1.9	1.9	118200
2020-04-09	1.94	1.94	2.0	1.99	98900
2020-04-10	2.08	2.0	2.28	2.28	871400
2020-04-13	2.34	2.26	2.34	2.28	44000
2020-04-14	2.26	2.2	2.28	2.26	115000
2020-04-15	2.34	2.32	2.58	2.58	1824300
2020-04-16	2.7	2.58	2.76	2.64	876600
2020-04-17	2.7	2.58	2.7	2.58	217700
2020-04-20	2.7	2.6	2.7	2.62	238700
2020-04-21	2.64	2.6	2.7	2.6	115000
2020-04-22	2.64	2.48	2.64	2.54	709900
2020-04-23	2.56	2.54	2.58	2.54	88300
2020-04-24	2.5	2.4	2.52	2.5	55200
2020-04-27	2.56	2.54	2.74	2.7	863300
2020-04-28	2.68	2.6	2.68	2.6	205100
2020-04-29	2.58	2.56	2.64	2.64	198000
2020-04-30	2.64	2.62	2.7	2.62	8000
2020-05-05	2.58	2.52	2.6	2.52	180300
2020-05-07	2.5	2.46	2.5	2.46	72600
2020-05-08	2.52	2.46	2.56	2.46	9900
2020-05-11	2.46	2.42	2.46	2.42	83900
2020-05-12	2.46	2.44	2.52	2.46	63700
2020-05-13	2.52	2.4	2.52	2.4	144500
2020-05-14	2.46	2.42	2.48	2.42	7000
2020-05-15	2.4	2.38	2.44	2.44	71900
2020-05-18	2.4	2.4	2.46	2.44	133300
2020-05-19	2.42	2.4	2.46	2.4	56800
2020-05-20	2.44	2.3	2.44	2.36	244900
2020-05-21	2.32	2.3	2.36	2.32	169800
2020-05-22	2.36	2.24	2.36	2.26	97500
2020-05-25	2.34	2.28	2.52	2.32	99800
2020-05-26	2.38	2.38	2.44	2.38	177100
2020-05-27	2.4	2.38	2.4	2.4	32600
2020-05-28	2.42	2.42	2.62	2.52	820100
2020-05-29	2.5	2.46	2.56	2.48	419000
2020-06-01	2.5	2.46	2.54	2.54	315400
2020-06-02	2.52	2.46	2.52	2.5	176100
2020-06-04	2.48	2.46	2.52	2.46	225700
2020-06-05	2.46	2.4	2.46	2.4	289800
2020-06-08	2.42	2.4	2.56	2.4	556100
2020-06-09	2.48	2.38	2.48	2.4	109800
2020-06-10	2.36	2.36	2.4	2.38	16300
2020-06-11	2.46	2.36	2.46	2.38	91900
2020-06-12	2.32	2.2	2.32	2.3	81200
2020-06-15	2.3	2.2	2.34	2.2	275800
2020-06-16	2.28	2.18	2.28	2.18	412100
2020-06-17	2.28	2.2	2.3	2.2	7800
2020-06-18	2.2	2.2	2.26	2.24	7500
2020-06-19	2.24	2.24	2.26	2.26	18700
2020-06-22	2.22	2.2	2.22	2.2	8000
2020-06-23	2.2	2.2	2.28	2.24	44200
2020-06-24	2.28	2.2	2.28	2.2	83400
2020-06-25	2.2	2.14	2.2	2.16	162800
2020-06-26	2.18	2.18	2.24	2.24	25200
2020-06-29	2.16	2.08	2.16	2.12	219500
2020-06-30	2.14	2.06	2.18	2.1	263300
2020-07-01	2.1	2.08	2.12	2.12	112600
2020-07-02	2.12	2.12	2.28	2.26	619900
2020-07-03	2.22	2.22	2.38	2.24	1627500
2020-07-07	2.24	2.16	2.3	2.16	386100
2020-07-08	2.24	2.2	2.48	2.4	6870000
2020-07-09	2.48	2.34	2.48	2.38	1236400
2020-07-10	2.36	2.28	2.36	2.34	687200
2020-07-13	2.34	2.26	2.36	2.26	451300
2020-07-14	2.26	2.2	2.26	2.24	329900
2020-07-15	2.24	2.24	2.26	2.26	305900
2020-07-16	2.3	2.24	2.3	2.24	29500
2020-07-17	2.24	2.2	2.24	2.24	19100
2020-07-20	2.24	2.2	2.24	2.2	66400
2020-07-21	2.22	2.2	2.3	2.26	194300
2020-07-22	2.26	2.22	2.26	2.22	77000
2020-07-23	2.22	2.22	2.24	2.22	90300
2020-07-24	2.28	2.22	2.28	2.24	71400
2020-07-29	2.22	2.22	2.26	2.26	27100
2020-07-30	2.28	2.08	2.28	2.1	232000
2020-07-31	2.14	2.1	2.18	2.12	31400
2020-08-03	2.12	2.12	2.22	2.2	27100
2020-08-04	2.26	2.18	2.26	2.26	86400
2020-08-05	2.22	2.2	2.3	2.3	324100
2020-08-06	2.26	2.26	2.32	2.3	160600
2020-08-07	2.3	2.28	2.6	2.46	8252300
2020-08-10	2.48	2.4	2.54	2.42	5573200
2020-08-11	2.42	2.4	2.48	2.42	727100
2020-08-13	2.44	2.24	2.44	2.28	747400
2020-08-14	2.2	2.2	2.28	2.2	540300
2020-08-17	2.18	2.12	2.2	2.14	402300
2020-08-18	2.14	2.12	2.24	2.12	282200
2020-08-19	2.14	2.14	2.34	2.22	1079500
2020-08-20	2.28	2.2	2.28	2.2	441200
2020-08-21	2.16	2.16	2.24	2.18	98600
2020-08-24	2.18	2.18	2.22	2.22	139800
2020-08-25	2.2	2.16	2.22	2.18	143300
2020-08-26	2.22	2.2	2.3	2.3	44100
2020-08-27	2.26	2.26	2.36	2.34	895800
2020-08-28	2.34	2.22	2.34	2.24	244800
2020-08-31	2.22	2.2	2.24	2.2	83800
2020-09-01	2.22	2.18	2.26	2.24	82400
2020-09-02	2.24	2.2	2.24	2.2	19000
2020-09-03	2.2	2.16	2.24	2.16	288100
2020-09-08	2.14	2.14	2.26	2.16	121500
2020-09-09	2.24	2.1	2.24	2.14	75400
2020-09-10	2.14	2.14	2.16	2.16	35300
2020-09-11	2.16	2.14	2.18	2.14	74100
2020-09-14	2.18	2.16	2.2	2.2	235200
2020-09-15	2.18	2.16	2.2	2.2	29600
2020-09-16	2.22	2.18	2.22	2.2	110200
2020-09-17	2.16	2.14	2.22	2.14	207900
2020-09-18	2.14	2.14	2.22	2.22	58000
2020-09-21	2.18	2.16	2.2	2.16	81900
2020-09-22	2.16	2.16	2.16	2.16	41000
2020-09-23	2.16	2.16	2.18	2.16	47600
2020-09-24	2.2	2.14	2.2	2.14	88100
2020-09-25	2.16	2.14	2.18	2.18	31500
2020-09-28	2.2	2.16	2.2	2.16	55500
2020-09-29	2.18	2.14	2.18	2.14	47600
2020-09-30	2.16	2.14	2.18	2.14	79000
2020-10-01	2.18	2.12	2.18	2.14	36500
2020-10-02	2.18	2.14	2.18	2.14	19100
2020-10-05	2.16	2.08	2.16	2.1	242400
2020-10-06	2.1	2.1	2.16	2.14	42800
2020-10-07	2.1	2.08	2.12	2.08	246700
2020-10-08	2.08	2.08	2.12	2.1	168700
2020-10-09	2.08	2.08	2.12	2.08	97300
2020-10-12	2.12	2.12	2.16	2.14	123900
2020-10-14	2.12	2.1	2.14	2.12	35200
2020-10-15	2.12	2.1	2.18	2.1	86600
2020-10-16	2.1	2.08	2.16	2.1	36400
2020-10-19	2.08	2.0	2.08	2.04	371000
2020-10-20	2.08	2.02	2.08	2.06	19900
2020-10-21	2.02	2.02	2.08	2.06	8500
2020-10-22	2.02	2.0	2.06	2.02	52000
2020-10-26	2.02	2.0	2.06	2.0	51000
2020-10-27	2.0	1.98	2.04	2.04	11000
2020-10-28	2.0	1.97	2.0	1.97	97700
2020-10-29	1.99	1.97	1.99	1.97	28100
2020-10-30	1.96	1.96	2.0	1.98	20100
2020-11-02	1.96	1.95	2.02	1.99	54600
2020-11-03	1.99	1.98	1.99	1.98	19600
2020-11-04	2.0	1.99	2.0	2.0	2200
2020-11-05	1.97	1.97	2.0	2.0	10200
2020-11-06	2.0	1.99	2.02	2.02	35600
2020-11-09	2.02	1.99	2.04	2.0	38200
2020-11-10	2.08	2.02	2.08	2.06	563800
2020-11-11	2.06	2.04	2.06	2.04	39200
2020-11-12	2.0	2.0	2.06	2.04	16200
2020-11-13	2.0	2.0	2.06	2.04	2700
2020-11-16	2.06	2.04	2.06	2.04	17300
2020-11-17	2.04	2.04	2.08	2.06	85300
2020-11-18	2.04	2.04	2.18	2.06	504500
2020-11-19	2.08	2.02	2.08	2.04	220700
2020-11-20	2.02	2.02	2.12	2.04	630700
2020-11-23	2.04	2.02	2.1	2.08	181400
2020-11-24	2.06	2.04	2.1	2.1	111900
2020-11-25	2.1	2.06	2.1	2.06	66200
2020-11-26	2.06	2.06	2.12	2.12	81700
2020-11-27	2.12	2.1	2.14	2.12	95200
2020-11-30	2.1	2.1	2.12	2.1	66600
2020-12-01	2.08	2.08	2.14	2.1	57900
2020-12-02	2.1	2.1	2.14	2.1	110600
2020-12-03	2.1	2.1	2.22	2.18	206800
2020-12-04	2.18	2.16	2.26	2.2	222000
2020-12-08	2.2	2.2	2.26	2.26	338100
2020-12-09	2.26	2.26	2.44	2.34	3898700
2020-12-14	2.34	2.32	2.38	2.34	227600
2020-12-15	2.32	2.28	2.34	2.3	207300
2020-12-16	2.3	2.28	2.34	2.3	170000
2020-12-17	2.32	2.32	2.36	2.32	29900
2020-12-18	2.3	2.28	2.34	2.3	83200
2020-12-21	2.28	2.1	2.28	2.1	391300
2020-12-22	2.1	2.1	2.18	2.12	39800
2020-12-23	2.18	2.1	2.24	2.16	91300
2020-12-24	2.12	2.12	2.18	2.16	108400
2020-12-25	2.24	2.16	2.24	2.16	157800
2020-12-28	2.2	2.12	2.2	2.16	69200
2020-12-29	2.14	2.14	2.22	2.2	24300
2020-12-30	2.2	2.16	2.22	2.18	107800
2021-01-04	2.18	2.14	2.2	2.2	49100
2021-01-05	2.18	2.14	2.2	2.2	79600
2021-01-06	2.22	2.18	2.26	2.18	238900
2021-01-07	2.18	2.18	2.24	2.22	32900
2021-01-08	2.22	2.22	2.5	2.5	1236100
2021-01-11	2.56	2.54	2.76	2.66	4155100
2021-01-12	2.64	2.56	2.66	2.62	577200
2021-01-13	2.6	2.14	2.62	2.44	1006000
2021-01-14	2.46	2.38	2.46	2.44	336400
2021-01-15	2.5	2.42	2.5	2.44	133600
2021-01-18	2.48	2.4	2.48	2.46	67500
2021-01-19	2.44	2.42	2.5	2.46	163300
2021-01-20	2.4	2.38	2.48	2.48	85800
2021-01-21	2.48	2.4	2.5	2.48	334000
2021-01-22	2.46	2.46	2.62	2.56	601300
2021-01-25	2.56	2.56	2.6	2.56	324100
2021-01-26	2.56	2.52	2.56	2.54	118400
2021-01-27	2.54	2.48	2.54	2.48	166000
2021-01-28	2.54	2.5	2.58	2.5	161100
2021-01-29	2.48	2.42	2.5	2.5	167700
2021-02-01	2.44	2.38	2.56	2.38	462000
2021-02-02	2.4	2.36	2.4	2.38	78600
2021-02-03	2.38	2.38	2.4	2.4	88500
2021-02-04	2.38	2.36	2.4	2.4	101700
2021-02-05	2.4	2.32	2.4	2.32	180300
2021-02-08	2.32	2.3	2.36	2.32	152800
2021-02-09	2.32	2.32	2.38	2.36	25500
2021-02-10	2.4	2.36	2.42	2.38	158700
2021-02-11	2.36	2.36	2.4	2.4	118700
2021-02-15	2.34	2.34	2.44	2.38	64100
2021-02-16	2.38	2.36	2.38	2.38	143000
2021-02-17	2.4	2.32	2.46	2.34	1452100
2021-02-18	2.32	2.3	2.36	2.32	180800
2021-02-19	2.34	2.08	2.34	2.1	2167500
2021-02-22	2.12	2.08	2.16	2.12	824300
2021-02-23	2.14	2.14	2.4	2.38	563300
2021-02-24	2.4	2.28	2.4	2.3	516200
2021-02-25	2.4	2.22	2.4	2.32	235000
2021-03-01	2.4	2.32	2.48	2.36	1223200
2021-03-02	2.4	2.4	2.64	2.62	3808800
2021-03-03	2.68	2.66	3.06	2.94	10045700
2021-03-04	3.06	2.94	3.36	2.94	18125000
2021-03-05	2.94	2.8	3.06	3.0	6633600
2021-03-08	3.08	2.84	3.08	2.88	3403200
2021-03-09	2.92	2.9	3.06	2.94	3554400
2021-03-10	2.94	2.9	3.08	3.04	2401900
2021-03-11	3.08	3.06	3.2	3.1	7145600
2021-03-12	3.18	3.14	3.48	3.3	7811900
2021-03-15	3.7	3.68	4.28	4.28	23625900
2021-03-16	4.2	3.8	4.24	3.98	7902000
2021-03-17	4.0	3.88	4.48	4.44	5996100
2021-03-18	4.38	4.2	4.38	4.28	2387500
2021-03-19	4.32	4.1	4.32	4.2	1981100
2021-03-22	4.48	4.28	4.5	4.3	3246000
2021-03-23	4.38	4.08	4.38	4.14	2729800
2021-03-24	4.16	4.04	4.24	4.16	994900
2021-03-25	4.1	4.08	4.18	4.16	420100
2021-03-26	4.16	4.08	4.18	4.12	576200
2021-03-29	4.1	4.08	4.16	4.12	424500
2021-03-30	4.1	4.06	4.16	4.08	385100
2021-03-31	4.08	4.08	4.14	4.14	398900
2021-04-01	4.16	4.12	4.26	4.2	1966700
2021-04-02	4.26	4.2	4.3	4.26	2351200
2021-04-05	4.28	4.14	4.3	4.18	1170500
2021-04-07	4.14	4.08	4.2	4.12	1983200
2021-04-08	4.26	4.24	4.68	4.52	26847700
2021-04-09	4.64	4.62	5.85	5.85	53202400
2021-04-12	6.75	5.7	7.1	5.7	62089500
2021-04-16	5.9	5.2	6.15	5.25	18448300
2021-04-19	5.35	5.35	5.65	5.4	6615800
2021-04-20	5.4	5.35	5.7	5.55	6892000
2021-04-21	5.5	5.4	5.85	5.55	8409100
2021-04-22	5.6	5.3	5.6	5.35	3245700
2021-04-23	5.4	5.35	6.75	6.4	66433500
2021-04-26	6.8	6.6	7.25	6.6	43553700
2021-04-27	6.65	5.95	6.65	6.05	14078900
2021-04-28	6.05	5.95	6.25	6.0	5710300
2021-04-29	6.05	5.65	6.1	5.75	4989300
2021-04-30	5.75	5.7	6.0	5.8	4347400
2021-05-05	6.0	5.85	6.2	6.0	4985600
2021-05-06	6.2	5.8	6.2	5.9	4532800
2021-05-07	5.95	5.8	6.0	5.9	1644700
2021-05-10	5.9	5.75	5.9	5.75	1748800
2021-05-11	5.8	5.7	6.0	5.75	2467200
2021-05-12	5.8	5.25	5.8	5.35	3623900
2021-05-13	5.35	5.3	5.9	5.7	6706600
2021-05-14	6.1	5.7	6.15	5.85	11297800
2021-05-17	5.25	5.0	5.5	5.4	6291300
2021-05-18	5.45	5.45	5.75	5.6	3291200
2021-05-19	5.6	5.5	5.65	5.55	3288800
2021-05-20	5.55	5.5	5.75	5.55	3779100
2021-05-21	5.75	5.75	6.1	6.0	15775300
2021-05-24	6.05	5.85	6.3	5.95	15046800
2021-05-25	6.25	5.95	6.3	6.1	12367500
2021-05-27	6.15	6.05	6.15	6.05	2828100
2021-05-28	6.1	6.05	6.15	6.1	2834400
2021-05-31	6.15	6.05	6.65	6.5	16357300
2021-06-01	6.55	6.3	6.65	6.3	6134400
2021-06-02	6.3	6.3	6.55	6.4	7453800
2021-06-04	6.4	6.3	6.4	6.3	2150800
2021-06-07	6.3	6.1	6.35	6.2	1798900
2021-06-08	6.15	5.85	6.2	6.05	2501900
2021-06-09	6.15	6.1	6.45	6.4	8641000
2021-06-10	6.35	6.15	6.45	6.2	2293300
2021-06-11	6.2	5.85	6.3	6.0	3449300
2021-06-14	6.05	6.05	6.2	6.2	1978300
2021-06-15	6.45	6.4	7.15	7.1	49053400
2021-06-16	7.25	6.5	7.35	6.6	29693700
2021-06-17	6.55	6.3	6.65	6.3	6635800
2021-06-18	6.35	6.3	6.45	6.4	3521900
2021-06-21	6.45	6.1	6.45	6.35	3003500
2021-06-22	6.4	6.25	6.4	6.35	1187900
2021-06-23	6.35	6.25	6.4	6.3	954900
2021-06-24	6.4	5.95	6.6	6.4	3631800
2021-06-25	6.45	6.2	6.45	6.3	1520600
2021-06-28	6.15	6.15	6.55	6.35	3090600
2021-06-29	6.45	6.45	6.9	6.8	8846400
2021-06-30	6.8	6.6	6.85	6.7	3661100
2021-07-01	6.7	6.6	7.15	7.05	10469200
2021-07-02	7.0	6.75	7.15	6.9	5952800
2021-07-05	6.85	6.8	7.1	7.1	3819400
2021-07-06	7.1	6.95	7.1	7.05	3228000
2021-07-07	7.1	7.1	7.75	7.75	20434200
2021-07-08	7.65	7.25	8.0	8.0	16199600
2021-07-09	7.95	7.8	8.25	8.15	10595400
2021-07-12	8.4	7.25	8.7	7.9	18799100
2021-07-13	7.8	7.5	7.85	7.65	3916700
2021-07-14	7.75	7.7	8.1	8.1	3889000
2021-07-15	8.05	7.7	8.1	7.85	2699400
2021-07-16	7.75	7.7	8.05	7.9	2838100
2021-07-19	7.85	7.8	8.05	8.05	1546800
2021-07-20	8.05	7.55	8.3	8.3	8764300
2021-07-21	8.45	8.35	9.3	9.3	19997500
2021-07-22	9.2	9.15	9.95	9.35	10103500
2021-07-23	9.3	9.15	9.7	9.55	3845100
2021-07-27	9.65	9.25	9.7	9.55	1817200
2021-07-29	9.6	9.35	9.6	9.5	1582000
2021-07-30	9.45	8.7	9.5	9.05	7853500
2021-08-02	9.3	9.25	10.4	10.4	15758300
2021-08-03	10.4	10.0	10.7	10.1	6388700
2021-08-04	10.1	10.1	11.2	10.5	11217800
2021-08-05	10.5	10.4	10.8	10.6	2397800
2021-08-06	10.6	10.4	10.8	10.6	2201600
2021-08-09	10.4	10.3	10.5	10.4	967500
2021-08-10	10.2	10.2	10.5	10.4	917700
2021-08-11	10.3	10.3	10.7	10.4	1722200
2021-08-13	10.5	9.45	10.6	10.3	4681200
2021-08-16	10.7	9.5	13.3	13.3	14561300
2021-08-17	12.7	12.2	14.2	13.2	8046500
2021-08-18	13.2	13.0	15.9	15.3	9954700
2021-08-19	15.5	15.2	15.8	15.6	2239400
2021-08-20	15.5	15.3	16.2	16.1	2609500
2021-08-23	16.0	14.2	16.0	14.7	3684700
2021-08-24	14.4	12.9	14.4	14.1	6207800
2021-08-25	14.6	14.1	14.9	14.4	2629500
2021-08-26	14.4	13.9	14.4	14.2	1462200
2021-08-27	14.2	14.0	14.7	14.1	2163100
2021-08-30	13.6	13.4	14.1	14.0	2812200
2021-08-31	14.4	13.5	14.6	13.9	4621600
2021-09-01	13.7	13.5	13.9	13.8	1100100
2021-09-02	13.7	13.4	13.9	13.6	1354600
2021-09-03	13.5	13.0	14.1	13.1	3514000
2021-09-06	13.2	13.2	13.7	13.7	2141700
2021-09-07	13.7	13.2	13.7	13.4	1546200
2021-09-08	13.4	13.1	13.5	13.5	1039100
2021-09-09	13.5	13.3	13.6	13.4	293600
2021-09-10	13.4	13.3	14.1	14.0	2173900
2021-09-13	14.0	14.0	14.6	14.5	2376700
2021-09-14	14.6	14.1	14.7	14.2	1337700
2021-09-15	14.2	14.0	14.4	14.3	669200
2021-09-16	14.5	14.2	14.7	14.6	1045300
2021-09-17	14.7	14.4	15.5	15.5	7114000
2021-09-20	15.2	14.7	15.7	14.9	5868700
2021-09-21	14.8	14.4	15.1	14.9	1185900
2021-09-22	15.1	14.2	15.1	14.4	1341600
2021-09-23	14.4	13.5	14.4	13.8	1764800
2021-09-27	13.7	13.3	13.9	13.4	1206200
2021-09-28	13.4	13.4	13.7	13.5	353600
2021-09-29	13.4	13.0	13.5	13.1	689500
2021-09-30	13.1	13.1	13.4	13.2	228800
2021-10-01	13.0	13.0	13.2	13.0	358500
2021-10-04	12.6	11.4	12.7	11.5	3389100
2021-10-05	11.4	11.0	11.7	11.0	2256600
2021-10-06	11.1	11.0	11.7	11.3	1940300
2021-10-07	11.4	11.1	11.6	11.2	1143400
2021-10-08	11.3	11.2	11.5	11.2	1298300
2021-10-11	11.5	11.0	11.5	11.1	829400
2021-10-12	11.2	10.9	11.2	11.0	725500
2021-10-14	11.1	11.0	11.2	11.0	422500
2021-10-15	11.1	11.1	11.3	11.3	562400
2021-10-18	11.3	11.3	11.6	11.6	740500
2021-10-19	11.9	11.8	12.9	12.4	5959700
2021-10-20	12.6	12.2	12.7	12.4	1458600
2021-10-21	12.4	12.3	12.6	12.6	358100
2021-10-25	12.6	12.3	12.6	12.6	322500
2021-10-26	12.6	11.9	12.6	12.1	1367900
2021-10-27	12.0	11.5	12.0	11.8	771500
2021-10-28	11.6	11.6	11.8	11.8	192900
2021-10-29	11.9	11.5	11.9	11.8	365500
2021-11-01	11.9	11.6	12.0	11.8	345600
2021-11-02	12.0	11.7	12.0	12.0	470000
2021-11-03	12.0	11.6	12.0	11.8	330100
2021-11-04	11.8	11.7	12.1	12.0	214600
2021-11-05	11.8	11.7	12.0	12.0	332900
2021-11-08	11.8	11.7	12.0	11.8	151800
2021-11-09	11.9	11.8	12.0	12.0	246000
2021-11-10	12.0	12.0	12.2	12.2	847700
2021-11-11	12.4	12.0	12.4	12.3	1034700
2021-11-12	12.4	12.3	13.3	13.1	6075300
2021-11-15	12.9	12.0	12.9	12.4	5283800
2021-11-16	12.4	12.0	12.6	12.3	1899700
2021-11-17	12.2	12.0	12.3	12.2	764900
2021-11-18	12.2	12.1	12.3	12.2	358700
2021-11-19	12.1	11.6	12.1	11.7	1215600
2021-11-22	11.6	11.6	11.8	11.7	665200
2021-11-23	11.7	11.1	11.7	11.7	1718100
2021-11-24	11.5	11.4	11.7	11.7	324300
2021-11-25	11.7	11.4	11.7	11.7	453200
2021-11-26	11.7	11.6	12.6	12.0	6023400
2021-11-29	12.2	12.0	12.6	12.2	4435800
2021-11-30	12.2	11.5	12.2	11.5	2201600
2021-12-01	11.5	11.2	11.6	11.5	596300
2021-12-02	11.5	11.4	11.9	11.5	875300
2021-12-03	11.5	11.3	11.6	11.4	491800
2021-12-07	11.4	11.2	11.4	11.3	422200
2021-12-08	11.3	11.0	11.4	11.1	815700
2021-12-09	11.3	11.1	11.3	11.2	267900
2021-12-13	11.2	11.1	11.4	11.3	310800
2021-12-14	11.4	11.3	11.9	11.4	1522500
2021-12-15	11.4	11.2	11.4	11.3	185600
2021-12-16	11.3	11.2	11.4	11.2	104900
2021-12-17	11.2	11.2	11.4	11.3	113900
2021-12-20	11.4	11.3	12.0	12.0	1786600
2021-12-21	12.2	11.6	12.2	11.6	1262400
2021-12-22	11.6	11.5	11.7	11.6	250300
2021-12-23	11.5	11.4	11.6	11.6	227400
2021-12-24	11.5	11.4	11.6	11.4	153700
2021-12-27	11.4	11.3	11.6	11.5	441600
2021-12-28	11.4	11.3	11.6	11.4	198600
2021-12-29	11.4	11.3	12.5	12.5	2764200
2021-12-30	12.5	12.5	13.1	12.6	5340000
2022-01-04	12.7	12.2	12.8	12.2	1352100
2022-01-05	12.3	12.3	13.8	13.7	6345800
2022-01-06	14.1	14.1	16.8	16.0	21465400
2022-01-07	16.8	16.1	16.8	16.4	12514200
2022-01-10	16.5	16.3	19.9	19.7	25399600
2022-01-11	20.1	17.6	20.6	18.2	21743400
2022-01-12	18.3	18.3	20.1	19.3	11438900
2022-01-13	19.4	19.1	21.1	19.7	15656400
2022-01-14	19.6	19.5	20.1	19.8	2770800
2022-01-17	19.7	18.6	19.8	18.6	3700100
2022-01-18	19.1	17.3	19.1	18.0	5132200
2022-01-19	17.8	17.8	18.8	18.6	1498200
2022-01-20	18.9	18.2	18.9	18.4	850200
2022-01-21	18.2	18.2	19.3	19.1	2043900
2022-01-24	19.0	18.5	19.4	18.6	1170700
2022-01-25	18.6	18.0	18.9	18.3	1087600
2022-01-26	18.5	16.8	19.7	16.8	8212900
2022-01-27	16.7	16.7	17.6	17.3	1606200
2022-01-28	17.4	17.4	18.4	18.0	4167500
2022-01-31	18.0	17.3	18.0	17.6	1002000
2022-02-01	17.8	17.6	18.3	18.2	769300
2022-02-02	18.5	18.0	18.5	18.2	2203500
2022-02-03	18.5	18.1	18.6	18.3	1561200
2022-02-04	18.3	18.1	18.4	18.1	450600
2022-02-07	18.3	18.3	19.3	19.1	4532600
2022-02-08	18.8	18.3	19.1	18.9	1933300
2022-02-09	19.6	19.5	20.9	20.8	9384400
2022-02-10	20.7	20.3	22.0	21.6	9118200
2022-02-11	21.8	18.2	22.6	18.4	20169000
2022-02-14	18.2	17.6	18.3	17.8	3404900
2022-02-15	17.8	17.2	18.2	17.3	3559700
2022-02-17	17.8	17.8	19.4	19.3	5632700
2022-02-18	18.8	18.4	19.0	18.6	1453600
2022-02-21	18.5	18.3	19.3	19.3	1765100
2022-02-22	19.3	18.8	19.8	19.1	3092900
2022-02-23	19.6	19.5	20.6	20.1	6392200
2022-02-24	20.3	19.1	20.3	19.2	4294400
2022-02-25	20.1	20.1	21.7	21.5	10114500
2022-02-28	21.6	19.0	21.6	19.2	8732400
2022-03-01	19.5	18.8	19.8	19.3	5227400
2022-03-02	19.5	19.2	20.3	19.3	6945700
2022-03-03	19.4	19.4	21.1	20.9	9419600
2022-03-04	20.7	20.2	21.2	20.7	3252400
2022-03-07	20.3	20.3	22.2	21.1	10147400
2022-03-08	21.3	19.7	22.2	20.2	14268900
2022-03-09	20.4	20.0	20.7	20.6	2897000
2022-03-10	20.9	20.6	21.6	21.0	8356800
2022-03-11	20.8	20.7	22.5	22.5	9502800
2022-03-14	22.9	20.9	23.3	21.0	14173500
2022-03-15	21.3	20.7	21.4	20.7	4465900
2022-03-16	21.0	20.8	21.6	21.3	5029400
2022-03-17	21.4	21.1	21.6	21.3	4476500
2022-03-18	20.4	20.3	21.1	21.1	3674100
2022-03-21	21.3	21.0	21.6	21.2	2503000
2022-03-22	21.3	20.6	21.3	20.9	1742700
2022-03-23	20.9	20.4	21.2	21.0	2214300
2022-03-24	21.0	21.0	22.0	21.5	5184300
2022-03-25	21.6	20.7	21.7	21.0	2228500
2022-03-28	21.1	20.5	21.2	20.7	1717500
2022-03-29	20.6	19.6	20.6	19.6	5310600
2022-03-30	19.4	19.3	19.8	19.3	2112400
2022-03-31	19.3	19.3	19.5	19.3	1266600
2022-04-01	19.3	18.6	19.4	18.7	2340700
2022-04-04	18.6	18.3	18.7	18.4	1753300
2022-04-05	18.5	18.0	18.6	18.0	1752000
2022-04-07	18.0	17.9	18.6	18.3	1552300
2022-04-08	18.5	18.1	18.6	18.2	758900
2022-04-11	18.4	18.3	19.9	19.6	9318400
2022-04-12	19.4	19.2	20.1	20.1	5036100
2022-04-18	20.3	19.7	20.4	19.7	3294300
2022-04-19	20.1	19.5	20.1	19.5	2237200
2022-04-20	19.6	19.6	20.2	19.8	2450000
2022-04-21	19.9	18.5	19.9	18.7	6738500
2022-04-22	18.8	18.3	18.9	18.5	2010500
2022-04-25	18.2	18.2	18.7	18.6	1211400
2022-04-26	18.7	18.4	18.7	18.4	707100
2022-04-27	18.4	18.2	18.4	18.3	557400
2022-04-28	18.3	18.1	18.4	18.1	528200
2022-04-29	18.1	18.1	18.3	18.1	238000
2022-05-03	18.1	17.0	18.1	17.0	2494200
2022-05-05	17.0	16.9	17.2	17.1	985600
2022-05-06	17.0	16.8	17.6	17.3	893300
2022-05-09	17.5	16.8	17.5	16.9	608900
2022-05-10	16.8	16.4	17.1	16.9	506100
2022-05-11	17.0	16.6	17.0	16.7	311400
2022-05-12	16.6	15.8	16.6	15.8	853500
2022-05-13	15.7	15.7	16.5	16.4	794000
2022-05-17	16.8	16.1	17.0	17.0	1033100
2022-05-18	17.0	16.7	17.3	17.2	1330500
2022-05-19	17.0	17.0	17.7	17.6	1132800
2022-05-20	17.8	17.3	17.8	17.5	489500
2022-05-23	17.5	17.2	17.6	17.4	359400
2022-05-24	17.6	17.5	18.4	18.0	1650400
2022-05-25	18.1	17.6	18.2	17.8	681000
2022-05-26	17.9	17.5	17.9	17.7	571900
2022-05-27	17.7	17.3	17.8	17.5	536600
2022-05-30	17.5	17.4	17.5	17.4	142200
2022-05-31	17.4	17.4	18.2	17.6	614000
2022-06-01	17.7	17.3	17.8	17.3	377900
2022-06-02	17.3	16.9	17.3	17.0	622400
2022-06-06	16.8	16.7	17.0	16.9	198800
2022-06-07	16.8	16.6	16.9	16.7	178400
2022-06-08	16.7	16.1	16.7	16.4	589400
2022-06-09	16.5	16.3	16.6	16.5	231400
2022-06-10	16.4	16.3	16.5	16.4	79900
2022-06-13	16.2	15.9	16.3	15.9	421700
2022-06-14	16.0	15.9	16.2	16.0	184700
2022-06-15	16.0	15.7	16.2	15.8	173200
2022-06-16	15.7	14.6	16.0	15.6	656500
2022-06-17	15.2	14.7	15.7	15.0	409500
2022-06-20	15.0	14.8	15.3	14.9	217300
2022-06-21	14.9	14.9	15.8	15.5	1200100
2022-06-22	15.7	15.1	15.7	15.3	440800
2022-06-23	15.1	15.1	15.9	15.6	587900
2022-06-24	15.8	15.4	15.8	15.5	104200
2022-06-27	15.4	15.4	15.7	15.6	118800
2022-06-28	15.5	15.4	15.7	15.6	186700
2022-06-29	15.5	15.4	15.7	15.7	212300
2022-06-30	15.3	15.2	15.6	15.4	471000
2022-07-01	15.0	13.7	15.1	13.8	2361200
2022-07-04	14.1	13.6	14.2	14.0	1741600
2022-07-05	14.2	14.0	15.8	15.4	11737600
2022-07-06	15.0	14.8	15.2	14.9	2105500
2022-07-07	15.0	14.9	15.9	15.5	2992000
2022-07-08	15.6	15.0	15.6	15.4	1282500
2022-07-11	15.4	15.4	16.5	16.4	4277300
2022-07-12	16.3	15.8	16.3	16.0	1916100
2022-07-14	16.0	15.8	16.3	16.0	957600
2022-07-15	16.1	15.9	16.6	16.5	2920600
2022-07-18	16.7	16.1	16.7	16.2	1761400
2022-07-19	16.1	16.1	16.6	16.4	1026900
2022-07-20	16.4	16.1	16.4	16.1	450500
2022-07-21	16.1	16.1	16.5	16.3	475800
2022-07-22	16.5	16.0	16.5	16.1	413800
2022-07-25	16.1	14.5	16.1	15.0	1793100
2022-07-26	14.9	14.7	15.0	14.9	373900
2022-07-27	15.0	14.8	15.0	14.9	239200
2022-08-01	14.7	14.7	15.0	15.0	218900
2022-08-02	15.0	15.0	15.5	15.2	1109700
2022-08-03	15.4	15.2	15.4	15.2	328900
2022-08-04	15.5	15.1	15.5	15.2	259600
2022-08-05	15.3	15.0	15.3	15.1	172500
2022-08-08	14.9	14.9	15.2	14.9	217800
2022-08-09	14.9	14.9	15.2	15.1	121800
2022-08-10	15.2	14.8	15.2	14.8	234700
2022-08-11	14.6	14.3	14.9	14.4	792400
2022-08-15	14.5	14.4	14.8	14.7	543300
2022-08-16	14.7	14.4	14.8	14.5	202600
2022-08-17	14.5	14.4	14.7	14.4	299100
2022-08-18	14.5	14.5	14.9	14.6	377800
2022-08-19	14.5	14.5	14.8	14.6	259400
2022-08-22	14.6	14.4	14.7	14.5	143500
2022-08-23	14.5	14.4	14.6	14.6	89100
2022-08-24	14.5	14.5	14.7	14.6	239100
2022-08-25	14.7	14.5	14.7	14.6	142700
2022-08-26	14.6	14.2	14.6	14.3	256200
2022-08-29	14.1	13.9	14.2	14.2	250600
2022-08-30	14.1	14.0	14.1	14.0	146300
2022-08-31	13.9	13.6	13.9	13.7	827800
2022-09-01	14.0	13.9	14.2	13.9	216200
2022-09-02	14.0	13.8	14.1	14.0	79000
2022-09-05	13.9	13.8	14.0	13.9	75300
2022-09-06	13.9	13.8	14.0	13.9	56700
2022-09-07	13.7	13.7	13.9	13.7	235700
2022-09-08	13.7	13.7	14.0	13.7	202200
2022-09-09	13.8	13.7	14.0	13.9	100100
2022-09-12	13.8	13.7	14.0	13.8	287000
2022-09-13	14.0	13.7	14.0	13.7	148300
2022-09-14	13.7	13.6	13.9	13.9	109800
2022-09-15	13.9	13.7	13.9	13.8	208500
2022-09-16	13.9	13.6	13.9	13.6	144100
2022-09-19	13.6	13.4	13.7	13.5	232800
2022-09-20	13.5	13.0	13.5	13.0	636000
2022-09-21	13.1	12.4	13.1	12.4	865400
2022-09-22	12.4	11.7	12.5	12.0	1087000
2022-09-23	11.9	11.9	12.3	12.0	620900
2022-09-26	12.2	11.8	12.2	12.0	203500
2022-09-27	12.0	11.8	12.8	12.4	687900
2022-09-28	12.4	12.3	12.6	12.3	215400
2022-09-29	12.4	12.4	13.1	12.9	837900
2022-09-30	13.0	12.5	13.0	12.6	172100
2022-10-03	12.9	12.2	12.9	12.2	194800
2022-10-04	12.3	12.2	12.5	12.2	108100
2022-10-05	12.2	12.0	12.2	12.2	230300
2022-10-06	12.2	12.1	12.3	12.2	149000
2022-10-07	12.1	11.5	12.2	11.7	663500
2022-10-10	11.7	11.4	11.7	11.6	67400
2022-10-11	11.3	11.3	11.5	11.5	69400
2022-10-12	11.8	11.3	11.8	11.3	65500
2022-10-17	11.4	11.1	11.6	11.2	197500
2022-10-18	11.4	11.2	11.5	11.5	332100
2022-10-19	11.7	11.3	11.7	11.4	239600
2022-10-20	11.5	11.1	11.5	11.2	349300
2022-10-21	11.2	11.1	11.3	11.2	63700
2022-10-25	11.2	11.1	11.3	11.3	141900
2022-10-26	11.5	11.2	11.5	11.3	31100
2022-10-27	11.2	11.1	11.4	11.2	309800
2022-10-28	11.2	11.1	11.2	11.2	165400
2022-10-31	11.2	11.1	11.2	11.1	238000
2022-11-01	11.4	10.9	11.4	11.2	376100
2022-11-02	11.2	11.1	11.3	11.3	87100
2022-11-03	11.4	11.2	11.4	11.3	130200
2022-11-04	11.4	11.1	11.4	11.1	130100
2022-11-07	11.3	11.1	11.3	11.2	92700
2022-11-08	11.2	11.1	11.3	11.2	69300
2022-11-09	11.3	11.0	11.3	11.1	53700
2022-11-10	11.2	10.8	11.3	11.1	160100
2022-11-11	11.1	10.9	11.1	10.9	174800
2022-11-14	11.0	11.0	12.3	11.8	1622600
2022-11-15	11.5	11.5	12.9	12.8	1497300
2022-11-16	12.9	12.5	13.2	12.5	904400
2022-11-17	12.7	12.3	13.0	12.8	676100
2022-11-18	12.8	12.7	13.4	13.4	727900
2022-11-21	13.5	12.8	13.5	12.9	879000
2022-11-22	12.9	12.7	13.1	12.7	461000
2022-11-23	12.8	12.8	13.1	13.0	318600
2022-11-24	13.3	13.3	14.3	14.1	3163900
2022-11-25	14.2	13.8	14.2	14.0	1230400
2022-11-28	13.9	13.9	14.3	14.2	1169000
2022-11-29	14.6	14.4	14.7	14.4	1841300
2022-11-30	14.4	13.9	14.4	14.2	516100
2022-12-01	14.4	14.2	14.6	14.5	550000
2022-12-02	14.5	14.3	14.6	14.5	555600
2022-12-06	14.3	12.9	14.3	13.1	3349000
2022-12-07	12.9	12.9	13.2	13.2	309100
2022-12-08	13.4	13.3	13.5	13.4	454600
2022-12-09	13.5	13.2	13.5	13.4	330400
2022-12-13	13.4	12.9	13.5	13.0	599300
2022-12-14	13.1	12.9	13.2	13.0	214600
2022-12-15	12.9	12.6	13.2	12.7	459800
2022-12-16	12.6	12.6	13.1	12.9	323000
2022-12-19	12.9	12.7	13.1	12.8	92400
2022-12-20	12.8	12.3	13.0	12.5	400700
2022-12-21	12.4	12.3	12.5	12.3	70000
2022-12-22	12.0	12.0	12.5	12.3	106500
2022-12-23	12.3	12.1	12.4	12.4	100600
2022-12-26	12.3	12.1	12.4	12.2	128300
2022-12-27	12.1	11.9	12.4	12.2	353200
2022-12-28	12.2	12.1	12.8	12.8	379100
2022-12-29	12.8	12.6	13.0	12.8	307200
2022-12-30	12.7	12.5	12.8	12.6	193400
