Date	Price Open	Price Low	Price High	Price Close	Volume
2000-02-01	8.48022075	7.49700675	8.48022075	7.49700675	109843.0
2000-02-23	5.1618735	5.1618735	5.1618735	5.1618735	2034.0
2000-02-25	5.899284	5.899284	5.899284	5.899284	12204.0
2000-03-02	5.407677	5.407677	5.407677	5.407677	1017.0
2000-03-07	4.91607	4.91607	4.91607	4.91607	2034.0
2000-03-21	4.1786595	4.1786595	4.1786595	4.1786595	363501.0
2000-03-22	4.1786595	4.1786595	4.6702665	4.6702665	40682.0
2000-03-24	4.5719451	4.5719451	4.5719451	4.5719451	101707.0
2000-05-15	4.424463	4.424463	4.424463	4.424463	18307.0
2001-03-26	8.848926	8.848926	8.848926	8.848926	4068.0
2001-08-24	1.8681066	1.8681066	1.8681066	1.8681066	117980.0
2005-01-07	49.1607	49.1607	49.1607	49.1607	967642.0
2005-05-03	4.8669093	4.8669093	4.8669093	4.8669093	103741.0
2006-04-24	7.6	7.6	7.6	7.6	328200.0
2007-10-04	6.75	6.75	6.75	6.75	12000.0
2008-01-17	5.05	5.05	5.05	5.05	3000.0
2008-07-15	3.5	3.5	3.9	3.9	45000.0
2008-07-16	3.9	3.9	3.9	3.9	18000.0
2008-08-01	3.92	3.92	4.0	4.0	1020000.0
2008-09-01	4.0	4.0	4.0	4.0	390000.0
2008-09-04	3.94	3.94	3.94	3.94	20000.0
2008-09-05	3.88	3.88	3.88	3.88	400000.0
2008-09-08	370.0	370.0	370.0	370.0	10000.0
2008-09-10	4.08	4.08	4.18	4.18	1240000.0
2008-11-12	2.2	2.2	2.2	2.2	500000.0
2008-11-13	2.1	2.1	2.1	2.1	1006000.0
2008-11-25	1.87	1.83	1.91	1.83	1360000.0
2008-12-17	3.3	3.3	3.3	3.3	10000.0
2008-12-29	2.08	2.08	2.08	2.08	520000.0
2009-01-08	2.0	2.0	2.0	2.0	100.0
2009-02-19	1.91	1.91	1.91	1.91	384800.0
2009-03-26	1.89	1.89	1.89	1.89	500000.0
2009-05-12	3.16	3.16	3.16	3.16	300000.0
2009-07-30	3.36	3.34	3.36	3.36	910000.0
2009-08-28	3.7	3.7	3.7	3.7	15000.0
2010-11-05	4.6	4.6	4.6	4.6	50000.0
2010-11-10	4.84	4.84	4.84	4.84	50000.0
2011-11-16	3.76	3.76	3.76	3.76	500000.0
2012-01-19	4.44	4.44	4.46	4.46	10000.0
2012-03-15	4.5	4.5	4.5	4.5	86300.0
2012-03-21	4.7	4.7	4.7	4.7	20000.0
2012-09-03	5.8	5.8	5.8	5.8	500.0
2014-07-23	3.38	3.38	3.38	3.38	120000.0
2014-09-25	3.42	3.42	3.44	3.44	181500.0
2014-09-30	3.2	3.2	3.2	3.2	57500.0
2015-02-04	4.0	4.0	4.0	4.0	57500.0
2015-03-03	4.38	4.38	4.38	4.38	707200.0
2015-10-14	4.14	4.12	4.16	4.12	176700.0
2015-10-16	4.2	4.16	4.2	4.18	109000.0
2016-03-01	4.42	4.42	4.42	4.42	130000.0
2016-03-11	5.0	4.94	5.0	4.94	19800.0
2016-05-16	5.0	5.0	5.0	5.0	9800.0
2016-07-14	4.88	4.88	4.88	4.88	23000.0
2016-07-29	4.14	4.14	4.14	4.14	6000.0
2017-01-11	5.25	5.25	5.25	5.25	50000.0
2017-01-12	5.25	5.25	5.4	5.4	50100.0
2017-05-05	5.2	5.2	5.2	5.2	6000.0
2017-05-24	5.1	5.1	5.1	5.1	8900.0
2017-08-22	5.5	5.5	5.5	5.5	100.0
2018-01-03	6.0	6.0	6.0	6.0	20000.0
2018-01-22	7.3	7.25	7.3	7.25	60500.0
2018-03-29	7.25	7.25	7.25	7.25	5000.0
2018-03-30	7.3	7.3	7.3	7.3	5000.0
2018-04-19	7.85	7.85	7.85	7.85	5000.0
2018-04-23	7.4	7.4	7.4	7.4	5000.0
2018-04-24	7.85	7.85	7.85	7.85	200.0
2018-05-10	6.75	6.6	6.75	6.65	840900.0
2018-05-15	6.75	6.7	6.75	6.75	158700.0
2018-05-17	6.85	6.85	7.35	7.35	3700.0
2018-05-25	6.65	6.55	6.85	6.6	1290500.0
2018-05-31	6.55	6.45	6.55	6.55	143300.0
2018-06-14	6.25	6.25	6.3	6.3	800.0
2018-06-22	5.95	5.95	5.95	5.95	31100.0
2018-06-25	6.05	5.85	6.05	5.85	34900.0
2018-07-06	5.8	5.75	5.8	5.75	4100.0
2018-07-13	5.9	5.9	5.9	5.9	9800.0
2018-07-16	5.95	5.95	5.95	5.95	100.0
2018-07-17	6.05	6.05	6.05	6.05	114300.0
2018-07-23	6.45	6.45	6.5	6.5	63500.0
2018-07-24	6.45	6.45	6.45	6.45	300.0
2018-07-25	6.35	6.35	6.35	6.35	1100.0
2018-08-03	6.55	6.55	6.55	6.55	69900.0
2018-08-06	6.5	6.5	6.5	6.5	500.0
2018-08-16	6.4	6.4	6.45	6.45	55700.0
2018-08-24	6.7	6.7	6.7	6.7	10000.0
2018-08-28	6.65	6.65	6.65	6.65	10000.0
2018-09-11	6.7	6.65	6.7	6.65	210000.0
2018-09-20	6.95	6.95	7.0	7.0	713100.0
2018-09-27	6.9	6.8	6.9	6.8	5000.0
2018-10-09	6.4	6.4	6.4	6.4	5000.0
2018-10-22	5.9	5.9	6.0	6.0	2000.0
2018-11-06	6.1	6.05	6.15	6.1	309400.0
2018-11-08	5.95	5.95	5.95	5.95	536100.0
2018-11-09	5.9	5.85	5.9	5.85	874400.0
2018-11-13	5.75	5.75	5.75	5.75	148500.0
2018-11-15	5.75	5.7	5.75	5.7	74700.0
2018-11-20	5.7	5.65	5.7	5.65	2570400.0
2018-11-21	5.6	5.6	5.6	5.6	5000.0
2018-11-27	6.0	5.95	6.0	5.95	8100.0
2018-11-28	6.05	6.05	6.1	6.05	207100.0
2018-11-29	6.0	6.0	6.0	6.0	9500.0
2018-12-06	6.0	6.0	6.05	6.05	370700.0
2018-12-07	6.05	6.05	6.05	6.05	3800.0
2018-12-11	6.0	6.0	6.0	6.0	4000.0
2018-12-12	5.95	5.9	5.95	5.9	36800.0
2018-12-13	5.9	5.75	5.9	5.75	14400.0
2018-12-14	5.75	5.75	5.85	5.8	13600.0
2018-12-17	5.75	5.65	5.8	5.8	1760800.0
2018-12-19	5.65	5.65	5.7	5.7	34700.0
2018-12-20	5.75	5.75	5.75	5.75	58900.0
2018-12-21	5.7	5.65	5.7	5.65	28800.0
2018-12-24	6.15	6.15	6.15	6.15	200.0
2018-12-25	5.6	5.6	5.6	5.6	200.0
2018-12-28	5.75	5.75	5.75	5.75	2000.0
2019-01-02	5.7	5.7	5.8	5.8	588200.0
2019-01-07	5.9	5.9	5.95	5.95	7400.0
2019-01-09	6.0	5.9	6.0	5.9	1493700.0
2019-01-23	5.95	5.95	6.0	6.0	8600.0
2019-02-14	6.0	6.0	6.0	6.0	159200.0
2019-02-15	5.9	5.9	5.95	5.95	79300.0
2019-02-18	5.9	5.85	5.9	5.85	429900.0
2019-02-20	5.85	5.85	5.85	5.85	100000.0
2019-02-21	5.9	5.9	5.9	5.9	82600.0
2019-02-22	5.9	5.9	5.95	5.95	141500.0
2019-02-28	5.95	5.85	5.95	5.85	202800.0
2019-03-01	5.8	5.75	5.8	5.75	1944600.0
2019-03-08	5.8	5.8	5.85	5.85	566900.0
2019-03-15	5.7	5.7	5.7	5.7	76200.0
2019-03-26	5.65	5.65	5.7	5.7	2800.0
2019-03-27	5.7	5.7	5.7	5.7	185600.0
2019-03-29	5.7	5.7	5.7	5.7	40800.0
2019-04-01	5.85	5.85	5.85	5.85	20600.0
2019-04-09	5.85	5.85	5.95	5.85	764500.0
2019-04-17	5.7	5.7	5.7	5.7	150000.0
2019-04-23	6.75	6.75	6.75	6.75	100.0
2019-04-26	5.7	5.55	5.7	5.55	28200.0
2019-04-29	5.55	5.55	5.6	5.6	3118200.0
2019-05-02	5.6	5.6	5.6	5.6	13200.0
2019-05-09	5.3	5.3	5.3	5.3	3000.0
2019-05-10	5.25	5.25	5.25	5.25	29100.0
2019-05-13	5.1	5.0	5.1	5.0	160700.0
2019-05-15	5.0	4.96	5.0	4.96	6200.0
2019-05-21	4.84	4.76	4.84	4.76	5600.0
2019-05-22	4.78	4.7	4.78	4.74	40900.0
2019-05-30	4.66	4.66	4.68	4.68	18100.0
2019-06-04	4.72	4.72	4.74	4.72	18300.0
2019-06-11	4.86	4.84	4.86	4.84	65500.0
2019-06-25	5.15	5.15	5.15	5.15	91700.0
2019-06-26	5.1	5.1	5.1	5.1	11000.0
2019-07-04	5.05	5.0	5.05	5.0	8000.0
2019-07-05	5.0	5.0	5.0	5.0	15500.0
2019-07-08	4.92	4.78	4.92	4.78	214000.0
2019-07-23	5.0	5.0	5.0	5.0	800.0
2019-08-07	4.3	4.22	4.3	4.22	155000.0
2019-08-09	4.18	4.18	4.18	4.18	5000.0
2019-08-13	4.04	4.04	4.04	4.04	1700.0
2019-08-14	4.12	4.12	4.12	4.12	5000.0
2019-08-15	3.96	3.92	3.96	3.92	9800.0
2019-08-21	3.96	3.96	3.96	3.96	2000.0
2019-08-23	3.72	3.72	3.8	3.8	42900.0
2019-08-26	3.62	3.62	3.62	3.62	103900.0
2019-08-29	3.82	3.82	3.82	3.82	12100.0
2019-08-30	3.92	3.92	3.94	3.94	21100.0
2019-09-03	3.8	3.8	3.8	3.8	3000.0
2019-09-11	4.16	4.16	4.16	4.16	27700.0
2019-09-13	4.06	4.06	4.06	4.06	4800.0
2019-09-16	4.14	4.04	4.14	4.04	93700.0
2019-09-18	3.94	3.94	3.94	3.94	2000.0
2019-09-19	3.86	3.86	3.86	3.86	100.0
2019-09-20	3.68	3.68	3.68	3.68	23800.0
2019-09-26	3.68	3.66	3.68	3.66	5817300.0
2019-09-27	3.66	3.66	3.66	3.66	38400.0
2019-10-03	3.5	3.5	3.5	3.5	18300.0
2019-10-09	3.62	3.62	3.64	3.62	54200.0
2019-10-17	3.44	3.44	3.44	3.44	3000.0
2019-10-21	3.42	3.42	3.44	3.44	632600.0
2019-10-29	3.22	3.18	3.22	3.2	1126700.0
2019-11-13	3.54	3.52	3.54	3.54	41200.0
2019-12-06	3.38	3.38	3.38	3.38	21800.0
2019-12-11	3.32	3.32	3.32	3.32	200.0
2019-12-17	3.5	3.5	3.5	3.5	3000.0
2019-12-18	3.52	3.52	3.56	3.56	412500.0
2020-01-13	3.6	3.5	3.6	3.5	9300.0
2020-01-15	3.4	3.4	3.4	3.4	2000.0
2020-02-11	3.02	3.02	3.02	3.02	3000.0
2020-03-05	2.38	2.38	2.38	2.38	5000.0
2020-03-18	2.0	2.0	2.0	2.0	3000.0
2020-03-19	2.0	2.0	2.0	2.0	2000.0
2020-03-26	2.1	2.1	2.1	2.1	100000.0
2020-04-17	2.54	2.52	2.58	2.58	103000.0
2020-04-24	2.56	2.54	2.56	2.54	11000.0
2020-05-05	2.66	2.66	2.66	2.66	129400.0
2020-05-28	2.78	2.78	2.78	2.78	13400.0
2020-06-08	3.0	3.0	3.0	3.0	15000.0
2020-07-09	2.86	2.84	2.86	2.86	219200.0
2020-07-10	2.76	2.76	2.76	2.76	10000.0
2020-07-30	2.5	2.5	2.5	2.5	40000.0
2020-08-25	2.44	2.44	2.44	2.44	2800.0
2020-09-02	2.3	2.3	2.3	2.3	63100.0
2020-10-05	1.91	1.91	1.91	1.91	100.0
2020-10-06	2.06	2.02	2.06	2.02	900.0
2020-10-09	2.12	2.1	2.12	2.1	54500.0
2020-10-30	2.02	2.0	2.02	2.0	3992900.0
2020-11-02	2.0	2.0	2.0	2.0	196700.0
2020-12-01	2.9	2.88	2.9	2.88	598900.0
2020-12-02	2.84	2.84	2.84	2.84	88500.0
2020-12-03	2.84	2.84	3.06	3.06	215100.0
2020-12-04	3.08	3.08	3.18	3.18	220000.0
2020-12-08	3.42	3.4	3.42	3.4	187300.0
2020-12-09	3.56	3.54	3.84	3.72	29000.0
2020-12-14	3.52	3.52	3.52	3.52	500.0
2020-12-15	3.58	3.58	3.86	3.86	32300.0
2020-12-16	3.86	3.82	3.94	3.86	1980300.0
2020-12-17	3.82	3.82	3.84	3.82	622200.0
2020-12-18	3.72	3.72	3.76	3.76	306000.0
2020-12-22	3.66	3.66	3.66	3.66	5000.0
2020-12-28	3.7	3.7	3.7	3.7	13500.0
2021-01-13	3.84	3.84	3.84	3.84	300.0
2021-03-01	3.06	3.06	3.5	3.5	6800.0
2021-03-02	3.44	3.4	3.46	3.42	443100.0
2021-03-31	3.72	3.72	3.72	3.72	487400.0
2021-04-05	3.96	3.96	3.96	3.96	273000.0
2021-04-07	3.32	3.32	3.32	3.32	100.0
2021-04-09	4.0	4.0	4.0	4.0	100.0
2021-04-12	3.84	3.84	3.84	3.84	33400.0
2021-04-16	3.42	3.42	3.92	3.92	200.0
2021-04-30	4.04	4.04	4.1	4.1	934500.0
2021-09-21	3.5	3.5	3.96	3.96	200.0
2021-09-22	4.0	4.0	4.0	4.0	100.0
2022-01-14	4.08	4.06	4.08	4.06	454300.0
2022-01-21	3.92	3.88	3.92	3.92	183300.0
2022-01-25	3.8	3.8	3.82	3.82	143500.0
2022-01-26	3.84	3.84	3.84	3.84	1002000.0
2022-01-28	3.82	3.82	3.82	3.82	5000.0
2022-01-31	3.48	3.48	3.8	3.8	10000.0
2022-02-10	3.96	3.96	3.96	3.96	50000.0
2022-02-14	3.96	3.96	3.96	3.96	1000.0
2022-02-23	3.96	3.96	3.96	3.96	100000.0
