Date	Price Open	Price Low	Price High	Price Close	Volume
2020-12-24	65.0	46.0	73.0	51.25	464214900
2020-12-25	51.0	47.25	52.0	49.5	90586200
2020-12-28	51.25	48.75	51.5	48.75	47758700
2020-12-29	48.5	48.25	52.0	51.0	68138800
2020-12-30	51.5	49.25	52.0	49.25	27990800
2021-01-04	48.0	47.75	49.5	49.25	7639000
2021-01-05	49.25	48.0	50.5	50.5	11619200
2021-01-06	50.25	49.5	50.5	50.0	11976300
2021-01-07	50.0	49.5	51.0	50.5	13885200
2021-01-08	51.0	50.75	56.25	56.0	61080600
2021-01-11	56.0	55.0	57.75	57.75	25852100
2021-01-12	57.75	57.5	60.75	59.75	24886400
2021-01-13	59.25	58.25	62.25	60.0	26892000
2021-01-14	60.0	56.75	60.75	56.75	14750200
2021-01-15	56.25	55.25	57.25	56.5	15360900
2021-01-18	56.25	55.75	57.75	57.0	8279600
2021-01-19	57.75	56.25	57.75	57.25	6292000
2021-01-20	57.0	56.5	57.25	56.75	4900000
2021-01-21	56.75	55.5	56.75	55.5	3049300
2021-01-22	55.5	52.25	55.75	54.0	9211800
2021-01-25	53.75	52.75	54.0	53.25	5628500
2021-01-26	53.5	53.5	56.25	55.75	13484100
2021-01-27	56.0	55.5	56.5	56.0	5779100
2021-01-28	55.25	53.75	55.25	54.25	7018500
2021-01-29	54.5	52.5	54.75	54.75	5509800
2021-02-01	54.75	54.25	55.5	54.75	3158500
2021-02-02	54.5	54.5	55.5	54.75	3105600
2021-02-03	54.75	54.25	56.5	55.75	5206900
2021-02-04	56.0	55.25	56.0	55.5	1647400
2021-02-05	55.75	55.5	59.5	58.75	23132600
2021-02-08	59.5	59.0	61.25	61.0	16508000
2021-02-09	60.0	58.25	60.25	60.0	8803900
2021-02-10	60.25	59.0	60.25	59.5	4878800
2021-02-11	59.5	58.5	59.5	58.75	4134600
2021-02-15	59.5	57.25	59.5	57.25	6432900
2021-02-16	56.5	56.5	57.5	56.75	8355900
2021-02-17	56.5	56.5	58.25	57.5	11599900
2021-02-18	57.5	56.0	57.75	57.25	8691500
2021-02-19	57.25	55.25	57.5	56.75	7433600
2021-02-22	56.5	54.0	56.5	54.0	7408300
2021-02-23	54.25	54.25	55.75	55.0	3897700
2021-02-24	55.0	54.25	55.25	54.5	2714900
2021-02-25	55.0	52.75	55.25	55.0	4458500
2021-03-01	54.25	53.75	54.5	54.0	2919300
2021-03-02	54.0	53.75	54.75	54.0	3286200
2021-03-03	54.5	54.25	55.25	55.0	6374800
2021-03-04	54.5	53.0	54.75	53.75	7074800
2021-03-05	53.75	53.25	54.25	54.0	4714000
2021-03-08	54.0	52.0	54.25	52.0	5877100
2021-03-09	51.75	51.5	53.0	53.0	5015800
2021-03-10	53.0	52.75	54.0	54.0	8576800
2021-03-11	54.5	53.5	55.5	55.5	12402400
2021-03-12	56.0	54.5	56.0	54.5	3361100
2021-03-15	54.5	54.0	55.25	54.0	1062700
2021-03-16	54.5	53.25	54.5	53.5	1651300
2021-03-17	53.0	53.0	54.0	53.0	2441000
2021-03-18	53.5	53.25	54.5	53.75	4144500
2021-03-19	54.0	53.25	54.5	53.5	3270500
2021-03-22	53.25	53.0	54.0	53.25	2688300
2021-03-23	53.5	52.5	53.75	53.0	4154100
2021-03-24	53.0	52.5	53.5	52.75	4809100
2021-03-25	52.75	52.0	53.0	52.25	4293200
2021-03-26	52.5	52.0	52.75	52.5	5057700
2021-03-29	52.75	52.5	53.25	52.5	3154400
2021-03-30	52.75	51.75	53.5	52.0	6263900
2021-03-31	52.25	52.0	52.75	52.0	2877400
2021-04-01	52.25	51.75	53.0	52.25	5144400
2021-04-02	52.5	51.5	52.5	52.25	11207600
2021-04-05	52.0	51.5	52.25	51.75	3464100
2021-04-07	51.75	50.25	51.75	50.25	5835000
2021-04-08	50.5	49.75	50.75	49.75	4719400
2021-04-09	50.0	49.25	50.0	49.25	4253300
2021-04-12	49.0	48.25	49.0	48.25	3701700
2021-04-16	48.0	46.25	48.0	46.5	8977100
2021-04-19	46.75	46.75	48.0	47.75	8333600
2021-04-20	47.75	47.5	48.5	47.5	5742400
2021-04-21	47.5	46.25	47.75	46.5	19459700
2021-04-22	46.75	46.25	47.5	46.5	17065000
2021-04-23	46.5	45.25	46.75	45.25	11473800
2021-04-26	44.5	43.0	44.75	43.75	15235000
2021-04-27	43.75	43.0	44.25	43.25	6405100
2021-04-28	43.75	43.75	47.5	47.25	22291400
2021-04-29	47.0	45.5	47.75	45.75	8217700
2021-04-30	46.25	45.25	46.5	45.25	4313000
2021-05-05	45.0	43.0	45.25	43.25	8771400
2021-05-06	43.75	43.5	44.25	44.25	3159200
2021-05-07	44.5	42.0	44.5	42.5	10079600
2021-05-10	42.5	42.0	43.75	42.0	8299600
2021-05-11	42.0	39.75	42.25	41.0	12861700
2021-05-12	40.5	39.75	40.75	39.75	6892100
2021-05-13	39.0	37.25	39.75	38.0	15380900
2021-05-14	38.25	38.25	39.75	39.0	11636800
2021-05-17	39.0	37.5	39.0	38.0	5505200
2021-05-18	38.5	38.5	40.25	38.5	14587800
2021-05-19	38.75	38.25	41.75	40.75	30756600
2021-05-20	41.75	40.25	43.0	42.0	31901300
2021-05-21	42.5	41.0	42.75	41.25	13144900
2021-05-24	41.75	41.25	43.0	43.0	11302900
2021-05-25	43.5	43.25	44.75	43.75	17509100
2021-05-27	43.75	43.0	44.25	43.0	5243600
2021-05-28	43.25	41.5	43.5	41.75	10984800
2021-05-31	42.0	42.0	43.75	43.5	11706400
2021-06-01	43.75	42.75	43.75	43.0	7575100
2021-06-02	43.0	41.75	43.25	42.0	9345800
2021-06-04	41.5	40.0	42.0	40.0	19192500
2021-06-07	40.25	39.0	40.75	39.25	16752800
2021-06-08	39.25	39.25	40.5	40.25	8361100
2021-06-09	40.25	39.75	40.5	40.0	5472800
2021-06-10	40.25	40.0	40.75	40.0	5562700
2021-06-11	40.0	40.0	40.5	40.5	3237600
2021-06-14	41.0	40.25	41.5	40.25	6229800
2021-06-15	40.25	39.5	40.75	39.75	4623400
2021-06-16	40.0	39.75	40.25	40.0	3165900
2021-06-17	39.75	39.75	41.0	39.75	5685000
2021-06-18	40.25	39.25	40.25	39.25	11144400
2021-06-21	39.25	39.0	39.75	39.25	3262400
2021-06-22	39.75	39.25	40.0	39.25	2151100
2021-06-23	39.25	39.0	39.5	39.0	1776900
2021-06-24	39.0	38.25	39.5	39.5	4816700
2021-06-25	39.5	38.75	39.75	39.75	4094800
2021-06-28	39.25	38.75	39.5	39.25	2021600
2021-06-29	39.25	39.0	40.0	39.0	5227400
2021-06-30	39.25	38.5	39.5	38.75	3744600
2021-07-01	39.0	38.25	39.0	38.5	4315800
2021-07-02	38.5	38.5	39.5	39.5	6188300
2021-07-05	39.5	38.75	39.5	39.0	1543600
2021-07-06	39.0	39.0	40.0	39.75	4361500
2021-07-07	39.75	39.0	40.0	39.25	2070800
2021-07-08	38.75	37.75	39.0	38.0	5957500
2021-07-09	37.75	37.5	38.25	38.0	4475200
2021-07-12	38.0	37.5	38.25	37.5	2068200
2021-07-13	37.75	37.75	38.5	38.25	4379100
2021-07-14	38.25	38.0	38.5	38.0	1528700
2021-07-15	38.0	38.0	39.5	39.5	4981600
2021-07-16	39.75	39.0	39.75	39.25	1500000
2021-07-19	38.25	38.25	39.25	39.25	2221900
2021-07-20	39.0	38.25	39.25	38.75	2971900
2021-07-21	39.0	38.25	39.0	38.25	1505700
2021-07-22	38.75	38.75	41.0	41.0	16890600
2021-07-23	40.75	40.75	41.75	40.75	9690200
2021-07-27	41.0	40.75	42.0	41.75	11423500
2021-07-29	42.0	41.0	42.0	41.5	4777600
2021-07-30	41.5	40.0	41.5	40.25	5977400
2021-08-02	40.5	40.25	41.5	41.5	4787200
2021-08-03	41.75	41.75	42.5	42.5	7655000
2021-08-04	42.75	42.0	42.75	42.25	2187000
2021-08-05	42.25	41.0	42.25	41.25	3028400
2021-08-06	41.25	39.75	41.5	39.75	5798000
2021-08-09	39.75	39.75	41.25	41.0	3300800
2021-08-10	41.0	40.5	41.25	40.75	1163000
2021-08-11	40.75	39.75	41.0	39.75	1901900
2021-08-13	40.0	39.75	42.25	42.0	9915100
2021-08-16	41.75	41.5	43.0	43.0	15074400
2021-08-17	43.25	42.25	43.5	42.75	6507000
2021-08-18	43.0	42.25	43.25	42.25	3810900
2021-08-19	42.25	41.5	43.0	41.75	3080300
2021-08-20	41.75	41.25	42.25	41.75	1723900
2021-08-23	41.75	41.5	42.25	41.5	4210300
2021-08-24	41.0	40.75	41.5	41.0	2788100
2021-08-25	41.0	40.75	41.75	41.75	3693800
2021-08-26	41.75	41.5	42.0	42.0	1138400
2021-08-27	42.0	41.75	42.5	42.0	2590100
2021-08-30	41.75	40.75	42.25	41.25	5282400
2021-08-31	41.5	40.75	41.75	41.75	3518900
2021-09-01	42.0	41.25	42.0	41.5	1280500
2021-09-02	41.25	40.5	41.5	41.0	6396300
2021-09-03	41.0	40.0	41.25	40.25	4235600
2021-09-06	40.25	39.5	40.75	40.75	5157300
2021-09-07	40.75	39.5	40.75	39.5	4600900
2021-09-08	39.25	39.0	39.75	39.5	3993100
2021-09-09	39.5	39.0	39.75	39.25	2422900
2021-09-10	39.5	38.75	39.5	39.25	3218100
2021-09-13	39.25	38.75	39.5	39.0	2577600
2021-09-14	39.0	39.0	39.75	39.0	4421500
2021-09-15	39.0	39.0	40.0	39.5	2749300
2021-09-16	39.75	39.5	40.0	39.75	1679700
2021-09-17	39.75	39.25	40.25	40.25	1938500
2021-09-20	39.75	39.25	40.25	39.25	3360800
2021-09-21	39.5	39.0	39.5	39.25	3252300
2021-09-22	39.25	39.25	40.5	39.25	4011100
2021-09-23	39.25	39.25	39.75	39.75	2067100
2021-09-27	39.75	39.0	39.75	39.25	2181100
2021-09-28	39.25	38.75	39.25	38.75	1162000
2021-09-29	38.5	38.5	39.5	38.75	2199800
2021-09-30	38.75	38.5	39.25	38.5	1463300
2021-10-01	38.5	38.25	38.75	38.75	1138100
2021-10-04	38.75	38.25	38.75	38.25	1549400
2021-10-05	38.5	38.0	38.5	38.0	2391700
2021-10-06	38.0	38.0	38.5	38.0	1101000
2021-10-07	38.25	38.0	38.75	38.5	1893200
2021-10-08	38.75	38.75	40.25	40.0	6308600
2021-10-11	40.25	39.25	40.5	39.25	7386200
2021-10-12	39.75	39.0	39.75	39.25	2884400
2021-10-14	39.5	39.0	39.75	39.0	1798600
2021-10-15	39.0	39.0	39.5	39.0	1378000
2021-10-18	39.25	39.0	39.5	39.5	1169900
2021-10-19	39.5	38.5	39.5	38.75	2536600
2021-10-20	38.75	38.25	39.0	38.5	1840900
2021-10-21	38.75	38.5	39.25	39.25	3366800
2021-10-25	39.0	38.5	39.0	38.5	1506500
2021-10-26	38.75	38.0	38.75	38.5	1473900
2021-10-27	38.25	38.0	38.5	38.5	1239900
2021-10-28	38.25	37.75	38.5	37.75	2494600
2021-10-29	37.75	37.75	38.25	38.0	865500
2021-11-01	38.0	37.25	38.25	37.25	2023100
2021-11-02	37.25	33.5	37.25	33.5	23821500
2021-11-03	33.5	32.5	33.75	32.75	6780600
2021-11-04	33.0	33.0	33.5	33.0	2791900
2021-11-05	33.25	33.0	33.75	33.25	3586700
2021-11-08	33.25	33.0	34.0	33.25	3520500
2021-11-09	33.5	32.5	36.0	36.0	19604700
2021-11-10	35.0	35.0	37.0	36.75	6306700
2021-11-11	34.5	34.25	38.0	38.0	24252000
2021-11-12	36.5	36.0	37.25	36.5	33202800
2021-11-15	36.25	34.75	36.25	34.75	3827000
2021-11-16	35.0	34.75	35.25	35.25	1028000
2021-11-17	35.25	34.25	35.25	34.5	2349400
2021-11-18	34.5	34.25	35.0	34.75	1368600
2021-11-19	34.75	34.75	36.0	34.75	3085300
2021-11-22	34.75	34.25	35.0	34.25	1357100
2021-11-23	34.5	32.75	34.5	33.25	7483700
2021-11-24	33.5	32.5	33.5	32.5	6286800
2021-11-25	32.5	32.5	33.5	33.25	2806200
2021-11-26	33.0	31.5	33.0	32.25	8025700
2021-11-29	32.25	31.75	33.0	32.0	6017200
2021-11-30	32.5	30.75	32.75	31.0	5015200
2021-12-01	31.0	30.75	31.5	31.0	3364900
2021-12-02	31.0	31.0	31.5	31.25	1936900
2021-12-03	31.5	31.5	32.75	32.25	2524400
2021-12-07	32.5	31.75	32.5	32.0	2243400
2021-12-08	31.75	31.5	32.25	31.75	1710600
2021-12-09	32.0	30.75	32.0	31.0	4293800
2021-12-13	31.25	31.0	31.5	31.25	1576400
2021-12-14	31.25	30.75	31.5	31.0	3544800
2021-12-15	30.75	30.75	31.5	31.25	2237200
2021-12-16	31.25	31.25	32.25	31.75	2539600
2021-12-17	31.75	31.75	32.25	31.75	1094500
2021-12-20	31.5	30.75	31.75	30.75	1683000
2021-12-21	31.0	30.75	31.25	30.75	1068100
2021-12-22	30.75	30.75	31.0	30.75	843700
2021-12-23	31.0	31.0	31.5	31.0	1785000
2021-12-24	31.25	30.75	31.25	31.0	739500
2021-12-27	31.0	30.5	31.0	30.75	984000
2021-12-28	31.0	30.5	31.25	30.5	893500
2021-12-29	30.5	30.5	31.25	30.5	2371800
2021-12-30	30.5	30.0	30.5	30.25	5505500
2022-01-04	30.25	30.0	30.75	30.0	2569600
2022-01-05	30.0	29.75	30.25	30.0	5607400
2022-01-06	30.0	29.5	30.0	29.5	2826000
2022-01-07	29.5	29.0	29.75	29.0	3220400
2022-01-10	29.0	28.75	30.25	30.0	6096600
2022-01-11	30.0	29.25	30.0	29.5	2536600
2022-01-12	29.75	29.25	29.75	29.5	1499400
2022-01-13	29.5	29.25	29.75	29.25	1279400
2022-01-14	29.25	29.0	29.5	29.25	2007100
2022-01-17	29.25	29.0	29.5	29.0	1221800
2022-01-18	29.0	28.25	29.25	28.5	3955400
2022-01-19	28.5	27.75	28.5	28.0	3225200
2022-01-20	28.0	27.75	28.25	27.75	1811400
2022-01-21	27.75	27.5	28.0	27.75	1823800
2022-01-24	27.75	26.5	27.75	26.5	4719800
2022-01-25	26.25	24.8	26.75	25.0	13476400
2022-01-26	25.25	24.2	25.25	24.3	10492700
2022-01-27	24.2	23.5	24.2	23.9	7466800
2022-01-28	23.9	23.4	24.5	24.1	15510300
2022-01-31	24.3	24.2	24.8	24.6	3666000
2022-02-01	24.7	24.4	24.8	24.5	1933800
2022-02-02	24.5	24.2	24.6	24.4	4306000
2022-02-03	24.5	24.4	25.25	24.8	7585400
2022-02-04	24.7	24.4	24.8	24.5	4999300
2022-02-07	24.6	24.6	25.5	25.0	8549700
2022-02-08	24.9	24.8	25.0	24.8	3774900
2022-02-09	24.9	24.9	25.5	24.9	6324100
2022-02-10	24.9	24.8	25.25	24.9	2701600
2022-02-11	24.8	24.0	25.0	24.1	9325100
2022-02-14	24.0	23.7	24.1	23.7	3494800
2022-02-15	23.4	22.5	23.4	22.5	12199000
2022-02-17	22.5	22.3	23.4	23.2	10637200
2022-02-18	23.2	22.8	23.4	23.0	4814700
2022-02-21	23.0	23.0	24.2	23.6	11627200
2022-02-22	23.4	23.1	23.6	23.2	4886400
2022-02-23	23.2	23.0	23.4	23.1	2730900
2022-02-24	23.1	22.1	23.1	22.1	7558000
2022-02-25	22.4	22.2	22.8	22.5	3989800
2022-02-28	22.4	22.3	22.7	22.4	3154500
2022-03-01	22.6	22.5	22.9	22.6	1409700
2022-03-02	22.6	22.4	22.7	22.5	8505700
2022-03-03	22.5	22.5	23.2	23.0	5383400
2022-03-04	23.0	22.5	23.0	22.6	2728300
2022-03-07	22.5	21.9	22.5	21.9	5484500
2022-03-08	21.9	20.5	22.1	20.9	7593900
2022-03-09	21.1	20.7	21.2	20.9	3257900
2022-03-10	21.1	21.0	21.4	21.1	2282500
2022-03-11	21.0	20.9	21.6	21.6	3067100
2022-03-14	21.5	21.5	22.5	21.7	5582000
2022-03-15	21.8	21.1	22.0	21.3	4273700
2022-03-16	21.5	21.3	22.1	22.0	3112800
2022-03-17	22.1	22.1	22.7	22.4	4595100
2022-03-18	22.4	22.0	22.6	22.6	4203600
2022-03-21	22.7	22.2	22.9	22.4	5258400
2022-03-22	22.4	22.4	22.7	22.5	1632000
2022-03-23	22.5	22.2	23.0	22.4	4721800
2022-03-24	22.4	22.3	22.7	22.5	1749000
2022-03-25	22.5	22.0	22.6	22.1	2079400
2022-03-28	22.1	21.6	22.3	21.8	4420100
2022-03-29	21.9	21.7	22.1	21.8	3152300
2022-03-30	21.8	21.6	22.1	21.6	3195500
2022-03-31	21.7	21.7	22.2	21.9	2813900
2022-04-01	21.7	21.6	21.8	21.7	1315500
2022-04-04	21.7	21.7	22.0	21.9	1661500
2022-04-05	22.0	21.8	22.4	21.9	2533700
2022-04-07	21.9	21.3	21.9	21.4	3655400
2022-04-08	21.6	21.4	21.6	21.4	637600
2022-04-11	21.5	21.2	21.5	21.2	864500
2022-04-12	21.3	20.8	21.5	20.9	2471600
2022-04-18	20.9	20.5	20.9	20.8	1840700
2022-04-19	20.7	20.7	21.9	21.8	4553800
2022-04-20	21.8	21.8	22.6	22.5	6559000
2022-04-21	22.6	22.6	23.6	23.5	15793300
2022-04-22	23.5	23.2	23.8	23.5	7192400
2022-04-25	23.5	23.2	23.9	23.7	7219500
2022-04-26	23.8	23.2	23.8	23.6	3269900
2022-04-27	23.4	23.2	24.4	24.1	11099900
2022-04-28	24.1	23.6	24.3	23.8	6470200
2022-04-29	23.9	23.4	24.0	23.5	4835200
2022-05-03	23.4	22.6	23.6	22.6	5706400
2022-05-05	22.7	22.0	22.8	22.0	3058600
2022-05-06	21.7	21.2	21.9	21.2	5196800
2022-05-09	21.2	19.9	21.2	20.1	10003500
2022-05-10	19.7	19.4	20.1	19.9	6388600
2022-05-11	20.1	19.6	20.2	19.7	3192500
2022-05-12	19.7	18.9	19.8	18.9	4352700
2022-05-13	19.2	19.1	19.7	19.6	4837600
2022-05-17	19.7	19.7	20.5	20.3	4611800
2022-05-18	20.4	20.1	21.1	20.3	5604100
2022-05-19	19.9	19.8	20.3	20.0	1779200
2022-05-20	20.3	20.0	20.3	20.0	1859100
2022-05-23	20.2	20.1	20.5	20.1	1530300
2022-05-24	20.3	20.1	20.4	20.4	2010200
2022-05-25	20.4	20.4	22.7	22.1	18507400
2022-05-26	22.0	22.0	23.8	23.6	16207000
2022-05-27	23.4	22.7	24.2	22.9	13394500
2022-05-30	23.1	22.7	23.5	22.8	6637700
2022-05-31	23.0	22.6	23.9	23.4	17355700
2022-06-01	23.4	23.2	24.0	23.7	6927000
2022-06-02	23.9	22.9	24.6	23.2	22047800
2022-06-06	23.4	22.7	23.4	23.0	5909900
2022-06-07	23.0	22.4	23.0	22.5	3651700
2022-06-08	22.8	22.3	22.8	22.3	3353300
2022-06-09	22.6	22.3	22.8	22.4	5087100
2022-06-10	22.2	22.1	22.4	22.1	4009500
2022-06-13	21.8	21.2	21.8	21.3	6014800
2022-06-14	21.3	21.1	21.7	21.1	3121600
2022-06-15	21.3	21.3	22.7	22.3	6882300
2022-06-16	22.6	22.6	24.2	23.7	25284500
2022-06-17	23.9	23.1	24.4	24.4	15996800
2022-06-20	24.1	23.9	24.9	24.5	12693000
2022-06-21	24.8	23.6	24.8	24.1	7081300
2022-06-22	24.2	23.3	24.5	23.5	7860500
2022-06-23	23.6	23.4	24.1	24.0	5740800
2022-06-24	24.1	23.8	24.1	23.8	7164100
2022-06-27	23.9	23.5	24.1	23.5	7369700
2022-06-28	23.5	23.4	24.2	23.7	6498500
2022-06-29	23.6	23.6	24.1	24.0	5004800
2022-06-30	23.9	22.4	24.1	22.7	12266900
2022-07-01	22.6	22.5	23.3	23.1	2920900
2022-07-04	23.3	22.5	23.3	22.7	2249200
2022-07-05	23.1	22.2	23.1	22.5	3780600
2022-07-06	22.7	22.7	24.1	24.0	12690800
2022-07-07	24.1	24.0	26.0	26.0	28959900
2022-07-08	25.75	25.25	26.5	25.5	9414800
2022-07-11	25.75	25.5	26.75	26.75	10712400
2022-07-12	26.75	25.75	26.75	26.0	9371000
2022-07-14	26.25	25.0	26.25	26.0	8842800
2022-07-15	26.25	25.5	27.25	25.75	16656400
2022-07-18	25.75	23.3	25.75	23.4	32071600
2022-07-19	23.3	22.4	23.8	23.0	17466600
2022-07-20	23.1	22.4	23.3	22.5	10385100
2022-07-21	22.6	22.2	22.8	22.5	5785700
2022-07-22	22.6	22.3	22.9	22.5	8845700
2022-07-25	22.5	22.4	22.9	22.7	4561500
2022-07-26	22.7	22.5	22.8	22.7	3168300
2022-07-27	22.6	22.5	22.7	22.5	1970800
2022-08-01	22.5	22.5	22.9	22.7	3758200
2022-08-02	22.7	22.7	23.8	23.8	9864900
2022-08-03	23.8	23.3	23.9	23.7	4293600
2022-08-04	23.7	23.4	24.0	23.6	3742300
2022-08-05	23.7	23.1	23.8	23.2	4479400
2022-08-08	23.2	22.8	23.3	22.8	2937500
2022-08-09	22.8	22.8	23.4	22.9	3293900
2022-08-10	22.9	22.9	23.3	23.1	2470200
2022-08-11	22.0	21.1	22.0	21.2	17030300
2022-08-15	21.4	21.3	21.7	21.6	3233000
2022-08-16	21.7	21.4	21.7	21.5	3689800
2022-08-17	21.7	21.5	22.5	22.3	6636500
2022-08-18	22.4	22.0	22.5	22.0	3406900
2022-08-19	22.0	21.5	22.1	21.5	4541100
2022-08-22	21.7	21.2	21.7	21.3	3049500
2022-08-23	21.3	21.1	21.3	21.2	3256600
2022-08-24	21.2	21.0	21.3	21.1	2879200
2022-08-25	21.1	21.1	21.5	21.4	2334300
2022-08-26	21.4	21.3	21.5	21.3	1815500
2022-08-29	21.2	21.1	21.5	21.2	5164700
2022-08-30	21.2	21.1	21.3	21.3	5843500
2022-08-31	21.3	21.3	21.8	21.7	4998600
2022-09-01	21.6	21.1	21.7	21.2	3487800
2022-09-02	21.2	21.1	21.5	21.3	1543000
2022-09-05	21.3	21.1	21.5	21.2	1531900
2022-09-06	21.3	21.3	21.6	21.3	2588100
2022-09-07	21.3	21.3	21.7	21.6	2468900
2022-09-08	21.8	21.4	22.1	21.4	3500200
2022-09-09	21.4	21.4	21.8	21.6	1821600
2022-09-12	21.6	21.5	21.8	21.6	663400
2022-09-13	21.7	21.5	21.9	21.5	2826300
2022-09-14	21.4	21.3	21.9	21.9	2234800
2022-09-15	21.9	21.6	21.9	21.7	1096500
2022-09-16	21.7	21.6	22.2	21.8	4959000
2022-09-19	21.9	21.6	22.0	21.6	1275800
2022-09-20	21.7	20.4	21.8	20.5	11152600
2022-09-21	20.6	20.3	20.8	20.4	3347900
2022-09-22	20.4	20.4	20.7	20.5	1957800
2022-09-23	20.6	20.2	20.7	20.2	3018200
2022-09-26	20.2	19.7	20.4	20.0	5544900
2022-09-27	20.1	19.8	20.2	19.8	3296300
2022-09-28	19.8	19.4	19.9	19.4	3026600
2022-09-29	19.6	18.7	19.7	18.8	4529700
2022-09-30	18.8	18.4	19.3	19.2	3432600
2022-10-03	19.1	18.4	19.2	18.5	3622000
2022-10-04	18.6	18.4	18.7	18.4	883700
2022-10-05	18.5	18.4	18.7	18.4	929800
2022-10-06	18.5	18.5	19.0	18.9	1959000
2022-10-07	18.9	18.9	19.2	19.2	2319400
2022-10-10	19.0	18.6	19.1	18.8	2697800
2022-10-11	18.8	18.3	18.9	18.3	2139600
2022-10-12	18.4	18.2	18.8	18.2	1689800
2022-10-17	18.3	18.0	18.3	18.1	1484900
2022-10-18	18.3	18.3	18.7	18.6	1761800
2022-10-19	18.7	18.4	18.9	18.4	1159600
2022-10-20	18.4	18.3	18.5	18.3	4134500
2022-10-21	18.4	18.3	18.6	18.3	565400
2022-10-25	18.4	18.1	18.5	18.2	1252400
2022-10-26	18.3	18.1	18.4	18.1	1028600
2022-10-27	18.2	18.0	18.4	18.0	2215300
2022-10-28	18.1	17.5	18.2	17.6	4768700
2022-10-31	17.7	17.6	17.9	17.6	1358900
2022-11-01	17.7	17.7	18.3	18.0	3891600
2022-11-02	18.0	17.7	18.1	17.7	2710300
2022-11-03	17.8	17.6	18.1	17.7	2786200
2022-11-04	17.7	17.7	18.1	17.9	2281700
2022-11-07	18.0	17.6	18.0	17.7	1483200
2022-11-08	17.7	17.6	17.8	17.6	957900
2022-11-09	17.6	17.3	17.7	17.4	1760700
2022-11-10	17.3	17.3	17.7	17.5	1186800
2022-11-11	17.6	17.5	18.1	17.7	3944800
2022-11-14	17.6	17.4	17.8	17.4	1717900
2022-11-15	17.5	17.5	18.4	18.3	6433200
2022-11-16	18.2	18.1	18.5	18.3	2174500
2022-11-17	18.4	18.2	18.5	18.4	1705800
2022-11-18	18.5	18.0	18.6	18.0	2767400
2022-11-21	18.2	18.1	18.5	18.3	1243500
2022-11-22	18.5	17.8	18.5	18.0	2557600
2022-11-23	18.1	17.9	18.2	18.0	1020800
2022-11-24	18.0	17.7	18.0	17.7	1251800
2022-11-25	17.8	17.8	18.0	17.9	624900
2022-11-28	17.8	17.7	17.9	17.7	689800
2022-11-29	17.8	17.8	18.1	18.1	1093500
2022-11-30	18.1	18.0	18.3	18.3	2096000
2022-12-01	18.4	18.2	18.6	18.5	1773400
2022-12-02	18.5	18.3	18.7	18.4	2053100
2022-12-06	18.3	18.3	18.5	18.3	847400
2022-12-07	18.3	18.3	18.6	18.5	1825400
2022-12-08	18.6	18.4	19.2	19.1	6578300
2022-12-09	19.2	18.8	19.2	19.0	5944400
2022-12-13	19.1	18.7	19.2	19.2	3004200
2022-12-14	19.2	18.8	20.7	19.9	14084200
2022-12-15	19.7	19.1	19.8	19.3	4657600
2022-12-16	19.2	18.8	19.3	19.0	5364500
2022-12-19	19.0	18.8	19.7	19.4	6169500
2022-12-20	19.4	18.8	19.4	18.9	4131300
2022-12-21	19.0	18.7	19.0	18.8	1790800
2022-12-22	19.0	18.8	19.2	19.0	2573700
2022-12-23	18.8	18.7	19.1	19.0	4613700
2022-12-26	19.0	18.8	19.1	18.9	1026200
2022-12-27	19.0	18.8	19.1	19.0	5247300
2022-12-28	19.0	18.9	19.1	18.9	4081100
2022-12-29	18.9	18.3	18.9	18.5	6141600
2022-12-30	18.5	18.4	18.6	18.4	2170900
