Date	Price Open	Price Low	Price High	Price Close	Volume
2020-10-07	2.2857144	1.79047628	2.34285726	2.01904772	380817025
2020-10-08	1.96190486	1.41904769	1.96190486	1.41904769	89369485
2020-10-09	1.31428578	1.17142863	1.40952388	1.34285721	66388136
2020-10-12	1.34285721	1.32380959	1.39047626	1.32380959	25812043
2020-10-14	1.31428578	1.29523816	1.35238102	1.3333334	10756514
2020-10-15	1.32380959	1.25714292	1.36190483	1.25714292	14561609
2020-10-16	1.25714292	1.20952387	1.28571435	1.20952387	6057869
2020-10-19	1.18095244	1.12380958	1.20000006	1.12380958	4715129
2020-10-20	1.15238101	1.12380958	1.19047625	1.15238101	4661789
2020-10-21	1.18095244	1.13333339	1.18095244	1.13333339	2383814
2020-10-22	1.12380958	1.0476191	1.1428572	1.05714291	6133784
2020-10-26	1.05714291	1.0476191	1.10476196	1.09523815	4642784
2020-10-27	1.10476196	1.10476196	1.24761911	1.2380953	24944008
2020-10-28	1.2380953	1.20000006	1.28571435	1.25714292	18664169
2020-10-29	1.22857149	1.17142863	1.22857149	1.20952387	7451744
2020-10-30	1.21904768	1.1428572	1.24761911	1.15238101	8762984
2020-11-02	1.16190482	1.15238101	1.2380953	1.2380953	6497924
2020-11-03	1.24761911	1.22857149	1.32380959	1.28571435	13183379
2020-11-04	1.28571435	1.24761911	1.32380959	1.25714292	10655084
2020-11-05	1.27619054	1.22857149	1.28571435	1.2380953	3003524
2020-11-06	1.25714292	1.20952387	1.25714292	1.20952387	2609564
2020-11-09	1.20952387	1.15238101	1.22857149	1.17142863	4150649
2020-11-10	1.18095244	1.12380958	1.18095244	1.16190482	2989559
2020-11-11	1.17142863	1.13333339	1.19047625	1.16190482	3760154
2020-11-12	1.17142863	1.17142863	1.29523816	1.24761911	16982069
2020-11-13	1.24761911	1.22857149	1.35238102	1.34285721	16993934
2020-11-16	1.37142864	1.34285721	1.41904769	1.41904769	29205328
2020-11-17	1.43809531	1.36190483	1.48571436	1.39047626	23688103
2020-11-18	1.36190483	1.3333334	1.43809531	1.43809531	8785559
2020-11-19	1.45714293	1.44761912	1.50476198	1.45714293	15052484
2020-11-20	1.45714293	1.4285715	1.47619055	1.45714293	5314784
2020-11-23	1.45714293	1.40952388	1.45714293	1.4285715	4229504
2020-11-24	1.41904769	1.39047626	1.4285715	1.40000007	2588354
2020-11-25	1.4285715	1.39047626	1.43809531	1.40000007	3568004
2020-11-26	1.40952388	1.36190483	1.40952388	1.38095245	1211489
2020-11-27	1.40000007	1.38095245	1.40000007	1.38095245	1118459
2020-11-30	1.38095245	1.34285721	1.39047626	1.37142864	1669079
2020-12-01	1.36190483	1.36190483	1.38095245	1.38095245	1334759
2020-12-02	1.38095245	1.36190483	1.41904769	1.40000007	3626279
2020-12-03	1.41904769	1.40952388	1.56190484	1.56190484	41944452
2020-12-04	1.60952389	1.51428579	1.62857151	1.53333341	21547258
2020-12-08	1.5238096	1.44761912	1.5238096	1.51428579	6743939
2020-12-09	1.51428579	1.45714293	1.5238096	1.46666674	4585874
2020-12-14	1.46666674	1.45714293	1.50476198	1.48571436	3025049
2020-12-15	1.48571436	1.45714293	1.48571436	1.45714293	2079209
2020-12-16	1.46666674	1.43809531	1.47619055	1.44761912	3251429
2020-12-17	1.43809531	1.4285715	1.49523817	1.48571436	2234504
2020-12-18	1.48571436	1.48571436	1.56190484	1.53333341	11629904
2020-12-21	1.43809531	1.3333334	1.47619055	1.3333334	6927374
2020-12-22	1.3333334	1.31428578	1.43809531	1.41904769	6270599
2020-12-23	1.41904769	1.40952388	1.46666674	1.40952388	2871644
2020-12-24	1.40952388	1.40000007	1.46666674	1.4285715	2745329
2020-12-25	1.4285715	1.40000007	1.43809531	1.4285715	2329739
2020-12-28	1.4285715	1.39047626	1.4285715	1.39047626	1046849
2020-12-29	1.39047626	1.38095245	1.40952388	1.39047626	1656794
2020-12-30	1.40000007	1.37142864	1.40000007	1.37142864	969989
2021-01-04	1.3333334	1.3333334	1.38095245	1.37142864	869504
2021-01-05	1.36190483	1.36190483	1.40000007	1.37142864	2625944
2021-01-06	1.38095245	1.37142864	1.40000007	1.39047626	1121714
2021-01-07	1.39047626	1.39047626	1.4285715	1.40952388	1267979
2021-01-08	1.40952388	1.40000007	1.4285715	1.40000007	2664689
2021-01-11	1.40952388	1.40952388	1.4285715	1.40952388	1039394
2021-01-12	1.41904769	1.40952388	1.50476198	1.49523817	5722814
2021-01-13	1.50476198	1.46666674	1.54285722	1.46666674	10486559
2021-01-14	1.47619055	1.44761912	1.48571436	1.44761912	2720864
2021-01-15	1.45714293	1.43809531	1.46666674	1.43809531	1365524
2021-01-18	1.43809531	1.4285715	1.45714293	1.43809531	600599
2021-01-19	1.44761912	1.44761912	1.47619055	1.46666674	1371194
2021-01-20	1.47619055	1.44761912	1.48571436	1.45714293	1218314
2021-01-21	1.45714293	1.45714293	1.62857151	1.59047627	53361312
2021-01-22	1.57142865	1.51428579	1.60952389	1.51428579	19936349
2021-01-25	1.55238103	1.5238096	1.67619056	1.6190477	39213613
2021-01-26	1.63809532	1.57142865	1.69523818	1.58095246	31146253
2021-01-27	1.60000008	1.57142865	1.6190477	1.59047627	6477764
2021-01-28	1.59047627	1.56190484	1.59047627	1.56190484	3254579
2021-01-29	1.57142865	1.56190484	1.63809532	1.6190477	8267174
2021-02-01	1.63809532	1.59047627	1.70476199	1.70476199	12068804
2021-02-02	1.70476199	1.67619056	1.79047628	1.76190485	26890393
2021-02-03	1.77142866	1.75238104	1.84761914	1.8095239	16798214
2021-02-04	1.81904771	1.79047628	1.92380962	1.89523819	16009349
2021-02-05	1.904762	1.88571438	1.94285724	1.89523819	7269989
2021-02-08	1.89523819	1.89523819	1.98095248	1.92380962	7808534
2021-02-09	1.92380962	1.92380962	2.01904772	1.98095248	5871284
2021-02-10	2.01904772	1.94285724	2.01904772	1.98095248	3509204
2021-02-11	1.98095248	1.904762	1.98095248	1.96190486	2804444
2021-02-15	1.92380962	1.92380962	2.20952392	2.17142868	19307819
2021-02-16	2.22857154	2.03809534	2.26666678	2.11428582	10638389
2021-02-17	2.11428582	2.11428582	2.1904763	2.13333344	1770929
2021-02-18	2.1904763	2.11428582	2.1904763	2.13333344	1545284
2021-02-19	2.13333344	2.03809534	2.15238106	2.05714296	2130134
2021-02-22	2.03809534	1.94285724	2.05714296	1.94285724	3425519
2021-02-23	1.94285724	1.77142866	1.94285724	1.87619057	4819604
2021-02-24	1.85714295	1.8095239	1.86666676	1.84761914	1933889
2021-02-25	1.86666676	1.86666676	2.15238106	2.03809534	5920214
2021-03-01	2.05714296	1.92380962	2.07619058	1.96190486	2253194
2021-03-02	2.0000001	1.96190486	2.0000001	1.98095248	881159
2021-03-03	1.96190486	1.96190486	2.05714296	2.01904772	1228604
2021-03-04	2.03809534	2.0000001	2.03809534	2.0000001	973559
2021-03-05	2.01904772	2.0000001	2.03809534	2.01904772	532664
2021-03-08	2.03809534	2.0000001	2.05714296	2.01904772	919904
2021-03-09	2.01904772	1.98095248	2.03809534	2.01904772	1270499
2021-03-10	2.0000001	2.0000001	2.11428582	2.0952382	2126354
2021-03-11	2.03809534	1.98095248	2.07619058	2.01904772	1452989
2021-03-12	1.98095248	1.98095248	2.05714296	2.0000001	921479
2021-03-15	2.03809534	2.01904772	2.17142868	2.07619058	7510124
2021-03-16	2.07619058	2.03809534	2.0952382	2.03809534	1397234
2021-03-17	2.03809534	2.0000001	2.03809534	2.03809534	1204139
2021-03-18	2.03809534	2.0000001	2.07619058	2.01904772	1221254
2021-03-19	2.03809534	1.98095248	2.03809534	2.01904772	1169699
2021-03-22	2.01904772	2.0000001	2.03809534	2.03809534	755054
2021-03-23	2.03809534	2.01904772	2.20952392	2.17142868	13936229
2021-03-24	2.20952392	2.17142868	2.40000012	2.30476202	28371103
2021-03-25	2.43809536	2.2857144	2.4761906	2.36190488	9071264
2021-03-26	2.36190488	2.17142868	2.36190488	2.20952392	5807969
2021-03-29	2.22857154	2.11428582	2.24761916	2.15238106	4424279
2021-03-30	2.15238106	2.15238106	2.20952392	2.1904763	2517164
2021-03-31	2.17142868	2.15238106	2.20952392	2.17142868	2285114
2021-04-01	2.1904763	2.17142868	2.26666678	2.22857154	4769414
2021-04-02	2.30476202	2.24761916	2.43809536	2.32380964	21745078
2021-04-05	2.34285726	2.1904763	2.34285726	2.2857144	5224694
2021-04-07	2.22857154	2.1904763	2.24761916	2.20952392	2401979
2021-04-08	2.20952392	2.20952392	2.2857144	2.24761916	1698689
2021-04-09	2.2857144	2.20952392	2.2857144	2.20952392	1987754
2021-04-12	2.20952392	2.20952392	2.26666678	2.20952392	1725149
2021-04-16	2.1904763	2.13333344	2.20952392	2.20952392	2129819
2021-04-19	2.22857154	2.22857154	2.3809525	2.3809525	8514239
2021-04-20	2.51428584	2.4761906	3.08571444	3.08571444	41788317
2021-04-21	3.39047636	2.9523811	3.60000018	2.9523811	41427327
2021-04-22	2.99047634	2.74285728	3.00952396	2.91428586	9280739
2021-04-23	2.93333348	2.89523824	3.29523826	3.21904778	23741128
2021-04-26	3.2380954	3.1428573	3.2380954	3.16190492	3999449
2021-04-27	3.16190492	3.08571444	3.27619064	3.10476206	7290149
2021-04-28	3.12380968	3.0476192	3.1428573	3.0476192	2026184
2021-04-29	3.06666682	3.06666682	3.20000016	3.20000016	2756354
2021-04-30	3.2380954	3.08571444	3.2380954	3.10476206	2567879
2021-05-05	3.10476206	2.91428586	3.10476206	2.9523811	6232274
2021-05-06	2.97142872	2.9523811	3.00952396	2.99047634	1661519
2021-05-07	3.02857158	2.99047634	3.1428573	3.02857158	5942684
2021-05-10	3.06666682	3.0476192	3.50476208	3.50476208	29118178
2021-05-11	3.2380954	3.1428573	3.29523826	3.27619064	8758469
2021-05-12	3.29523826	3.16190492	3.50476208	3.40952398	10643639
2021-05-13	3.37142874	3.0476192	3.37142874	3.27619064	5913914
2021-05-14	3.25714302	3.16190492	3.29523826	3.25714302	1429679
2021-05-17	3.29523826	3.1428573	3.29523826	3.20000016	1296644
2021-05-18	3.18095254	3.18095254	3.35238112	3.3333335	2477894
2021-05-19	3.31428588	3.21904778	3.40952398	3.31428588	2055059
2021-05-20	3.3333335	3.20000016	3.54285732	3.2380954	16445939
2021-05-21	3.2380954	3.18095254	3.29523826	3.21904778	3790289
2021-05-24	3.25714302	3.20000016	3.27619064	3.2380954	808919
2021-05-25	3.2380954	3.21904778	3.25714302	3.25714302	1312604
2021-05-27	3.25714302	3.20000016	3.27619064	3.25714302	990779
2021-05-28	3.2380954	3.2380954	3.37142874	3.3333335	3557819
2021-05-31	3.37142874	3.3333335	3.50476208	3.50476208	6501389
2021-06-01	3.60000018	3.54285732	3.86666686	3.67619066	23595283
2021-06-02	3.7142859	3.6190478	3.7142859	3.67619066	3568109
2021-06-04	3.65714304	3.58095256	3.67619066	3.6190478	2456789
2021-06-07	3.65714304	3.6190478	3.67619066	3.6190478	1761899
2021-06-08	3.6190478	3.6190478	3.809524	3.7142859	6480914
2021-06-09	3.67619066	3.65714304	3.7142859	3.67619066	1123394
2021-06-10	3.67619066	3.67619066	3.92380972	3.88571448	7601474
2021-06-11	3.88571448	3.86666686	3.98095258	3.94285734	4008059
2021-06-14	4.0000002	3.75238114	4.03809544	3.92380972	4008374
2021-06-15	3.96190496	3.84761924	3.96190496	3.88571448	1371299
2021-06-16	3.92380972	3.84761924	3.94285734	3.88571448	1036454
2021-06-17	3.88571448	3.86666686	3.92380972	3.88571448	576134
2021-06-18	3.88571448	3.6190478	3.88571448	3.809524	2970134
2021-06-21	3.69523828	3.67619066	3.77142876	3.77142876	1297484
2021-06-22	3.82857162	3.69523828	3.82857162	3.7142859	1086749
2021-06-23	3.7142859	3.63809542	3.7142859	3.63809542	1224089
2021-06-24	3.6190478	3.27619064	3.6190478	3.35238112	4016564
2021-06-25	3.3333335	3.18095254	3.35238112	3.18095254	2355254
2021-06-28	2.97142872	2.97142872	3.21904778	3.10476206	4269509
2021-06-29	3.10476206	3.0476192	3.27619064	3.27619064	1572584
2021-06-30	3.21904778	3.21904778	3.39047636	3.29523826	1515779
2021-07-01	3.29523826	3.29523826	3.35238112	3.31428588	566264
2021-07-02	3.29523826	3.20000016	3.31428588	3.2380954	1234904
2021-07-05	3.21904778	3.1428573	3.21904778	3.18095254	523109
2021-07-06	3.20000016	3.20000016	3.29523826	3.29523826	632729
2021-07-07	3.2380954	3.20000016	3.25714302	3.2380954	442259
2021-07-08	3.20000016	3.06666682	3.2380954	3.08571444	845459
2021-07-09	3.00952396	2.97142872	3.20000016	3.18095254	1305884
2021-07-12	3.10476206	3.10476206	3.18095254	3.16190492	225749
2021-07-13	3.1428573	3.1428573	3.18095254	3.18095254	424514
2021-07-14	3.2380954	3.16190492	3.2380954	3.20000016	223019
2021-07-15	3.18095254	3.16190492	3.18095254	3.16190492	215774
2021-07-16	3.20000016	3.12380968	3.20000016	3.16190492	479324
2021-07-19	3.12380968	3.0476192	3.16190492	3.16190492	373274
2021-07-20	3.16190492	2.99047634	3.16190492	3.02857158	791174
2021-07-21	2.99047634	2.99047634	3.10476206	3.06666682	204854
2021-07-22	3.10476206	3.06666682	3.1428573	3.12380968	429239
2021-07-23	3.18095254	3.08571444	3.20000016	3.20000016	557969
2021-07-27	3.21904778	3.12380968	3.27619064	3.12380968	1415189
2021-07-29	3.1428573	3.08571444	3.1428573	3.1428573	493079
2021-07-30	3.1428573	3.02857158	3.1428573	3.0476192	566894
2021-08-02	3.00952396	2.93333348	3.0476192	2.93333348	661919
2021-08-03	2.91428586	2.91428586	3.0476192	3.02857158	711794
2021-08-04	2.9523811	2.9523811	3.12380968	3.08571444	429764
2021-08-05	3.08571444	3.02857158	3.08571444	3.06666682	161384
2021-08-06	3.06666682	2.9523811	3.08571444	2.99047634	418214
2021-08-09	2.93333348	2.93333348	3.0476192	2.99047634	298514
2021-08-10	2.99047634	2.9523811	3.02857158	2.99047634	149834
2021-08-11	2.97142872	2.9523811	2.99047634	2.9523811	346184
2021-08-13	2.93333348	2.68571442	2.93333348	2.7619049	2956169
2021-08-16	2.70476204	2.40000012	2.70476204	2.60952394	1017869
2021-08-17	2.5714287	2.5714287	2.68571442	2.64761918	196874
2021-08-18	2.64761918	2.62857156	2.81904776	2.7619049	333479
2021-08-19	2.857143	2.7619049	2.857143	2.80000014	136604
2021-08-20	2.857143	2.80000014	2.857143	2.83809538	272264
2021-08-23	2.87619062	2.80000014	2.87619062	2.83809538	527729
2021-08-24	2.81904776	2.81904776	2.93333348	2.91428586	409394
2021-08-25	2.9523811	2.93333348	3.06666682	3.06666682	983954
2021-08-26	3.10476206	3.02857158	3.10476206	3.06666682	722294
2021-08-27	3.08571444	3.00952396	3.08571444	3.02857158	609314
2021-08-30	3.02857158	2.99047634	3.06666682	3.00952396	607424
2021-08-31	3.0476192	2.93333348	3.20000016	3.18095254	4284524
2021-09-01	3.20000016	3.08571444	3.21904778	3.08571444	1077404
2021-09-02	3.08571444	3.00952396	3.10476206	3.0476192	521324
2021-09-03	3.02857158	3.02857158	3.06666682	3.02857158	309434
2021-09-06	3.08571444	3.00952396	3.08571444	3.06666682	377159
2021-09-07	3.02857158	2.97142872	3.0476192	2.97142872	799994
2021-09-08	2.93333348	2.93333348	2.99047634	2.99047634	350384
2021-09-09	3.00952396	2.9523811	3.00952396	3.00952396	106679
2021-09-10	3.00952396	2.9523811	3.00952396	3.00952396	209159
2021-09-13	3.00952396	2.99047634	3.06666682	3.02857158	509984
2021-09-14	3.02857158	2.99047634	3.0476192	3.02857158	436379
2021-09-15	3.02857158	2.97142872	3.02857158	2.97142872	343664
2021-09-16	2.97142872	2.97142872	3.00952396	2.97142872	274049
2021-09-17	2.97142872	2.93333348	2.99047634	2.97142872	288119
2021-09-20	2.97142872	2.93333348	2.97142872	2.9523811	308279
2021-09-21	2.9523811	2.857143	2.9523811	2.93333348	270689
2021-09-22	2.93333348	2.91428586	2.97142872	2.9523811	301769
2021-09-23	2.99047634	2.9523811	3.00952396	2.99047634	324869
2021-09-27	3.00952396	2.91428586	3.00952396	2.91428586	430289
2021-09-28	2.87619062	2.83809538	2.93333348	2.857143	322454
2021-09-29	2.857143	2.83809538	2.89523824	2.89523824	604484
2021-09-30	2.89523824	2.857143	2.91428586	2.89523824	56489
2021-10-01	2.93333348	2.83809538	2.93333348	2.91428586	248429
2021-10-04	2.91428586	2.89523824	2.97142872	2.91428586	263444
2021-10-05	2.91428586	2.91428586	2.9523811	2.91428586	183854
2021-10-06	2.93333348	2.89523824	2.9523811	2.89523824	103529
2021-10-07	2.91428586	2.91428586	2.9523811	2.93333348	219134
2021-10-08	2.93333348	2.89523824	2.93333348	2.89523824	339149
2021-10-11	2.91428586	2.857143	2.91428586	2.857143	859739
2021-10-12	2.857143	2.83809538	2.87619062	2.87619062	442259
2021-10-14	2.857143	2.83809538	2.87619062	2.87619062	361409
2021-10-15	2.87619062	2.83809538	2.89523824	2.857143	222284
2021-10-18	2.857143	2.857143	2.89523824	2.89523824	78014
2021-10-19	2.89523824	2.857143	3.10476206	3.00952396	3789344
2021-10-20	3.00952396	2.99047634	3.12380968	2.99047634	3983069
2021-10-21	3.02857158	2.97142872	3.02857158	3.00952396	463784
2021-10-25	3.0476192	2.99047634	3.1428573	3.12380968	1939769
2021-10-26	3.20000016	3.10476206	3.20000016	3.10476206	2028914
2021-10-27	3.1428573	3.00952396	3.1428573	3.02857158	945839
2021-10-28	3.02857158	3.02857158	3.08571444	3.02857158	206219
2021-10-29	3.02857158	3.02857158	3.0476192	3.02857158	410024
2021-11-01	3.06666682	3.02857158	3.08571444	3.06666682	298829
2021-11-02	3.08571444	3.06666682	3.10476206	3.06666682	217139
2021-11-03	3.06666682	2.97142872	3.06666682	2.99047634	553349
2021-11-04	2.99047634	2.99047634	3.02857158	3.00952396	144164
2021-11-05	3.02857158	3.00952396	3.10476206	3.06666682	425984
2021-11-08	3.06666682	3.02857158	3.08571444	3.02857158	509354
2021-11-09	3.08571444	3.02857158	3.84761924	3.60000018	57136272
2021-11-10	3.60000018	3.50476208	3.7142859	3.5238097	15521309
2021-11-11	3.5238097	3.5238097	4.05714306	3.98095258	93876610
2021-11-12	4.11428592	3.84761924	4.1904764	3.94285734	36414523
2021-11-15	4.0000002	3.96190496	4.43809546	4.13333354	61024736
2021-11-16	4.15238116	4.03809544	4.34285736	4.11428592	14904959
2021-11-17	4.0952383	4.05714306	4.17142878	4.0952383	5350589
2021-11-18	4.11428592	4.07619068	4.20952402	4.15238116	12269459
2021-11-19	4.11428592	3.96190496	4.13333354	3.98095258	5361509
2021-11-22	4.01904782	3.9047621	4.01904782	3.9047621	2091704
2021-11-23	3.92380972	3.84761924	3.94285734	3.9047621	1419074
2021-11-24	3.88571448	3.82857162	3.88571448	3.86666686	1526174
2021-11-25	3.82857162	3.63809542	3.82857162	3.7142859	2372369
2021-11-26	3.7142859	3.56190494	3.7142859	3.60000018	1952264
2021-11-29	3.58095256	3.5238097	3.9047621	3.65714304	2853059
2021-11-30	3.73333352	3.63809542	4.01904782	3.65714304	10801664
2021-12-01	3.65714304	3.65714304	3.75238114	3.73333352	1047374
2021-12-02	3.65714304	3.60000018	3.77142876	3.63809542	1887374
2021-12-03	3.69523828	3.63809542	3.77142876	3.65714304	1354499
2021-12-07	3.69523828	3.65714304	3.77142876	3.77142876	847769
2021-12-08	3.75238114	3.75238114	3.86666686	3.86666686	2776304
2021-12-09	3.94285734	3.84761924	4.0000002	3.84761924	3923324
2021-12-13	3.84761924	3.73333352	3.86666686	3.73333352	1527224
2021-12-14	3.73333352	3.69523828	3.79047638	3.73333352	495074
2021-12-15	3.77142876	3.75238114	3.82857162	3.77142876	549359
2021-12-16	3.7142859	3.7142859	3.9047621	3.84761924	1367414
2021-12-17	3.88571448	3.67619066	3.88571448	3.7142859	1991534
2021-12-20	3.75238114	3.65714304	3.75238114	3.67619066	571094
2021-12-21	3.65714304	3.65714304	3.7142859	3.67619066	383984
2021-12-22	3.63809542	3.63809542	3.73333352	3.7142859	305129
2021-12-23	3.75238114	3.69523828	3.75238114	3.7142859	275519
2021-12-24	3.73333352	3.63809542	3.73333352	3.67619066	403829
2021-12-27	3.69523828	3.54285732	3.7142859	3.56190494	1350929
2021-12-28	3.54285732	3.5238097	3.6190478	3.58095256	990989
2021-12-29	3.56190494	3.54285732	3.69523828	3.65714304	1188914
2021-12-30	3.56190494	3.56190494	3.88571448	3.77142876	5647949
2022-01-04	3.77142876	3.67619066	3.809524	3.7142859	1414349
2022-01-05	3.69523828	3.67619066	3.75238114	3.69523828	1365314
2022-01-06	3.65714304	3.63809542	3.7142859	3.63809542	724394
2022-01-07	3.69523828	3.63809542	3.69523828	3.65714304	379679
2022-01-10	3.65714304	3.56190494	3.65714304	3.56190494	906884
2022-01-11	3.4285716	3.4285716	3.54285732	3.48571446	1882334
2022-01-12	3.4285716	3.4285716	3.54285732	3.50476208	853859
2022-01-13	3.50476208	3.48571446	3.54285732	3.50476208	428924
2022-01-14	3.48571446	3.46666684	3.56190494	3.46666684	501794
2022-01-17	3.46666684	3.46666684	3.5238097	3.48571446	220394
2022-01-18	3.46666684	3.44761922	3.54285732	3.46666684	455699
2022-01-19	3.50476208	3.21904778	3.50476208	3.37142874	1716119
2022-01-20	3.3333335	3.31428588	3.37142874	3.37142874	938594
2022-01-21	3.3333335	3.25714302	3.35238112	3.29523826	604904
2022-01-24	3.2380954	3.2380954	3.29523826	3.2380954	477959
2022-01-25	3.21904778	3.21904778	3.25714302	3.2380954	433334
2022-01-26	3.27619064	3.21904778	3.27619064	3.2380954	178394
2022-01-27	3.2380954	3.1428573	3.2380954	3.21904778	409604
2022-01-28	3.18095254	3.18095254	3.31428588	3.31428588	147839
2022-01-31	3.31428588	3.2380954	3.31428588	3.27619064	297674
2022-02-01	3.29523826	3.29523826	3.44761922	3.4285716	1110794
2022-02-02	3.46666684	3.44761922	3.50476208	3.44761922	565319
2022-02-03	3.44761922	3.44761922	3.50476208	3.46666684	626534
2022-02-04	3.44761922	3.37142874	3.46666684	3.4285716	275414
2022-02-07	3.4285716	3.39047636	3.44761922	3.40952398	157499
2022-02-08	3.4285716	3.40952398	3.48571446	3.40952398	187004
2022-02-09	3.46666684	3.37142874	3.46666684	3.39047636	248324
2022-02-10	3.40952398	3.29523826	3.4285716	3.31428588	329489
2022-02-11	3.37142874	3.31428588	3.37142874	3.3333335	125894
2022-02-14	3.3333335	3.2380954	3.3333335	3.27619064	321404
2022-02-15	3.27619064	3.27619064	3.31428588	3.31428588	98279
2022-02-17	3.3333335	3.31428588	3.39047636	3.31428588	193304
2022-02-18	3.39047636	3.29523826	3.39047636	3.35238112	257564
2022-02-21	3.29523826	3.29523826	3.37142874	3.3333335	383249
2022-02-22	3.37142874	3.27619064	3.37142874	3.31428588	123794
2022-02-23	3.31428588	3.27619064	3.3333335	3.29523826	242969
2022-02-24	3.31428588	3.10476206	3.31428588	3.1428573	1126019
2022-02-25	3.12380968	3.12380968	3.29523826	3.27619064	342299
2022-02-28	3.29523826	3.16190492	3.29523826	3.25714302	310274
2022-03-01	3.18095254	3.18095254	3.27619064	3.2380954	200234
2022-03-02	3.21904778	3.18095254	3.25714302	3.21904778	483734
2022-03-03	3.21904778	3.1428573	3.2380954	3.18095254	347024
2022-03-04	3.18095254	3.06666682	3.18095254	3.08571444	1079294
2022-03-07	3.08571444	2.99047634	3.08571444	3.0476192	363404
2022-03-08	3.06666682	2.857143	3.06666682	3.00952396	397529
2022-03-09	3.02857158	2.91428586	3.02857158	2.99047634	529934
2022-03-10	3.02	3.02	3.2	3.08	453000
2022-03-11	3.06	3.06	3.14	3.1	157200
2022-03-14	3.1	3.06	3.3	3.16	107700
2022-03-15	3.16	3.04	3.16	3.04	304100
2022-03-16	3.06	2.92	3.06	2.94	1892100
2022-03-17	2.94	2.94	3.06	3.04	355800
2022-03-18	3.04	3.04	3.1	3.08	163200
2022-03-21	3.06	3.06	3.16	3.08	135100
2022-03-22	3.08	3.06	3.18	3.06	112400
2022-03-23	3.08	3.06	3.12	3.1	64500
2022-03-24	3.12	3.06	3.14	3.06	1059500
2022-03-25	3.08	3.02	3.1	3.02	151600
2022-03-28	3.08	3.04	3.08	3.04	105300
2022-03-29	3.04	3.04	3.14	3.1	408100
2022-03-30	3.16	3.1	3.16	3.14	260600
2022-03-31	3.16	3.14	3.24	3.16	783100
2022-04-01	3.16	3.16	3.34	3.24	1417200
2022-04-04	3.3	3.22	3.3	3.24	414500
2022-04-05	3.24	3.16	3.26	3.18	372200
2022-04-07	3.2	3.06	3.2	3.1	148800
2022-04-08	3.12	3.1	3.14	3.12	62500
2022-04-11	3.18	3.06	3.2	3.1	89200
2022-04-12	3.08	3.08	3.12	3.1	63200
2022-04-18	3.12	3.08	3.2	3.18	41600
2022-04-19	3.18	3.12	3.18	3.12	49500
2022-04-20	3.12	3.1	3.16	3.12	122500
2022-04-21	3.12	3.06	3.16	3.12	113400
2022-04-22	3.16	3.08	3.16	3.12	36500
2022-04-25	3.04	3.04	3.14	3.14	203400
2022-04-26	3.1	3.04	3.14	3.08	124300
2022-04-27	3.1	3.06	3.1	3.06	73300
2022-04-28	3.08	3.08	3.1	3.1	91800
2022-04-29	3.06	3.04	3.08	3.08	130700
2022-05-03	3.06	3.02	3.08	3.08	125900
2022-05-05	3.08	3.04	3.08	3.04	78100
2022-05-06	3.02	3.02	3.04	3.04	52200
2022-05-09	3.08	2.98	3.08	2.98	140300
2022-05-10	2.86	2.86	3.08	3.08	95700
2022-05-11	2.98	2.84	2.98	2.9	552400
2022-05-12	2.9	2.76	2.9	2.78	346500
2022-05-13	2.68	2.62	2.78	2.68	445700
2022-05-17	2.62	2.4	2.66	2.54	482100
2022-05-18	2.6	2.46	2.66	2.62	507500
2022-05-19	2.62	2.6	2.74	2.72	465400
2022-05-20	2.9	2.78	2.9	2.8	274000
2022-05-23	2.82	2.74	2.84	2.84	255200
2022-05-24	2.82	2.8	2.88	2.84	611800
2022-05-25	2.82	2.8	2.86	2.84	237600
2022-05-26	2.82	2.78	2.88	2.8	317100
2022-05-27	2.84	2.82	2.84	2.84	165500
2022-05-30	2.84	2.84	2.9	2.86	224000
2022-05-31	2.86	2.82	2.9	2.88	165800
2022-06-01	2.88	2.88	2.94	2.92	132500
2022-06-02	2.92	2.88	2.96	2.92	217300
2022-06-06	2.98	2.88	2.98	2.92	283500
2022-06-07	2.94	2.84	2.94	2.86	435000
2022-06-08	2.96	2.88	2.96	2.92	41700
2022-06-09	2.92	2.9	2.92	2.92	61200
2022-06-10	2.92	2.88	2.92	2.9	106100
2022-06-13	2.88	2.82	3.38	2.82	2692700
2022-06-14	2.8	2.68	2.94	2.86	187600
2022-06-15	2.86	2.78	2.86	2.8	184100
2022-06-16	2.8	2.76	2.84	2.76	173900
2022-06-17	2.78	2.7	2.78	2.72	114600
2022-06-20	2.7	2.68	2.74	2.74	115100
2022-06-21	2.74	2.68	2.76	2.76	27500
2022-06-22	2.76	2.68	2.76	2.68	35800
2022-06-23	2.68	2.68	2.76	2.68	67300
2022-06-24	2.76	2.68	2.76	2.7	8300
2022-06-27	2.68	2.68	2.74	2.7	14900
2022-06-28	2.7	2.7	2.78	2.7	78700
2022-06-29	2.76	2.7	2.76	2.74	13200
2022-06-30	2.7	2.7	2.84	2.76	46100
2022-07-01	2.8	2.76	2.8	2.78	12500
2022-07-04	2.74	2.58	2.78	2.72	11700
2022-07-05	2.68	2.54	2.72	2.54	187600
2022-07-06	2.5	2.4	2.66	2.6	133500
2022-07-07	2.72	2.6	2.72	2.7	7300
2022-07-08	2.52	2.52	2.78	2.7	15000
2022-07-11	2.7	2.56	2.72	2.64	25400
2022-07-12	2.72	2.58	2.72	2.6	6900
2022-07-14	2.6	2.5	2.72	2.6	53200
2022-07-15	2.7	2.54	2.7	2.54	25700
2022-07-18	2.54	2.54	2.74	2.68	27700
2022-07-19	2.54	2.54	2.7	2.7	14000
2022-07-20	2.68	2.62	2.78	2.7	417700
2022-07-21	2.7	2.64	2.72	2.72	12500
2022-07-22	2.72	2.64	2.74	2.7	20900
2022-07-25	2.72	2.7	2.74	2.74	3700
2022-07-26	2.64	2.64	2.74	2.66	38700
2022-07-27	2.74	2.66	2.74	2.68	45900
2022-08-01	2.72	2.7	2.74	2.72	17700
2022-08-02	2.64	2.64	2.78	2.76	153300
2022-08-03	2.76	2.72	2.76	2.76	32900
2022-08-04	2.76	2.72	2.76	2.72	13700
2022-08-05	2.78	2.7	2.78	2.72	15900
2022-08-08	2.7	2.56	2.72	2.7	52300
2022-08-09	2.62	2.62	2.84	2.74	39600
2022-08-10	2.7	2.66	2.78	2.78	22300
2022-08-11	2.78	2.7	2.78	2.74	3600
2022-08-15	2.7	2.66	2.8	2.74	47500
2022-08-16	2.7	2.66	2.76	2.66	64700
2022-08-17	2.7	2.68	2.74	2.7	36000
2022-08-18	2.62	2.6	2.7	2.7	53900
2022-08-19	2.72	2.64	2.74	2.72	23000
2022-08-22	2.74	2.66	2.8	2.66	45300
2022-08-23	2.66	2.62	2.7	2.66	76200
2022-08-24	2.76	2.68	2.88	2.7	963600
2022-08-25	2.72	2.7	2.8	2.72	105000
2022-08-26	2.74	2.7	2.74	2.74	22500
2022-08-29	2.74	2.68	2.74	2.74	66900
2022-08-30	2.7	2.7	2.78	2.76	119300
2022-08-31	2.78	2.72	2.8	2.74	65300
2022-09-01	2.72	2.68	2.78	2.68	146600
2022-09-02	2.68	2.68	2.68	2.68	36000
2022-09-05	2.7	2.66	2.72	2.66	137400
2022-09-06	2.66	2.64	2.74	2.74	176300
2022-09-07	2.74	2.68	2.74	2.72	49300
2022-09-08	2.74	2.72	2.76	2.72	8300
2022-09-09	2.72	2.7	2.76	2.74	25400
2022-09-12	2.74	2.68	2.76	2.7	51600
2022-09-13	2.76	2.68	2.76	2.72	40800
2022-09-14	2.72	2.68	2.76	2.72	182400
2022-09-15	2.76	2.72	2.8	2.76	480200
2022-09-16	2.76	2.72	2.76	2.72	27200
2022-09-19	2.72	2.7	2.76	2.76	45300
2022-09-20	2.76	2.72	2.84	2.72	333600
2022-09-21	2.72	2.7	2.78	2.72	82000
2022-09-22	2.8	2.72	2.8	2.76	39400
2022-09-23	2.8	2.74	2.8	2.78	119100
2022-09-26	2.78	2.72	2.78	2.76	158700
2022-09-27	2.78	2.76	2.9	2.76	1474300
2022-09-28	2.74	2.72	2.76	2.72	130700
2022-09-29	2.74	2.66	2.74	2.66	297500
2022-09-30	2.66	2.64	2.7	2.66	89700
2022-10-03	2.68	2.66	2.7	2.68	34300
2022-10-04	2.72	2.66	2.72	2.66	14800
2022-10-05	2.7	2.68	2.7	2.7	149800
2022-10-06	2.68	2.68	2.72	2.7	80200
2022-10-07	2.7	2.7	2.72	2.7	32700
2022-10-10	2.66	2.66	2.7	2.68	59500
2022-10-11	2.7	2.66	2.7	2.68	28200
2022-10-12	2.66	2.66	2.68	2.66	137400
2022-10-17	2.62	2.6	2.78	2.64	75400
2022-10-18	2.6	2.6	2.7	2.7	2000
2022-10-19	2.72	2.66	2.72	2.7	71000
2022-10-20	2.66	2.66	2.72	2.72	10300
2022-10-21	2.72	2.64	2.72	2.68	19000
2022-10-25	2.68	2.6	2.72	2.64	123500
2022-10-26	2.6	2.6	2.7	2.7	400
2022-10-27	2.62	2.62	2.7	2.7	103200
2022-10-28	2.62	2.62	2.7	2.64	7700
2022-10-31	2.64	2.64	2.68	2.68	20200
2022-11-01	2.68	2.64	2.7	2.64	150200
2022-11-02	2.66	2.62	2.66	2.64	79100
2022-11-03	2.66	2.62	2.66	2.66	53100
2022-11-04	2.6	2.6	2.62	2.62	46700
2022-11-07	2.62	2.6	2.66	2.62	115400
2022-11-08	2.66	2.62	2.66	2.64	9800
2022-11-09	2.6	2.58	2.62	2.58	268200
2022-11-10	2.58	2.54	2.58	2.56	121300
2022-11-11	2.5	2.48	2.58	2.56	125700
2022-11-14	2.52	2.5	2.66	2.52	111500
2022-11-15	2.66	2.48	2.66	2.48	72000
2022-11-16	2.5	2.5	2.6	2.58	4500
2022-11-17	2.5	2.5	2.56	2.56	151800
2022-11-18	2.5	2.5	2.58	2.56	45000
2022-11-21	2.58	2.5	2.58	2.58	6500
2022-11-22	2.6	2.48	2.6	2.5	18900
2022-11-23	2.5	2.5	2.58	2.5	37500
2022-11-24	2.5	2.46	2.56	2.52	14600
2022-11-25	2.5	2.46	2.54	2.48	95600
2022-11-28	2.46	2.44	2.54	2.44	53000
2022-11-29	2.5	2.42	2.5	2.44	11300
2022-11-30	2.44	2.42	2.6	2.56	210500
2022-12-01	2.48	2.48	2.52	2.52	68800
2022-12-02	2.52	2.46	2.52	2.5	9900
2022-12-06	2.56	2.44	2.56	2.48	3300
2022-12-07	2.52	2.44	2.52	2.46	21200
2022-12-08	2.5	2.44	2.5	2.5	4000
2022-12-09	2.5	2.42	2.56	2.42	36400
2022-12-13	2.4	2.4	2.48	2.42	57700
2022-12-14	2.42	2.42	2.46	2.46	7400
2022-12-15	2.46	2.4	2.46	2.46	53600
2022-12-16	2.5	2.4	2.5	2.5	10700
2022-12-19	2.4	2.4	2.42	2.42	68100
2022-12-20	2.38	2.38	2.56	2.48	46800
2022-12-21	2.48	2.46	2.54	2.46	11800
2022-12-22	2.44	2.44	2.48	2.46	1400
2022-12-23	2.44	2.42	2.54	2.44	17000
2022-12-26	2.52	2.44	2.54	2.44	19200
2022-12-27	2.46	2.46	2.5	2.46	6600
2022-12-28	2.44	2.44	2.54	2.48	46600
2022-12-29	2.48	2.48	2.5	2.5	3300
2022-12-30	2.56	2.46	2.56	2.46	23500
