Date	Price Open	Price Low	Price High	Price Close	Volume
2019-12-17	0.886541936	0.817009235	0.964766224	0.964766224	74640793
2019-12-18	0.947383049	0.886541936	0.9821494	0.895233523	16498481
2019-12-19	0.895233523	0.886541936	0.921308286	0.886541936	11700969
2019-12-20	0.886541936	0.869158761	0.903925111	0.886541936	6109815
2019-12-23	0.886541936	0.851775585	0.895233523	0.886541936	3028675
2019-12-24	0.886541936	0.860467173	0.903925111	0.895233523	5806764
2019-12-25	0.877850348	0.825700823	0.895233523	0.825700823	10274417
2019-12-26	0.83439241	0.83439241	0.886541936	0.869158761	7670175
2019-12-27	0.869158761	0.851775585	0.886541936	0.869158761	3253260
2019-12-30	0.877850348	0.869158761	0.877850348	0.877850348	2037717
2020-01-02	0.886541936	0.869158761	0.886541936	0.886541936	1606610
2020-01-03	0.886541936	0.869158761	0.895233523	0.886541936	2972644
2020-01-06	0.877850348	0.860467173	0.877850348	0.869158761	1761933
2020-01-07	0.869158761	0.860467173	0.877850348	0.877850348	1200931
2020-01-08	0.851775585	0.851775585	0.886541936	0.877850348	3161217
2020-01-09	0.877850348	0.851775585	0.877850348	0.869158761	1924274
2020-01-10	0.869158761	0.860467173	0.886541936	0.869158761	4281956
2020-01-13	0.877850348	0.851775585	0.877850348	0.869158761	5246107
2020-01-14	0.869158761	0.843083998	0.869158761	0.851775585	4368591
2020-01-15	0.860467173	0.843083998	0.869158761	0.851775585	4342129
2020-01-16	0.851775585	0.843083998	0.860467173	0.860467173	2376435
2020-01-17	0.860467173	0.83439241	0.860467173	0.851775585	1015464
2020-01-20	0.851775585	0.825700823	0.851775585	0.851775585	2886354
2020-01-21	0.851775585	0.843083998	0.869158761	0.851775585	3917120
2020-01-22	0.843083998	0.825700823	0.860467173	0.843083998	1783218
2020-01-23	0.843083998	0.817009235	0.851775585	0.843083998	1869738
2020-01-24	0.843083998	0.817009235	0.851775585	0.817009235	1098073
2020-01-27	0.825700823	0.808317647	0.843083998	0.825700823	2213404
2020-01-28	0.817009235	0.808317647	0.825700823	0.817009235	1462103
2020-01-29	0.825700823	0.79962606	0.825700823	0.79962606	1235907
2020-01-30	0.79962606	0.79962606	0.851775585	0.825700823	4143201
2020-01-31	0.825700823	0.808317647	0.851775585	0.83439241	1438862
2020-02-03	0.83439241	0.817009235	0.843083998	0.83439241	684569
2020-02-04	0.825700823	0.808317647	0.843083998	0.843083998	1307701
2020-02-05	0.817009235	0.817009235	0.851775585	0.843083998	2982309
2020-02-06	0.825700823	0.825700823	0.851775585	0.843083998	1998714
2020-02-07	0.825700823	0.817009235	0.851775585	0.851775585	4163566
2020-02-11	0.83439241	0.817009235	0.83439241	0.825700823	1546898
2020-02-12	0.825700823	0.817009235	0.83439241	0.83439241	468383
2020-02-13	0.825700823	0.817009235	0.843083998	0.817009235	1846728
2020-02-14	0.825700823	0.808317647	0.83439241	0.825700823	1760207
2020-02-17	0.817009235	0.808317647	0.825700823	0.825700823	523954
2020-02-18	0.808317647	0.808317647	0.817009235	0.808317647	1011207
2020-02-19	0.808317647	0.79962606	0.817009235	0.808317647	881311
2020-02-20	0.808317647	0.790934472	0.817009235	0.808317647	641424
2020-02-21	0.808317647	0.790934472	0.817009235	0.808317647	812279
2020-02-24	0.79962606	0.782242885	0.817009235	0.79962606	763151
2020-02-25	0.79962606	0.782242885	0.808317647	0.808317647	571357
2020-02-26	0.808317647	0.782242885	0.808317647	0.79962606	772125
2020-02-27	0.790934472	0.782242885	0.808317647	0.808317647	812624
2020-02-28	0.790934472	0.782242885	0.808317647	0.782242885	1312418
2020-03-02	0.782242885	0.773551297	0.79962606	0.79962606	769824
2020-03-03	0.782242885	0.782242885	0.808317647	0.808317647	705624
2020-03-04	0.808317647	0.790934472	0.808317647	0.808317647	475287
2020-03-05	0.808317647	0.790934472	0.808317647	0.808317647	347002
2020-03-06	0.808317647	0.790934472	0.808317647	0.808317647	306503
2020-03-09	0.79962606	0.764859709	0.808317647	0.79962606	433752
2020-03-10	0.79962606	0.782242885	0.808317647	0.790934472	282226
2020-03-11	0.790934472	0.773551297	0.79962606	0.790934472	265544
2020-03-12	0.782242885	0.764859709	0.782242885	0.782242885	278200
2020-03-13	0.782242885	0.747476534	0.790934472	0.782242885	300060
2020-03-16	0.790934472	0.764859709	0.790934472	0.782242885	266349
2020-03-17	0.790934472	0.730093359	0.790934472	0.782242885	537646
2020-03-18	0.782242885	0.764859709	0.790934472	0.782242885	251277
2020-03-19	0.773551297	0.764859709	0.782242885	0.782242885	241037
2020-03-20	0.782242885	0.756168122	0.790934472	0.782242885	360923
2020-03-23	0.782242885	0.764859709	0.782242885	0.773551297	58907
2020-03-24	0.773551297	0.738784947	0.773551297	0.773551297	177412
2020-03-25	0.773551297	0.764859709	0.790934472	0.773551297	726219
2020-03-26	0.773551297	0.730093359	0.790934472	0.782242885	842308
2020-03-27	0.764859709	0.756168122	0.773551297	0.764859709	952645
2020-03-30	0.764859709	0.747476534	0.764859709	0.756168122	379792
2020-03-31	0.756168122	0.756168122	0.764859709	0.756168122	91237
2020-04-01	0.764859709	0.747476534	0.773551297	0.764859709	140365
2020-04-02	0.764859709	0.747476534	0.764859709	0.764859709	119195
2020-04-03	0.773551297	0.756168122	0.773551297	0.764859709	97335
2020-04-07	0.764859709	0.747476534	0.773551297	0.764859709	434097
2020-04-08	0.764859709	0.756168122	0.764859709	0.764859709	91812
2020-04-09	0.764859709	0.756168122	0.773551297	0.764859709	483110
2020-04-10	0.764859709	0.756168122	0.773551297	0.773551297	320079
2020-04-13	0.773551297	0.747476534	0.782242885	0.764859709	524530
2020-04-14	0.764859709	0.738784947	0.764859709	0.756168122	801579
2020-04-15	0.764859709	0.747476534	0.764859709	0.756168122	253118
2020-04-16	0.756168122	0.747476534	0.756168122	0.756168122	224124
2020-04-17	0.756168122	0.738784947	0.756168122	0.756168122	196857
2020-04-20	0.756168122	0.747476534	0.773551297	0.773551297	314672
2020-04-21	0.773551297	0.773551297	0.790934472	0.782242885	422937
2020-04-22	0.773551297	0.756168122	0.773551297	0.773551297	103203
2020-04-23	0.782242885	0.764859709	0.79962606	0.782242885	440195
2020-04-24	0.782242885	0.782242885	0.790934472	0.790934472	1106932
2020-04-27	0.790934472	0.773551297	0.790934472	0.782242885	332045
2020-04-28	0.790934472	0.764859709	0.790934472	0.790934472	157393
2020-04-29	0.782242885	0.764859709	0.790934472	0.782242885	79156
2020-04-30	0.790934472	0.773551297	0.790934472	0.790934472	84909
2020-05-05	0.81353299	0.804493735	0.840650757	0.822572246	439084
2020-05-07	0.81353299	0.804493735	0.831611501	0.822572246	179328
2020-05-08	0.822572246	0.786415224	0.822572246	0.81353299	147689
2020-05-11	0.804493735	0.804493735	0.831611501	0.81353299	188289
2020-05-12	0.81353299	0.804493735	0.822572246	0.822572246	44140
2020-05-13	0.804493735	0.804493735	0.822572246	0.822572246	58080
2020-05-14	0.81353299	0.79545448	0.858729268	0.822572246	673617
2020-05-15	0.822572246	0.79545448	0.831611501	0.81353299	121691
2020-05-18	0.81353299	0.79545448	0.831611501	0.81353299	398705
2020-05-19	0.81353299	0.786415224	0.81353299	0.786415224	263517
2020-05-20	0.786415224	0.768336713	0.804493735	0.79545448	1210055
2020-05-21	0.79545448	0.786415224	0.804493735	0.79545448	367065
2020-05-22	0.79545448	0.777375969	0.804493735	0.786415224	481898
2020-05-25	0.79545448	0.777375969	0.804493735	0.79545448	614763
2020-05-26	0.804493735	0.79545448	0.831611501	0.804493735	804712
2020-05-27	0.79545448	0.786415224	0.804493735	0.804493735	803716
2020-05-28	0.804493735	0.786415224	0.804493735	0.786415224	753933
2020-05-29	0.79545448	0.786415224	0.79545448	0.79545448	224907
2020-06-01	0.79545448	0.786415224	0.804493735	0.804493735	759354
2020-06-02	0.79545448	0.79545448	0.81353299	0.804493735	395165
2020-06-04	0.81353299	0.804493735	0.81353299	0.81353299	923638
2020-06-05	0.81353299	0.79545448	0.81353299	0.81353299	1214812
2020-06-08	0.81353299	0.804493735	0.903925545	0.81353299	7177361
2020-06-09	0.822572246	0.79545448	0.822572246	0.79545448	1168680
2020-06-10	0.804493735	0.777375969	0.804493735	0.79545448	1564177
2020-06-11	0.79545448	0.777375969	0.804493735	0.79545448	1380312
2020-06-12	0.786415224	0.777375969	0.79545448	0.79545448	928837
2020-06-15	0.79545448	0.786415224	0.822572246	0.786415224	579140
2020-06-16	0.79545448	0.786415224	0.804493735	0.79545448	225350
2020-06-17	0.79545448	0.777375969	0.804493735	0.79545448	866332
2020-06-18	0.786415224	0.777375969	0.79545448	0.79545448	513537
2020-06-19	0.804493735	0.777375969	0.804493735	0.777375969	410210
2020-06-22	0.786415224	0.777375969	0.79545448	0.79545448	339850
2020-06-23	0.79545448	0.786415224	0.804493735	0.79545448	243936
2020-06-24	0.79545448	0.79545448	0.840650757	0.81353299	2632075
2020-06-25	0.81353299	0.79545448	0.822572246	0.81353299	472826
2020-06-26	0.81353299	0.804493735	0.822572246	0.804493735	561440
2020-06-29	0.81353299	0.79545448	0.81353299	0.81353299	189949
2020-06-30	0.81353299	0.804493735	0.822572246	0.81353299	200901
2020-07-01	0.81353299	0.79545448	0.81353299	0.81353299	946316
2020-07-02	0.81353299	0.804493735	0.822572246	0.822572246	561108
2020-07-03	0.81353299	0.81353299	0.822572246	0.81353299	129214
2020-07-07	0.822572246	0.804493735	0.822572246	0.822572246	157424
2020-07-08	0.822572246	0.804493735	0.822572246	0.81353299	216500
2020-07-09	0.81353299	0.804493735	0.822572246	0.81353299	1455097
2020-07-10	0.804493735	0.79545448	0.81353299	0.79545448	642862
2020-07-13	0.804493735	0.79545448	0.81353299	0.804493735	195701
2020-07-14	0.804493735	0.79545448	0.81353299	0.81353299	276460
2020-07-15	0.81353299	0.79545448	0.81353299	0.79545448	199352
2020-07-16	0.81353299	0.81353299	0.840650757	0.822572246	1464390
2020-07-17	0.81353299	0.804493735	0.840650757	0.840650757	748512
2020-07-20	0.831611501	0.804493735	0.831611501	0.81353299	427136
2020-07-21	0.81353299	0.81353299	0.822572246	0.81353299	170921
2020-07-22	0.822572246	0.786415224	0.822572246	0.786415224	1885996
2020-07-23	0.79545448	0.777375969	0.79545448	0.79545448	682357
2020-07-24	0.79545448	0.786415224	0.79545448	0.79545448	503913
2020-07-29	0.79545448	0.79545448	0.804493735	0.79545448	39051
2020-07-30	0.804493735	0.786415224	0.822572246	0.786415224	600491
2020-07-31	0.79545448	0.79545448	0.79545448	0.79545448	87617
2020-08-03	0.804493735	0.79545448	0.804493735	0.804493735	78656
2020-08-04	0.804493735	0.804493735	0.81353299	0.804493735	60956
2020-08-05	0.804493735	0.786415224	0.804493735	0.79545448	158862
2020-08-06	0.79545448	0.79545448	0.804493735	0.79545448	119368
2020-08-07	0.786415224	0.786415224	0.79545448	0.79545448	236966
2020-08-10	0.79545448	0.786415224	0.79545448	0.79545448	25444
2020-08-11	0.786415224	0.786415224	0.804493735	0.79545448	188511
2020-08-13	0.79545448	0.79545448	0.822572246	0.79545448	759465
2020-08-14	0.804493735	0.79545448	0.804493735	0.79545448	615094
2020-08-17	0.79545448	0.79545448	0.804493735	0.804493735	175899
2020-08-18	0.81353299	0.804493735	0.81353299	0.804493735	258760
2020-08-19	0.81353299	0.79545448	0.81353299	0.79545448	109854
2020-08-20	0.79545448	0.786415224	0.804493735	0.804493735	264734
2020-08-21	0.804493735	0.804493735	0.81353299	0.81353299	209751
2020-08-24	0.804493735	0.804493735	0.831611501	0.81353299	2042092
2020-08-25	0.81353299	0.804493735	0.822572246	0.81353299	211964
2020-08-26	0.804493735	0.777375969	0.822572246	0.81353299	1143235
2020-08-27	0.81353299	0.804493735	0.81353299	0.81353299	825178
2020-08-28	0.804493735	0.79545448	0.804493735	0.804493735	599606
2020-08-31	0.804493735	0.804493735	0.81353299	0.804493735	322261
2020-09-01	0.81353299	0.804493735	0.831611501	0.81353299	2593576
2020-09-02	0.81353299	0.81353299	0.822572246	0.81353299	595845
2020-09-03	0.81353299	0.79545448	0.81353299	0.81353299	765549
2020-09-08	0.804493735	0.79545448	0.81353299	0.804493735	140277
2020-09-09	0.804493735	0.804493735	0.81353299	0.804493735	67483
2020-09-10	0.804493735	0.79545448	0.831611501	0.804493735	710788
2020-09-11	0.81353299	0.79545448	0.822572246	0.804493735	1281521
2020-09-14	0.786415224	0.786415224	0.804493735	0.79545448	1048316
2020-09-15	0.79545448	0.79545448	0.81353299	0.804493735	354453
2020-09-16	0.804493735	0.786415224	0.804493735	0.79545448	579693
2020-09-17	0.79545448	0.79545448	0.804493735	0.804493735	229664
2020-09-18	0.79545448	0.79545448	0.804493735	0.804493735	203335
2020-09-21	0.804493735	0.79545448	0.831611501	0.804493735	1344026
2020-09-22	0.79545448	0.79545448	0.804493735	0.804493735	346599
2020-09-23	0.804493735	0.804493735	0.81353299	0.81353299	617749
2020-09-24	0.804493735	0.79545448	0.81353299	0.804493735	90936
2020-09-25	0.804493735	0.804493735	0.822572246	0.81353299	265729
2020-09-28	0.81353299	0.79545448	0.831611501	0.81353299	1424896
2020-09-29	0.81353299	0.804493735	0.81353299	0.804493735	585667
2020-09-30	0.81353299	0.79545448	0.858729268	0.79545448	2107474
2020-10-01	0.81353299	0.79545448	0.81353299	0.81353299	860911
2020-10-02	0.81353299	0.804493735	0.831611501	0.81353299	561993
2020-10-05	0.81353299	0.81353299	0.849690012	0.822572246	948086
2020-10-06	0.81353299	0.81353299	0.822572246	0.81353299	865668
2020-10-07	0.81353299	0.81353299	0.822572246	0.81353299	275575
2020-10-08	0.81353299	0.81353299	0.822572246	0.81353299	571728
2020-10-09	0.81353299	0.81353299	0.858729268	0.822572246	2488479
2020-10-12	0.81353299	0.804493735	0.831611501	0.804493735	2097739
2020-10-14	0.822572246	0.81353299	0.822572246	0.822572246	727051
2020-10-15	0.81353299	0.81353299	0.822572246	0.81353299	292391
2020-10-16	0.822572246	0.81353299	0.822572246	0.822572246	467405
2020-10-19	0.822572246	0.81353299	0.822572246	0.81353299	254335
2020-10-20	0.81353299	0.81353299	0.822572246	0.822572246	112841
2020-10-21	0.822572246	0.804493735	0.822572246	0.804493735	497939
2020-10-22	0.81353299	0.804493735	0.822572246	0.804493735	646624
2020-10-26	0.81353299	0.81353299	0.81353299	0.81353299	29980
2020-10-27	0.81353299	0.804493735	0.81353299	0.81353299	5752
2020-10-28	0.804493735	0.804493735	0.81353299	0.804493735	302679
2020-10-29	0.804493735	0.804493735	0.81353299	0.804493735	167270
2020-10-30	0.81353299	0.79545448	0.81353299	0.79545448	225350
2020-11-02	0.804493735	0.79545448	0.804493735	0.79545448	317172
2020-11-03	0.804493735	0.804493735	0.81353299	0.81353299	47570
2020-11-04	0.81353299	0.804493735	0.81353299	0.804493735	25887
2020-11-05	0.81353299	0.804493735	0.81353299	0.804493735	262079
2020-11-06	0.81353299	0.81353299	0.822572246	0.81353299	24338
2020-11-09	0.804493735	0.804493735	0.81353299	0.81353299	195923
2020-11-10	0.81353299	0.81353299	0.822572246	0.822572246	409325
2020-11-11	0.81353299	0.804493735	0.81353299	0.81353299	406006
2020-11-12	0.81353299	0.804493735	0.822572246	0.804493735	145919
2020-11-13	0.81353299	0.804493735	0.81353299	0.81353299	480128
2020-11-16	0.81353299	0.81353299	0.822572246	0.81353299	211079
2020-11-17	0.804493735	0.804493735	0.81353299	0.804493735	34405
2020-11-18	0.804493735	0.804493735	0.822572246	0.81353299	149459
2020-11-19	0.81353299	0.804493735	0.822572246	0.81353299	358325
2020-11-20	0.81353299	0.804493735	0.831611501	0.822572246	841219
2020-11-23	0.81353299	0.81353299	0.822572246	0.822572246	265508
2020-11-24	0.81353299	0.81353299	0.822572246	0.81353299	476034
2020-11-25	0.81353299	0.804493735	0.81353299	0.804493735	118483
2020-11-26	0.81353299	0.81353299	0.822572246	0.822572246	92706
2020-11-27	0.822572246	0.804493735	0.822572246	0.81353299	496058
2020-11-30	0.822572246	0.804493735	0.822572246	0.81353299	196144
2020-12-01	0.81353299	0.804493735	0.81353299	0.81353299	138396
2020-12-02	0.81353299	0.81353299	0.81353299	0.81353299	110739
2020-12-03	0.822572246	0.81353299	0.822572246	0.81353299	116381
2020-12-04	0.81353299	0.804493735	0.81353299	0.81353299	37834
2020-12-08	0.81353299	0.804493735	0.81353299	0.81353299	77993
2020-12-09	0.81353299	0.804493735	0.822572246	0.822572246	439859
2020-12-14	0.81353299	0.804493735	0.822572246	0.822572246	79652
2020-12-15	0.81353299	0.804493735	0.822572246	0.822572246	254998
2020-12-16	0.81353299	0.81353299	0.822572246	0.822572246	32524
2020-12-17	0.81353299	0.81353299	0.81353299	0.81353299	177558
2020-12-18	0.81353299	0.81353299	0.822572246	0.822572246	184970
2020-12-21	0.81353299	0.804493735	0.822572246	0.804493735	183090
2020-12-22	0.804493735	0.79545448	0.81353299	0.81353299	497275
2020-12-23	0.81353299	0.804493735	0.81353299	0.81353299	80648
2020-12-24	0.81353299	0.804493735	0.81353299	0.81353299	8186
2020-12-25	0.81353299	0.81353299	0.822572246	0.81353299	75116
2020-12-28	0.81353299	0.804493735	0.822572246	0.822572246	54871
2020-12-29	0.822572246	0.81353299	0.822572246	0.81353299	24448
2020-12-30	0.822572246	0.804493735	0.822572246	0.804493735	124014
2021-01-04	0.81353299	0.81353299	0.81353299	0.81353299	12611
2021-01-05	0.804493735	0.804493735	0.81353299	0.81353299	1770
2021-01-06	0.81353299	0.81353299	0.81353299	0.81353299	116270
2021-01-07	0.81353299	0.804493735	0.81353299	0.81353299	26108
2021-01-08	0.81353299	0.81353299	0.81353299	0.81353299	75448
2021-01-11	0.804493735	0.804493735	0.81353299	0.81353299	13386
2021-01-12	0.81353299	0.81353299	0.81353299	0.81353299	152778
2021-01-13	0.822572246	0.822572246	0.822572246	0.822572246	288187
2021-01-14	0.81353299	0.81353299	0.894886289	0.876807779	3357024
2021-01-15	0.885847034	0.858729268	0.922004056	0.858729268	10920810
2021-01-18	0.858729268	0.858729268	0.894886289	0.876807779	1544485
2021-01-19	0.894886289	0.885847034	1.039514377	0.949121822	11843232
2021-01-20	0.967200333	0.931043311	0.967200333	0.967200333	2544457
2021-01-21	0.967200333	0.967200333	1.003357355	0.994318099	4043585
2021-01-22	1.01239661	1.003357355	1.093749909	1.048553632	15439214
2021-01-25	1.066632143	1.048553632	1.11182842	1.11182842	7672313
2021-01-26	1.11182842	1.102789165	1.21126023	1.175103208	23861478
2021-01-27	1.175103208	1.157024698	1.202220975	1.193181719	3995129
2021-01-28	1.175103208	1.166063953	1.21126023	1.202220975	10026378
2021-01-29	1.202220975	1.202220975	1.256456507	1.229338741	8267937
2021-02-01	1.238377997	1.193181719	1.238377997	1.193181719	4060953
2021-02-02	1.21126023	1.21126023	1.238377997	1.238377997	8372149
2021-02-03	1.265495763	1.256456507	1.301652785	1.301652785	15422619
2021-02-04	1.31069204	1.265495763	1.346849062	1.346849062	31013837
2021-02-05	1.355888317	1.337809807	1.464359383	1.464359383	27817667
2021-02-08	1.536673426	1.500516405	1.753615557	1.753615557	58532586
2021-02-09	1.80785109	1.80785109	1.952479177	1.916322155	26761164
2021-02-10	1.970557688	1.970557688	2.024793221	2.00671471	23974651
2021-02-11	2.00671471	1.780733324	2.024793221	1.988636199	21866070
2021-02-15	1.952479177	1.916322155	1.988636199	1.988636199	7131118
2021-02-16	1.988636199	1.988636199	2.060950242	2.024793221	16642189
2021-02-17	2.042871732	1.970557688	2.042871732	1.988636199	2171307
2021-02-18	2.00671471	1.934400666	2.00671471	1.952479177	2737504
2021-02-19	1.952479177	1.952479177	2.042871732	2.00671471	5248441
2021-02-22	2.024793221	2.00671471	2.133264286	2.060950242	18107354
2021-02-23	2.042871732	2.00671471	2.042871732	2.00671471	2674667
2021-02-24	2.20557833	2.00671471	2.295970884	2.024793221	26173283
2021-02-25	2.079028753	2.060950242	2.151342797	2.060950242	14522877
2021-03-01	2.133264286	1.988636199	2.133264286	2.00671471	6825451
2021-03-02	2.00671471	1.970557688	2.024793221	1.970557688	5443368
2021-03-03	2.00671471	2.00671471	2.115185775	2.079028753	17297552
2021-03-04	2.097107264	2.024793221	2.097107264	2.024793221	5864974
2021-03-05	2.024793221	2.00671471	2.097107264	2.024793221	9244898
2021-03-08	2.024793221	1.970557688	2.060950242	1.970557688	12561432
2021-03-09	1.988636199	1.952479177	2.00671471	1.970557688	2148738
2021-03-10	1.970557688	1.952479177	2.00671471	1.970557688	7906403
2021-03-11	1.970557688	1.952479177	2.00671471	1.988636199	3681387
2021-03-12	1.988636199	1.970557688	2.00671471	1.970557688	1857785
2021-03-15	1.952479177	1.934400666	2.024793221	1.970557688	949082
2021-03-16	1.970557688	1.970557688	2.00671471	1.970557688	2648669
2021-03-17	1.970557688	1.970557688	2.042871732	2.042871732	3608925
2021-03-18	2.042871732	2.042871732	2.115185775	2.060950242	6219206
2021-03-19	2.079028753	2.042871732	2.079028753	2.060950242	2408384
2021-03-22	2.060950242	1.988636199	2.060950242	2.042871732	3021819
2021-03-23	2.042871732	2.00671471	2.060950242	2.00671471	852725
2021-03-24	2.00671471	1.988636199	2.060950242	2.060950242	2007687
2021-03-25	2.024793221	2.024793221	2.115185775	2.042871732	4521279
2021-03-26	2.060950242	1.988636199	2.060950242	2.024793221	2301516
2021-03-29	2.00671471	2.00671471	2.042871732	2.024793221	1389494
2021-03-30	2.024793221	1.988636199	2.024793221	2.00671471	1823601
2021-03-31	2.00671471	2.00671471	2.042871732	2.024793221	2159469
2021-04-01	2.00671471	1.988636199	2.042871732	2.042871732	830046
2021-04-02	2.042871732	2.024793221	2.097107264	2.060950242	2684291
2021-04-05	2.079028753	2.079028753	2.368284928	2.332127906	33203509
2021-04-07	2.295970884	2.169421308	2.314049395	2.187499819	13537398
2021-04-08	2.241735351	2.187499819	2.440598971	2.440598971	13059925
2021-04-09	2.494834504	2.350206417	2.567148548	2.368284928	23766448
2021-04-12	2.40444195	2.368284928	2.476755993	2.458677482	5428876
2021-04-16	2.42252046	2.350206417	2.585227059	2.567148548	9954359
2021-04-19	2.603305569	2.585227059	2.747933657	2.711776635	15545196
2021-04-20	2.784090678	2.657541102	2.784090678	2.675619613	5408299
2021-04-21	2.711776635	2.639462591	2.711776635	2.675619613	3900653
2021-04-22	2.657541102	2.639462591	2.711776635	2.639462591	4184526
2021-04-23	2.62138408	2.585227059	2.639462591	2.62138408	1796497
2021-04-26	2.62138408	2.476755993	2.62138408	2.530991526	3291532
2021-04-27	2.512913015	2.512913015	2.639462591	2.62138408	5363826
2021-04-28	2.62138408	2.62138408	2.711776635	2.675619613	7206345
2021-04-29	2.729855146	2.603305569	2.802169189	2.802169189	18307370
2021-04-30	2.802169189	2.747933657	2.8202477	2.766012168	6797794
2021-05-05	2.766012168	2.747933657	2.892561744	2.802169189	8868097
2021-05-06	2.8202477	2.784090678	2.856404722	2.8202477	3531264
2021-05-07	2.856404722	2.802169189	2.874483233	2.856404722	3948223
2021-05-10	2.856404722	2.766012168	2.964875787	2.838326211	10213009
2021-05-11	2.84374948	2.82386312	2.96306764	2.94318128	4037943
2021-05-12	2.96306764	2.94318128	3.02272672	2.982954	2960219
2021-05-13	2.92329492	2.66477224	2.982954	2.96306764	4115383
2021-05-14	2.90340856	2.82386312	3.06249944	2.982954	4517870
2021-05-17	2.982954	2.8835222	3.00284036	2.96306764	1911863
2021-05-18	2.90340856	2.8835222	3.04261308	2.982954	1213696
2021-05-19	3.04261308	2.96306764	3.06249944	3.02272672	1702574
2021-05-20	3.02272672	2.92329492	3.02272672	2.982954	2490450
2021-05-21	2.94318128	2.84374948	3.0823858	3.02272672	5027365
2021-05-24	2.982954	2.90340856	3.02272672	2.92329492	1755273
2021-05-25	2.92329492	2.8835222	2.96306764	2.94318128	1440887
2021-05-27	2.94318128	2.92329492	3.04261308	2.94318128	6046757
2021-05-28	2.92329492	2.8835222	2.96306764	2.90340856	4671744
2021-05-31	2.8835222	2.76420404	2.92329492	2.8835222	5778030
2021-06-01	2.90340856	2.7840904	2.90340856	2.80397676	3300453
2021-06-02	2.7840904	2.76420404	2.82386312	2.82386312	4738323
2021-06-04	2.82386312	2.74431768	2.86363584	2.80397676	9973368
2021-06-07	2.82386312	2.7840904	2.94318128	2.8835222	9457839
2021-06-08	2.90340856	2.82386312	2.92329492	2.86363584	2986569
2021-06-09	2.8835222	2.8835222	3.00284036	2.96306764	7363941
2021-06-10	2.982954	2.96306764	3.04261308	2.96306764	7007717
2021-06-11	3.02272672	2.94318128	3.02272672	2.94318128	2550190
2021-06-14	2.94318128	2.92329492	2.982954	2.92329492	3037458
2021-06-15	3.02272672	3.00284036	3.40056756	3.04261308	80689980
2021-06-16	3.00284036	2.92329492	3.02272672	2.982954	6587731
2021-06-17	2.96306764	2.92329492	3.00284036	2.94318128	3209938
2021-06-18	2.94318128	2.92329492	2.96306764	2.92329492	1946359
2021-06-21	2.92329492	2.84374948	2.982954	2.90340856	3072457
2021-06-22	2.90340856	2.8835222	2.96306764	2.8835222	2162788
2021-06-23	2.90340856	2.86363584	2.92329492	2.8835222	1820745
2021-06-24	2.8835222	2.82386312	2.982954	2.96306764	5362067
2021-06-25	2.96306764	2.84374948	3.00284036	2.86363584	8856522
2021-06-28	2.80397676	2.76420404	2.86363584	2.82386312	2278345
2021-06-29	2.80397676	2.80397676	2.8835222	2.86363584	1520539
2021-06-30	2.86363584	2.82386312	2.8835222	2.84374948	1345847
2021-07-01	2.84374948	2.82386312	2.90340856	2.8835222	880201
2021-07-02	2.8835222	2.82386312	2.90340856	2.86363584	1638711
2021-07-05	2.82386312	2.82386312	2.90340856	2.84374948	936722
2021-07-06	2.82386312	2.82386312	2.8835222	2.86363584	2518811
2021-07-07	2.84374948	2.80397676	2.90340856	2.84374948	1953700
2021-07-08	2.80397676	2.70454496	2.80397676	2.70454496	2778185
2021-07-09	2.64488588	2.64488588	2.74431768	2.6846586	1072192
2021-07-12	2.6846586	2.66477224	2.72443132	2.6846586	401481
2021-07-13	2.6846586	2.6846586	2.82386312	2.7840904	1350775
2021-07-14	2.82386312	2.76420404	2.86363584	2.82386312	534034
2021-07-15	2.80397676	2.76420404	2.8835222	2.86363584	1767945
2021-07-16	2.8835222	2.76420404	2.8835222	2.7840904	807890
2021-07-19	2.7840904	2.64488588	2.84374948	2.84374948	4197047
2021-07-20	2.82386312	2.7840904	2.84374948	2.7840904	1251108
2021-07-21	2.82386312	2.74431768	2.82386312	2.76420404	655926
2021-07-22	2.74431768	2.74431768	2.86363584	2.80397676	3254391
2021-07-23	2.86363584	2.82386312	2.90340856	2.90340856	8006090
2021-07-27	2.90340856	2.90340856	2.982954	2.92329492	7089381
2021-07-29	2.96306764	2.94318128	3.04261308	2.96306764	11218946
2021-07-30	3.00284036	2.90340856	3.0823858	2.94318128	12721885
2021-08-02	2.8835222	2.66477224	2.8835222	2.7840904	4436407
2021-08-03	2.74431768	2.74431768	2.86363584	2.7840904	1103771
2021-08-04	2.7840904	2.7840904	2.84374948	2.84374948	667593
2021-08-05	2.86363584	2.84374948	2.90340856	2.84374948	1549101
2021-08-06	2.8835222	2.84374948	2.8835222	2.8835222	1426203
2021-08-09	2.8835222	2.86363584	2.92329492	2.86363584	3310912
2021-08-10	2.8835222	2.86363584	2.94318128	2.92329492	2593033
2021-08-11	2.92329492	2.86363584	2.92329492	2.8835222	1786450
2021-08-13	2.8835222	2.8835222	2.982954	2.96306764	5416074
2021-08-16	3.00284036	2.86363584	3.06249944	2.92329492	13462192
2021-08-17	2.8835222	2.8835222	2.94318128	2.90340856	2288804
2021-08-18	2.94318128	2.90340856	2.982954	2.90340856	1651182
2021-08-19	2.90340856	2.90340856	2.94318128	2.94318128	1159789
2021-08-20	2.94318128	2.94318128	3.24147668	3.24147668	67246796
2021-08-23	3.30113576	3.14204488	3.30113576	3.22159032	24127794
2021-08-24	3.24147668	3.12215852	3.32102212	3.24147668	28564000
2021-08-25	3.20170396	3.14204488	3.22159032	3.20170396	9315530
2021-08-26	3.24147668	3.16193124	3.30113576	3.22159032	24480498
2021-08-27	3.24147668	2.7840904	3.24147668	2.94318128	15453205
2021-08-30	2.86363584	2.84374948	3.0823858	3.0823858	7483219
2021-08-31	3.02272672	2.94318128	3.02272672	2.94318128	2337783
2021-09-01	2.8835222	2.8835222	2.96306764	2.90340856	2114112
2021-09-02	2.94318128	2.8835222	2.982954	2.90340856	1266596
2021-09-03	2.90340856	2.90340856	2.982954	2.92329492	374628
2021-09-06	2.90340856	2.8835222	2.982954	2.90340856	1466834
2021-09-07	2.982954	2.92329492	2.982954	2.94318128	1340215
2021-09-08	2.94318128	2.8835222	2.94318128	2.92329492	2005897
2021-09-09	2.92329492	2.8835222	2.92329492	2.8835222	2000366
2021-09-10	2.8835222	2.84374948	2.92329492	2.92329492	1594660
2021-09-13	2.8835222	2.8835222	2.96306764	2.96306764	1669787
2021-09-14	2.96306764	2.94318128	3.02272672	2.96306764	5611886
2021-09-15	2.96306764	2.96306764	3.10227216	3.02272672	16014293
2021-09-16	3.06249944	2.982954	3.06249944	2.982954	1849911
2021-09-17	3.02272672	2.90340856	3.02272672	2.92329492	1107995
2021-09-20	2.92329492	2.8835222	2.94318128	2.8835222	920631
2021-09-21	2.86363584	2.80397676	2.8835222	2.84374948	2450423
2021-09-22	2.82386312	2.7840904	2.84374948	2.84374948	2289810
2021-09-23	2.86363584	2.80397676	2.8835222	2.80397676	1160091
2021-09-27	2.80397676	2.76420404	2.84374948	2.82386312	1832411
2021-09-28	2.82386312	2.80397676	2.84374948	2.84374948	258368
2021-09-29	2.84374948	2.7840904	2.86363584	2.86363584	740608
2021-09-30	2.84374948	2.76420404	2.84374948	2.82386312	663168
2021-10-01	2.76420404	2.76420404	2.82386312	2.82386312	286729
2021-10-04	2.86363584	2.76420404	2.86363584	2.7840904	929682
2021-10-05	2.76420404	2.74431768	2.84374948	2.76420404	672219
2021-10-06	2.76420404	2.76420404	2.82386312	2.80397676	242377
2021-10-07	2.76420404	2.76420404	2.84374948	2.84374948	1414637
2021-10-08	2.84374948	2.82386312	2.92329492	2.84374948	3601564
2021-10-11	2.8835222	2.86363584	2.94318128	2.8835222	2104658
2021-10-12	2.94318128	2.8835222	3.00284036	2.90340856	4856997
2021-10-14	2.92329492	2.92329492	3.06249944	2.92329492	1262071
2021-10-15	2.982954	2.90340856	2.982954	2.90340856	160512
2021-10-18	2.8835222	2.8835222	2.90340856	2.8835222	261184
2021-10-19	2.90340856	2.84374948	2.90340856	2.8835222	365979
2021-10-20	2.82386312	2.82386312	2.8835222	2.84374948	465444
2021-10-21	2.86363584	2.84374948	2.90340856	2.8835222	350089
2021-10-25	2.86363584	2.80397676	2.8835222	2.84374948	651501
2021-10-26	2.84374948	2.80397676	2.86363584	2.84374948	292160
2021-10-27	2.82386312	2.7840904	2.84374948	2.84374948	1285101
2021-10-28	2.84374948	2.76420404	2.84374948	2.84374948	787575
2021-10-29	2.84374948	2.76420404	2.84374948	2.80397676	283510
2021-11-01	2.80397676	2.74431768	2.80397676	2.76420404	420288
2021-11-02	2.76420404	2.70454496	2.7840904	2.74431768	343350
2021-11-03	2.72443132	2.6846586	2.76420404	2.70454496	1263981
2021-11-04	2.70454496	2.70454496	2.82386312	2.82386312	1222747
2021-11-05	2.84374948	2.80397676	2.90340856	2.84374948	3621074
2021-11-08	2.82386312	2.80397676	2.8835222	2.86363584	1471863
2021-11-09	2.90340856	2.84374948	2.982954	2.86363584	3649838
2021-11-10	2.8835222	2.80397676	2.8835222	2.84374948	494308
2021-11-11	2.82386312	2.82386312	2.84374948	2.82386312	246098
2021-11-12	2.90340856	2.8835222	2.96306764	2.92329492	5282012
2021-11-15	2.94318128	2.82386312	2.94318128	2.84374948	8318163
2021-11-16	2.84374948	2.7840904	2.86363584	2.86363584	1267401
2021-11-17	2.82386312	2.76420404	2.86363584	2.7840904	787776
2021-11-18	2.7840904	2.76420404	2.82386312	2.7840904	1122377
2021-11-19	2.7840904	2.70454496	2.80397676	2.7840904	1440987
2021-11-22	2.7840904	2.64488588	2.7840904	2.6846586	3832073
2021-11-23	2.70454496	2.64488588	2.72443132	2.66477224	1555538
2021-11-24	2.6846586	2.62499952	2.6846586	2.64488588	2514990
2021-11-25	2.64488588	2.5852268	2.64488588	2.60511316	2654482
2021-11-26	2.62499952	2.56534044	2.64488588	2.60511316	1508973
2021-11-29	2.5852268	2.52556772	2.60511316	2.5852268	1357915
2021-11-30	2.62499952	2.52556772	2.62499952	2.60511316	3523420
2021-12-01	2.60511316	2.56534044	2.62499952	2.60511316	1378935
2021-12-02	2.60511316	2.56534044	2.60511316	2.60511316	214217
2021-12-03	2.56534044	2.52556772	2.60511316	2.5852268	1914578
2021-12-07	2.56534044	2.46590864	2.5852268	2.50568136	3413093
2021-12-08	2.52556772	2.485795	2.5852268	2.56534044	2206738
2021-12-09	2.54545408	2.46590864	2.54545408	2.50568136	4171200
2021-12-13	2.485795	2.40624956	2.50568136	2.46590864	3952558
2021-12-14	2.46590864	2.42613592	2.485795	2.485795	601819
2021-12-15	2.50568136	2.46590864	2.52556772	2.485795	1609344
2021-12-16	2.485795	2.44602228	2.50568136	2.46590864	1863991
2021-12-17	2.485795	2.44602228	2.485795	2.485795	644361
2021-12-20	2.485795	2.42613592	2.485795	2.42613592	1295863
2021-12-21	2.42613592	2.42613592	2.46590864	2.44602228	352704
2021-12-22	2.46590864	2.46590864	2.54545408	2.46590864	1984576
2021-12-23	2.485795	2.40624956	2.50568136	2.46590864	1650478
2021-12-24	2.46590864	2.44602228	2.46590864	2.44602228	253238
2021-12-27	2.44602228	2.36647684	2.50568136	2.50568136	2459877
2021-12-28	2.485795	2.44602228	2.50568136	2.485795	464338
2021-12-29	2.485795	2.44602228	2.56534044	2.56534044	808292
2021-12-30	2.54545408	2.46590864	2.60511316	2.60511316	1541357
2022-01-04	2.60511316	2.50568136	2.60511316	2.54545408	586532
2022-01-05	2.56534044	2.50568136	2.56534044	2.52556772	475702
2022-01-06	2.50568136	2.46590864	2.52556772	2.485795	878592
2022-01-07	2.485795	2.485795	2.50568136	2.485795	651401
2022-01-10	2.485795	2.46590864	2.52556772	2.50568136	437888
2022-01-11	2.485795	2.46590864	2.54545408	2.54545408	548918
2022-01-12	2.54545408	2.52556772	2.5852268	2.52556772	375030
2022-01-13	2.52556772	2.485795	2.54545408	2.52556772	213814
2022-01-14	2.50568136	2.485795	2.56534044	2.56534044	995456
2022-01-17	2.56534044	2.50568136	2.5852268	2.5852268	484955
2022-01-18	2.5852268	2.485795	2.62499952	2.485795	3199580
2022-01-19	2.52556772	2.485795	2.56534044	2.485795	1207661
2022-01-20	2.52556772	2.485795	2.54545408	2.485795	486262
2022-01-21	2.46590864	2.44602228	2.50568136	2.50568136	648786
2022-01-24	2.46590864	2.42613592	2.50568136	2.46590864	520054
2022-01-25	2.42613592	2.3863632	2.46590864	2.46590864	405705
2022-01-26	2.46590864	2.42613592	2.46590864	2.44602228	225179
2022-01-27	2.46590864	2.36647684	2.46590864	2.3863632	1846994
2022-01-28	2.485795	2.3863632	2.52556772	2.485795	2634871
2022-01-31	2.50568136	2.50568136	2.62499952	2.5852268	5361162
2022-02-01	2.64488588	2.5852268	2.64488588	2.60511316	4723740
2022-02-02	2.6846586	2.60511316	2.72443132	2.66477224	6920824
2022-02-03	2.72443132	2.66477224	2.74431768	2.6846586	5660563
2022-02-04	2.66477224	2.60511316	2.66477224	2.66477224	1191469
2022-02-07	2.6846586	2.5852268	2.6846586	2.64488588	496822
2022-02-08	2.62499952	2.60511316	2.66477224	2.66477224	204763
2022-02-09	2.66477224	2.60511316	2.66477224	2.60511316	215926
2022-02-10	2.5852268	2.5852268	2.64488588	2.64488588	594880
2022-02-11	2.64488588	2.56534044	2.64488588	2.5852268	774500
2022-02-14	2.60511316	2.485795	2.60511316	2.5852268	1044233
2022-02-15	2.54545408	2.52556772	2.64488588	2.62499952	922843
2022-02-17	2.64488588	2.5852268	2.64488588	2.62499952	359643
2022-02-18	2.62499952	2.5852268	2.64488588	2.64488588	571145
2022-02-21	2.64488588	2.56534044	2.66477224	2.62499952	565513
2022-02-22	2.60511316	2.54545408	2.60511316	2.60511316	351094
2022-02-23	2.60511316	2.60511316	2.74431768	2.74431768	9276810
2022-02-24	2.74431768	2.50568136	2.76420404	2.56534044	11530818
2022-02-25	2.5852268	2.5852268	2.66477224	2.60511316	2882679
2022-02-28	2.66477224	2.5852268	2.66477224	2.60511316	485860
2022-03-01	2.56534044	2.56534044	2.62499952	2.62499952	656932
2022-03-02	2.5852268	2.56534044	2.60511316	2.5852268	248009
2022-03-03	2.56534044	2.54545408	2.5852268	2.5852268	468461
2022-03-04	2.56534044	2.52556772	2.5852268	2.56534044	3902674
2022-03-07	2.50568136	2.46590864	2.5852268	2.56534044	2303387
2022-03-08	2.56534044	2.36647684	2.56534044	2.52556772	2753042
2022-03-09	2.485795	2.46590864	2.5852268	2.56534044	1691108
2022-03-10	2.50568136	2.50568136	2.72443132	2.64488588	7381340
2022-03-11	2.64488588	2.60511316	2.66477224	2.64488588	1016978
2022-03-14	2.62499952	2.62499952	2.7840904	2.70454496	12161401
2022-03-15	2.70454496	2.56534044	2.74431768	2.60511316	7121866
2022-03-16	2.62499952	2.60511316	2.66477224	2.60511316	1935899
2022-03-17	2.62499952	2.5852268	2.64488588	2.62499952	2362021
2022-03-18	2.64488588	2.60511316	2.72443132	2.6846586	5275676
2022-03-21	2.6846586	2.64488588	2.70454496	2.64488588	4396078
2022-03-22	2.66477224	2.56534044	2.66477224	2.64488588	1601399
2022-03-23	2.66477224	2.60511316	2.74431768	2.74431768	5866634
2022-03-24	2.74431768	2.66477224	2.76420404	2.66477224	3742967
2022-03-25	2.66477224	2.56534044	2.66477224	2.66477224	2569499
2022-03-28	2.66477224	2.62499952	2.66477224	2.64488588	333796
2022-03-29	2.62499952	2.62499952	2.6846586	2.66477224	1045440
2022-03-30	2.66477224	2.62499952	2.66477224	2.66477224	493001
2022-03-31	2.66477224	2.60511316	2.66477224	2.66477224	622336
2022-04-01	2.62499952	2.62499952	2.72443132	2.66477224	5153079
2022-04-04	2.64488588	2.62499952	2.66477224	2.66477224	439396
2022-04-05	2.64488588	2.64488588	2.6846586	2.64488588	1152548
2022-04-07	2.64488588	2.5852268	2.64488588	2.5852268	413147
2022-04-08	2.62499952	2.52556772	2.62499952	2.52556772	1091401
2022-04-11	2.50568136	2.50568136	2.60511316	2.54545408	453275
2022-04-12	2.5852268	2.52556772	2.5852268	2.56534044	285723
2022-04-18	2.60511316	2.56534044	2.64488588	2.64488588	292361
2022-04-19	2.62499952	2.5852268	2.62499952	2.62499952	306843
2022-04-20	2.66477224	2.56534044	2.66477224	2.60511316	998775
2022-04-21	2.5852268	2.50568136	2.60511316	2.5852268	976850
2022-04-22	2.56534044	2.56534044	2.5852268	2.5852268	79954
2022-04-25	2.54545408	2.54545408	2.56534044	2.54545408	188772
2022-04-26	2.50568136	2.50568136	2.54545408	2.54545408	133961
2022-04-27	2.54545408	2.485795	2.54545408	2.485795	280091
2022-04-28	2.50568136	2.44602228	2.54545408	2.52556772	638528
2022-04-29	2.52556772	2.485795	2.54545408	2.485795	816036
2022-05-03	2.485795	2.46590864	2.54545408	2.46590864	268626
2022-05-05	2.46590864	2.40624956	2.54545408	2.52556772	749156
2022-05-06	2.42613592	2.42613592	2.52556772	2.50568136	126116
2022-05-09	2.52556772	2.32670412	2.52556772	2.52556772	538459
2022-05-10	2.52556772	2.44602228	2.52556772	2.44602228	209490
2022-05-11	2.44602228	2.40624956	2.46590864	2.46590864	94939
2022-05-12	2.42613592	2.3863632	2.46590864	2.44602228	380260
2022-05-13	2.50568136	2.40624956	2.50568136	2.485795	380461
2022-05-17	2.44602228	2.44602228	2.50568136	2.50568136	251328
2022-05-18	2.50568136	2.46590864	2.52556772	2.52556772	153170
2022-05-19	2.485795	2.44602228	2.50568136	2.44602228	101878
2022-05-20	2.485795	2.42613592	2.485795	2.44602228	986807
2022-05-23	2.485795	2.42613592	2.485795	2.485795	273252
2022-05-24	2.485795	2.46590864	2.52556772	2.50568136	1426505
2022-05-25	2.52556772	2.50568136	2.60511316	2.60511316	4152092
2022-05-26	2.64488588	2.54545408	2.66477224	2.5852268	4593600
2022-05-27	2.60511316	2.485795	2.60511316	2.60511316	2727698
2022-05-30	2.64488588	2.62499952	2.6846586	2.66477224	6762323
2022-05-31	2.66477224	2.60511316	2.6846586	2.66477224	3127772
2022-06-01	2.64488588	2.5852268	2.66477224	2.62499952	535241
2022-06-02	2.66477224	2.5852268	2.66477224	2.64488588	256356
2022-06-06	2.62499952	2.56534044	2.62499952	2.56534044	564105
2022-06-07	2.5852268	2.52556772	2.5852268	2.54545408	244288
2022-06-08	2.54545408	2.52556772	2.5852268	2.54545408	651099
2022-06-09	2.56534044	2.52556772	2.56534044	2.54545408	139995
2022-06-10	2.56534044	2.52556772	2.5852268	2.5852268	134061
2022-06-13	2.56534044	2.42613592	2.5852268	2.50568136	1405988
2022-06-14	2.46590864	2.46590864	2.5852268	2.50568136	56621
2022-06-15	2.46590864	2.40624956	2.485795	2.46590864	763739
2022-06-16	2.52556772	2.30681776	2.52556772	2.36647684	1727716
2022-06-17	2.32670412	2.32670412	2.40624956	2.40624956	110226
2022-06-20	2.34659048	2.34659048	2.40624956	2.3863632	215625
2022-06-21	2.3863632	2.3863632	2.42613592	2.42613592	54107
2022-06-22	2.42613592	2.34659048	2.42613592	2.42613592	305636
2022-06-23	2.42613592	2.30681776	2.42613592	2.42613592	715867
2022-06-24	2.40624956	2.36647684	2.42613592	2.42613592	438491
2022-06-27	2.42613592	2.3863632	2.44602228	2.44602228	128832
2022-06-28	2.44602228	2.40624956	2.44602228	2.42613592	28763
2022-06-29	2.42613592	2.36647684	2.42613592	2.40624956	350692
2022-06-30	2.3863632	2.36647684	2.42613592	2.40624956	238153
2022-07-01	2.40624956	2.36647684	2.42613592	2.42613592	157092
2022-07-04	2.36647684	2.36647684	2.50568136	2.3863632	243081
2022-07-05	2.3863632	2.34659048	2.3863632	2.36647684	249819
2022-07-06	2.36647684	2.26704504	2.36647684	2.34659048	324946
2022-07-07	2.32670412	2.32670412	2.54545408	2.42613592	714459
2022-07-08	2.44602228	2.3863632	2.44602228	2.40624956	31277
2022-07-11	2.42613592	2.3863632	2.42613592	2.3863632	79954
2022-07-12	2.42613592	2.3863632	2.42613592	2.40624956	10560
2022-07-14	2.40624956	2.34659048	2.40624956	2.3863632	115355
2022-07-15	2.3863632	2.34659048	2.3863632	2.36647684	242880
2022-07-18	2.36647684	2.32670412	2.36647684	2.36647684	146230
2022-07-19	2.36647684	2.30681776	2.36647684	2.32670412	238555
2022-07-20	2.2869314	2.2869314	2.54545408	2.34659048	1674816
2022-07-21	2.36647684	2.32670412	2.3863632	2.34659048	216731
2022-07-22	2.36647684	2.32670412	2.40624956	2.32670412	539163
2022-07-25	2.3863632	2.32670412	2.3863632	2.32670412	207981
2022-07-26	2.32670412	2.32670412	2.36647684	2.32670412	85988
2022-07-27	2.32670412	2.30681776	2.36647684	2.34659048	120182
2022-08-01	2.32670412	2.32670412	2.44602228	2.44602228	1731337
2022-08-02	2.44602228	2.42613592	2.52556772	2.50568136	3708270
2022-08-03	2.50568136	2.42613592	2.56534044	2.54545408	1999360
2022-08-04	2.56534044	2.50568136	2.60511316	2.54545408	4356956
2022-08-05	2.50568136	2.50568136	2.60511316	2.60511316	2431415
2022-08-08	2.62499952	2.54545408	2.62499952	2.60511316	854555
2022-08-09	2.62499952	2.56534044	2.64488588	2.62499952	3238199
2022-08-10	2.62499952	2.56534044	2.64488588	2.64488588	1772370
2022-08-11	2.60511316	2.5852268	2.62499952	2.60511316	1883401
2022-08-15	2.52556772	2.485795	2.64488588	2.60511316	745334
2022-08-16	2.5852268	2.50568136	2.5852268	2.54545408	405101
2022-08-17	2.52556772	2.52556772	2.60511316	2.5852268	1881792
2022-08-18	2.52556772	2.52556772	2.60511316	2.60511316	52699
2022-08-19	2.56534044	2.54545408	2.5852268	2.5852268	1358720
2022-08-22	2.56534044	2.52556772	2.5852268	2.52556772	150555
2022-08-23	2.54545408	2.50568136	2.60511316	2.60511316	230610
2022-08-24	2.62499952	2.50568136	2.62499952	2.5852268	2134226
2022-08-25	2.5852268	2.56534044	2.62499952	2.62499952	2349349
2022-08-26	2.60511316	2.54545408	2.62499952	2.62499952	2495982
2022-08-29	2.56534044	2.56534044	2.70454496	2.56534044	3334848
2022-08-30	2.60511316	2.56534044	2.66477224	2.64488588	4646803
2022-08-31	2.62499952	2.56534044	2.66477224	2.60511316	3071854
2022-09-01	2.5852268	2.52556772	2.60511316	2.56534044	3879644
2022-09-02	2.56534044	2.52556772	2.5852268	2.56534044	689316
2022-09-05	2.56534044	2.52556772	2.56534044	2.54545408	415460
2022-09-06	2.56534044	2.54545408	2.62499952	2.60511316	1639314
2022-09-07	2.62499952	2.56534044	2.62499952	2.60511316	1778304
2022-09-08	2.60511316	2.56534044	2.6846586	2.6846586	5519964
2022-09-09	2.6846586	2.64488588	2.74431768	2.72443132	6076929
2022-09-12	2.72443132	2.62499952	2.72443132	2.64488588	2593637
2022-09-13	2.64488588	2.56534044	2.66477224	2.64488588	1708608
2022-09-14	2.5852268	2.56534044	2.60511316	2.5852268	313682
2022-09-15	2.5852268	2.52556772	2.60511316	2.5852268	2107876
2022-09-16	2.5852268	2.54545408	2.60511316	2.54545408	235840
2022-09-19	2.52556772	2.485795	2.52556772	2.50568136	767460
2022-09-20	2.485795	2.485795	2.70454496	2.62499952	7021395
2022-09-21	2.64488588	2.56534044	2.64488588	2.56534044	346267
2022-09-22	2.56534044	2.54545408	2.64488588	2.64488588	385792
2022-09-23	2.64488588	2.56534044	2.64488588	2.62499952	420589
2022-09-26	2.5852268	2.54545408	2.60511316	2.5852268	595081
2022-09-27	2.56534044	2.54545408	2.60511316	2.56534044	530514
2022-09-28	2.56534044	2.52556772	2.56534044	2.52556772	253037
2022-09-29	2.52556772	2.50568136	2.62499952	2.50568136	3994496
2022-09-30	2.485795	2.485795	2.5852268	2.5852268	1523556
2022-10-03	2.5852268	2.44602228	2.5852268	2.56534044	1331767
2022-10-04	2.54545408	2.52556772	2.60511316	2.54545408	1196297
2022-10-05	2.54545408	2.50568136	2.56534044	2.52556772	105499
2022-10-06	2.54545408	2.50568136	2.54545408	2.50568136	104393
2022-10-07	2.50568136	2.50568136	2.54545408	2.50568136	144219
2022-10-10	2.52556772	2.485795	2.52556772	2.52556772	38720
2022-10-11	2.54545408	2.50568136	2.62499952	2.54545408	1058413
2022-10-12	2.54545408	2.50568136	2.56534044	2.52556772	176301
2022-10-17	2.52556772	2.485795	2.52556772	2.52556772	124406
2022-10-18	2.54545408	2.50568136	2.56534044	2.52556772	314285
2022-10-19	2.52556772	2.485795	2.52556772	2.485795	138084
2022-10-20	2.50568136	2.46590864	2.50568136	2.50568136	170669
2022-10-21	2.50568136	2.46590864	2.50568136	2.46590864	68388
2022-10-25	2.46590864	2.46590864	2.50568136	2.485795	140498
2022-10-26	2.46590864	2.46590864	2.485795	2.46590864	38116
2022-10-27	2.46590864	2.46590864	2.485795	2.46590864	111533
2022-10-28	2.46590864	2.46590864	2.50568136	2.50568136	75227
2022-10-31	2.485795	2.46590864	2.50568136	2.46590864	194404
2022-11-01	2.485795	2.3863632	2.485795	2.485795	1956718
2022-11-02	2.485795	2.42613592	2.485795	2.42613592	1113728
2022-11-03	2.42613592	2.40624956	2.46590864	2.44602228	156589
2022-11-04	2.44602228	2.42613592	2.44602228	2.42613592	148242
2022-11-07	2.40624956	2.40624956	2.46590864	2.44602228	542582
2022-11-08	2.42613592	2.40624956	2.485795	2.44602228	2272612
2022-11-09	2.46590864	2.42613592	2.485795	2.44602228	1419968
2022-11-10	2.42613592	2.42613592	2.56534044	2.485795	2801115
2022-11-11	2.485795	2.42613592	2.485795	2.485795	1755675
2022-11-14	2.44602228	2.44602228	2.50568136	2.50568136	702893
2022-11-15	2.485795	2.42613592	2.485795	2.46590864	1898990
2022-11-16	2.485795	2.44602228	2.485795	2.485795	1451849
2022-11-17	2.42613592	2.36647684	2.42613592	2.40624956	1112923
2022-11-18	2.3863632	2.3863632	2.42613592	2.40624956	336914
2022-11-21	2.3863632	2.3863632	2.42613592	2.42613592	248512
2022-11-22	2.40624956	2.36647684	2.44602228	2.44602228	426624
2022-11-23	2.42613592	2.36647684	2.44602228	2.44602228	1556544
2022-11-24	2.42613592	2.40624956	2.44602228	2.44602228	134866
2022-11-25	2.44602228	2.40624956	2.44602228	2.44602228	384685
2022-11-28	2.44602228	2.40624956	2.44602228	2.42613592	112841
2022-11-29	2.40624956	2.36647684	2.44602228	2.44602228	243181
2022-11-30	2.44602228	2.3863632	2.44602228	2.42613592	408521
2022-12-01	2.3863632	2.3863632	2.42613592	2.40624956	43245
2022-12-02	2.42613592	2.3863632	2.42613592	2.3863632	189074
2022-12-06	2.36647684	2.36647684	2.46590864	2.40624956	792905
2022-12-07	2.42613592	2.40624956	2.44602228	2.40624956	129334
2022-12-08	2.42613592	2.36647684	2.42613592	2.3863632	526390
2022-12-09	2.36647684	2.36647684	2.40624956	2.40624956	63762
2022-12-13	2.40624956	2.36647684	2.40624956	2.3863632	509796
2022-12-14	2.3863632	2.36647684	2.40624956	2.36647684	586230
2022-12-15	2.36647684	2.34659048	2.36647684	2.36647684	295177
2022-12-16	2.36647684	2.36647684	2.3863632	2.36647684	31579
2022-12-19	2.36647684	2.30681776	2.3863632	2.30681776	516132
2022-12-20	2.34659048	2.30681776	2.34659048	2.32670412	182436
2022-12-21	2.34659048	2.32670412	2.36647684	2.34659048	7341
2022-12-22	2.34659048	2.30681776	2.3863632	2.32670412	539062
2022-12-23	2.32670412	2.30681776	2.34659048	2.34659048	372516
2022-12-26	2.32670412	2.30681776	2.34659048	2.30681776	185252
2022-12-27	2.34659048	2.2869314	2.36647684	2.30681776	564205
2022-12-28	2.30681776	2.2869314	2.34659048	2.34659048	109321
2022-12-29	2.32670412	2.32670412	2.34659048	2.34659048	75830
2022-12-30	2.32670412	2.32670412	2.3863632	2.3863632	431451
