Date	Price Open	Price Low	Price High	Price Close	Volume
2020-11-05	3.68	3.46	3.74	3.5	188105400
2020-11-06	3.54	3.46	3.58	3.48	42971500
2020-11-09	3.52	3.5	3.8	3.74	94577400
2020-11-10	3.7	3.6	3.84	3.66	60986600
2020-11-11	3.7	3.64	3.74	3.72	19661300
2020-11-12	3.72	3.7	3.98	3.9	63657200
2020-11-13	3.92	3.88	4.1	4.04	58379700
2020-11-16	4.1	4.1	4.82	4.78	106349300
2020-11-17	4.82	4.44	4.82	4.56	65351800
2020-11-18	4.7	4.66	5.15	4.96	120238900
2020-11-19	5.05	5.0	5.7	5.5	88649100
2020-11-20	5.65	5.3	5.95	5.5	77487100
2020-11-23	5.7	5.55	5.75	5.65	24548500
2020-11-24	5.75	5.45	5.9	5.45	56311700
2020-11-25	5.6	5.55	5.75	5.75	28076200
2020-11-26	5.85	5.85	6.15	6.05	71559600
2020-11-27	6.15	5.95	6.15	6.0	26123200
2020-11-30	6.05	5.95	6.1	5.95	9306100
2020-12-01	6.0	5.85	6.05	5.85	8373500
2020-12-02	5.85	5.85	6.15	6.0	37751500
2020-12-03	6.0	5.9	6.05	6.0	11097400
2020-12-04	6.05	5.95	6.2	6.0	33345600
2020-12-08	5.95	5.85	6.0	5.85	11980300
2020-12-09	5.9	5.6	5.95	5.65	13487100
2020-12-14	5.65	5.6	5.8	5.75	4805800
2020-12-15	5.65	5.6	5.7	5.6	3638400
2020-12-16	5.6	5.6	5.75	5.6	6211500
2020-12-17	5.65	5.65	6.05	5.95	27411400
2020-12-18	6.0	5.8	6.0	5.8	13257500
2020-12-21	5.45	5.4	5.8	5.5	9887800
2020-12-22	5.5	5.45	5.75	5.7	4709600
2020-12-23	5.85	5.75	6.25	5.8	46157800
2020-12-24	5.85	5.75	5.9	5.8	9004800
2020-12-25	5.85	5.75	5.9	5.75	5475100
2020-12-28	5.8	5.55	5.85	5.55	5984100
2020-12-29	5.6	5.6	5.9	5.8	7382700
2020-12-30	5.95	5.75	6.0	5.85	16119200
2021-01-04	5.8	5.75	6.45	6.15	81611800
2021-01-05	6.2	6.15	6.35	6.15	22578600
2021-01-06	6.2	6.0	6.2	6.05	13247800
2021-01-07	6.15	6.1	6.25	6.15	12924100
2021-01-08	6.2	6.05	6.2	6.15	14384300
2021-01-11	6.15	6.1	6.4	6.3	27960300
2021-01-12	6.35	6.35	6.7	6.5	31137800
2021-01-13	6.55	6.4	6.6	6.45	11175000
2021-01-14	6.4	6.25	6.45	6.3	8913800
2021-01-15	6.25	6.25	6.45	6.4	10939100
2021-01-18	6.2	6.15	6.4	6.35	3475400
2021-01-19	6.4	6.3	6.4	6.4	2309100
2021-01-20	6.4	6.35	6.6	6.5	10642400
2021-01-21	6.5	6.4	6.55	6.45	3216800
2021-01-22	6.45	6.35	6.5	6.4	3874900
2021-01-25	6.4	6.35	6.5	6.5	4098900
2021-01-26	6.5	6.4	6.55	6.5	4438500
2021-01-27	6.5	6.45	6.55	6.45	2889000
2021-01-28	6.4	6.35	6.45	6.4	3797800
2021-01-29	6.4	5.9	6.4	6.2	7051900
2021-02-01	6.1	6.05	6.2	6.2	1479300
2021-02-02	6.25	6.2	6.4	6.25	3036700
2021-02-03	6.25	6.15	6.3	6.15	2215400
2021-02-04	6.2	6.15	6.3	6.2	924000
2021-02-05	6.2	6.2	6.35	6.35	3261500
2021-02-08	6.35	6.35	6.5	6.45	3048900
2021-02-09	6.5	6.35	6.5	6.4	2395200
2021-02-10	6.4	6.35	6.45	6.4	1090100
2021-02-11	6.35	6.2	6.4	6.35	2826100
2021-02-15	6.3	6.15	6.35	6.2	3065500
2021-02-16	6.2	6.15	6.3	6.25	1506800
2021-02-17	6.25	6.2	6.3	6.2	1627300
2021-02-18	6.2	6.2	6.4	6.4	2780800
2021-02-19	6.35	6.3	6.4	6.35	1789100
2021-02-22	6.35	6.15	6.4	6.2	3220200
2021-02-23	6.2	6.2	6.4	6.35	2597100
2021-02-24	6.4	6.35	6.9	6.9	35947600
2021-02-25	7.0	6.75	7.05	6.85	10377900
2021-03-01	6.8	5.05	6.8	6.2	21053000
2021-03-02	6.25	6.15	6.35	6.25	10542700
2021-03-03	6.3	6.2	6.3	6.2	5976600
2021-03-04	6.25	6.2	6.45	6.35	8761300
2021-03-05	6.3	6.2	6.35	6.25	4784100
2021-03-08	6.3	5.95	6.4	6.0	6676900
2021-03-09	6.1	6.1	6.3	6.2	4648000
2021-03-10	6.3	6.25	6.4	6.25	6827800
2021-03-11	6.3	6.15	6.3	6.15	3405000
2021-03-12	6.15	6.15	6.25	6.2	1848100
2021-03-15	6.25	6.1	6.35	6.15	4047700
2021-03-16	6.2	6.15	6.35	6.35	5790100
2021-03-17	6.5	6.45	6.75	6.65	54985000
2021-03-18	6.65	6.5	6.65	6.55	10498000
2021-03-19	6.55	6.3	6.55	6.4	7824300
2021-03-22	6.4	6.25	6.6	6.45	8693600
2021-03-23	6.55	6.45	6.7	6.55	14397100
2021-03-24	6.5	6.45	6.55	6.45	3728800
2021-03-25	6.5	6.4	6.6	6.4	6100100
2021-03-26	6.45	6.3	6.5	6.4	4715700
2021-03-29	6.5	6.35	6.6	6.35	6718500
2021-03-30	6.4	6.3	6.4	6.35	3108100
2021-03-31	6.35	6.3	6.5	6.45	5250400
2021-04-01	6.45	6.35	6.55	6.35	3896300
2021-04-02	6.4	6.35	6.4	6.35	2461300
2021-04-05	6.4	6.25	6.4	6.35	2441100
2021-04-07	6.3	6.2	6.3	6.2	2582500
2021-04-08	6.25	6.2	6.3	6.2	1568600
2021-04-09	6.35	6.3	6.45	6.35	5666200
2021-04-12	6.3	6.15	6.35	6.15	2743900
2021-04-16	6.1	5.9	6.15	6.1	3302300
2021-04-19	6.15	6.15	6.3	6.2	1678000
2021-04-20	6.25	6.2	6.55	6.4	16935600
2021-04-21	6.4	6.4	6.85	6.8	55345600
2021-04-22	6.95	6.65	7.3	6.65	73160000
2021-04-23	6.55	6.5	6.75	6.6	7634500
2021-04-26	6.65	6.6	6.9	6.9	9784300
2021-04-27	6.95	6.75	6.95	6.75	8229800
2021-04-28	6.8	6.8	7.1	7.05	21436100
2021-04-29	7.1	7.1	7.3	7.15	22360800
2021-04-30	7.2	7.1	7.45	7.15	23623100
2021-05-05	7.0	6.85	7.15	6.9	6550300
2021-05-06	7.05	6.9	7.1	7.05	2368900
2021-05-07	7.1	7.05	7.45	7.4	12508400
2021-05-10	7.45	7.35	7.85	7.8	11950800
2021-05-11	7.7	7.6	8.2	7.9	17097600
2021-05-12	8.05	8.0	8.35	8.2	14315600
2021-05-13	8.1	7.3	8.3	8.15	18295700
2021-05-14	8.25	7.9	8.25	8.2	10413200
2021-05-17	8.1	7.85	8.25	7.95	4399700
2021-05-18	7.9	7.9	8.15	8.0	4806500
2021-05-19	8.0	7.95	8.1	8.05	5165500
2021-05-20	8.05	8.0	8.4	8.15	11569600
2021-05-21	8.2	8.15	8.6	8.4	16763900
2021-05-24	8.45	8.15	8.55	8.4	3852500
2021-05-25	8.3	8.2	8.5	8.35	4208400
2021-05-27	8.35	8.25	8.4	8.35	2406500
2021-05-28	8.4	8.35	8.8	8.8	13090400
2021-05-31	8.8	8.8	9.95	9.85	22312600
2021-06-01	9.85	9.4	10.4	9.7	18504700
2021-06-02	9.65	9.6	9.95	9.8	7371700
2021-06-04	9.8	9.75	9.9	9.9	3991700
2021-06-07	10.0	9.9	10.2	9.95	5216400
2021-06-08	9.95	9.85	10.0	9.9	2235800
2021-06-09	9.9	9.9	10.4	10.4	8780200
2021-06-10	10.3	10.1	10.6	10.5	7862700
2021-06-11	10.5	10.3	10.8	10.5	4388500
2021-06-14	10.7	10.4	10.8	10.5	6032300
2021-06-15	10.6	10.1	10.6	10.3	4651100
2021-06-16	10.3	10.2	10.5	10.3	2457400
2021-06-17	10.4	10.0	10.4	10.0	4946200
2021-06-18	10.0	9.9	10.1	9.9	4685200
2021-06-21	9.6	9.45	10.0	9.9	3861400
2021-06-22	9.95	9.9	10.2	9.9	2285400
2021-06-23	9.9	9.6	9.95	9.75	3639300
2021-06-24	9.75	9.5	9.85	9.85	3737400
2021-06-25	9.9	9.65	9.95	9.7	1602600
2021-06-28	9.5	9.5	9.85	9.85	2222400
2021-06-29	9.85	9.85	10.2	10.1	3963000
2021-06-30	10.1	10.1	10.8	10.5	21867000
2021-07-01	10.6	10.2	10.7	10.3	7439700
2021-07-02	10.2	10.0	10.4	10.2	3646000
2021-07-05	10.2	10.0	10.4	10.0	2630900
2021-07-06	10.0	10.0	10.3	10.1	2666100
2021-07-07	10.1	9.95	10.4	10.1	9058100
2021-07-08	9.95	9.7	10.1	9.9	7021200
2021-07-09	9.9	9.8	10.2	10.2	5040800
2021-07-12	10.2	10.2	11.4	11.4	58124600
2021-07-13	11.3	10.9	11.3	11.1	11062600
2021-07-14	11.1	11.1	11.7	11.2	23240700
2021-07-15	11.3	11.1	11.4	11.3	3885200
2021-07-16	11.3	11.2	11.6	11.2	6894500
2021-07-19	11.0	10.5	11.2	11.1	4290500
2021-07-20	11.1	10.6	11.1	10.8	3692100
2021-07-21	10.8	10.5	10.9	10.6	3306100
2021-07-22	10.9	10.7	11.1	11.0	2549400
2021-07-23	11.1	10.8	11.2	11.0	2573200
2021-07-27	10.9	10.6	11.0	10.7	2959900
2021-07-29	10.7	10.7	11.4	11.3	8010300
2021-07-30	11.3	10.9	11.3	11.0	2297400
2021-08-02	10.8	10.5	11.8	11.8	19619800
2021-08-03	11.7	11.6	12.1	12.1	13438300
2021-08-04	12.1	11.9	12.6	12.5	15965400
2021-08-05	12.6	12.1	12.6	12.4	3667900
2021-08-06	12.4	11.5	12.5	12.3	9988000
2021-08-09	12.3	12.0	12.3	12.3	1531900
2021-08-10	12.2	12.2	12.4	12.3	2476800
2021-08-11	12.3	11.9	12.6	12.2	6378200
2021-08-13	12.2	11.3	12.3	11.5	11264000
2021-08-16	11.5	10.7	11.5	10.8	8976800
2021-08-17	11.1	10.9	11.4	11.4	5126400
2021-08-18	11.4	11.4	11.7	11.6	3932500
2021-08-19	11.5	11.5	12.1	11.9	6278500
2021-08-20	11.9	11.5	12.2	11.9	5263600
2021-08-23	11.9	11.7	12.2	11.9	4540300
2021-08-24	11.8	11.7	12.1	11.8	2451900
2021-08-25	11.7	11.7	11.9	11.9	1092300
2021-08-26	12.0	12.0	12.4	12.4	10374900
2021-08-27	12.4	12.3	12.6	12.3	10791900
2021-08-30	12.4	12.0	12.5	12.4	5868900
2021-08-31	12.4	12.0	12.4	12.0	7345400
2021-09-01	12.2	12.0	12.3	12.1	3051900
2021-09-02	12.0	11.9	12.1	11.9	2383300
2021-09-03	11.9	11.9	12.1	12.0	1383500
2021-09-06	11.9	11.9	12.0	12.0	1197100
2021-09-07	12.0	11.8	12.0	11.8	2111200
2021-09-08	11.8	11.5	11.8	11.5	4628500
2021-09-09	11.6	11.5	11.7	11.5	1945900
2021-09-10	11.7	11.5	11.7	11.6	827700
2021-09-13	11.7	11.6	12.2	12.1	4462300
2021-09-14	12.0	12.0	12.4	12.2	8183200
2021-09-15	12.3	12.1	12.3	12.1	1074100
2021-09-16	12.1	11.9	12.1	12.0	1861200
2021-09-17	12.0	11.9	12.2	12.0	1113500
2021-09-20	12.0	11.7	12.6	11.7	19397300
2021-09-21	11.8	11.5	12.0	11.9	4963000
2021-09-22	11.8	11.8	12.0	11.9	986400
2021-09-23	11.9	11.7	11.9	11.8	1944800
2021-09-27	11.8	11.7	12.0	11.7	5938500
2021-09-28	11.6	11.5	11.7	11.6	2296600
2021-09-29	11.6	11.6	11.7	11.7	701400
2021-09-30	11.6	11.5	11.6	11.5	2414200
2021-10-01	11.5	11.5	11.6	11.5	1821600
2021-10-04	11.6	11.5	11.8	11.6	1237700
2021-10-05	11.5	11.4	11.6	11.4	1938900
2021-10-06	11.3	11.0	11.4	11.3	3354200
2021-10-07	11.3	11.3	11.6	11.6	1366400
2021-10-08	11.6	11.6	11.9	11.8	2389400
2021-10-11	11.8	11.7	12.0	11.8	1506500
2021-10-12	11.8	11.5	11.8	11.7	1179300
2021-10-14	11.7	11.6	11.7	11.6	497500
2021-10-15	11.7	11.4	11.7	11.5	1071900
2021-10-18	11.4	11.2	11.5	11.2	2753200
2021-10-19	11.3	11.1	11.3	11.1	1310000
2021-10-20	11.2	11.1	11.4	11.2	2398800
2021-10-21	11.3	11.3	11.7	11.6	2471900
2021-10-25	11.6	11.3	11.7	11.3	2269500
2021-10-26	11.4	11.3	11.5	11.3	420800
2021-10-27	11.3	11.3	11.5	11.3	717000
2021-10-28	11.2	11.2	11.4	11.4	760100
2021-10-29	11.4	11.3	11.5	11.5	1560800
2021-11-01	11.4	11.3	11.7	11.4	1931500
2021-11-02	11.4	11.3	11.5	11.4	1150700
2021-11-03	11.4	11.3	11.5	11.4	943200
2021-11-04	11.4	11.4	11.7	11.6	2511500
2021-11-05	11.6	11.5	11.7	11.7	1604100
2021-11-08	11.7	11.7	12.0	11.9	5038000
2021-11-09	11.9	11.9	12.1	12.0	5229500
2021-11-10	12.0	11.9	12.1	12.0	1364000
2021-11-11	12.0	11.8	12.2	12.0	4128200
2021-11-12	12.1	11.8	12.1	11.8	2110700
2021-11-15	11.9	11.8	12.0	11.8	1063900
2021-11-16	11.8	11.4	11.9	11.6	3271300
2021-11-17	11.7	11.3	11.8	11.4	3503300
2021-11-18	11.3	11.3	11.5	11.4	1501000
2021-11-19	11.4	11.3	11.5	11.3	1352800
2021-11-22	11.3	11.3	11.7	11.6	2811800
2021-11-23	11.7	11.6	11.8	11.8	3919200
2021-11-24	11.9	11.9	12.2	12.1	10205900
2021-11-25	12.1	12.0	12.4	12.3	13367300
2021-11-26	12.3	11.8	12.4	11.9	8798800
2021-11-29	11.8	11.6	12.0	12.0	3394100
2021-11-30	12.0	11.6	12.1	11.7	3024500
2021-12-01	11.8	11.7	12.1	12.1	4143300
2021-12-02	12.0	11.9	12.4	12.2	8749300
2021-12-03	12.2	12.2	13.0	13.0	30206400
2021-12-07	13.5	13.0	13.7	13.4	15974700
2021-12-08	13.4	13.2	13.6	13.4	6351700
2021-12-09	13.5	12.6	13.7	12.7	23220500
2021-12-13	12.7	12.7	13.0	12.9	4801200
2021-12-14	12.9	12.8	13.1	13.0	4191400
2021-12-15	13.2	13.2	13.6	13.6	16929100
2021-12-16	13.5	13.1	13.6	13.3	7921500
2021-12-17	13.4	13.0	13.4	13.3	6889300
2021-12-20	13.3	13.3	13.9	13.7	26079300
2021-12-21	14.0	13.0	14.1	13.1	34546200
2021-12-22	13.2	13.2	13.6	13.3	12428900
2021-12-23	13.5	13.3	13.6	13.6	5321900
2021-12-24	13.6	13.4	13.6	13.5	3898600
2021-12-27	13.5	13.5	14.2	13.8	14783200
2021-12-28	14.0	13.8	14.3	14.0	13196500
2021-12-29	14.2	14.0	14.8	14.6	12429600
2021-12-30	14.7	14.5	14.9	14.7	8926100
2022-01-04	14.8	14.6	16.3	16.0	19903800
2022-01-05	16.0	15.8	16.8	16.4	14610300
2022-01-06	16.2	16.2	16.9	16.8	8158800
2022-01-07	17.0	16.4	17.2	16.4	7822500
2022-01-10	16.5	16.2	16.8	16.4	4343400
2022-01-11	16.3	15.4	16.7	16.1	5620000
2022-01-12	16.2	16.0	16.9	16.8	7003100
2022-01-13	16.9	16.6	17.1	16.8	6154700
2022-01-14	16.8	16.6	17.7	17.6	11695200
2022-01-17	17.6	17.0	18.0	17.0	7433000
2022-01-18	17.0	16.6	17.3	16.6	4568800
2022-01-19	16.6	16.0	17.0	16.1	7260100
2022-01-20	16.4	15.9	16.5	15.9	3455800
2022-01-21	15.9	14.9	15.9	14.9	12345000
2022-01-24	14.7	13.6	14.9	13.8	15742900
2022-01-25	14.0	14.0	14.8	14.6	12188000
2022-01-26	14.9	14.7	15.2	15.0	12297100
2022-01-27	15.2	14.4	15.2	14.8	5419000
2022-01-28	14.9	14.6	15.0	14.9	4071000
2022-01-31	14.7	14.7	15.5	15.3	5419700
2022-02-01	15.5	15.1	15.6	15.3	4371300
2022-02-02	15.4	15.3	15.5	15.4	2835400
2022-02-03	15.4	15.0	15.5	15.0	2473300
2022-02-04	14.9	14.8	15.2	15.0	3542700
2022-02-07	14.9	14.6	15.0	14.9	1832300
2022-02-08	14.9	14.8	15.1	14.8	1288100
2022-02-09	14.8	14.5	14.9	14.5	3264000
2022-02-10	14.4	14.1	14.4	14.1	3548100
2022-02-11	14.1	14.1	14.6	14.5	2086600
2022-02-14	14.4	14.2	14.5	14.3	2511900
2022-02-15	14.3	14.3	14.7	14.5	2278100
2022-02-17	14.6	14.5	14.7	14.5	1031300
2022-02-18	14.5	14.5	14.8	14.7	1663000
2022-02-21	14.7	14.7	15.1	15.0	3751800
2022-02-22	14.9	14.5	15.7	15.6	10969400
2022-02-23	15.6	15.2	15.8	15.5	7559200
2022-02-24	15.5	14.6	15.6	14.7	8768900
2022-02-25	14.9	14.9	15.4	15.2	3970600
2022-02-28	15.5	15.2	15.5	15.3	2305400
2022-03-01	15.3	15.1	15.7	15.7	9043500
2022-03-02	15.6	15.4	16.0	15.5	7114500
2022-03-03	15.7	15.2	15.7	15.4	2766300
2022-03-04	15.3	15.1	15.6	15.2	1798100
2022-03-07	14.7	14.4	14.9	14.4	5811900
2022-03-08	14.3	13.0	14.5	13.5	10495000
2022-03-09	13.5	13.2	13.6	13.5	7605700
2022-03-10	13.8	13.6	14.2	13.7	4160700
2022-03-11	13.6	13.5	13.9	13.8	1244400
2022-03-14	13.9	13.6	13.9	13.7	1314300
2022-03-15	13.7	13.4	13.8	13.4	1713800
2022-03-16	13.5	13.5	13.7	13.6	585900
2022-03-17	13.8	13.6	14.0	13.7	2888100
2022-03-18	13.8	13.5	13.8	13.6	1224700
2022-03-21	13.6	13.5	13.7	13.6	665200
2022-03-22	13.6	13.6	13.8	13.7	822300
2022-03-23	13.7	13.6	13.8	13.6	965500
2022-03-24	13.6	13.6	13.8	13.7	829100
2022-03-25	13.8	13.5	13.8	13.6	873700
2022-03-28	13.6	13.4	13.6	13.5	1293300
2022-03-29	13.5	13.4	13.6	13.5	716900
2022-03-30	13.5	13.5	13.7	13.6	1227800
2022-03-31	13.8	13.7	14.0	13.9	2500900
2022-04-01	13.9	13.7	13.9	13.8	1383200
2022-04-04	13.9	13.7	14.0	13.8	1196200
2022-04-05	13.9	13.6	13.9	13.6	714400
2022-04-07	13.6	13.2	13.6	13.3	2982100
2022-04-08	13.3	13.2	13.4	13.3	626700
2022-04-11	13.3	12.6	13.3	12.6	3683100
2022-04-12	12.3	12.1	12.8	12.7	4690400
2022-04-18	12.4	12.4	12.7	12.6	1045500
2022-04-19	12.6	12.6	13.4	13.3	4943200
2022-04-20	13.4	13.1	13.4	13.2	1829200
2022-04-21	13.4	13.4	13.9	13.7	5777900
2022-04-22	13.8	13.4	13.8	13.5	2467200
2022-04-25	13.5	13.2	13.6	13.5	4068500
2022-04-26	13.6	13.3	13.7	13.4	2568900
2022-04-27	13.4	13.3	13.6	13.6	4463000
2022-04-28	13.7	13.4	13.7	13.6	900300
2022-04-29	13.6	13.5	13.9	13.6	4058300
2022-05-03	13.8	13.4	14.0	13.6	5490700
2022-05-05	13.7	13.2	13.8	13.4	3331100
2022-05-06	13.1	13.0	13.4	13.4	1396700
2022-05-09	13.3	12.6	13.3	12.7	3268800
2022-05-10	12.6	12.4	13.0	13.0	1139700
2022-05-11	13.0	12.7	13.1	12.8	3290500
2022-05-12	12.7	12.4	12.7	12.5	3369400
2022-05-13	12.5	12.4	12.7	12.5	799300
2022-05-17	12.7	12.7	13.5	13.5	3283100
2022-05-18	13.7	13.3	13.8	13.4	2321500
2022-05-19	12.9	12.9	13.2	13.0	1913900
2022-05-20	13.2	12.9	13.3	13.0	2322800
2022-05-23	13.0	12.7	13.2	12.8	4043200
2022-05-24	12.8	12.7	13.1	12.8	3552800
2022-05-25	13.0	12.5	13.1	12.6	4357600
2022-05-26	12.7	12.7	12.9	12.7	1215500
2022-05-27	12.8	12.7	13.0	12.9	2246800
2022-05-30	12.7	12.5	12.9	12.6	3409700
2022-05-31	12.6	12.5	12.8	12.7	1557500
2022-06-01	12.9	12.6	13.4	12.9	11532700
2022-06-02	12.8	12.7	13.0	12.8	3223400
2022-06-06	12.9	12.6	13.0	12.8	3178000
2022-06-07	12.8	12.7	13.0	12.7	5225700
2022-06-08	12.8	12.7	12.9	12.8	495300
2022-06-09	12.8	12.5	12.8	12.6	3220800
2022-06-10	12.5	12.4	12.6	12.6	1070500
2022-06-13	12.4	12.0	12.4	12.0	3135400
2022-06-14	12.0	11.8	12.2	11.8	1461700
2022-06-15	11.8	11.7	12.0	11.7	2695100
2022-06-16	11.9	11.4	12.0	11.4	1829500
2022-06-17	11.2	11.1	11.6	11.6	2622900
2022-06-20	11.6	11.5	11.7	11.6	352500
2022-06-21	11.7	11.6	11.8	11.7	2713500
2022-06-22	11.7	11.2	11.7	11.3	1050300
2022-06-23	11.4	11.4	11.6	11.5	2716500
2022-06-24	11.5	11.4	11.6	11.5	499100
2022-06-27	11.7	11.6	11.8	11.7	2816800
2022-06-28	11.7	11.6	11.8	11.8	384900
2022-06-29	11.8	11.6	11.8	11.8	1416000
2022-06-30	11.8	11.3	11.8	11.4	977300
2022-07-01	11.4	11.2	11.4	11.3	337700
2022-07-04	11.3	11.2	11.4	11.3	474600
2022-07-05	11.4	11.1	11.4	11.3	960600
2022-07-06	11.2	10.5	11.3	10.6	2225200
2022-07-07	10.6	10.6	10.8	10.7	1085600
2022-07-08	10.8	10.6	11.0	10.7	792100
2022-07-11	10.8	10.7	10.9	10.8	251500
2022-07-12	10.8	10.7	10.9	10.8	267400
2022-07-14	10.8	10.7	10.9	10.8	325800
2022-07-15	10.8	10.2	10.8	10.3	1095500
2022-07-18	10.3	10.3	10.6	10.4	554000
2022-07-19	10.4	10.4	10.8	10.7	664900
2022-07-20	10.7	10.6	11.0	10.8	936600
2022-07-21	10.7	10.7	10.9	10.9	1048500
2022-07-22	11.0	10.9	11.1	10.9	571000
2022-07-25	11.2	11.0	11.3	11.3	573000
2022-07-26	11.3	11.3	11.6	11.4	835200
2022-07-27	11.4	11.3	11.6	11.5	581100
2022-08-01	11.5	11.4	11.8	11.8	1285600
2022-08-02	11.9	11.6	11.9	11.8	993800
2022-08-03	11.8	11.7	11.8	11.7	417600
2022-08-04	11.7	11.7	11.9	11.8	521500
2022-08-05	11.8	11.7	12.0	12.0	994000
2022-08-08	12.1	11.9	12.2	12.0	1630600
2022-08-09	12.1	12.0	12.5	12.3	1749600
2022-08-10	12.3	12.1	12.4	12.4	2509700
2022-08-11	12.4	12.2	12.5	12.4	2326700
2022-08-15	12.5	12.5	12.9	12.7	5096300
2022-08-16	12.7	12.6	12.9	12.7	2583700
2022-08-17	12.8	12.7	13.0	12.8	2643600
2022-08-18	12.8	12.6	12.9	12.9	1527000
2022-08-19	12.8	12.7	12.9	12.9	1199700
2022-08-22	12.9	12.8	13.1	12.8	4406100
2022-08-23	12.8	12.8	13.2	13.0	3806600
2022-08-24	13.1	13.0	13.2	13.0	1586800
2022-08-25	13.2	13.1	13.4	13.1	5401200
2022-08-26	12.9	12.9	13.1	13.0	905000
2022-08-29	12.7	12.7	13.0	12.8	1059300
2022-08-30	12.9	12.8	13.1	12.9	2421700
2022-08-31	12.9	12.7	12.9	12.9	1295900
2022-09-01	12.8	12.5	12.8	12.6	1822500
2022-09-02	12.6	12.5	12.7	12.6	859300
2022-09-05	12.5	12.5	12.6	12.6	626800
2022-09-06	12.6	12.6	12.8	12.6	988800
2022-09-07	12.6	12.6	13.2	13.2	4419900
2022-09-08	13.3	13.2	13.7	13.4	6831800
2022-09-09	13.5	13.5	13.8	13.7	3108200
2022-09-12	13.7	13.7	13.9	13.8	1721200
2022-09-13	14.0	13.7	14.0	13.9	1677000
2022-09-14	13.6	13.5	13.8	13.7	1628500
2022-09-15	13.8	13.6	13.8	13.7	1183100
2022-09-16	13.7	13.3	13.7	13.4	1205300
2022-09-19	13.4	13.4	13.7	13.6	1694200
2022-09-20	13.6	13.5	13.9	13.6	1356900
2022-09-21	13.6	13.3	13.6	13.6	1194400
2022-09-22	13.5	13.4	13.8	13.8	2013500
2022-09-23	13.7	13.4	13.8	13.6	1610200
2022-09-26	13.6	13.2	13.6	13.6	2686000
2022-09-27	13.6	13.2	13.7	13.2	1372900
2022-09-28	13.2	12.6	13.2	12.6	2367000
2022-09-29	12.9	12.1	13.0	12.6	3807100
2022-09-30	12.2	12.1	12.5	12.5	1671200
2022-10-03	12.4	11.8	12.5	11.8	2012500
2022-10-04	11.9	11.8	12.2	12.0	1055000
2022-10-05	12.2	12.0	12.3	12.0	455900
2022-10-06	12.0	12.0	12.3	12.1	484200
2022-10-07	12.1	12.0	12.4	12.2	1122100
2022-10-10	12.2	11.6	12.2	11.6	1216100
2022-10-11	11.6	11.5	11.8	11.7	410100
2022-10-12	11.7	11.5	11.8	11.8	1078100
2022-10-17	12.0	11.9	13.2	13.0	5764200
2022-10-18	12.9	12.9	13.2	12.9	2230800
2022-10-19	13.0	12.9	13.5	13.1	5134500
2022-10-20	13.2	13.0	13.4	13.4	2814300
2022-10-21	13.4	13.0	13.4	13.0	1730200
2022-10-25	13.1	12.6	13.1	12.6	1992200
2022-10-26	12.7	12.7	13.0	13.0	2806100
2022-10-27	13.1	12.8	13.1	12.9	808900
2022-10-28	12.9	12.5	13.0	13.0	1931900
2022-10-31	13.1	12.9	13.2	12.9	1155600
2022-11-01	13.0	12.8	13.2	13.1	1751100
2022-11-02	13.2	12.9	13.2	12.9	1191400
2022-11-03	12.8	12.7	13.0	12.9	926400
2022-11-04	13.0	12.8	13.1	12.9	605400
2022-11-07	13.1	13.1	13.5	13.3	4034400
2022-11-08	13.4	12.8	13.4	13.1	2342000
2022-11-09	13.0	12.7	13.0	12.8	1176400
2022-11-10	12.7	12.7	13.0	12.9	493100
2022-11-11	12.9	12.8	13.1	12.9	1368900
2022-11-14	13.0	13.0	13.5	13.3	4814400
2022-11-15	13.3	13.0	13.4	13.1	4177000
2022-11-16	13.1	12.9	13.2	12.9	1213600
2022-11-17	12.9	12.9	13.1	13.0	692700
2022-11-18	13.0	12.8	13.0	12.8	838200
2022-11-21	12.8	12.6	12.9	12.8	1395700
2022-11-22	12.8	12.7	12.9	12.9	826000
2022-11-23	12.9	12.7	12.9	12.7	818400
2022-11-24	12.9	12.6	12.9	12.7	1054100
2022-11-25	12.6	12.6	12.8	12.7	324700
2022-11-28	12.7	12.6	12.8	12.6	530600
2022-11-29	12.6	12.6	13.1	12.7	2429500
2022-11-30	12.7	12.7	12.9	12.7	723300
2022-12-01	12.8	12.8	13.1	12.8	2196000
2022-12-02	12.8	12.7	13.0	12.9	802000
2022-12-06	13.0	12.8	13.2	12.8	1521300
2022-12-07	12.9	12.6	12.9	12.8	883000
2022-12-08	12.7	12.6	12.8	12.7	426900
2022-12-09	12.7	12.6	12.8	12.6	449300
2022-12-13	12.7	12.4	12.7	12.4	885000
2022-12-14	12.4	12.4	12.6	12.4	724100
2022-12-15	12.5	12.2	12.6	12.2	1130000
2022-12-16	12.2	12.2	12.4	12.4	176300
2022-12-19	11.9	11.9	12.1	12.0	961800
2022-12-20	12.0	11.8	12.1	11.9	697800
2022-12-21	12.0	11.8	12.0	11.8	136300
2022-12-22	11.8	11.8	12.3	12.2	1522900
2022-12-23	12.1	12.0	12.2	12.1	330400
2022-12-26	12.1	11.9	12.2	12.2	278100
2022-12-27	12.2	12.1	12.5	12.2	1512100
2022-12-28	12.3	12.1	12.4	12.1	245500
2022-12-29	12.1	12.0	12.2	12.1	506100
2022-12-30	12.1	12.1	12.5	12.1	1711400
