Date	Price Open	Price Low	Price High	Price Close	Volume
2015-12-22	9.9278657	9.78042215	9.9278657	9.78042215	5244379.0
2015-12-23	9.82957	9.78042215	9.82957	9.82957	391675.0
2015-12-24	9.82957	9.78042215	9.82957	9.78042215	50154.0
2015-12-25	9.78042215	9.78042215	9.82957	9.82957	456784.0
2015-12-28	9.82957	9.78042215	9.82957	9.78042215	16684.0
2015-12-29	9.82957	9.82957	9.82957	9.82957	89627.0
2015-12-30	9.82957	9.78042215	9.82957	9.82957	20651.0
2016-01-04	9.78042215	9.78042215	9.82957	9.82957	311102.0
2016-01-05	9.78042215	9.78042215	9.82957	9.82957	54936.0
2016-01-06	9.82957	9.82957	9.82957	9.82957	508.0
2016-01-07	9.82957	9.82957	9.82957	9.82957	80369.0
2016-01-08	9.82957	9.82957	9.82957	9.82957	133271.0
2016-01-11	9.82957	9.82957	9.82957	9.82957	145174.0
2016-01-12	9.82957	9.82957	9.82957	9.82957	6714.0
2016-01-13	9.82957	9.82957	9.9278657	9.9278657	164401.0
2016-01-14	9.82957	9.82957	9.9278657	9.9278657	81895.0
2016-01-15	9.9278657	9.9278657	9.9278657	9.9278657	446509.0
2016-01-18	9.9278657	9.9278657	9.9278657	9.9278657	1065763.0
2016-01-19	9.9278657	9.9278657	9.9278657	9.9278657	40693.0
2016-01-20	9.9278657	9.9278657	9.9278657	9.9278657	1409115.0
2016-01-21	10.0261614	9.9278657	10.0261614	9.9278657	216286.0
2016-01-22	10.0261614	9.82957	10.0261614	9.82957	276309.0
2016-01-25	9.82957	9.82957	9.9278657	9.82957	103056.0
2016-01-26	9.9278657	9.82957	10.0261614	9.82957	188919.0
2016-01-27	9.9278657	9.9278657	9.9278657	9.9278657	538273.0
2016-01-28	9.9278657	9.9278657	9.9278657	9.9278657	323818.0
2016-01-29	9.9278657	9.9278657	10.0261614	10.0261614	107024.0
2016-02-01	9.9278657	9.9278657	10.0261614	9.9278657	9156.0
2016-02-02	10.0261614	10.0261614	10.0261614	10.0261614	1004520.0
2016-02-03	10.0261614	10.0261614	10.1244571	10.1244571	755170.0
2016-02-04	10.1244571	10.1244571	10.4193442	10.4193442	1968549.0
2016-02-05	10.5176399	10.4193442	10.5176399	10.4193442	1175534.0
2016-02-08	10.4193442	10.4193442	10.4193442	10.4193442	285363.0
2016-02-09	10.4193442	10.4193442	10.4193442	10.4193442	199907.0
2016-02-10	10.4193442	10.4193442	10.5176399	10.4193442	724751.0
2016-02-11	10.4193442	10.4193442	10.5176399	10.4193442	192480.0
2016-02-12	10.4193442	10.3210485	10.4193442	10.4193442	690467.0
2016-02-15	10.4193442	10.4193442	10.4193442	10.4193442	92577.0
2016-02-16	10.4193442	10.4193442	10.4193442	10.4193442	120351.0
2016-02-17	10.4193442	10.2227528	10.4193442	10.4193442	685889.0
2016-02-18	10.4193442	10.3210485	10.4193442	10.4193442	338773.0
2016-02-19	10.4193442	10.4193442	10.4193442	10.4193442	44254.0
2016-02-23	10.4193442	10.4193442	10.5176399	10.5176399	227476.0
2016-02-24	10.4193442	10.3210485	10.5176399	10.3210485	383536.0
2016-02-25	10.4193442	10.4193442	10.4193442	10.4193442	382417.0
2016-02-26	10.5176399	10.5176399	10.5176399	10.5176399	173761.0
2016-02-29	10.5176399	10.4193442	10.5176399	10.4193442	153618.0
2016-03-01	10.4193442	10.4193442	10.5176399	10.5176399	175592.0
2016-03-02	10.5176399	10.5176399	10.6159356	10.6159356	802578.0
2016-03-03	10.7142313	10.6159356	10.7142313	10.6159356	212928.0
2016-03-04	10.6159356	10.6159356	10.6159356	10.6159356	203976.0
2016-03-07	10.7142313	10.6159356	10.7142313	10.7142313	215879.0
2016-03-08	10.7142313	10.7142313	10.9108227	10.9108227	723938.0
2016-03-09	10.9108227	10.9108227	11.1074141	11.1074141	114959.0
2016-03-10	11.1074141	11.1074141	11.2057098	11.2057098	295842.0
2016-03-11	11.2057098	11.2057098	11.3040055	11.3040055	15463.0
2016-03-14	11.3040055	11.2057098	11.3040055	11.2057098	14954.0
2016-03-15	11.0091184	10.7142313	11.0091184	11.0091184	90034.0
2016-03-16	10.812527	10.812527	11.0091184	11.0091184	1128838.0
2016-03-17	11.0091184	10.812527	11.0091184	10.812527	653639.0
2016-03-18	11.0091184	10.812527	11.0091184	10.812527	31232.0
2016-03-21	10.812527	10.812527	11.0091184	10.9108227	186579.0
2016-03-22	11.0091184	10.9108227	11.1074141	11.0091184	550685.0
2016-03-23	11.0091184	11.0091184	11.0091184	11.0091184	55953.0
2016-03-24	11.0091184	10.9108227	11.0091184	10.9108227	32147.0
2016-03-25	11.0091184	11.0091184	11.1074141	11.1074141	194922.0
2016-03-29	11.0091184	10.9108227	11.0091184	11.0091184	743165.0
2016-03-30	10.9108227	10.9108227	10.9108227	10.9108227	15260.0
2016-03-31	10.9108227	10.9108227	11.0091184	10.9108227	736044.0
2016-04-01	10.9108227	10.9108227	11.0091184	11.0091184	286787.0
2016-04-04	11.0091184	11.0091184	11.1074141	11.1074141	662185.0
2016-04-05	11.1074141	11.1074141	11.2057098	11.2057098	679480.0
2016-04-07	11.1074141	11.1074141	11.1074141	11.1074141	643263.0
2016-04-08	11.2057098	11.1074141	11.4023012	11.3040055	1709739.0
2016-04-11	11.795484	11.5005969	12.1886668	12.1886668	1547371.0
2016-04-12	11.9920754	11.9920754	12.1886668	12.1886668	365733.0
2016-04-18	12.1886668	12.0903711	12.2869625	12.1886668	390047.0
2016-04-19	12.1886668	12.1886668	12.2869625	12.1886668	265016.0
2016-04-20	12.6801453	12.0903711	12.6801453	12.1886668	239888.0
2016-04-21	12.5818496	12.1886668	12.5818496	12.2869625	355458.0
2016-04-22	12.2869625	12.0903711	12.2869625	12.1886668	573778.0
2016-04-25	12.1886668	12.1886668	12.2869625	12.1886668	190954.0
2016-04-26	12.1886668	12.0903711	12.1886668	12.1886668	477436.0
2016-04-27	12.1886668	12.1886668	12.2869625	12.2869625	800238.0
2016-04-28	12.2869625	12.1886668	12.2869625	12.2869625	161553.0
2016-04-29	12.2869625	12.2869625	12.4835539	12.4835539	445085.0
2016-05-03	12.4835539	12.4835539	12.8767367	12.778441	792506.0
2016-05-04	12.778441	12.778441	12.9750324	12.778441	594125.0
2016-05-06	12.778441	12.778441	12.9750324	12.778441	594125.0
2016-05-09	12.778441	12.778441	12.8767367	12.778441	1007470.0
2016-05-10	12.3852582	12.2869625	12.5818496	12.5818496	221474.0
2016-05-11	12.4835539	12.3852582	12.4835539	12.4835539	52392.0
2016-05-12	12.4835539	12.4835539	12.5818496	12.4835539	85151.0
2016-05-13	12.4835539	12.4835539	12.4835539	12.4835539	172744.0
2016-05-16	12.4835539	12.4835539	12.4835539	12.4835539	217405.0
2016-05-17	12.4835539	12.4835539	12.4835539	12.4835539	280276.0
2016-05-18	12.4835539	12.4835539	12.4835539	12.4835539	22483.0
2016-05-19	12.4835539	12.3852582	12.4835539	12.4835539	401034.0
2016-05-23	12.4835539	12.0903711	12.4835539	12.1886668	395846.0
2016-05-24	12.1886668	12.0903711	12.1886668	12.1886668	399712.0
2016-05-25	12.1886668	12.0903711	12.1886668	12.1886668	45271.0
2016-05-26	12.1886668	12.1886668	12.1886668	12.1886668	3052.0
2016-05-27	12.1886668	12.1886668	12.1886668	12.1886668	52087.0
2016-05-30	12.1886668	12.1886668	12.1886668	12.1886668	450782.0
2016-05-31	12.1886668	12.1886668	12.1886668	12.1886668	57276.0
2016-06-01	12.1886668	12.1886668	12.1886668	12.1886668	4578.0
2016-06-02	12.1886668	12.0903711	12.1886668	12.1886668	38658.0
2016-06-03	12.1886668	12.1886668	12.1886668	12.1886668	32453.0
2016-06-06	12.0903711	12.0903711	12.1886668	12.1886668	107532.0
2016-06-07	12.3852582	12.2869625	12.3852582	12.2869625	12513.0
2016-06-08	12.3852582	12.1886668	12.3852582	12.2869625	29401.0
2016-06-09	12.1886668	12.1886668	12.1886668	12.1886668	5290.0
2016-06-10	12.2869625	12.1886668	12.2869625	12.1886668	120045.0
2016-06-13	12.1886668	12.1886668	12.1886668	12.1886668	17193.0
2016-06-14	12.1886668	12.1886668	12.1886668	12.1886668	139985.0
2016-06-15	12.0903711	12.0903711	12.1886668	12.0903711	256979.0
2016-06-16	12.0903711	11.9920754	12.2869625	12.2869625	44152.0
2016-06-17	11.9920754	11.9920754	12.2869625	12.1886668	137747.0
2016-06-20	12.1886668	12.1886668	12.2869625	12.1886668	88813.0
2016-06-21	11.9920754	11.9920754	12.0903711	12.0903711	333381.0
2016-06-22	11.9920754	11.9920754	11.9920754	11.9920754	117502.0
2016-06-23	12.0903711	12.0903711	12.0903711	12.0903711	72536.0
2016-06-24	11.9920754	11.795484	11.9920754	11.8937797	162062.0
2016-06-27	11.8937797	11.8937797	12.0903711	12.0903711	119639.0
2016-06-28	12.0903711	11.9920754	12.0903711	12.0903711	128286.0
2016-06-29	12.0903711	12.0903711	12.1886668	12.1886668	392896.0
2016-06-30	12.1886668	12.1886668	12.1886668	12.1886668	301233.0
2016-07-04	12.0903711	12.0903711	12.1886668	12.1886668	10275.0
2016-07-05	12.1886668	12.0903711	12.1886668	12.1886668	11597.0
2016-07-06	12.0903711	12.0903711	12.1886668	12.1886668	140189.0
2016-07-07	12.1886668	12.1886668	12.1886668	12.1886668	215675.0
2016-07-08	12.1886668	12.1886668	12.2869625	12.1886668	62871.0
2016-07-11	12.2869625	12.1886668	12.2869625	12.1886668	111500.0
2016-07-12	12.1886668	12.0903711	12.1886668	12.0903711	129914.0
2016-07-13	12.0903711	11.9920754	12.2869625	12.2869625	231139.0
2016-07-14	12.2869625	12.1886668	12.2869625	12.1886668	117604.0
2016-07-15	12.1886668	12.1886668	12.2869625	12.2869625	106108.0
2016-07-20	12.2869625	12.2869625	12.3852582	12.2869625	88203.0
2016-07-21	12.2869625	12.2869625	12.3852582	12.3852582	61955.0
2016-07-22	12.3852582	12.3852582	12.4835539	12.3852582	98681.0
2016-07-25	12.2869625	12.2869625	12.3852582	12.2869625	76198.0
2016-07-27	12.2869625	12.2869625	12.3852582	12.3852582	179661.0
2016-07-28	12.4835539	12.2869625	12.4835539	12.3852582	189835.0
2016-07-29	12.3852582	12.3852582	12.3852582	12.3852582	56157.0
2016-08-01	12.3852582	12.3852582	12.4835539	12.3852582	118112.0
2016-08-02	12.3852582	12.3852582	12.4835539	12.4835539	44966.0
2016-08-03	12.4835539	12.4835539	12.778441	12.778441	589954.0
2016-08-04	12.778441	12.778441	12.778441	12.778441	749676.0
2016-08-05	12.8767367	12.778441	12.9750324	12.8767367	698911.0
2016-08-08	12.9750324	12.9750324	13.0733281	12.9750324	116993.0
2016-08-09	13.0733281	12.9750324	13.0733281	13.0733281	367462.0
2016-08-10	13.0733281	12.9750324	13.0733281	12.9750324	1324574.0
2016-08-11	12.778441	12.778441	12.8767367	12.8767367	44762.0
2016-08-15	12.778441	12.6801453	12.778441	12.778441	30011.0
2016-08-16	12.778441	12.778441	12.8767367	12.8767367	5595.0
2016-08-17	12.8767367	12.6801453	12.8767367	12.8767367	106515.0
2016-08-18	12.778441	12.778441	12.8767367	12.778441	34691.0
2016-08-19	12.8767367	12.778441	12.8767367	12.8767367	337247.0
2016-08-22	12.8767367	12.778441	12.8767367	12.778441	45780.0
2016-08-23	12.778441	12.778441	12.8767367	12.8767367	128286.0
2016-08-24	12.778441	12.778441	12.8767367	12.8767367	72841.0
2016-08-25	12.8767367	12.8767367	12.9750324	12.9750324	281090.0
2016-08-26	13.0733281	12.9750324	13.1716238	13.1716238	161858.0
2016-08-29	13.1716238	13.0733281	13.1716238	13.0733281	56157.0
2016-08-30	12.9750324	12.9750324	12.9750324	12.9750324	2034.0
2016-08-31	12.9750324	12.9750324	12.9750324	12.9750324	11902.0
2016-09-01	12.8767367	12.8767367	12.8767367	12.8767367	116281.0
2016-09-02	12.778441	12.778441	12.8767367	12.8767367	184646.0
2016-09-05	12.778441	12.778441	13.0733281	12.8767367	386792.0
2016-09-06	13.4665109	13.2699195	13.4665109	13.2699195	4069.0
2016-09-07	13.0733281	13.0733281	13.0733281	13.0733281	2238.0
2016-09-08	12.9750324	12.8767367	12.9750324	12.8767367	96443.0
2016-09-09	12.8767367	12.778441	12.9750324	12.9750324	551702.0
2016-09-12	12.778441	12.5818496	12.778441	12.6801453	234801.0
2016-09-13	12.5818496	12.5818496	12.9750324	12.778441	137137.0
2016-09-14	12.778441	12.778441	12.9750324	12.8767367	74570.0
2016-09-15	12.8767367	12.8767367	12.8767367	12.8767367	508.0
2016-09-16	12.9750324	12.8767367	12.9750324	12.8767367	87287.0
2016-09-19	12.8767367	12.8767367	12.9750324	12.8767367	180374.0
2016-09-20	12.8767367	12.8767367	13.0733281	13.0733281	155957.0
2016-09-21	13.0733281	13.0733281	13.1716238	13.0733281	219948.0
2016-09-22	13.1716238	13.1716238	13.1716238	13.1716238	189631.0
2016-09-23	13.2699195	13.1716238	13.2699195	13.1716238	259421.0
2016-09-26	13.2699195	13.2699195	13.2699195	13.2699195	7324.0
2016-09-27	13.2699195	13.2699195	13.3682152	13.3682152	14344.0
2016-09-28	13.2699195	13.2699195	13.3682152	13.3682152	14547.0
2016-09-29	13.2699195	13.2699195	13.2699195	13.2699195	54020.0
2016-09-30	13.2699195	13.2699195	13.2699195	13.2699195	50866.0
2016-10-03	13.2699195	13.1716238	13.2699195	13.1716238	111907.0
2016-10-04	13.2699195	13.2699195	13.2699195	13.2699195	32554.0
2016-10-05	13.1716238	13.1716238	13.2699195	13.2699195	154025.0
2016-10-06	13.2699195	13.2699195	13.2699195	13.2699195	314052.0
2016-10-07	13.2699195	13.1716238	13.2699195	13.1716238	44152.0
2016-10-10	13.1716238	13.1716238	13.2699195	13.2699195	662999.0
2016-10-11	13.2699195	13.1716238	13.2699195	13.1716238	22788.0
2016-10-12	13.1716238	12.4835539	13.1716238	12.9750324	866670.0
2016-10-13	12.778441	12.2869625	12.778441	12.5818496	432267.0
2016-10-14	12.778441	12.778441	13.1716238	13.0733281	188512.0
2016-10-17	13.1716238	13.1716238	13.1716238	13.1716238	7121.0
2016-10-18	13.1716238	13.1716238	13.1716238	13.1716238	21465.0
2016-10-19	13.2699195	13.0733281	13.2699195	13.1716238	343351.0
2016-10-20	13.1716238	13.1716238	13.1716238	13.1716238	101.0
2016-10-21	13.1716238	13.1716238	13.1716238	13.1716238	550787.0
2016-10-25	13.0733281	13.0733281	13.1716238	13.1716238	21364.0
2016-10-26	13.1716238	13.1716238	13.1716238	13.1716238	162672.0
2016-10-27	13.1716238	13.0733281	13.2699195	13.1716238	400526.0
2016-10-28	13.1716238	13.1716238	13.2699195	13.2699195	545293.0
2016-10-31	13.3682152	13.1716238	13.3682152	13.1716238	141511.0
2016-11-01	13.2699195	13.1716238	13.2699195	13.1716238	606130.0
2016-11-02	13.2699195	13.1716238	13.2699195	13.1716238	16480.0
2016-11-03	13.1716238	13.1716238	13.2699195	13.1716238	5493.0
2016-11-04	13.2699195	13.1716238	13.2699195	13.2699195	14446.0
2016-11-07	13.2699195	13.1716238	13.2699195	13.2699195	77012.0
2016-11-08	13.2699195	13.2699195	13.3682152	13.2699195	298792.0
2016-11-09	13.3682152	13.3682152	13.5648066	13.5648066	153719.0
2016-11-10	13.5648066	13.3682152	13.5648066	13.5648066	44762.0
2016-11-11	13.5648066	13.4665109	13.6631023	13.4665109	132864.0
2016-11-14	13.4665109	13.2699195	13.6631023	13.5648066	319647.0
2016-11-15	13.6631023	13.3682152	13.6631023	13.4665109	142630.0
2016-11-16	13.3682152	13.2699195	13.3682152	13.2699195	70094.0
2016-11-17	13.3682152	13.2699195	13.3682152	13.3682152	20550.0
2016-11-18	13.2699195	13.2699195	13.3682152	13.2699195	600840.0
2016-11-21	13.2699195	13.2699195	13.2699195	13.2699195	284854.0
2016-11-22	13.3682152	13.2699195	13.3682152	13.2699195	112517.0
2016-11-23	13.2699195	13.2699195	13.3682152	13.3682152	28180.0
2016-11-24	13.2699195	13.2699195	13.2699195	13.2699195	75689.0
2016-11-25	13.2699195	13.2699195	13.2699195	13.2699195	122080.0
2016-11-28	13.2699195	13.2699195	13.3682152	13.3682152	78640.0
2016-11-29	13.2699195	13.1716238	13.2699195	13.2699195	201127.0
2016-11-30	13.2699195	13.2699195	13.2699195	13.2699195	9969.0
2016-12-01	13.2699195	13.1716238	13.2699195	13.1716238	113128.0
2016-12-02	13.1716238	13.1716238	13.2699195	13.1716238	211301.0
2016-12-06	13.0733281	12.8767367	13.1716238	13.1716238	541732.0
2016-12-07	13.0733281	13.0733281	13.2699195	13.1716238	254436.0
2016-12-08	13.0733281	13.0733281	13.1716238	13.1716238	38353.0
2016-12-09	13.1716238	13.1716238	13.1716238	13.1716238	101.0
2016-12-13	13.0733281	13.0733281	13.1716238	13.1716238	20143.0
2016-12-14	13.0733281	13.0733281	13.0733281	13.0733281	14649.0
2016-12-15	13.0733281	13.0733281	13.1716238	13.0733281	38760.0
2016-12-16	13.0733281	13.0733281	13.1716238	13.0733281	109465.0
2016-12-19	12.9750324	12.9750324	13.0733281	12.9750324	32046.0
2016-12-20	12.9750324	12.9750324	12.9750324	12.9750324	12208.0
2016-12-21	12.9750324	12.9750324	12.9750324	12.9750324	5595.0
2016-12-22	12.9750324	12.6801453	12.9750324	12.778441	147412.0
2016-12-23	12.778441	12.778441	12.9750324	12.8767367	636853.0
2016-12-26	12.8767367	12.778441	12.9750324	12.778441	232360.0
2016-12-27	12.778441	12.778441	12.778441	12.778441	192276.0
2016-12-28	12.8767367	12.8767367	12.8767367	12.8767367	78131.0
2016-12-29	12.9750324	12.9750324	13.0733281	13.0733281	169386.0
2016-12-30	12.9750324	12.9750324	12.9750324	12.9750324	104785.0
2017-01-04	12.8767367	12.8767367	12.9750324	12.9750324	3560.0
2017-01-05	12.8767367	12.8767367	13.1716238	13.1716238	492391.0
2017-01-06	13.1716238	13.1716238	13.2699195	13.2699195	20041.0
2017-01-09	13.2699195	13.1716238	13.3682152	13.3682152	61955.0
2017-01-10	13.3682152	13.3682152	13.4665109	13.4665109	54020.0
2017-01-11	13.4665109	13.4665109	13.5648066	13.5648066	192582.0
2017-01-12	13.4665109	13.4665109	13.4665109	13.4665109	146293.0
2017-01-13	13.3682152	13.3682152	13.4665109	13.4665109	7833.0
2017-01-16	13.4665109	13.4665109	13.4665109	13.4665109	87999.0
2017-01-17	13.3682152	13.3682152	13.5648066	13.5648066	4171.0
2017-01-18	13.4665109	13.4665109	13.5648066	13.5648066	13632.0
2017-01-19	13.5648066	13.5648066	13.5648066	13.5648066	101.0
2017-01-20	13.4665109	13.4665109	13.5648066	13.5648066	29095.0
2017-01-23	13.5648066	13.4665109	13.5648066	13.4665109	752016.0
2017-01-24	13.5648066	13.5648066	13.5648066	13.5648066	71315.0
2017-01-25	13.5648066	13.4665109	13.5648066	13.4665109	249960.0
2017-01-26	13.4665109	13.4665109	13.4665109	13.4665109	105396.0
2017-01-27	13.5648066	13.5648066	13.5648066	13.5648066	118519.0
2017-01-30	13.5648066	13.5648066	13.5648066	13.5648066	61142.0
2017-01-31	13.3682152	13.3682152	13.4665109	13.4665109	26450.0
2017-02-01	13.4665109	13.4665109	13.5648066	13.4665109	430435.0
2017-02-02	13.5648066	13.4665109	13.5648066	13.4665109	88406.0
2017-02-03	13.4665109	13.4665109	13.4665109	13.4665109	410292.0
2017-02-06	13.4665109	13.4665109	13.4665109	13.4665109	40693.0
2017-02-07	13.5648066	13.4665109	13.5648066	13.4665109	162774.0
2017-02-09	13.4665109	13.3682152	13.4665109	13.4665109	120554.0
2017-02-14	13.2699195	13.2699195	13.4665109	13.4665109	857616.0
2017-02-15	13.4665109	13.4665109	13.4665109	13.4665109	10682.0
2017-02-16	13.3682152	13.3682152	13.3682152	13.3682152	1017.0
2017-02-17	13.1716238	13.1716238	13.3682152	13.3682152	20245.0
2017-02-20	13.4665109	13.3682152	13.5648066	13.4665109	84133.0
2017-02-21	13.4665109	13.4665109	13.4665109	13.4665109	508.0
2017-02-22	13.5648066	13.4665109	13.5648066	13.5648066	615286.0
2017-02-23	13.6631023	13.4665109	13.6631023	13.6631023	471943.0
2017-02-24	13.6631023	13.5648066	13.6631023	13.6631023	239684.0
2017-02-27	13.5648066	13.3682152	13.5648066	13.4665109	268679.0
2017-02-28	13.4665109	13.4665109	13.5648066	13.5648066	67856.0
2017-03-01	13.5648066	13.5648066	13.761398	13.761398	128286.0
2017-03-02	13.8596937	13.761398	13.8596937	13.8596937	64600.0
2017-03-03	13.8596937	13.3682152	13.8596937	13.3682152	146089.0
2017-03-06	13.3682152	13.3682152	13.5648066	13.5648066	36217.0
2017-03-07	13.4665109	13.4665109	13.5648066	13.5648066	25535.0
2017-03-08	13.2699195	13.2699195	13.4665109	13.4665109	235615.0
2017-03-09	13.4665109	13.3682152	13.4665109	13.3682152	5391.0
2017-03-14	13.2699195	13.2699195	13.3682152	13.3682152	51375.0
2017-03-15	13.4665109	13.4665109	13.4665109	13.4665109	11902.0
2017-03-16	13.3682152	13.3682152	13.3682152	13.3682152	183120.0
2017-03-17	13.1716238	13.1716238	13.4665109	13.4665109	41507.0
2017-03-20	13.4665109	13.3682152	13.4665109	13.3682152	880404.0
2017-03-21	13.2699195	13.2699195	13.3682152	13.3682152	20855.0
2017-03-22	13.3682152	13.3682152	13.3682152	13.3682152	104684.0
2017-03-23	13.2699195	13.2699195	13.3682152	13.3682152	144563.0
2017-03-24	13.3682152	13.2699195	13.3682152	13.2699195	45881.0
2017-03-27	13.2699195	13.2699195	13.3682152	13.3682152	124827.0
2017-03-28	13.3682152	13.2699195	13.3682152	13.2699195	127370.0
2017-03-29	13.2699195	13.1716238	13.2699195	13.2699195	112619.0
2017-03-30	13.2699195	13.2699195	13.2699195	13.2699195	330635.0
2017-03-31	13.3682152	13.3682152	13.3682152	13.3682152	203.0
2017-04-03	13.3682152	13.2699195	13.3682152	13.2699195	165520.0
2017-04-04	13.3682152	13.3682152	13.3682152	13.3682152	19532.0
2017-04-05	13.3682152	13.2699195	13.3682152	13.2699195	6816.0
2017-04-07	13.2699195	13.2699195	13.6631023	13.6631023	194311.0
2017-04-10	13.6631023	13.6631023	13.9579894	13.761398	324022.0
2017-04-11	13.6631023	13.2699195	13.6631023	13.4665109	524539.0
2017-04-12	13.2699195	13.2699195	13.5648066	13.5648066	1322.0
2017-04-17	13.3682152	13.2699195	13.3682152	13.3682152	177016.0
2017-04-18	13.5648066	13.3682152	13.5648066	13.3682152	7731.0
2017-04-19	13.3682152	13.2699195	13.3682152	13.3682152	22483.0
2017-04-20	13.3682152	13.2699195	13.3682152	13.2699195	11699.0
2017-04-21	13.2699195	13.2699195	13.3682152	13.2699195	56258.0
2017-04-24	13.2699195	13.2699195	13.2699195	13.2699195	3052.0
2017-04-25	13.2699195	13.2699195	13.2699195	13.2699195	201738.0
2017-04-26	13.2699195	13.2699195	13.2699195	13.2699195	428401.0
2017-04-27	13.3682152	13.1716238	13.3682152	13.1716238	60836.0
2017-04-28	13.1716238	13.1716238	13.2699195	13.2699195	3458.0
2017-05-02	13.2699195	13.2699195	13.3682152	13.2699195	22584.0
2017-05-03	13.3682152	13.3682152	13.3682152	13.3682152	16989.0
2017-05-04	13.9579894	13.5648066	13.9579894	13.5648066	25128.0
2017-05-05	13.761398	13.5648066	13.761398	13.6631023	6307.0
2017-05-08	13.6631023	12.9750324	13.6631023	13.4665109	750999.0
2017-05-09	13.5	13.4	13.5	13.4	13900.0
2017-05-11	13.4	13.3	13.5	13.4	32500.0
2017-05-12	13.5	13.3	13.6	13.3	31600.0
2017-05-15	13.3	13.1	13.3	13.2	199200.0
2017-05-16	13.2	13.2	13.3	13.2	127900.0
2017-05-17	13.2	13.2	13.2	13.2	82300.0
2017-05-18	13.2	13.0	13.2	13.2	180700.0
2017-05-19	13.1	13.0	13.2	13.2	110300.0
2017-05-22	13.1	13.1	13.2	13.2	402000.0
2017-05-23	13.2	13.1	13.2	13.2	661900.0
2017-05-24	13.2	13.2	13.2	13.2	659000.0
2017-05-25	13.2	13.1	13.2	13.2	622200.0
2017-05-26	13.2	13.0	13.3	13.2	1369000.0
2017-05-29	13.2	13.1	13.3	13.1	307100.0
2017-05-30	13.1	13.1	13.2	13.2	668100.0
2017-05-31	13.2	13.1	13.3	13.2	606000.0
2017-06-01	13.2	13.2	13.2	13.2	5000.0
2017-06-02	13.1	13.1	13.2	13.2	345600.0
2017-06-05	13.2	13.1	13.2	13.2	164700.0
2017-06-06	13.1	13.1	13.1	13.1	4100.0
2017-06-07	13.2	13.2	13.2	13.2	117000.0
2017-06-08	13.2	13.1	13.2	13.2	184100.0
2017-06-09	13.2	13.0	13.2	13.0	189300.0
2017-06-12	13.0	13.0	13.0	13.0	91000.0
2017-06-13	13.1	12.9	13.1	12.9	151600.0
2017-06-14	12.9	12.9	13.0	12.9	151100.0
2017-06-15	12.9	12.8	13.0	13.0	182000.0
2017-06-16	13.0	13.0	13.1	13.1	42800.0
2017-06-19	13.1	13.0	13.1	13.0	276900.0
2017-06-20	13.1	13.0	13.1	13.0	50100.0
2017-06-21	13.0	12.9	13.0	13.0	265000.0
2017-06-22	13.0	13.0	13.0	13.0	461900.0
2017-06-23	13.0	13.0	13.0	13.0	494500.0
2017-06-26	13.1	13.1	13.1	13.1	36500.0
2017-06-27	13.1	13.0	13.1	13.1	1800.0
2017-06-28	13.1	13.0	13.1	13.0	801200.0
2017-06-29	13.0	13.0	13.0	13.0	282800.0
2017-06-30	13.0	13.0	13.0	13.0	45600.0
2017-07-03	13.0	12.9	13.0	13.0	85400.0
2017-07-04	12.9	12.9	13.1	13.0	358300.0
2017-07-05	13.0	13.0	13.1	13.1	214600.0
2017-07-06	13.0	12.9	13.0	13.0	312400.0
2017-07-07	12.9	12.9	13.0	13.0	78000.0
2017-07-11	13.0	13.0	13.0	13.0	133800.0
2017-07-12	13.0	12.9	13.0	13.0	198900.0
2017-07-13	13.0	12.9	13.0	13.0	145000.0
2017-07-14	13.0	12.9	13.0	13.0	79900.0
2017-07-17	13.0	12.9	13.0	12.9	40800.0
2017-07-18	13.0	13.0	13.0	13.0	133300.0
2017-07-19	13.0	13.0	13.0	13.0	261700.0
2017-07-20	13.0	13.0	13.1	13.1	552000.0
2017-07-21	13.2	13.2	13.3	13.3	50000.0
2017-07-24	13.1	13.1	13.3	13.3	269200.0
2017-07-25	13.2	13.2	13.3	13.3	660600.0
2017-07-26	13.2	13.2	13.2	13.2	20000.0
2017-07-27	13.2	13.2	13.2	13.2	10000.0
2017-07-31	13.0	13.0	13.1	13.1	202000.0
2017-08-01	13.1	13.1	13.2	13.2	9100.0
2017-08-02	13.2	13.2	13.2	13.2	72300.0
2017-08-03	13.2	13.2	13.3	13.2	62600.0
2017-08-04	12.9	12.9	13.2	13.2	63200.0
2017-08-07	13.1	13.1	13.2	13.1	104300.0
2017-08-08	13.1	13.1	13.2	13.1	79600.0
2017-08-09	13.2	13.1	13.3	13.3	496600.0
2017-08-10	13.0	13.0	13.1	13.1	67600.0
2017-08-11	13.0	13.0	13.1	13.1	153200.0
2017-08-15	13.1	13.1	13.1	13.1	33000.0
2017-08-16	13.2	13.2	13.2	13.2	100.0
2017-08-17	13.2	13.1	13.2	13.2	40500.0
2017-08-18	13.1	13.1	13.1	13.1	1000.0
2017-08-21	13.1	13.1	13.1	13.1	103300.0
2017-08-22	13.1	13.1	13.1	13.1	77000.0
2017-08-23	13.1	13.1	13.1	13.1	400.0
2017-08-24	13.2	13.2	13.2	13.2	113800.0
2017-08-25	13.1	13.1	13.2	13.1	405100.0
2017-08-28	13.3	13.2	13.3	13.2	9200.0
2017-08-29	13.2	13.1	13.2	13.1	810900.0
2017-08-30	13.1	13.1	13.1	13.1	10000.0
2017-08-31	13.1	13.1	13.2	13.1	145000.0
2017-09-01	13.1	13.1	13.2	13.2	124700.0
2017-09-04	13.2	13.2	13.2	13.2	10100.0
2017-09-05	13.2	13.1	13.2	13.2	53400.0
2017-09-06	13.2	13.2	13.2	13.2	95800.0
2017-09-07	13.2	13.1	13.2	13.1	652400.0
2017-09-08	13.1	13.1	13.2	13.2	334100.0
2017-09-11	13.2	13.2	13.2	13.2	256000.0
2017-09-12	13.2	13.2	13.3	13.2	396100.0
2017-09-13	13.3	13.3	13.3	13.3	724000.0
2017-09-14	13.3	13.3	13.3	13.3	617200.0
2017-09-15	13.3	13.3	13.3	13.3	646200.0
2017-09-18	13.3	13.3	13.4	13.4	379600.0
2017-09-19	13.3	13.3	13.4	13.4	36800.0
2017-09-20	13.4	13.4	13.4	13.4	575600.0
2017-09-21	13.4	13.4	13.4	13.4	88000.0
2017-09-22	13.4	13.4	13.4	13.4	84600.0
2017-09-25	13.4	13.4	13.5	13.5	151200.0
2017-09-26	13.5	13.4	13.5	13.4	1668000.0
2017-09-27	13.4	13.4	13.4	13.4	13200.0
2017-09-28	13.5	13.5	13.5	13.5	25000.0
2017-09-29	13.5	13.4	13.8	13.8	351100.0
2017-10-02	13.7	13.5	13.7	13.5	62000.0
2017-10-03	13.6	13.5	13.6	13.5	63700.0
2017-10-04	13.5	13.5	13.5	13.5	142700.0
2017-10-05	13.6	13.6	13.7	13.7	700.0
2017-10-06	13.6	13.6	13.6	13.6	310100.0
2017-10-09	13.6	13.6	13.6	13.6	83600.0
2017-10-10	13.6	13.6	13.6	13.6	354400.0
2017-10-11	13.6	13.6	13.7	13.6	401200.0
2017-10-12	13.6	13.6	13.7	13.7	1562100.0
2017-10-16	13.7	13.6	13.7	13.7	958100.0
2017-10-17	13.6	13.6	13.6	13.6	713400.0
2017-10-18	13.7	13.6	13.7	13.6	14700.0
2017-10-19	13.6	13.6	13.8	13.6	923400.0
2017-10-20	13.6	13.6	13.6	13.6	1200400.0
2017-10-24	13.6	13.5	13.6	13.5	519900.0
2017-10-25	13.6	13.6	13.6	13.6	1433600.0
2017-10-27	13.5	13.5	13.7	13.7	1714200.0
2017-10-30	13.6	13.6	13.7	13.6	1992600.0
2017-10-31	13.6	13.5	13.7	13.5	622700.0
2017-11-01	13.8	13.7	13.8	13.8	627800.0
2017-11-02	13.9	13.8	13.9	13.8	330500.0
2017-11-03	13.9	13.8	14.0	13.9	699200.0
2017-11-06	13.9	13.8	14.0	13.8	433800.0
2017-11-07	14.0	13.9	14.0	14.0	193500.0
2017-11-08	14.0	13.9	14.1	14.1	455000.0
2017-11-09	14.0	14.0	14.1	14.1	480900.0
2017-11-10	13.8	13.7	13.8	13.8	314000.0
2017-11-13	13.9	13.9	13.9	13.9	57300.0
2017-11-14	13.9	13.9	13.9	13.9	122200.0
2017-11-15	13.9	13.9	14.0	13.9	301800.0
2017-11-16	14.0	14.0	14.0	14.0	432600.0
2017-11-17	14.0	14.0	14.3	14.3	754300.0
2017-11-20	14.3	14.2	14.3	14.3	182000.0
2017-11-21	14.3	14.3	14.3	14.3	55900.0
2017-11-22	14.2	14.2	14.3	14.3	73200.0
2017-11-23	14.5	14.3	14.5	14.4	229900.0
2017-11-24	14.4	14.4	14.5	14.5	448100.0
2017-11-27	14.7	14.6	14.7	14.7	36400.0
2017-11-28	14.7	14.6	14.7	14.6	135000.0
2017-11-29	14.7	14.6	14.7	14.6	190500.0
2017-11-30	14.6	14.6	14.6	14.6	276900.0
2017-12-01	14.6	14.6	14.6	14.6	80500.0
2017-12-04	14.6	14.6	15.0	15.0	202600.0
2017-12-06	15.0	14.9	15.0	15.0	183500.0
2017-12-07	15.0	15.0	15.0	15.0	58400.0
2017-12-08	15.0	14.9	15.0	14.9	49600.0
2017-12-12	14.9	14.7	14.9	14.8	19500.0
2017-12-13	14.5	14.5	14.9	14.9	21400.0
2017-12-14	14.8	14.7	14.8	14.8	29800.0
2017-12-15	14.7	14.7	14.9	14.9	141900.0
2017-12-18	14.7	14.7	14.9	14.7	164200.0
2017-12-19	14.7	14.7	14.8	14.8	35000.0
2017-12-20	14.7	14.7	14.7	14.7	100.0
2017-12-21	14.7	14.7	14.8	14.7	73100.0
2017-12-22	14.7	14.7	14.8	14.8	33000.0
2017-12-25	14.8	14.7	14.8	14.8	2900.0
2017-12-26	14.9	14.7	14.9	14.7	55900.0
2017-12-27	14.7	14.7	14.7	14.7	29500.0
2017-12-28	14.7	14.7	15.0	14.9	87900.0
2017-12-29	14.9	14.9	15.0	15.0	14300.0
2018-01-03	15.0	15.0	15.0	15.0	600.0
2018-01-04	14.7	14.7	14.8	14.8	115900.0
2018-01-05	14.8	14.8	15.0	14.9	250100.0
2018-01-08	14.9	14.9	15.2	15.2	413700.0
2018-01-09	15.1	15.1	15.1	15.1	1000.0
2018-01-10	15.1	15.1	15.2	15.2	145700.0
2018-01-11	15.2	15.1	15.2	15.1	9800.0
2018-01-12	15.1	15.1	15.2	15.1	57500.0
2018-01-15	15.1	15.1	15.1	15.1	14400.0
2018-01-16	15.1	15.1	16.0	16.0	188400.0
2018-01-17	15.6	15.3	15.9	15.3	143000.0
2018-01-18	15.3	15.2	15.3	15.2	28200.0
2018-01-19	15.2	15.0	15.4	15.4	62100.0
2018-01-22	15.4	15.0	15.5	15.2	47000.0
2018-01-23	15.2	15.2	15.3	15.2	12900.0
2018-01-24	15.2	15.0	15.2	15.0	70300.0
2018-01-25	15.4	15.0	15.4	15.1	9400.0
2018-01-26	15.1	14.7	15.1	14.9	42400.0
2018-01-29	14.9	14.9	15.0	14.9	11600.0
2018-01-30	14.7	14.7	14.9	14.9	32800.0
2018-01-31	14.9	14.7	14.9	14.9	371100.0
2018-02-01	14.9	14.8	14.9	14.9	244300.0
2018-02-02	14.8	14.8	15.0	15.0	58500.0
2018-02-05	15.0	14.9	15.0	15.0	369000.0
2018-02-06	14.8	14.8	15.0	15.0	530600.0
2018-02-07	15.1	15.1	15.2	15.1	12900.0
2018-02-08	15.1	15.0	15.2	15.2	27800.0
2018-02-09	15.3	15.2	15.4	15.4	102200.0
2018-02-12	15.2	15.2	15.4	15.4	70500.0
2018-02-13	15.4	15.3	15.7	15.7	385900.0
2018-02-14	15.6	15.4	15.6	15.4	42700.0
2018-02-15	15.6	15.4	15.6	15.4	6600.0
2018-02-16	15.6	15.4	15.6	15.4	32600.0
2018-02-19	15.6	15.2	15.6	15.4	72300.0
2018-02-20	15.4	15.0	15.4	15.4	28100.0
2018-02-21	15.3	15.2	15.4	15.4	84500.0
2018-02-22	15.4	15.3	15.4	15.3	1300.0
2018-02-23	15.4	15.2	15.4	15.4	77300.0
2018-02-26	15.1	15.0	15.2	15.1	570400.0
2018-02-27	15.2	15.1	15.3	15.3	7900.0
2018-02-28	15.2	15.1	15.2	15.1	1100.0
2018-03-02	14.9	14.9	15.5	15.1	24300.0
2018-03-05	15.4	15.1	15.4	15.4	21500.0
2018-03-06	15.4	15.0	15.4	15.1	337600.0
2018-03-07	15.2	15.0	15.2	15.2	166600.0
2018-03-09	15.2	15.1	15.2	15.1	9400.0
2018-03-12	15.2	15.2	15.4	15.4	32800.0
2018-03-14	15.3	15.0	15.4	15.0	18000.0
2018-03-15	15.2	15.2	15.4	15.4	7200.0
2018-03-16	15.4	15.1	15.4	15.3	3700.0
2018-03-19	15.3	15.3	15.5	15.5	65000.0
2018-03-20	15.4	15.2	15.4	15.2	43900.0
2018-03-21	15.3	15.3	15.3	15.3	50100.0
2018-03-22	15.4	15.3	15.4	15.3	37400.0
2018-03-26	15.4	15.3	15.4	15.3	7700.0
2018-03-27	15.4	15.3	15.4	15.3	1500.0
2018-03-28	15.3	15.3	15.4	15.3	23900.0
2018-03-29	15.3	15.1	15.3	15.2	58400.0
2018-03-30	15.5	15.0	15.5	15.5	18800.0
2018-04-02	15.1	15.1	15.4	15.3	9400.0
2018-04-03	15.4	15.4	15.5	15.5	2000.0
2018-04-04	15.5	15.3	15.5	15.5	409700.0
2018-04-05	15.4	15.3	15.4	15.4	57000.0
2018-04-09	15.5	15.4	15.5	15.4	26700.0
2018-04-10	15.4	15.4	15.6	15.6	5100.0
2018-04-11	15.5	15.5	15.7	15.6	105400.0
2018-04-17	15.6	15.6	15.7	15.6	153700.0
2018-04-18	15.7	15.6	15.7	15.6	51800.0
2018-04-19	15.7	15.6	15.7	15.7	7300.0
2018-04-20	15.7	15.6	15.7	15.6	63500.0
2018-04-23	15.6	15.6	15.6	15.6	45100.0
2018-04-24	15.7	15.6	15.7	15.6	57300.0
2018-04-25	15.6	15.6	15.7	15.6	293600.0
2018-04-26	15.6	15.6	15.7	15.7	27200.0
2018-04-27	15.7	15.7	15.7	15.7	1000.0
2018-04-30	15.7	15.7	15.7	15.7	18300.0
2018-05-02	15.6	15.6	15.7	15.6	159700.0
2018-05-03	15.6	15.5	15.6	15.5	97500.0
2018-05-04	15.5	15.4	15.5	15.5	220600.0
2018-05-07	15.5	15.5	15.6	15.6	116200.0
2018-05-08	15.6	15.6	15.6	15.6	90000.0
2018-05-09	15.6	15.5	15.7	15.7	61700.0
2018-05-10	15.6	15.6	15.6	15.6	187600.0
2018-05-11	15.6	15.5	15.6	15.5	123100.0
2018-05-14	15.5	15.5	15.5	15.5	177700.0
2018-05-15	15.5	15.5	15.5	15.5	312900.0
2018-05-16	15.6	15.5	15.7	15.5	468100.0
2018-05-17	15.5	15.5	15.6	15.6	45000.0
2018-05-18	15.5	15.5	15.7	15.7	9800.0
2018-05-21	15.8	15.8	15.9	15.8	102500.0
2018-05-22	15.8	15.8	15.9	15.8	155900.0
2018-05-23	15.8	15.8	15.8	15.8	101200.0
2018-05-24	15.8	15.8	15.8	15.8	67000.0
2018-05-25	15.8	15.8	15.8	15.8	261100.0
2018-05-28	15.8	15.8	15.8	15.8	458600.0
2018-05-30	15.8	15.4	15.8	15.6	84300.0
2018-05-31	15.6	15.5	15.8	15.8	211400.0
2018-06-05	15.8	15.8	15.9	15.9	40100.0
2018-06-06	15.9	15.8	15.9	15.8	12900.0
2018-06-07	15.8	15.7	15.8	15.7	3100.0
2018-06-08	15.8	15.7	15.8	15.8	21000.0
2018-06-11	15.8	15.6	15.8	15.6	70500.0
2018-06-12	15.7	15.7	15.7	15.7	1000.0
2018-06-13	15.6	15.5	15.7	15.7	51100.0
2018-06-14	15.6	15.6	15.7	15.7	109900.0
2018-06-15	15.7	15.5	15.8	15.5	141800.0
2018-06-18	15.5	15.5	15.5	15.5	9100.0
2018-06-19	15.5	15.4	15.5	15.4	116100.0
2018-06-20	15.4	15.4	15.4	15.4	68900.0
2018-06-21	15.3	15.3	15.3	15.3	41300.0
2018-06-22	15.2	15.1	15.2	15.1	450900.0
2018-06-25	15.0	14.9	15.0	15.0	498300.0
2018-06-26	15.1	15.0	15.1	15.0	20200.0
2018-06-27	15.0	15.0	15.0	15.0	168300.0
2018-06-28	15.0	15.0	15.3	15.3	11500.0
2018-06-29	15.0	15.0	15.2	15.2	59300.0
2018-07-02	15.2	15.2	15.2	15.2	27400.0
2018-07-03	15.2	15.2	15.4	15.4	17100.0
2018-07-04	15.4	15.4	15.5	15.5	14500.0
2018-07-05	15.5	15.4	15.5	15.4	20700.0
2018-07-06	15.4	15.4	15.4	15.4	5700.0
2018-07-09	15.4	15.4	15.4	15.4	4200.0
2018-07-10	15.4	15.4	15.4	15.4	100.0
2018-07-11	15.4	15.4	15.4	15.4	267700.0
2018-07-12	15.5	15.5	15.5	15.5	18500.0
2018-07-13	15.5	15.4	15.5	15.4	1700.0
2018-07-16	15.5	15.4	15.5	15.4	3000.0
2018-07-17	15.4	15.4	15.5	15.5	14700.0
2018-07-18	15.4	15.3	15.4	15.3	57200.0
2018-07-19	15.4	15.4	15.4	15.4	7700.0
2018-07-20	15.4	15.4	15.5	15.5	2200.0
2018-07-23	15.5	15.5	15.5	15.5	13700.0
2018-07-24	15.4	15.4	15.5	15.5	31100.0
2018-07-25	15.4	15.4	15.5	15.5	24000.0
2018-07-26	15.5	15.5	15.5	15.5	20000.0
2018-07-31	15.5	15.4	15.5	15.5	119100.0
2018-08-01	15.5	15.5	15.9	15.7	4400.0
2018-08-02	15.6	15.5	15.6	15.5	19000.0
2018-08-03	15.5	15.5	15.6	15.5	16200.0
2018-08-06	15.9	15.8	16.0	15.9	76400.0
2018-08-07	15.8	15.8	15.8	15.8	121800.0
2018-08-08	15.9	15.9	15.9	15.9	5800.0
2018-08-09	15.8	15.8	15.9	15.9	2300.0
2018-08-10	15.9	15.9	15.9	15.9	67900.0
2018-08-14	15.8	15.8	15.9	15.9	146300.0
2018-08-15	15.8	15.8	15.8	15.8	200.0
2018-08-16	15.7	15.7	15.7	15.7	3600.0
2018-08-17	15.7	15.7	15.7	15.7	3900.0
2018-08-20	15.7	15.7	15.7	15.7	9000.0
2018-08-21	15.7	15.7	16.1	16.1	49100.0
2018-08-22	16.0	16.0	16.2	16.2	173500.0
2018-08-23	16.2	16.2	16.3	16.2	52000.0
2018-08-24	16.2	16.2	16.5	16.5	43200.0
2018-08-27	15.7	15.7	16.2	16.2	6000.0
2018-08-28	16.2	16.0	16.2	16.1	13700.0
2018-08-29	16.1	16.1	16.1	16.1	2500.0
2018-08-30	16.1	16.1	16.2	16.2	15000.0
2018-08-31	16.1	16.0	16.1	16.0	500500.0
2018-09-03	16.3	16.3	16.3	16.3	300.0
2018-09-04	16.3	16.2	16.3	16.2	20000.0
2018-09-05	16.1	15.7	16.1	16.0	39400.0
2018-09-06	16.2	15.8	16.2	15.8	3600.0
2018-09-07	15.9	15.9	16.2	16.2	201700.0
2018-09-10	16.2	16.2	16.2	16.2	1000.0
2018-09-12	16.0	16.0	16.2	16.2	307800.0
2018-09-13	16.2	16.1	16.2	16.1	91000.0
2018-09-14	16.1	16.1	16.2	16.1	136000.0
2018-09-17	16.3	16.0	16.3	16.2	188900.0
2018-09-18	16.2	16.1	16.2	16.1	258400.0
2018-09-19	16.2	16.2	16.2	16.2	8600.0
2018-09-20	16.2	16.2	16.2	16.2	800.0
2018-09-24	16.2	15.8	16.2	15.8	191600.0
2018-09-25	15.8	15.8	15.9	15.9	707400.0
2018-09-26	15.9	15.8	15.9	15.8	91000.0
2018-09-27	15.8	15.7	15.9	15.7	62600.0
2018-09-28	15.8	15.7	15.8	15.8	31800.0
2018-10-01	15.8	15.8	15.9	15.9	68700.0
2018-10-03	15.9	15.9	16.1	16.1	177700.0
2018-10-04	16.1	15.9	16.1	16.0	59600.0
2018-10-05	16.0	15.9	16.0	16.0	257000.0
2018-10-08	15.9	15.8	15.9	15.9	280200.0
2018-10-09	15.9	15.8	15.9	15.9	56700.0
2018-10-10	15.9	15.9	16.0	16.0	13400.0
2018-10-11	15.9	15.9	15.9	15.9	17700.0
2018-10-12	15.9	15.9	15.9	15.9	4000.0
2018-10-16	15.8	15.8	15.9	15.9	240800.0
2018-10-17	15.8	15.8	15.9	15.9	329000.0
2018-10-18	15.9	15.9	16.0	16.0	15200.0
2018-10-19	16.0	15.9	16.0	15.9	25800.0
2018-10-22	15.9	15.9	15.9	15.9	100.0
2018-10-24	15.8	15.8	16.0	16.0	100900.0
2018-10-25	15.9	15.8	15.9	15.8	20000.0
2018-10-26	15.8	15.8	16.0	15.9	612600.0
2018-10-29	16.0	15.9	16.5	16.0	115400.0
2018-10-30	15.9	15.9	16.0	15.9	10400.0
2018-10-31	16.1	15.8	16.1	16.1	515500.0
2018-11-01	16.1	16.1	16.2	16.2	36200.0
2018-11-02	16.2	16.2	16.3	16.3	12200.0
2018-11-05	16.3	16.2	16.4	16.4	104800.0
2018-11-06	16.4	16.4	16.5	16.5	113800.0
2018-11-07	16.5	16.5	16.5	16.5	68000.0
2018-11-08	16.5	16.5	16.7	16.6	188600.0
2018-11-09	16.6	16.6	16.8	16.8	175900.0
2018-11-12	16.6	16.5	16.6	16.5	31200.0
2018-11-13	16.4	16.3	16.4	16.4	7100.0
2018-11-14	16.3	16.3	16.3	16.3	3800.0
2018-11-15	16.3	16.3	16.3	16.3	32600.0
2018-11-16	16.3	16.3	16.5	16.5	14200.0
2018-11-19	16.5	16.5	16.5	16.5	400.0
2018-11-20	16.5	16.4	16.6	16.6	92000.0
2018-11-21	16.6	16.6	16.6	16.6	1100.0
2018-11-23	16.5	16.5	16.6	16.6	13800.0
2018-11-26	16.6	16.6	16.6	16.6	122400.0
2018-11-27	16.6	16.6	16.6	16.6	125200.0
2018-11-28	16.5	16.5	16.5	16.5	3400.0
2018-11-30	16.5	16.5	16.5	16.5	9600.0
2018-12-03	16.4	16.4	16.5	16.4	28500.0
2018-12-04	16.4	16.4	16.5	16.5	21100.0
2018-12-06	16.5	16.5	16.5	16.5	19600.0
2018-12-07	16.5	16.5	16.6	16.5	48400.0
2018-12-11	16.5	16.5	16.5	16.5	66700.0
2018-12-12	16.5	16.5	16.5	16.5	115000.0
2018-12-14	16.5	16.4	16.5	16.5	490400.0
2018-12-17	16.4	16.4	16.4	16.4	31200.0
2018-12-18	16.4	16.4	16.4	16.4	2400.0
2018-12-19	16.4	16.4	16.4	16.4	67600.0
2018-12-20	16.3	16.3	16.4	16.3	10000.0
2018-12-21	16.3	16.3	16.3	16.3	33700.0
2018-12-24	16.2	16.2	16.2	16.2	3500.0
2018-12-25	16.2	16.1	16.3	16.1	82000.0
2018-12-26	16.1	16.1	16.2	16.1	6900.0
2018-12-27	16.1	16.1	16.2	16.1	10300.0
2018-12-28	16.2	16.2	16.2	16.2	4700.0
2019-01-02	16.2	16.0	16.2	16.1	174800.0
2019-01-03	16.2	16.1	16.2	16.2	39800.0
2019-01-04	16.2	16.2	16.2	16.2	11600.0
2019-01-07	16.2	16.2	16.2	16.2	27400.0
2019-01-08	16.2	16.0	16.2	16.2	128200.0
2019-01-09	16.1	16.1	16.1	16.1	4000.0
2019-01-10	16.2	16.1	16.2	16.1	15100.0
2019-01-11	16.3	16.1	16.4	16.1	98100.0
2019-01-14	16.1	16.0	16.1	16.0	39100.0
2019-01-15	16.1	16.1	16.3	16.3	21000.0
2019-01-16	16.3	16.3	16.4	16.3	300.0
2019-01-17	16.3	16.1	16.3	16.2	53800.0
2019-01-18	16.1	16.0	16.2	16.2	85800.0
2019-01-21	16.2	16.0	16.2	16.2	15900.0
2019-01-22	16.2	16.1	16.2	16.2	12500.0
2019-01-23	16.2	16.0	16.2	16.2	225300.0
2019-01-24	16.2	16.1	16.2	16.2	73600.0
2019-01-25	16.2	16.0	16.2	16.0	180400.0
2019-01-28	16.1	16.0	16.2	16.2	180600.0
2019-01-29	16.1	16.1	16.2	16.2	28300.0
2019-01-30	16.1	16.1	16.3	16.3	15800.0
2019-01-31	16.3	16.3	16.3	16.3	39700.0
2019-02-01	16.3	16.3	16.3	16.3	10000.0
2019-02-04	16.3	16.3	16.4	16.4	129900.0
2019-02-05	16.3	16.3	16.4	16.4	133500.0
2019-02-06	16.6	16.5	16.6	16.5	32100.0
2019-02-07	16.5	16.5	16.5	16.5	200.0
2019-02-08	16.5	16.5	16.5	16.5	600.0
2019-02-11	16.4	16.4	16.4	16.4	130000.0
2019-02-12	16.4	16.4	16.8	16.8	289700.0
2019-02-13	16.8	16.7	16.8	16.7	52100.0
2019-02-14	16.7	16.7	16.8	16.8	23700.0
2019-02-15	16.7	16.7	16.7	16.7	355600.0
2019-02-18	16.7	16.6	16.7	16.6	200200.0
2019-02-20	16.7	16.7	16.8	16.7	440700.0
2019-02-21	16.8	16.7	16.8	16.8	115300.0
2019-02-22	16.8	16.8	16.9	16.8	36100.0
2019-02-25	16.7	16.5	16.7	16.5	19100.0
2019-02-26	16.6	16.5	16.6	16.5	20500.0
2019-02-27	16.6	16.6	16.7	16.7	83400.0
2019-03-01	16.7	16.7	16.7	16.7	28900.0
2019-03-04	16.5	16.5	16.5	16.5	67600.0
2019-03-05	16.5	16.5	16.6	16.6	13500.0
2019-03-06	16.5	16.5	16.6	16.6	202000.0
2019-03-07	16.6	16.5	16.6	16.6	205000.0
2019-03-08	16.6	16.6	16.8	16.8	56600.0
2019-03-11	16.8	16.8	16.9	16.9	60100.0
2019-03-12	17.0	17.0	17.0	17.0	134200.0
2019-03-13	17.0	17.0	17.1	17.0	6300.0
2019-03-14	17.1	17.1	17.3	17.3	165500.0
2019-03-15	17.3	17.2	17.6	17.3	485600.0
2019-03-18	17.5	17.2	17.5	17.2	214900.0
2019-03-19	17.4	17.4	17.4	17.4	5400.0
2019-03-20	17.5	17.5	17.5	17.5	8200.0
2019-03-21	17.4	17.4	17.5	17.4	104900.0
2019-03-22	17.5	17.5	17.8	17.8	87000.0
2019-03-25	18.0	17.9	18.0	17.9	133200.0
2019-03-26	18.0	18.0	18.7	18.6	802900.0
2019-03-27	18.6	18.6	18.7	18.6	402800.0
2019-03-28	18.6	18.2	18.7	18.6	27800.0
2019-03-29	18.5	18.3	18.5	18.5	49800.0
2019-04-01	18.6	18.5	18.9	18.8	332000.0
2019-04-02	19.0	18.8	19.0	18.8	104000.0
2019-04-03	18.8	18.8	18.8	18.8	86200.0
2019-04-04	18.8	18.6	18.9	18.9	256600.0
2019-04-05	18.9	18.9	19.0	18.9	158700.0
2019-04-09	19.0	18.7	19.0	18.7	10200.0
2019-04-10	18.7	18.7	19.0	19.0	351200.0
2019-04-11	18.8	18.8	19.0	18.9	103200.0
2019-04-12	18.9	18.8	18.9	18.8	5500.0
2019-04-17	18.9	18.9	19.0	19.0	144600.0
2019-04-18	19.0	19.0	19.0	19.0	3000.0
2019-04-19	19.0	19.0	19.0	19.0	199200.0
2019-04-22	19.0	18.7	19.0	18.9	60600.0
2019-04-23	18.8	18.8	19.0	18.8	4900.0
2019-04-24	18.9	18.9	19.0	18.9	41000.0
2019-04-25	18.9	18.9	19.0	19.0	31800.0
2019-04-26	19.0	18.9	19.0	18.9	24200.0
2019-04-29	18.9	18.9	19.0	19.0	60900.0
2019-04-30	19.0	18.9	19.0	18.9	5500.0
2019-05-02	19.0	19.0	19.0	19.0	137900.0
2019-05-03	18.9	18.9	19.1	19.1	63500.0
2019-05-07	19.2	19.0	19.2	19.2	199100.0
2019-05-08	19.0	19.0	19.1	19.0	47600.0
2019-05-09	18.8	18.8	19.1	19.1	67200.0
2019-05-10	19.1	19.1	19.2	19.2	65800.0
2019-05-13	19.0	19.0	19.2	19.2	187400.0
2019-05-14	19.2	19.2	19.2	19.2	307200.0
2019-05-15	19.2	19.2	19.2	19.2	103400.0
2019-05-16	19.2	19.2	19.3	19.3	251200.0
2019-05-17	19.3	19.1	19.4	19.1	129500.0
2019-05-21	19.1	19.1	19.1	19.1	3000.0
2019-05-22	19.1	19.0	19.1	19.1	165100.0
2019-05-23	19.1	19.1	19.1	19.1	3100.0
2019-05-24	19.1	19.0	19.1	19.0	296500.0
2019-05-27	19.1	19.1	19.1	19.1	23000.0
2019-05-28	19.1	19.1	19.1	19.1	140200.0
2019-05-29	19.2	19.1	19.2	19.1	54300.0
2019-05-30	19.1	18.9	19.1	19.0	192300.0
2019-05-31	18.7	18.5	18.8	18.7	372600.0
2019-06-04	18.5	18.5	18.7	18.7	28200.0
2019-06-05	18.5	18.5	18.9	18.8	180400.0
2019-06-06	19.0	19.0	19.0	19.0	10300.0
2019-06-07	18.8	18.8	18.9	18.9	40000.0
2019-06-10	18.8	18.7	18.9	18.9	57900.0
2019-06-11	18.8	18.8	18.9	18.9	79600.0
2019-06-12	18.9	18.9	18.9	18.9	5000.0
2019-06-13	18.8	18.8	18.8	18.8	39800.0
2019-06-14	18.8	18.7	18.8	18.8	68600.0
2019-06-17	18.7	18.5	18.7	18.7	547600.0
2019-06-18	18.7	18.7	18.7	18.7	60000.0
2019-06-19	18.7	18.7	18.8	18.8	345400.0
2019-06-20	18.8	18.8	19.0	18.9	411200.0
2019-06-21	18.9	18.8	19.0	18.9	313700.0
2019-06-24	18.9	18.8	19.2	19.2	365100.0
2019-06-25	19.2	19.2	19.3	19.3	360400.0
2019-06-26	19.3	19.3	19.7	19.7	610300.0
2019-06-27	19.7	19.4	20.0	20.0	843700.0
2019-06-28	19.8	19.8	20.1	20.1	1257500.0
2019-07-01	20.1	20.0	20.4	20.4	124000.0
2019-07-02	20.3	20.0	20.3	20.0	201000.0
2019-07-03	20.0	19.9	20.1	20.1	37800.0
2019-07-04	20.0	20.0	20.3	20.1	466200.0
2019-07-05	20.1	20.0	20.1	20.0	359300.0
2019-07-08	20.0	19.9	20.5	20.4	238600.0
2019-07-09	20.4	20.4	20.5	20.5	297000.0
2019-07-10	20.5	20.4	20.5	20.4	335200.0
2019-07-11	20.4	20.3	20.4	20.3	72700.0
2019-07-12	20.2	20.2	20.3	20.2	150300.0
2019-07-15	20.2	20.0	20.3	20.0	118200.0
2019-07-17	19.3	19.3	19.7	19.3	256100.0
2019-07-18	19.2	19.2	19.7	19.7	113700.0
2019-07-19	19.8	19.7	19.8	19.8	20600.0
2019-07-22	19.6	19.6	19.7	19.7	114700.0
2019-07-23	19.7	19.7	19.8	19.7	63500.0
2019-07-24	19.7	19.7	19.8	19.7	360800.0
2019-07-25	19.8	19.8	20.0	20.0	44300.0
2019-07-26	20.0	19.7	20.0	19.7	48800.0
2019-07-30	19.7	19.7	19.9	19.7	168700.0
2019-07-31	19.7	19.7	19.9	19.9	15700.0
2019-08-01	19.7	19.7	19.8	19.8	2000.0
2019-08-02	19.7	19.7	19.8	19.8	5800.0
2019-08-05	19.7	19.6	19.8	19.7	86800.0
2019-08-06	19.7	19.7	19.9	19.8	42500.0
2019-08-07	19.7	19.7	20.0	19.9	44000.0
2019-08-08	19.9	19.9	20.1	20.1	170300.0
2019-08-09	20.1	20.0	20.2	20.0	219800.0
2019-08-13	20.2	20.0	20.2	20.2	4000.0
2019-08-14	20.2	19.8	20.2	19.8	17300.0
2019-08-15	19.8	19.7	19.8	19.8	155300.0
2019-08-16	19.8	19.8	19.9	19.8	84300.0
2019-08-19	19.8	19.8	19.8	19.8	129100.0
2019-08-20	19.8	19.7	19.8	19.7	13400.0
2019-08-21	19.7	19.6	19.7	19.6	41700.0
2019-08-22	19.6	19.5	19.7	19.7	39100.0
2019-08-23	19.6	19.6	20.0	20.0	10000.0
2019-08-26	19.7	19.7	19.9	19.9	22900.0
2019-08-27	19.7	19.7	19.7	19.7	100.0
2019-08-28	19.7	19.7	20.0	20.0	47000.0
2019-08-29	20.0	20.0	20.0	20.0	10000.0
2019-08-30	20.0	20.0	20.0	20.0	11900.0
2019-09-02	19.9	19.9	20.0	20.0	202500.0
2019-09-03	20.0	19.8	20.0	20.0	318000.0
2019-09-04	19.8	19.8	20.0	19.8	2100.0
2019-09-05	19.8	19.8	19.8	19.8	3500.0
2019-09-06	19.8	19.6	19.8	19.6	37400.0
2019-09-09	19.7	19.4	19.7	19.7	128300.0
2019-09-10	19.7	19.5	20.0	20.0	111800.0
2019-09-11	20.0	19.7	20.0	19.8	829100.0
2019-09-12	19.7	19.7	20.0	19.7	347900.0
2019-09-13	19.8	19.5	19.8	19.7	50700.0
2019-09-16	19.7	19.5	19.7	19.6	7700.0
2019-09-17	19.6	19.5	19.8	19.8	218000.0
2019-09-18	19.8	19.8	19.8	19.8	21000.0
2019-09-19	19.8	19.8	19.9	19.8	35000.0
2019-09-20	19.8	19.8	19.9	19.9	62300.0
2019-09-23	19.9	19.8	19.9	19.8	3500.0
2019-09-24	19.8	19.8	19.9	19.9	302500.0
2019-09-25	19.9	19.9	20.1	20.1	193200.0
2019-09-26	20.1	19.8	20.1	20.0	4000.0
2019-09-27	20.0	19.7	20.0	19.8	19900.0
2019-09-30	19.8	19.6	19.9	19.9	16500.0
2019-10-01	19.9	19.9	20.0	19.9	83000.0
2019-10-02	20.0	20.0	20.1	20.0	67700.0
2019-10-03	20.0	20.0	20.1	20.0	15300.0
2019-10-04	20.1	20.1	20.3	20.3	230300.0
2019-10-07	20.4	20.3	20.4	20.4	98500.0
2019-10-08	20.3	20.3	20.4	20.4	60300.0
2019-10-09	20.5	20.3	20.5	20.4	103500.0
2019-10-10	20.5	20.3	20.5	20.5	31400.0
2019-10-11	20.5	20.4	20.7	20.7	188900.0
2019-10-15	20.7	20.7	20.7	20.7	26800.0
2019-10-16	20.7	20.5	20.7	20.7	502200.0
2019-10-17	20.6	20.5	20.6	20.5	606800.0
2019-10-18	20.3	20.2	20.4	20.3	268200.0
2019-10-21	20.4	20.3	20.4	20.4	49100.0
2019-10-22	20.3	20.2	20.5	20.5	90100.0
2019-10-24	20.5	20.4	20.5	20.5	216100.0
2019-10-25	20.5	20.2	20.5	20.4	3800.0
2019-10-28	19.2	19.2	20.0	19.9	48000.0
2019-10-29	19.5	19.5	19.9	19.9	75900.0
2019-10-30	19.5	19.5	19.9	19.9	2100.0
2019-10-31	19.9	19.9	19.9	19.9	44400.0
2019-11-01	19.9	19.9	20.1	20.1	3600.0
2019-11-04	20.1	20.0	20.1	20.1	3200.0
2019-11-05	20.1	20.1	20.3	20.1	219900.0
2019-11-06	20.0	20.0	20.1	20.1	452300.0
2019-11-07	20.1	20.0	20.1	20.0	31200.0
2019-11-08	20.0	20.0	20.1	20.1	42900.0
2019-11-11	19.5	19.5	19.7	19.6	25400.0
2019-11-12	19.6	19.2	19.7	19.7	143900.0
2019-11-13	19.8	19.8	20.0	20.0	28000.0
2019-11-14	19.7	19.7	19.8	19.8	44600.0
2019-11-15	19.4	19.3	19.5	19.5	46000.0
2019-11-18	19.3	19.3	19.5	19.5	21000.0
2019-11-19	19.5	19.4	19.5	19.4	250100.0
2019-11-20	19.4	19.4	19.4	19.4	152200.0
2019-11-21	19.4	19.3	19.4	19.4	11500.0
2019-11-22	19.4	19.4	19.4	19.4	151000.0
2019-11-25	19.4	19.4	19.4	19.4	515700.0
2019-11-26	19.4	19.4	19.6	19.5	48600.0
2019-11-27	19.5	19.5	19.6	19.5	63100.0
2019-11-28	19.5	19.5	19.8	19.7	62100.0
2019-11-29	19.6	19.6	19.7	19.7	822700.0
2019-12-02	19.8	19.7	19.8	19.8	43400.0
2019-12-03	19.7	19.6	19.7	19.7	224600.0
2019-12-04	19.7	19.7	19.7	19.7	51000.0
2019-12-06	19.7	19.7	19.7	19.7	142000.0
2019-12-09	19.7	19.7	19.7	19.7	227700.0
2019-12-11	19.9	19.5	19.9	19.7	41100.0
2019-12-12	19.7	19.5	19.7	19.5	19100.0
2019-12-13	19.4	19.2	19.4	19.4	246700.0
2019-12-16	19.4	19.0	19.4	19.1	253100.0
2019-12-17	19.0	18.8	19.0	18.9	43500.0
2019-12-18	18.8	18.3	18.8	18.4	130200.0
2019-12-19	18.3	18.3	19.8	19.2	195800.0
2019-12-20	19.5	19.2	19.5	19.4	20600.0
2019-12-23	19.2	19.1	19.4	19.2	11200.0
2019-12-24	19.2	19.2	19.6	19.5	129600.0
2019-12-25	19.3	19.3	19.4	19.4	98100.0
2019-12-26	19.2	18.4	19.5	19.5	71400.0
2019-12-27	19.6	19.5	19.6	19.5	9000.0
2019-12-30	19.5	19.5	19.6	19.5	101000.0
2020-01-02	19.5	19.5	19.6	19.6	67500.0
2020-01-03	19.6	19.6	19.6	19.6	104800.0
2020-01-06	19.6	19.6	19.8	19.8	27100.0
2020-01-07	19.8	19.8	20.0	20.0	26600.0
2020-01-08	19.7	19.6	19.7	19.7	3400.0
2020-01-09	19.6	19.5	19.6	19.5	61200.0
2020-01-10	19.5	19.5	19.7	19.7	32200.0
2020-01-13	19.7	19.7	19.8	19.7	71200.0
2020-01-14	19.9	19.8	20.0	20.0	173700.0
2020-01-15	19.8	19.8	19.8	19.8	165100.0
2020-01-16	19.8	19.5	19.8	19.6	269100.0
2020-01-17	19.5	19.3	19.5	19.3	34000.0
2020-01-20	19.3	19.3	19.7	19.4	104400.0
2020-01-21	19.4	19.4	19.5	19.5	197600.0
2020-01-22	19.5	19.5	19.5	19.5	243100.0
2020-01-23	19.5	19.5	19.5	19.5	2500.0
2020-01-24	19.2	19.2	19.4	19.4	273900.0
2020-01-27	19.4	19.0	19.4	19.0	32200.0
2020-01-28	19.0	18.7	19.0	18.7	50700.0
2020-01-29	18.7	18.4	18.7	18.7	609800.0
2020-01-31	18.6	18.5	18.8	18.8	213700.0
2020-02-03	18.5	18.5	18.6	18.5	130600.0
2020-02-04	18.7	18.3	18.7	18.6	60100.0
2020-02-05	18.6	18.5	18.7	18.5	206600.0
2020-02-06	18.5	18.4	18.5	18.4	27400.0
2020-02-07	18.4	18.3	18.4	18.3	58800.0
2020-02-11	18.3	18.3	18.5	18.5	38100.0
2020-02-12	18.5	18.3	18.5	18.4	79300.0
2020-02-13	18.3	18.1	18.3	18.3	134900.0
2020-02-14	18.4	18.3	18.4	18.3	11000.0
2020-02-17	18.3	18.3	18.3	18.3	66900.0
2020-02-18	18.3	18.0	18.3	18.2	122200.0
2020-02-19	18.3	18.3	18.5	18.4	107900.0
2020-02-20	18.5	18.2	18.5	18.2	74600.0
2020-02-21	18.3	18.0	18.3	18.1	71400.0
2020-02-24	18.4	17.0	18.4	17.5	166900.0
2020-02-25	17.3	16.5	17.3	16.8	178400.0
2020-02-26	17.0	16.8	17.2	16.9	233800.0
2020-02-27	16.7	16.5	16.8	16.8	260000.0
2020-02-28	16.7	15.8	16.7	16.3	299300.0
2020-03-02	16.3	15.9	16.3	16.0	81900.0
2020-03-03	16.0	16.0	16.1	16.0	97100.0
2020-03-04	16.0	16.0	16.1	16.0	147700.0
2020-03-05	16.0	16.0	16.2	16.0	209700.0
2020-03-06	16.0	15.9	16.0	16.0	104400.0
2020-03-09	16.0	15.8	16.0	15.8	118900.0
2020-03-10	15.7	15.0	15.7	15.2	203800.0
2020-03-11	15.0	13.4	15.0	13.6	467800.0
2020-03-12	13.6	11.7	13.6	12.0	2579300.0
2020-03-13	11.7	11.4	11.7	11.4	700100.0
2020-03-16	11.4	10.9	11.7	10.9	444000.0
2020-03-17	10.5	9.95	10.5	9.95	859100.0
2020-03-18	10.1	10.0	10.5	10.0	107000.0
2020-03-19	10.0	10.0	10.1	10.1	99300.0
2020-03-20	10.0	9.95	10.4	10.3	709500.0
2020-03-23	10.0	9.75	10.0	9.9	210100.0
2020-03-24	10.3	9.5	10.3	9.9	411900.0
2020-03-25	10.1	9.85	10.1	10.1	459600.0
2020-03-26	10.1	10.1	10.6	10.6	307300.0
2020-03-27	10.7	10.6	12.0	11.3	67100.0
2020-03-30	11.3	11.2	12.0	12.0	468700.0
2020-03-31	12.2	12.0	13.7	13.7	1279100.0
2020-04-01	13.7	12.5	13.7	13.0	548800.0
2020-04-02	13.0	12.8	13.2	13.2	183900.0
2020-04-03	13.1	12.8	13.3	12.8	123500.0
2020-04-07	12.9	12.0	12.9	12.0	798900.0
2020-04-08	12.0	11.8	12.0	12.0	856300.0
2020-04-09	12.1	11.7	12.2	11.9	696500.0
2020-04-10	11.9	11.5	11.9	11.6	2305900.0
2020-04-13	11.7	11.6	12.4	11.9	105000.0
2020-04-14	12.0	12.0	13.5	12.0	201800.0
2020-04-15	12.1	11.8	12.1	12.0	276500.0
2020-04-16	12.0	11.7	12.0	11.8	167100.0
2020-04-17	11.8	11.7	11.9	11.8	406000.0
2020-04-20	11.8	11.8	12.2	12.0	109600.0
2020-04-21	11.8	11.8	12.0	11.9	106900.0
2020-04-22	11.8	11.8	12.0	12.0	98700.0
2020-04-23	12.0	12.0	12.0	12.0	19800.0
2020-04-24	12.0	11.9	12.0	11.9	161100.0
2020-04-27	12.0	11.9	12.2	12.1	91200.0
2020-04-28	12.1	12.0	12.2	12.0	158600.0
2020-04-29	12.0	12.0	12.3	12.3	224400.0
2020-04-30	12.3	12.3	12.7	12.6	328600.0
2020-05-05	12.4	12.2	12.6	12.3	191300.0
2020-05-07	12.3	12.3	12.4	12.4	70400.0
2020-05-11	12.5	12.5	12.8	12.8	37800.0
2020-05-12	12.5	12.5	12.5	12.5	23400.0
2020-05-13	12.5	12.3	12.6	12.3	205700.0
2020-05-14	12.4	12.4	12.4	12.4	400.0
2020-05-15	12.3	12.2	12.4	12.4	11000.0
2020-05-18	12.5	12.3	12.5	12.4	3600.0
2020-05-19	12.3	12.3	12.7	12.4	44100.0
2020-05-20	12.3	12.0	12.4	12.1	256300.0
2020-05-21	12.2	12.1	12.2	12.1	1400.0
2020-05-22	12.0	11.9	12.0	11.9	77400.0
2020-05-25	11.9	11.9	12.0	12.0	24000.0
2020-05-26	12.0	12.0	12.2	12.2	5800.0
2020-05-27	12.3	12.1	12.3	12.3	118800.0
2020-05-28	12.5	12.4	12.8	12.8	158500.0
2020-05-29	12.7	12.6	12.8	12.8	34200.0
2020-06-01	12.9	12.7	13.0	12.8	37800.0
2020-06-02	12.8	12.8	13.1	12.8	249000.0
2020-06-04	13.1	12.8	13.5	13.2	207000.0
2020-06-05	13.0	13.0	13.4	13.4	10600.0
2020-06-08	13.5	13.2	13.6	13.3	156700.0
2020-06-09	13.6	13.3	13.6	13.3	17600.0
2020-06-10	13.2	13.0	13.3	13.3	15000.0
2020-06-11	13.4	13.0	13.4	13.4	33300.0
2020-06-12	13.2	12.6	13.2	13.0	16300.0
2020-06-15	13.0	12.6	13.0	12.6	29400.0
2020-06-16	12.9	12.8	13.0	12.8	27400.0
2020-06-17	13.3	12.8	13.5	12.9	32600.0
2020-06-18	13.0	12.8	13.2	12.9	20600.0
2020-06-19	12.9	12.7	13.0	12.8	84700.0
2020-06-22	12.8	12.6	12.8	12.7	28600.0
2020-06-23	12.7	12.6	12.7	12.7	27000.0
2020-06-24	12.7	12.2	12.7	12.2	50600.0
2020-06-25	12.1	11.7	12.4	12.0	261500.0
2020-06-26	12.0	11.6	12.0	11.6	152300.0
2020-06-29	11.6	11.4	11.6	11.5	345300.0
2020-06-30	11.5	11.5	11.8	11.7	12700.0
2020-07-01	11.7	11.4	11.7	11.5	207800.0
2020-07-02	11.6	11.3	11.6	11.4	115300.0
2020-07-03	11.4	11.2	11.4	11.3	210900.0
2020-07-07	11.4	11.3	11.5	11.4	25400.0
2020-07-08	11.4	11.1	11.4	11.3	96800.0
2020-07-09	11.3	10.8	11.3	10.9	205600.0
2020-07-10	10.9	10.1	11.2	10.3	605300.0
2020-07-13	10.3	9.95	10.3	9.95	395400.0
2020-07-14	10.0	9.95	10.1	9.95	210200.0
2020-07-15	10.0	9.85	10.1	9.85	160200.0
2020-07-16	9.9	9.9	10.1	9.95	495600.0
2020-07-17	10.1	10.0	10.1	10.0	93900.0
2020-07-20	10.0	9.85	10.0	9.9	279100.0
2020-07-21	9.9	9.85	9.95	9.95	146300.0
2020-07-22	9.95	9.9	10.0	10.0	253000.0
2020-07-23	9.95	9.95	9.95	9.95	195800.0
2020-07-24	9.9	9.85	9.95	9.95	59500.0
2020-07-29	9.9	9.85	9.95	9.9	67700.0
2020-07-30	9.9	9.65	9.9	9.85	300900.0
2020-07-31	9.85	9.65	9.85	9.7	97100.0
2020-08-03	9.7	9.6	9.7	9.6	142500.0
2020-08-04	9.6	9.6	9.65	9.65	263000.0
2020-08-05	9.7	9.65	9.75	9.75	12900.0
2020-08-06	9.75	9.55	9.75	9.55	183600.0
2020-08-07	9.55	9.2	9.55	9.2	365100.0
2020-08-10	9.25	9.15	9.45	9.4	68600.0
2020-08-11	9.4	9.4	9.7	9.65	4300.0
2020-08-13	9.65	9.65	10.1	10.1	154500.0
2020-08-14	10.1	9.9	10.1	10.0	38400.0
2020-08-17	9.95	9.9	9.95	9.95	20100.0
2020-08-18	9.95	9.9	9.95	9.95	5200.0
2020-08-19	9.95	9.8	9.95	9.85	106700.0
2020-08-20	9.65	9.6	9.85	9.7	8600.0
2020-08-21	9.9	9.85	9.95	9.85	2400.0
2020-08-24	10.0	10.0	10.0	10.0	100.0
2020-08-25	10.0	9.65	10.0	9.95	86200.0
2020-08-26	10.0	9.95	10.0	10.0	67000.0
2020-08-27	10.1	9.75	10.1	9.9	39700.0
2020-08-28	9.9	9.9	10.2	10.2	116700.0
2020-08-31	10.2	10.1	10.4	10.2	60100.0
2020-09-01	10.3	10.2	10.3	10.2	58200.0
2020-09-02	10.3	10.3	10.3	10.3	100.0
2020-09-03	10.2	10.1	10.3	10.1	29100.0
2020-09-08	10.1	10.0	10.1	10.1	6900.0
2020-09-09	10.1	10.1	10.2	10.2	1500.0
2020-09-10	10.1	10.1	10.2	10.2	800.0
2020-09-11	10.2	10.2	10.3	10.2	17500.0
2020-09-14	10.2	10.0	10.2	10.0	29300.0
2020-09-15	9.95	9.9	10.3	10.0	3200.0
2020-09-16	10.2	9.9	10.2	9.9	209400.0
2020-09-17	9.8	9.7	10.0	9.7	285700.0
2020-09-18	9.7	9.65	9.75	9.7	140000.0
2020-09-21	9.75	9.65	9.95	9.7	69200.0
2020-09-22	9.7	9.7	10.1	9.7	295600.0
2020-09-23	9.8	9.7	9.95	9.7	100200.0
2020-09-24	9.65	9.65	9.95	9.9	2200.0
2020-09-25	9.9	9.8	9.9	9.8	2300.0
2020-09-28	9.9	9.9	9.9	9.9	1000.0
2020-09-29	9.8	9.75	9.95	9.85	3000.0
2020-09-30	9.8	9.65	9.8	9.7	161300.0
2020-10-01	9.7	9.65	9.7	9.65	18700.0
2020-10-02	9.65	9.5	9.65	9.6	142900.0
2020-10-05	9.55	9.55	9.9	9.6	4200.0
2020-10-06	9.55	9.55	9.6	9.6	1100.0
2020-10-07	9.6	9.55	9.6	9.6	12400.0
2020-10-08	9.6	9.55	9.65	9.6	10200.0
2020-10-09	9.65	9.65	9.7	9.65	4800.0
2020-10-12	9.9	9.75	9.9	9.75	200.0
2020-10-14	9.95	9.75	9.95	9.85	2900.0
2020-10-15	9.6	9.55	9.75	9.55	6200.0
2020-10-16	9.65	9.55	9.65	9.55	1300.0
2020-10-19	9.55	9.35	9.55	9.35	72500.0
2020-10-20	9.45	9.2	9.45	9.25	136400.0
2020-10-21	9.3	9.2	9.35	9.25	31000.0
2020-10-22	9.25	9.25	9.5	9.3	5700.0
2020-10-26	9.35	9.3	9.35	9.3	6400.0
2020-10-27	9.25	9.25	9.25	9.25	200.0
2020-10-28	9.3	9.3	9.3	9.3	2100.0
2020-10-29	9.25	9.2	9.25	9.2	24500.0
2020-10-30	9.25	9.15	9.25	9.2	15600.0
2020-11-02	9.2	9.1	9.5	9.1	34400.0
2020-11-03	9.15	9.15	9.4	9.2	2200.0
2020-11-04	9.2	9.1	9.2	9.2	22300.0
2020-11-05	9.2	9.15	9.25	9.2	30900.0
2020-11-06	9.2	9.1	9.2	9.2	35300.0
2020-11-09	9.2	9.2	9.25	9.2	13900.0
2020-11-10	10.5	9.3	10.5	9.8	354000.0
2020-11-11	9.95	9.95	10.6	10.4	365000.0
2020-11-12	10.4	10.1	10.4	10.2	19000.0
2020-11-13	10.1	9.85	10.2	10.2	33100.0
2020-11-16	10.2	9.75	10.2	10.0	102400.0
2020-11-17	10.0	10.0	10.2	10.1	200200.0
2020-11-18	10.0	9.75	10.1	10.0	2900.0
2020-11-19	10.0	9.95	10.1	9.95	40000.0
2020-11-20	9.95	9.8	9.95	9.85	382400.0
2020-11-23	9.7	9.7	10.1	10.0	515600.0
2020-11-24	10.0	9.95	10.0	10.0	107200.0
2020-11-25	10.1	10.0	10.1	10.0	397600.0
2020-11-26	10.0	9.95	10.1	9.95	339600.0
2020-11-27	10.0	9.95	10.1	9.95	46600.0
2020-11-30	9.95	9.95	9.95	9.95	159300.0
2020-12-01	9.95	9.95	10.2	10.2	92100.0
2020-12-02	10.1	10.1	10.3	10.2	38000.0
2020-12-03	10.0	10.0	10.1	10.1	65600.0
2020-12-04	10.0	10.0	10.1	10.1	52100.0
2020-12-08	10.1	10.0	10.2	10.0	37600.0
2020-12-09	10.2	10.1	10.5	10.4	358500.0
2020-12-14	10.5	10.5	12.0	10.8	201400.0
2020-12-15	10.8	10.8	11.2	11.0	303200.0
2020-12-16	11.0	11.0	11.2	11.0	97900.0
2020-12-17	11.0	10.8	11.0	11.0	31000.0
2020-12-18	11.1	11.0	11.4	11.1	126700.0
2020-12-21	10.7	10.1	10.7	10.6	360200.0
2020-12-22	10.2	10.2	10.6	10.4	26900.0
2020-12-23	10.3	10.3	10.4	10.4	5400.0
2020-12-24	10.3	10.3	10.5	10.5	51800.0
2020-12-25	10.5	10.3	10.5	10.4	53600.0
2020-12-28	10.4	10.1	10.4	10.2	157500.0
2020-12-29	10.2	10.1	10.2	10.2	77100.0
2020-12-30	10.1	9.95	10.1	10.0	365200.0
2021-01-04	10.0	9.8	10.0	9.9	136200.0
2021-01-05	10.1	9.8	10.1	9.9	26400.0
2021-01-06	10.0	9.9	10.0	10.0	78400.0
2021-01-07	10.1	10.1	10.4	10.2	232600.0
2021-01-08	10.3	10.0	10.3	10.1	93700.0
2021-01-11	10.1	9.9	10.2	10.0	149700.0
2021-01-12	10.0	10.0	10.0	10.0	3400.0
2021-01-13	10.0	9.95	10.0	10.0	17600.0
2021-01-14	10.0	9.85	10.0	9.9	308900.0
2021-01-15	9.9	9.9	10.0	9.95	62800.0
2021-01-18	9.95	9.55	9.95	9.85	106500.0
2021-01-19	9.85	9.8	10.0	10.0	28800.0
2021-01-20	9.8	9.7	10.0	9.8	83200.0
2021-01-21	9.9	9.75	9.9	9.8	361500.0
2021-01-22	9.8	9.7	9.8	9.8	306800.0
2021-01-25	9.8	9.35	9.8	9.7	379200.0
2021-01-26	9.55	9.55	9.8	9.8	50700.0
2021-01-27	9.7	9.65	9.75	9.75	10700.0
2021-01-28	9.75	9.6	9.75	9.7	107700.0
2021-01-29	9.7	9.5	9.7	9.55	122700.0
2021-02-01	9.55	9.5	9.55	9.55	58800.0
2021-02-02	9.55	9.5	9.55	9.5	33900.0
2021-02-03	9.5	9.5	9.6	9.55	37200.0
2021-02-04	9.4	9.4	9.7	9.6	49400.0
2021-02-05	9.7	9.5	9.7	9.55	127500.0
2021-02-08	9.55	9.45	9.7	9.5	450300.0
2021-02-09	9.5	9.4	9.55	9.45	625000.0
2021-02-10	9.45	9.25	9.45	9.3	1201800.0
2021-02-11	9.35	9.25	9.35	9.25	427800.0
2021-02-15	9.3	9.15	9.3	9.2	573100.0
2021-02-16	9.2	9.2	9.4	9.2	174200.0
2021-02-17	9.2	9.15	9.3	9.2	205400.0
2021-02-18	9.2	9.15	9.25	9.2	142600.0
2021-02-19	9.2	9.05	9.2	9.05	239900.0
2021-02-22	9.05	9.0	9.1	9.0	285800.0
2021-02-23	9.0	8.95	9.0	9.0	638600.0
2021-02-24	9.05	9.0	9.1	9.0	369200.0
2021-02-25	9.0	8.95	9.05	9.0	303700.0
2021-03-01	9.0	8.9	9.0	8.95	266100.0
2021-03-02	8.95	8.9	8.95	8.95	125700.0
2021-03-03	8.95	8.95	9.35	9.1	530400.0
2021-03-04	9.25	9.0	9.25	9.15	1269000.0
2021-03-05	9.15	9.0	9.2	9.2	664800.0
2021-03-08	9.2	9.2	9.95	9.7	235800.0
2021-03-09	9.7	9.55	9.85	9.6	1425900.0
2021-03-10	9.65	9.65	11.1	10.8	4866000.0
2021-03-11	10.9	10.9	11.6	11.0	1800400.0
2021-03-12	11.0	10.5	11.1	10.5	1079200.0
2021-03-15	10.4	10.3	11.0	10.6	1261000.0
2021-03-16	10.5	10.4	10.7	10.6	206500.0
2021-03-17	10.4	10.1	10.5	10.3	1100100.0
2021-03-18	10.2	9.9	10.3	9.95	2127400.0
2021-03-19	9.95	9.9	10.1	9.95	1149500.0
2021-03-22	9.95	9.85	9.95	9.85	328200.0
2021-03-23	9.8	9.8	9.95	9.9	189400.0
2021-03-24	9.9	9.85	10.0	9.95	75000.0
2021-03-25	9.9	9.9	10.0	9.95	185200.0
2021-03-26	10.0	10.0	10.2	10.0	196400.0
2021-03-29	10.2	10.1	10.4	10.1	392100.0
2021-03-30	10.2	10.1	10.4	10.2	612400.0
2021-03-31	10.2	10.1	10.3	10.1	271600.0
2021-04-01	10.1	10.1	10.3	10.3	214900.0
2021-04-02	10.3	10.3	10.5	10.4	407900.0
2021-04-05	10.6	10.1	10.6	10.1	538600.0
2021-04-07	9.9	9.65	10.0	9.7	822100.0
2021-04-08	9.6	9.55	9.8	9.65	283000.0
2021-04-09	9.85	9.7	9.9	9.75	95000.0
2021-04-12	9.85	9.55	9.85	9.75	81000.0
2021-04-16	9.55	9.5	9.6	9.5	286400.0
2021-04-19	9.5	9.5	9.9	9.75	99000.0
2021-04-20	9.75	9.6	9.8	9.75	31300.0
2021-04-21	9.75	9.7	9.8	9.8	23200.0
2021-04-22	9.85	9.6	9.85	9.7	150200.0
2021-04-23	9.55	9.5	9.65	9.6	221000.0
2021-04-26	9.6	9.45	9.6	9.5	104600.0
2021-04-27	9.45	9.45	9.8	9.8	285500.0
2021-04-28	9.8	9.5	9.8	9.7	143300.0
2021-04-29	9.7	9.65	9.7	9.65	39700.0
2021-04-30	9.65	9.55	9.85	9.7	90200.0
2021-05-05	9.8	9.45	9.8	9.6	225100.0
2021-05-06	9.5	9.45	9.6	9.45	203500.0
2021-05-07	9.5	9.4	9.5	9.5	139100.0
2021-05-10	9.5	9.5	9.65	9.5	53000.0
2021-05-11	9.5	9.25	9.5	9.25	466100.0
2021-05-12	9.25	9.25	9.3	9.25	138100.0
2021-05-13	9.6	9.15	9.6	9.25	111800.0
2021-05-14	9.2	9.1	9.4	9.15	171800.0
2021-05-17	9.25	9.0	9.25	9.1	131500.0
2021-05-18	9.1	9.1	9.3	9.3	52800.0
2021-05-19	9.3	9.2	9.35	9.2	18000.0
2021-05-20	9.25	9.15	9.45	9.2	52600.0
2021-05-21	9.4	9.15	9.4	9.15	11300.0
2021-05-24	9.1	9.05	9.2	9.1	109900.0
2021-05-25	9.1	9.1	9.35	9.3	141300.0
2021-05-27	9.2	9.15	9.35	9.35	343500.0
2021-05-28	9.35	9.35	9.45	9.4	42300.0
2021-05-31	9.55	9.2	9.55	9.2	216300.0
2021-06-01	9.2	9.1	9.25	9.2	182600.0
2021-06-02	9.25	9.15	9.4	9.25	344000.0
2021-06-04	9.35	9.3	9.55	9.5	98200.0
2021-06-07	9.5	9.5	9.6	9.5	72400.0
2021-06-08	9.55	9.55	9.75	9.75	58500.0
2021-06-09	9.85	9.85	10.2	10.0	454100.0
2021-06-10	10.2	9.9	10.2	10.2	408700.0
2021-06-11	10.2	10.0	10.2	10.1	728400.0
2021-06-14	10.1	9.9	10.1	10.0	350400.0
2021-06-15	10.4	9.9	10.4	10.0	863300.0
2021-06-16	10.1	9.95	10.1	10.0	302400.0
2021-06-17	10.2	10.0	10.3	10.0	1687000.0
2021-06-18	10.1	10.0	10.2	10.0	405100.0
2021-06-21	10.0	9.9	10.2	10.0	288700.0
2021-06-22	10.0	9.95	10.2	10.0	1123300.0
2021-06-23	10.0	9.9	10.0	9.9	167900.0
2021-06-24	9.9	9.2	9.9	9.9	697300.0
2021-06-25	9.9	9.75	10.0	9.8	64500.0
2021-06-28	9.5	9.5	10.1	9.8	166200.0
2021-06-29	9.95	9.85	10.0	9.9	54000.0
2021-06-30	9.7	9.7	9.9	9.85	13700.0
2021-07-01	9.65	9.65	9.8	9.8	97600.0
2021-07-02	9.8	9.55	9.8	9.65	95100.0
2021-07-05	9.55	9.5	9.6	9.6	67500.0
2021-07-06	9.75	9.7	9.95	9.8	8400.0
2021-07-07	9.7	9.55	9.7	9.65	5700.0
2021-07-08	9.5	9.4	9.55	9.5	103700.0
2021-07-09	9.4	9.35	9.5	9.4	49800.0
2021-07-12	9.35	9.35	9.5	9.4	14700.0
2021-07-13	9.5	9.4	9.5	9.4	55800.0
2021-07-14	9.4	9.35	9.45	9.35	27600.0
2021-07-15	9.5	9.35	9.5	9.35	10000.0
2021-07-16	9.35	9.35	9.6	9.5	18900.0
2021-07-19	9.35	9.3	9.4	9.4	14200.0
2021-07-20	9.4	9.35	9.65	9.4	39400.0
2021-07-21	9.35	9.3	9.35	9.35	84700.0
2021-07-22	9.45	9.45	9.5	9.45	3100.0
2021-07-23	9.45	9.4	9.45	9.4	3500.0
2021-07-27	9.4	9.0	9.4	9.05	324400.0
2021-07-29	9.1	8.95	9.3	9.2	36600.0
2021-07-30	9.25	9.1	9.25	9.1	10300.0
2021-08-02	9.1	9.05	9.15	9.15	122300.0
2021-08-03	9.2	9.1	9.35	9.1	3400.0
2021-08-04	9.1	9.05	9.15	9.1	47900.0
2021-08-05	9.15	9.15	9.15	9.15	10000.0
2021-08-06	9.15	9.1	9.15	9.1	4200.0
2021-08-09	9.1	9.05	9.2	9.15	57000.0
2021-08-10	9.15	9.15	9.25	9.15	162600.0
2021-08-11	9.1	9.05	9.15	9.1	23800.0
2021-08-13	9.2	9.0	9.2	9.05	94100.0
2021-08-16	9.0	8.95	9.15	9.1	72300.0
2021-08-17	9.2	9.15	9.2	9.2	15500.0
2021-08-18	9.3	9.2	9.3	9.2	53900.0
2021-08-19	9.25	9.2	9.45	9.45	136300.0
2021-08-20	9.4	9.3	9.4	9.3	8200.0
2021-08-23	9.3	9.25	9.5	9.5	138700.0
2021-08-24	9.5	9.35	9.5	9.4	76300.0
2021-08-25	9.5	9.35	9.5	9.45	22400.0
2021-08-26	9.4	9.3	9.4	9.3	160400.0
2021-08-27	9.3	9.25	9.35	9.35	28800.0
2021-08-30	9.25	9.25	9.4	9.35	460300.0
2021-08-31	9.35	9.25	9.35	9.3	140100.0
2021-09-01	9.3	9.3	9.4	9.35	99100.0
2021-09-02	9.35	9.35	9.45	9.35	53900.0
2021-09-03	9.35	9.25	9.35	9.25	79900.0
2021-09-06	9.25	9.15	9.35	9.15	857800.0
2021-09-07	9.15	9.0	9.25	9.15	1055300.0
2021-09-08	9.15	9.05	9.15	9.1	112300.0
2021-09-09	9.0	8.95	9.0	9.0	1167500.0
2021-09-10	9.0	8.95	9.0	8.95	687800.0
2021-09-13	9.0	8.8	9.0	8.9	728500.0
2021-09-14	8.9	8.9	9.05	9.05	78300.0
2021-09-15	9.05	9.0	9.05	9.05	47900.0
2021-09-16	9.05	9.05	9.15	9.15	274500.0
2021-09-17	9.1	9.05	9.1	9.05	56200.0
2021-09-20	9.05	9.05	9.15	9.05	221000.0
2021-09-21	9.05	9.0	9.15	9.15	112700.0
2021-09-22	9.15	9.1	9.15	9.15	488700.0
2021-09-23	9.15	9.1	9.15	9.1	94500.0
2021-09-27	9.1	9.0	9.15	9.05	274900.0
2021-09-28	9.1	9.1	9.15	9.15	66800.0
2021-09-29	9.1	9.1	9.15	9.1	18800.0
2021-09-30	9.1	9.05	9.1	9.1	86500.0
2021-10-01	9.05	9.05	9.1	9.1	25600.0
2021-10-04	9.1	9.05	9.15	9.05	371900.0
2021-10-05	9.05	9.0	9.1	9.05	492500.0
2021-10-06	9.05	9.0	9.1	9.05	215100.0
2021-10-07	9.05	9.0	9.05	9.0	97500.0
2021-10-08	9.0	9.0	9.1	9.1	11700.0
2021-10-11	9.05	9.0	9.1	9.05	147700.0
2021-10-12	9.1	9.1	9.9	9.9	1407200.0
2021-10-14	9.9	9.5	9.9	9.5	422500.0
2021-10-15	9.55	9.4	9.55	9.45	465000.0
2021-10-18	9.55	9.4	9.6	9.55	499900.0
2021-10-19	9.55	9.4	9.55	9.4	268000.0
2021-10-20	9.45	9.45	9.55	9.45	144500.0
2021-10-21	9.45	9.4	9.55	9.4	98500.0
2021-10-25	9.5	9.3	9.55	9.3	470400.0
2021-10-26	9.4	9.2	9.4	9.25	188400.0
2021-10-27	9.25	9.15	9.3	9.25	68400.0
2021-10-28	9.25	9.25	9.45	9.45	25400.0
2021-10-29	9.5	9.35	9.5	9.4	15400.0
2021-11-01	9.45	9.35	9.5	9.4	73700.0
2021-11-02	9.4	9.4	9.45	9.45	28800.0
2021-11-03	9.5	9.3	9.5	9.35	22900.0
2021-11-04	9.4	9.4	9.5	9.45	13200.0
2021-11-05	9.5	9.35	9.5	9.35	43500.0
2021-11-08	9.4	9.2	9.45	9.25	132400.0
2021-11-09	9.25	9.25	9.4	9.25	31600.0
2021-11-10	9.25	9.2	9.4	9.25	91600.0
2021-11-11	9.2	9.2	9.3	9.3	57100.0
2021-11-12	9.2	9.2	9.4	9.3	23600.0
2021-11-15	9.35	9.2	9.35	9.2	132100.0
2021-11-16	9.15	9.15	9.25	9.2	361300.0
2021-11-17	9.15	9.15	9.2	9.2	103700.0
2021-11-18	9.2	9.15	9.2	9.2	75900.0
2021-11-19	9.2	9.15	9.2	9.15	194300.0
2021-11-22	9.15	9.1	9.2	9.15	84300.0
2021-11-23	9.1	9.05	9.15	9.15	107200.0
2021-11-24	9.15	9.1	9.15	9.1	123500.0
2021-11-25	9.05	9.0	9.1	9.05	537900.0
2021-11-26	9.05	8.95	9.05	9.05	546900.0
2021-11-29	9.0	8.85	9.05	8.85	100400.0
2021-11-30	8.9	8.5	9.0	8.5	582800.0
2021-12-01	8.55	8.55	8.8	8.8	63600.0
2021-12-02	8.8	8.75	8.95	8.95	26200.0
2021-12-03	9.0	8.9	9.0	8.9	6900.0
2021-12-07	8.85	8.85	8.95	8.9	40900.0
2021-12-08	8.9	8.8	8.9	8.8	25300.0
2021-12-09	8.8	8.65	8.85	8.7	255700.0
2021-12-13	8.7	8.5	8.7	8.5	723900.0
2021-12-14	8.65	8.5	8.65	8.55	129500.0
2021-12-15	8.55	8.45	8.6	8.5	387800.0
2021-12-16	8.5	8.5	8.6	8.6	145200.0
2021-12-17	8.65	8.65	8.8	8.75	189300.0
2021-12-20	8.7	8.45	8.7	8.45	222500.0
2021-12-21	8.45	8.35	8.5	8.35	740800.0
2021-12-22	8.4	8.25	8.55	8.35	289000.0
2021-12-23	8.4	8.35	8.45	8.45	25100.0
2021-12-24	8.4	8.3	8.4	8.3	693700.0
2021-12-27	8.35	8.15	8.4	8.3	343500.0
2021-12-28	8.2	8.1	8.25	8.2	213000.0
2021-12-29	8.2	8.15	8.2	8.2	672100.0
2021-12-30	8.35	8.15	8.35	8.2	835400.0
2022-01-04	8.25	8.0	8.35	8.1	583100.0
2022-01-05	8.15	8.15	8.3	8.2	66600.0
2022-01-06	8.2	8.05	8.2	8.05	221900.0
2022-01-07	8.05	7.95	8.05	7.95	662300.0
2022-01-10	8.0	7.95	8.0	7.95	163500.0
2022-01-11	8.0	7.8	8.0	7.9	778600.0
2022-01-12	7.85	7.75	7.85	7.8	1936900.0
2022-01-13	7.85	7.75	7.9	7.75	1255800.0
2022-01-14	7.8	7.75	7.85	7.85	885500.0
2022-01-17	7.85	7.85	7.95	7.85	251100.0
2022-01-18	7.9	7.85	8.15	7.9	606900.0
2022-01-19	7.85	7.85	7.95	7.9	60400.0
2022-01-20	8.05	7.95	8.05	7.95	61500.0
2022-01-21	7.95	7.85	8.1	8.1	158200.0
2022-01-24	8.1	7.85	8.1	7.85	150100.0
2022-01-25	7.85	7.75	7.85	7.8	227800.0
2022-01-26	7.9	7.75	7.9	7.75	210900.0
2022-01-27	7.8	7.65	7.8	7.65	225800.0
2022-01-28	7.8	7.65	7.8	7.65	119800.0
2022-01-31	7.7	7.65	7.7	7.7	191800.0
2022-02-01	7.65	7.65	7.85	7.75	52900.0
2022-02-02	7.75	7.7	7.75	7.75	81500.0
2022-02-03	7.7	7.65	7.75	7.75	131900.0
2022-02-04	7.75	7.7	7.75	7.75	14800.0
2022-02-07	7.75	7.7	7.75	7.75	316600.0
2022-02-08	7.75	7.75	7.9	7.85	83900.0
2022-02-09	7.85	7.85	8.0	7.95	333700.0
2022-02-10	7.9	7.8	8.0	8.0	233200.0
2022-02-11	8.0	7.9	8.0	7.95	42000.0
2022-02-14	7.9	7.8	7.95	7.8	3700.0
2022-02-15	7.95	7.8	8.0	7.8	25200.0
2022-02-17	8.0	7.85	8.0	7.95	60200.0
2022-02-18	7.85	7.75	8.0	7.8	184700.0
2022-02-21	7.8	7.75	7.95	7.9	351500.0
2022-02-22	7.8	7.8	7.95	7.95	41300.0
2022-02-23	7.95	7.95	8.05	8.0	130900.0
2022-02-24	7.9	7.8	7.9	7.9	46500.0
2022-02-25	7.8	7.65	8.0	7.75	450400.0
2022-02-28	7.75	7.65	7.8	7.8	82600.0
2022-03-01	7.7	7.7	7.8	7.8	12200.0
2022-03-02	7.75	7.45	7.8	7.55	517200.0
2022-03-03	7.6	7.5	7.65	7.6	66700.0
2022-03-04	7.6	7.45	7.6	7.45	313800.0
2022-03-07	7.45	7.2	7.45	7.4	177100.0
2022-03-08	7.35	6.95	7.35	7.15	471600.0
2022-03-09	7.15	7.0	7.25	7.25	65700.0
2022-03-10	7.25	7.25	7.4	7.35	106200.0
2022-03-11	7.35	7.3	7.35	7.35	54000.0
2022-03-14	7.4	7.35	7.4	7.35	16700.0
2022-03-15	7.4	7.35	7.4	7.35	4400.0
2022-03-16	7.35	7.35	7.4	7.4	36000.0
2022-03-17	7.45	7.45	7.55	7.55	109600.0
2022-03-18	7.45	7.45	7.7	7.7	237200.0
2022-03-21	7.65	7.65	7.7	7.65	102100.0
2022-03-22	7.7	7.6	7.7	7.7	108100.0
2022-03-23	7.7	7.55	7.75	7.6	88600.0
2022-03-24	7.7	7.65	7.8	7.8	94700.0
2022-03-25	7.85	7.85	8.05	8.0	390500.0
2022-03-28	8.05	7.9	8.05	7.9	161500.0
2022-03-29	7.95	7.9	8.0	7.95	127300.0
2022-03-30	7.9	7.9	8.25	8.25	385900.0
2022-03-31	8.35	8.3	8.45	8.35	491200.0
2022-04-01	8.35	8.35	8.5	8.4	362900.0
2022-04-04	8.4	8.2	8.45	8.3	218100.0
2022-04-05	8.25	7.95	8.35	8.05	641600.0
2022-04-07	8.0	7.85	8.0	7.95	238400.0
2022-04-08	7.9	7.85	8.3	8.3	257900.0
2022-04-11	8.3	8.0	8.3	8.05	87100.0
2022-04-12	8.05	7.95	8.15	8.05	155200.0
2022-04-18	8.05	7.85	8.2	8.2	160300.0
2022-04-19	8.2	8.15	8.4	8.4	146600.0
2022-04-20	8.35	8.3	8.7	8.45	465800.0
2022-04-21	8.6	8.5	8.85	8.8	588900.0
2022-04-22	8.8	8.7	9.15	9.1	656800.0
2022-04-25	9.0	9.0	9.1	9.0	243700.0
2022-04-26	9.0	8.8	9.05	8.9	246400.0
2022-04-27	8.9	8.65	8.9	8.7	130300.0
2022-04-28	8.7	8.65	8.75	8.75	188900.0
2022-04-29	8.8	8.6	8.85	8.75	159800.0
2022-05-03	8.75	8.7	8.9	8.75	56900.0
2022-05-05	8.75	8.7	8.75	8.7	101700.0
2022-05-06	8.7	8.55	8.7	8.65	308000.0
2022-05-09	8.6	8.25	8.6	8.3	203100.0
2022-05-10	8.15	8.15	8.35	8.35	49300.0
2022-05-11	8.35	8.35	8.5	8.4	38300.0
2022-05-12	8.3	8.05	8.3	8.25	102500.0
2022-05-13	8.3	8.2	8.4	8.25	58700.0
2022-05-17	8.35	8.35	8.45	8.4	43100.0
2022-05-18	8.4	8.4	8.9	8.85	476600.0
2022-05-19	8.9	8.75	8.95	8.85	1737000.0
2022-05-20	8.85	8.85	8.95	8.95	649100.0
2022-05-23	9.0	8.9	9.0	8.95	650700.0
2022-05-24	8.95	8.9	8.95	8.9	852400.0
2022-05-25	8.9	8.85	8.95	8.85	1336000.0
2022-05-26	8.9	8.85	8.95	8.95	431200.0
2022-05-27	8.95	8.95	9.0	8.95	138900.0
2022-05-30	8.95	8.95	9.0	9.0	40100.0
2022-05-31	9.0	9.0	9.1	9.0	1024800.0
2022-06-01	9.05	9.0	9.1	9.1	56300.0
2022-06-02	9.1	9.0	9.15	9.1	1261400.0
2022-06-06	9.2	9.15	9.3	9.2	231400.0
2022-06-07	9.2	9.1	9.2	9.15	1909300.0
2022-06-08	9.2	9.1	9.2	9.15	555500.0
2022-06-09	9.2	9.15	9.2	9.15	41000.0
2022-06-10	9.15	9.1	9.2	9.2	1810600.0
2022-06-13	9.2	9.0	9.6	9.1	1675900.0
2022-06-14	9.05	9.05	9.1	9.1	125700.0
2022-06-15	9.05	9.0	9.1	9.05	1104600.0
2022-06-16	9.05	9.05	9.1	9.05	772900.0
2022-06-17	9.05	8.95	9.1	9.0	546900.0
2022-06-20	8.95	8.95	9.15	9.05	114200.0
2022-06-21	9.05	9.05	9.15	9.1	16100.0
2022-06-22	9.0	9.0	9.1	9.05	178700.0
2022-06-23	9.05	9.0	9.1	9.05	1050800.0
2022-06-24	9.1	9.05	9.15	9.05	178800.0
2022-06-27	9.05	9.05	9.2	9.1	114800.0
2022-06-28	9.1	9.1	9.15	9.15	109900.0
2022-06-29	9.1	9.1	9.15	9.1	129900.0
2022-06-30	9.1	9.1	9.2	9.15	58000.0
2022-07-01	9.2	9.15	9.2	9.15	505400.0
2022-07-04	9.15	9.1	9.2	9.15	70800.0
2022-07-05	9.15	9.05	9.15	9.1	379300.0
2022-07-06	9.1	9.1	9.15	9.1	383800.0
2022-07-07	9.1	9.05	9.15	9.1	176000.0
2022-07-08	9.05	9.05	9.1	9.05	21500.0
2022-07-11	9.05	9.05	9.05	9.05	47000.0
2022-07-12	9.05	9.05	9.05	9.05	101800.0
2022-07-14	9.05	9.05	9.1	9.05	354400.0
2022-07-15	9.05	8.75	9.05	8.85	200600.0
2022-07-18	8.85	8.75	8.85	8.85	57700.0
2022-07-19	8.8	8.75	8.8	8.8	19600.0
2022-07-20	8.85	8.85	8.9	8.9	279700.0
2022-07-21	8.9	8.9	9.1	9.0	89600.0
2022-07-22	9.0	9.0	9.0	9.0	2000.0
2022-07-25	9.3	9.0	9.3	9.0	281700.0
2022-07-26	9.0	9.0	9.0	9.0	1001500.0
2022-07-27	9.15	9.15	9.15	9.15	39500.0
2022-08-01	9.15	9.1	9.15	9.1	147700.0
2022-08-02	9.15	9.1	9.15	9.1	9300.0
2022-08-03	9.05	9.0	9.05	9.0	344500.0
2022-08-04	9.1	9.0	9.1	9.1	360400.0
2022-08-05	9.05	9.0	9.1	9.05	209600.0
2022-08-08	9.1	9.05	9.1	9.1	31900.0
2022-08-09	9.15	9.15	9.25	9.25	52300.0
2022-08-10	9.2	9.15	9.2	9.2	180100.0
2022-08-11	9.2	9.2	9.2	9.2	492700.0
2022-08-15	9.6	9.55	9.9	9.85	1416700.0
2022-08-16	10.0	9.7	10.1	10.0	1679200.0
2022-08-17	10.1	10.0	10.2	10.1	628800.0
2022-08-18	10.0	10.0	10.1	10.0	168400.0
2022-08-19	10.0	10.0	10.2	10.1	882500.0
2022-08-22	10.2	10.0	10.2	10.0	830600.0
2022-08-23	10.0	10.0	10.6	10.5	3063100.0
2022-08-24	10.5	10.3	10.6	10.4	678300.0
2022-08-25	10.5	10.3	10.7	10.7	491100.0
2022-08-26	10.7	10.2	10.8	10.6	1409400.0
2022-08-29	10.7	10.6	10.8	10.8	429900.0
2022-08-30	10.7	10.7	10.9	10.8	354300.0
2022-08-31	10.8	10.7	11.1	11.1	1555400.0
2022-09-01	11.1	11.1	11.6	11.6	1506100.0
2022-09-02	11.7	11.4	11.8	11.6	862500.0
2022-09-05	11.4	11.4	11.6	11.6	194200.0
2022-09-06	11.5	11.5	11.7	11.7	318200.0
2022-09-07	11.6	11.5	11.6	11.6	369300.0
2022-09-08	11.5	11.5	11.6	11.6	373100.0
2022-09-09	11.7	11.0	11.7	11.3	965600.0
2022-09-12	11.3	11.1	11.3	11.1	203700.0
2022-09-13	11.1	10.7	11.1	10.8	419000.0
2022-09-14	10.6	10.3	11.0	10.8	818900.0
2022-09-15	10.8	10.8	11.1	11.0	1896000.0
2022-09-16	11.0	11.0	11.1	11.1	165400.0
2022-09-19	11.2	11.0	11.2	11.0	1061100.0
2022-09-20	10.9	10.9	11.1	11.0	73000.0
2022-09-21	11.0	10.9	11.1	11.0	133500.0
2022-09-22	10.9	10.7	11.0	11.0	236700.0
2022-09-23	10.8	10.8	11.0	11.0	567900.0
2022-09-26	10.9	10.8	11.1	11.0	963000.0
2022-09-27	11.0	11.0	11.1	11.0	876600.0
2022-09-28	11.0	11.0	11.1	11.0	359000.0
2022-09-29	11.0	11.0	11.1	11.0	983600.0
2022-09-30	11.1	11.0	11.1	11.0	238200.0
2022-10-03	11.1	11.0	11.1	11.0	589900.0
2022-10-04	11.1	11.0	11.1	11.0	54300.0
2022-10-05	11.0	10.9	11.1	11.1	272900.0
2022-10-06	10.9	10.9	11.0	11.0	32200.0
2022-10-07	10.9	10.8	11.0	10.9	276700.0
2022-10-10	10.9	10.9	11.0	11.0	728500.0
2022-10-11	10.9	10.9	10.9	10.9	24100.0
2022-10-12	10.9	10.9	10.9	10.9	45800.0
2022-10-17	10.8	10.8	10.9	10.8	18700.0
2022-10-18	10.8	10.8	10.9	10.9	14500.0
2022-10-19	10.9	10.8	10.9	10.8	41300.0
2022-10-20	10.8	10.8	11.0	10.9	925600.0
2022-10-21	10.9	10.9	11.0	11.0	233800.0
2022-10-25	10.9	10.9	11.0	10.9	69300.0
2022-10-26	10.9	10.9	11.0	11.0	59300.0
2022-10-27	11.0	10.9	11.1	11.0	193400.0
2022-10-28	10.9	10.9	11.0	10.9	51900.0
2022-10-31	10.9	10.9	11.1	11.1	237200.0
2022-11-01	11.0	11.0	11.1	11.1	58200.0
2022-11-02	11.1	11.0	11.1	11.0	117900.0
2022-11-03	11.1	11.0	11.1	11.0	65100.0
2022-11-04	11.0	10.9	11.1	11.0	154000.0
2022-11-07	10.9	10.9	11.0	11.0	119700.0
2022-11-08	11.0	10.9	11.1	11.1	197000.0
2022-11-09	11.0	11.0	11.1	11.1	2497000.0
2022-11-10	11.0	10.9	11.1	11.0	111500.0
2022-11-11	11.1	11.0	11.1	11.1	175200.0
2022-11-14	11.3	11.3	12.0	11.4	2639700.0
2022-11-15	11.4	11.0	11.4	11.1	587800.0
2022-11-16	11.1	11.0	11.1	11.0	285500.0
2022-11-17	11.0	10.8	11.0	10.9	179000.0
2022-11-18	10.9	10.8	11.0	10.9	192700.0
2022-11-21	10.9	10.9	11.0	10.9	170300.0
2022-11-22	10.9	10.9	11.0	11.0	66000.0
2022-11-23	10.9	10.9	11.0	10.9	178600.0
2022-11-24	10.8	10.5	10.9	10.8	349700.0
2022-11-25	10.8	10.8	10.9	10.9	261200.0
2022-11-28	10.9	10.9	11.0	10.9	185000.0
2022-11-29	11.0	10.9	11.0	11.0	315100.0
2022-11-30	11.0	10.9	11.1	11.0	1377000.0
2022-12-01	11.0	11.0	11.0	11.0	184700.0
2022-12-02	11.1	11.0	11.3	11.2	2179500.0
2022-12-06	11.3	11.3	11.5	11.4	1163700.0
2022-12-07	11.4	11.3	11.5	11.5	860700.0
2022-12-08	11.5	11.5	11.6	11.6	462000.0
2022-12-09	11.6	11.5	11.7	11.5	1031200.0
2022-12-13	11.4	11.4	11.6	11.5	442300.0
2022-12-14	11.5	11.4	11.6	11.5	328100.0
2022-12-15	11.5	11.4	11.6	11.5	565100.0
2022-12-16	11.5	11.4	11.6	11.5	623600.0
2022-12-19	11.5	11.5	11.7	11.6	130400.0
2022-12-20	11.5	11.4	11.6	11.4	590500.0
2022-12-21	11.4	11.4	11.6	11.5	404300.0
2022-12-22	11.4	11.4	11.5	11.4	473800.0
2022-12-23	11.4	11.3	11.9	11.5	1014700.0
2022-12-26	11.7	11.5	11.7	11.6	196500.0
2022-12-27	11.6	11.6	12.6	12.5	1349800.0
2022-12-28	12.6	12.5	12.7	12.7	386900.0
2022-12-29	12.7	12.4	12.7	12.5	338800.0
2022-12-30	12.5	12.0	12.5	12.2	663300.0
