Date	Price Open	Price Low	Price High	Price Close	Volume
2014-06-09	2.5	3.42	3.56	3.46	2561600.0
2014-06-10	2.24	3.48	3.54	3.5	1280800.0
2014-06-11	2.08	3.5	3.54	3.52	1617300.0
2014-06-12	2.3	3.38	3.44	3.44	948500.0
2014-06-13	2.52	3.42	3.46	3.42	308400.0
2014-06-16	2.32	3.42	3.44	3.44	333600.0
2014-06-17	2.48	3.4	3.46	3.44	325800.0
2014-06-18	2.36	3.38	3.44	3.38	701700.0
2014-06-19	2.3	3.38	3.4	3.38	307300.0
2014-06-20	2.28	3.36	3.4	3.36	528300.0
2014-06-23	2.28	3.36	3.38	3.36	314100.0
2014-06-24	2.34	3.32	3.36	3.32	635600.0
2014-06-25	2.38	3.3	3.34	3.3	703400.0
2014-06-26	2.28	3.3	3.34	3.32	315300.0
2014-06-27	2.3	3.32	3.36	3.34	44100.0
2014-06-30	2.3	3.34	3.38	3.38	126100.0
2014-07-02	2.26	3.36	3.42	3.4	77900.0
2014-07-03	2.26	3.32	3.38	3.32	332200.0
2014-07-04	2.26	3.3	3.34	3.3	1081900.0
2014-07-07	2.26	3.32	3.34	3.34	160700.0
2014-07-08	2.24	3.36	3.4	3.38	775500.0
2014-07-09	2.22	3.38	3.52	3.42	1268700.0
2014-07-10	2.14	3.4	3.44	3.44	200400.0
2014-07-14	2.14	3.4	3.44	3.4	226500.0
2014-07-15	2.14	3.42	3.44	3.42	370700.0
2014-07-16	2.1	3.4	3.42	3.4	566200.0
2014-07-17	2.08	3.4	3.52	3.42	925800.0
2014-07-18	2.02	3.42	3.46	3.44	554800.0
2014-07-21	1.96	3.44	3.5	3.44	237800.0
2014-07-22	2.16	3.4	3.48	3.4	333600.0
2014-07-23	2.24	3.4	3.48	3.44	343400.0
2014-07-24	2.12	3.42	3.44	3.44	129700.0
2014-07-25	2.1	3.4	3.44	3.44	97100.0
2014-07-28	2.14	3.4	3.42	3.42	237900.0
2014-07-29	2.14	3.38	3.42	3.42	620000.0
2014-07-30	2.1	3.32	3.38	3.36	314900.0
2014-07-31	2.02	3.34	3.38	3.36	110500.0
2014-08-01	1.93	3.3	3.34	3.32	137400.0
2014-08-04	2.0	3.32	3.38	3.36	73300.0
2014-08-05	2.0	3.34	3.38	3.38	150700.0
2014-08-06	1.97	3.34	3.38	3.38	136800.0
2014-08-07	1.98	3.36	3.42	3.36	243300.0
2014-08-08	1.98	3.3	3.36	3.3	1689400.0
2014-08-13	1.99	3.32	3.34	3.34	396500.0
2014-08-14	1.99	3.34	3.38	3.34	221700.0
2014-08-15	1.99	3.28	3.32	3.32	668500.0
2014-08-18	2.06	3.3	3.32	3.3	180000.0
2014-08-19	2.02	3.28	3.34	3.28	579800.0
2014-08-20	2.1	3.28	3.32	3.32	349400.0
2014-08-21	2.14	3.3	3.34	3.3	135800.0
2014-08-22	2.1	3.3	3.34	3.34	221100.0
2014-08-25	2.12	3.3	3.34	3.34	663500.0
2014-08-26	2.08	3.32	3.34	3.34	274400.0
2014-08-27	2.1	3.34	3.38	3.34	529000.0
2014-08-28	2.1	3.3	3.36	3.34	156900.0
2014-08-29	2.06	3.34	3.42	3.4	755600.0
2014-09-01	2.08	3.38	3.42	3.38	234100.0
2014-09-02	2.08	3.36	3.4	3.4	141000.0
2014-09-03	2.14	3.36	3.42	3.38	530800.0
2014-09-04	2.12	3.36	3.4	3.36	597300.0
2014-09-05	2.16	3.36	3.38	3.36	149300.0
2014-09-08	2.14	3.32	3.38	3.36	711600.0
2014-09-09	2.18	3.38	3.7	3.52	4041900.0
2014-09-10	2.16	3.44	3.5	3.5	899400.0
2014-09-11	2.14	3.48	3.58	3.48	1262000.0
2014-09-12	2.08	3.42	3.52	3.44	509100.0
2014-09-15	2.12	3.46	3.48	3.46	217200.0
2014-09-16	2.12	3.42	3.48	3.42	377400.0
2014-09-17	2.1	3.34	3.44	3.42	354200.0
2014-09-18	2.16	3.42	3.56	3.46	1352100.0
2014-09-19	2.24	3.46	3.84	3.84	22269500.0
2014-09-22	2.46	3.68	3.8	3.72	6891300.0
2014-09-23	2.48	3.7	3.9	3.7	9220300.0
2014-09-24	2.46	3.64	3.74	3.64	1485800.0
2014-09-25	2.42	3.6	3.7	3.6	1051400.0
2014-09-26	2.48	3.54	3.66	3.58	1337800.0
2014-09-29	2.36	3.5	3.64	3.52	1516400.0
2014-09-30	2.34	3.52	3.58	3.56	528600.0
2014-10-01	2.4	3.5	3.6	3.52	432900.0
2014-10-03	2.28	3.46	3.56	3.56	345300.0
2014-10-06	2.24	3.48	3.58	3.48	431700.0
2014-10-07	2.2	3.42	3.5	3.46	324600.0
2014-10-08	2.24	3.38	3.46	3.46	503500.0
2014-10-09	2.14	3.48	3.54	3.5	258200.0
2014-10-10	2.06	3.44	3.52	3.48	252900.0
2014-10-13	2.04	3.48	3.5	3.48	49900.0
2014-10-14	1.98	3.46	3.5	3.48	453700.0
2014-10-15	1.99	3.5	3.6	3.54	477900.0
2014-10-16	2.06	3.48	3.54	3.48	167700.0
2014-10-17	2.08	3.46	3.5	3.48	359700.0
2014-10-20	2.04	3.48	3.5	3.5	61600.0
2014-10-21	2.02	3.46	3.5	3.48	78700.0
2014-10-22	2.0	3.46	3.5	3.48	74700.0
2014-10-24	1.98	3.48	3.5	3.48	121100.0
2014-10-27	1.99	3.48	3.58	3.52	59700.0
2014-10-28	2.0	3.48	3.5	3.5	284800.0
2014-10-29	1.99	3.48	3.52	3.5	685200.0
2014-10-30	1.96	3.48	3.56	3.54	520500.0
2014-10-31	1.92	3.5	3.54	3.52	116200.0
2014-11-03	1.86	3.52	3.56	3.54	256800.0
2014-11-04	1.88	3.5	3.54	3.5	300200.0
2014-11-05	1.92	3.5	3.52	3.5	183200.0
2014-11-06	2.02	3.5	3.52	3.52	327000.0
2014-11-07	2.0	3.5	3.56	3.5	594500.0
2014-11-10	1.92	3.5	3.6	3.52	599100.0
2014-11-11	1.92	3.48	3.54	3.5	546100.0
2014-11-12	1.92	3.44	3.54	3.44	362300.0
2014-11-13	1.86	3.46	3.52	3.52	417200.0
2014-11-14	1.81	3.5	3.52	3.5	320400.0
2014-11-17	1.77	3.48	3.52	3.5	1582400.0
2014-11-18	1.72	3.48	3.54	3.48	300800.0
2014-11-19	1.72	3.46	3.52	3.5	1976500.0
2014-11-20	1.7	3.46	3.5	3.46	468300.0
2014-11-21	1.72	3.48	3.56	3.56	765400.0
2014-11-24	1.71	3.4	3.42	3.4	630900.0
2014-11-25	1.7	3.36	3.4	3.4	206400.0
2014-11-26	1.69	3.36	3.4	3.36	273200.0
2014-11-27	1.7	3.34	3.4	3.38	145100.0
2014-11-28	1.67	3.38	3.4	3.38	550500.0
2014-12-01	1.7	3.36	3.4	3.36	278000.0
2014-12-02	1.7	3.36	3.4	3.38	70900.0
2014-12-03	1.7	3.34	3.38	3.38	172800.0
2014-12-04	1.73	3.36	3.38	3.36	86200.0
2014-12-08	1.77	3.32	3.38	3.32	289700.0
2014-12-09	1.73	3.32	3.34	3.32	175100.0
2014-12-11	1.91	3.26	3.34	3.28	473900.0
2014-12-12	1.8	3.28	3.3	3.28	82700.0
2014-12-15	1.8	3.14	3.3	3.2	404200.0
2014-12-16	1.79	3.16	3.26	3.24	361100.0
2014-12-17	1.75	3.2	3.32	3.32	496900.0
2014-12-18	1.72	3.28	3.34	3.3	82000.0
2014-12-19	1.69	3.28	3.34	3.3	223300.0
2014-12-22	1.69	3.28	3.32	3.3	195200.0
2014-12-23	1.73	3.28	3.3	3.28	111400.0
2014-12-24	1.73	3.26	3.3	3.28	271200.0
2014-12-25	1.71	3.28	3.3	3.28	146500.0
2014-12-26	1.71	3.24	3.28	3.28	427100.0
2014-12-29	1.72	3.28	3.28	3.28	300.0
2014-12-30	1.68	3.28	3.28	3.28	31900.0
2015-01-05	1.7	3.24	3.28	3.24	200500.0
2015-01-06	1.69	3.22	3.26	3.26	35200.0
2015-01-07	1.67	3.26	3.26	3.26	65500.0
2015-01-08	1.67	3.24	3.28	3.28	132600.0
2015-01-09	1.69	3.28	3.3	3.3	105700.0
2015-01-12	1.67	3.28	3.3	3.28	225600.0
2015-01-13	1.68	3.28	3.3	3.3	73000.0
2015-01-14	1.68	3.28	3.3	3.28	140000.0
2015-01-15	1.67	3.26	3.3	3.28	62100.0
2015-01-16	1.67	3.28	3.28	3.28	70400.0
2015-01-19	1.66	3.26	3.3	3.26	165500.0
2015-01-20	1.65	3.26	3.28	3.26	131900.0
2015-01-21	1.65	3.26	3.3	3.3	173900.0
2015-01-22	1.68	3.28	3.3	3.3	236600.0
2015-01-23	1.69	3.26	3.32	3.28	198800.0
2015-01-26	1.69	3.28	3.32	3.32	251200.0
2015-01-27	1.68	3.32	3.36	3.36	216400.0
2015-01-28	1.66	3.34	3.4	3.36	214600.0
2015-01-29	1.68	3.3	3.38	3.34	429100.0
2015-01-30	1.65	3.3	3.34	3.34	356300.0
2015-02-02	1.61	3.32	3.34	3.32	73200.0
2015-02-03	1.58	3.3	3.34	3.32	52900.0
2015-02-04	1.62	3.32	3.36	3.32	250900.0
2015-02-05	1.63	3.34	3.36	3.34	73200.0
2015-02-06	1.62	3.36	3.42	3.4	433000.0
2015-02-09	1.61	3.38	3.46	3.44	689700.0
2015-02-10	1.63	3.4	3.56	3.42	788500.0
2015-02-11	1.61	3.42	3.46	3.44	435400.0
2015-02-12	1.63	3.42	3.46	3.42	349000.0
2015-02-13	1.59	3.32	3.42	3.38	1148000.0
2015-02-16	1.58	3.3	3.38	3.34	1569800.0
2015-02-17	1.58	3.32	3.36	3.32	290500.0
2015-02-18	1.56	3.34	3.44	3.4	457900.0
2015-02-19	1.53	3.36	3.46	3.42	689400.0
2015-02-20	1.49	3.38	3.68	3.66	3744500.0
2015-02-23	1.41	3.44	3.78	3.44	4723200.0
2015-02-24	1.34	3.44	3.52	3.48	1054400.0
2015-02-25	1.17	3.46	3.5	3.5	1197400.0
2015-02-26	1.12	3.4	3.5	3.42	649900.0
2015-02-27	1.17	3.38	3.44	3.38	691500.0
2015-03-02	1.19	3.36	3.4	3.4	278800.0
2015-03-03	1.19	3.32	3.4	3.32	648300.0
2015-03-05	1.19	3.32	3.34	3.32	191400.0
2015-03-06	1.19	3.32	3.38	3.36	79900.0
2015-03-09	1.19	3.36	3.44	3.36	99200.0
2015-03-10	1.19	3.32	3.38	3.32	85300.0
2015-03-11	1.15	3.3	3.34	3.32	104400.0
2015-03-12	1.13	3.34	3.38	3.34	179900.0
2015-03-13	1.02	3.32	3.36	3.32	685400.0
2015-03-16	1.05	3.28	3.34	3.28	383500.0
2015-03-17	1.03	3.28	3.32	3.28	104600.0
2015-03-18	1.0	3.28	3.32	3.32	56300.0
2015-03-19	1.0	3.3	3.36	3.3	104700.0
2015-03-20	1.01	3.3	3.32	3.3	30600.0
2015-03-23	1.02	3.28	3.3	3.28	217000.0
2015-03-24	1.0	3.28	3.32	3.32	74400.0
2015-03-25	1.0	3.3	3.36	3.32	291700.0
2015-03-26	1.0	3.28	3.32	3.28	107900.0
2015-03-27	0.99	3.3	3.38	3.3	148700.0
2015-03-30	0.95	3.28	3.34	3.34	110800.0
2015-03-31	0.97	3.28	3.36	3.3	175900.0
2015-04-01	0.98	3.26	3.3	3.3	690900.0
2015-04-02	0.97	3.26	3.32	3.32	251800.0
2015-04-03	0.97	3.26	3.3	3.28	248200.0
2015-04-07	0.99	3.28	3.34	3.3	229700.0
2015-04-08	0.96	3.26	3.42	3.36	822200.0
2015-04-09	0.96	3.34	3.44	3.34	824400.0
2015-04-10	0.96	3.32	3.42	3.36	427300.0
2015-04-16	0.96	3.34	3.42	3.34	407100.0
2015-04-17	0.93	3.34	3.4	3.34	281100.0
2015-04-20	0.91	3.34	3.38	3.36	49200.0
2015-04-21	0.91	3.36	3.4	3.4	584100.0
2015-04-22	0.93	3.38	3.4	3.38	132000.0
2015-04-23	0.89	3.36	3.38	3.36	59200.0
2015-04-24	0.91	3.36	3.36	3.36	60400.0
2015-04-27	0.92	3.36	3.38	3.38	136900.0
2015-04-28	0.92	3.36	3.44	3.36	247900.0
2015-04-29	0.94	3.32	3.36	3.34	658500.0
2015-04-30	0.95	3.34	3.36	3.34	4500.0
2015-05-06	0.94	3.36	3.4	3.38	186200.0
2015-05-07	0.96	3.36	3.42	3.38	173900.0
2015-05-08	0.97	3.36	3.4	3.38	125500.0
2015-05-11	0.97	3.36	3.4	3.36	98800.0
2015-05-12	0.98	3.36	3.54	3.4	1518000.0
2015-05-13	0.96	3.34	3.4	3.36	229200.0
2015-05-14	0.97	3.36	3.38	3.38	22100.0
2015-05-15	0.98	3.36	3.4	3.4	27200.0
2015-05-18	1.01	3.4	3.42	3.42	211300.0
2015-05-19	0.98	3.38	3.42	3.38	128700.0
2015-05-20	1.0	3.38	3.42	3.4	110100.0
2015-05-21	1.07	3.4	3.52	3.42	2382000.0
2015-05-22	1.01	3.4	3.42	3.4	369000.0
2015-05-25	1.04	3.4	3.4	3.4	121800.0
2015-05-26	1.01	3.38	3.4	3.4	59300.0
2015-05-27	1.03	3.36	3.4	3.4	162800.0
2015-05-28	1.03	3.4	3.46	3.42	1075800.0
2015-05-29	1.08	3.42	3.44	3.44	184900.0
2015-06-02	1.07	3.4	3.42	3.4	307600.0
2015-06-03	1.05	3.38	3.42	3.42	220000.0
2015-06-04	1.04	3.4	3.44	3.42	378800.0
2015-06-05	1.0	3.42	3.46	3.46	1060300.0
2015-06-08	1.0	3.42	3.44	3.44	1084700.0
2015-06-09	1.02	3.42	3.44	3.44	1420800.0
2015-06-10	1.0	3.42	3.44	3.42	389400.0
2015-06-11	1.01	3.42	3.44	3.42	101100.0
2015-06-12	1.02	3.4	3.44	3.42	2982100.0
2015-06-15	1.01	3.28	3.32	3.32	795900.0
2015-06-16	0.97	3.26	3.32	3.28	1186100.0
2015-06-17	1.0	3.28	3.3	3.28	558800.0
2015-06-18	1.01	3.28	3.3	3.28	108900.0
2015-06-19	1.01	3.26	3.3	3.28	197800.0
2015-06-22	0.99	3.24	3.28	3.26	487400.0
2015-06-23	0.99	3.24	3.28	3.26	283000.0
2015-06-24	0.98	3.26	3.28	3.26	168500.0
2015-06-25	1.0	3.24	3.26	3.26	221700.0
2015-06-26	0.99	3.24	3.26	3.24	245800.0
2015-06-29	1.01	3.2	3.26	3.24	619200.0
2015-06-30	1.02	3.22	3.26	3.24	162300.0
2015-07-02	1.03	3.22	3.24	3.22	173000.0
2015-07-03	1.06	3.2	3.24	3.22	61200.0
2015-07-06	1.03	3.2	3.22	3.2	130600.0
2015-07-07	1.01	3.22	3.24	3.24	125300.0
2015-07-08	1.0	3.2	3.24	3.24	290800.0
2015-07-09	0.99	3.2	3.22	3.2	377300.0
2015-07-10	0.99	3.2	3.22	3.22	66100.0
2015-07-13	0.98	3.2	3.24	3.2	157100.0
2015-07-14	0.97	3.2	3.22	3.2	172000.0
2015-07-15	0.99	3.2	3.22	3.2	197500.0
2015-07-16	0.98	3.2	3.22	3.2	215500.0
2015-07-17	0.99	3.18	3.22	3.2	177300.0
2015-07-20	0.93	3.16	3.2	3.16	142200.0
2015-07-21	0.94	3.14	3.2	3.16	207000.0
2015-07-22	0.87	3.14	3.2	3.18	57100.0
2015-07-23	0.86	3.16	3.2	3.18	14700.0
2015-07-24	0.87	3.14	3.18	3.16	171600.0
2015-07-27	0.85	3.12	3.16	3.12	119600.0
2015-07-28	0.89	3.08	3.12	3.12	146400.0
2015-07-29	0.88	3.12	3.16	3.12	36500.0
2015-07-31	0.9	3.14	3.16	3.16	6600.0
2015-08-03	0.93	3.16	3.22	3.18	183800.0
2015-08-04	0.93	3.16	3.18	3.16	30500.0
2015-08-05	0.91	3.16	3.18	3.18	100100.0
2015-08-06	0.95	3.16	3.2	3.18	55900.0
2015-08-07	0.96	3.18	3.18	3.18	38300.0
2015-08-10	0.96	3.18	3.2	3.2	141900.0
2015-08-11	0.97	3.18	3.22	3.18	79400.0
2015-08-13	1.02	3.14	3.18	3.16	102900.0
2015-08-14	1.03	3.12	3.16	3.16	8000.0
2015-08-17	1.06	3.06	3.16	3.1	434400.0
2015-08-18	1.05	3.04	3.12	3.04	247800.0
2015-08-19	1.07	3.04	3.1	3.08	150700.0
2015-08-20	1.1	3.06	3.1	3.06	37400.0
2015-08-21	1.07	3.0	3.06	3.0	874600.0
2015-08-24	1.09	2.92	2.98	2.94	586400.0
2015-08-25	1.05	2.86	2.94	2.92	464700.0
2015-08-26	1.05	2.92	2.96	2.94	65800.0
2015-08-27	1.03	2.94	3.0	2.96	79600.0
2015-08-28	1.03	2.96	3.04	2.96	331500.0
2015-08-31	1.01	2.98	3.02	2.98	233500.0
2015-09-01	1.0	2.98	3.02	3.0	175100.0
2015-09-02	0.99	3.0	3.0	3.0	59500.0
2015-09-03	1.0	2.98	3.0	3.0	130200.0
2015-09-04	1.0	2.98	3.0	2.98	72500.0
2015-09-07	1.03	2.98	3.0	3.0	8500.0
2015-09-08	1.01	2.98	3.0	2.98	50600.0
2015-09-09	0.99	2.96	3.0	3.0	28700.0
2015-09-10	1.0	2.98	3.02	3.0	266200.0
2015-09-11	1.0	2.96	3.0	2.96	493400.0
2015-09-14	1.03	2.96	3.12	3.04	1070200.0
2015-09-15	1.01	3.0	3.08	3.0	288200.0
2015-09-16	1.02	3.0	3.1	3.04	130000.0
2015-09-17	1.02	3.02	3.04	3.02	73900.0
2015-09-18	1.05	2.98	3.02	2.98	148200.0
2015-09-21	1.12	2.98	3.0	2.98	21100.0
2015-09-22	1.31	2.98	3.0	2.98	65300.0
2015-09-23	1.36	2.96	3.04	3.0	171100.0
2015-09-24	1.41	3.0	3.04	3.0	85900.0
2015-09-25	1.37	3.02	3.14	3.04	284600.0
2015-09-28	1.35	3.0	3.04	3.0	55000.0
2015-09-29	1.28	2.98	3.0	3.0	21500.0
2015-09-30	1.32	3.0	3.02	3.02	12300.0
2015-10-01	1.36	2.96	3.0	2.96	89300.0
2015-10-02	1.35	2.96	3.0	3.0	2400.0
2015-10-05	1.33	2.98	3.02	3.0	29100.0
2015-10-06	1.31	2.96	3.0	2.96	21500.0
2015-10-07	1.3	2.98	3.0	3.0	33300.0
2015-10-08	1.29	2.98	3.0	2.98	3200.0
2015-10-09	1.3	2.98	3.08	3.0	332600.0
2015-10-12	1.34	3.0	3.02	3.0	51700.0
2015-10-13	1.3	2.98	3.0	2.98	138700.0
2015-10-14	1.29	2.98	3.0	3.0	85000.0
2015-10-15	1.33	2.98	3.0	3.0	180400.0
2015-10-16	1.28	3.0	3.0	3.0	372700.0
2015-10-19	1.3	2.98	3.02	3.0	184300.0
2015-10-20	1.36	3.0	3.02	3.02	19300.0
2015-10-21	1.29	3.0	3.08	3.04	465600.0
2015-10-22	1.33	3.06	3.12	3.06	389100.0
2015-10-26	1.28	3.06	3.12	3.1	508200.0
2015-10-27	1.29	3.1	3.2	3.14	809600.0
2015-10-28	1.29	3.12	3.26	3.16	800500.0
2015-10-29	1.2	3.1	3.16	3.12	209900.0
2015-10-30	1.2	3.08	3.1	3.1	84200.0
2015-11-02	1.28	3.08	3.12	3.08	137200.0
2015-11-03	1.28	3.06	3.12	3.08	68800.0
2015-11-04	1.28	3.08	3.1	3.1	50500.0
2015-11-05	1.28	3.08	3.1	3.08	70800.0
2015-11-06	1.2	3.06	3.08	3.08	158000.0
2015-11-09	1.26	3.06	3.08	3.06	20100.0
2015-11-10	1.26	3.02	3.06	3.04	335400.0
2015-11-11	1.24	3.02	3.06	3.04	46400.0
2015-11-12	1.24	3.0	3.04	3.02	206900.0
2015-11-13	1.24	3.0	3.02	3.02	11700.0
2015-11-16	1.22	3.02	3.12	3.06	153600.0
2015-11-17	1.22	3.06	3.12	3.08	642700.0
2015-11-18	1.2	3.04	3.08	3.04	334800.0
2015-11-19	1.18	3.04	3.06	3.04	324100.0
2015-11-20	1.2	3.04	3.06	3.04	267800.0
2015-11-23	1.17	3.04	3.06	3.04	486800.0
2015-11-24	1.16	3.04	3.16	3.04	4330300.0
2015-11-25	1.14	3.0	3.12	3.04	2112900.0
2015-11-26	1.14	3.02	3.06	3.04	1180300.0
2015-11-27	1.14	2.88	2.92	2.9	987100.0
2015-11-30	1.17	2.88	2.92	2.88	133100.0
2015-12-01	1.16	2.88	2.94	2.9	425600.0
2015-12-02	1.17	2.88	2.92	2.88	180300.0
2015-12-03	1.17	2.86	2.9	2.88	468800.0
2015-12-04	1.16	2.86	2.92	2.88	244700.0
2015-12-08	1.16	2.84	2.88	2.84	73300.0
2015-12-09	1.19	2.86	2.88	2.88	39900.0
2015-12-11	1.2	2.84	2.88	2.86	63300.0
2015-12-14	1.2	2.8	2.86	2.84	134100.0
2015-12-15	1.22	2.84	2.92	2.88	104400.0
2015-12-16	1.19	2.88	2.9	2.88	139300.0
2015-12-17	1.22	2.88	3.0	2.94	485500.0
2015-12-18	1.22	2.88	2.94	2.9	255500.0
2015-12-21	1.18	2.8	2.9	2.82	346700.0
2015-12-22	1.18	2.7	2.84	2.8	535400.0
2015-12-23	1.18	2.72	2.8	2.8	24800.0
2015-12-24	1.19	2.76	2.82	2.76	264300.0
2015-12-25	1.19	2.68	2.78	2.72	288400.0
2015-12-28	1.16	2.74	2.78	2.76	7900.0
2015-12-29	1.16	2.76	2.8	2.78	68300.0
2015-12-30	1.13	2.76	2.8	2.76	37800.0
2016-01-04	1.13	2.68	2.78	2.68	168300.0
2016-01-05	1.12	2.66	2.72	2.68	120200.0
2016-01-06	1.15	2.68	2.72	2.72	225000.0
2016-01-07	1.13	2.66	2.7	2.68	130000.0
2016-01-08	1.15	2.66	2.68	2.66	105700.0
2016-01-11	1.14	2.66	2.68	2.66	31900.0
2016-01-12	1.14	2.68	2.7	2.7	57900.0
2016-01-13	1.18	2.68	2.7	2.7	27300.0
2016-01-14	1.16	2.7	2.7	2.7	4300.0
2016-01-15	1.2	2.68	2.72	2.7	62100.0
2016-01-18	1.22	2.68	2.7	2.7	10800.0
2016-01-19	1.22	2.68	2.7	2.68	133600.0
2016-01-20	1.23	2.68	2.7	2.7	395100.0
2016-01-21	1.23	2.66	2.68	2.66	148000.0
2016-01-22	1.23	2.62	2.7	2.64	119400.0
2016-01-25	1.23	2.64	2.66	2.66	9900.0
2016-01-26	1.23	2.66	2.68	2.66	41600.0
2016-01-27	1.22	2.68	2.7	2.68	376700.0
2016-01-28	1.23	2.68	2.68	2.68	42100.0
2016-01-29	1.22	2.68	2.7	2.7	126500.0
2016-02-01	1.21	2.68	2.68	2.68	95000.0
2016-02-02	1.18	2.68	2.7	2.68	64400.0
2016-02-03	1.19	2.68	2.68	2.68	81500.0
2016-02-04	1.2	2.66	2.68	2.68	48300.0
2016-02-05	1.22	2.64	2.7	2.66	212000.0
2016-02-08	1.21	2.66	2.68	2.68	267400.0
2016-02-09	1.22	2.66	2.66	2.66	298400.0
2016-02-10	1.2	2.64	2.66	2.66	201600.0
2016-02-11	1.22	2.64	2.68	2.64	371600.0
2016-02-12	1.21	2.58	2.64	2.6	226300.0
2016-02-15	1.21	2.62	2.66	2.66	101700.0
2016-02-16	1.23	2.56	2.68	2.6	337300.0
2016-02-17	1.23	2.58	2.6	2.6	162200.0
2016-02-18	1.25	2.6	2.64	2.6	69000.0
2016-02-19	1.24	2.6	2.64	2.64	116900.0
2016-02-23	1.22	2.6	2.66	2.62	197500.0
2016-02-24	1.23	2.6	2.64	2.62	79900.0
2016-02-25	1.24	2.62	2.62	2.62	64500.0
2016-02-26	1.24	2.62	2.64	2.64	206000.0
2016-02-29	1.24	2.62	2.64	2.62	88000.0
2016-03-01	1.19	2.6	2.62	2.6	146000.0
2016-03-02	1.13	2.6	2.62	2.62	86600.0
2016-03-03	1.17	2.6	2.62	2.62	126500.0
2016-03-04	1.19	2.6	2.62	2.6	83400.0
2016-03-07	1.21	2.6	2.62	2.6	357800.0
2016-03-08	1.19	2.6	2.66	2.62	1335900.0
2016-03-09	1.18	2.6	2.62	2.62	1481700.0
2016-03-10	1.18	2.6	2.64	2.6	138900.0
2016-03-11	1.21	2.62	2.68	2.62	689700.0
2016-03-14	1.19	2.62	2.64	2.62	227400.0
2016-03-15	1.19	2.62	2.66	2.64	762600.0
2016-03-16	1.17	2.64	2.7	2.64	946400.0
2016-03-17	1.15	2.64	2.66	2.66	234300.0
2016-03-18	1.15	2.62	2.66	2.64	105400.0
2016-03-21	1.17	2.64	2.66	2.66	9500.0
2016-03-22	1.19	2.64	2.66	2.64	204500.0
2016-03-23	1.2	2.62	2.64	2.64	592300.0
2016-03-24	1.18	2.62	2.64	2.64	206200.0
2016-03-25	1.17	2.64	2.64	2.64	153000.0
2016-03-28	1.16	2.64	2.66	2.66	61700.0
2016-03-29	1.15	2.64	2.68	2.68	137100.0
2016-03-30	1.23	2.68	2.72	2.72	327900.0
2016-03-31	1.2	2.7	2.76	2.72	517700.0
2016-04-01	1.19	2.68	2.72	2.72	174100.0
2016-04-04	1.21	2.7	2.74	2.72	971600.0
2016-04-05	1.21	2.66	2.72	2.66	711200.0
2016-04-07	1.22	2.66	2.76	2.7	763800.0
2016-04-08	1.19	2.68	2.72	2.68	73700.0
2016-04-11	1.14	2.66	2.7	2.7	124200.0
2016-04-12	1.19	2.68	2.7	2.7	34300.0
2016-04-18	1.16	2.7	2.74	2.7	278600.0
2016-04-19	1.19	2.72	2.72	2.72	179500.0
2016-04-20	1.2	2.7	2.74	2.72	365000.0
2016-04-21	1.18	2.72	2.78	2.72	606200.0
2016-04-22	1.16	2.72	2.76	2.72	70900.0
2016-04-25	1.18	2.74	2.82	2.76	1437800.0
2016-04-26	1.21	2.78	2.94	2.86	1931800.0
2016-04-27	1.2	2.8	2.88	2.84	208700.0
2016-04-28	1.22	2.8	2.84	2.82	230500.0
2016-04-29	1.22	2.82	2.84	2.82	182100.0
2016-05-03	1.22	2.86	2.88	2.86	369500.0
2016-05-04	1.22	2.84	2.88	2.86	279200.0
2016-05-06	1.22	2.84	2.88	2.86	279200.0
2016-05-09	1.21	2.86	2.86	2.86	145600.0
2016-05-10	1.21	2.82	2.9	2.86	359500.0
2016-05-11	1.21	2.84	2.9	2.84	267600.0
2016-05-12	1.21	2.84	2.88	2.86	114500.0
2016-05-13	1.2	2.84	2.88	2.84	439800.0
2016-05-16	1.2	2.84	2.88	2.88	463200.0
2016-05-17	1.2	2.88	2.92	2.9	354200.0
2016-05-18	1.2	2.9	2.92	2.92	103100.0
2016-05-19	1.22	2.9	2.92	2.92	251000.0
2016-05-23	1.23	2.9	2.92	2.9	281200.0
2016-05-24	1.24	2.82	2.88	2.86	543500.0
2016-05-25	1.23	2.84	2.88	2.88	70100.0
2016-05-26	1.27	2.86	2.9	2.9	349400.0
2016-05-27	1.31	2.94	3.04	3.0	929000.0
2016-05-30	1.3	3.0	3.08	3.06	628800.0
2016-05-31	1.3	3.04	3.12	3.1	883600.0
2016-06-01	1.31	3.12	3.14	3.14	595600.0
2016-06-02	1.28	3.08	3.14	3.08	485000.0
2016-06-03	1.3	3.1	3.14	3.14	252100.0
2016-06-06	1.28	3.14	3.2	3.2	687600.0
2016-06-07	1.3	3.12	3.2	3.16	938800.0
2016-06-08	1.3	3.1	3.18	3.12	625500.0
2016-06-09	1.45	3.12	3.24	3.12	3054500.0
2016-06-10	1.4	3.1	3.2	3.14	2440500.0
2016-06-13	1.4	2.92	2.96	2.92	1519200.0
2016-06-14	1.38	2.9	2.92	2.9	331100.0
2016-06-15	1.5	2.86	2.9	2.86	714100.0
2016-06-16	1.43	2.82	2.88	2.84	785900.0
2016-06-17	1.33	2.82	2.86	2.86	263000.0
2016-06-20	1.36	2.82	2.86	2.82	477300.0
2016-06-21	1.42	2.82	2.84	2.84	184000.0
2016-06-22	1.4	2.82	2.86	2.82	192900.0
2016-06-23	1.39	2.82	2.84	2.82	206700.0
2016-06-24	1.37	2.8	2.82	2.82	171600.0
2016-06-27	1.31	2.8	2.88	2.86	148800.0
2016-06-28	1.3	2.86	2.88	2.86	87900.0
2016-06-29	1.31	2.86	2.92	2.86	248400.0
2016-06-30	1.34	2.86	2.88	2.88	115600.0
2016-07-04	1.38	2.88	2.9	2.88	207400.0
2016-07-05	1.49	2.88	2.96	2.96	572200.0
2016-07-06	1.68	2.92	2.96	2.96	436500.0
2016-07-07	1.63	2.92	2.98	2.92	238800.0
2016-07-08	1.63	2.92	2.96	2.96	292100.0
2016-07-11	1.58	2.96	3.04	3.02	479300.0
2016-07-12	1.59	2.98	3.04	3.02	112100.0
2016-07-13	1.58	2.98	3.02	3.0	282100.0
2016-07-14	1.59	3.0	3.02	3.0	301100.0
2016-07-15	1.58	3.0	3.02	3.0	314600.0
2016-07-20	1.53	3.02	3.06	3.06	336700.0
2016-07-21	1.53	3.04	3.06	3.04	532000.0
2016-07-22	1.54	3.04	3.04	3.04	223700.0
2016-07-25	1.55	3.04	3.06	3.04	308900.0
2016-07-26	1.58	3.04	3.06	3.04	549700.0
2016-07-27	1.57	3.04	3.04	3.04	273400.0
2016-07-28	1.53	3.04	3.08	3.06	61100.0
2016-07-29	1.5	3.08	3.22	3.14	1094200.0
2016-08-01	1.5	3.08	3.14	3.08	363300.0
2016-08-02	1.49	3.08	3.1	3.08	390600.0
2016-08-03	1.52	3.06	3.08	3.06	208900.0
2016-08-04	1.53	3.06	3.12	3.1	282700.0
2016-08-05	1.56	3.08	3.1	3.1	141000.0
2016-08-08	1.57	3.08	3.14	3.12	711600.0
2016-08-09	1.58	3.12	3.12	3.12	418700.0
2016-08-10	1.6	3.1	3.14	3.12	391000.0
2016-08-11	1.58	3.16	3.22	3.2	1752900.0
2016-08-15	1.59	3.2	3.28	3.24	760700.0
2016-08-16	1.58	3.2	3.26	3.2	627700.0
2016-08-17	1.58	3.18	3.24	3.18	715100.0
2016-08-18	1.6	3.18	3.22	3.2	424400.0
2016-08-19	1.62	3.2	3.24	3.22	303400.0
2016-08-22	1.6	3.2	3.24	3.2	92500.0
2016-08-23	1.74	3.18	3.24	3.22	580300.0
2016-08-24	1.76	3.2	3.22	3.22	191300.0
2016-08-25	1.74	3.22	3.24	3.22	163900.0
2016-08-26	1.8	3.2	3.22	3.2	203200.0
2016-08-29	2.2	3.18	3.2	3.18	171000.0
2016-08-30	2.14	3.16	3.2	3.18	194000.0
2016-08-31	2.08	3.18	3.2	3.2	339700.0
2016-09-01	2.1	3.18	3.2	3.18	27800.0
2016-09-02	2.04	3.14	3.2	3.14	235900.0
2016-09-05	2.14	3.02	3.14	3.04	927100.0
2016-09-06	2.16	3.04	3.1	3.1	209900.0
2016-09-07	2.3	3.08	3.12	3.1	121300.0
2016-09-08	2.34	3.04	3.08	3.04	851700.0
2016-09-09	2.26	3.04	3.08	3.08	299700.0
2016-09-12	2.28	3.0	3.06	3.02	516300.0
2016-09-13	2.24	3.06	3.08	3.06	373200.0
2016-09-14	2.16	3.06	3.08	3.08	763600.0
2016-09-15	2.3	3.06	3.08	3.08	271900.0
2016-09-16	2.28	3.08	3.12	3.08	1159700.0
2016-09-19	2.32	3.08	3.1	3.08	466300.0
2016-09-20	2.32	3.06	3.08	3.06	209000.0
2016-09-21	2.36	3.06	3.08	3.06	83700.0
2016-09-22	2.36	3.06	3.1	3.08	307600.0
2016-09-23	2.48	3.04	3.1	3.08	254300.0
2016-09-26	2.46	3.08	3.1	3.08	688200.0
2016-09-27	2.36	3.08	3.12	3.08	389100.0
2016-09-28	2.38	3.06	3.08	3.08	191900.0
2016-09-29	2.34	3.06	3.08	3.06	283900.0
2016-09-30	2.4	3.06	3.08	3.06	236100.0
2016-10-03	2.42	3.0	3.1	3.06	313700.0
2016-10-04	2.32	3.06	3.08	3.08	112700.0
2016-10-05	2.28	3.08	3.08	3.08	171200.0
2016-10-06	2.5	3.06	3.08	3.08	168700.0
2016-10-07	2.4	3.08	3.08	3.08	99100.0
2016-10-10	2.5	3.02	3.06	3.02	387500.0
2016-10-11	2.46	3.0	3.04	3.02	395500.0
2016-10-12	2.5	2.88	3.02	2.98	463200.0
2016-10-13	2.54	2.88	3.0	2.94	390500.0
2016-10-14	2.5	2.96	3.08	3.06	225900.0
2016-10-17	2.48	3.04	3.08	3.08	56500.0
2016-10-18	2.48	3.04	3.1	3.06	171000.0
2016-10-19	2.48	3.08	3.1	3.1	133700.0
2016-10-20	2.46	3.08	3.16	3.14	379800.0
2016-10-21	2.46	3.1	3.12	3.12	260000.0
2016-10-25	2.48	3.08	3.14	3.1	244300.0
2016-10-26	2.56	3.1	3.12	3.1	160300.0
2016-10-27	2.58	3.1	3.12	3.12	17900.0
2016-10-28	2.84	3.1	3.12	3.12	169600.0
2016-10-31	2.78	3.1	3.16	3.14	317000.0
2016-11-01	2.88	3.14	3.18	3.16	172500.0
2016-11-02	2.9	3.12	3.16	3.16	267500.0
2016-11-03	2.92	3.14	3.2	3.18	484200.0
2016-11-04	3.08	3.14	3.18	3.18	183300.0
2016-11-07	2.82	3.16	3.24	3.2	388000.0
2016-11-08	2.9	3.16	3.2	3.2	484000.0
2016-11-09	3.14	3.16	3.2	3.2	296400.0
2016-11-10	3.12	3.18	3.2	3.2	178600.0
2016-11-11	3.02	3.16	3.42	3.38	2912900.0
2016-11-14	2.94	3.32	3.42	3.32	2231700.0
2016-11-15	2.96	3.26	3.4	3.4	1609400.0
2016-11-16	2.9	3.38	3.42	3.38	2026400.0
2016-11-17	2.9	3.38	3.42	3.42	2259200.0
2016-11-18	2.9	3.42	3.5	3.42	4323900.0
2016-11-21	2.92	3.42	3.48	3.48	1492200.0
2016-11-22	3.0	3.44	3.5	3.46	798300.0
2016-11-23	2.98	3.42	3.48	3.44	2670700.0
2016-11-24	2.92	3.26	3.3	3.26	1591900.0
2016-11-25	2.86	3.26	3.32	3.3	399300.0
2016-11-28	2.92	3.32	3.38	3.36	1303000.0
2016-11-29	3.16	3.34	3.4	3.38	974400.0
2016-11-30	3.22	3.34	3.38	3.36	417700.0
2016-12-01	3.24	3.32	3.38	3.36	260000.0
2016-12-02	3.3	3.32	3.38	3.32	266600.0
2016-12-06	3.22	3.3	3.34	3.34	366400.0
2016-12-07	3.28	3.3	3.34	3.34	235000.0
2016-12-08	3.24	3.32	3.36	3.34	516300.0
2016-12-09	3.22	3.34	3.38	3.34	1756600.0
2016-12-13	3.24	3.34	3.5	3.4	1275900.0
2016-12-14	3.22	3.42	3.84	3.58	12430500.0
2016-12-15	3.5	3.6	3.7	3.64	3876600.0
2016-12-16	4.0	3.54	3.68	3.56	2510900.0
2016-12-19	3.84	3.44	3.62	3.52	752500.0
2016-12-20	3.74	3.42	3.58	3.46	955500.0
2016-12-21	3.68	3.46	3.58	3.54	784200.0
2016-12-22	3.62	3.5	3.56	3.54	768800.0
2016-12-23	3.58	3.56	3.66	3.58	770900.0
2016-12-26	3.54	3.58	3.7	3.6	1334200.0
2016-12-27	3.68	3.58	3.66	3.58	1042400.0
2016-12-28	3.7	3.56	3.62	3.58	393400.0
2016-12-29	3.54	3.58	3.9	3.74	16830800.0
2016-12-30	3.58	3.66	3.78	3.66	1620500.0
2017-01-04	3.52	3.7	3.78	3.74	1172700.0
2017-01-05	3.44	3.76	4.26	3.94	11871300.0
2017-01-06	3.72	3.82	3.96	3.82	2787400.0
2017-01-09	3.58	3.78	3.9	3.78	1042800.0
2017-01-10	3.62	3.78	3.86	3.84	576300.0
2017-01-11	3.56	3.8	3.88	3.8	573800.0
2017-01-12	3.48	3.76	3.82	3.76	794800.0
2017-01-13	3.56	3.72	3.82	3.74	972000.0
2017-01-16	3.64	3.74	3.78	3.74	333600.0
2017-01-17	3.44	3.72	3.78	3.74	526000.0
2017-01-18	3.46	3.7	3.82	3.7	516500.0
2017-01-19	3.46	3.58	3.66	3.58	1516500.0
2017-01-20	3.44	3.52	3.64	3.62	874400.0
2017-01-23	3.42	3.6	3.78	3.78	1118200.0
2017-01-24	3.4	3.74	4.0	3.74	10686900.0
2017-01-25	3.4	3.74	3.82	3.8	1704100.0
2017-01-26	3.38	3.76	3.86	3.76	1786200.0
2017-01-27	3.44	3.72	3.8	3.78	485300.0
2017-01-30	3.4	3.74	3.84	3.74	1293200.0
2017-01-31	3.4	3.74	3.8	3.74	995800.0
2017-02-01	3.5	3.74	3.8	3.74	275900.0
2017-02-02	3.6	3.72	3.76	3.72	687700.0
2017-02-03	3.54	3.68	3.76	3.7	609500.0
2017-02-06	3.52	3.7	3.76	3.76	388300.0
2017-02-07	3.46	3.76	3.82	3.8	892800.0
2017-02-08	3.48	3.76	3.84	3.76	561000.0
2017-02-09	3.44	3.76	3.8	3.76	218600.0
2017-02-10	3.42	3.98	4.16	4.04	16117400.0
2017-02-14	3.44	4.02	4.1	4.08	2474400.0
2017-02-15	3.56	4.02	4.14	4.1	3733700.0
2017-02-16	3.48	4.06	4.22	4.06	12623700.0
2017-02-17	3.5	4.04	4.1	4.04	1991900.0
2017-02-20	3.5	4.04	4.1	4.08	970700.0
2017-02-21	3.44	4.08	4.18	4.12	4660000.0
2017-02-22	3.48	4.08	4.18	4.16	2409800.0
2017-02-23	3.44	4.1	4.18	4.1	648700.0
2017-02-24	3.42	4.0	4.12	4.04	5252000.0
2017-02-27	3.44	4.02	4.08	4.02	594500.0
2017-02-28	3.54	3.96	4.04	4.04	822900.0
2017-03-01	3.44	4.04	4.08	4.06	432700.0
2017-03-02	3.42	4.06	4.12	4.12	723800.0
2017-03-03	3.48	4.08	4.2	4.14	1427200.0
2017-03-06	3.44	4.06	4.14	4.1	825400.0
2017-03-07	3.42	4.08	4.1	4.1	272000.0
2017-03-08	3.42	4.02	4.1	4.04	1140700.0
2017-03-09	3.42	4.02	4.08	4.08	483400.0
2017-03-10	3.38	3.96	4.1	4.06	1496000.0
2017-03-13	3.38	3.96	4.06	4.02	748500.0
2017-03-14	3.32	3.96	4.06	4.06	281600.0
2017-03-15	3.26	4.04	4.08	4.08	311100.0
2017-03-16	3.22	4.02	4.14	4.12	694400.0
2017-03-17	3.1	4.08	4.1	4.1	123900.0
2017-03-20	2.98	4.08	4.14	4.12	292100.0
2017-03-21	3.08	4.08	4.12	4.12	408000.0
2017-03-22	3.1	4.08	4.1	4.08	50200.0
2017-03-23	3.02	4.06	4.12	4.1	342600.0
2017-03-24	3.28	4.06	4.1	4.06	402100.0
2017-03-27	3.12	4.04	4.08	4.08	241100.0
2017-03-28	3.12	4.04	4.08	4.08	748200.0
2017-03-29	3.04	4.04	4.12	4.1	285600.0
2017-03-30	2.98	4.08	4.1	4.1	136200.0
2017-03-31	3.0	4.1	4.1	4.1	103600.0
2017-04-03	3.12	4.08	4.1	4.1	226900.0
2017-04-04	3.08	4.08	4.1	4.1	71800.0
2017-04-05	3.04	4.1	4.14	4.12	454400.0
2017-04-07	3.06	4.1	4.24	4.22	13530300.0
2017-04-10	3.08	4.14	4.34	4.14	8687700.0
2017-04-11	3.12	4.1	4.18	4.1	1790100.0
2017-04-12	3.06	4.08	4.18	4.1	1123700.0
2017-04-17	3.02	4.06	4.12	4.12	517000.0
2017-04-18	3.1	4.1	4.14	4.1	273300.0
2017-04-19	3.12	4.08	4.14	4.08	938100.0
2017-04-20	3.2	4.08	4.1	4.08	1304800.0
2017-04-21	3.3	4.06	4.1	4.06	705200.0
2017-04-24	3.36	4.04	4.08	4.06	597000.0
2017-04-25	3.38	4.04	4.12	4.06	524100.0
2017-04-26	3.34	4.08	4.1	4.1	442200.0
2017-04-27	3.3	4.08	4.14	4.1	1410900.0
2017-04-28	3.24	4.08	4.1	4.08	225400.0
2017-05-02	3.5	4.08	4.1	4.1	348800.0
2017-05-03	3.32	4.08	4.1	4.1	853100.0
2017-05-04	3.32	4.08	4.12	4.12	555100.0
2017-05-05	3.3	4.06	4.1	4.06	536800.0
2017-05-08	3.26	4.06	4.12	4.08	316700.0
2017-05-09	3.26	4.02	4.1	4.04	1038900.0
2017-05-11	3.24	4.02	4.06	4.02	1229300.0
2017-05-12	3.26	3.96	4.06	4.0	596000.0
2017-05-15	3.36	3.92	4.02	3.94	1509500.0
2017-05-16	3.36	3.94	4.1	4.06	393200.0
2017-05-17	3.36	4.06	4.1	4.1	210600.0
2017-05-18	3.34	4.06	4.12	4.1	418900.0
2017-05-19	3.34	4.04	4.1	4.1	680200.0
2017-05-22	3.34	4.06	4.1	4.1	340000.0
2017-05-23	3.3	4.08	4.1	4.1	250800.0
2017-05-24	3.26	4.08	4.14	4.08	1512300.0
2017-05-25	3.26	4.1	4.14	4.12	1011000.0
2017-05-26	3.26	4.1	4.18	4.18	2366900.0
2017-05-29	3.26	4.12	4.22	4.18	2637700.0
2017-05-30	3.26	4.28	4.44	4.3	14067900.0
2017-05-31	3.24	4.26	4.38	4.32	3784100.0
2017-06-01	3.28	4.32	4.38	4.34	2681200.0
2017-06-02	3.3	4.34	4.6	4.6	38413500.0
2017-06-05	3.32	4.54	4.72	4.66	23335900.0
2017-06-06	3.24	4.62	4.76	4.68	11424100.0
2017-06-07	3.1	4.54	4.7	4.6	6975000.0
2017-06-08	3.12	4.56	4.68	4.66	5065700.0
2017-06-09	3.14	4.62	4.72	4.72	5167900.0
2017-06-12	3.14	4.6	4.86	4.6	14528000.0
2017-06-13	3.14	4.58	4.66	4.62	3468300.0
2017-06-14	3.16	4.58	4.66	4.6	3974900.0
2017-06-15	3.16	4.36	4.42	4.38	2737100.0
2017-06-16	3.12	4.36	4.5	4.42	2703800.0
2017-06-19	3.16	4.38	4.5	4.4	1566300.0
2017-06-20	3.1	4.38	4.44	4.38	539900.0
2017-06-21	3.12	4.38	4.52	4.42	5505800.0
2017-06-22	3.12	4.36	4.46	4.38	3709500.0
2017-06-23	3.08	4.36	4.44	4.36	706200.0
2017-06-26	3.08	4.3	4.44	4.38	3930300.0
2017-06-27	3.1	4.36	4.44	4.36	2577000.0
2017-06-28	3.04	4.34	4.38	4.36	684100.0
2017-06-29	3.04	4.34	4.4	4.34	626600.0
2017-06-30	2.98	4.26	4.38	4.26	1424700.0
2017-07-03	3.0	4.18	4.26	4.22	1712700.0
2017-07-04	3.02	4.12	4.26	4.14	2056600.0
2017-07-05	2.96	4.1	4.18	4.16	894200.0
2017-07-06	2.92	4.14	4.2	4.18	821500.0
2017-07-07	2.9	4.14	4.18	4.16	212800.0
2017-07-11	2.86	4.12	4.16	4.14	634600.0
2017-07-12	2.86	4.12	4.18	4.18	521800.0
2017-07-13	2.86	4.12	4.2	4.14	898700.0
2017-07-14	2.88	4.1	4.18	4.16	1985700.0
2017-07-17	2.86	4.14	4.18	4.16	194000.0
2017-07-18	2.92	4.16	4.2	4.18	115800.0
2017-07-19	2.92	4.14	4.18	4.18	165600.0
2017-07-20	2.98	4.14	4.18	4.14	192900.0
2017-07-21	3.04	4.12	4.18	4.14	336200.0
2017-07-24	3.0	4.08	4.16	4.12	887600.0
2017-07-25	3.0	4.12	4.18	4.16	267000.0
2017-07-26	3.0	4.14	4.18	4.16	131300.0
2017-07-27	2.94	4.14	4.18	4.14	217900.0
2017-07-31	2.94	4.06	4.18	4.12	1904900.0
2017-08-01	2.98	4.1	4.14	4.14	452000.0
2017-08-02	2.94	4.12	4.14	4.12	138300.0
2017-08-03	2.92	4.14	4.24	4.16	1204900.0
2017-08-04	2.92	4.16	4.2	4.2	172500.0
2017-08-07	3.0	4.2	4.24	4.24	375900.0
2017-08-08	3.04	4.2	4.24	4.24	448700.0
2017-08-09	3.02	4.2	4.24	4.2	505600.0
2017-08-10	3.02	4.16	4.52	4.4	6506500.0
2017-08-11	3.1	4.3	4.4	4.34	2239000.0
2017-08-15	3.06	4.34	4.42	4.36	2066800.0
2017-08-16	3.1	4.3	4.38	4.3	1135800.0
2017-08-17	3.1	4.32	4.34	4.34	305900.0
2017-08-18	3.06	4.34	4.44	4.38	1926300.0
2017-08-21	3.1	4.36	4.42	4.36	492700.0
2017-08-22	3.08	4.34	4.4	4.34	606700.0
2017-08-23	3.22	4.34	4.38	4.36	280400.0
2017-08-24	3.2	4.36	4.38	4.38	452700.0
2017-08-25	3.14	4.36	4.4	4.38	230200.0
2017-08-28	3.18	4.38	4.44	4.4	579100.0
2017-08-29	3.18	4.38	4.42	4.42	863000.0
2017-08-30	3.18	4.4	4.48	4.42	588800.0
2017-08-31	3.16	4.4	4.48	4.44	1106200.0
2017-09-01	3.24	4.4	4.44	4.42	276800.0
2017-09-04	3.16	4.38	4.44	4.42	841900.0
2017-09-05	3.16	4.4	4.44	4.44	1364400.0
2017-09-06	3.18	4.42	4.46	4.44	648600.0
2017-09-07	3.14	4.44	4.54	4.54	3183600.0
2017-09-08	3.12	4.42	4.58	4.44	3541700.0
2017-09-11	3.06	4.44	4.52	4.44	901200.0
2017-09-12	3.1	4.44	4.48	4.48	345600.0
2017-09-13	3.08	4.46	4.52	4.46	1071400.0
2017-09-14	3.16	4.44	4.48	4.46	261000.0
2017-09-15	3.14	4.44	4.46	4.44	481900.0
2017-09-18	3.16	4.44	4.48	4.44	417300.0
2017-09-19	3.16	4.42	4.46	4.46	441400.0
2017-09-20	3.16	4.42	4.46	4.46	192800.0
2017-09-21	3.16	4.42	4.46	4.46	432900.0
2017-09-22	3.18	4.42	4.46	4.44	567800.0
2017-09-25	3.2	4.34	4.44	4.34	2086400.0
2017-09-26	3.18	4.32	4.4	4.36	659000.0
2017-09-27	3.2	4.34	4.4	4.36	674800.0
2017-09-28	3.3	4.34	4.36	4.34	261600.0
2017-09-29	3.4	4.32	4.38	4.34	337700.0
2017-10-02	3.32	4.34	4.44	4.38	966300.0
2017-10-03	3.36	4.34	4.4	4.38	729900.0
2017-10-04	3.46	4.36	4.4	4.38	681600.0
2017-10-05	3.48	4.38	4.42	4.4	825400.0
2017-10-06	3.5	4.4	4.44	4.42	800600.0
2017-10-09	3.52	4.4	4.44	4.4	801600.0
2017-10-10	3.46	4.42	4.48	4.48	934900.0
2017-10-11	3.42	4.44	4.48	4.48	404800.0
2017-10-12	3.34	4.4	4.48	4.42	1147600.0
2017-10-16	3.06	4.42	4.46	4.46	542500.0
2017-10-17	3.02	4.46	4.5	4.5	379400.0
2017-10-18	3.04	4.44	4.5	4.46	592300.0
2017-10-19	3.0	4.46	4.5	4.46	1022100.0
2017-10-20	3.04	4.44	4.48	4.48	398300.0
2017-10-24	3.04	4.46	4.5	4.46	283900.0
2017-10-25	3.0	4.48	4.5	4.5	914900.0
2017-10-27	2.98	4.48	4.54	4.48	704000.0
2017-10-30	2.98	4.48	4.52	4.5	231600.0
2017-10-31	2.96	4.48	4.52	4.52	923200.0
2017-11-01	2.96	4.48	4.54	4.5	483500.0
2017-11-02	2.92	4.48	4.52	4.5	1030000.0
2017-11-03	2.9	4.5	4.54	4.52	440200.0
2017-11-06	2.88	4.52	4.58	4.58	1359000.0
2017-11-07	2.94	4.58	4.64	4.62	700800.0
2017-11-08	2.96	4.78	4.92	4.86	7500000.0
2017-11-09	3.02	4.82	4.9	4.86	2524700.0
2017-11-10	3.02	4.84	4.88	4.88	908600.0
2017-11-13	3.02	4.84	4.88	4.88	1220200.0
2017-11-14	3.04	4.84	4.96	4.94	1863100.0
2017-11-15	3.04	4.9	4.96	4.9	954800.0
2017-11-16	3.04	4.76	4.92	4.82	1424900.0
2017-11-17	3.02	4.76	4.86	4.84	2267800.0
2017-11-20	3.02	4.62	4.7	4.66	1474500.0
2017-11-21	3.02	4.62	4.66	4.66	363400.0
2017-11-22	3.04	4.56	4.66	4.56	3106000.0
2017-11-23	3.04	4.56	4.6	4.58	956700.0
2017-11-24	3.04	4.54	4.6	4.58	827200.0
2017-11-27	3.14	4.48	4.56	4.5	1524400.0
2017-11-28	3.2	4.44	4.5	4.44	1936800.0
2017-11-29	3.14	4.4	4.52	4.42	2947000.0
2017-11-30	3.1	4.4	4.44	4.4	773800.0
2017-12-01	3.14	4.38	4.44	4.38	987400.0
2017-12-04	3.14	4.36	4.4	4.36	1048000.0
2017-12-06	3.12	4.32	4.42	4.32	1407400.0
2017-12-07	3.1	4.3	4.38	4.36	497900.0
2017-12-08	3.08	4.32	4.38	4.36	608400.0
2017-12-12	3.08	4.28	4.38	4.36	1441300.0
2017-12-13	3.02	4.34	4.44	4.4	757000.0
2017-12-14	2.98	4.4	4.44	4.44	539800.0
2017-12-15	2.8	4.42	4.48	4.46	859500.0
2017-12-18	2.82	4.44	4.48	4.48	306500.0
2017-12-19	2.84	4.46	4.5	4.48	1374600.0
2017-12-20	2.94	4.5	4.54	4.5	1324300.0
2017-12-21	2.96	4.5	4.54	4.5	363400.0
2017-12-22	2.94	4.52	4.54	4.54	187000.0
2017-12-25	2.94	4.5	4.56	4.56	403700.0
2017-12-26	2.92	4.52	4.56	4.54	481700.0
2017-12-27	2.9	4.52	4.56	4.56	422700.0
2017-12-28	2.88	4.46	4.56	4.48	659500.0
2017-12-29	2.88	4.46	4.5	4.5	431700.0
2018-01-03	2.82	4.46	4.52	4.5	416800.0
2018-01-04	2.78	4.52	4.6	4.54	415000.0
2018-01-05	2.78	4.54	4.68	4.54	1435700.0
2018-01-08	2.88	4.58	4.66	4.58	395100.0
2018-01-09	2.92	4.54	4.62	4.6	334200.0
2018-01-10	2.92	4.6	4.64	4.62	705400.0
2018-01-11	2.94	4.58	4.62	4.58	149900.0
2018-01-12	2.88	4.58	4.62	4.6	108600.0
2018-01-15	2.88	4.6	4.64	4.6	221900.0
2018-01-16	2.86	4.6	4.66	4.64	429200.0
2018-01-17	2.9	4.6	4.64	4.62	235800.0
2018-01-18	2.9	4.6	4.64	4.6	874700.0
2018-01-19	2.86	4.58	4.64	4.6	325600.0
2018-01-22	2.82	4.58	4.6	4.58	260500.0
2018-01-23	2.84	4.58	4.62	4.6	178300.0
2018-01-24	2.82	4.6	4.64	4.6	406100.0
2018-01-25	2.84	4.6	4.62	4.6	529300.0
2018-01-26	2.84	4.6	4.64	4.62	260800.0
2018-01-29	2.82	4.6	4.64	4.6	198400.0
2018-01-30	2.82	4.6	4.64	4.64	310200.0
2018-01-31	2.82	4.62	4.64	4.62	191900.0
2018-02-01	2.5	4.6	4.7	4.7	372800.0
2018-02-02	2.5	4.64	4.72	4.64	381800.0
2018-02-05	2.42	4.6	4.7	4.66	459900.0
2018-02-06	2.44	4.54	4.6	4.54	1290500.0
2018-02-07	2.34	4.56	4.62	4.58	417400.0
2018-02-08	2.42	4.56	4.66	4.6	186300.0
2018-02-09	2.28	4.56	4.6	4.6	322100.0
2018-02-12	2.14	4.6	4.7	4.66	544100.0
2018-02-13	2.16	4.64	4.84	4.76	3327400.0
2018-02-14	2.2	4.76	4.82	4.76	1683900.0
2018-02-15	2.28	4.76	4.84	4.76	625000.0
2018-02-16	2.24	4.76	4.86	4.8	2703500.0
2018-02-19	2.22	4.8	4.88	4.86	2068500.0
2018-02-20	2.2	4.8	4.88	4.82	849400.0
2018-02-21	2.24	4.76	4.84	4.8	895300.0
2018-02-22	2.24	4.78	4.82	4.8	151900.0
2018-02-23	2.28	4.78	4.8	4.8	393000.0
2018-02-26	2.24	4.8	4.88	4.84	618600.0
2018-02-27	2.24	4.84	4.86	4.84	457700.0
2018-02-28	2.24	4.78	4.86	4.82	888400.0
2018-03-02	2.1	4.66	4.82	4.66	2841700.0
2018-03-05	2.12	4.68	4.72	4.68	1794100.0
2018-03-06	2.08	4.68	4.72	4.68	787600.0
2018-03-07	2.08	4.66	4.7	4.7	310700.0
2018-03-08	2.06	4.66	4.7	4.68	591900.0
2018-03-09	2.1	4.64	4.7	4.68	298100.0
2018-03-12	2.12	4.66	4.7	4.68	270700.0
2018-03-13	2.18	4.68	4.72	4.72	445900.0
2018-03-14	2.18	4.68	4.74	4.68	669300.0
2018-03-15	2.32	4.68	4.74	4.74	140500.0
2018-03-16	2.32	4.68	4.74	4.72	265800.0
2018-03-19	2.26	4.68	4.72	4.68	548900.0
2018-03-20	2.28	4.66	4.7	4.7	188900.0
2018-03-21	2.26	4.66	4.74	4.7	576000.0
2018-03-22	2.26	4.68	4.72	4.68	689400.0
2018-03-23	2.28	4.66	4.7	4.68	511300.0
2018-03-26	2.32	4.66	4.72	4.7	334900.0
2018-03-27	2.32	4.64	4.7	4.68	846600.0
2018-03-28	2.34	4.66	4.68	4.66	248100.0
2018-03-29	2.36	4.64	4.66	4.64	342700.0
2018-03-30	2.36	4.64	4.68	4.68	363300.0
2018-04-02	2.34	4.64	4.7	4.68	129900.0
2018-04-03	2.36	4.66	4.7	4.68	276300.0
2018-04-04	2.34	4.64	4.7	4.64	885500.0
2018-04-05	2.34	4.64	4.68	4.68	404200.0
2018-04-09	2.4	4.64	4.7	4.7	179600.0
2018-04-10	2.4	4.68	4.72	4.68	203900.0
2018-04-11	2.36	4.7	4.72	4.7	433500.0
2018-04-12	2.38	4.7	4.74	4.72	172800.0
2018-04-17	2.38	4.72	4.74	4.72	110200.0
2018-04-18	2.48	4.72	4.76	4.76	175500.0
2018-04-19	2.48	4.76	4.84	4.84	605300.0
2018-04-20	2.52	4.82	4.86	4.86	125800.0
2018-04-23	2.5	4.84	4.86	4.84	209700.0
2018-04-24	2.5	4.82	4.88	4.82	206800.0
2018-04-25	2.5	4.82	4.84	4.84	154300.0
2018-04-26	2.48	4.82	4.86	4.86	186900.0
2018-04-27	2.48	4.84	4.92	4.9	1239100.0
2018-04-30	2.48	4.94	5.0	5.0	439100.0
2018-05-02	2.48	5.0	5.15	5.05	1276200.0
2018-05-03	2.46	5.0	5.1	5.1	355900.0
2018-05-04	2.46	4.98	5.05	5.05	580900.0
2018-05-07	2.48	4.98	5.05	5.0	643200.0
2018-05-08	2.46	4.96	5.05	4.98	690200.0
2018-05-09	2.46	4.96	5.0	4.98	236000.0
2018-05-10	2.44	4.96	5.0	5.0	364300.0
2018-05-11	2.4	4.94	5.0	4.94	473500.0
2018-05-14	2.42	4.96	5.05	5.0	504600.0
2018-05-15	2.42	5.0	5.05	5.0	468900.0
2018-05-16	2.42	4.98	5.05	4.98	228900.0
2018-05-17	2.46	4.98	5.05	5.05	130200.0
2018-05-18	2.48	4.98	5.05	5.0	252600.0
2018-05-21	2.48	5.0	5.1	5.1	314200.0
2018-05-22	2.48	5.05	5.1	5.1	172900.0
2018-05-23	2.5	5.0	5.1	5.1	108300.0
2018-05-24	2.48	5.05	5.15	5.05	178100.0
2018-05-25	2.54	5.0	5.1	5.1	119500.0
2018-05-28	2.46	5.05	5.2	5.15	553000.0
2018-05-30	2.44	5.05	5.2	5.2	1803300.0
2018-05-31	2.44	5.1	5.25	5.15	322800.0
2018-06-01	2.5	5.1	5.2	5.2	314600.0
2018-06-04	2.5	5.1	5.2	5.1	185600.0
2018-06-05	2.5	5.05	5.2	5.15	607500.0
2018-06-06	2.52	5.1	5.15	5.1	342500.0
2018-06-07	2.52	5.1	5.15	5.1	503600.0
2018-06-08	2.52	5.1	5.2	5.1	382900.0
2018-06-11	2.52	5.1	5.2	5.15	315000.0
2018-06-12	2.54	5.1	5.2	5.15	400500.0
2018-06-13	2.56	5.1	5.15	5.1	394400.0
2018-06-14	2.58	5.05	5.15	5.1	752100.0
2018-06-15	2.58	5.05	5.1	5.1	419100.0
2018-06-18	2.6	5.0	5.1	5.1	1603200.0
2018-06-19	2.56	4.68	4.78	4.7	2181800.0
2018-06-20	2.6	4.66	4.8	4.66	1223800.0
2018-06-21	2.58	4.68	4.72	4.7	461200.0
2018-06-22	2.6	4.64	4.74	4.64	443700.0
2018-06-25	2.7	4.66	4.7	4.68	217900.0
2018-06-26	2.7	4.68	4.7	4.68	391600.0
2018-06-27	2.6	4.66	4.7	4.7	144000.0
2018-06-28	2.62	4.66	4.7	4.7	345500.0
2018-06-29	2.62	4.64	4.7	4.68	244000.0
2018-07-02	2.68	4.64	4.68	4.68	194800.0
2018-07-03	2.74	4.68	4.76	4.76	160900.0
2018-07-04	2.76	4.74	4.78	4.76	297400.0
2018-07-05	2.68	4.7	4.78	4.74	377900.0
2018-07-06	2.66	4.72	4.76	4.74	200300.0
2018-07-09	2.72	4.72	4.76	4.74	243100.0
2018-07-10	2.68	4.72	4.76	4.76	449600.0
2018-07-11	2.68	4.72	4.76	4.72	369000.0
2018-07-12	2.7	4.72	4.76	4.72	145900.0
2018-07-13	2.7	4.72	4.74	4.72	436600.0
2018-07-16	2.68	4.72	4.74	4.72	252800.0
2018-07-17	2.68	4.72	4.74	4.72	393400.0
2018-07-18	2.7	4.66	4.74	4.72	852700.0
2018-07-19	2.7	4.68	4.74	4.72	465400.0
2018-07-20	2.72	4.72	4.74	4.74	231100.0
2018-07-23	2.72	4.74	4.76	4.76	279000.0
2018-07-24	2.7	4.74	4.78	4.74	199900.0
2018-07-25	2.72	4.74	4.8	4.78	960600.0
2018-07-26	2.7	4.78	5.0	4.94	1114600.0
2018-07-31	2.72	4.9	4.98	4.92	555800.0
2018-08-01	2.72	4.94	4.96	4.96	145100.0
2018-08-02	2.72	4.94	4.98	4.96	156600.0
2018-08-03	2.74	4.94	4.96	4.96	146300.0
2018-08-06	2.74	4.98	5.05	4.98	337300.0
2018-08-07	2.7	4.98	5.0	4.98	131100.0
2018-08-08	2.68	4.92	5.0	4.96	302300.0
2018-08-09	2.72	4.9	4.98	4.98	228700.0
2018-08-10	2.78	4.96	4.98	4.98	646400.0
2018-08-14	2.8	4.96	5.05	5.05	251100.0
2018-08-15	2.86	4.7	4.86	4.78	1332000.0
2018-08-16	2.88	4.78	4.88	4.86	892000.0
2018-08-17	2.84	4.86	4.98	4.9	177200.0
2018-08-20	2.82	4.9	4.96	4.94	211300.0
2018-08-21	2.72	4.92	4.96	4.92	121300.0
2018-08-22	2.72	4.92	4.94	4.94	190500.0
2018-08-23	2.8	4.9	4.94	4.9	270700.0
2018-08-24	2.74	4.88	4.94	4.92	128700.0
2018-08-27	2.76	4.9	4.92	4.9	195800.0
2018-08-28	2.76	4.9	4.92	4.9	293400.0
2018-08-29	2.78	4.9	4.94	4.9	354000.0
2018-08-30	2.76	4.9	4.92	4.9	313100.0
2018-08-31	2.74	4.88	4.92	4.88	172200.0
2018-09-03	2.76	4.9	5.0	4.9	188900.0
2018-09-04	2.82	4.9	4.94	4.9	136900.0
2018-09-05	2.8	4.86	4.94	4.9	139600.0
2018-09-06	2.84	4.88	4.92	4.92	115600.0
2018-09-07	2.84	4.84	4.92	4.92	334600.0
2018-09-10	2.9	4.9	4.92	4.92	55700.0
2018-09-11	2.88	4.9	4.92	4.92	119600.0
2018-09-12	2.82	4.88	4.92	4.92	85800.0
2018-09-13	2.8	4.9	4.98	4.98	463200.0
2018-09-14	2.84	4.96	5.0	4.96	72000.0
2018-09-17	2.82	4.92	4.98	4.94	174700.0
2018-09-18	2.84	4.9	4.96	4.94	332900.0
2018-09-19	2.76	4.94	4.96	4.96	132600.0
2018-09-20	2.78	4.9	4.96	4.92	162000.0
2018-09-21	2.8	4.9	4.98	4.96	275900.0
2018-09-24	2.8	4.9	4.96	4.94	221800.0
2018-09-25	2.72	4.96	4.98	4.96	39800.0
2018-09-26	2.74	4.96	5.1	4.96	388400.0
2018-09-27	2.68	4.94	4.98	4.96	96800.0
2018-09-28	2.72	4.94	4.98	4.96	223200.0
2018-10-01	2.84	4.94	4.98	4.94	260700.0
2018-10-02	2.84	4.94	4.96	4.94	220000.0
2018-10-03	2.8	4.92	4.96	4.92	241900.0
2018-10-04	2.8	4.9	4.94	4.94	388700.0
2018-10-05	2.8	4.94	4.96	4.94	61900.0
2018-10-08	2.82	4.9	4.94	4.92	208700.0
2018-10-09	2.78	4.92	4.94	4.92	122700.0
2018-10-10	2.74	4.92	4.94	4.92	160400.0
2018-10-11	2.76	4.86	4.9	4.88	313000.0
2018-10-12	2.6	4.88	4.92	4.9	104000.0
2018-10-16	2.58	4.86	4.92	4.9	42100.0
2018-10-17	2.6	4.9	4.96	4.92	119400.0
2018-10-18	2.6	4.94	4.96	4.94	166500.0
2018-10-19	2.56	4.92	4.96	4.94	206800.0
2018-10-22	2.6	4.94	4.96	4.96	173800.0
2018-10-24	2.72	4.94	5.0	4.96	155700.0
2018-10-25	2.74	4.88	4.96	4.96	363400.0
2018-10-26	2.76	4.94	4.98	4.96	57400.0
2018-10-29	2.74	4.96	5.0	4.98	207700.0
2018-10-30	2.7	4.96	5.05	5.0	272600.0
2018-10-31	2.76	4.98	5.05	5.0	351900.0
2018-11-01	2.8	4.98	5.05	5.0	297100.0
2018-11-02	2.84	4.98	5.05	5.0	344600.0
2018-11-05	2.92	4.98	5.05	5.0	247100.0
2018-11-06	2.88	5.0	5.1	5.05	224100.0
2018-11-07	2.86	5.05	5.1	5.05	159800.0
2018-11-08	2.82	5.05	5.1	5.05	33200.0
2018-11-09	2.86	5.0	5.05	5.0	274000.0
2018-11-12	2.82	4.5	4.86	4.68	1950700.0
2018-11-13	2.86	4.66	4.72	4.7	246700.0
2018-11-14	2.84	4.66	4.7	4.68	251200.0
2018-11-15	2.86	4.7	4.74	4.7	426500.0
2018-11-16	2.86	4.66	4.72	4.68	489500.0
2018-11-19	2.94	4.6	4.68	4.62	859100.0
2018-11-20	2.92	4.54	4.6	4.56	698300.0
2018-11-21	2.96	4.48	4.54	4.48	1488300.0
2018-11-22	2.94	4.26	4.34	4.3	1007100.0
2018-11-23	2.94	4.24	4.32	4.26	500500.0
2018-11-26	2.94	4.24	4.32	4.26	448500.0
2018-11-27	2.98	4.24	4.3	4.26	179800.0
2018-11-28	2.96	4.28	4.32	4.28	192000.0
2018-11-29	2.94	4.28	4.32	4.32	84000.0
2018-11-30	2.96	4.28	4.34	4.3	228300.0
2018-12-03	2.92	4.28	4.32	4.3	132600.0
2018-12-04	2.9	4.28	4.34	4.3	148800.0
2018-12-06	2.9	4.26	4.32	4.26	166000.0
2018-12-07	2.88	4.24	4.3	4.26	206300.0
2018-12-11	2.94	4.24	4.28	4.24	148200.0
2018-12-12	2.96	4.24	4.3	4.28	156300.0
2018-12-13	3.0	4.24	4.3	4.24	220700.0
2018-12-14	3.24	4.22	4.26	4.24	95400.0
2018-12-17	3.24	4.16	4.26	4.16	241700.0
2018-12-18	3.38	4.14	4.2	4.16	248600.0
2018-12-19	3.34	4.12	4.18	4.14	224700.0
2018-12-20	3.32	4.12	4.16	4.12	213300.0
2018-12-21	3.22	4.12	4.16	4.14	286200.0
2018-12-24	3.1	4.1	4.14	4.12	137300.0
2018-12-25	3.08	4.0	4.12	4.02	530900.0
2018-12-26	3.06	3.88	4.08	3.88	440900.0
2018-12-27	3.04	3.74	3.86	3.76	1383100.0
2018-12-28	3.16	3.68	3.82	3.76	578800.0
2019-01-02	3.44	3.74	3.8	3.76	94200.0
2019-01-03	3.26	3.76	3.84	3.82	180500.0
2019-01-04	3.3	3.8	3.86	3.84	260800.0
2019-01-07	3.26	3.82	3.86	3.82	203700.0
2019-01-08	3.3	3.82	3.86	3.84	196300.0
2019-01-09	3.2	3.8	3.84	3.8	170300.0
2019-01-10	3.18	3.78	3.82	3.8	109100.0
2019-01-11	3.2	3.78	3.82	3.8	98800.0
2019-01-14	3.22	3.76	3.8	3.78	118200.0
2019-01-15	3.24	3.76	3.78	3.78	63700.0
2019-01-16	3.26	3.78	3.82	3.78	90200.0
2019-01-17	3.32	3.82	3.88	3.84	379200.0
2019-01-18	3.3	3.8	3.86	3.8	145100.0
2019-01-21	3.26	3.8	3.86	3.86	104500.0
2019-01-22	3.24	3.82	3.86	3.84	134100.0
2019-01-23	3.3	3.78	3.86	3.84	146100.0
2019-01-24	3.32	3.84	3.88	3.86	137200.0
2019-01-25	3.5	3.84	3.88	3.84	95700.0
2019-01-28	3.44	3.88	3.92	3.9	89000.0
2019-01-29	3.52	3.84	3.94	3.86	102900.0
2019-01-30	3.7	3.86	3.9	3.86	77700.0
2019-01-31	3.68	3.88	3.92	3.92	271800.0
2019-02-01	3.7	3.88	3.92	3.9	212400.0
2019-02-04	3.74	3.9	4.0	3.96	436300.0
2019-02-05	3.66	3.92	4.02	3.96	484500.0
2019-02-06	3.5	3.96	4.0	3.98	159900.0
2019-02-07	3.52	3.98	4.02	3.98	117000.0
2019-02-08	3.66	3.98	4.0	4.0	73300.0
2019-02-11	3.68	3.98	4.04	4.0	205300.0
2019-02-12	3.58	3.98	4.02	4.0	157600.0
2019-02-13	3.52	3.74	3.86	3.78	3124100.0
2019-02-14	3.48	3.74	3.8	3.78	551000.0
2019-02-15	3.52	3.74	3.78	3.76	245700.0
2019-02-18	3.46	3.74	3.78	3.78	248400.0
2019-02-20	3.4	3.74	3.78	3.78	51900.0
2019-02-21	3.34	3.74	3.78	3.78	287900.0
2019-02-22	3.5	3.7	3.78	3.72	457700.0
2019-02-25	3.48	3.7	3.76	3.74	565000.0
2019-02-26	3.44	3.74	3.76	3.74	111300.0
2019-02-27	3.42	3.74	3.76	3.74	250500.0
2019-02-28	3.4	3.72	3.76	3.72	250000.0
2019-03-01	3.42	3.68	3.74	3.68	670900.0
2019-03-04	3.4	3.66	3.72	3.7	262100.0
2019-03-05	3.36	3.68	3.72	3.7	270200.0
2019-03-06	3.36	3.66	3.72	3.68	195500.0
2019-03-07	3.42	3.66	3.72	3.7	304200.0
2019-03-08	3.38	3.7	3.72	3.7	278000.0
2019-03-11	3.36	3.66	3.72	3.7	513100.0
2019-03-12	3.4	3.66	3.7	3.68	232300.0
2019-03-13	3.52	3.68	3.72	3.72	60500.0
2019-03-14	3.5	3.7	3.74	3.7	129400.0
2019-03-15	3.5	3.68	3.7	3.7	57200.0
2019-03-18	3.52	3.68	3.7	3.7	130300.0
2019-03-19	3.5	3.68	3.72	3.7	174700.0
2019-03-20	3.52	3.68	3.72	3.72	113100.0
2019-03-21	3.54	3.7	3.72	3.72	63000.0
2019-03-22	3.54	3.74	3.74	3.74	98700.0
2019-03-25	3.5	3.72	3.76	3.72	92500.0
2019-03-26	3.52	3.74	3.74	3.74	105100.0
2019-03-27	3.44	3.74	3.76	3.74	110800.0
2019-03-28	3.32	3.72	3.78	3.72	227800.0
2019-03-29	3.38	3.74	3.76	3.76	32500.0
2019-04-01	3.36	3.74	3.76	3.74	19600.0
2019-04-02	3.32	3.76	3.78	3.78	81800.0
2019-04-03	3.32	3.78	3.8	3.78	98600.0
2019-04-04	3.34	3.74	3.78	3.74	397400.0
2019-04-05	3.28	3.74	3.76	3.76	89400.0
2019-04-09	3.28	3.76	3.78	3.76	98300.0
2019-04-10	3.26	3.76	3.78	3.78	345900.0
2019-04-11	3.54	3.78	3.8	3.78	145300.0
2019-04-12	3.54	3.76	3.8	3.78	170900.0
2019-04-17	3.56	3.8	3.86	3.86	894400.0
2019-04-18	3.5	3.84	3.88	3.88	703600.0
2019-04-19	3.5	3.84	3.88	3.86	289300.0
2019-04-22	3.46	3.86	3.9	3.9	353200.0
2019-04-23	3.42	3.86	3.92	3.9	333300.0
2019-04-24	3.38	3.88	3.9	3.9	155500.0
2019-04-25	3.44	3.88	3.92	3.88	359700.0
2019-04-26	3.4	3.86	3.92	3.86	361400.0
2019-04-29	3.4	3.86	3.9	3.86	175100.0
2019-04-30	3.4	3.86	3.9	3.88	127700.0
2019-05-02	3.44	3.88	3.9	3.88	229200.0
2019-05-03	3.38	3.88	3.92	3.9	170700.0
2019-05-07	3.4	3.88	3.9	3.88	293500.0
2019-05-08	3.38	3.84	3.88	3.86	194800.0
2019-05-09	3.42	3.84	3.88	3.86	122600.0
2019-05-10	3.4	3.84	3.88	3.84	91800.0
2019-05-13	3.38	3.84	3.92	3.86	286200.0
2019-05-14	3.42	3.8	3.86	3.84	351200.0
2019-05-15	3.42	3.78	3.84	3.78	433100.0
2019-05-16	3.42	3.78	3.82	3.8	218800.0
2019-05-17	3.6	3.78	3.82	3.8	151200.0
2019-05-21	3.72	3.78	3.86	3.82	362900.0
2019-05-22	3.72	3.8	3.88	3.84	316300.0
2019-05-23	3.62	3.8	3.84	3.84	205100.0
2019-05-24	3.76	3.8	3.84	3.84	193000.0
2019-05-27	3.58	3.8	3.86	3.84	110200.0
2019-05-28	3.7	3.82	3.86	3.82	107900.0
2019-05-29	3.66	3.8	3.86	3.86	325000.0
2019-05-30	3.7	3.82	3.86	3.82	388700.0
2019-05-31	3.62	3.8	3.84	3.84	353300.0
2019-06-04	3.66	3.82	3.86	3.86	615800.0
2019-06-05	4.0	3.86	3.88	3.86	293800.0
2019-06-06	3.84	3.86	3.92	3.9	515100.0
2019-06-07	3.86	3.92	3.98	3.98	788900.0
2019-06-10	3.94	3.94	4.0	3.96	649000.0
2019-06-11	3.92	3.94	3.98	3.98	277500.0
2019-06-12	3.96	3.96	4.0	3.96	417700.0
2019-06-13	3.9	3.94	3.98	3.94	340000.0
2019-06-14	3.88	3.96	3.98	3.98	483300.0
2019-06-17	3.88	3.94	3.98	3.98	574000.0
2019-06-18	4.04	3.9	3.96	3.96	1694900.0
2019-06-19	3.98	3.74	3.84	3.8	1772200.0
2019-06-20	3.98	3.78	3.84	3.8	212300.0
2019-06-21	3.94	3.8	3.84	3.82	110400.0
2019-06-24	3.98	3.8	3.84	3.82	146100.0
2019-06-25	4.0	3.82	3.84	3.82	198500.0
2019-06-26	3.94	3.8	3.84	3.8	204300.0
2019-06-27	3.88	3.8	3.84	3.84	205800.0
2019-06-28	4.08	3.82	3.84	3.84	187000.0
2019-07-01	4.6	3.8	3.84	3.82	331100.0
2019-07-02	4.54	3.82	3.84	3.82	84600.0
2019-07-03	4.64	3.8	3.84	3.8	128800.0
2019-07-04	4.62	3.8	3.84	3.82	370800.0
2019-07-05	4.52	3.8	3.82	3.82	341000.0
2019-07-08	4.66	3.8	3.82	3.82	192800.0
2019-07-09	4.66	3.8	3.82	3.8	255900.0
2019-07-10	4.72	3.8	3.82	3.82	440500.0
2019-07-11	4.68	3.82	3.84	3.84	140400.0
2019-07-12	4.7	3.8	3.84	3.82	168400.0
2019-07-15	4.62	3.8	3.86	3.86	226700.0
2019-07-17	4.56	3.82	3.86	3.84	48800.0
2019-07-18	4.42	3.82	3.84	3.82	38100.0
2019-07-19	4.5	3.82	3.84	3.84	105000.0
2019-07-22	4.56	3.82	3.88	3.84	96300.0
2019-07-23	4.56	3.82	3.86	3.86	168300.0
2019-07-24	4.46	3.84	3.86	3.86	44200.0
2019-07-25	4.48	3.84	3.86	3.86	214300.0
2019-07-26	4.48	3.82	3.86	3.82	227700.0
2019-07-30	4.4	3.82	3.84	3.82	80700.0
2019-07-31	4.4	3.8	3.84	3.82	116400.0
2019-08-01	4.32	3.8	3.84	3.82	99600.0
2019-08-02	4.24	3.78	3.8	3.8	257400.0
2019-08-05	4.26	3.76	3.8	3.76	60200.0
2019-08-06	4.12	3.74	3.82	3.82	110400.0
2019-08-07	4.02	3.78	3.82	3.78	131200.0
2019-08-08	3.9	3.74	3.8	3.78	149600.0
2019-08-09	4.2	3.76	3.8	3.76	109800.0
2019-08-13	4.36	3.74	3.8	3.76	134900.0
2019-08-14	4.28	3.76	3.8	3.76	156000.0
2019-08-15	4.3	3.48	3.7	3.58	1386700.0
2019-08-16	4.36	3.58	3.62	3.58	323300.0
2019-08-19	4.42	3.54	3.6	3.58	205000.0
2019-08-20	4.44	3.58	3.6	3.58	117100.0
2019-08-21	4.26	3.54	3.58	3.54	261500.0
2019-08-22	4.26	3.4	3.54	3.4	788300.0
2019-08-23	4.02	3.32	3.38	3.34	694000.0
2019-08-26	3.92	3.26	3.34	3.26	554300.0
2019-08-27	3.96	3.26	3.32	3.28	155500.0
2019-08-28	3.94	3.28	3.34	3.28	46800.0
2019-08-29	4.06	3.32	3.4	3.36	82200.0
2019-08-30	3.98	3.32	3.38	3.38	91800.0
2019-09-02	4.06	3.32	3.38	3.38	122000.0
2019-09-03	4.08	3.34	3.38	3.34	144000.0
2019-09-04	4.18	3.32	3.36	3.32	131800.0
2019-09-05	4.18	3.32	3.36	3.32	108500.0
2019-09-06	4.24	3.32	3.36	3.32	23600.0
2019-09-09	4.26	3.3	3.34	3.32	225900.0
2019-09-10	4.28	3.3	3.34	3.34	18700.0
2019-09-11	4.22	3.32	3.36	3.34	28400.0
2019-09-12	4.46	3.32	3.36	3.34	76600.0
2019-09-13	4.4	3.34	3.36	3.34	114900.0
2019-09-16	4.44	3.32	3.38	3.34	94200.0
2019-09-17	4.4	3.32	3.36	3.36	129400.0
2019-09-18	4.44	3.3	3.34	3.3	166900.0
2019-09-19	4.42	3.28	3.3	3.3	149800.0
2019-09-20	4.34	3.28	3.3	3.3	76700.0
2019-09-23	4.38	3.28	3.3	3.3	57900.0
2019-09-24	4.38	3.28	3.3	3.3	80300.0
2019-09-25	4.4	3.26	3.3	3.26	99800.0
2019-09-26	4.4	3.26	3.3	3.28	44800.0
2019-09-27	4.5	3.28	3.3	3.28	92200.0
2019-09-30	4.74	3.26	3.28	3.28	100600.0
2019-10-01	4.64	3.26	3.28	3.28	68500.0
2019-10-02	4.62	3.22	3.26	3.22	222700.0
2019-10-03	4.52	3.2	3.24	3.22	98200.0
2019-10-04	4.64	3.2	3.22	3.22	65700.0
2019-10-07	4.68	3.18	3.22	3.18	204800.0
2019-10-08	4.68	3.08	3.18	3.08	406000.0
2019-10-09	4.58	3.08	3.12	3.12	315400.0
2019-10-10	4.46	2.94	3.1	3.02	484700.0
2019-10-11	4.5	3.04	3.1	3.1	69900.0
2019-10-15	4.5	3.08	3.12	3.12	57300.0
2019-10-16	4.2	3.1	3.14	3.12	106900.0
2019-10-17	4.0	3.1	3.16	3.1	64200.0
2019-10-18	4.08	3.08	3.1	3.1	52300.0
2019-10-21	4.06	3.08	3.12	3.1	26200.0
2019-10-22	3.82	3.1	3.14	3.12	57400.0
2019-10-24	3.6	3.08	3.12	3.08	83800.0
2019-10-25	4.06	3.06	3.1	3.06	46400.0
2019-10-28	3.92	3.0	3.04	3.02	274300.0
2019-10-29	3.96	2.98	3.04	2.98	122800.0
2019-10-30	3.98	2.98	3.06	2.98	97100.0
2019-10-31	3.9	2.98	3.0	2.98	158400.0
2019-11-01	3.82	2.96	3.0	3.0	53300.0
2019-11-04	3.88	2.96	3.0	3.0	97200.0
2019-11-05	3.78	2.98	3.0	2.98	44200.0
2019-11-06	3.86	3.0	3.04	3.0	339300.0
2019-11-07	4.0	3.0	3.04	3.04	166500.0
2019-11-08	3.98	3.02	3.1	3.06	133700.0
2019-11-11	3.96	3.04	3.22	3.16	374300.0
2019-11-12	4.0	3.1	3.2	3.14	113600.0
2019-11-13	3.98	3.12	3.18	3.12	178500.0
2019-11-14	3.96	3.1	3.14	3.12	122100.0
2019-11-15	3.9	3.1	3.14	3.12	46100.0
2019-11-18	3.62	3.1	3.14	3.12	206700.0
2019-11-19	3.84	3.08	3.12	3.1	89800.0
2019-11-20	3.68	3.1	3.14	3.1	252400.0
2019-11-21	3.8	3.1	3.12	3.12	219000.0
2019-11-22	3.78	3.08	3.12	3.12	375600.0
2019-11-25	3.86	2.98	3.02	2.98	973800.0
2019-11-26	3.84	2.98	3.02	2.98	85700.0
2019-11-27	3.82	2.98	3.02	2.98	17400.0
2019-11-28	3.96	2.98	3.02	2.98	4300.0
2019-11-29	3.96	2.98	3.0	3.0	64700.0
2019-12-02	4.0	2.94	3.0	2.94	23700.0
2019-12-03	3.98	2.94	2.98	2.96	98300.0
2019-12-04	3.98	2.9	2.96	2.92	166000.0
2019-12-06	4.06	2.88	2.92	2.88	146800.0
2019-12-09	4.04	2.76	2.9	2.78	286800.0
2019-12-11	3.94	2.76	2.82	2.76	97100.0
2019-12-12	3.92	2.74	2.8	2.78	115000.0
2019-12-13	4.08	2.78	2.8	2.78	47900.0
2019-12-16	3.84	2.74	2.78	2.74	110500.0
2019-12-17	4.04	2.66	2.74	2.66	170300.0
2019-12-18	3.84	2.64	2.7	2.68	78000.0
2019-12-19	4.08	2.66	2.68	2.68	63200.0
2019-12-20	3.98	2.68	2.7	2.68	44500.0
2019-12-23	3.98	2.66	2.72	2.7	49700.0
2019-12-24	4.0	2.68	2.76	2.76	45500.0
2019-12-25	3.96	2.7	2.74	2.72	52900.0
2019-12-26	3.86	2.72	2.74	2.72	39100.0
2019-12-27	3.82	2.72	2.74	2.72	12800.0
2019-12-30	3.62	2.7	2.72	2.72	75300.0
2020-01-02	3.7	2.7	2.76	2.74	120300.0
2020-01-03	3.64	2.74	2.78	2.78	50400.0
2020-01-06	3.72	2.68	2.78	2.68	202600.0
2020-01-07	3.62	2.7	2.78	2.72	78000.0
2020-01-08	3.54	2.64	2.74	2.7	77400.0
2020-01-09	3.5	2.68	2.72	2.7	59400.0
2020-01-10	3.5	2.68	2.74	2.7	13400.0
2020-01-13	3.5	2.68	2.72	2.68	222100.0
2020-01-14	3.44	2.68	2.74	2.72	38900.0
2020-01-15	3.58	2.7	2.74	2.72	40500.0
2020-01-16	3.46	2.72	2.76	2.74	92700.0
2020-01-17	3.38	2.72	2.76	2.74	71400.0
2020-01-20	3.34	2.74	2.76	2.74	65800.0
2020-01-21	3.4	2.76	2.88	2.82	101600.0
2020-01-22	3.36	2.76	2.82	2.82	27000.0
2020-01-23	3.32	2.74	2.8	2.8	28100.0
2020-01-24	3.32	2.76	2.84	2.76	11800.0
2020-01-27	3.3	2.7	2.78	2.7	70000.0
2020-01-28	3.26	2.64	2.7	2.7	128600.0
2020-01-29	3.3	2.64	2.72	2.68	54300.0
2020-01-30	3.46	2.6	2.72	2.66	171500.0
2020-01-31	3.44	2.66	2.7	2.7	32400.0
2020-02-03	3.48	2.68	2.72	2.7	101000.0
2020-02-04	3.44	2.6	2.7	2.66	92700.0
2020-02-05	3.34	2.66	2.72	2.72	88900.0
2020-02-06	3.34	2.66	2.74	2.66	140400.0
2020-02-07	3.5	2.68	2.72	2.68	39000.0
2020-02-11	3.4	2.7	2.74	2.7	17300.0
2020-02-12	3.32	2.66	2.74	2.68	144700.0
2020-02-13	3.4	2.64	2.74	2.66	106300.0
2020-02-14	3.4	2.62	2.72	2.62	164500.0
2020-02-17	3.4	2.36	2.64	2.4	954800.0
2020-02-18	3.46	2.4	2.54	2.5	597200.0
2020-02-19	3.5	2.5	2.54	2.5	115600.0
2020-02-20	3.48	2.46	2.54	2.5	179400.0
2020-02-21	3.42	2.46	2.52	2.5	633000.0
2020-02-24	3.48	2.44	2.5	2.46	94800.0
2020-02-25	3.46	2.42	2.52	2.48	307100.0
2020-02-26	3.5	2.18	2.46	2.18	485300.0
2020-02-27	3.54	2.1	2.26	2.26	205100.0
2020-02-28	3.6	2.12	2.24	2.16	109300.0
2020-03-02	3.52	2.1	2.16	2.14	134400.0
2020-03-03	3.5	2.08	2.16	2.12	170600.0
2020-03-04	3.56	2.1	2.18	2.16	69700.0
2020-03-05	3.52	2.16	2.28	2.28	263700.0
2020-03-06	3.52	2.26	2.3	2.26	93500.0
2020-03-09	3.52	2.22	2.28	2.22	83500.0
2020-03-10	3.58	2.24	2.3	2.24	94400.0
2020-03-11	3.5	2.22	2.28	2.22	72000.0
2020-03-12	3.54	2.08	2.24	2.1	141000.0
2020-03-13	3.44	1.52	2.22	2.12	133600.0
2020-03-16	3.5	2.0	2.18	2.1	49700.0
2020-03-17	3.56	1.89	2.08	1.91	195600.0
2020-03-18	3.5	1.9	2.08	1.96	39200.0
2020-03-19	3.48	1.81	1.96	1.81	233800.0
2020-03-20	3.48	1.9	1.98	1.96	108300.0
2020-03-23	3.52	1.95	2.04	1.96	77600.0
2020-03-24	3.48	1.9	1.97	1.9	55700.0
2020-03-25	3.36	1.94	1.99	1.94	201700.0
2020-03-26	3.38	1.94	2.0	1.97	50800.0
2020-03-27	3.58	1.94	1.98	1.98	252700.0
2020-03-30	3.6	1.94	2.0	1.94	85700.0
2020-03-31	3.58	1.93	1.99	1.95	154100.0
2020-04-01	3.58	1.95	1.98	1.97	99900.0
2020-04-02	3.58	1.95	1.99	1.95	101700.0
2020-04-03	3.56	1.95	1.99	1.95	169000.0
2020-04-07	3.56	1.98	2.24	2.08	481600.0
2020-04-08	3.36	2.1	2.2	2.12	55800.0
2020-04-09	3.38	2.14	2.22	2.16	155000.0
2020-04-10	3.38	2.16	2.24	2.2	103100.0
2020-04-13	3.4	2.18	2.26	2.22	116500.0
2020-04-14	3.4	2.2	2.28	2.26	235200.0
2020-04-15	3.38	2.2	2.26	2.24	221700.0
2020-04-16	3.44	2.1	2.22	2.14	217700.0
2020-04-17	3.5	2.14	2.22	2.16	90100.0
2020-04-20	3.42	2.16	2.2	2.18	136400.0
2020-04-21	3.36	2.18	2.24	2.24	145000.0
2020-04-22	3.36	2.18	2.24	2.24	80300.0
2020-04-23	3.44	2.22	2.26	2.26	347600.0
2020-04-24	3.38	2.22	2.26	2.24	80700.0
2020-04-27	3.28	2.24	2.26	2.26	84300.0
2020-04-28	3.3	2.22	2.44	2.44	194000.0
2020-04-29	3.32	2.38	2.5	2.4	836300.0
2020-04-30	3.36	2.38	2.44	2.42	179000.0
2020-05-05	3.34	2.38	2.42	2.4	220300.0
2020-05-07	3.32	2.36	2.42	2.38	127300.0
2020-05-08	3.3	2.34	2.42	2.38	100900.0
2020-05-11	3.32	2.3	2.4	2.32	667600.0
2020-05-12	3.34	2.34	2.42	2.42	312200.0
2020-05-13	3.24	2.4	2.54	2.4	1422300.0
2020-05-14	3.34	2.32	2.42	2.36	394900.0
2020-05-15	3.32	2.32	2.4	2.4	413400.0
2020-05-18	3.28	2.36	2.42	2.38	152200.0
2020-05-19	3.28	2.38	2.42	2.42	108100.0
2020-05-20	3.22	2.38	2.48	2.4	562400.0
2020-05-21	3.24	2.4	2.44	2.42	246800.0
2020-05-22	3.24	2.4	2.42	2.4	101000.0
2020-05-25	3.24	2.4	2.44	2.44	160200.0
2020-05-26	3.3	2.42	2.46	2.46	252000.0
2020-05-27	3.3	2.44	2.5	2.48	416700.0
2020-05-28	3.32	2.52	2.58	2.56	593700.0
2020-05-29	3.28	2.52	2.58	2.56	626300.0
2020-06-01	3.2	2.56	2.62	2.6	477600.0
2020-06-02	3.3	2.62	2.66	2.66	412700.0
2020-06-04	3.26	2.7	2.76	2.74	486300.0
2020-06-05	3.18	2.76	2.86	2.84	636500.0
2020-06-08	3.2	2.84	2.92	2.92	753500.0
2020-06-09	3.18	2.84	2.94	2.86	1173100.0
2020-06-10	3.18	2.84	2.9	2.86	600600.0
2020-06-11	3.16	2.66	2.74	2.68	691600.0
2020-06-12	3.14	2.48	2.6	2.54	648100.0
2020-06-15	3.14	2.52	2.6	2.54	395900.0
2020-06-16	3.14	2.52	2.58	2.54	157800.0
2020-06-17	3.18	2.52	2.58	2.56	139600.0
2020-06-18	3.16	2.54	2.56	2.56	171700.0
2020-06-19	3.14	2.52	2.56	2.56	468900.0
2020-06-22	3.18	2.52	2.56	2.54	106600.0
2020-06-23	3.16	2.52	2.58	2.52	549900.0
2020-06-24	3.14	2.5	2.54	2.5	243100.0
2020-06-25	3.18	2.42	2.5	2.44	316600.0
2020-06-26	3.24	2.46	2.48	2.46	53000.0
2020-06-29	3.2	2.42	2.46	2.46	121400.0
2020-06-30	3.2	2.46	2.5	2.46	119800.0
2020-07-01	3.16	2.44	2.48	2.48	111300.0
2020-07-02	3.16	2.46	2.48	2.46	227500.0
2020-07-03	3.12	2.46	2.5	2.46	103200.0
2020-07-07	3.14	2.42	2.48	2.44	732900.0
2020-07-08	3.12	2.42	2.48	2.44	320700.0
2020-07-09	3.12	2.42	2.48	2.46	512500.0
2020-07-10	3.12	2.42	2.46	2.44	1018200.0
2020-07-13	3.12	2.42	2.46	2.44	164900.0
2020-07-14	3.1	2.32	2.42	2.36	322700.0
2020-07-15	3.1	2.36	2.4	2.38	132800.0
2020-07-16	3.08	2.32	2.4	2.4	156100.0
2020-07-17	3.1	2.32	2.4	2.4	87200.0
2020-07-20	3.08	2.38	2.4	2.4	62800.0
2020-07-21	3.06	2.36	2.4	2.38	130100.0
2020-07-22	3.02	2.36	2.38	2.38	114700.0
2020-07-23	3.08	2.34	2.38	2.38	239800.0
2020-07-24	3.06	2.32	2.36	2.36	119100.0
2020-07-29	3.08	2.34	2.36	2.34	185100.0
2020-07-30	3.1	2.28	2.34	2.28	336100.0
2020-07-31	3.06	2.28	2.34	2.32	130100.0
2020-08-03	3.18	2.28	2.34	2.34	163200.0
2020-08-04	3.12	2.3	2.34	2.34	157000.0
2020-08-05	3.16	2.3	2.32	2.32	133100.0
2020-08-06	3.1	2.32	2.34	2.34	107900.0
2020-08-07	3.14	2.34	2.4	2.34	101800.0
2020-08-10	3.16	2.32	2.36	2.36	57300.0
2020-08-11	3.24	2.32	2.36	2.36	84100.0
2020-08-13	3.22	2.3	2.34	2.32	796000.0
2020-08-14	3.22	2.3	2.32	2.3	138300.0
2020-08-17	3.2	2.28	2.34	2.3	95900.0
2020-08-18	3.18	2.28	2.3	2.3	86400.0
2020-08-19	3.18	2.22	2.3	2.24	387500.0
2020-08-20	3.16	2.18	2.26	2.24	119000.0
2020-08-21	3.16	2.2	2.24	2.22	80300.0
2020-08-24	3.18	2.18	2.24	2.24	147800.0
2020-08-25	3.2	2.2	2.26	2.22	72600.0
2020-08-26	3.24	2.22	2.24	2.22	13000.0
2020-08-27	3.2	2.22	2.24	2.24	14200.0
2020-08-28	3.22	2.22	2.26	2.24	194900.0
2020-08-31	3.26	2.2	2.24	2.22	121100.0
2020-09-01	3.26	2.2	2.22	2.22	123500.0
2020-09-02	3.28	2.2	2.22	2.22	71900.0
2020-09-03	3.3	2.22	2.26	2.24	153800.0
2020-09-08	3.32	2.2	2.24	2.22	347400.0
2020-09-09	3.34	2.18	2.22	2.22	95700.0
2020-09-10	3.36	2.22	2.34	2.32	305600.0
2020-09-11	3.32	2.24	2.3	2.28	263200.0
2020-09-14	3.36	2.24	2.38	2.3	745800.0
2020-09-15	3.32	2.26	2.32	2.26	162800.0
2020-09-16	3.32	2.26	2.3	2.26	65400.0
2020-09-17	3.28	2.22	2.26	2.22	148500.0
2020-09-18	3.3	2.18	2.26	2.26	148500.0
2020-09-21	3.28	2.22	2.24	2.24	73200.0
2020-09-22	3.26	2.18	2.24	2.2	77400.0
2020-09-23	3.28	2.18	2.22	2.2	120700.0
2020-09-24	3.32	2.18	2.2	2.18	118200.0
2020-09-25	3.3	2.16	2.2	2.18	79400.0
2020-09-28	3.36	2.18	2.2	2.2	20700.0
2020-09-29	3.36	2.2	2.22	2.2	42600.0
2020-09-30	3.3	2.18	2.2	2.2	59000.0
2020-10-01	3.32	2.18	2.22	2.22	47200.0
2020-10-02	3.2	2.18	2.22	2.2	39700.0
2020-10-05	3.36	2.18	2.22	2.2	70700.0
2020-10-06	3.36	2.2	2.22	2.22	60900.0
2020-10-07	3.5	2.2	2.24	2.22	118200.0
2020-10-08	3.42	2.22	2.24	2.24	92900.0
2020-10-09	3.34	2.22	2.24	2.24	29100.0
2020-10-12	3.36	2.22	2.24	2.24	63900.0
2020-10-14	3.4	2.2	2.24	2.24	45700.0
2020-10-15	3.44	2.16	2.24	2.2	125800.0
2020-10-16	3.44	2.18	2.22	2.2	60600.0
2020-10-19	3.42	2.16	2.2	2.2	91600.0
2020-10-20	3.44	2.18	2.2	2.2	41500.0
2020-10-21	3.48	2.18	2.22	2.2	66300.0
2020-10-22	3.5	2.2	2.22	2.2	165600.0
2020-10-26	3.4	2.22	2.26	2.22	260300.0
2020-10-27	3.42	2.2	2.24	2.2	94300.0
2020-10-28	3.44	2.24	2.26	2.26	30600.0
2020-10-29	3.42	2.2	2.26	2.22	134600.0
2020-10-30	3.44	2.2	2.24	2.24	72000.0
2020-11-02	3.38	2.2	2.24	2.24	90200.0
2020-11-03	3.38	2.2	2.24	2.24	130600.0
2020-11-04	3.36	2.24	2.26	2.24	144900.0
2020-11-05	3.36	2.22	2.24	2.24	231700.0
2020-11-06	3.32	2.24	2.26	2.26	248800.0
2020-11-09	3.3	2.24	2.28	2.24	427500.0
2020-11-10	3.32	2.22	2.28	2.26	638600.0
2020-11-11	3.36	2.24	2.26	2.26	711400.0
2020-11-12	3.38	2.22	2.26	2.26	423600.0
2020-11-13	3.36	2.28	2.34	2.32	846000.0
2020-11-16	3.32	2.32	2.4	2.4	1018200.0
2020-11-17	3.32	2.4	2.48	2.46	699400.0
2020-11-18	3.36	2.46	2.5	2.5	789500.0
2020-11-19	3.4	2.46	2.54	2.54	371700.0
2020-11-20	3.44	2.52	2.6	2.6	586500.0
2020-11-23	3.42	2.6	2.68	2.66	1190500.0
2020-11-24	3.44	2.6	2.66	2.62	1671900.0
2020-11-25	3.4	2.42	2.48	2.46	1087300.0
2020-11-26	3.42	2.44	2.52	2.52	179900.0
2020-11-27	3.42	2.48	2.54	2.52	244900.0
2020-11-30	3.46	2.48	2.54	2.5	184000.0
2020-12-01	3.46	2.5	2.54	2.52	321500.0
2020-12-02	3.42	2.48	2.52	2.5	256000.0
2020-12-03	3.42	2.5	2.52	2.52	176300.0
2020-12-04	3.42	2.5	2.54	2.52	110500.0
2020-12-08	3.42	2.5	2.54	2.52	228000.0
2020-12-09	3.42	2.48	2.52	2.5	220100.0
2020-12-14	3.38	2.46	2.52	2.5	505300.0
2020-12-15	3.36	2.52	2.56	2.56	395100.0
2020-12-16	3.32	2.6	2.7	2.62	943300.0
2020-12-17	3.32	2.62	2.68	2.64	443000.0
2020-12-18	3.36	2.64	2.72	2.64	576800.0
2020-12-21	3.38	2.52	2.6	2.56	1322700.0
2020-12-22	3.38	2.5	2.56	2.52	566000.0
2020-12-23	3.36	2.5	2.58	2.54	269500.0
2020-12-24	3.34	2.52	2.6	2.56	178300.0
2020-12-25	3.38	2.56	2.6	2.56	145800.0
2020-12-28	3.32	2.54	2.6	2.54	129500.0
2020-12-29	3.32	2.52	2.56	2.56	131600.0
2020-12-30	3.32	2.54	2.6	2.56	150900.0
2021-01-04	3.3	2.5	2.56	2.56	25400.0
2021-01-05	3.3	2.5	2.56	2.52	248600.0
2021-01-06	3.32	2.5	2.56	2.56	146000.0
2021-01-07	3.34	2.54	2.58	2.56	206900.0
2021-01-08	3.34	2.54	2.6	2.58	397800.0
2021-01-11	3.34	2.56	2.6	2.6	289500.0
2021-01-12	3.36	2.58	2.6	2.6	404500.0
2021-01-13	3.34	2.56	2.6	2.58	279800.0
2021-01-14	3.42	2.56	2.6	2.58	176200.0
2021-01-15	3.4	2.56	2.6	2.56	186500.0
2021-01-18	3.4	2.56	2.6	2.56	123300.0
2021-01-19	3.4	2.56	2.6	2.58	88700.0
2021-01-20	3.36	2.58	2.6	2.58	117000.0
2021-01-21	3.36	2.56	2.62	2.6	326200.0
2021-01-22	3.38	2.58	2.6	2.58	79100.0
2021-01-25	3.5	2.5	2.6	2.56	293400.0
2021-01-26	3.56	2.54	2.58	2.54	220400.0
2021-01-27	3.5	2.54	2.54	2.54	38600.0
2021-01-28	3.48	2.54	2.58	2.54	235100.0
2021-01-29	3.46	2.54	2.56	2.54	132700.0
2021-02-01	3.44	2.5	2.54	2.52	247300.0
2021-02-02	3.42	2.54	2.58	2.54	74800.0
2021-02-03	3.48	2.52	2.56	2.54	119200.0
2021-02-04	3.78	2.48	2.54	2.52	227000.0
2021-02-05	3.78	2.54	2.58	2.58	113200.0
2021-02-08	3.72	2.56	2.7	2.66	630800.0
2021-02-09	3.64	2.64	2.74	2.7	687700.0
2021-02-10	3.56	2.7	2.76	2.76	315100.0
2021-02-11	3.56	2.78	2.84	2.84	905200.0
2021-02-15	3.52	2.78	2.86	2.86	329600.0
2021-02-16	3.6	2.8	2.86	2.8	437300.0
2021-02-17	3.56	2.8	2.84	2.82	198800.0
2021-02-18	3.52	2.8	2.82	2.82	58500.0
2021-02-19	3.42	2.8	2.86	2.84	284200.0
2021-02-22	3.42	2.8	2.88	2.84	332500.0
2021-02-23	3.48	2.84	2.86	2.86	101500.0
2021-02-24	3.44	2.82	2.9	2.86	483700.0
2021-02-25	3.5	2.82	2.88	2.84	202600.0
2021-03-01	3.48	2.8	2.84	2.84	265000.0
2021-03-02	3.5	2.74	2.84	2.82	370300.0
2021-03-03	3.52	2.8	2.84	2.84	98900.0
2021-03-04	3.46	2.82	2.86	2.84	219900.0
2021-03-05	3.48	2.82	2.86	2.84	116800.0
2021-03-08	3.5	2.86	2.9	2.88	658400.0
2021-03-09	3.46	2.86	2.9	2.9	214000.0
2021-03-10	3.5	2.88	2.96	2.96	326400.0
2021-03-11	3.58	2.94	3.0	2.98	196900.0
2021-03-12	3.48	2.98	3.02	3.02	348300.0
2021-03-15	3.5	3.02	3.12	3.12	491200.0
2021-03-16	3.5	3.12	3.18	3.12	393200.0
2021-03-17	3.52	3.1	3.14	3.12	215700.0
2021-03-18	3.52	3.12	3.16	3.12	125300.0
2021-03-19	3.52	3.1	3.14	3.12	182500.0
2021-03-22	3.5	3.12	3.18	3.18	565600.0
2021-03-23	3.5	3.12	3.24	3.24	1532500.0
2021-03-24	3.52	3.2	3.34	3.22	7474400.0
2021-03-25	3.5	3.22	3.3	3.24	1182800.0
2021-03-26	3.54	3.22	3.3	3.24	568600.0
2021-03-29	3.54	3.24	3.28	3.28	263400.0
2021-03-30	3.46	3.26	3.32	3.3	416900.0
2021-03-31	3.52	3.28	3.32	3.32	325000.0
2021-04-01	3.5	3.28	3.32	3.3	187700.0
2021-04-02	3.5	3.26	3.3	3.3	102800.0
2021-04-05	3.48	3.22	3.28	3.26	284500.0
2021-04-07	3.5	3.04	3.24	3.18	306000.0
2021-04-08	3.5	3.12	3.2	3.16	154800.0
2021-04-09	3.42	3.14	3.2	3.14	90000.0
2021-04-12	3.38	3.06	3.14	3.06	542900.0
2021-04-16	3.38	3.02	3.14	3.06	874700.0
2021-04-19	3.36	3.12	3.16	3.16	178200.0
2021-04-20	3.38	3.14	3.18	3.18	172100.0
2021-04-21	3.38	3.16	3.36	3.32	1153500.0
2021-04-22	3.38	3.28	3.38	3.34	713000.0
2021-04-23	3.38	3.26	3.36	3.3	338200.0
2021-04-26	3.38	3.24	3.64	3.62	3113200.0
2021-04-27	3.38	3.34	3.76	3.44	3429700.0
2021-04-28	3.34	3.42	3.52	3.46	433900.0
2021-04-29	3.34	3.44	3.52	3.48	250100.0
2021-04-30	3.28	3.44	3.5	3.46	486500.0
2021-05-05	3.3	3.44	3.5	3.48	492900.0
2021-05-06	3.26	3.44	3.5	3.48	359500.0
2021-05-07	3.28	3.5	3.54	3.5	643000.0
2021-05-10	3.3	3.52	3.58	3.54	622800.0
2021-05-11	3.32	3.52	3.58	3.54	354000.0
2021-05-12	3.3	3.52	3.66	3.62	1071600.0
2021-05-13	3.3	3.4	3.66	3.54	802200.0
2021-05-14	3.3	3.52	3.6	3.58	639700.0
2021-05-17	3.28	3.5	3.58	3.54	852300.0
2021-05-18	3.26	3.5	3.6	3.52	1071000.0
2021-05-19	3.28	3.5	3.6	3.56	625300.0
2021-05-20	3.28	3.52	3.6	3.52	311600.0
2021-05-21	3.28	3.5	3.6	3.54	222900.0
2021-05-24	3.22	3.54	3.58	3.54	235400.0
2021-05-25	3.26	3.52	3.58	3.56	252900.0
2021-05-27	3.28	3.54	3.58	3.56	567200.0
2021-05-28	3.28	3.64	3.74	3.74	2251200.0
2021-05-31	3.3	3.72	3.84	3.82	1402700.0
2021-06-01	3.28	3.8	3.86	3.86	1457000.0
2021-06-02	3.3	3.84	3.9	3.86	1792300.0
2021-06-04	3.3	3.86	3.92	3.9	2012300.0
2021-06-07	3.28	3.86	3.92	3.88	2505200.0
2021-06-08	3.28	3.86	3.88	3.88	1464400.0
2021-06-09	3.28	3.86	3.9	3.9	1688800.0
2021-06-10	3.26	3.66	3.7	3.66	2129700.0
2021-06-11	3.3	3.66	3.68	3.66	373300.0
2021-06-14	3.32	3.6	3.68	3.62	900200.0
2021-06-15	3.28	3.62	3.66	3.64	652800.0
2021-06-16	3.32	3.62	3.64	3.62	381800.0
2021-06-17	3.38	3.6	3.64	3.6	267700.0
2021-06-18	3.38	3.58	3.64	3.58	398700.0
2021-06-21	3.32	3.52	3.62	3.58	764300.0
2021-06-22	3.34	3.56	3.62	3.58	383500.0
2021-06-23	3.3	3.54	3.6	3.56	286100.0
2021-06-24	3.32	3.44	3.56	3.46	543500.0
2021-06-25	3.34	3.2	3.46	3.42	1037000.0
2021-06-28	3.38	3.46	3.54	3.48	363200.0
2021-06-29	3.38	3.46	3.52	3.48	251200.0
2021-06-30	3.56	3.48	3.52	3.5	227100.0
2021-07-01	3.42	3.46	3.5	3.48	291400.0
2021-07-02	3.46	3.36	3.48	3.42	1102300.0
2021-07-05	3.42	3.38	3.46	3.38	310000.0
2021-07-06	3.32	3.4	3.44	3.4	112300.0
2021-07-07	3.34	3.38	3.44	3.4	165800.0
2021-07-08	3.34	3.28	3.38	3.38	758200.0
2021-07-09	3.4	3.28	3.42	3.42	503900.0
2021-07-12	3.42	3.36	3.4	3.38	90300.0
2021-07-13	3.76	3.34	3.42	3.38	405100.0
2021-07-14	3.44	3.36	3.4	3.38	198900.0
2021-07-15	3.48	3.38	3.42	3.4	474100.0
2021-07-16	3.5	3.38	3.44	3.4	72600.0
2021-07-19	3.42	3.34	3.42	3.42	295400.0
2021-07-20	3.4	3.38	3.42	3.42	135100.0
2021-07-21	3.4	3.38	3.42	3.4	80800.0
2021-07-22	3.32	3.4	3.46	3.42	109600.0
2021-07-23	3.34	3.42	3.46	3.42	68900.0
2021-07-27	3.36	3.42	3.46	3.42	220400.0
2021-07-29	3.36	3.42	3.44	3.44	199500.0
2021-07-30	3.3	3.38	3.46	3.46	381200.0
2021-08-02	3.34	3.4	3.44	3.44	98700.0
2021-08-03	3.34	3.42	3.46	3.46	67400.0
2021-08-04	3.34	3.4	3.48	3.44	243800.0
2021-08-05	3.28	3.4	3.44	3.42	93100.0
2021-08-06	3.28	3.38	3.42	3.4	130800.0
2021-08-09	3.32	3.4	3.48	3.46	205400.0
2021-08-10	3.32	3.44	3.48	3.48	333600.0
2021-08-11	3.3	3.44	3.48	3.46	478600.0
2021-08-13	3.32	3.4	3.46	3.4	172900.0
2021-08-16	3.32	3.34	3.4	3.38	228700.0
2021-08-17	3.3	3.36	3.44	3.38	317200.0
2021-08-18	3.3	3.4	3.44	3.4	150600.0
2021-08-19	3.32	3.4	3.46	3.4	247800.0
2021-08-20	3.36	3.4	3.44	3.44	292500.0
2021-08-23	3.3	3.42	3.46	3.44	335300.0
2021-08-24	3.32	3.44	3.5	3.5	423200.0
2021-08-25	3.3	3.52	3.6	3.58	825800.0
2021-08-26	3.3	3.56	3.62	3.56	638200.0
2021-08-27	3.3	3.56	3.6	3.56	305100.0
2021-08-30	3.4	3.56	3.66	3.66	445000.0
2021-08-31	3.32	3.64	3.7	3.64	855900.0
2021-09-01	3.42	3.6	3.66	3.62	358700.0
2021-09-02	3.38	3.58	3.66	3.58	371800.0
2021-09-03	3.38	3.58	3.64	3.6	229000.0
2021-09-06	3.36	3.6	3.64	3.6	234200.0
2021-09-07	3.38	3.6	3.72	3.64	702200.0
2021-09-08	3.38	3.62	3.66	3.66	414600.0
2021-09-09	3.36	3.6	3.7	3.62	167300.0
2021-09-10	3.38	3.62	3.68	3.68	445400.0
2021-09-13	3.38	3.66	3.74	3.74	862000.0
2021-09-14	3.36	3.7	3.74	3.72	496600.0
2021-09-15	3.34	3.7	3.74	3.72	202900.0
2021-09-16	3.36	3.72	3.74	3.72	371200.0
2021-09-17	3.42	3.72	3.74	3.72	191500.0
2021-09-20	3.36	3.7	3.74	3.74	474100.0
2021-09-21	3.36	3.68	3.74	3.7	505400.0
2021-09-22	3.38	3.68	3.74	3.72	200600.0
2021-09-23	3.4	3.72	3.74	3.72	126500.0
2021-09-27	3.36	3.66	3.74	3.72	546500.0
2021-09-28	3.36	3.7	3.74	3.74	106300.0
2021-09-29	3.4	3.68	3.74	3.72	216700.0
2021-09-30	3.42	3.68	3.72	3.7	248400.0
2021-10-01	3.42	3.68	3.72	3.72	146700.0
2021-10-04	3.42	3.7	3.74	3.7	205100.0
2021-10-05	3.42	3.7	3.74	3.74	141900.0
2021-10-06	3.4	3.72	3.74	3.74	308000.0
2021-10-07	3.38	3.72	3.8	3.78	617200.0
2021-10-08	3.36	3.76	3.82	3.8	287200.0
2021-10-11	3.42	3.78	3.82	3.8	457400.0
2021-10-12	3.42	3.74	3.8	3.76	833200.0
2021-10-14	3.42	3.74	3.76	3.76	227600.0
2021-10-15	3.42	3.74	3.76	3.76	247400.0
2021-10-18	3.4	3.74	3.76	3.76	62400.0
2021-10-19	3.42	3.74	3.78	3.76	363000.0
2021-10-20	3.44	3.74	3.76	3.76	64700.0
2021-10-21	3.44	3.74	3.78	3.78	167100.0
2021-10-25	3.44	3.76	3.82	3.8	170400.0
2021-10-26	3.44	3.78	3.8	3.8	225300.0
2021-10-27	3.44	3.76	3.8	3.8	98700.0
2021-10-28	3.3	3.78	3.8	3.8	131200.0
2021-10-29	3.28	3.78	3.8	3.8	58900.0
2021-11-01	3.28	3.78	3.82	3.8	390600.0
2021-11-02	3.28	3.76	3.82	3.76	201100.0
2021-11-03	3.28	3.74	3.8	3.76	373500.0
2021-11-04	3.28	3.74	3.78	3.76	90600.0
2021-11-05	3.28	3.76	3.78	3.76	178200.0
2021-11-08	3.26	3.76	3.78	3.76	154800.0
2021-11-09	3.26	3.76	3.8	3.78	168300.0
2021-11-10	3.26	3.78	3.8	3.8	271500.0
2021-11-11	3.26	3.8	3.82	3.82	123000.0
2021-11-12	3.24	3.86	3.96	3.92	2782100.0
2021-11-15	3.22	3.94	3.98	3.98	1591200.0
2021-11-16	3.22	3.96	4.0	4.0	517500.0
2021-11-17	3.22	3.96	4.0	4.0	920900.0
2021-11-18	3.22	3.96	4.0	4.0	586600.0
2021-11-19	3.24	3.98	4.02	4.0	1091200.0
2021-11-22	3.22	3.98	4.04	4.04	1917500.0
2021-11-23	3.2	4.02	4.08	4.08	1152900.0
2021-11-24	3.24	4.06	4.1	4.08	2226600.0
2021-11-25	3.2	3.74	3.84	3.78	2231800.0
2021-11-26	3.22	3.72	3.78	3.72	836200.0
2021-11-29	3.22	3.66	3.7	3.66	919700.0
2021-11-30	3.2	3.58	3.7	3.58	1124600.0
2021-12-01	3.2	3.44	3.58	3.52	1755900.0
2021-12-02	3.2	3.48	3.58	3.56	248100.0
2021-12-03	3.16	3.56	3.62	3.6	187400.0
2021-12-07	3.18	3.6	3.7	3.68	426000.0
2021-12-08	3.18	3.68	3.76	3.76	448100.0
2021-12-09	3.16	3.76	3.8	3.8	215000.0
2021-12-13	3.08	3.76	3.8	3.8	231300.0
2021-12-14	3.14	3.76	3.78	3.76	197200.0
2021-12-15	3.14	3.74	3.8	3.76	172200.0
2021-12-16	3.16	3.72	3.78	3.76	148200.0
2021-12-17	3.18	3.74	3.78	3.76	289300.0
2021-12-20	3.18	3.7	3.76	3.7	443300.0
2021-12-21	3.2	3.72	3.76	3.72	45600.0
2021-12-22	3.18	3.72	3.76	3.72	230800.0
2021-12-23	3.18	3.72	3.74	3.74	131300.0
2021-12-24	3.2	3.72	3.76	3.74	276900.0
2021-12-27	3.16	3.7	3.74	3.72	109600.0
2021-12-28	3.12	3.72	3.74	3.74	231500.0
2021-12-29	3.16	3.7	3.74	3.7	486500.0
2021-12-30	3.08	3.72	3.74	3.72	171100.0
2022-01-04	3.04	3.74	3.78	3.78	413400.0
2022-01-05	3.08	3.78	3.84	3.84	782200.0
2022-01-06	3.06	3.82	3.86	3.86	500000.0
2022-01-07	2.96	3.84	3.88	3.88	484000.0
2022-01-10	2.92	3.84	3.88	3.84	365200.0
2022-01-11	2.92	3.84	3.88	3.86	365800.0
2022-01-12	2.94	3.84	3.88	3.86	107700.0
2022-01-13	2.98	3.86	3.9	3.9	349600.0
2022-01-14	2.98	3.88	3.92	3.92	521500.0
2022-01-17	2.98	3.9	3.96	3.96	407900.0
2022-01-18	3.0	3.94	4.02	3.94	839400.0
2022-01-19	3.0	3.92	3.96	3.96	150500.0
2022-01-20	3.0	3.96	4.0	3.96	186500.0
2022-01-21	3.0	3.92	3.98	3.92	354300.0
2022-01-24	3.0	3.84	3.94	3.84	448600.0
2022-01-25	2.96	3.82	3.88	3.88	166200.0
2022-01-26	3.0	3.88	3.9	3.88	162600.0
2022-01-27	3.0	3.86	3.9	3.88	187500.0
2022-01-28	2.98	3.88	3.92	3.92	62900.0
2022-01-31	3.06	3.92	3.94	3.94	106700.0
2022-02-01	3.0	3.92	3.96	3.94	265000.0
2022-02-02	3.02	3.92	3.96	3.96	113500.0
2022-02-03	3.02	3.94	3.98	3.96	78800.0
2022-02-04	3.0	3.94	3.98	3.96	55300.0
2022-02-07	2.98	3.96	4.0	3.98	206700.0
2022-02-08	2.98	3.92	4.0	3.96	294500.0
2022-02-09	3.04	3.94	4.0	4.0	435000.0
2022-02-10	3.02	4.02	4.18	4.06	1571100.0
2022-02-11	3.04	4.06	4.16	4.08	697200.0
2022-02-14	2.98	4.1	4.16	4.12	906100.0
2022-02-15	3.0	4.12	4.18	4.18	1086700.0
2022-02-17	3.0	4.18	4.36	4.36	1738900.0
2022-02-18	2.96	4.28	4.4	4.38	1294100.0
2022-02-21	3.02	4.3	4.4	4.3	921200.0
2022-02-22	3.0	4.22	4.3	4.26	311700.0
2022-02-23	2.98	4.2	4.3	4.28	560300.0
2022-02-24	3.0	4.2	4.3	4.2	592100.0
2022-02-25	2.98	4.18	4.26	4.22	581200.0
2022-02-28	3.02	4.2	4.28	4.2	487800.0
2022-03-01	3.0	4.2	4.26	4.2	368800.0
2022-03-02	3.0	4.06	4.2	4.08	682000.0
2022-03-03	3.0	4.06	4.18	4.18	354700.0
2022-03-04	3.0	4.1	4.26	4.1	521000.0
2022-03-07	3.02	3.98	4.1	3.98	833300.0
2022-03-08	3.02	3.78	4.0	3.86	1647700.0
2022-03-09	3.0	3.86	4.02	4.0	801700.0
2022-03-10	3.06	4.02	4.06	4.02	345300.0
2022-03-11	3.06	3.96	4.08	4.06	370800.0
2022-03-14	3.12	4.06	4.12	4.06	421500.0
2022-03-15	3.16	4.04	4.12	4.04	339100.0
2022-03-16	3.16	4.04	4.1	4.08	290300.0
2022-03-17	3.1	4.08	4.12	4.08	205200.0
2022-03-18	3.08	4.06	4.12	4.08	169400.0
2022-03-21	3.12	4.1	4.12	4.1	99700.0
2022-03-22	3.08	4.1	4.14	4.12	140900.0
2022-03-23	3.1	4.12	4.16	4.14	149100.0
2022-03-24	3.08	4.14	4.18	4.18	210700.0
2022-03-25	3.06	4.14	4.2	4.18	357600.0
2022-03-28	3.06	4.16	4.2	4.2	130000.0
2022-03-29	3.04	4.16	4.2	4.16	156000.0
2022-03-30	3.04	4.18	4.2	4.18	147200.0
2022-03-31	3.02	4.18	4.2	4.18	143100.0
2022-04-01	3.02	4.14	4.2	4.16	735500.0
2022-04-04	3.12	4.12	4.18	4.12	566400.0
2022-04-05	3.06	4.12	4.16	4.16	205100.0
2022-04-07	3.04	4.14	4.18	4.16	126300.0
2022-04-08	3.06	4.16	4.18	4.16	95500.0
2022-04-11	3.06	4.16	4.18	4.18	269500.0
2022-04-12	3.04	4.16	4.18	4.18	158800.0
2022-04-18	3.04	4.12	4.18	4.16	449200.0
2022-04-19	3.06	4.18	4.24	4.18	471500.0
2022-04-20	2.92	4.18	4.24	4.24	458200.0
2022-04-21	2.88	4.26	4.34	4.32	362100.0
2022-04-22	2.88	4.26	4.34	4.28	313600.0
2022-04-25	2.88	4.24	4.28	4.24	316600.0
2022-04-26	2.9	4.26	4.28	4.28	90200.0
2022-04-27	2.9	4.22	4.28	4.28	357900.0
2022-04-28	2.88	4.2	4.26	4.22	177400.0
2022-04-29	2.86	4.24	4.26	4.26	63800.0
2022-05-03	2.88	4.22	4.28	4.24	291500.0
2022-05-05	2.86	4.26	4.3	4.3	177900.0
2022-05-06	2.84	4.26	4.3	4.28	348600.0
2022-05-09	2.9	4.24	4.3	4.26	356400.0
2022-05-10	2.88	4.2	4.26	4.26	387500.0
2022-05-11	2.94	4.24	4.32	4.28	575100.0
2022-05-12	2.9	4.22	4.3	4.24	350200.0
2022-05-13	2.84	4.22	4.3	4.28	456700.0
2022-05-17	2.72	4.18	4.26	4.26	396000.0
2022-05-18	2.82	4.24	4.3	4.28	218900.0
2022-05-19	2.76	4.26	4.44	4.36	1910600.0
2022-05-20	2.74	4.4	4.48	4.42	1669000.0
2022-05-23	2.76	4.44	4.62	4.44	1919300.0
2022-05-24	2.8	4.44	4.52	4.44	820400.0
2022-05-25	2.78	4.46	4.52	4.46	396200.0
2022-05-26	2.72	4.9	5.5	5.15	28519000.0
2022-05-27	2.68	5.05	5.95	5.85	41291900.0
2022-05-30	2.7	5.6	5.85	5.75	9678500.0
2022-05-31	2.68	5.6	6.1	5.7	17800700.0
2022-06-01	2.66	5.15	5.8	5.35	7445900.0
2022-06-02	2.68	5.25	5.45	5.4	3317600.0
2022-06-06	2.7	5.4	5.55	5.55	2746800.0
2022-06-07	2.7	5.45	5.65	5.45	4268800.0
2022-06-08	2.7	5.35	5.5	5.4	5432200.0
2022-06-09	2.7	4.74	4.88	4.76	4124900.0
2022-06-10	2.7	4.56	4.72	4.56	2325500.0
2022-06-13	2.68	4.36	4.5	4.36	2741700.0
2022-06-14	2.68	4.26	4.5	4.34	2185500.0
2022-06-15	2.7	4.34	4.7	4.44	3283600.0
2022-06-16	2.64	4.4	4.62	4.48	1276900.0
2022-06-17	2.68	4.4	4.48	4.44	668300.0
2022-06-20	2.68	4.4	4.5	4.44	675900.0
2022-06-21	2.68	4.44	4.5	4.48	722200.0
2022-06-22	2.68	4.44	4.48	4.44	593600.0
2022-06-23	2.68	4.44	4.52	4.46	527900.0
2022-06-24	2.68	4.42	4.5	4.44	381300.0
2022-06-27	2.68	4.44	4.5	4.46	289400.0
2022-06-28	2.68	4.44	4.58	4.5	690600.0
2022-06-29	2.66	4.46	4.52	4.48	579200.0
2022-06-30	2.68	4.38	4.52	4.4	675300.0
2022-07-01	2.66	4.4	4.46	4.4	268400.0
2022-07-04	2.66	4.4	4.44	4.42	273400.0
2022-07-05	2.66	4.24	4.42	4.24	710000.0
2022-07-06	2.64	4.1	4.22	4.18	1587900.0
2022-07-07	2.64	4.18	4.26	4.26	344000.0
2022-07-08	2.64	4.2	4.34	4.26	721900.0
2022-07-11	2.6	4.26	4.3	4.26	191200.0
2022-07-12	2.62	4.26	4.4	4.34	576900.0
2022-07-14	2.6	4.28	4.34	4.32	359700.0
2022-07-15	2.64	4.26	4.34	4.32	259200.0
2022-07-18	2.64	4.3	4.34	4.32	196500.0
2022-07-19	2.62	4.3	4.34	4.3	152700.0
2022-07-20	2.62	4.3	4.32	4.32	186400.0
2022-07-21	2.64	4.3	4.34	4.3	277500.0
2022-07-22	2.62	4.3	4.34	4.3	425300.0
2022-07-25	2.62	4.3	4.34	4.32	130400.0
2022-07-26	2.62	4.3	4.44	4.36	309400.0
2022-07-27	2.62	4.34	4.5	4.44	789500.0
2022-08-01	2.6	4.44	4.52	4.52	670100.0
2022-08-02	2.62	4.52	4.58	4.52	335800.0
2022-08-03	2.62	4.52	4.56	4.54	152900.0
2022-08-04	2.62	4.48	4.54	4.5	373200.0
2022-08-05	2.62	4.5	4.54	4.5	152700.0
2022-08-08	2.62	4.52	4.58	4.54	356600.0
2022-08-09	2.62	4.56	4.62	4.6	316300.0
2022-08-10	2.64	4.56	4.7	4.64	900600.0
2022-08-11	2.66	4.52	4.68	4.56	801000.0
2022-08-15	2.66	4.5	4.56	4.52	423100.0
2022-08-16	2.66	4.48	4.54	4.48	640800.0
2022-08-17	2.64	4.44	4.52	4.44	548400.0
2022-08-18	2.64	4.44	4.5	4.46	320900.0
2022-08-19	2.64	4.46	4.5	4.46	255600.0
2022-08-22	2.64	4.46	4.5	4.48	214700.0
2022-08-23	2.64	4.44	4.48	4.48	236600.0
2022-08-24	2.64	4.44	4.5	4.44	173700.0
2022-08-25	2.68	4.44	4.48	4.48	135300.0
2022-08-26	2.7	4.46	4.48	4.48	106000.0
2022-08-29	2.7	4.44	4.48	4.46	160700.0
2022-08-30	2.72	4.44	4.48	4.44	113500.0
2022-08-31	2.72	4.44	4.5	4.46	135500.0
2022-09-01	2.66	4.44	4.5	4.46	289200.0
2022-09-02	2.72	4.44	4.5	4.5	215900.0
2022-09-05	2.7	4.48	4.58	4.54	516700.0
2022-09-06	2.7	4.5	4.56	4.54	169600.0
2022-09-07	2.7	4.5	4.56	4.56	152100.0
2022-09-08	2.72	4.5	4.56	4.5	268500.0
2022-09-09	2.72	4.5	4.54	4.54	227900.0
2022-09-12	2.72	4.52	4.56	4.54	135100.0
2022-09-13	2.74	4.54	4.58	4.54	310100.0
2022-09-14	2.76	4.52	4.56	4.54	176700.0
2022-09-15	2.78	4.54	4.56	4.54	214300.0
2022-09-16	2.88	4.56	4.64	4.58	486000.0
2022-09-19	2.82	4.6	4.7	4.62	852200.0
2022-09-20	2.84	4.64	4.66	4.66	273800.0
2022-09-21	2.86	4.66	4.72	4.7	775200.0
2022-09-22	2.88	4.7	4.82	4.8	880300.0
2022-09-23	2.88	4.82	5.0	4.88	1324800.0
2022-09-26	2.86	4.82	4.9	4.88	424300.0
2022-09-27	2.86	4.68	4.9	4.8	671900.0
2022-09-28	2.9	4.68	4.8	4.74	322500.0
2022-09-29	2.88	4.7	4.76	4.74	237600.0
2022-09-30	2.86	4.72	4.8	4.8	233000.0
2022-10-03	2.88	4.72	4.82	4.76	456400.0
2022-10-04	2.88	4.76	4.8	4.78	187900.0
2022-10-05	2.9	4.72	4.8	4.78	216900.0
2022-10-06	2.92	4.74	4.8	4.76	133900.0
2022-10-07	2.92	4.74	4.78	4.78	118500.0
2022-10-10	2.88	4.72	4.78	4.72	347200.0
2022-10-11	2.84	4.7	4.74	4.7	91600.0
2022-10-12	2.88	4.7	4.76	4.74	89300.0
2022-10-17	2.94	4.74	4.78	4.76	141900.0
2022-10-18	3.04	4.76	4.8	4.76	172100.0
2022-10-19	3.08	4.76	4.8	4.78	106800.0
2022-10-20	3.12	4.76	4.8	4.76	197600.0
2022-10-21	3.14	4.74	4.78	4.74	172000.0
2022-10-25	3.1	4.74	4.78	4.76	160500.0
2022-10-26	3.14	4.76	4.78	4.78	192800.0
2022-10-27	3.18	4.78	4.84	4.82	475100.0
2022-10-28	3.18	4.74	4.86	4.74	448800.0
2022-10-31	3.14	4.76	4.82	4.76	142200.0
2022-11-01	3.12	4.78	4.82	4.8	216400.0
2022-11-02	2.94	4.78	4.82	4.8	181400.0
2022-11-03	2.92	4.78	4.82	4.8	134800.0
2022-11-04	2.9	4.8	4.86	4.86	186000.0
2022-11-07	2.84	4.86	4.94	4.92	382300.0
2022-11-08	2.84	4.9	4.94	4.94	377100.0
2022-11-09	2.86	4.92	4.98	4.96	599800.0
2022-11-10	2.82	4.94	5.0	4.98	287200.0
2022-11-11	2.84	4.98	5.05	5.0	643800.0
2022-11-14	2.82	4.78	4.92	4.9	1278100.0
2022-11-15	2.82	4.86	4.92	4.92	548700.0
2022-11-16	2.8	4.84	4.92	4.88	618800.0
2022-11-17	2.88	4.88	4.92	4.92	236300.0
2022-11-18	2.86	4.92	4.98	4.96	725800.0
2022-11-21	2.86	4.92	4.96	4.94	648300.0
2022-11-22	2.9	4.92	4.96	4.94	1291700.0
2022-11-23	2.88	4.92	4.96	4.94	1043500.0
2022-11-24	2.96	4.9	4.94	4.92	1841800.0
2022-11-25	2.96	4.68	4.78	4.76	1224500.0
2022-11-28	2.94	4.72	4.76	4.76	247600.0
2022-11-29	2.96	4.74	4.78	4.78	244600.0
2022-11-30	3.04	4.76	4.84	4.82	339100.0
2022-12-01	3.02	4.78	4.86	4.84	510700.0
2022-12-02	3.02	4.8	4.84	4.84	240600.0
2022-12-06	3.0	4.82	4.86	4.82	96100.0
2022-12-07	3.02	4.8	4.84	4.8	183100.0
2022-12-08	3.06	4.78	4.96	4.84	436100.0
2022-12-09	3.04	4.84	4.86	4.84	132700.0
2022-12-13	3.06	4.84	4.88	4.86	271600.0
2022-12-14	3.04	4.84	4.88	4.86	316300.0
2022-12-15	3.04	4.82	4.88	4.88	155700.0
2022-12-16	3.04	4.86	4.9	4.88	326900.0
2022-12-19	3.08	4.86	4.88	4.86	175000.0
2022-12-20	3.14	4.84	4.88	4.86	118300.0
2022-12-21	3.08	4.86	4.9	4.88	214400.0
2022-12-22	3.08	4.86	4.9	4.88	149800.0
2022-12-23	3.06	4.84	4.9	4.88	133800.0
2022-12-26	3.08	4.86	4.9	4.88	122800.0
2022-12-27	3.08	4.88	4.9	4.88	306600.0
2022-12-28	3.12	4.88	4.9	4.9	212300.0
2022-12-29	3.1	4.86	4.9	4.9	64800.0
2022-12-30	3.18	4.88	4.92	4.92	246700.0
