Date	Price Open	Price Low	Price High	Price Close	Volume
2013-01-10	13.0	13.0	13.0	13.0	900.0
2013-02-01	12.5	12.5	13.0	13.0	16100.0
2013-02-05	13.2	12.6	13.2	12.6	1300.0
2013-02-06	13.3	13.3	13.3	13.3	100.0
2013-02-18	13.3	12.7	13.3	12.7	13300.0
2013-02-19	12.6	12.5	12.6	12.5	14000.0
2013-02-20	12.3	12.3	12.3	12.3	48000.0
2013-02-21	12.3	12.3	12.3	12.3	9900.0
2013-02-26	12.5	12.5	12.5	12.5	100.0
2013-03-05	12.6	12.6	12.6	12.6	100.0
2013-03-07	12.6	12.6	12.6	12.6	1000.0
2013-03-08	12.5	12.5	12.5	12.5	1000.0
2013-03-22	12.7	11.0	12.7	11.5	1300.0
2013-03-25	12.6	12.6	12.6	12.6	100.0
2013-03-29	12.6	12.6	12.6	12.6	100.0
2013-04-03	12.5	12.5	12.5	12.5	500.0
2013-04-04	12.5	12.5	12.5	12.5	1000.0
2013-04-09	13.5	12.3	13.5	12.3	200.0
2013-04-11	12.5	12.1	12.5	12.1	2100.0
2013-04-12	12.5	12.5	12.5	12.5	100.0
2013-04-17	12.5	12.5	12.5	12.5	1000.0
2013-04-19	12.5	12.5	12.9	12.9	4300.0
2013-04-22	12.2	11.3	12.4	12.4	500.0
2013-04-23	12.5	12.5	12.5	12.5	100.0
2013-04-24	12.8	12.8	12.8	12.8	200.0
2013-04-26	12.8	12.8	12.8	12.8	300.0
2013-05-07	12.3	12.2	12.3	12.2	10100.0
2013-05-08	12.3	12.3	12.5	12.3	3100.0
2013-05-09	12.3	12.3	12.3	12.3	3000.0
2013-05-13	12.1	12.1	12.3	12.2	2400.0
2013-05-14	12.2	12.2	12.2	12.2	6000.0
2013-05-15	12.2	12.2	12.2	12.2	2000.0
2013-05-16	12.2	12.2	12.2	12.2	1000.0
2013-05-17	12.2	12.2	12.2	12.2	2000.0
2013-05-20	12.1	12.1	12.1	12.1	1000.0
2013-05-21	12.2	12.2	12.2	12.2	100.0
2013-05-22	12.2	12.2	12.3	12.2	25000.0
2013-05-23	12.2	12.2	12.2	12.2	2600.0
2013-05-31	12.8	12.3	12.8	12.3	1700.0
2013-06-06	12.2	12.2	12.2	12.2	50000.0
2013-06-11	12.2	12.2	12.2	12.2	7500.0
2013-06-12	12.2	12.2	12.4	12.4	2300.0
2013-06-17	12.2	12.2	12.4	12.4	30000.0
2013-06-24	12.0	12.0	12.0	12.0	10000.0
2013-06-25	12.0	12.0	12.0	12.0	21000.0
2013-06-26	12.0	12.0	12.1	12.1	20300.0
2013-07-10	12.0	12.0	12.0	12.0	1000.0
2013-07-11	12.0	12.0	12.0	12.0	1000.0
2013-07-12	12.0	11.8	12.0	11.8	13000.0
2013-07-15	12.8	12.8	12.8	12.8	300.0
2013-07-25	12.8	12.8	12.8	12.8	100.0
2013-08-05	12.6	12.6	12.6	12.6	100.0
2013-08-06	12.6	12.6	12.6	12.6	100.0
2013-08-13	12.8	12.8	12.8	12.8	200.0
2013-08-14	12.0	12.0	12.7	12.7	200.0
2013-08-30	12.3	12.3	12.3	12.3	200.0
2013-09-03	12.4	12.4	12.4	12.4	200.0
2013-09-13	12.3	12.3	12.3	12.3	500.0
2013-09-18	12.3	12.3	12.3	12.3	2000.0
2013-09-19	12.3	12.3	12.3	12.3	5000.0
2013-09-20	12.3	12.3	12.3	12.3	1000.0
2013-09-24	12.2	12.2	12.2	12.2	1000.0
2013-09-27	12.3	12.3	12.3	12.3	400.0
2013-10-01	12.2	12.2	12.2	12.2	500.0
2013-10-02	12.2	12.2	12.2	12.2	1000.0
2013-10-07	12.3	12.3	12.3	12.3	300.0
2013-10-10	12.3	12.3	12.3	12.3	600.0
2013-10-11	12.2	12.2	12.2	12.2	100.0
2013-10-14	12.3	12.2	12.3	12.2	3800.0
2013-10-16	12.3	12.1	12.3	12.1	4900.0
2013-10-17	12.1	12.1	12.2	12.2	2100.0
2013-10-21	12.3	12.3	12.3	12.3	100.0
2013-10-24	12.0	12.0	12.2	12.2	300.0
2013-10-25	11.9	11.9	12.3	12.3	4700.0
2013-10-28	12.3	12.3	12.3	12.3	100.0
2013-11-05	11.9	11.9	12.0	12.0	15900.0
2013-11-06	11.9	11.9	11.9	11.9	3500.0
2013-11-07	11.9	11.8	11.9	11.8	2900.0
2013-11-08	11.8	11.8	11.8	11.8	2000.0
2013-11-13	12.2	12.2	12.2	12.2	300.0
2013-11-18	12.0	12.0	12.0	12.0	1000.0
2013-11-20	12.1	12.1	12.1	12.1	200.0
2013-11-21	11.8	11.8	11.8	11.8	50000.0
2013-11-22	11.8	11.8	11.8	11.8	1100.0
2013-12-12	11.7	11.7	11.7	11.7	1600.0
2013-12-17	12.0	12.0	12.0	12.0	200.0
2013-12-23	11.6	11.6	11.6	11.6	1700.0
2013-12-26	11.4	11.4	11.4	11.4	900.0
2014-01-10	11.2	11.2	11.2	11.2	8700.0
2014-01-13	11.7	11.5	11.7	11.5	1700.0
2014-01-17	11.5	11.5	11.5	11.5	1000.0
2014-01-23	11.5	11.5	11.5	11.5	6100.0
2014-01-24	11.6	11.6	11.6	11.6	200.0
2014-01-27	11.4	11.4	11.4	11.4	400.0
2014-01-31	11.8	11.8	11.8	11.8	100.0
2014-02-07	11.8	11.8	11.8	11.8	100.0
2014-02-13	11.8	11.8	12.0	12.0	1900.0
2014-02-17	12.0	11.5	12.0	12.0	900.0
2014-02-19	12.0	11.8	12.0	11.8	1100.0
2014-02-24	11.9	11.9	11.9	11.9	100.0
2014-02-26	11.0	11.0	11.0	11.0	200.0
2014-03-10	11.2	11.2	11.6	11.3	12100.0
2014-03-11	11.6	11.6	11.7	11.7	400.0
2014-03-12	11.3	11.2	11.5	11.5	3300.0
2014-03-13	11.4	11.4	11.4	11.4	5000.0
2014-03-14	11.6	11.5	11.6	11.5	33500.0
2014-03-17	11.5	11.5	11.5	11.5	18600.0
2014-03-18	11.5	11.4	11.5	11.4	11000.0
2014-03-19	11.4	11.4	11.5	11.4	43700.0
2014-03-20	11.4	11.4	11.4	11.4	2000.0
2014-03-24	11.4	11.4	11.4	11.4	12400.0
2014-03-25	11.3	11.2	11.3	11.3	16600.0
2014-03-26	11.4	11.3	11.4	11.3	1100.0
2014-03-27	11.3	11.3	11.3	11.3	1000.0
2014-03-31	11.4	11.3	11.4	11.3	6000.0
2014-04-01	11.3	11.3	11.3	11.3	4000.0
2014-04-02	11.3	11.3	11.3	11.3	2000.0
2014-04-04	11.3	11.2	11.3	11.2	5600.0
2014-04-08	11.5	11.5	11.5	11.5	100.0
2014-04-11	11.7	11.7	11.7	11.7	100.0
2014-04-16	11.7	11.3	11.7	11.6	1700.0
2014-04-17	11.6	11.6	11.6	11.6	1400.0
2014-04-18	11.5	11.5	11.5	11.5	100.0
2014-04-21	11.6	11.5	11.6	11.6	14300.0
2014-04-24	11.9	11.6	11.9	11.6	2500.0
2014-04-28	11.7	11.7	11.7	11.7	1000.0
2014-04-30	11.5	11.5	11.5	11.5	2200.0
2014-05-09	12.4	12.0	12.4	12.0	600.0
2014-05-12	11.6	11.6	12.0	12.0	200.0
2014-05-14	11.8	11.7	11.8	11.7	6900.0
2014-05-15	11.8	11.6	11.8	11.6	1300.0
2014-05-16	11.6	11.3	11.6	11.3	1000.0
2014-05-19	11.1	11.1	11.5	11.5	10500.0
2014-05-20	11.4	11.4	11.4	11.4	13000.0
2014-05-23	11.4	11.4	11.5	11.4	5500.0
2014-05-26	11.4	11.4	11.5	11.4	10800.0
2014-05-27	11.5	11.5	11.5	11.5	100.0
2014-05-28	11.4	11.4	11.5	11.4	2500.0
2014-05-30	11.8	11.8	11.8	11.8	100.0
2014-06-09	11.5	11.5	11.5	11.5	21600.0
2014-06-10	11.4	11.4	11.4	11.4	18400.0
2014-06-12	11.7	11.6	11.7	11.6	300.0
2014-06-16	11.7	11.7	11.7	11.7	1000.0
2014-06-18	11.6	11.6	11.6	11.6	1500.0
2014-06-19	11.6	11.6	11.6	11.6	15000.0
2014-06-20	11.6	11.6	11.6	11.6	7200.0
2014-06-23	11.6	11.6	11.6	11.6	1500.0
2014-06-24	11.6	11.6	11.6	11.6	1100.0
2014-06-25	11.6	11.6	11.6	11.6	4000.0
2014-06-26	11.5	11.5	11.5	11.5	1500.0
2014-06-27	11.5	11.5	11.5	11.5	2000.0
2014-06-30	11.6	11.6	11.6	11.6	1000.0
2014-07-02	11.6	11.6	11.6	11.6	800.0
2014-07-03	11.6	11.5	11.6	11.5	3500.0
2014-07-04	11.5	11.5	11.6	11.6	4900.0
2014-07-07	11.6	11.6	11.6	11.6	6000.0
2014-07-08	11.6	11.6	11.6	11.6	1000.0
2014-07-09	11.5	11.5	11.6	11.5	2500.0
2014-07-10	11.6	11.6	11.6	11.6	1500.0
2014-07-14	11.6	11.6	11.6	11.6	1500.0
2014-07-15	11.6	11.6	11.6	11.6	600.0
2014-07-16	11.6	11.6	11.6	11.6	500.0
2014-07-17	11.6	11.6	11.6	11.6	2000.0
2014-07-18	11.6	11.6	11.6	11.6	13000.0
2014-07-21	11.6	11.6	11.6	11.6	5500.0
2014-07-23	11.7	11.7	11.7	11.7	2000.0
2014-07-24	11.6	11.6	11.7	11.6	14600.0
2014-07-25	11.6	11.6	11.6	11.6	3500.0
2014-07-28	11.6	11.6	11.6	11.6	6000.0
2014-07-29	11.6	11.6	11.6	11.6	800.0
2014-07-30	11.6	11.6	11.6	11.6	11000.0
2014-07-31	11.6	11.6	11.6	11.6	66900.0
2014-08-05	11.6	11.6	11.6	11.6	6500.0
2014-08-06	11.6	11.6	11.6	11.6	1500.0
2014-08-07	11.6	11.6	11.6	11.6	2000.0
2014-08-08	11.5	11.2	11.5	11.2	261200.0
2014-08-13	11.2	11.2	11.2	11.2	72000.0
2014-08-14	11.2	11.2	11.2	11.2	51600.0
2014-08-15	11.2	11.2	11.2	11.2	30000.0
2014-08-18	11.2	11.2	11.2	11.2	41000.0
2014-08-19	11.2	11.2	11.2	11.2	92000.0
2014-08-20	11.2	11.2	11.2	11.2	149000.0
2014-08-21	11.2	11.1	11.2	11.1	61400.0
2014-08-22	11.2	11.1	11.2	11.2	202400.0
2014-08-25	11.2	11.2	11.2	11.2	88200.0
2014-08-26	11.1	11.1	11.2	11.2	12300.0
2014-08-27	11.2	11.0	11.2	11.0	39800.0
2014-08-28	11.1	11.1	11.1	11.1	32000.0
2014-08-29	11.0	11.0	11.0	11.0	45400.0
2014-09-01	11.0	11.0	11.0	11.0	28400.0
2014-09-02	11.0	11.0	11.0	11.0	10500.0
2014-09-03	11.0	11.0	11.0	11.0	21600.0
2014-09-04	11.0	10.9	11.0	11.0	60100.0
2014-09-05	10.9	10.8	10.9	10.8	68400.0
2014-09-08	10.8	10.8	10.8	10.8	13500.0
2014-09-09	10.9	10.9	10.9	10.9	1100.0
2014-09-10	10.9	10.8	10.9	10.9	25900.0
2014-09-11	10.9	10.9	10.9	10.9	41700.0
2014-09-15	11.0	11.0	11.0	11.0	500.0
2014-09-16	11.0	11.0	11.0	11.0	20200.0
2014-09-17	10.9	10.9	11.0	10.9	47500.0
2014-09-19	11.0	11.0	11.0	11.0	55000.0
2014-09-22	11.0	11.0	11.0	11.0	29400.0
2014-09-23	11.0	10.9	11.0	10.9	58900.0
2014-09-24	10.9	10.9	10.9	10.9	28100.0
2014-09-25	11.0	10.9	11.0	10.9	33900.0
2014-09-26	10.9	10.8	10.9	10.9	33900.0
2014-09-29	11.0	10.8	11.0	10.8	33100.0
2014-09-30	10.9	10.9	10.9	10.9	6200.0
2014-10-01	10.8	10.8	10.8	10.8	360400.0
2014-10-03	10.8	10.8	10.8	10.8	6500.0
2014-10-06	10.9	10.9	10.9	10.9	3000.0
2014-10-07	10.9	10.8	10.9	10.8	2000.0
2014-10-08	10.9	10.9	10.9	10.9	100.0
2014-10-09	10.9	10.9	10.9	10.9	5100.0
2014-10-10	10.8	10.8	10.9	10.9	23900.0
2014-10-13	11.1	10.9	11.1	10.9	7100.0
2014-10-14	10.9	10.8	11.0	10.9	148100.0
2014-10-15	10.9	10.9	11.0	11.0	1000.0
2014-10-16	11.0	11.0	11.0	11.0	1000.0
2014-10-17	10.9	10.9	10.9	10.9	5900.0
2014-10-20	11.0	11.0	11.0	11.0	100.0
2014-10-24	10.8	10.8	10.8	10.8	4000.0
2014-10-27	11.0	11.0	11.0	11.0	100.0
2014-10-28	10.9	10.8	10.9	10.8	2600.0
2014-11-03	11.0	11.0	11.0	11.0	200.0
2014-11-05	10.8	10.8	10.8	10.8	1400.0
2014-11-06	10.8	10.8	10.8	10.8	7800.0
2014-11-07	10.8	10.8	10.8	10.8	20300.0
2014-11-10	11.0	10.8	11.0	10.8	57800.0
2014-11-11	10.8	10.8	10.8	10.8	27000.0
2014-11-12	10.9	10.9	10.9	10.9	12000.0
2014-11-13	10.8	10.8	10.8	10.8	600.0
2014-11-17	11.0	10.8	11.0	10.8	1100.0
2014-11-18	10.8	10.8	10.8	10.8	400.0
2014-11-19	10.8	10.8	10.8	10.8	500.0
2014-11-21	10.8	10.8	10.9	10.9	3100.0
2014-11-24	11.0	11.0	11.0	11.0	100.0
2014-11-25	10.9	10.8	10.9	10.8	22300.0
2014-11-26	10.8	10.8	10.9	10.8	1500.0
2014-11-28	10.8	10.8	10.8	10.8	3500.0
2014-12-01	10.8	10.8	10.8	10.8	500.0
2014-12-08	11.0	11.0	11.0	11.0	1000.0
2014-12-12	10.7	10.7	10.7	10.7	10300.0
2014-12-15	10.7	10.7	10.7	10.7	100.0
2014-12-16	10.6	10.5	10.8	10.7	3500.0
2014-12-17	10.5	10.5	10.6	10.6	19200.0
2014-12-18	10.7	10.7	10.7	10.7	600.0
2014-12-19	10.5	10.5	10.5	10.5	3100.0
2014-12-22	10.7	10.6	10.7	10.6	2100.0
2014-12-23	10.6	10.6	10.6	10.6	5000.0
2014-12-25	10.8	10.8	10.8	10.8	300.0
2014-12-29	10.8	10.8	10.8	10.8	100.0
2014-12-30	10.6	10.6	10.6	10.6	2900.0
2015-01-05	10.8	10.8	10.8	10.8	100.0
2015-01-08	10.8	10.8	10.9	10.9	2000.0
2015-01-09	10.9	10.8	10.9	10.8	34900.0
2015-01-12	10.8	10.8	10.8	10.8	32000.0
2015-01-14	10.8	10.8	10.8	10.8	200.0
2015-01-15	10.8	10.8	10.8	10.8	100.0
2015-01-19	10.7	10.6	10.7	10.6	6000.0
2015-01-22	10.8	10.8	10.8	10.8	2100.0
2015-01-23	10.8	10.8	10.8	10.8	100.0
2015-01-26	10.6	10.6	10.6	10.6	600.0
2015-01-30	10.7	10.7	10.8	10.7	1900.0
2015-02-02	10.8	10.7	10.8	10.7	2600.0
2015-02-04	10.7	10.7	10.7	10.7	1000.0
2015-02-06	10.7	10.7	10.7	10.7	14100.0
2015-02-10	10.7	10.7	10.7	10.7	16000.0
2015-02-11	10.7	10.7	10.7	10.7	2300.0
2015-02-12	10.7	10.7	10.7	10.7	3000.0
2015-02-16	10.8	10.7	10.8	10.7	6900.0
2015-02-17	10.7	10.7	10.8	10.8	21200.0
2015-02-18	10.8	10.8	10.8	10.8	5100.0
2015-02-19	10.9	10.9	10.9	10.9	100.0
2015-02-20	10.8	10.8	10.8	10.8	21000.0
2015-02-23	10.8	10.8	10.8	10.8	300.0
2015-02-24	10.7	10.7	10.7	10.7	1000.0
2015-02-25	10.7	10.7	10.7	10.7	5000.0
2015-02-26	10.6	10.6	10.6	10.6	13100.0
2015-02-27	10.6	10.6	10.7	10.6	11700.0
2015-03-02	10.6	10.6	10.6	10.6	41000.0
2015-03-05	10.6	10.6	10.6	10.6	7000.0
2015-03-06	10.6	10.6	10.7	10.6	22500.0
2015-03-09	10.6	10.6	10.6	10.6	2000.0
2015-03-10	10.6	10.6	10.6	10.6	3000.0
2015-03-16	10.6	10.6	10.6	10.6	1000.0
2015-03-17	10.7	10.7	10.7	10.7	100.0
2015-03-24	10.5	10.5	10.5	10.5	10000.0
2015-03-25	10.6	10.5	10.6	10.5	133800.0
2015-03-26	10.6	10.6	10.6	10.6	500.0
2015-03-27	10.5	10.5	10.5	10.5	3800.0
2015-04-01	10.5	10.5	10.5	10.5	10000.0
2015-04-07	10.6	10.6	10.6	10.6	500.0
2015-04-09	10.6	10.6	10.6	10.6	100.0
2015-04-10	10.6	10.6	10.6	10.6	100.0
2015-04-17	10.7	10.7	10.7	10.7	7000.0
2015-04-21	10.9	10.9	10.9	10.9	300.0
2015-04-23	10.9	10.9	10.9	10.9	200.0
2015-04-24	10.9	10.9	10.9	10.9	600.0
2015-04-29	10.8	10.8	10.8	10.8	10000.0
2015-05-06	10.8	10.8	10.8	10.8	10000.0
2015-05-07	10.7	10.7	10.8	10.8	17500.0
2015-05-08	11.0	10.8	11.0	10.8	400.0
2015-05-13	10.8	10.8	10.8	10.8	3000.0
2015-05-15	10.8	10.8	10.8	10.8	2000.0
2015-05-18	10.7	10.7	10.8	10.8	25400.0
2015-05-19	10.8	10.8	11.0	11.0	10500.0
2015-05-22	10.8	10.8	10.8	10.8	5000.0
2015-05-26	10.7	10.7	10.7	10.7	91800.0
2015-05-27	10.7	10.7	10.7	10.7	51000.0
2015-05-28	10.7	10.7	10.7	10.7	42500.0
2015-06-02	10.7	10.7	10.7	10.7	39400.0
2015-06-08	10.7	10.7	10.8	10.7	30100.0
2015-06-16	10.7	10.7	10.7	10.7	4000.0
2015-06-17	10.7	10.7	10.7	10.7	4000.0
2015-06-19	10.7	10.7	10.7	10.7	3000.0
2015-06-22	10.7	10.7	10.7	10.7	3100.0
2015-06-23	10.7	10.7	10.7	10.7	12500.0
2015-06-25	10.7	10.7	10.7	10.7	11000.0
2015-06-26	10.7	10.7	10.7	10.7	62900.0
2015-07-08	10.8	10.8	10.8	10.8	1000.0
2015-07-16	10.8	10.7	10.8	10.7	23900.0
2015-07-21	10.7	10.7	10.8	10.7	23100.0
2015-07-22	10.7	10.7	10.7	10.7	40000.0
2015-07-27	10.7	10.7	10.8	10.8	2100.0
2015-07-28	10.7	10.7	10.7	10.7	18000.0
2015-07-29	10.7	10.7	10.8	10.8	2100.0
2015-08-10	10.8	10.8	10.8	10.8	3000.0
2015-08-14	10.8	10.8	10.8	10.8	1000.0
2015-08-18	10.8	10.6	10.8	10.6	5400.0
2015-08-20	10.8	10.8	11.0	11.0	1400.0
2015-08-21	10.9	10.7	10.9	10.7	200.0
2015-08-24	10.7	10.5	10.7	10.5	2000.0
2015-08-25	10.7	10.7	10.7	10.7	1000.0
2015-08-26	10.6	10.6	10.6	10.6	500.0
2015-08-27	10.6	10.6	10.6	10.6	500.0
2015-09-01	10.7	10.7	10.7	10.7	1500.0
2015-09-02	10.5	10.5	10.7	10.7	5800.0
2015-09-04	10.7	10.7	10.7	10.7	500.0
2015-09-08	10.7	10.7	10.7	10.7	2000.0
2015-09-14	10.6	10.6	10.6	10.6	10100.0
2015-09-15	10.6	10.6	10.6	10.6	1100.0
2015-09-22	10.7	10.7	10.7	10.7	300.0
2015-09-23	10.7	10.5	10.7	10.5	5600.0
2015-09-24	10.5	10.5	10.6	10.6	5200.0
2015-09-25	10.5	10.5	10.5	10.5	3700.0
2015-09-28	10.5	10.5	10.5	10.5	1100.0
2015-09-30	10.4	10.4	10.4	10.4	2400.0
2015-10-01	10.5	10.5	10.5	10.5	100.0
2015-10-07	10.6	10.6	10.6	10.6	100.0
2015-10-09	10.6	10.6	10.6	10.6	500.0
2015-10-14	10.5	10.5	10.5	10.5	2400.0
2015-10-16	10.6	10.5	10.6	10.5	1500.0
2015-10-20	10.6	10.6	10.7	10.7	15100.0
2015-10-21	11.3	10.6	11.3	10.6	10300.0
2015-10-22	10.6	10.6	10.6	10.6	5000.0
2015-10-26	10.6	10.6	11.0	10.9	2500.0
2015-10-29	10.6	10.6	10.6	10.6	3000.0
2015-11-03	10.4	10.3	10.4	10.3	3000.0
2015-11-05	10.6	10.6	10.6	10.6	100.0
2015-11-06	10.6	10.6	10.6	10.6	1000.0
2015-11-13	10.6	10.6	10.6	10.6	200.0
2015-11-17	10.3	10.3	10.3	10.3	900.0
2015-11-19	10.6	10.6	10.6	10.6	100.0
2015-11-20	10.7	10.7	11.3	11.3	10000.0
2015-11-26	10.6	10.6	10.6	10.6	300.0
2015-11-30	10.6	10.6	10.6	10.6	10200.0
2015-12-01	10.5	10.5	10.5	10.5	5000.0
2015-12-03	10.5	10.4	11.0	11.0	4000.0
2015-12-04	10.5	10.5	10.5	10.5	500.0
2015-12-08	10.4	10.2	10.4	10.2	37900.0
2015-12-09	10.2	10.2	10.2	10.2	1300.0
2015-12-11	10.2	10.2	10.2	10.2	2500.0
2015-12-14	10.1	10.1	10.2	10.1	44700.0
2015-12-15	10.2	10.1	10.2	10.1	36200.0
2015-12-16	10.1	10.1	10.2	10.2	7600.0
2015-12-18	10.1	10.1	10.1	10.1	1600.0
2015-12-23	10.2	10.1	10.2	10.1	5200.0
2015-12-25	10.1	10.1	10.1	10.1	2000.0
2015-12-29	10.1	10.1	10.1	10.1	9500.0
2015-12-30	10.0	10.0	10.2	10.2	10000.0
2016-01-04	10.2	10.2	10.2	10.2	5200.0
2016-01-05	10.1	10.1	10.2	10.2	8100.0
2016-01-06	10.2	10.2	10.2	10.2	800.0
2016-01-07	10.2	10.1	10.2	10.1	6500.0
2016-01-12	10.1	10.1	10.2	10.2	3000.0
2016-01-13	10.2	10.2	10.2	10.2	1000.0
2016-01-15	10.1	10.1	10.1	10.1	10000.0
2016-01-19	10.1	10.0	10.2	10.2	15100.0
2016-01-22	10.2	10.1	10.2	10.1	5400.0
2016-01-27	10.2	10.2	10.2	10.2	300.0
2016-01-28	10.1	10.1	10.1	10.1	21900.0
2016-02-01	10.2	10.2	10.2	10.2	700.0
2016-02-02	10.1	10.1	10.1	10.1	35400.0
2016-02-04	10.1	10.1	10.2	10.2	2200.0
2016-02-05	10.1	10.1	10.1	10.1	23400.0
2016-02-08	10.2	10.1	10.2	10.1	10700.0
2016-02-09	10.2	10.1	10.2	10.1	18300.0
2016-02-10	10.2	10.1	10.2	10.1	7100.0
2016-02-11	10.1	10.1	10.1	10.1	11000.0
2016-02-16	10.2	10.2	10.2	10.2	300.0
2016-02-17	10.2	10.2	10.2	10.2	600.0
2016-02-18	10.2	10.2	10.4	10.4	200.0
2016-02-23	10.4	10.4	10.4	10.4	1800.0
2016-02-26	10.2	10.1	10.2	10.1	1100.0
2016-02-29	10.0	10.0	10.0	10.0	11000.0
2016-03-01	10.0	10.0	10.0	10.0	12700.0
2016-03-02	10.5	9.9	10.5	9.9	1200.0
2016-03-03	10.0	10.0	10.1	10.1	300.0
2016-03-04	10.0	10.0	10.0	10.0	300.0
2016-03-09	9.95	9.95	10.1	10.1	3600.0
2016-03-10	10.0	10.0	10.0	10.0	2300.0
2016-03-11	10.1	10.1	10.1	10.1	100.0
2016-03-14	10.0	10.0	10.0	10.0	3000.0
2016-03-15	10.0	10.0	10.0	10.0	2000.0
2016-03-16	10.0	10.0	10.0	10.0	5000.0
2016-03-17	10.0	10.0	10.0	10.0	2000.0
2016-03-18	10.1	10.0	10.2	10.2	22600.0
2016-03-21	10.0	10.0	10.0	10.0	8600.0
2016-03-22	10.0	10.0	10.1	10.1	4600.0
2016-03-25	10.1	10.1	10.1	10.1	1100.0
2016-03-28	10.0	10.0	10.0	10.0	18100.0
2016-03-30	10.0	10.0	10.0	10.0	3000.0
2016-03-31	10.0	9.95	10.0	10.0	18600.0
2016-04-01	10.0	10.0	10.0	10.0	800.0
2016-04-04	9.95	9.95	9.95	9.95	2500.0
2016-04-05	10.0	10.0	10.0	10.0	100.0
2016-04-08	9.95	9.95	10.1	10.1	2000.0
2016-04-12	10.0	10.0	10.0	10.0	1000.0
2016-04-18	10.0	10.0	10.1	10.1	13700.0
2016-04-19	10.1	10.1	10.1	10.1	6000.0
2016-04-20	10.0	10.0	10.0	10.0	54500.0
2016-04-21	10.0	10.0	10.0	10.0	6000.0
2016-04-22	10.1	10.1	10.1	10.1	100.0
2016-04-25	10.0	10.0	10.0	10.0	10000.0
2016-04-26	10.0	9.95	10.0	9.95	22900.0
2016-04-27	10.0	10.0	10.0	10.0	7600.0
2016-04-28	10.0	10.0	10.1	10.1	8200.0
2016-04-29	10.1	10.1	10.1	10.1	1000.0
2016-05-03	10.1	10.1	10.1	10.1	1500.0
2016-05-04	10.1	10.1	10.3	10.3	2600.0
2016-05-06	10.1	10.1	10.3	10.3	2600.0
2016-05-09	10.1	10.0	10.1	10.0	40000.0
2016-05-10	10.0	10.0	10.0	10.0	54000.0
2016-05-11	10.0	9.95	10.0	9.95	26600.0
2016-05-12	9.95	9.95	9.95	9.95	1400.0
2016-05-13	10.0	10.0	10.0	10.0	2200.0
2016-05-16	10.0	9.95	10.0	10.0	3600.0
2016-05-18	10.0	10.0	10.0	10.0	30000.0
2016-05-24	10.0	10.0	10.0	10.0	5000.0
2016-05-25	10.0	9.95	10.0	10.0	2500.0
2016-05-26	10.0	10.0	10.1	10.1	6000.0
2016-05-27	10.1	10.0	10.1	10.0	42900.0
2016-06-03	10.0	10.0	10.0	10.0	5000.0
2016-06-06	10.0	10.0	10.0	10.0	15000.0
2016-06-07	10.1	10.1	10.1	10.1	2000.0
2016-06-08	10.1	10.1	10.1	10.1	2000.0
2016-06-10	10.1	10.1	10.1	10.1	2000.0
2016-06-13	10.1	10.1	10.2	10.1	3600.0
2016-06-14	10.1	10.1	10.1	10.1	100.0
2016-06-20	10.2	10.2	10.2	10.2	100.0
2016-06-21	10.1	10.1	10.1	10.1	100.0
2016-06-22	10.1	10.1	10.2	10.2	10100.0
2016-06-23	10.1	10.1	10.1	10.1	200.0
2016-06-28	10.2	10.2	10.2	10.2	100.0
2016-06-29	10.1	10.1	10.2	10.2	300.0
2016-06-30	10.2	10.2	10.2	10.2	6000.0
2016-07-04	10.2	10.2	10.2	10.2	3000.0
2016-07-07	10.2	10.2	10.2	10.2	2000.0
2016-07-11	10.3	10.3	10.3	10.3	200.0
2016-07-12	10.3	10.3	10.3	10.3	10000.0
2016-07-13	10.3	10.3	10.3	10.3	5000.0
2016-07-15	10.3	10.3	10.5	10.4	13100.0
2016-07-20	10.3	10.3	10.3	10.3	1800.0
2016-07-21	10.3	10.3	10.4	10.4	4200.0
2016-07-22	10.4	10.4	10.4	10.4	1000.0
2016-07-26	10.4	10.4	10.5	10.5	3300.0
2016-07-27	10.4	10.4	10.4	10.4	1000.0
2016-07-28	10.5	10.5	10.6	10.6	8100.0
2016-07-29	10.6	10.6	10.6	10.6	2000.0
2016-08-01	10.5	10.5	10.5	10.5	3000.0
2016-08-03	10.5	10.5	10.5	10.5	500.0
2016-08-04	10.5	10.5	10.6	10.6	25200.0
2016-08-05	10.6	10.6	10.6	10.6	5000.0
2016-08-08	10.6	10.6	10.6	10.6	2500.0
2016-08-09	10.5	10.5	10.6	10.6	16500.0
2016-08-11	10.6	10.5	10.6	10.5	6700.0
2016-08-15	10.6	10.6	10.6	10.6	1000.0
2016-08-18	10.5	10.5	10.5	10.5	7500.0
2016-08-22	10.7	10.6	10.7	10.6	4000.0
2016-08-23	10.4	10.4	10.4	10.4	100.0
2016-08-25	10.4	10.4	10.4	10.4	5400.0
2016-08-30	10.4	10.4	10.4	10.4	3000.0
2016-08-31	10.4	10.4	10.4	10.4	100.0
2016-09-02	10.3	10.1	10.4	10.4	10100.0
2016-09-05	10.2	10.2	10.4	10.4	3600.0
2016-09-08	10.2	10.2	10.3	10.2	13000.0
2016-09-09	10.1	10.1	10.3	10.2	1800.0
2016-09-12	10.2	10.1	10.3	10.3	4200.0
2016-09-13	10.2	10.2	10.3	10.3	14100.0
2016-09-15	10.2	10.2	10.2	10.2	16900.0
2016-09-19	10.2	10.2	10.2	10.2	1700.0
2016-09-21	10.2	10.2	10.2	10.2	2000.0
2016-09-22	10.2	10.2	10.2	10.2	9800.0
2016-09-23	10.2	10.2	10.2	10.2	2000.0
2016-09-27	10.3	10.3	10.3	10.3	300.0
2016-09-29	10.3	10.2	10.3	10.2	7800.0
2016-10-05	10.2	10.2	10.2	10.2	18700.0
2016-10-10	10.2	10.2	10.2	10.2	8000.0
2016-10-11	10.2	10.1	10.2	10.1	10300.0
2016-10-12	10.1	10.0	10.2	10.2	22800.0
2016-10-14	10.3	10.3	10.3	10.3	100.0
2016-10-17	10.2	10.2	10.2	10.2	3200.0
2016-10-18	10.2	10.1	10.2	10.1	10000.0
2016-10-19	10.1	10.1	10.2	10.2	37000.0
2016-10-25	10.1	10.1	10.3	10.3	1500.0
2016-10-26	10.3	10.3	10.5	10.5	12500.0
2016-10-27	10.4	10.4	10.5	10.4	13400.0
2016-10-28	10.4	10.4	10.4	10.4	10000.0
2016-10-31	10.2	10.0	10.3	10.3	30500.0
2016-11-01	10.4	10.4	10.4	10.4	23000.0
2016-11-02	10.3	10.3	10.3	10.3	1000.0
2016-11-09	10.3	10.3	10.3	10.3	5900.0
2016-11-29	10.4	10.4	10.4	10.4	500.0
2016-12-02	10.2	10.2	10.2	10.2	1000.0
2016-12-06	10.2	10.1	10.2	10.2	2500.0
2016-12-07	10.2	10.1	10.2	10.1	7400.0
2016-12-16	10.2	10.2	10.2	10.2	9000.0
2016-12-19	10.2	10.2	10.2	10.2	20000.0
2016-12-20	10.5	10.5	10.5	10.5	100.0
2016-12-23	10.2	10.2	10.2	10.2	100.0
2016-12-27	10.4	10.4	10.4	10.4	200.0
2017-01-05	10.3	10.2	10.3	10.2	3300.0
2017-01-09	10.5	10.2	10.5	10.2	3900.0
2017-01-10	10.3	10.3	10.3	10.3	5800.0
2017-01-11	10.2	10.2	10.3	10.3	5100.0
2017-01-12	10.3	10.3	10.4	10.4	700.0
2017-01-17	10.2	10.2	10.5	10.5	200.0
2017-01-18	10.3	10.3	10.3	10.3	200.0
2017-01-23	10.4	10.4	10.4	10.4	1000.0
2017-01-25	10.4	10.4	10.4	10.4	3600.0
2017-01-30	10.5	10.5	10.5	10.5	1400.0
2017-02-06	10.5	10.5	10.5	10.5	100.0
2017-02-14	10.4	10.3	10.5	10.5	7100.0
2017-02-15	10.4	10.4	10.4	10.4	2000.0
2017-02-16	10.4	10.4	10.5	10.5	7400.0
2017-02-22	10.5	10.5	10.5	10.5	7000.0
2017-02-27	10.3	10.3	10.3	10.3	2000.0
2017-03-03	10.5	10.5	10.5	10.5	100.0
2017-03-07	10.3	10.3	10.3	10.3	500.0
2017-03-08	10.3	10.3	10.3	10.3	4000.0
2017-03-15	10.3	10.3	10.3	10.3	27100.0
2017-03-17	10.6	10.6	10.6	10.6	100.0
2017-03-20	10.4	10.4	10.4	10.4	9000.0
2017-03-21	10.3	10.3	10.3	10.3	10100.0
2017-03-23	10.6	10.6	10.6	10.6	100.0
2017-03-24	10.5	10.5	10.5	10.5	2100.0
2017-03-27	10.5	10.5	10.5	10.5	300.0
2017-03-28	10.3	10.3	10.3	10.3	4000.0
2017-03-29	10.6	10.6	10.6	10.6	100.0
2017-03-30	10.5	10.5	10.5	10.5	500.0
2017-03-31	10.5	10.5	10.5	10.5	100.0
2017-04-03	10.5	10.3	10.5	10.4	6700.0
2017-04-04	10.3	10.3	10.5	10.5	7300.0
2017-04-05	10.3	10.3	10.3	10.3	5200.0
2017-04-07	10.4	10.4	10.4	10.4	100.0
2017-04-10	10.5	10.5	10.5	10.5	100.0
2017-04-11	10.3	10.3	10.5	10.5	26500.0
2017-04-12	10.3	10.3	10.5	10.5	4100.0
2017-04-17	10.5	10.3	10.5	10.3	72200.0
2017-04-18	10.3	10.3	10.3	10.3	11000.0
2017-04-19	10.3	10.2	10.4	10.4	10100.0
2017-04-20	10.2	10.0	10.2	10.1	103000.0
2017-04-21	10.1	10.1	10.3	10.3	40100.0
2017-04-24	10.2	10.2	10.2	10.2	9900.0
2017-04-25	10.3	10.1	10.3	10.1	2700.0
2017-04-26	10.2	10.1	10.2	10.1	6200.0
2017-04-27	10.2	10.2	10.2	10.2	10000.0
2017-04-28	10.3	10.3	10.3	10.3	10400.0
2017-05-03	10.3	10.3	10.3	10.3	17800.0
2017-05-04	10.3	10.3	10.3	10.3	1200.0
2017-05-08	10.3	10.3	10.3	10.3	300.0
2017-05-09	10.3	10.3	10.3	10.3	3000.0
2017-05-12	10.3	10.3	10.3	10.3	5100.0
2017-05-15	10.1	10.1	10.3	10.3	1100.0
2017-05-16	10.2	10.1	10.3	10.2	4400.0
2017-05-17	10.2	10.2	10.2	10.2	1900.0
2017-05-19	10.3	10.2	10.3	10.2	900.0
2017-05-22	10.1	10.1	10.1	10.1	500.0
2017-05-23	10.2	10.2	10.2	10.2	300.0
2017-05-25	10.2	10.2	10.2	10.2	5500.0
2017-05-26	10.3	10.3	10.3	10.3	100.0
2017-05-30	10.3	10.2	10.3	10.2	1300.0
2017-06-02	10.2	10.2	10.2	10.2	500.0
2017-06-06	10.1	10.1	10.1	10.1	2000.0
2017-06-07	10.1	10.1	10.1	10.1	2400.0
2017-06-08	10.1	10.1	10.2	10.1	9200.0
2017-06-09	10.1	10.0	10.1	10.1	28400.0
2017-06-12	10.1	10.0	10.1	10.1	9400.0
2017-06-13	10.0	10.0	10.0	10.0	4300.0
2017-06-14	10.1	10.1	10.1	10.1	3000.0
2017-06-15	10.0	10.0	10.1	10.1	400.0
2017-06-16	10.1	10.1	10.1	10.1	100.0
2017-06-19	10.1	10.1	10.1	10.1	300.0
2017-06-22	10.1	10.1	10.1	10.1	4900.0
2017-06-23	10.2	10.2	10.2	10.2	900.0
2017-06-26	10.2	10.2	10.2	10.2	1500.0
2017-06-27	10.0	10.0	10.2	10.2	1600.0
2017-06-28	10.2	10.1	10.2	10.1	200.0
2017-06-30	10.2	10.2	10.2	10.2	100.0
2017-07-04	10.2	10.2	10.2	10.2	100.0
2017-07-05	10.1	10.1	10.1	10.1	100.0
2017-07-06	10.2	10.2	10.2	10.2	2000.0
2017-07-07	10.2	10.2	10.2	10.2	200.0
2017-07-11	10.2	10.2	10.2	10.2	1000.0
2017-07-12	10.0	10.0	10.0	10.0	4000.0
2017-07-13	10.1	10.1	10.1	10.1	8600.0
2017-07-14	10.1	10.1	10.1	10.1	6900.0
2017-07-17	10.1	10.1	10.1	10.1	1400.0
2017-07-18	10.0	10.0	10.1	10.1	24800.0
2017-07-19	10.0	10.0	10.1	10.1	400.0
2017-07-25	10.1	10.0	10.1	10.0	10000.0
2017-07-26	10.1	10.0	10.1	10.0	6900.0
2017-07-27	10.2	10.2	10.2	10.2	100.0
2017-07-31	10.0	10.0	10.0	10.0	6200.0
2017-08-01	10.2	10.2	10.2	10.2	1100.0
2017-08-02	10.0	10.0	10.2	10.2	8700.0
2017-08-03	10.2	10.2	10.2	10.2	100.0
2017-08-04	10.2	10.2	10.2	10.2	100.0
2017-08-07	10.0	10.0	10.0	10.0	2500.0
2017-08-08	10.1	10.1	10.1	10.1	100.0
2017-08-09	10.0	10.0	10.1	10.1	6100.0
2017-08-10	10.1	10.1	10.2	10.2	1400.0
2017-08-11	10.2	10.2	10.2	10.2	5000.0
2017-08-17	10.1	10.1	10.2	10.2	200.0
2017-08-18	10.2	10.2	10.2	10.2	4100.0
2017-08-22	10.0	10.0	10.1	10.1	6500.0
2017-08-25	10.0	10.0	10.0	10.0	5500.0
2017-08-28	10.1	10.1	10.1	10.1	200.0
2017-08-29	10.0	10.0	10.0	10.0	5000.0
2017-08-30	10.0	10.0	10.1	10.1	2100.0
2017-08-31	10.0	10.0	10.0	10.0	4500.0
2017-09-01	10.0	10.0	10.1	10.1	5700.0
2017-09-04	10.0	10.0	10.0	10.0	500.0
2017-09-05	10.0	9.9	10.0	10.0	15600.0
2017-09-06	10.1	10.0	10.1	10.0	22200.0
2017-09-07	10.1	10.1	10.1	10.1	100.0
2017-09-08	10.0	10.0	10.1	10.1	4600.0
2017-09-11	10.1	10.1	10.1	10.1	100.0
2017-09-12	10.1	10.1	10.1	10.1	9900.0
2017-09-13	10.2	10.2	10.2	10.2	100.0
2017-09-14	10.2	10.2	10.2	10.2	50100.0
2017-09-15	10.2	10.2	10.2	10.2	100.0
2017-09-19	10.1	10.1	10.1	10.1	900.0
2017-09-20	10.1	10.1	10.1	10.1	100.0
2017-09-22	10.2	10.2	10.2	10.2	100.0
2017-09-27	10.1	10.1	10.1	10.1	100.0
2017-09-28	10.3	10.2	10.3	10.2	400.0
2017-09-29	10.2	10.2	10.2	10.2	1000.0
2017-10-02	10.3	10.2	10.3	10.2	900.0
2017-10-03	10.3	10.3	10.3	10.3	100.0
2017-10-04	10.2	10.2	10.2	10.2	1300.0
2017-10-05	10.2	10.2	10.3	10.3	25000.0
2017-10-06	10.2	10.1	10.3	10.3	46100.0
2017-10-09	10.3	10.3	10.3	10.3	100.0
2017-10-10	10.2	10.2	10.2	10.2	100.0
2017-10-12	10.3	10.3	10.3	10.3	3300.0
2017-10-16	10.2	10.2	10.2	10.2	1000.0
2017-10-17	10.2	10.2	10.2	10.2	1000.0
2017-10-18	10.3	10.3	10.3	10.3	100.0
2017-10-20	10.2	10.2	10.3	10.3	200.0
2017-10-24	10.2	10.2	10.2	10.2	100.0
2017-10-25	10.1	10.1	10.3	10.3	500.0
2017-10-30	10.3	10.3	10.3	10.3	12500.0
2017-10-31	10.2	10.2	10.3	10.3	900.0
2017-11-01	10.3	10.3	10.3	10.3	10000.0
2017-11-02	10.4	10.3	10.4	10.3	200.0
2017-11-03	10.3	10.2	10.3	10.3	400.0
2017-11-06	10.2	10.2	10.2	10.2	3900.0
2017-11-07	10.4	10.4	10.4	10.4	100.0
2017-11-08	10.2	10.2	10.2	10.2	15200.0
2017-11-10	10.3	10.2	10.4	10.4	7000.0
2017-11-13	10.2	10.2	10.2	10.2	10000.0
2017-11-14	10.3	10.2	10.3	10.3	4500.0
2017-11-15	10.3	10.3	10.3	10.3	11300.0
2017-11-16	10.2	10.2	10.3	10.3	10100.0
2017-11-17	10.2	10.2	10.2	10.2	4300.0
2017-11-22	10.2	10.2	10.2	10.2	300.0
2017-11-24	10.0	10.0	10.1	10.1	4700.0
2017-11-27	10.1	10.1	10.1	10.1	1000.0
2017-11-28	10.1	10.1	10.1	10.1	100.0
2017-11-30	10.1	10.1	10.1	10.1	15000.0
2017-12-06	10.3	10.3	10.3	10.3	1000.0
2017-12-07	10.3	10.3	10.3	10.3	100.0
2017-12-08	10.2	10.2	10.3	10.3	1200.0
2017-12-12	10.3	10.2	10.3	10.3	10600.0
2017-12-18	10.6	10.4	10.6	10.4	900.0
2017-12-20	10.2	10.2	10.3	10.3	10100.0
2017-12-21	10.3	10.3	10.3	10.3	100.0
2017-12-22	10.2	10.2	10.2	10.2	1600.0
2017-12-25	10.3	10.3	10.3	10.3	300.0
2017-12-29	10.2	10.2	10.2	10.2	600.0
2018-01-05	10.2	10.2	10.3	10.3	15300.0
2018-01-08	10.2	10.2	10.4	10.3	1400.0
2018-01-09	10.2	10.2	10.2	10.2	15000.0
2018-01-10	10.3	10.3	10.3	10.3	10500.0
2018-01-11	10.3	10.3	10.3	10.3	500.0
2018-01-12	10.3	10.3	10.3	10.3	1000.0
2018-01-15	10.4	10.2	10.4	10.4	4900.0
2018-01-16	10.4	10.4	10.4	10.4	100.0
2018-01-19	10.3	10.3	10.3	10.3	8600.0
2018-01-22	10.3	10.3	10.3	10.3	300.0
2018-01-23	10.3	10.3	10.3	10.3	100.0
2018-01-26	10.3	10.3	10.3	10.3	1000.0
2018-01-29	10.3	10.3	10.3	10.3	1000.0
2018-02-01	10.4	10.4	10.4	10.4	500.0
2018-02-02	10.5	10.5	10.5	10.5	100.0
2018-02-05	10.5	10.5	10.5	10.5	1000.0
2018-02-06	10.3	10.3	10.4	10.4	600.0
2018-02-07	10.4	10.3	10.5	10.5	36300.0
2018-02-08	10.4	10.4	10.4	10.4	2200.0
2018-02-09	10.4	10.4	10.4	10.4	2500.0
2018-02-12	10.4	10.4	10.4	10.4	3000.0
2018-02-13	10.4	10.4	10.5	10.5	35000.0
2018-02-14	10.5	10.5	10.5	10.5	40000.0
2018-02-15	10.5	10.5	10.5	10.5	3200.0
2018-02-16	10.5	10.5	10.5	10.5	5100.0
2018-02-19	10.5	10.5	10.5	10.5	3000.0
2018-02-21	10.5	10.5	10.5	10.5	1800.0
2018-02-22	10.5	10.4	10.5	10.5	2900.0
2018-02-26	10.4	10.4	10.5	10.5	200.0
2018-02-28	10.4	10.3	10.4	10.4	15900.0
2018-03-02	10.4	10.4	10.4	10.4	5000.0
2018-03-05	10.4	10.4	10.4	10.4	4800.0
2018-03-06	10.5	10.5	10.5	10.5	200.0
2018-03-07	10.4	10.4	10.4	10.4	100.0
2018-03-08	10.4	10.4	10.5	10.5	1000.0
2018-03-16	10.5	10.5	10.5	10.5	100.0
2018-03-19	10.4	10.4	10.4	10.4	100.0
2018-03-20	10.4	10.4	10.4	10.4	100.0
2018-03-21	10.4	10.4	10.4	10.4	21700.0
2018-03-22	10.4	10.4	10.4	10.4	2000.0
2018-03-23	10.4	10.4	10.4	10.4	8000.0
2018-03-26	10.4	10.4	10.4	10.4	4500.0
2018-03-27	10.4	10.4	10.4	10.4	1500.0
2018-03-29	10.3	10.3	10.4	10.4	8600.0
2018-04-03	10.3	10.3	10.3	10.3	18100.0
2018-04-04	10.2	10.2	10.4	10.4	7000.0
2018-04-05	10.2	10.2	10.5	10.5	200.0
2018-04-10	10.5	10.5	10.5	10.5	100.0
2018-04-24	10.4	10.4	10.4	10.4	100.0
2018-04-25	10.4	10.4	10.4	10.4	300.0
2018-05-02	10.3	10.3	10.3	10.3	5100.0
2018-05-04	10.5	10.3	10.5	10.4	33000.0
2018-05-07	10.4	10.4	10.4	10.4	1900.0
2018-05-08	10.3	10.2	10.3	10.2	27500.0
2018-05-09	10.3	10.3	10.3	10.3	100.0
2018-05-10	10.2	10.2	10.3	10.3	202400.0
2018-05-11	10.4	10.4	10.4	10.4	100.0
2018-05-14	10.4	10.4	10.5	10.4	10400.0
2018-05-17	10.5	10.5	10.5	10.5	1000.0
2018-05-21	10.4	10.4	10.4	10.4	5700.0
2018-05-23	10.4	10.4	10.4	10.4	3100.0
2018-05-25	10.4	10.4	10.4	10.4	7600.0
2018-05-28	10.3	10.3	10.3	10.3	11800.0
2018-06-01	10.3	10.3	10.3	10.3	10700.0
2018-06-04	10.3	10.2	10.3	10.2	13000.0
2018-06-06	10.3	10.3	10.4	10.4	13900.0
2018-06-07	10.4	10.4	10.4	10.4	2000.0
2018-06-08	10.3	10.3	10.3	10.3	3700.0
2018-06-11	10.2	10.2	10.3	10.3	13100.0
2018-06-12	10.3	10.3	10.3	10.3	4100.0
2018-06-14	10.3	10.3	10.3	10.3	5800.0
2018-06-15	10.3	10.3	10.3	10.3	10000.0
2018-06-18	10.3	10.3	10.3	10.3	5200.0
2018-06-19	10.2	10.2	10.3	10.2	2400.0
2018-06-20	10.1	10.1	10.3	10.3	10300.0
2018-06-22	10.3	10.3	10.3	10.3	13200.0
2018-06-25	10.3	10.3	10.3	10.3	6000.0
2018-06-28	10.2	10.2	10.3	10.3	200.0
2018-06-29	10.2	10.2	10.3	10.3	300.0
2018-07-11	10.2	10.2	10.2	10.2	400.0
2018-07-13	10.3	10.3	10.3	10.3	100.0
2018-07-16	10.3	10.3	10.3	10.3	100.0
2018-07-23	10.4	10.2	10.4	10.3	1300.0
2018-07-24	10.3	10.2	10.3	10.2	1500.0
2018-07-26	10.3	10.3	10.3	10.3	500.0
2018-07-31	10.4	10.3	10.4	10.3	7400.0
2018-08-02	10.2	10.2	10.2	10.2	6800.0
2018-08-03	10.3	10.3	10.3	10.3	100.0
2018-08-08	10.3	10.3	10.3	10.3	1600.0
2018-08-10	10.3	10.2	10.3	10.3	16800.0
2018-08-14	10.2	10.2	10.2	10.2	700.0
2018-08-15	10.2	10.2	10.2	10.2	1500.0
2018-08-17	10.3	10.3	10.3	10.3	200.0
2018-08-20	10.2	10.2	10.2	10.2	700.0
2018-08-21	10.2	10.2	10.2	10.2	6000.0
2018-08-22	10.2	10.2	10.2	10.2	2000.0
2018-08-23	10.2	10.2	10.2	10.2	2000.0
2018-08-24	10.3	10.3	10.3	10.3	100.0
2018-08-27	10.2	10.2	10.2	10.2	200.0
2018-08-29	10.3	10.2	10.3	10.2	600.0
2018-08-31	10.3	10.2	10.3	10.3	5200.0
2018-09-05	10.1	10.1	10.3	10.2	4400.0
2018-09-06	10.2	10.2	10.2	10.2	200.0
2018-09-07	10.1	10.1	10.2	10.2	1000.0
2018-09-10	10.2	10.2	10.2	10.2	300.0
2018-09-12	10.1	10.1	10.3	10.3	3100.0
2018-09-14	10.1	10.1	10.3	10.3	300.0
2018-09-17	10.2	10.2	10.2	10.2	200.0
2018-09-18	10.1	10.1	10.3	10.3	300.0
2018-09-20	10.2	10.2	10.2	10.2	4400.0
2018-09-21	10.3	10.3	10.3	10.3	200.0
2018-09-24	10.2	10.2	10.2	10.2	200.0
2018-09-27	10.2	10.2	10.2	10.2	400.0
2018-10-01	10.2	10.2	10.2	10.2	100.0
2018-10-04	10.2	10.2	10.2	10.2	100.0
2018-10-05	10.2	10.2	10.2	10.2	200.0
2018-10-08	10.2	10.2	10.2	10.2	200.0
2018-10-09	10.2	10.2	10.2	10.2	500.0
2018-10-11	10.1	10.1	10.3	10.3	200.0
2018-10-17	10.2	10.1	10.2	10.2	23100.0
2018-10-18	10.2	10.2	10.2	10.2	2000.0
2018-10-19	10.2	10.1	10.2	10.2	5500.0
2018-10-22	10.2	10.2	10.2	10.2	1700.0
2018-10-24	10.2	10.1	10.2	10.1	600.0
2018-10-25	10.1	10.0	10.2	10.2	9900.0
2018-10-26	10.1	10.0	10.2	10.2	5300.0
2018-10-29	10.1	10.1	10.1	10.1	5800.0
2018-11-05	10.2	10.1	10.2	10.1	1100.0
2018-11-08	10.1	10.1	10.1	10.1	800.0
2018-11-09	10.1	10.1	10.1	10.1	3100.0
2018-11-12	10.0	9.95	10.0	10.0	8700.0
2018-11-13	10.0	9.85	10.1	10.1	16500.0
2018-11-15	10.0	10.0	10.0	10.0	100.0
2018-11-16	10.0	9.9	10.0	9.9	3600.0
2018-11-19	9.8	9.75	9.9	9.85	11600.0
2018-11-20	9.85	9.8	9.85	9.85	8100.0
2018-11-21	9.8	9.8	9.8	9.8	500.0
2018-11-22	9.8	9.8	9.85	9.85	1200.0
2018-11-23	9.8	9.8	9.8	9.8	1700.0
2018-11-26	9.8	9.4	9.8	9.75	6900.0
2018-11-27	9.5	9.5	9.75	9.75	6300.0
2018-11-28	9.5	9.5	9.65	9.65	7300.0
2018-11-29	9.65	9.6	9.7	9.6	700.0
2018-11-30	9.5	9.5	9.55	9.5	2700.0
2018-12-03	9.6	9.6	9.6	9.6	1000.0
2018-12-04	9.4	9.0	9.4	9.15	53300.0
2018-12-06	9.15	9.15	9.15	9.15	500.0
2018-12-07	9.15	9.1	9.15	9.15	1000.0
2018-12-11	9.15	9.0	9.15	9.0	4800.0
2018-12-12	9.0	8.9	9.0	8.95	7000.0
2018-12-13	8.85	8.1	8.85	8.1	20600.0
2018-12-14	8.0	6.5	8.0	7.3	76100.0
2018-12-17	7.15	7.15	8.25	7.3	3200.0
2018-12-18	6.65	6.5	8.0	7.5	6500.0
2018-12-19	7.0	6.6	7.8	7.65	3200.0
2018-12-21	7.5	7.5	7.5	7.5	3700.0
2018-12-24	7.5	7.5	7.5	7.5	8700.0
2018-12-26	7.0	7.0	7.5	7.5	2300.0
2018-12-27	7.5	7.5	7.7	7.7	3400.0
2018-12-28	7.7	7.7	7.75	7.75	200.0
2019-01-02	7.8	7.75	7.8	7.75	1500.0
2019-01-03	7.95	7.7	7.95	7.9	6200.0
2019-01-04	7.95	7.95	7.95	7.95	1000.0
2019-01-09	7.65	7.6	7.65	7.6	3100.0
2019-01-10	7.6	7.6	7.6	7.6	1000.0
2019-01-11	8.0	8.0	8.0	8.0	100.0
2019-01-14	8.0	8.0	8.0	8.0	200.0
2019-01-15	8.0	8.0	8.45	8.45	200.0
2019-01-16	8.0	8.0	8.0	8.0	400.0
2019-01-18	7.8	7.8	7.8	7.8	300.0
2019-01-21	7.8	7.8	7.9	7.9	3000.0
2019-01-22	7.8	7.8	7.8	7.8	2200.0
2019-01-24	7.75	7.75	7.8	7.8	300.0
2019-01-25	7.8	7.8	8.2	8.0	4400.0
2019-01-28	7.9	7.9	7.9	7.9	6000.0
2019-01-29	7.95	7.8	7.95	7.8	5800.0
2019-01-30	8.05	8.05	8.05	8.05	100.0
2019-01-31	8.0	7.7	8.0	7.9	8700.0
2019-02-01	7.9	7.85	7.9	7.85	10500.0
2019-02-04	7.75	7.7	7.8	7.8	10600.0
2019-02-06	7.8	7.7	7.8	7.75	17200.0
2019-02-08	7.8	7.8	7.8	7.8	100.0
2019-02-11	7.8	7.8	7.8	7.8	1000.0
2019-02-12	7.85	7.65	7.85	7.75	8600.0
2019-02-13	7.8	7.8	7.8	7.8	2000.0
2019-02-14	7.55	7.55	7.8	7.8	3800.0
2019-02-15	7.8	7.8	7.8	7.8	4300.0
2019-02-20	7.3	7.3	7.7	7.65	5100.0
2019-02-21	7.65	7.5	7.75	7.7	3000.0
2019-02-22	7.7	7.6	7.75	7.75	2200.0
2019-02-25	7.65	7.5	7.65	7.5	12600.0
2019-02-26	7.8	7.8	7.8	7.8	100.0
2019-02-27	7.5	7.1	7.5	7.5	11600.0
2019-02-28	7.25	7.25	7.8	7.8	3500.0
2019-03-01	7.05	7.05	7.7	7.5	4300.0
2019-03-04	7.5	7.0	7.5	7.1	12600.0
2019-03-05	7.05	7.0	7.35	7.35	6800.0
2019-03-06	7.3	7.0	7.35	7.3	11100.0
2019-03-07	7.05	7.05	7.3	7.25	5400.0
2019-03-08	7.0	6.9	7.05	7.0	7200.0
2019-03-11	6.9	6.9	7.15	7.15	6100.0
2019-03-12	7.15	6.95	7.15	6.95	11000.0
2019-03-13	7.05	6.6	7.05	6.6	25200.0
2019-03-14	6.6	6.55	6.7	6.7	55900.0
2019-03-15	6.55	6.35	6.8	6.8	4200.0
2019-03-18	6.8	6.5	6.85	6.85	11500.0
2019-03-19	6.8	6.8	6.8	6.8	1500.0
2019-03-20	6.75	6.65	6.95	6.95	9700.0
2019-03-21	6.9	6.9	7.0	7.0	2800.0
2019-03-22	6.6	6.6	7.0	7.0	2600.0
2019-03-25	6.8	6.8	6.8	6.8	5900.0
2019-03-26	7.0	7.0	7.0	7.0	100.0
2019-03-27	6.9	6.7	6.95	6.95	19000.0
2019-03-28	7.0	7.0	7.05	7.05	600.0
2019-03-29	7.0	7.0	7.0	7.0	2000.0
2019-04-01	7.0	6.9	7.0	6.9	9300.0
2019-04-02	7.0	7.0	7.0	7.0	100.0
2019-04-03	6.8	6.8	6.8	6.8	1000.0
2019-04-04	7.0	7.0	7.0	7.0	200.0
2019-04-05	7.0	6.8	7.0	7.0	17100.0
2019-04-10	7.05	7.0	7.05	7.0	9500.0
2019-04-11	7.0	7.0	7.0	7.0	10400.0
2019-04-12	7.1	7.1	7.1	7.1	400.0
2019-04-17	6.9	6.9	7.2	7.2	8700.0
2019-04-18	7.2	7.2	7.3	7.25	6500.0
2019-04-19	7.3	7.3	7.5	7.45	8300.0
2019-04-24	7.25	7.25	7.5	7.45	6000.0
2019-04-30	7.45	7.45	7.45	7.45	100.0
2019-05-02	7.45	7.45	7.45	7.45	1400.0
2019-05-03	7.25	7.25	7.45	7.25	1300.0
2019-05-07	7.45	7.4	7.45	7.45	7600.0
2019-05-08	7.75	7.75	7.75	7.75	100.0
2019-05-09	7.7	7.7	7.75	7.7	17600.0
2019-05-10	7.7	7.7	7.8	7.8	22500.0
2019-05-13	7.6	7.6	7.75	7.7	24200.0
2019-05-14	7.7	7.5	7.75	7.75	2500.0
2019-05-15	7.5	7.5	7.6	7.5	27000.0
2019-05-16	7.4	7.4	7.4	7.4	20000.0
2019-05-17	7.3	7.3	7.5	7.5	16900.0
2019-05-22	7.5	7.45	7.5	7.45	8900.0
2019-05-23	7.5	7.5	7.6	7.6	2200.0
2019-05-24	7.3	7.3	7.65	7.65	4100.0
2019-05-27	7.3	7.3	7.3	7.3	3900.0
2019-05-29	7.7	7.7	7.7	7.7	100.0
2019-05-30	7.7	7.7	7.7	7.7	100.0
2019-05-31	7.7	7.65	7.75	7.75	6700.0
2019-06-05	7.35	7.35	7.5	7.5	200.0
2019-06-06	7.35	7.35	7.7	7.7	700.0
2019-06-11	7.6	7.6	7.6	7.6	100.0
2019-06-12	7.25	7.25	7.5	7.4	10600.0
2019-06-13	7.5	7.05	7.5	7.4	12400.0
2019-06-14	7.3	7.3	7.3	7.3	200.0
2019-06-17	7.15	7.05	7.2	7.1	16000.0
2019-06-18	7.4	7.3	7.4	7.3	5900.0
2019-06-19	7.25	7.25	7.4	7.4	26200.0
2019-06-20	7.2	7.2	7.45	7.45	7700.0
2019-06-21	7.4	7.3	7.45	7.45	4100.0
2019-06-24	7.4	7.4	7.4	7.4	2000.0
2019-06-25	7.4	7.4	7.4	7.4	2000.0
2019-06-26	7.4	7.4	7.4	7.4	8000.0
2019-06-27	7.4	7.4	7.4	7.4	300.0
2019-06-28	7.3	7.25	7.3	7.25	4400.0
2019-07-01	7.3	7.15	7.3	7.2	17700.0
2019-07-02	10.5	7.25	7.25	7.25	9900.0
2019-07-03	10.5	7.1	7.25	7.2	5700.0
2019-07-04	10.5	7.2	7.2	7.2	5000.0
2019-07-05	10.5	7.2	7.2	7.2	1600.0
2019-07-08	10.5	7.2	7.25	7.25	3100.0
2019-07-09	10.5	7.1	7.3	7.3	3100.0
2019-07-10	10.5	7.05	7.3	7.3	30800.0
2019-07-11	10.5	7.2	7.25	7.25	2700.0
2019-07-12	10.5	7.25	7.25	7.25	2300.0
2019-07-15	10.5	7.2	7.2	7.2	1000.0
2019-07-17	10.5	7.25	7.25	7.25	100.0
2019-07-18	10.5	7.25	7.3	7.25	1200.0
2019-07-19	10.5	7.05	7.25	7.25	5100.0
2019-07-22	10.5	7.15	7.25	7.15	3400.0
2019-07-23	10.5	7.25	7.25	7.25	2200.0
2019-07-24	10.5	7.15	7.25	7.25	8200.0
2019-07-25	10.5	7.2	7.3	7.3	8700.0
2019-07-26	10.5	7.3	7.3	7.3	300.0
2019-07-30	10.5	7.15	7.15	7.15	200.0
2019-07-31	10.5	7.2	7.2	7.2	6200.0
2019-08-01	10.5	7.2	7.2	7.2	1600.0
2019-08-02	10.5	7.15	7.2	7.2	7300.0
2019-08-05	10.5	7.15	7.15	7.15	9400.0
2019-08-06	10.5	7.15	7.2	7.2	10100.0
2019-08-09	10.5	7.15	7.2	7.15	700.0
2019-08-13	10.5	7.1	7.1	7.1	8700.0
2019-08-14	10.5	7.0	7.1	7.1	1600.0
2019-08-15	10.5	6.65	7.1	7.0	10300.0
2019-08-16	10.5	6.95	7.1	7.1	2900.0
2019-08-23	10.5	7.15	7.15	7.15	200.0
2019-08-26	10.5	7.0	7.15	7.15	5900.0
2019-08-27	10.5	6.8	7.15	7.15	1200.0
2019-08-28	10.5	7.0	7.0	7.0	1100.0
2019-08-29	10.5	7.15	7.15	7.15	4000.0
2019-08-30	10.0	7.1	7.15	7.15	2200.0
2019-09-02	10.0	7.05	7.1	7.05	900.0
2019-09-03	10.0	6.95	7.05	7.05	3900.0
2019-09-04	10.0	7.0	7.05	7.05	39100.0
2019-09-06	9.95	7.0	7.15	7.15	23900.0
2019-09-09	9.95	7.0	7.0	7.0	6200.0
2019-09-10	9.95	7.1	7.1	7.1	100.0
2019-09-13	9.95	6.9	7.1	7.1	1100.0
2019-09-16	9.95	7.0	7.1	7.1	4700.0
2019-09-17	9.95	7.0	7.0	7.0	15700.0
2019-09-18	9.95	7.0	7.0	7.0	15100.0
2019-09-19	9.95	7.0	7.0	7.0	4100.0
2019-09-20	9.95	7.0	7.0	7.0	2400.0
2019-09-23	9.95	7.0	7.0	7.0	2100.0
2019-09-24	9.95	6.95	6.95	6.95	1000.0
2019-09-25	9.95	6.85	7.0	7.0	4400.0
2019-09-26	9.95	6.9	6.9	6.9	10200.0
2019-09-27	9.95	6.9	6.9	6.9	1400.0
2019-09-30	9.95	6.9	6.95	6.95	4500.0
2019-10-01	9.95	6.9	6.95	6.9	4000.0
2019-10-07	9.95	6.8	6.8	6.8	2600.0
2019-10-08	9.95	6.7	6.9	6.9	2600.0
2019-10-09	9.95	6.85	6.85	6.85	4100.0
2019-10-10	9.95	6.8	6.8	6.8	4100.0
2019-10-11	9.95	6.65	6.8	6.8	4500.0
2019-10-15	9.95	6.85	6.85	6.85	2000.0
2019-10-16	9.95	6.8	6.8	6.8	5900.0
2019-10-17	9.95	6.7	6.8	6.8	400.0
2019-10-18	9.95	6.65	6.9	6.8	7900.0
2019-10-21	9.95	6.65	6.8	6.8	6300.0
2019-10-22	9.95	6.9	6.9	6.9	100.0
2019-10-24	9.95	6.8	6.9	6.8	21600.0
2019-10-25	9.95	6.9	6.9	6.9	100.0
2019-10-28	9.95	6.75	6.8	6.75	8100.0
2019-10-30	9.95	6.6	6.8	6.8	2200.0
2019-11-01	9.95	6.8	6.8	6.8	1800.0
2019-11-04	9.95	6.75	6.75	6.75	100.0
2019-11-05	10.0	6.75	6.8	6.8	1700.0
2019-11-06	10.0	6.6	6.8	6.8	500.0
2019-11-07	10.0	6.7	6.8	6.7	1300.0
2019-11-08	10.0	6.75	6.8	6.8	14000.0
2019-11-11	10.0	6.8	6.8	6.8	4000.0
2019-11-12	10.0	6.85	6.85	6.85	100.0
2019-11-15	10.0	6.8	6.8	6.8	200.0
2019-11-18	10.0	6.8	6.8	6.8	100.0
2019-11-19	10.0	6.8	6.8	6.8	100.0
2019-11-20	10.0	6.8	6.8	6.8	1000.0
2019-11-27	9.0	6.8	6.9	6.8	5000.0
2019-11-28	9.0	6.8	6.8	6.8	3500.0
2019-11-29	9.0	6.65	6.8	6.8	1400.0
2019-12-02	9.0	6.8	6.8	6.8	100.0
2019-12-04	10.0	6.5	6.75	6.7	14700.0
2019-12-09	10.0	6.65	6.7	6.7	1600.0
2019-12-11	10.0	6.6	6.6	6.6	400.0
2019-12-12	10.0	6.65	6.7	6.7	4000.0
2019-12-13	10.0	6.7	6.75	6.75	6500.0
2019-12-16	10.0	6.7	6.8	6.8	4200.0
2019-12-17	10.0	6.55	6.55	6.55	3600.0
2019-12-18	10.0	6.5	6.7	6.7	6600.0
2019-12-19	10.0	6.65	6.7	6.7	2300.0
2019-12-20	10.0	6.65	6.75	6.75	1100.0
2019-12-23	9.8	6.3	6.8	6.8	6100.0
2019-12-24	9.8	6.45	6.8	6.8	2000.0
2019-12-26	9.8	6.55	6.65	6.65	6300.0
2019-12-27	9.8	6.5	6.75	6.7	4700.0
2019-12-30	9.8	6.55	6.7	6.7	6500.0
2020-01-02	9.8	6.6	6.65	6.6	13500.0
2020-01-03	9.8	6.5	6.7	6.7	31700.0
2020-01-06	9.8	6.5	6.55	6.5	11000.0
2020-01-07	10.0	6.45	6.65	6.65	25200.0
2020-01-08	10.0	6.35	6.65	6.65	13400.0
2020-01-10	10.0	6.55	6.65	6.65	7600.0
2020-01-13	9.9	6.5	6.65	6.65	500.0
2020-01-15	9.9	6.6	6.75	6.75	6400.0
2020-01-16	9.9	6.7	6.75	6.7	6300.0
2020-01-20	10.0	6.85	6.85	6.85	100.0
2020-01-22	10.0	6.65	6.75	6.7	12100.0
2020-01-23	10.0	6.6	6.7	6.6	13200.0
2020-01-24	10.0	6.65	6.65	6.65	10000.0
2020-01-27	10.0	6.6	6.6	6.6	10000.0
2020-01-28	10.0	6.5	6.65	6.55	3400.0
2020-01-29	10.0	6.6	6.6	6.6	900.0
2020-01-30	10.0	6.5	6.6	6.6	3000.0
2020-01-31	10.0	6.5	6.7	6.5	10600.0
2020-02-03	10.0	6.5	6.5	6.5	2000.0
2020-02-04	10.0	6.4	6.65	6.65	500.0
2020-02-05	10.0	6.45	6.65	6.65	10200.0
2020-02-07	10.0	6.65	6.65	6.65	1200.0
2020-02-11	10.0	6.7	6.7	6.7	1700.0
2020-02-12	10.0	6.55	6.65	6.65	10600.0
2020-02-14	10.0	6.6	6.65	6.65	4400.0
2020-02-17	10.0	6.65	6.65	6.65	200.0
2020-02-18	10.0	6.65	6.65	6.65	2700.0
2020-02-24	10.0	6.4	6.65	6.6	6600.0
2020-02-25	10.0	6.5	6.6	6.6	1100.0
2020-02-26	10.0	6.4	6.6	6.6	20100.0
2020-02-27	10.0	6.05	6.6	6.6	200.0
2020-02-28	10.0	6.6	6.6	6.6	100.0
2020-03-02	10.0	6.5	6.55	6.5	600.0
2020-03-03	10.0	6.5	6.5	6.5	100.0
2020-03-04	10.0	6.4	6.6	6.6	5500.0
2020-03-05	10.0	6.45	6.6	6.6	10200.0
2020-03-09	10.0	6.5	6.5	6.5	200.0
2020-03-10	10.0	6.55	6.6	6.6	2800.0
2020-03-12	10.0	5.8	6.55	6.55	900.0
2020-03-13	10.0	6.2	6.6	6.6	5200.0
2020-03-16	10.0	6.6	6.6	6.6	1900.0
2020-03-17	10.0	6.2	6.6	6.55	700.0
2020-03-18	10.0	6.5	6.55	6.5	1100.0
2020-03-19	10.0	6.3	6.6	6.6	300.0
2020-03-24	10.0	6.1	6.95	6.95	400.0
2020-03-25	10.0	6.15	6.55	6.5	5900.0
2020-03-27	10.0	6.1	6.25	6.2	16000.0
2020-03-30	10.0	6.2	6.45	6.45	400.0
2020-03-31	10.0	6.45	6.45	6.45	10200.0
2020-04-01	9.8	6.45	6.45	6.45	1500.0
2020-04-09	9.8	6.1	6.65	6.35	1200.0
2020-04-10	9.8	6.35	6.45	6.45	800.0
2020-04-13	9.8	6.45	6.6	6.6	1200.0
2020-04-14	9.8	6.15	6.55	6.55	10900.0
2020-04-15	9.8	6.55	6.55	6.55	100.0
2020-04-16	9.8	6.2	6.2	6.2	1600.0
2020-04-17	9.8	5.95	6.5	6.4	8900.0
2020-04-20	9.8	6.45	6.45	6.45	800.0
2020-04-21	9.8	5.95	6.3	6.3	4600.0
2020-04-23	9.8	6.05	6.25	6.2	1600.0
2020-04-24	9.8	6.0	6.2	6.2	22500.0
2020-04-27	9.8	5.9	6.15	6.15	7900.0
2020-04-28	9.8	5.8	6.0	5.85	15400.0
2020-04-29	9.8	5.65	6.0	5.7	76100.0
2020-04-30	9.8	5.6	6.0	5.6	99600.0
2020-05-05	9.9	5.5	5.65	5.65	10200.0
2020-05-07	9.9	5.5	5.95	5.55	39400.0
2020-05-08	9.9	5.05	5.6	5.55	27700.0
2020-05-11	9.9	5.25	5.45	5.25	23800.0
2020-05-12	9.9	5.35	5.5	5.4	39800.0
2020-05-13	9.9	5.35	5.45	5.45	3600.0
2020-05-14	9.9	5.3	5.55	5.55	800.0
2020-05-15	9.9	5.4	5.65	5.65	5900.0
2020-05-18	9.9	5.6	5.65	5.65	1100.0
2020-05-19	9.9	5.6	5.65	5.65	600.0
2020-05-20	9.9	5.5	5.7	5.7	13100.0
2020-05-21	9.9	5.35	5.75	5.7	23400.0
2020-05-25	9.9	5.7	5.7	5.7	4500.0
2020-05-26	9.9	5.7	5.9	5.85	6700.0
2020-05-28	9.9	5.85	5.95	5.85	13100.0
2020-05-29	9.9	5.85	5.95	5.85	12600.0
2020-06-01	9.9	5.85	5.9	5.9	10100.0
2020-06-02	9.95	5.9	5.95	5.95	5700.0
2020-06-04	9.95	5.85	6.0	5.85	16500.0
2020-06-05	9.95	5.8	5.95	5.95	5100.0
2020-06-08	9.95	5.95	6.0	6.0	26500.0
2020-06-09	9.95	5.95	5.95	5.95	20000.0
2020-06-10	9.95	5.9	5.9	5.9	3000.0
2020-06-11	9.95	5.85	5.85	5.85	6000.0
2020-06-12	9.95	5.3	6.0	6.0	7700.0
2020-06-15	9.95	5.7	5.95	5.7	12800.0
2020-06-16	9.95	5.95	5.95	5.95	5800.0
2020-06-18	9.95	6.0	6.1	6.1	600.0
2020-06-22	11.0	6.0	6.0	6.0	1000.0
2020-06-23	11.0	5.9	6.25	6.25	15000.0
2020-06-24	11.0	5.85	6.05	6.05	17900.0
2020-06-25	11.0	6.0	6.0	6.0	200.0
2020-06-26	11.0	5.7	5.95	5.95	800.0
2020-06-29	11.0	6.0	6.05	6.0	3500.0
2020-06-30	11.0	5.85	5.95	5.85	2300.0
2020-07-01	11.0	5.75	5.85	5.85	10600.0
2020-07-02	11.0	5.85	5.85	5.85	2000.0
2020-07-03	11.0	5.85	5.85	5.85	36900.0
2020-07-10	11.0	5.95	6.0	5.95	10500.0
2020-07-13	11.0	5.9	5.9	5.9	500.0
2020-07-16	10.2	5.75	6.25	6.25	2000.0
2020-07-21	10.2	5.95	6.0	6.0	21500.0
2020-07-22	10.2	6.0	6.0	6.0	500.0
2020-07-23	10.2	5.85	5.85	5.85	200.0
2020-07-24	10.2	5.9	5.95	5.9	35500.0
2020-07-29	10.2	5.7	5.85	5.75	4000.0
2020-07-30	10.2	5.8	5.8	5.8	30000.0
2020-07-31	10.2	5.65	5.8	5.8	1500.0
2020-08-04	10.1	5.6	5.9	5.7	3100.0
2020-08-06	10.1	5.5	5.75	5.75	4100.0
2020-08-07	10.0	5.8	5.8	5.8	200.0
2020-08-10	10.0	5.8	5.8	5.8	2300.0
2020-08-11	10.0	5.8	5.8	5.8	4000.0
2020-08-13	10.3	5.85	5.85	5.85	200.0
2020-08-14	10.3	5.85	6.05	5.95	107000.0
2020-08-17	10.3	5.85	6.0	5.9	2500.0
2020-08-18	10.3	5.95	6.1	5.95	9500.0
2020-08-19	10.4	5.95	6.0	5.95	8500.0
2020-08-20	10.3	5.95	6.0	6.0	19800.0
2020-08-21	10.3	5.95	6.0	6.0	36300.0
2020-08-25	10.3	5.95	5.95	5.95	9200.0
2020-08-26	10.3	5.95	5.95	5.95	8500.0
2020-08-27	10.3	6.0	6.1	6.05	50100.0
2020-08-28	10.5	6.0	6.05	6.0	20900.0
2020-08-31	10.5	6.0	6.1	6.0	79100.0
2020-09-01	10.5	6.0	6.0	6.0	5100.0
2020-09-02	10.5	5.95	6.05	6.0	21800.0
2020-09-03	10.3	6.0	6.05	6.0	17000.0
2020-09-08	10.3	5.9	6.0	5.95	30200.0
2020-09-10	10.3	5.9	5.9	5.9	100.0
2020-09-11	10.3	5.8	5.8	5.8	3000.0
2020-09-15	10.3	5.75	6.0	5.85	12100.0
2020-09-16	10.3	5.95	5.95	5.95	3000.0
2020-09-17	10.3	5.85	5.95	5.95	1500.0
2020-09-18	10.3	5.85	5.95	5.95	9300.0
2020-09-21	10.3	5.85	5.9	5.9	5000.0
2020-09-22	10.3	5.9	5.9	5.9	10000.0
2020-09-25	10.9	5.85	5.85	5.85	10000.0
2020-09-29	10.9	5.85	5.85	5.85	20400.0
2020-09-30	10.9	5.8	5.85	5.8	1000.0
2020-10-01	10.9	5.85	5.85	5.85	10000.0
2020-10-06	10.9	5.85	5.9	5.85	5000.0
2020-10-09	10.9	6.0	6.0	6.0	100.0
2020-10-12	10.9	5.6	5.95	5.7	6100.0
2020-10-14	10.9	5.95	5.95	5.95	100.0
2020-10-16	11.0	5.8	5.85	5.85	4800.0
2020-10-21	10.5	5.65	5.85	5.85	22500.0
2020-10-22	10.5	5.95	5.95	5.95	800.0
2020-10-26	10.5	5.95	5.95	5.95	500.0
2020-11-03	10.5	5.85	6.05	5.95	48700.0
2020-11-04	10.5	5.95	5.95	5.95	16300.0
2020-11-05	10.5	5.95	5.95	5.95	10000.0
2020-11-06	10.5	5.95	5.95	5.95	2000.0
2020-11-11	10.5	5.95	5.95	5.95	6200.0
2020-11-12	10.5	5.95	5.95	5.95	200.0
2020-11-13	10.5	5.95	5.95	5.95	1000.0
2020-11-16	10.5	5.95	5.95	5.95	4000.0
2020-11-17	10.5	5.9	5.9	5.9	200.0
2020-11-19	10.5	5.9	5.9	5.9	300.0
2020-11-20	10.5	5.95	5.95	5.95	100.0
2020-11-23	10.5	5.95	6.0	5.95	3100.0
2020-11-24	10.5	5.95	7.0	5.95	44600.0
2020-11-25	10.5	5.95	6.0	5.95	3900.0
2020-11-26	10.5	5.85	6.0	6.0	89600.0
2020-11-27	10.5	6.0	6.05	6.0	600.0
2020-11-30	10.5	5.95	6.05	6.0	39400.0
2020-12-01	10.5	6.0	6.05	6.05	1100.0
2020-12-03	10.5	6.05	6.1	6.05	700.0
2020-12-04	10.5	5.85	6.05	5.85	20400.0
2020-12-08	10.5	5.9	5.9	5.9	6600.0
2020-12-09	10.5	5.95	5.95	5.95	1000.0
2020-12-14	10.5	5.75	5.9	5.9	11000.0
2020-12-15	10.5	5.9	6.0	6.0	28700.0
2020-12-18	10.5	6.1	6.1	6.1	5000.0
2020-12-25	10.9	5.9	5.95	5.95	10000.0
2020-12-30	11.0	5.85	5.85	5.85	20000.0
2021-01-06	11.0	5.9	6.0	6.0	21000.0
2021-01-07	11.0	6.0	6.15	6.15	16900.0
2021-01-08	11.0	6.0	6.1	6.1	8300.0
2021-01-12	11.0	6.1	6.1	6.1	100.0
2021-01-14	11.0	5.9	5.9	5.9	10000.0
2021-01-18	10.6	5.9	5.9	5.9	10000.0
2021-01-20	10.6	5.9	5.9	5.9	300.0
2021-01-22	10.6	5.9	5.9	5.9	100.0
2021-01-27	10.5	5.95	6.0	6.0	10000.0
2021-01-28	10.5	6.05	6.05	6.05	300.0
2021-02-03	10.5	5.8	5.8	5.8	6000.0
2021-02-08	10.5	5.8	5.9	5.8	17500.0
2021-02-11	10.5	5.9	5.9	5.9	5000.0
2021-02-16	10.5	5.95	5.95	5.95	2800.0
2021-02-17	10.5	5.9	5.9	5.9	17300.0
2021-02-18	10.5	6.0	6.0	6.0	700.0
2021-02-22	9.5	5.9	5.9	5.9	9000.0
2021-02-24	10.4	5.3	5.95	5.95	800.0
2021-02-25	10.4	5.95	5.95	5.95	1400.0
2021-03-01	10.4	5.6	5.95	5.9	22100.0
2021-03-02	10.4	5.95	6.0	6.0	9000.0
2021-03-03	10.4	6.0	6.1	6.1	29700.0
2021-03-04	10.4	6.05	6.1	6.05	20800.0
2021-03-05	10.4	6.05	6.05	6.05	35700.0
2021-03-08	10.4	6.0	6.1	6.05	47200.0
2021-03-09	10.4	6.0	6.0	6.0	20000.0
2021-03-10	10.5	6.0	6.05	6.0	8000.0
2021-03-11	10.5	6.0	6.05	6.0	27500.0
2021-03-12	10.5	6.0	6.0	6.0	9800.0
2021-03-17	10.5	5.6	5.9	5.9	8400.0
2021-03-19	10.5	5.95	5.95	5.95	500.0
2021-03-22	10.5	6.0	6.0	6.0	200.0
2021-03-24	10.5	5.95	5.95	5.95	200.0
2021-03-25	10.6	6.0	6.0	6.0	1000.0
2021-03-26	10.6	6.0	6.0	6.0	28300.0
2021-03-31	10.7	5.95	6.0	5.95	47100.0
2021-04-01	10.7	5.95	6.0	6.0	15100.0
2021-04-02	10.6	5.95	6.0	6.0	2400.0
2021-04-07	10.4	6.0	6.0	6.0	100.0
2021-04-09	10.4	5.95	6.05	6.05	4900.0
2021-04-12	10.4	5.5	6.0	6.0	20000.0
2021-04-16	10.4	5.95	5.95	5.95	100.0
2021-04-19	10.5	6.0	6.0	6.0	4900.0
2021-04-20	10.5	6.0	6.0	6.0	2100.0
2021-04-21	10.5	6.0	6.0	6.0	200.0
2021-04-22	10.5	5.65	5.95	5.9	2100.0
2021-04-26	10.5	5.6	5.95	5.95	800.0
2021-04-28	10.5	6.0	6.0	6.0	800.0
2021-04-29	10.7	6.0	6.0	6.0	100.0
2021-04-30	10.7	6.0	6.0	6.0	600.0
2021-05-05	10.7	5.95	6.0	6.0	8200.0
2021-05-06	10.7	6.0	6.0	6.0	11200.0
2021-05-07	10.7	6.0	6.05	6.05	12600.0
2021-05-11	10.7	6.05	6.05	6.05	700.0
2021-05-12	10.7	6.0	6.1	6.1	2200.0
2021-05-13	10.7	6.0	6.0	6.0	2600.0
2021-05-14	10.7	6.0	6.5	6.5	13800.0
2021-05-17	10.7	6.5	6.5	6.5	200.0
2021-05-24	10.7	6.0	6.4	6.0	7200.0
2021-05-25	10.6	6.3	6.3	6.3	100.0
2021-05-27	10.6	6.0	6.25	6.0	10700.0
2021-05-28	10.6	6.2	6.25	6.25	96000.0
2021-05-31	10.6	6.2	6.25	6.25	5100.0
2021-06-01	10.6	6.25	6.25	6.25	99900.0
2021-06-02	10.6	6.2	6.25	6.25	21000.0
2021-06-04	10.6	6.1	6.3	6.3	24200.0
2021-06-07	10.6	6.25	6.3	6.25	400.0
2021-06-08	10.6	6.1	6.25	6.25	1500.0
2021-06-09	10.6	6.25	6.4	6.4	18100.0
2021-06-10	10.6	6.0	6.35	6.25	17200.0
2021-06-11	10.9	6.2	6.2	6.2	1200.0
2021-06-14	10.9	6.05	6.45	6.35	3300.0
2021-06-15	10.9	6.2	6.35	6.2	56000.0
2021-06-16	10.9	6.15	6.65	6.5	11400.0
2021-06-17	10.9	6.4	6.45	6.45	21000.0
2021-06-18	10.9	6.4	6.4	6.4	700.0
2021-06-21	10.9	6.25	6.35	6.25	27100.0
2021-06-24	10.9	6.2	6.35	6.35	12400.0
2021-06-25	10.9	6.35	6.35	6.35	3400.0
2021-06-28	10.9	6.0	6.35	6.0	21900.0
2021-06-29	10.9	6.3	6.3	6.3	100.0
2021-06-30	10.9	6.1	6.3	6.25	3000.0
2021-07-01	10.9	6.3	6.3	6.3	400.0
2021-07-02	10.9	6.15	6.15	6.15	400.0
2021-07-05	10.9	6.15	6.15	6.15	300.0
2021-07-06	10.9	6.25	6.3	6.3	2700.0
2021-07-07	10.9	6.3	6.3	6.3	900.0
2021-07-12	10.6	6.3	6.3	6.3	400.0
2021-07-13	10.6	6.3	6.3	6.3	200.0
2021-07-15	10.6	6.15	6.3	6.3	800.0
2021-07-19	10.6	6.3	6.3	6.3	400.0
2021-07-21	10.5	6.35	6.35	6.35	300.0
2021-07-22	10.5	6.3	6.35	6.35	400.0
2021-07-23	10.5	6.3	6.35	6.35	700.0
2021-07-27	10.5	6.35	6.4	6.4	1900.0
2021-07-29	10.5	6.3	6.35	6.35	1600.0
2021-08-05	10.5	6.1	6.1	6.1	900.0
2021-08-06	10.5	6.05	6.1	6.1	1300.0
2021-08-09	10.5	6.05	6.1	6.05	4100.0
2021-08-11	10.5	6.0	6.05	6.0	6000.0
2021-08-13	10.5	6.1	6.2	6.1	2100.0
2021-08-16	10.5	6.1	6.1	6.1	100.0
2021-08-17	10.5	6.05	6.05	6.05	800.0
2021-08-18	10.5	6.0	6.3	6.3	9500.0
2021-08-19	10.5	6.05	6.25	6.25	16200.0
2021-08-20	10.5	6.3	6.3	6.3	4200.0
2021-08-23	10.5	6.3	6.3	6.3	26500.0
2021-08-24	10.4	6.0	6.3	6.15	55300.0
2021-08-25	10.4	6.0	6.2	6.2	2500.0
2021-08-26	10.4	6.05	6.1	6.1	3200.0
2021-08-27	10.3	6.1	6.15	6.15	2200.0
2021-08-30	10.5	6.0	6.25	6.05	41000.0
2021-08-31	10.5	6.05	6.05	6.05	100.0
2021-09-01	10.5	6.0	6.0	6.0	13500.0
2021-09-02	10.5	6.0	6.05	6.0	5500.0
2021-09-06	10.5	6.1	6.2	6.2	8700.0
2021-09-07	10.5	6.2	6.25	6.25	8700.0
2021-09-08	10.5	6.25	6.4	6.25	25200.0
2021-09-09	10.5	6.05	6.35	6.05	43000.0
2021-09-10	10.5	6.15	6.15	6.15	5000.0
2021-09-13	10.5	6.05	6.25	6.25	5200.0
2021-09-14	10.5	6.15	6.15	6.15	5800.0
2021-09-15	10.5	6.25	6.3	6.3	1400.0
2021-09-16	10.5	6.15	6.3	6.25	1100.0
2021-09-17	10.5	6.15	6.25	6.25	6500.0
2021-09-20	10.5	6.05	6.2	6.05	8400.0
2021-09-22	10.5	6.05	6.05	6.05	100.0
2021-09-23	10.5	6.1	6.2	6.2	3900.0
2021-09-27	10.5	6.2	6.2	6.2	4000.0
2021-09-28	10.5	5.55	6.15	6.15	35500.0
2021-09-29	10.5	6.15	6.2	6.2	17100.0
2021-09-30	10.5	6.15	6.15	6.15	10400.0
2021-10-07	10.5	6.2	6.2	6.2	100.0
2021-10-08	10.5	6.05	6.1	6.1	8600.0
2021-10-11	10.5	6.0	6.05	6.0	2500.0
2021-10-12	10.7	6.1	6.1	6.1	5400.0
2021-10-14	10.7	6.05	6.1	6.1	4100.0
2021-10-15	10.7	6.1	6.1	6.1	9800.0
2021-10-18	10.7	6.1	6.1	6.1	14000.0
2021-10-19	10.7	6.0	6.1	6.0	1000.0
2021-10-25	10.7	5.95	6.1	6.1	10100.0
2021-10-28	10.7	6.1	6.3	6.2	11600.0
2021-10-29	10.7	6.0	6.0	6.0	200.0
2021-11-01	10.7	5.85	6.15	6.15	11300.0
2021-11-02	10.7	6.15	6.15	6.15	300.0
2021-11-03	10.7	5.95	6.1	6.1	200.0
2021-11-04	10.7	6.1	6.1	6.1	800.0
2021-11-08	10.7	5.85	6.1	6.1	15500.0
2021-11-09	10.7	6.0	6.2	6.2	1300.0
2021-11-10	10.7	6.0	6.2	6.0	600.0
2021-11-11	10.7	6.2	6.2	6.2	1600.0
2021-11-12	10.7	6.0	6.2	6.2	1100.0
2021-11-17	10.7	6.15	6.15	6.15	4000.0
2021-11-19	10.7	6.25	6.3	6.25	300.0
2021-11-22	10.7	6.15	6.15	6.15	5000.0
2021-11-23	10.7	6.15	6.15	6.15	1300.0
2021-11-25	10.7	6.15	6.15	6.15	3000.0
2021-11-26	10.7	6.15	6.15	6.15	1000.0
2021-11-29	10.7	6.2	6.2	6.2	1100.0
2021-11-30	10.7	6.0	6.2	6.2	400.0
2021-12-01	10.7	6.1	6.15	6.1	6500.0
2021-12-02	10.7	6.15	6.15	6.15	100.0
2021-12-07	10.7	5.7	6.05	5.8	15600.0
2021-12-08	10.7	5.95	5.95	5.95	2100.0
2021-12-09	10.7	5.85	5.9	5.9	1100.0
2021-12-13	10.7	5.9	5.95	5.95	3600.0
2021-12-15	10.7	5.95	6.0	6.0	3300.0
2021-12-17	10.7	6.0	6.1	6.1	1200.0
2021-12-20	10.7	6.05	6.1	6.05	1100.0
2021-12-21	10.7	6.0	6.1	6.1	1100.0
2021-12-23	10.7	6.0	6.0	6.0	1200.0
2021-12-24	10.7	6.0	6.0	6.0	1800.0
2021-12-27	10.7	6.0	6.05	6.05	1300.0
2021-12-28	10.7	6.1	6.1	6.1	200.0
2022-01-04	10.7	5.75	6.0	6.0	600.0
2022-01-05	10.7	6.0	6.1	6.0	1500.0
2022-01-06	10.7	5.7	5.7	5.7	200.0
2022-01-10	10.7	5.75	5.8	5.8	5600.0
2022-01-11	10.7	6.0	6.15	6.15	300.0
2022-01-12	10.7	6.0	6.0	6.0	1300.0
2022-01-13	10.7	6.0	6.0	6.0	200.0
2022-01-14	10.7	6.0	6.1	6.1	600.0
2022-01-18	10.7	6.1	6.1	6.1	400.0
2022-01-19	10.7	6.1	6.15	6.15	300.0
2022-01-20	10.7	6.1	6.15	6.1	1100.0
2022-01-21	10.7	5.85	6.15	6.15	300.0
2022-01-27	10.7	5.9	6.05	6.05	800.0
2022-01-28	10.7	5.85	6.1	6.1	800.0
2022-02-01	10.7	6.0	6.0	6.0	900.0
2022-02-02	10.7	5.8	6.0	6.0	1500.0
2022-02-03	10.7	6.0	6.0	6.0	200.0
2022-02-04	10.7	6.0	6.0	6.0	200.0
2022-02-07	10.7	6.0	6.3	6.0	800.0
2022-02-09	10.7	5.95	6.1	6.1	600.0
2022-02-11	10.7	6.1	6.1	6.1	500.0
2022-02-15	10.7	6.1	6.15	6.15	300.0
2022-02-21	10.7	6.15	6.15	6.15	1800.0
2022-02-22	11.4	6.15	6.15	6.15	400.0
2022-02-23	11.4	5.95	6.0	6.0	1100.0
2022-02-24	11.4	5.95	6.0	5.95	700.0
2022-02-25	11.4	5.9	6.2	5.9	1500.0
2022-03-01	10.7	5.9	5.9	5.9	100.0
2022-03-03	10.7	5.9	5.9	5.9	200.0
2022-03-04	10.7	6.1	6.35	6.3	87400.0
2022-03-07	10.7	6.25	6.3	6.25	4100.0
2022-03-08	10.7	5.35	6.3	6.0	600.0
2022-03-14	11.4	5.1	6.2	6.2	5300.0
2022-03-15	10.5	5.9	6.25	6.25	400.0
2022-03-16	10.5	6.1	6.25	6.25	1000.0
2022-03-17	10.5	6.1	6.1	6.1	600.0
2022-03-24	10.5	5.6	6.3	6.0	36200.0
2022-03-29	10.5	6.1	6.1	6.1	900.0
2022-03-30	10.5	5.9	6.15	6.15	74200.0
2022-03-31	10.5	6.0	6.15	6.15	20200.0
2022-04-04	10.5	5.95	6.1	6.1	700.0
2022-04-28	11.4	6.05	6.05	6.05	100.0
2022-05-05	11.4	5.75	5.75	5.75	200.0
2022-05-10	11.4	6.05	6.05	6.05	100.0
2022-05-12	11.4	6.05	6.05	6.05	400.0
2022-05-20	11.0	6.0	6.15	6.1	53600.0
2022-05-23	11.0	6.0	6.1	6.1	16500.0
2022-05-24	11.0	6.05	6.1	6.05	1600.0
2022-05-25	11.0	6.1	6.1	6.1	9200.0
2022-05-26	11.0	6.15	6.2	6.15	3600.0
2022-05-30	11.0	6.15	6.15	6.15	1200.0
2022-05-31	11.0	6.15	6.15	6.15	70400.0
2022-06-01	11.0	6.1	6.15	6.15	3500.0
2022-06-02	11.0	6.1	6.15	6.15	70400.0
2022-06-06	11.0	6.15	6.15	6.15	100000.0
2022-06-07	11.0	6.1	6.1	6.1	200.0
2022-06-09	11.0	6.1	6.1	6.1	1000.0
2022-06-13	11.0	4.4	6.2	6.15	4700.0
2022-06-14	11.0	5.85	6.05	6.05	200.0
2022-06-15	11.0	6.05	6.05	6.05	4100.0
2022-06-16	11.0	6.05	6.05	6.05	800.0
2022-06-17	11.0	5.85	6.0	6.0	500.0
2022-07-06	11.4	4.86	6.0	6.0	200.0
2022-07-27	11.4	6.15	6.15	6.15	100.0
2022-08-08	11.4	5.8	6.15	6.15	15400.0
2022-08-15	11.4	6.1	6.1	6.1	6000.0
2022-08-26	11.4	6.1	6.1	6.1	100.0
2022-08-29	11.4	6.1	6.1	6.1	100.0
2022-09-02	11.4	6.15	6.15	6.15	300.0
2022-09-05	11.4	6.1	6.1	6.1	200.0
2022-09-08	11.4	5.9	6.05	6.05	600.0
2022-09-12	11.4	6.0	6.0	6.0	100.0
2022-09-13	11.4	5.9	5.9	5.9	100.0
2022-09-14	11.4	6.0	6.05	6.0	1600.0
2022-09-19	13.5	6.0	6.1	6.0	900.0
2022-09-22	13.5	5.85	6.05	6.05	600.0
2022-09-26	13.5	5.95	6.1	6.1	29200.0
2022-09-29	14.0	6.05	6.05	6.05	1000.0
2022-10-17	13.8	5.5	6.0	5.9	24500.0
2022-10-21	13.3	5.85	5.85	5.85	100.0
2022-10-25	13.3	6.1	6.1	6.1	1600.0
2022-10-28	13.0	6.15	6.15	6.15	900.0
2022-11-08	13.3	6.1	6.15	6.15	500.0
2022-11-10	13.3	6.15	6.15	6.15	1000.0
2022-11-11	13.4	6.15	6.15	6.15	1000.0
2022-11-14	13.4	6.15	6.95	6.55	35000.0
2022-11-15	13.4	6.4	6.55	6.4	700.0
2022-11-23	13.3	6.15	6.15	6.15	3600.0
2022-11-24	13.3	6.15	6.15	6.15	100.0
2022-11-25	13.3	6.15	6.15	6.15	500.0
2022-11-28	13.3	6.2	6.35	6.35	3300.0
2022-11-29	13.3	6.25	6.25	6.25	1100.0
2022-12-01	12.1	6.2	6.2	6.2	1000.0
2022-12-02	12.1	6.2	6.2	6.2	25000.0
2022-12-06	12.1	6.2	6.25	6.2	28100.0
2022-12-07	13.2	6.1	6.1	6.1	100.0
2022-12-09	13.2	6.2	6.2	6.2	500.0
2022-12-16	13.0	6.1	6.1	6.1	200.0
2022-12-19	13.0	6.0	6.1	6.0	1000.0
2022-12-29	13.0	6.05	6.05	6.05	1000.0
2022-12-30	13.0	5.6	5.6	5.6	10000.0
