Date	Price Open	Price Low	Price High	Price Close	Volume
2013-11-19	19.0	18.0	21.3	21.3	308635100
2013-11-20	21.1	20.5	21.8	20.8	108868700
2013-11-21	21.0	19.2	21.1	19.2	37020100
2013-11-22	19.5	19.2	20.3	19.4	48383700
2013-11-25	19.0	18.8	19.7	19.2	20120100
2013-11-26	19.3	19.3	20.2	19.4	28795800
2013-11-27	19.6	19.5	20.1	19.9	16791800
2013-11-28	20.1	19.6	20.5	19.6	15775200
2013-11-29	19.7	19.7	20.1	19.9	8964800
2013-12-02	19.7	19.7	20.0	19.9	6044900
2013-12-03	20.0	20.0	21.1	20.6	29776300
2013-12-04	20.5	20.4	21.9	21.8	23213600
2013-12-06	21.9	21.2	22.1	21.3	16657300
2013-12-09	21.5	20.5	21.6	20.9	12142400
2013-12-11	21.0	20.6	21.3	20.9	12337400
2013-12-12	20.9	20.8	21.9	21.7	25008500
2013-12-13	21.7	21.0	21.9	21.2	11093400
2013-12-16	21.0	20.4	21.0	20.5	9997700
2013-12-17	20.9	20.7	21.5	21.3	16589600
2013-12-18	21.3	21.0	21.8	21.2	14557500
2013-12-19	21.4	20.7	21.4	21.1	4253200
2013-12-20	21.1	20.8	21.2	21.0	2674000
2013-12-23	21.1	19.9	21.1	20.1	6596700
2013-12-24	20.3	20.0	20.5	20.0	2179100
2013-12-25	20.2	19.8	20.3	19.9	1788200
2013-12-26	20.0	19.4	20.3	19.5	2173100
2013-12-27	19.5	19.2	20.0	20.0	2312400
2014-01-02	19.6	19.0	19.8	19.0	1409400
2014-01-03	18.2	18.1	19.1	18.3	3187000
2014-01-06	18.4	17.8	18.5	18.4	2602800
2014-01-07	18.5	18.4	19.3	19.0	1333600
2014-01-08	19.1	19.0	19.4	19.1	1686200
2014-01-09	19.2	19.1	19.4	19.1	615900
2014-01-10	19.3	18.7	19.3	19.1	1171000
2014-01-13	18.7	18.7	19.2	19.1	2141700
2014-01-14	19.1	19.0	19.4	19.3	1294500
2014-01-15	19.3	19.1	20.1	19.4	3476000
2014-01-16	19.5	19.5	20.2	19.7	4448700
2014-01-17	19.8	19.0	19.9	19.5	2734200
2014-01-20	19.6	19.2	19.6	19.2	478100
2014-01-21	19.4	19.1	19.5	19.2	689200
2014-01-22	19.0	18.9	19.7	19.3	2629500
2014-01-23	19.4	19.4	20.0	19.6	5747300
2014-01-24	19.7	19.3	19.7	19.3	1999100
2014-01-27	19.2	18.8	19.2	18.8	3097900
2014-01-28	19.0	18.4	19.0	18.6	3438300
2014-01-29	18.7	18.6	19.0	19.0	823100
2014-01-30	18.8	18.8	19.1	19.0	228600
2014-01-31	19.2	19.0	19.2	19.0	161500
2014-02-03	19.1	19.1	19.7	19.6	2407500
2014-02-04	19.5	19.4	19.6	19.6	869400
2014-02-05	19.6	19.6	20.4	20.1	17579200
2014-02-06	20.2	19.8	20.2	19.9	4985100
2014-02-07	20.0	20.0	20.5	20.0	5928400
2014-02-10	20.2	19.9	20.2	20.0	1407900
2014-02-11	20.0	19.9	20.0	19.9	1063300
2014-02-12	19.9	19.9	20.6	20.6	3656200
2014-02-13	20.5	20.2	20.6	20.3	870000
2014-02-17	20.4	20.3	21.8	20.8	14877500
2014-02-18	21.0	20.5	21.0	20.6	3624600
2014-02-19	20.7	20.1	20.7	20.4	1513700
2014-02-20	20.4	20.3	20.9	20.8	2816600
2014-02-21	20.8	20.4	20.9	20.5	971000
2014-02-24	20.5	20.3	20.8	20.6	257600
2014-02-25	20.4	20.3	20.8	20.4	1043900
2014-02-26	20.4	20.4	21.2	20.7	4936800
2014-02-27	20.8	20.6	20.9	20.9	800400
2014-02-28	20.9	20.7	21.0	20.7	563600
2014-03-03	20.7	20.6	20.9	20.8	576200
2014-03-04	20.7	20.7	20.9	20.9	475200
2014-03-05	20.9	20.8	21.8	21.8	8649000
2014-03-06	21.7	21.7	22.7	22.1	17056000
2014-03-07	22.1	21.8	22.2	22.1	1259400
2014-03-10	22.1	21.7	22.1	22.0	832300
2014-03-11	22.0	21.9	22.1	21.9	1389100
2014-03-12	21.6	21.6	22.0	21.7	1381800
2014-03-13	21.8	21.6	22.0	21.9	1950700
2014-03-14	21.8	21.8	22.0	21.9	2699800
2014-03-17	21.9	21.7	22.4	22.3	5543500
2014-03-18	22.3	21.8	22.9	21.8	6038400
2014-03-19	21.8	21.7	22.1	21.8	3141800
2014-03-20	21.9	21.7	21.9	21.8	635800
2014-03-21	21.9	21.3	21.9	21.8	2137500
2014-03-24	21.5	21.4	21.6	21.5	886900
2014-03-25	21.5	20.9	21.5	21.4	1102500
2014-03-26	21.3	21.0	21.5	21.0	608500
2014-03-27	21.2	21.0	21.4	21.0	2146700
2014-03-28	20.9	20.9	21.2	21.2	944600
2014-03-31	21.2	21.2	21.5	21.3	602100
2014-04-01	21.4	21.3	22.0	21.8	2462500
2014-04-02	22.0	21.5	22.0	21.8	2161400
2014-04-03	21.8	21.7	22.0	21.9	2484000
2014-04-04	21.9	21.5	22.4	21.5	5683500
2014-04-08	21.6	21.6	22.0	21.6	2247000
2014-04-09	21.6	21.6	22.1	21.8	1395000
2014-04-10	21.8	21.6	22.1	21.7	2556400
2014-04-11	21.8	21.6	21.9	21.7	3887900
2014-04-16	22.0	21.9	22.2	22.1	4177000
2014-04-17	22.2	22.0	22.3	22.3	2336700
2014-04-18	22.3	21.9	22.3	22.0	1025300
2014-04-21	21.9	21.7	21.9	21.8	394700
2014-04-22	21.8	21.8	22.5	22.0	1835000
2014-04-23	22.2	21.9	22.2	21.9	2376400
2014-04-24	21.9	21.9	22.2	22.0	640900
2014-04-25	22.2	22.2	22.5	22.4	1165600
2014-04-28	22.5	22.0	22.7	22.2	559800
2014-04-29	22.4	22.1	22.4	22.1	625900
2014-04-30	22.1	22.1	22.7	22.7	3371200
2014-05-02	22.7	22.7	23.9	23.7	6718100
2014-05-06	24.3	24.3	25.0	24.6	4609600
2014-05-07	24.3	23.8	24.5	24.0	4364500
2014-05-08	23.9	22.1	23.9	22.6	8733300
2014-05-09	22.8	22.6	23.3	22.8	3080100
2014-05-12	22.6	22.5	23.1	22.8	3213100
2014-05-14	22.8	22.6	23.0	22.8	1918800
2014-05-15	23.2	23.2	24.0	23.5	7571300
2014-05-16	22.8	22.4	23.4	23.1	4731300
2014-05-19	23.1	22.1	23.1	22.2	4273300
2014-05-20	21.7	21.3	22.0	21.4	5437700
2014-05-21	21.4	21.4	22.0	21.8	5544200
2014-05-22	22.0	21.5	22.0	21.5	3845300
2014-05-23	21.1	21.0	21.4	21.3	3564800
2014-05-26	21.5	21.1	21.6	21.2	1176000
2014-05-27	21.3	21.2	21.7	21.6	1481500
2014-05-28	21.8	21.7	22.2	21.8	3705600
2014-05-29	21.9	21.5	22.1	21.8	1483500
2014-05-30	21.7	21.7	22.4	22.2	3896500
2014-06-02	22.3	21.9	22.3	22.0	1655200
2014-06-03	22.1	21.6	22.3	21.6	4427900
2014-06-04	21.7	21.4	21.8	21.7	4185100
2014-06-05	21.8	21.7	22.0	22.0	1408900
2014-06-06	22.0	21.9	22.7	22.5	4798900
2014-06-09	22.8	22.2	22.8	22.2	3726800
2014-06-10	22.3	22.1	22.4	22.2	948900
2014-06-11	22.2	22.0	22.4	22.1	1109900
2014-06-12	22.1	21.7	22.2	21.8	695000
2014-06-13	21.8	21.8	22.0	21.8	577000
2014-06-16	21.8	21.4	21.9	21.4	2313100
2014-06-17	21.4	20.8	21.4	20.8	4826400
2014-06-18	20.9	20.9	21.4	21.2	2021400
2014-06-19	21.4	21.2	21.7	21.6	1270800
2014-06-20	21.6	21.4	21.6	21.5	481800
2014-06-23	21.5	21.4	21.6	21.4	204500
2014-06-24	21.5	21.1	21.5	21.2	344600
2014-06-25	21.2	20.9	21.2	21.0	1196700
2014-06-26	21.2	21.2	21.6	21.5	2800800
2014-06-27	21.6	21.4	21.6	21.5	1055400
2014-06-30	21.5	21.5	22.1	21.6	3426800
2014-07-02	22.0	21.6	22.2	22.0	3500600
2014-07-03	22.0	21.7	22.1	21.7	994200
2014-07-04	21.9	21.6	21.9	21.6	1027300
2014-07-07	21.8	21.6	22.1	22.0	2747700
2014-07-08	22.0	21.8	22.1	21.8	1048500
2014-07-09	22.0	21.7	22.0	21.8	929400
2014-07-10	21.8	21.6	21.8	21.7	1349800
2014-07-14	21.8	21.6	22.3	22.3	6831000
2014-07-15	22.5	22.2	22.6	22.2	3633600
2014-07-16	22.3	22.0	22.5	22.2	1605400
2014-07-17	22.2	21.9	22.3	21.9	1521300
2014-07-18	21.8	21.7	22.1	21.7	1724100
2014-07-21	21.7	21.7	22.0	21.9	1839400
2014-07-22	21.9	21.5	22.0	21.5	1653400
2014-07-23	21.6	21.6	22.0	21.8	824600
2014-07-24	22.0	21.7	22.0	21.7	450200
2014-07-25	21.7	21.7	22.0	21.8	964200
2014-07-28	21.8	21.5	21.9	21.6	995700
2014-07-29	21.6	21.4	21.8	21.5	689500
2014-07-30	21.6	21.1	21.6	21.1	616400
2014-07-31	21.2	20.9	21.4	21.1	3128900
2014-08-01	20.9	20.2	21.3	20.4	1916600
2014-08-04	20.4	20.4	21.0	20.7	910300
2014-08-05	20.7	20.7	21.1	20.9	522100
2014-08-06	21.0	20.8	21.1	20.9	292100
2014-08-07	20.9	20.7	21.0	20.8	732300
2014-08-08	20.8	20.6	21.0	20.9	198100
2014-08-13	20.7	20.7	21.4	21.2	1008900
2014-08-14	21.5	20.9	21.5	20.9	286300
2014-08-15	21.2	19.9	21.2	20.0	3344300
2014-08-18	20.0	19.8	20.1	19.8	988300
2014-08-19	20.0	19.7	20.0	19.8	1061700
2014-08-20	19.9	19.3	19.9	19.3	2661900
2014-08-21	19.4	19.2	19.6	19.5	2061400
2014-08-22	19.4	19.3	19.8	19.8	2009600
2014-08-25	19.5	19.4	19.7	19.6	2038200
2014-08-26	19.6	19.3	20.0	20.0	4910700
2014-08-27	20.1	19.7	20.1	19.7	1925500
2014-08-28	19.7	19.5	19.9	19.7	320200
2014-08-29	19.5	19.5	19.7	19.7	580700
2014-09-01	19.7	19.4	19.8	19.4	478200
2014-09-02	19.4	19.0	19.5	19.0	2521600
2014-09-03	19.1	18.9	19.2	18.9	1733600
2014-09-04	19.0	18.9	19.5	19.2	1294000
2014-09-05	19.4	19.1	19.5	19.3	884600
2014-09-08	19.6	18.7	19.6	19.0	3994600
2014-09-09	19.1	18.8	19.2	18.8	1289100
2014-09-10	18.9	18.5	18.9	18.5	2074400
2014-09-11	18.5	18.3	18.7	18.3	1709900
2014-09-12	18.3	18.3	19.2	19.1	3044600
2014-09-15	19.2	18.9	19.2	19.0	1115100
2014-09-16	19.0	18.9	19.1	19.0	677900
2014-09-17	19.1	18.9	19.1	19.0	1154100
2014-09-18	19.1	18.9	19.2	19.0	167300
2014-09-19	18.7	18.7	19.1	19.1	1010200
2014-09-22	18.9	18.8	19.1	19.0	1568100
2014-09-23	19.1	19.1	20.0	19.8	9274100
2014-09-24	19.9	19.7	20.0	19.7	1870000
2014-09-25	19.8	19.7	20.4	20.3	7692100
2014-09-26	20.2	20.0	20.5	20.5	3422900
2014-09-29	20.7	19.9	20.7	20.0	1734100
2014-09-30	20.1	19.7	20.1	19.7	2188100
2014-10-01	19.7	19.7	20.2	20.0	766800
2014-10-03	19.7	19.7	20.0	19.8	3491900
2014-10-06	20.0	19.2	20.1	19.4	879900
2014-10-07	19.3	19.3	19.6	19.4	1082100
2014-10-08	19.2	19.1	19.5	19.4	164900
2014-10-09	19.4	19.3	19.6	19.5	1026100
2014-10-10	19.4	19.3	19.5	19.4	895500
2014-10-13	19.1	19.1	19.4	19.4	267900
2014-10-14	19.3	19.2	19.4	19.2	324900
2014-10-15	19.4	19.3	19.4	19.4	556300
2014-10-16	19.2	19.1	19.4	19.3	1204200
2014-10-17	19.1	18.9	19.1	19.0	1045000
2014-10-20	19.0	18.8	19.1	19.0	362600
2014-10-21	19.0	18.9	19.1	19.0	237100
2014-10-22	18.9	18.8	19.0	18.8	930200
2014-10-24	18.9	18.6	18.9	18.6	466900
2014-10-27	18.6	18.6	19.0	19.0	332100
2014-10-28	18.9	18.8	19.0	19.0	245100
2014-10-29	19.2	18.6	19.2	18.8	501100
2014-10-30	18.9	18.7	18.9	18.7	629300
2014-10-31	18.8	18.4	18.9	18.5	734700
2014-11-03	18.6	18.4	18.6	18.4	699500
2014-11-04	18.4	18.4	18.7	18.7	875700
2014-11-05	18.7	18.1	18.8	18.4	1786600
2014-11-06	18.5	18.1	18.5	18.2	653600
2014-11-07	18.1	18.1	18.4	18.1	744800
2014-11-10	18.1	18.0	18.2	18.0	600800
2014-11-11	18.0	17.8	18.0	18.0	334700
2014-11-12	18.0	17.9	18.0	17.9	496900
2014-11-13	18.0	17.9	18.2	18.1	1362800
2014-11-14	18.0	17.8	18.0	17.8	237900
2014-11-17	17.9	16.9	17.9	17.0	1579700
2014-11-18	16.9	16.7	17.3	17.0	1256500
2014-11-19	17.1	16.4	17.1	16.7	1514400
2014-11-20	16.5	16.5	16.7	16.5	1475700
2014-11-21	16.6	16.3	16.8	16.4	1336500
2014-11-24	16.6	16.4	16.6	16.6	1519400
2014-11-25	16.7	16.5	16.8	16.5	1273700
2014-11-26	16.4	16.4	16.9	16.9	1185700
2014-11-27	17.0	16.8	17.0	16.9	640000
2014-11-28	16.9	16.7	17.0	16.8	352800
2014-12-01	16.8	16.6	17.1	16.9	438200
2014-12-02	16.8	16.7	16.9	16.8	259700
2014-12-03	16.9	16.8	17.0	17.0	697000
2014-12-04	17.0	16.6	17.0	16.6	1717800
2014-12-08	16.6	16.0	16.6	16.4	1296500
2014-12-09	16.2	16.0	16.4	16.1	470200
2014-12-11	16.0	15.2	16.0	15.9	3572300
2014-12-12	15.9	15.6	15.9	15.8	902100
2014-12-15	15.8	15.0	15.9	15.6	2271200
2014-12-16	15.5	15.3	15.8	15.7	1656100
2014-12-17	15.7	15.3	15.8	15.6	2492300
2014-12-18	15.6	15.5	15.9	15.7	1689100
2014-12-19	15.6	15.6	16.5	16.4	1376200
2014-12-22	16.5	16.5	17.0	17.0	748600
2014-12-23	17.0	16.9	17.2	17.1	540300
2014-12-24	17.1	17.0	17.2	17.1	758500
2014-12-25	17.1	16.9	17.1	16.9	474700
2014-12-26	17.1	16.9	17.1	16.9	723300
2014-12-29	17.0	16.9	17.2	16.9	524800
2014-12-30	16.9	16.6	17.2	16.6	398100
2015-01-05	16.6	16.4	17.0	16.6	941000
2015-01-06	16.7	16.1	16.7	16.2	1931100
2015-01-07	16.1	16.1	16.3	16.3	122100
2015-01-08	16.3	16.1	16.4	16.2	814700
2015-01-09	16.3	16.1	16.4	16.4	220400
2015-01-12	16.7	16.6	16.9	16.9	404200
2015-01-13	17.1	16.7	17.1	16.9	305200
2015-01-14	17.0	16.8	17.0	16.8	320700
2015-01-15	16.8	16.6	16.8	16.7	405600
2015-01-16	16.8	16.3	16.8	16.3	358700
2015-01-19	16.2	16.1	16.4	16.3	177000
2015-01-20	16.3	16.0	16.3	16.3	194500
2015-01-21	16.2	16.1	16.3	16.2	178800
2015-01-22	16.2	16.1	16.3	16.2	787600
2015-01-23	16.3	16.0	16.4	16.0	1290000
2015-01-26	16.0	16.0	16.3	16.3	162700
2015-01-27	16.3	16.2	16.5	16.4	378800
2015-01-28	16.5	16.3	17.4	17.4	1872100
2015-01-29	17.7	17.1	17.7	17.1	1342500
2015-01-30	17.5	17.1	17.5	17.2	426900
2015-02-02	17.3	16.8	17.3	17.0	190400
2015-02-03	17.1	17.1	17.4	17.2	170200
2015-02-04	17.1	17.1	17.4	17.4	370700
2015-02-05	17.4	17.2	17.5	17.3	344100
2015-02-06	17.3	17.3	17.4	17.3	326900
2015-02-09	17.1	16.9	17.3	17.1	577100
2015-02-10	17.0	16.5	17.0	16.6	632100
2015-02-11	16.5	16.0	16.5	16.5	1877800
2015-02-12	16.5	16.2	16.5	16.4	605200
2015-02-13	16.5	15.9	16.5	16.1	1761700
2015-02-16	16.0	16.0	16.4	16.1	587800
2015-02-17	16.4	16.0	16.4	16.1	556700
2015-02-18	16.1	16.1	16.4	16.1	643900
2015-02-19	16.2	16.0	16.4	16.1	1301600
2015-02-20	16.1	16.1	16.3	16.2	1223800
2015-02-23	16.2	16.2	16.6	16.6	953900
2015-02-24	16.4	16.4	16.8	16.6	502900
2015-02-25	18.0	18.0	19.0	18.4	12437300
2015-02-26	18.4	17.7	18.5	18.0	6315600
2015-02-27	18.4	17.2	18.4	17.5	4030000
2015-03-02	17.8	17.5	17.9	17.7	977600
2015-03-03	17.7	17.4	18.1	17.4	1083600
2015-03-05	17.3	17.3	17.5	17.4	208400
2015-03-06	17.5	17.1	17.5	17.2	376700
2015-03-09	16.8	16.6	17.0	16.7	361500
2015-03-10	16.7	16.7	17.1	16.7	245200
2015-03-11	16.7	16.6	17.4	17.4	746100
2015-03-12	17.4	16.8	17.4	16.8	483700
2015-03-13	17.0	16.8	17.1	16.8	527700
2015-03-16	16.8	16.5	17.0	16.6	1619600
2015-03-17	16.5	16.5	16.8	16.7	280200
2015-03-18	16.7	16.7	16.9	16.7	500300
2015-03-19	16.8	16.8	17.7	17.6	2019500
2015-03-20	17.8	17.6	18.7	18.5	5493100
2015-03-23	18.4	18.0	18.4	18.3	2415700
2015-03-24	18.1	17.3	18.1	17.5	1182700
2015-03-25	17.5	17.5	19.0	18.4	3213200
2015-03-26	18.2	17.8	18.3	17.8	1174700
2015-03-27	18.0	17.7	18.4	18.1	915400
2015-03-30	18.1	18.1	18.5	18.3	948500
2015-03-31	18.5	17.8	18.7	17.8	1898300
2015-04-01	17.8	17.6	18.0	17.6	1980000
2015-04-02	17.9	17.8	18.2	18.0	935300
2015-04-03	18.2	18.1	18.5	18.5	1020200
2015-04-07	18.7	18.1	18.7	18.2	1250200
2015-04-08	18.2	17.9	18.4	18.3	897600
2015-04-09	18.3	18.0	18.5	18.0	628700
2015-04-10	18.1	18.0	18.3	18.2	273100
2015-04-16	18.1	17.7	18.2	17.9	1552700
2015-04-17	18.0	17.8	18.0	18.0	212900
2015-04-20	17.8	17.8	18.0	17.8	199500
2015-04-21	17.8	17.3	18.0	17.9	958700
2015-04-22	17.9	17.5	17.9	17.6	383800
2015-04-23	17.5	17.2	17.5	17.3	629500
2015-04-24	17.2	17.1	17.3	17.3	332700
2015-04-27	17.3	17.1	17.3	17.3	373200
2015-04-28	17.2	17.1	17.7	17.5	1382500
2015-04-29	17.5	17.2	17.6	17.6	1361600
2015-04-30	17.5	17.4	17.9	17.9	269800
2015-05-06	17.9	17.7	17.9	17.9	281300
2015-05-07	17.8	17.3	17.8	17.5	570600
2015-05-08	17.3	17.3	17.6	17.6	538100
2015-05-11	17.3	17.3	17.5	17.4	194400
2015-05-12	17.4	16.8	17.4	17.2	1070000
2015-05-13	17.5	17.4	17.9	17.7	2068800
2015-05-14	17.5	17.5	17.9	17.9	549300
2015-05-15	18.0	17.7	18.0	17.9	713700
2015-05-18	18.1	18.0	18.4	18.4	1185100
2015-05-19	18.5	18.1	18.5	18.3	668100
2015-05-20	18.4	18.0	18.5	18.5	827000
2015-05-21	18.6	18.5	18.9	18.7	767000
2015-05-22	18.6	18.2	18.7	18.3	1824300
2015-05-25	18.1	18.1	18.3	18.3	352100
2015-05-26	18.0	18.0	18.3	18.2	128300
2015-05-27	18.2	17.7	18.5	18.5	1138000
2015-05-28	18.8	18.3	19.0	18.9	2436800
2015-05-29	19.0	18.8	19.5	19.2	3063000
2015-06-02	19.5	19.0	19.8	19.4	3408200
2015-06-03	19.3	19.3	19.9	19.7	3113200
2015-06-04	19.7	19.1	19.7	19.6	1651000
2015-06-05	19.6	19.2	19.6	19.4	980800
2015-06-08	19.4	19.2	19.5	19.5	819900
2015-06-09	19.5	19.0	19.5	19.3	463100
2015-06-10	19.4	19.3	19.5	19.3	984900
2015-06-11	19.3	19.1	19.3	19.1	784400
2015-06-12	19.1	19.0	19.3	19.2	453600
2015-06-15	19.2	19.0	19.2	19.1	78000
2015-06-16	19.2	19.1	19.6	19.4	2057700
2015-06-17	19.5	19.1	19.5	19.2	2074500
2015-06-18	19.2	18.5	19.2	19.2	988500
2015-06-19	19.0	18.9	19.2	19.0	797500
2015-06-22	18.7	18.5	19.0	18.6	275600
2015-06-23	18.7	18.6	19.1	19.1	414300
2015-06-24	19.0	18.6	19.0	18.8	667400
2015-06-25	18.8	18.8	19.1	18.9	549200
2015-06-26	18.9	18.8	19.0	18.9	596100
2015-06-29	18.9	18.8	19.0	18.9	620300
2015-06-30	18.8	18.6	18.9	18.6	1643500
2015-07-02	18.6	18.6	18.9	18.6	1784300
2015-07-03	18.8	18.5	18.9	18.6	102700
2015-07-06	18.6	18.3	18.7	18.5	776300
2015-07-07	18.2	18.2	18.5	18.4	347300
2015-07-08	18.3	18.2	18.4	18.4	566200
2015-07-09	18.3	18.2	18.4	18.3	581000
2015-07-10	18.3	18.2	18.5	18.2	1822700
2015-07-13	18.4	18.1	18.4	18.1	582700
2015-07-14	18.1	17.9	18.2	18.0	997600
2015-07-15	18.0	17.9	18.2	17.9	357700
2015-07-16	17.8	17.4	17.8	17.5	905300
2015-07-17	17.5	17.4	17.6	17.4	325400
2015-07-20	17.4	17.0	17.4	17.1	1169400
2015-07-21	17.2	17.0	17.4	17.1	367900
2015-07-22	16.9	16.9	17.8	17.7	590600
2015-07-23	17.7	17.7	18.0	17.9	143600
2015-07-24	17.8	17.6	18.0	17.8	1195800
2015-07-27	17.5	17.3	17.9	17.8	406100
2015-07-28	17.5	17.4	17.8	17.6	559600
2015-07-29	17.6	17.4	17.7	17.4	868700
2015-07-31	17.4	17.4	17.6	17.4	1072500
2015-08-03	17.5	17.5	17.9	17.9	305200
2015-08-04	17.9	17.7	17.9	17.8	94100
2015-08-05	17.7	17.6	17.8	17.7	85800
2015-08-06	17.8	17.6	17.8	17.7	62300
2015-08-07	17.4	17.2	17.9	17.4	121100
2015-08-10	17.8	17.7	17.8	17.7	29900
2015-08-11	17.5	17.4	17.7	17.4	155700
2015-08-13	17.4	17.1	17.4	17.2	178400
2015-08-14	17.9	17.3	17.9	17.5	194500
2015-08-17	17.4	17.4	17.6	17.6	71100
2015-08-18	17.4	16.9	17.4	17.2	930400
2015-08-19	17.1	17.0	17.5	17.4	43600
2015-08-20	17.6	17.2	17.6	17.5	38200
2015-08-21	17.3	17.2	17.6	17.5	64800
2015-08-24	17.5	17.0	17.5	17.0	201100
2015-08-25	17.0	16.6	17.0	16.8	726800
2015-08-26	16.7	16.6	17.3	17.0	243000
2015-08-27	17.2	16.9	17.2	17.1	388800
2015-08-28	17.2	17.2	17.5	17.5	556900
2015-08-31	17.9	17.2	17.9	17.5	170400
2015-09-01	17.5	17.4	17.8	17.4	1044700
2015-09-02	17.5	17.3	17.5	17.3	323000
2015-09-03	17.4	17.3	17.5	17.4	443300
2015-09-04	17.8	17.4	17.8	17.5	444700
2015-09-07	17.5	17.4	18.1	18.0	912300
2015-09-08	18.4	18.0	18.4	18.4	1819700
2015-09-09	18.5	18.4	19.1	18.9	1437200
2015-09-10	19.0	18.7	19.3	18.7	335000
2015-09-11	18.9	18.1	18.9	18.2	219900
2015-09-14	18.0	18.0	18.2	18.0	89800
2015-09-15	18.0	18.0	19.6	19.6	1026100
2015-09-16	19.3	18.6	19.3	18.8	801200
2015-09-17	18.9	18.6	18.9	18.9	279600
2015-09-18	18.9	18.9	19.2	19.2	583600
2015-09-21	19.1	18.8	19.2	19.0	106600
2015-09-22	19.2	18.7	19.2	18.8	143000
2015-09-23	18.9	18.3	18.9	18.5	284900
2015-09-24	18.5	18.3	18.5	18.3	87800
2015-09-25	18.3	18.1	18.3	18.3	93900
2015-09-28	18.2	18.2	18.4	18.4	3600
2015-09-29	18.3	18.2	18.4	18.3	89800
2015-09-30	18.2	18.2	18.3	18.3	60400
2015-10-01	18.3	18.2	18.9	18.3	180000
2015-10-02	18.2	18.0	18.3	18.0	294700
2015-10-05	18.1	18.1	18.4	18.3	29500
2015-10-06	18.5	18.2	18.5	18.3	107100
2015-10-07	18.2	18.0	18.4	18.2	420700
2015-10-08	18.2	18.2	18.3	18.3	43700
2015-10-09	18.3	18.3	18.6	18.4	123600
2015-10-12	18.5	18.5	18.6	18.6	58200
2015-10-13	18.4	18.4	18.5	18.4	56200
2015-10-14	18.4	18.2	18.5	18.2	128300
2015-10-15	18.2	18.2	18.4	18.3	72400
2015-10-16	18.3	18.2	18.3	18.2	230800
2015-10-19	18.2	18.2	18.3	18.2	168600
2015-10-20	18.2	18.2	18.4	18.4	26600
2015-10-21	18.5	18.4	18.6	18.5	83300
2015-10-22	18.5	18.5	18.7	18.6	50500
2015-10-26	18.6	18.5	18.7	18.7	235900
2015-10-27	18.7	18.5	18.7	18.6	381200
2015-10-28	18.7	18.1	18.7	18.2	286300
2015-10-29	18.2	18.2	18.3	18.2	265400
2015-10-30	18.2	18.0	18.2	18.2	242500
2015-11-02	18.2	18.2	18.3	18.2	681800
2015-11-03	18.3	18.2	18.3	18.2	713900
2015-11-04	18.1	18.0	18.2	18.2	429500
2015-11-05	18.3	18.3	18.4	18.3	471500
2015-11-06	18.3	18.3	18.6	18.5	910800
2015-11-09	18.8	18.5	18.8	18.5	289900
2015-11-10	18.7	18.5	19.2	18.5	1086400
2015-11-11	18.6	18.3	18.6	18.4	550700
2015-11-12	18.5	18.4	18.5	18.4	208500
2015-11-13	18.5	18.2	18.6	18.4	1193900
2015-11-16	18.4	17.9	18.4	18.0	711200
2015-11-17	18.1	18.0	18.3	18.1	1113000
2015-11-18	18.1	18.1	18.2	18.1	1017600
2015-11-19	18.2	18.1	18.3	18.1	893400
2015-11-20	18.0	18.0	18.0	18.0	42200
2015-11-23	18.1	17.8	18.1	18.0	91000
2015-11-24	18.0	17.8	18.1	18.0	270200
2015-11-25	17.9	17.5	18.0	17.8	300100
2015-11-26	17.6	17.5	17.7	17.6	208900
2015-11-27	17.6	17.3	17.6	17.5	358600
2015-11-30	17.6	16.7	17.6	16.7	395500
2015-12-01	16.9	16.7	16.9	16.8	301000
2015-12-02	16.8	16.5	16.8	16.6	393400
2015-12-03	16.6	16.2	16.7	16.7	515600
2015-12-04	16.4	16.4	16.7	16.7	323400
2015-12-08	16.6	16.6	16.8	16.8	327300
2015-12-09	16.7	16.7	17.0	16.9	444200
2015-12-11	17.1	16.7	17.1	16.8	172100
2015-12-14	16.7	16.2	16.7	16.5	720700
2015-12-15	16.5	16.5	16.9	16.8	640600
2015-12-16	17.0	16.8	17.2	16.8	801600
2015-12-17	17.0	16.8	17.1	16.8	526200
2015-12-18	16.9	16.8	16.9	16.8	318300
2015-12-21	16.8	16.7	16.9	16.8	653100
2015-12-22	16.8	16.8	16.9	16.9	592300
2015-12-23	17.0	16.9	17.0	16.9	234400
2015-12-24	16.7	16.6	16.8	16.7	462400
2015-12-25	16.7	16.7	16.7	16.7	70100
2015-12-28	16.8	16.6	16.8	16.6	282500
2015-12-29	16.5	16.3	16.5	16.4	100600
2015-12-30	16.5	16.4	16.5	16.5	26600
2016-01-04	16.5	16.4	17.0	16.6	423400
2016-01-05	16.6	16.5	16.7	16.6	548600
2016-01-06	16.5	16.4	16.6	16.4	75800
2016-01-07	16.3	16.1	16.4	16.1	161700
2016-01-08	16.1	16.1	16.4	16.3	542800
2016-01-11	16.1	16.0	16.3	16.1	101700
2016-01-12	16.1	16.1	16.2	16.2	557600
2016-01-13	16.2	16.2	16.5	16.2	628600
2016-01-14	16.2	16.0	16.5	16.3	716800
2016-01-15	16.4	16.1	16.4	16.1	274900
2016-01-18	16.1	16.0	16.2	16.1	213700
2016-01-19	16.1	16.1	16.4	16.3	864700
2016-01-20	16.2	16.0	16.2	16.1	473100
2016-01-21	16.3	15.9	16.3	16.1	907900
2016-01-22	16.1	16.1	16.3	16.3	355400
2016-01-25	16.1	16.0	16.2	16.0	293900
2016-01-26	16.0	15.8	16.0	15.8	432400
2016-01-27	15.8	15.8	16.0	15.9	475200
2016-01-28	16.3	15.8	16.3	15.8	285000
2016-01-29	15.9	15.9	16.0	15.9	103900
2016-02-01	15.9	15.7	15.9	15.8	354900
2016-02-02	15.8	15.4	15.8	15.4	758900
2016-02-03	15.4	15.4	15.7	15.6	1485700
2016-02-04	15.7	15.7	16.6	16.6	1645600
2016-02-05	16.7	16.4	16.7	16.5	282100
2016-02-08	16.6	16.4	16.6	16.5	264400
2016-02-09	16.5	16.4	16.9	16.9	334100
2016-02-10	16.9	16.6	16.9	16.6	54400
2016-02-11	16.9	16.7	16.9	16.8	374900
2016-02-12	16.8	16.6	16.8	16.6	182800
2016-02-15	16.6	16.6	17.2	17.1	525200
2016-02-16	17.2	17.0	17.2	17.0	802000
2016-02-17	16.9	16.9	17.0	17.0	286100
2016-02-18	17.0	16.8	17.2	17.1	115000
2016-02-19	17.2	17.0	17.2	17.0	56900
2016-02-23	17.0	16.9	17.2	17.0	138100
2016-02-24	17.2	17.0	17.2	17.0	54000
2016-02-25	17.1	17.0	17.1	17.1	36300
2016-02-26	17.3	17.3	18.2	18.2	1291800
2016-02-29	18.4	17.5	18.4	17.5	249700
2016-03-01	17.6	17.6	18.1	17.9	242700
2016-03-02	17.9	17.8	18.0	17.9	150100
2016-03-03	18.0	17.8	18.1	17.8	374700
2016-03-04	17.9	17.7	17.9	17.9	86200
2016-03-07	18.1	17.9	18.2	17.9	148800
2016-03-08	17.7	17.7	18.0	17.9	84800
2016-03-09	17.7	17.6	17.8	17.8	76100
2016-03-10	17.8	17.5	17.9	17.6	86600
2016-03-11	17.7	17.3	17.7	17.5	123700
2016-03-14	17.6	17.5	17.6	17.5	32300
2016-03-15	17.3	17.2	17.5	17.3	500900
2016-03-16	17.6	17.4	17.7	17.7	921300
2016-03-17	17.6	17.4	17.8	17.4	237000
2016-03-18	17.5	17.5	17.7	17.7	1036200
2016-03-21	17.7	17.4	17.7	17.6	236900
2016-03-22	17.6	17.2	17.6	17.3	234800
2016-03-23	17.1	17.0	17.3	17.2	171700
2016-03-24	17.2	16.3	17.2	17.0	428300
2016-03-25	16.8	16.8	17.0	17.0	268300
2016-03-28	16.9	16.9	17.0	17.0	1500
2016-03-29	16.8	16.7	16.9	16.7	72500
2016-03-30	16.8	16.8	17.2	17.0	216300
2016-03-31	17.0	17.0	17.2	17.0	340100
2016-04-01	17.0	16.9	17.1	17.0	257500
2016-04-04	17.0	17.0	17.1	17.0	539500
2016-04-05	17.0	17.0	17.2	17.2	457800
2016-04-07	17.2	16.8	17.3	16.8	703300
2016-04-08	16.6	16.3	16.7	16.6	193500
2016-04-11	16.7	16.4	16.7	16.4	194000
2016-04-12	16.5	16.5	17.0	16.7	70000
2016-04-18	16.9	16.7	17.0	17.0	705800
2016-04-19	17.0	16.9	17.3	17.0	82400
2016-04-20	17.0	17.0	17.2	17.0	424600
2016-04-21	17.0	17.0	17.2	17.0	352400
2016-04-22	17.1	17.1	17.2	17.1	108200
2016-04-25	17.3	17.2	17.7	17.5	1035200
2016-04-26	17.7	17.4	17.7	17.5	44900
2016-04-27	17.5	17.0	17.5	17.2	128200
2016-04-28	17.2	17.0	17.4	17.1	47100
2016-04-29	17.1	16.9	17.1	16.9	56200
2016-05-03	16.6	16.6	17.0	16.9	39600
2016-05-04	16.7	16.7	17.0	16.9	42700
2016-05-06	16.7	16.7	17.0	16.9	42700
2016-05-09	16.8	16.8	17.2	17.1	224000
2016-05-10	17.0	16.9	17.1	17.0	463300
2016-05-11	17.0	16.8	17.1	17.0	60500
2016-05-12	17.0	16.8	17.0	16.8	171200
2016-05-13	16.9	16.5	16.9	16.5	219000
2016-05-16	16.1	16.0	16.7	16.3	341000
2016-05-17	16.3	16.3	16.7	16.4	89100
2016-05-18	16.5	16.3	16.5	16.4	39800
2016-05-19	16.5	16.4	16.8	16.4	342400
2016-05-23	16.6	16.4	16.6	16.5	85000
2016-05-24	16.4	16.4	16.7	16.4	6700
2016-05-25	16.4	16.4	16.6	16.5	34000
2016-05-26	16.6	16.4	16.7	16.6	86500
2016-05-27	16.7	16.3	16.7	16.5	174600
2016-05-30	16.7	16.4	16.7	16.6	46000
2016-05-31	16.6	16.6	17.1	17.1	198500
2016-06-01	17.0	16.7	17.0	16.8	84600
2016-06-02	16.9	16.8	17.0	16.9	14200
2016-06-03	16.8	16.8	17.3	17.3	276100
2016-06-06	17.5	17.3	17.5	17.4	242500
2016-06-07	17.5	17.3	17.5	17.4	493200
2016-06-08	17.4	16.9	17.4	17.0	330600
2016-06-09	17.1	17.1	17.1	17.1	413900
2016-06-10	17.2	16.9	17.2	16.9	562500
2016-06-13	17.1	17.0	17.1	17.1	16000
2016-06-14	17.3	17.0	17.3	17.2	38100
2016-06-15	17.1	17.0	17.2	17.1	231800
2016-06-16	16.9	16.8	17.2	17.1	25800
2016-06-17	17.2	17.0	17.2	17.0	11100
2016-06-20	16.9	16.8	17.0	16.9	57100
2016-06-21	17.0	16.8	17.0	17.0	11600
2016-06-22	17.0	16.7	17.0	16.7	75300
2016-06-23	16.7	16.6	16.8	16.7	69000
2016-06-24	16.2	16.2	16.7	16.6	74800
2016-06-27	16.4	16.4	16.8	16.6	24800
2016-06-28	16.5	16.5	16.8	16.6	21000
2016-06-29	16.6	16.6	17.0	16.8	78500
2016-06-30	16.7	16.6	16.9	16.6	126800
2016-07-04	16.7	16.5	16.8	16.7	194300
2016-07-05	16.7	16.7	16.8	16.8	399900
2016-07-06	16.8	16.6	16.9	16.7	444500
2016-07-07	16.7	16.7	17.3	16.7	860200
2016-07-08	16.8	16.7	17.1	16.8	473500
2016-07-11	16.9	16.7	16.9	16.8	115300
2016-07-12	16.8	16.6	16.9	16.7	470000
2016-07-13	16.7	16.6	16.8	16.6	163200
2016-07-14	16.7	16.4	16.7	16.5	887900
2016-07-15	16.7	16.3	16.7	16.5	846900
2016-07-20	16.5	16.4	16.6	16.5	866900
2016-07-21	16.4	16.3	16.5	16.5	624000
2016-07-22	16.4	16.2	16.5	16.2	614400
2016-07-25	16.2	15.9	16.4	16.1	1390700
2016-07-26	16.1	16.0	16.2	16.0	1102700
2016-07-27	16.1	16.0	16.2	16.0	737200
2016-07-28	16.2	16.0	16.4	16.1	848000
2016-07-29	16.1	16.1	16.6	16.4	1660500
2016-08-01	16.5	16.2	16.5	16.2	168500
2016-08-02	16.4	16.2	16.4	16.3	483400
2016-08-03	17.5	16.9	17.7	17.5	6541100
2016-08-04	17.7	17.6	19.0	18.4	12269800
2016-08-05	18.5	17.8	18.5	18.0	1622700
2016-08-08	18.2	17.5	18.2	17.6	1652600
2016-08-09	17.6	17.5	18.0	17.5	1508100
2016-08-10	17.6	17.4	17.9	17.5	545700
2016-08-11	18.0	17.9	19.2	18.5	9430100
2016-08-15	18.4	18.2	18.5	18.4	1165700
2016-08-16	18.6	17.9	18.6	17.9	1079200
2016-08-17	18.0	17.9	18.2	18.1	1012900
2016-08-18	18.2	18.2	19.4	18.7	9136200
2016-08-19	20.0	19.2	20.2	19.3	14791400
2016-08-22	19.7	19.3	20.5	20.3	13282800
2016-08-23	20.1	19.8	20.5	20.0	10557500
2016-08-24	20.2	20.2	20.7	20.5	8968900
2016-08-25	20.7	20.2	20.9	20.3	3870200
2016-08-26	20.4	20.3	20.9	20.7	6264500
2016-08-29	20.8	20.1	20.8	20.3	4897600
2016-08-30	20.5	20.2	20.7	20.2	5528500
2016-08-31	20.2	19.5	20.3	19.7	5362500
2016-09-01	19.9	19.9	20.3	19.9	2247400
2016-09-02	19.9	19.3	19.9	19.4	2997600
2016-09-05	19.2	18.1	20.0	20.0	5449300
2016-09-06	20.0	19.7	20.3	20.0	4372200
2016-09-07	20.2	20.0	21.0	20.5	15744200
2016-09-08	20.5	18.9	20.5	19.0	12205600
2016-09-09	19.1	18.5	19.5	19.0	5187000
2016-09-12	18.6	17.6	19.2	18.1	3680500
2016-09-13	18.6	18.4	19.4	19.0	5920600
2016-09-14	18.8	18.7	19.8	19.8	6629200
2016-09-15	19.7	19.3	19.9	19.7	2024600
2016-09-16	19.7	19.6	20.3	20.2	3501100
2016-09-19	20.5	20.2	20.5	20.3	2416800
2016-09-20	20.3	19.7	20.3	19.9	2525300
2016-09-21	20.1	19.8	20.4	19.9	1605200
2016-09-22	20.2	19.9	20.4	20.3	4133400
2016-09-23	20.3	19.7	20.3	19.9	4037200
2016-09-26	19.7	19.4	19.8	19.4	2423200
2016-09-27	19.5	19.3	19.7	19.4	1655400
2016-09-28	19.3	19.1	19.5	19.4	2818000
2016-09-29	19.4	19.2	19.5	19.3	945200
2016-09-30	19.1	19.0	19.3	19.0	1532600
2016-10-03	19.2	19.1	19.3	19.1	531500
2016-10-04	19.0	19.0	19.4	19.4	1191400
2016-10-05	19.5	19.4	19.8	19.6	4067200
2016-10-06	19.8	19.8	20.4	20.2	4807800
2016-10-07	20.4	20.3	20.9	20.7	7608500
2016-10-10	18.5	18.5	20.2	20.0	5557000
2016-10-11	20.3	19.4	20.4	19.5	3594800
2016-10-12	19.4	18.2	19.9	19.0	6436200
2016-10-13	18.7	18.5	19.3	19.3	4036600
2016-10-14	19.9	19.8	20.4	20.0	5381100
2016-10-17	20.0	19.8	20.5	20.3	4510900
2016-10-18	20.5	20.2	21.6	21.0	16986100
2016-10-19	21.0	20.9	21.7	21.4	7319700
2016-10-20	21.6	21.6	22.3	21.8	9512100
2016-10-21	21.8	21.5	22.3	22.0	6327700
2016-10-25	22.2	21.6	24.8	23.7	17840100
2016-10-26	23.5	23.2	25.25	24.1	25545300
2016-10-27	24.1	23.4	24.4	23.8	7254700
2016-10-28	23.6	22.5	23.6	23.0	11755100
2016-10-31	23.1	22.8	23.6	23.5	4907600
2016-11-01	23.5	23.1	23.6	23.1	3366800
2016-11-02	23.0	22.7	23.1	22.8	2585100
2016-11-03	22.8	22.3	23.1	23.0	3547300
2016-11-04	22.9	22.7	23.7	23.5	4831600
2016-11-07	23.7	23.7	24.9	24.5	8662100
2016-11-08	24.5	23.5	24.5	23.5	4295500
2016-11-09	23.2	23.2	24.0	23.4	4687600
2016-11-10	23.6	22.9	23.6	22.9	2363500
2016-11-11	22.5	21.6	22.7	22.6	9494900
2016-11-14	22.6	22.3	23.2	22.6	4945200
2016-11-15	22.6	22.5	23.0	22.9	4009000
2016-11-16	23.2	22.3	23.2	22.3	4011100
2016-11-17	22.2	21.7	22.3	21.8	3315200
2016-11-18	21.8	21.3	22.4	22.3	4638800
2016-11-21	22.6	22.3	22.8	22.5	8569400
2016-11-22	22.7	22.7	23.4	23.2	19962100
2016-11-23	23.5	23.5	24.4	24.0	14216500
2016-11-24	24.2	23.6	24.4	23.7	5797700
2016-11-25	23.8	23.8	25.75	25.5	21334300
2016-11-28	25.25	24.9	26.0	25.0	8831300
2016-11-29	25.25	25.0	26.5	25.5	15230500
2016-11-30	25.5	25.0	25.75	25.75	5212200
2016-12-01	26.25	24.6	27.25	24.6	19042100
2016-12-02	24.8	23.3	25.0	23.9	14838600
2016-12-06	24.0	23.8	25.25	25.0	9040600
2016-12-07	24.9	24.6	25.75	25.0	8890300
2016-12-08	25.25	24.6	25.5	24.7	6061300
2016-12-09	24.9	24.4	25.0	24.6	4785300
2016-12-13	24.7	24.4	24.9	24.5	5506800
2016-12-14	24.5	24.0	24.5	24.4	7134500
2016-12-15	24.2	24.2	25.25	25.0	9463900
2016-12-16	25.25	24.5	25.25	24.5	4180500
2016-12-19	24.8	24.8	26.25	26.0	16809900
2016-12-20	26.25	25.0	27.0	25.25	9801900
2016-12-21	25.5	24.9	25.75	25.25	4311200
2016-12-22	25.25	25.0	25.75	25.25	2162100
2016-12-23	25.5	25.0	25.5	25.0	3281300
2016-12-26	25.25	24.6	25.5	25.0	3065500
2016-12-27	25.25	24.8	25.5	25.5	5268500
2016-12-28	25.5	25.5	26.0	25.75	3473400
2016-12-29	26.0	25.75	26.75	26.5	4916500
2016-12-30	26.5	25.25	26.75	25.25	4656800
2017-01-04	25.5	25.5	26.5	26.25	5051000
2017-01-05	26.25	26.0	26.75	26.25	3365800
2017-01-06	26.5	25.75	26.75	26.0	2746100
2017-01-09	26.25	25.5	26.5	25.5	2348300
2017-01-10	25.5	25.5	26.25	26.0	4144300
2017-01-11	26.25	26.0	26.75	26.0	6156000
2017-01-12	26.25	26.0	26.5	26.25	1110900
2017-01-13	26.25	25.75	27.5	27.0	10810700
2017-01-16	27.0	26.75	28.5	27.75	7848400
2017-01-17	28.5	27.25	29.25	27.5	8352100
2017-01-18	27.75	27.25	28.25	27.5	3233400
2017-01-19	27.5	27.25	28.0	27.5	3736400
2017-01-20	27.5	27.5	28.25	28.0	3086600
2017-01-23	28.0	27.5	28.25	27.5	2320900
2017-01-24	27.75	27.5	28.25	27.5	3435600
2017-01-25	27.5	26.5	28.0	26.75	5374500
2017-01-26	27.0	26.5	27.5	26.5	3262700
2017-01-27	26.5	26.5	27.25	27.25	2005300
2017-01-30	27.0	27.0	28.25	28.25	4313900
2017-01-31	28.0	27.75	28.5	28.25	2367600
2017-02-01	28.0	27.0	28.25	27.5	2898700
2017-02-02	27.5	27.0	27.75	27.5	2051800
2017-02-03	27.5	27.0	27.75	27.5	1211800
2017-02-06	27.5	27.5	28.0	27.5	1951700
2017-02-07	27.5	26.5	27.75	27.25	3983400
2017-02-08	27.0	25.25	27.0	26.25	10914200
2017-02-09	26.0	25.75	26.5	26.25	2829900
2017-02-10	26.5	26.25	26.75	26.5	1816400
2017-02-14	26.5	26.0	26.75	26.25	1886700
2017-02-15	26.25	25.5	26.5	25.5	3330400
2017-02-16	25.75	24.6	26.0	24.7	8020800
2017-02-17	24.8	24.5	25.25	25.0	3851800
2017-02-20	25.25	24.9	25.5	25.5	2308200
2017-02-21	25.5	25.0	25.5	25.0	1950100
2017-02-22	25.0	24.1	25.0	24.3	5137600
2017-02-23	24.5	24.5	25.25	24.7	3583700
2017-02-24	25.25	24.9	25.75	25.5	4335600
2017-02-27	25.5	25.25	25.75	25.25	1477200
2017-02-28	25.0	25.0	25.5	25.25	1026600
2017-03-01	25.25	25.25	26.75	26.5	6242500
2017-03-02	26.75	26.25	27.0	26.5	3049400
2017-03-03	26.5	26.0	26.75	26.75	1564900
2017-03-06	26.75	26.0	27.0	26.5	3704000
2017-03-07	26.75	26.25	27.0	26.5	2347400
2017-03-08	26.25	25.25	26.5	26.5	2359100
2017-03-09	26.75	26.25	26.75	26.5	973100
2017-03-10	26.5	25.75	26.5	26.0	928300
2017-03-13	25.75	25.0	26.0	25.25	881400
2017-03-14	24.8	24.8	25.75	25.5	1956000
2017-03-15	25.75	25.25	26.0	25.5	1254600
2017-03-16	25.5	25.25	26.75	26.5	3289000
2017-03-17	26.75	26.25	27.0	26.75	2348200
2017-03-20	27.0	26.75	27.5	27.0	4023200
2017-03-21	27.0	26.0	27.0	26.25	1186200
2017-03-22	26.25	26.25	26.75	26.25	858900
2017-03-23	26.25	26.0	26.5	26.0	1548100
2017-03-24	26.25	25.5	26.5	25.5	1027000
2017-03-27	25.75	25.5	26.75	26.5	2139600
2017-03-28	26.5	25.75	26.5	26.0	1475800
2017-03-29	26.0	26.0	26.5	26.5	1759700
2017-03-30	26.25	26.25	27.0	27.0	2694000
2017-03-31	27.0	26.5	27.0	26.5	1261000
2017-04-03	26.75	26.0	27.0	26.5	1239800
2017-04-04	26.25	26.25	27.0	26.75	1535200
2017-04-05	26.75	26.5	26.75	26.5	1486700
2017-04-07	26.5	26.5	27.75	27.5	3400400
2017-04-10	27.5	27.0	27.75	27.5	2153700
2017-04-11	27.5	27.25	28.25	27.5	4255900
2017-04-12	27.5	27.25	27.75	27.75	1719100
2017-04-17	27.5	26.75	27.75	26.75	4696700
2017-04-18	27.0	27.0	27.75	27.75	764500
2017-04-19	27.25	26.75	27.25	26.75	654000
2017-04-20	26.75	26.75	27.0	26.75	206700
2017-04-21	27.0	26.75	27.0	27.0	916200
2017-04-24	27.0	26.75	27.0	27.0	415600
2017-04-25	26.75	25.75	27.0	26.0	1430200
2017-04-26	26.0	25.5	26.25	25.75	1627500
2017-04-27	25.75	25.25	25.75	25.25	1048500
2017-04-28	25.25	25.0	25.75	25.75	3137300
2017-05-02	25.75	25.5	26.0	26.0	1064100
2017-05-03	25.75	25.75	26.25	25.75	719200
2017-05-04	26.25	25.75	27.0	26.75	1317500
2017-05-05	26.75	26.0	26.75	26.0	598700
2017-05-08	26.0	26.0	26.5	26.25	365600
2017-05-09	26.5	25.75	26.5	25.75	646900
2017-05-11	25.75	24.8	26.0	25.0	2632200
2017-05-12	25.0	25.0	25.75	25.5	1043500
2017-05-15	25.25	25.25	25.75	25.5	242600
2017-05-16	25.5	25.5	26.75	26.25	827000
2017-05-17	26.25	26.0	27.0	26.25	2494300
2017-05-18	26.25	26.25	27.25	26.5	1974400
2017-05-19	26.5	26.5	27.25	26.75	1299900
2017-05-22	26.5	26.5	27.5	27.5	1236100
2017-05-23	27.5	26.75	27.5	27.0	1211600
2017-05-24	27.0	26.5	27.0	26.5	604600
2017-05-25	26.5	26.5	27.0	26.75	254000
2017-05-26	26.75	26.5	27.0	27.0	757500
2017-05-29	27.0	26.25	27.25	26.5	781000
2017-05-30	26.75	26.25	26.75	26.5	293700
2017-05-31	26.5	25.75	26.75	26.25	1773100
2017-06-01	26.25	26.0	26.75	26.25	606900
2017-06-02	26.25	26.25	26.75	26.75	1914500
2017-06-05	26.75	26.5	29.25	29.25	13214200
2017-06-06	29.0	28.0	29.5	28.25	11539500
2017-06-07	28.5	27.5	28.75	27.5	7382200
2017-06-08	27.5	27.5	29.5	28.75	14665400
2017-06-09	29.25	29.25	31.0	30.75	18553600
2017-06-12	30.75	29.75	30.75	30.25	4182100
2017-06-13	30.25	30.25	31.5	30.75	5289500
2017-06-14	31.25	29.75	31.25	30.0	3567500
2017-06-15	30.0	29.5	30.5	29.75	4655300
2017-06-16	29.75	29.0	30.5	29.25	3512100
2017-06-19	29.5	29.25	30.5	30.5	6414100
2017-06-20	30.5	30.25	31.0	30.5	2994000
2017-06-21	30.5	30.25	31.75	30.5	10375900
2017-06-22	30.25	29.5	30.75	30.0	3760900
2017-06-23	30.0	29.25	30.0	29.5	3685800
2017-06-26	29.5	28.5	29.75	29.5	4763100
2017-06-27	29.5	28.5	29.75	28.75	5233700
2017-06-28	29.0	27.75	29.25	28.0	7690400
2017-06-29	28.25	28.0	29.0	28.25	4814400
2017-06-30	28.0	27.5	28.25	28.0	4852800
2017-07-03	27.75	27.75	28.5	28.25	2308700
2017-07-04	28.5	28.25	29.25	28.25	4762800
2017-07-05	28.5	28.25	29.0	28.25	2297100
2017-07-06	28.25	28.0	28.75	28.0	2171400
2017-07-07	28.0	26.25	28.0	26.75	11790700
2017-07-11	26.75	26.0	26.75	26.0	4220400
2017-07-12	26.25	26.0	27.25	27.0	5711300
2017-07-13	27.0	26.75	27.5	27.0	2878200
2017-07-14	27.25	26.5	27.25	27.0	5145700
2017-07-17	27.25	26.75	27.75	26.75	5956700
2017-07-18	27.0	26.75	27.25	27.0	2275800
2017-07-19	27.0	27.0	27.75	27.5	2790000
2017-07-20	27.5	27.25	27.5	27.25	1383200
2017-07-21	27.25	27.0	27.5	27.25	1840600
2017-07-24	27.25	27.25	29.0	29.0	11831800
2017-07-25	29.0	28.5	30.0	30.0	9644500
2017-07-26	30.0	28.5	30.0	28.75	3058300
2017-07-27	28.75	28.0	28.75	28.25	2115000
2017-07-31	28.25	27.5	28.75	28.0	3513500
2017-08-01	28.0	27.5	28.25	28.0	2248500
2017-08-02	28.25	28.0	28.75	28.0	3181100
2017-08-03	28.25	28.0	28.5	28.25	1121000
2017-08-04	28.5	27.75	28.5	28.0	1863700
2017-08-07	28.25	27.5	28.25	27.75	1644400
2017-08-08	27.75	27.5	28.25	27.75	1988100
2017-08-09	27.75	27.5	28.25	28.0	1808200
2017-08-10	28.0	27.75	28.0	28.0	1629600
2017-08-11	28.0	27.25	28.0	27.5	2638700
2017-08-15	28.25	28.25	29.5	29.0	7652300
2017-08-16	29.0	28.75	30.25	30.0	7445400
2017-08-17	29.75	28.75	29.75	28.75	5485800
2017-08-18	28.75	28.5	29.5	29.25	2000100
2017-08-21	29.0	29.0	30.0	29.75	2945800
2017-08-22	29.75	29.5	30.0	29.75	2862000
2017-08-23	29.75	29.75	30.25	29.75	3491300
2017-08-24	29.75	29.75	31.75	31.0	13503700
2017-08-25	30.5	30.25	31.0	30.75	3840600
2017-08-28	31.0	30.5	32.5	31.0	14549900
2017-08-29	30.75	30.5	31.0	30.75	3441900
2017-08-30	30.75	29.75	31.0	30.75	2518000
2017-08-31	30.75	30.75	31.25	31.25	1801700
2017-09-01	31.5	31.5	32.5	31.75	5711300
2017-09-04	31.5	31.5	34.25	33.5	6546900
2017-09-05	33.5	32.25	34.0	32.5	2846900
2017-09-06	32.75	32.5	33.0	33.0	1855100
2017-09-07	33.0	32.75	36.5	34.5	11677900
2017-09-08	34.5	34.5	36.25	35.0	4033000
2017-09-11	35.0	34.0	35.5	35.5	3472800
2017-09-12	35.5	35.5	38.75	38.25	9329400
2017-09-13	38.0	37.25	38.75	37.5	3085400
2017-09-14	37.25	37.0	38.25	37.75	3754800
2017-09-15	37.75	37.0	38.5	37.25	3062400
2017-09-18	37.25	35.25	37.5	35.5	4231800
2017-09-19	35.75	34.25	36.5	34.75	7188800
2017-09-20	34.75	34.5	36.25	34.5	10780000
2017-09-21	34.75	34.5	36.25	36.25	5666600
2017-09-22	36.25	36.0	37.75	37.75	6529400
2017-09-25	37.5	36.5	38.5	37.0	4980500
2017-09-26	36.75	36.75	37.75	37.0	2145900
2017-09-27	37.5	36.0	37.75	36.25	2442500
2017-09-28	36.25	36.0	37.25	36.5	1226000
2017-09-29	36.5	36.25	37.75	37.75	2314200
2017-10-02	38.0	37.25	38.25	37.75	2546100
2017-10-03	38.25	37.5	40.75	39.75	10159800
2017-10-04	39.5	39.25	41.0	39.75	8341800
2017-10-05	39.75	39.75	41.0	39.75	1956100
2017-10-06	40.0	39.0	40.25	40.0	2870300
2017-10-09	40.25	38.5	40.25	39.0	1644500
2017-10-10	39.0	38.0	39.5	38.75	2913100
2017-10-11	39.0	38.5	41.0	41.0	5788600
2017-10-12	41.0	40.0	42.0	41.25	3672500
2017-10-16	41.25	40.25	41.5	40.5	1283700
2017-10-17	40.75	40.25	42.0	40.25	3964500
2017-10-18	40.5	40.0	40.75	40.0	1671000
2017-10-19	40.25	39.0	41.25	39.5	1834700
2017-10-20	39.5	39.5	40.5	40.5	1390000
2017-10-24	40.0	40.0	42.0	41.75	2715600
2017-10-25	42.0	42.0	43.25	43.0	2707400
2017-10-27	43.25	42.5	43.5	43.0	1148800
2017-10-30	43.5	42.5	43.5	42.5	1160800
2017-10-31	42.75	41.5	42.75	42.0	1305600
2017-11-01	42.25	41.25	42.75	42.25	2525800
2017-11-02	42.0	42.0	44.25	42.75	2513400
2017-11-03	42.75	41.5	42.75	41.5	1978700
2017-11-06	41.75	40.75	42.25	42.0	1349800
2017-11-07	42.0	41.25	42.25	41.25	916300
2017-11-08	42.0	41.75	43.5	42.5	2860200
2017-11-09	42.5	42.0	43.25	42.25	1634300
2017-11-10	42.75	41.25	42.75	42.0	1905500
2017-11-13	42.75	41.75	42.75	42.25	1928700
2017-11-14	42.5	41.75	44.25	43.5	3632800
2017-11-15	43.25	43.25	45.5	44.0	3111900
2017-11-16	43.75	43.75	45.25	45.0	1055600
2017-11-17	45.25	44.25	45.5	44.5	1616400
2017-11-20	44.25	44.25	48.0	46.0	3248000
2017-11-21	46.5	46.25	48.5	47.0	3047400
2017-11-22	47.5	45.5	47.5	46.0	2949800
2017-11-23	46.5	45.5	47.0	45.5	1721800
2017-11-24	45.5	42.75	45.75	44.25	3462100
2017-11-27	44.25	40.25	45.0	42.5	5591000
2017-11-28	42.0	41.25	43.5	42.75	3662600
2017-11-29	43.0	41.25	43.75	41.5	2579200
2017-11-30	41.25	39.25	41.75	40.75	4063300
2017-12-01	40.75	40.75	42.25	42.25	2450000
2017-12-04	42.25	41.5	43.75	43.75	2574700
2017-12-06	43.0	41.25	43.5	43.0	3024800
2017-12-07	42.25	42.0	43.25	42.25	1451100
2017-12-08	42.25	41.25	42.5	41.75	1948400
2017-12-12	42.0	39.5	42.0	40.0	2798800
2017-12-13	40.0	38.0	40.0	39.5	5014600
2017-12-14	39.5	39.0	40.5	39.25	2129700
2017-12-15	39.25	38.0	39.5	38.5	2238900
2017-12-18	38.25	37.5	40.5	40.5	5745800
2017-12-19	40.5	40.0	41.75	41.75	4023800
2017-12-20	41.75	41.25	44.0	44.0	4748900
2017-12-21	44.0	42.5	44.25	43.25	1654700
2017-12-22	43.25	42.5	44.0	43.25	1942500
2017-12-25	43.25	41.5	43.5	41.75	2315600
2017-12-26	41.75	41.75	42.75	42.25	813600
2017-12-27	42.5	41.5	43.0	43.0	2375700
2017-12-28	43.5	42.0	43.5	42.0	1024300
2017-12-29	42.0	42.0	44.5	44.0	5709700
2018-01-03	44.25	44.0	45.25	45.25	2896200
2018-01-04	45.5	44.0	45.5	44.5	4221600
2018-01-05	44.5	42.75	45.25	42.75	2694300
2018-01-08	42.25	40.75	43.0	40.75	4844200
2018-01-09	41.0	40.5	42.5	41.0	3638400
2018-01-10	41.25	40.75	41.5	41.25	1771600
2018-01-11	40.75	40.75	42.0	41.25	1976000
2018-01-12	41.25	41.0	41.75	41.25	1215800
2018-01-15	41.5	41.5	43.75	43.25	6031200
2018-01-16	43.5	42.0	44.5	42.0	3912900
2018-01-17	42.0	41.5	43.0	42.75	1183600
2018-01-18	43.0	42.75	44.0	44.0	2534700
2018-01-19	44.5	42.5	45.25	44.0	5715900
2018-01-22	44.25	43.75	44.25	44.25	798700
2018-01-23	44.25	43.5	44.5	43.5	1560500
2018-01-24	43.5	42.75	43.75	42.75	1420700
2018-01-25	43.25	42.75	43.75	42.75	1654200
2018-01-26	42.75	42.0	43.25	43.25	923200
2018-01-29	43.5	43.25	45.0	44.0	2116500
2018-01-30	43.5	43.0	44.25	44.0	1691700
2018-01-31	44.0	43.5	46.5	46.5	6582100
2018-02-01	46.25	45.25	47.0	45.5	4621100
2018-02-02	45.75	44.25	46.25	44.5	3352600
2018-02-05	43.0	43.0	44.25	43.5	2101400
2018-02-06	42.5	41.5	44.0	43.5	3266400
2018-02-07	44.0	42.25	44.25	42.25	2059800
2018-02-08	42.0	42.0	43.25	43.0	2252700
2018-02-09	42.0	41.5	42.75	42.25	2993300
2018-02-12	42.5	41.5	42.5	41.75	2326000
2018-02-13	42.0	40.75	42.75	41.5	4375100
2018-02-14	41.25	39.75	41.75	40.0	2873900
2018-02-15	40.0	38.5	42.0	42.0	5135900
2018-02-16	42.0	41.5	42.25	41.75	2562400
2018-02-19	42.0	41.0	42.0	41.25	1256500
2018-02-20	41.5	40.25	41.5	40.25	1312100
2018-02-21	40.5	39.5	40.5	39.5	2023800
2018-02-22	39.0	39.0	40.5	39.75	2551800
2018-02-23	41.25	40.75	43.0	42.5	7930800
2018-02-26	42.75	42.5	44.0	43.75	3757100
2018-02-27	44.0	43.0	44.0	44.0	2377800
2018-02-28	44.25	43.75	45.25	44.5	3077000
2018-03-02	43.75	41.5	43.75	42.25	5700100
2018-03-05	42.0	42.0	44.25	43.25	3091800
2018-03-06	43.75	43.0	44.25	43.25	1959700
2018-03-07	43.25	42.5	43.75	42.5	1981100
2018-03-08	43.0	42.0	43.0	42.0	1178600
2018-03-09	41.75	41.5	42.5	42.5	1101900
2018-03-12	43.0	42.5	45.0	44.0	2450000
2018-03-13	44.25	43.5	44.75	44.5	2470700
2018-03-14	44.25	44.25	45.75	45.0	4349000
2018-03-15	45.25	44.5	45.5	44.75	1798300
2018-03-16	44.75	43.75	44.75	44.25	1040600
2018-03-19	43.75	43.0	45.0	44.5	2291600
2018-03-20	44.0	43.75	44.75	44.0	650100
2018-03-21	44.5	44.0	45.75	45.25	3054900
2018-03-22	45.5	44.5	46.25	44.75	1804100
2018-03-23	44.0	44.0	45.0	44.25	804800
2018-03-26	44.25	44.0	45.5	45.5	1841400
2018-03-27	45.5	45.5	47.75	47.25	5528800
2018-03-28	47.0	45.25	47.5	45.75	1967800
2018-03-29	45.75	43.5	46.0	44.25	3941800
2018-03-30	43.5	41.0	44.5	41.5	9548100
2018-04-02	41.5	40.75	42.75	40.75	5235400
2018-04-03	41.0	40.5	41.75	40.75	5308000
2018-04-04	40.75	39.0	41.25	39.75	3378300
2018-04-05	39.75	39.25	42.25	42.25	5217400
2018-04-09	42.5	40.5	42.5	41.0	1716200
2018-04-10	41.5	39.75	41.5	41.0	2303900
2018-04-11	40.75	39.75	41.0	39.75	4546700
2018-04-12	40.0	39.25	40.75	40.25	2809500
2018-04-17	40.25	40.0	41.75	41.25	3603100
2018-04-18	41.5	40.25	41.5	40.75	2690700
2018-04-19	41.0	40.5	41.5	41.25	2399000
2018-04-20	41.25	40.25	42.0	40.5	4008300
2018-04-23	40.25	40.0	41.0	40.0	1872500
2018-04-24	40.5	40.0	41.25	40.75	1846100
2018-04-25	40.5	40.5	41.5	41.0	2017300
2018-04-26	41.25	40.75	41.5	41.0	770900
2018-04-27	41.0	40.75	41.25	41.0	668800
2018-04-30	41.25	41.0	41.5	41.25	1065600
2018-05-02	41.5	41.25	42.75	42.5	3740200
2018-05-03	42.5	41.75	42.75	42.0	1374200
2018-05-04	42.0	41.5	42.5	41.75	699600
2018-05-07	42.5	41.75	42.5	41.75	839000
2018-05-08	42.0	40.75	42.0	41.0	1291500
2018-05-09	41.25	40.25	41.5	41.25	1078400
2018-05-10	41.5	39.25	41.5	40.0	2861600
2018-05-11	40.5	40.25	41.75	41.75	1913900
2018-05-14	41.75	41.5	42.0	41.5	1076200
2018-05-15	42.25	41.25	43.25	42.5	5440300
2018-05-16	42.25	41.5	42.5	42.25	1618400
2018-05-17	42.25	41.25	42.25	42.0	2052100
2018-05-18	42.0	41.75	42.75	42.0	2074900
2018-05-21	42.5	41.75	42.75	42.0	1100200
2018-05-22	42.0	41.75	42.25	41.75	622000
2018-05-23	41.75	41.25	42.0	41.5	645900
2018-05-24	41.5	40.75	42.5	41.5	1698100
2018-05-25	41.0	40.75	42.0	41.75	1295300
2018-05-28	41.75	41.5	42.25	42.0	1065700
2018-05-30	41.5	40.5	42.0	41.0	1710400
2018-05-31	40.75	39.75	41.5	41.5	3548000
2018-06-01	41.0	40.25	41.25	41.0	1520500
2018-06-04	40.75	40.25	41.0	40.75	1194200
2018-06-05	40.5	39.25	40.75	40.5	2833800
2018-06-06	40.75	40.25	41.5	40.25	1365000
2018-06-07	40.75	40.5	41.0	40.75	1747700
2018-06-08	41.0	40.75	42.5	41.75	3821200
2018-06-11	42.0	41.75	42.5	41.75	805700
2018-06-12	42.0	42.0	42.75	42.25	973300
2018-06-13	42.5	40.5	42.75	41.25	2200600
2018-06-14	41.25	40.75	41.5	41.5	1191000
2018-06-15	41.5	40.5	41.5	41.5	976200
2018-06-18	41.25	40.5	41.25	40.75	651700
2018-06-19	40.5	39.25	41.0	40.0	1526400
2018-06-20	40.25	39.5	40.5	40.0	728600
2018-06-21	40.0	39.5	40.25	39.5	948200
2018-06-22	39.5	39.25	39.75	39.5	853100
2018-06-25	40.75	39.25	40.75	39.25	799300
2018-06-26	39.25	39.0	40.0	39.5	573600
2018-06-27	39.5	39.5	41.5	41.0	2525600
2018-06-28	41.0	38.0	41.0	38.0	1733300
2018-06-29	37.5	36.75	39.75	39.75	4139300
2018-07-02	39.25	39.25	41.25	41.25	2039300
2018-07-03	41.5	40.5	41.5	41.25	939400
2018-07-04	41.25	40.5	41.25	40.5	784900
2018-07-05	40.5	38.75	40.75	39.25	1380400
2018-07-06	39.5	39.0	41.0	40.75	1319800
2018-07-09	40.75	40.0	41.25	41.0	1217600
2018-07-10	41.25	41.25	42.25	42.0	2416300
2018-07-11	42.0	40.75	42.0	41.0	799500
2018-07-12	41.5	40.75	41.75	41.0	530600
2018-07-13	41.5	41.25	42.0	41.5	877400
2018-07-16	41.5	41.25	42.5	41.25	1271400
2018-07-17	40.75	39.5	41.25	41.0	1998900
2018-07-18	41.0	40.25	41.25	40.5	1117100
2018-07-19	40.75	40.25	41.25	40.5	1212000
2018-07-20	41.0	40.75	41.5	41.5	429300
2018-07-23	41.0	40.5	41.25	41.0	646600
2018-07-24	40.75	40.5	42.0	40.75	1713700
2018-07-25	41.0	40.75	41.25	40.75	384800
2018-07-26	41.0	40.75	41.0	41.0	355600
2018-07-31	41.0	40.5	41.25	40.75	625200
2018-08-01	40.75	40.0	41.0	40.5	4695000
2018-08-02	40.75	40.25	41.0	40.5	1201100
2018-08-03	40.5	40.25	41.25	40.5	1661600
2018-08-06	40.5	40.0	40.75	40.25	785800
2018-08-07	40.25	40.25	40.5	40.5	664800
2018-08-08	40.5	39.75	40.5	40.0	1527300
2018-08-09	40.25	39.5	40.25	39.5	1222700
2018-08-10	39.5	39.5	40.5	39.75	691900
2018-08-14	39.75	39.5	40.25	40.0	828600
2018-08-15	37.75	34.25	38.5	34.75	11475400
2018-08-16	35.0	34.0	36.75	36.25	5723200
2018-08-17	36.75	36.25	37.0	36.5	1726800
2018-08-20	36.5	35.5	36.75	36.5	2855300
2018-08-21	36.5	36.0	36.75	36.0	1478300
2018-08-22	36.0	36.0	36.5	36.25	653100
2018-08-23	36.25	36.0	36.5	36.0	773100
2018-08-24	36.25	36.0	36.25	36.0	844200
2018-08-27	36.0	35.5	36.25	35.75	1732400
2018-08-28	35.5	34.5	35.5	35.0	3047400
2018-08-29	35.0	35.0	35.75	35.5	925300
2018-08-30	35.5	35.0	35.5	35.0	1798500
2018-08-31	35.0	35.0	36.0	35.25	2283700
2018-09-03	35.5	35.0	35.5	35.0	743700
2018-09-04	35.25	35.0	35.25	35.0	1174000
2018-09-05	35.0	34.25	35.25	34.5	2069500
2018-09-06	34.5	34.25	35.25	35.0	1888900
2018-09-07	35.0	34.75	35.25	35.0	542100
2018-09-10	35.0	34.5	35.75	35.75	1313800
2018-09-11	36.0	35.25	36.0	35.25	1036300
2018-09-12	35.25	35.0	36.0	35.75	2293500
2018-09-13	35.75	35.5	36.5	36.0	2425200
2018-09-14	36.25	35.75	36.75	36.75	1047100
2018-09-17	36.5	36.5	38.0	37.5	4315600
2018-09-18	37.5	37.0	38.0	37.25	3125800
2018-09-19	37.5	37.0	37.75	37.25	2132800
2018-09-20	37.25	36.5	37.25	37.0	1429900
2018-09-21	37.25	36.75	37.5	37.0	1806000
2018-09-24	37.0	36.75	37.25	36.75	658400
2018-09-25	37.0	36.25	37.0	36.25	903100
2018-09-26	36.5	36.5	37.0	36.75	785300
2018-09-27	37.0	35.75	37.0	36.25	1415700
2018-09-28	36.25	35.75	37.25	37.25	2253100
2018-10-01	38.0	37.75	39.25	38.5	7525800
2018-10-02	38.5	38.0	38.75	38.0	1184200
2018-10-03	38.5	38.25	39.25	38.25	3134900
2018-10-04	38.25	37.5	38.5	37.75	2181800
2018-10-05	38.0	37.25	38.25	37.25	1105600
2018-10-08	37.5	36.0	38.0	36.0	1344500
2018-10-09	36.0	35.5	36.5	35.75	731400
2018-10-10	36.0	35.75	37.5	37.25	2574200
2018-10-11	35.75	35.75	37.0	36.75	1305700
2018-10-12	37.0	36.25	37.25	36.75	885800
2018-10-16	37.0	36.5	37.25	36.75	973000
2018-10-17	37.25	37.25	38.25	37.5	1383000
2018-10-18	37.25	37.0	37.75	37.0	732700
2018-10-19	37.0	36.25	37.25	37.0	1791800
2018-10-22	36.75	36.25	37.25	36.25	1139200
2018-10-24	35.5	34.75	36.0	35.0	1171600
2018-10-25	34.0	34.0	36.0	36.0	1058600
2018-10-26	36.0	35.25	36.0	35.5	342700
2018-10-29	35.25	35.25	36.0	35.25	411500
2018-10-30	35.5	35.25	36.25	36.0	254800
2018-10-31	36.75	36.25	37.5	37.5	1398800
2018-11-01	37.5	36.5	37.5	36.75	343400
2018-11-02	37.25	36.5	37.5	36.75	1135400
2018-11-05	36.5	36.25	36.75	36.5	341700
2018-11-06	36.75	36.5	37.0	36.75	1058900
2018-11-07	36.25	36.25	36.75	36.5	373900
2018-11-08	36.5	36.25	36.75	36.5	294900
2018-11-09	35.75	35.75	36.5	36.0	670200
2018-11-12	36.0	35.25	36.5	35.5	881100
2018-11-13	35.25	35.25	36.0	35.75	538100
2018-11-14	36.0	35.75	36.5	36.0	384100
2018-11-15	35.25	33.5	36.5	33.5	3180000
2018-11-16	33.5	31.25	34.0	31.5	3686200
2018-11-19	31.75	31.25	32.5	31.5	1477400
2018-11-20	31.25	30.0	31.5	30.5	1802100
2018-11-21	30.5	29.75	31.0	30.5	3165300
2018-11-22	30.5	30.5	31.5	30.75	2276200
2018-11-23	30.75	30.5	32.25	31.75	1760300
2018-11-26	31.75	30.75	31.75	31.0	1019400
2018-11-27	31.25	31.25	31.5	31.5	466700
2018-11-28	31.25	31.25	31.75	31.75	1381300
2018-11-29	32.0	31.5	32.75	32.75	1455800
2018-11-30	32.75	32.5	33.25	32.5	1401900
2018-12-03	33.0	32.75	33.25	32.75	2004900
2018-12-04	32.75	32.75	33.75	33.75	1573400
2018-12-06	33.25	33.0	33.75	33.25	970700
2018-12-07	33.75	33.25	34.0	33.75	565900
2018-12-11	33.25	32.25	33.25	32.25	1625500
2018-12-12	32.5	31.5	32.5	32.0	1244700
2018-12-13	32.0	30.75	32.25	31.75	1268200
2018-12-14	31.75	30.25	31.75	31.0	1305400
2018-12-17	30.75	30.5	31.25	30.5	630900
2018-12-18	30.75	29.25	30.75	30.0	1611400
2018-12-19	30.0	29.5	30.25	30.0	562700
2018-12-20	30.0	29.5	30.25	30.0	224500
2018-12-21	30.0	29.25	30.5	29.75	855100
2018-12-24	30.0	29.5	30.0	29.5	124500
2018-12-25	28.75	28.25	29.25	28.25	382300
2018-12-26	28.25	28.25	29.25	29.0	385800
2018-12-27	29.5	28.5	30.0	28.5	249000
2018-12-28	28.75	28.75	29.5	28.75	567100
2019-01-02	28.5	28.5	29.5	29.0	402300
2019-01-03	29.0	29.0	29.5	29.25	304800
2019-01-04	29.25	28.5	29.5	29.25	573800
2019-01-07	29.5	29.5	30.0	29.75	849200
2019-01-08	29.75	29.5	30.0	29.5	215100
2019-01-09	29.75	29.25	30.5	29.5	1944900
2019-01-10	29.5	29.25	29.75	29.5	1239900
2019-01-11	29.25	29.25	29.5	29.25	188400
2019-01-14	29.5	28.5	29.5	28.75	1226200
2019-01-15	28.75	28.25	29.0	29.0	1419800
2019-01-16	28.75	28.75	29.5	29.25	419100
2019-01-17	29.25	29.0	29.5	29.25	2305900
2019-01-18	29.25	28.75	29.5	28.75	928600
2019-01-21	29.0	29.0	30.25	29.25	1778300
2019-01-22	29.5	29.0	29.75	29.5	3387900
2019-01-23	29.5	29.5	30.75	30.5	3872000
2019-01-24	30.75	29.75	30.75	30.0	3132500
2019-01-25	30.25	30.0	31.5	30.75	3330500
2019-01-28	31.25	31.0	32.25	31.75	2546600
2019-01-29	31.5	31.5	32.75	32.25	1901000
2019-01-30	32.75	32.5	33.25	32.75	2269100
2019-01-31	33.0	32.5	33.75	32.75	2371000
2019-02-01	33.0	33.0	34.25	34.0	3076900
2019-02-04	33.5	33.5	34.75	34.5	1392300
2019-02-05	34.25	33.5	34.25	33.75	1935900
2019-02-06	33.75	33.25	34.25	34.25	678200
2019-02-07	34.25	34.0	34.5	34.5	1007300
2019-02-08	34.0	33.25	34.0	33.75	948200
2019-02-11	33.5	32.5	33.5	33.0	1061200
2019-02-12	32.75	32.75	34.75	34.5	2954600
2019-02-13	34.5	34.25	35.75	35.25	1979500
2019-02-14	35.5	34.25	35.5	34.5	745200
2019-02-15	34.75	34.25	35.25	34.75	1267200
2019-02-18	35.0	33.25	35.25	33.5	937400
2019-02-20	33.5	33.5	34.75	34.25	991300
2019-02-21	34.0	33.5	34.25	33.5	1316500
2019-02-22	33.5	33.5	34.25	34.0	683700
2019-02-25	34.0	34.0	35.5	35.0	2848400
2019-02-26	35.0	34.75	35.0	34.75	1584300
2019-02-27	34.75	33.25	34.75	33.5	1973500
2019-02-28	33.5	32.75	33.5	33.25	1618700
2019-03-01	33.5	33.0	33.75	33.25	492600
2019-03-04	33.5	32.75	33.5	32.75	293200
2019-03-05	32.5	31.5	33.0	32.75	1341200
2019-03-06	32.5	31.75	32.5	31.75	947900
2019-03-07	31.75	31.25	32.0	32.0	906600
2019-03-08	31.75	31.5	32.0	32.0	343600
2019-03-11	31.5	31.5	32.25	32.25	848100
2019-03-12	32.0	31.5	32.0	31.5	417600
2019-03-13	31.5	31.5	32.25	32.0	256300
2019-03-14	32.0	31.5	32.25	31.75	598200
2019-03-15	31.75	31.5	33.25	33.25	2916000
2019-03-18	33.5	32.25	33.5	32.75	1225600
2019-03-19	32.75	32.25	33.0	32.5	678100
2019-03-20	32.75	32.25	32.75	32.5	301500
2019-03-21	32.5	32.25	33.0	32.5	848600
2019-03-22	32.25	32.25	32.75	32.5	520600
2019-03-25	32.25	31.75	32.5	31.75	553900
2019-03-26	31.75	31.75	32.5	32.25	256600
2019-03-27	32.25	32.25	33.0	33.0	620900
2019-03-28	33.0	31.75	33.25	33.25	1248000
2019-03-29	33.25	32.5	33.25	32.5	942500
2019-04-01	32.75	32.5	34.25	34.25	2446500
2019-04-02	34.25	33.75	34.25	34.25	1654100
2019-04-03	34.0	34.0	34.5	34.0	867900
2019-04-04	34.0	33.75	34.25	34.0	1372300
2019-04-05	34.0	33.75	34.25	34.25	1028600
2019-04-09	34.25	34.0	34.75	34.0	2461200
2019-04-10	34.25	34.0	34.75	34.5	1653800
2019-04-11	34.5	34.0	34.5	34.0	719300
2019-04-12	34.0	33.75	34.25	34.0	636000
2019-04-17	34.25	34.0	34.5	34.25	2007200
2019-04-18	34.25	34.0	35.25	34.5	3892400
2019-04-19	34.5	34.5	35.5	35.5	2613000
2019-04-22	35.5	35.0	35.5	35.0	1397700
2019-04-23	35.0	34.5	35.25	35.0	1357000
2019-04-24	34.75	34.5	35.5	35.5	1571400
2019-04-25	35.5	35.0	37.0	37.0	2730300
2019-04-26	36.5	35.75	36.75	36.5	2451900
2019-04-29	36.25	36.0	36.75	36.25	692800
2019-04-30	36.25	35.75	36.5	36.0	676200
2019-05-02	36.25	35.75	38.0	38.0	2508600
2019-05-03	38.0	37.0	38.25	37.25	2023100
2019-05-07	37.0	36.0	37.0	36.0	1224800
2019-05-08	36.0	35.0	36.25	36.0	1461900
2019-05-09	35.5	34.25	35.75	34.25	822700
2019-05-10	34.0	33.0	34.25	33.5	2007400
2019-05-13	33.5	32.25	33.5	32.5	1190100
2019-05-14	32.0	32.0	33.5	33.25	2546300
2019-05-15	33.25	33.25	34.0	33.25	1499100
2019-05-16	33.75	33.25	34.0	33.75	1894900
2019-05-17	33.75	33.75	34.25	34.0	1493100
2019-05-21	33.75	33.25	34.0	33.75	548500
2019-05-22	34.0	33.75	35.0	34.75	2011000
2019-05-23	34.5	34.0	35.0	34.25	960900
2019-05-24	34.0	34.0	34.75	34.75	402300
2019-05-27	35.0	34.0	35.0	34.75	1628500
2019-05-28	34.75	34.0	36.75	36.75	2746800
2019-05-29	36.0	35.0	36.0	35.5	2421200
2019-05-30	35.75	34.75	35.75	34.75	1092200
2019-05-31	34.75	34.75	35.5	35.0	465100
2019-06-04	35.25	35.0	35.5	35.5	492200
2019-06-05	35.75	35.5	36.0	35.75	1086900
2019-06-06	35.5	35.25	36.0	35.5	698400
2019-06-07	35.75	35.75	37.0	36.5	2019000
2019-06-10	36.75	36.25	37.5	37.25	2300200
2019-06-11	37.25	36.5	37.5	37.0	2673200
2019-06-12	37.0	36.5	37.25	37.0	1261500
2019-06-13	36.75	36.5	37.25	36.75	866100
2019-06-14	37.0	35.75	37.0	36.0	971600
2019-06-17	36.0	36.0	36.5	36.0	404100
2019-06-18	36.25	36.0	36.5	36.25	258300
2019-06-19	36.5	36.25	38.25	37.25	3635200
2019-06-20	37.25	36.25	37.5	36.5	2292500
2019-06-21	36.75	35.75	36.75	36.25	1672300
2019-06-24	36.25	35.0	36.25	35.25	1347900
2019-06-25	35.25	35.0	36.0	35.5	589700
2019-06-26	35.5	35.5	36.25	35.5	1165700
2019-06-27	35.75	35.5	36.0	35.75	659300
2019-06-28	35.5	34.75	36.0	35.0	2025700
2019-07-01	35.25	34.75	35.75	35.0	1441700
2019-07-02	35.25	34.0	36.0	34.5	2730300
2019-07-03	34.25	34.25	35.0	34.75	1008200
2019-07-04	34.75	34.75	35.5	35.0	1684900
2019-07-05	35.25	34.75	35.25	35.0	723000
2019-07-08	34.75	34.5	35.0	34.5	713000
2019-07-09	34.5	34.5	35.0	34.5	878500
2019-07-10	34.5	34.5	36.0	35.25	2059500
2019-07-11	35.25	35.0	35.5	35.25	1385500
2019-07-12	35.5	34.75	35.5	35.0	949700
2019-07-15	35.0	34.5	35.0	34.75	736100
2019-07-17	34.5	34.25	34.75	34.75	639600
2019-07-18	34.75	34.5	35.0	34.75	920200
2019-07-19	35.25	35.25	36.5	36.0	3203600
2019-07-22	36.25	35.5	36.25	36.0	815800
2019-07-23	36.0	35.5	36.25	35.5	590300
2019-07-24	35.75	35.5	36.5	36.25	1137700
2019-07-25	36.5	36.0	36.75	36.0	942700
2019-07-26	36.0	35.25	36.25	36.0	2122300
2019-07-30	36.0	35.0	36.0	35.0	583000
2019-07-31	35.0	34.75	35.5	35.25	230300
2019-08-01	35.5	35.0	35.5	35.0	241800
2019-08-02	34.25	34.0	35.25	34.75	893400
2019-08-05	34.5	34.0	35.0	34.0	755700
2019-08-06	32.75	32.5	34.0	33.75	1829100
2019-08-07	33.75	33.25	34.5	33.25	865300
2019-08-08	33.25	33.0	33.75	33.0	993000
2019-08-09	33.5	32.0	33.5	32.0	1187500
2019-08-13	32.0	31.25	32.0	31.5	1500000
2019-08-14	31.75	30.5	32.0	30.75	1036100
2019-08-15	29.5	28.25	29.75	29.5	4658800
2019-08-16	29.75	29.25	30.5	30.0	4104300
2019-08-19	30.25	30.0	30.5	30.25	3326300
2019-08-20	30.25	29.5	30.5	29.75	1407300
2019-08-21	29.5	29.25	29.75	29.5	1928500
2019-08-22	29.5	29.5	30.5	29.5	3237400
2019-08-23	29.5	29.5	30.0	30.0	1046400
2019-08-26	29.5	28.5	29.5	29.25	3985900
2019-08-27	29.25	28.75	29.5	29.0	1580200
2019-08-28	28.5	28.5	29.75	29.5	871300
2019-08-29	29.75	29.75	30.5	30.5	1745200
2019-08-30	30.75	30.5	32.25	31.25	3934900
2019-09-02	31.5	30.75	32.25	32.25	1732600
2019-09-03	32.25	32.0	33.5	32.25	2742800
2019-09-04	33.0	32.25	33.25	33.0	1600600
2019-09-05	33.0	33.0	34.0	33.5	1635500
2019-09-06	33.75	33.5	34.25	34.0	2165000
2019-09-09	34.0	32.75	34.0	33.25	1737700
2019-09-10	33.25	33.25	34.0	33.75	835300
2019-09-11	34.0	33.25	34.0	33.5	843000
2019-09-12	33.75	32.75	33.75	33.0	776400
2019-09-13	33.5	33.0	33.75	33.0	453400
2019-09-16	33.0	32.75	33.75	33.75	800900
2019-09-17	34.0	33.25	34.0	33.25	400200
2019-09-18	33.75	32.75	33.75	33.0	628000
2019-09-19	33.0	31.25	33.0	31.75	1584200
2019-09-20	31.75	31.5	32.25	31.5	922400
2019-09-23	31.5	31.25	31.5	31.25	287700
2019-09-24	31.25	31.0	31.5	31.0	1289600
2019-09-25	30.75	30.75	31.25	30.75	634100
2019-09-26	31.0	31.0	32.25	31.75	1175400
2019-09-27	31.75	31.25	32.0	31.75	948200
2019-09-30	31.5	31.0	32.0	31.25	610100
2019-10-01	31.25	30.75	31.5	30.75	1847400
2019-10-02	30.75	30.25	31.0	30.5	1247500
2019-10-03	30.25	29.75	30.25	30.0	1269700
2019-10-04	30.0	29.5	30.25	29.5	1373000
2019-10-07	29.5	29.5	30.25	30.0	1170400
2019-10-08	30.25	29.75	30.25	29.75	496800
2019-10-09	30.0	29.5	30.25	30.0	559000
2019-10-10	30.25	29.5	30.25	30.0	299300
2019-10-11	30.25	29.75	30.5	30.0	474300
2019-10-15	30.0	29.75	30.25	29.75	460600
2019-10-16	30.0	29.25	30.0	29.5	957900
2019-10-17	29.75	29.25	29.75	29.25	673200
2019-10-18	29.5	29.5	30.0	29.75	767700
2019-10-21	29.75	29.5	30.0	29.75	581700
2019-10-22	29.5	29.5	30.0	30.0	644400
2019-10-24	29.75	29.25	30.0	29.5	539400
2019-10-25	29.25	28.5	29.5	28.5	1066800
2019-10-28	28.75	28.0	28.75	28.25	896700
2019-10-29	28.5	28.5	29.5	28.75	1245700
2019-10-30	29.0	28.0	29.0	28.75	738600
2019-10-31	29.0	28.25	29.5	28.75	1478600
2019-11-01	28.75	28.0	29.0	28.5	964800
2019-11-04	28.75	28.5	29.5	29.5	1722600
2019-11-05	29.75	29.75	30.5	30.0	2646200
2019-11-06	30.25	29.75	30.25	29.75	604600
2019-11-07	30.0	29.75	31.25	31.25	2522900
2019-11-08	31.0	30.75	31.5	31.25	1265900
2019-11-11	31.25	30.5	31.25	31.0	621600
2019-11-12	31.0	29.25	31.0	29.75	1336400
2019-11-13	29.25	29.0	29.5	29.5	746300
2019-11-14	29.25	28.5	29.5	29.25	920200
2019-11-15	30.5	30.25	31.25	30.75	3317600
2019-11-18	31.0	30.5	31.5	31.25	1688200
2019-11-19	31.0	30.75	31.5	31.5	2613900
2019-11-20	31.25	30.5	31.25	31.0	1665300
2019-11-21	30.5	30.25	31.0	30.75	1466000
2019-11-22	30.75	30.5	31.0	30.75	781800
2019-11-25	30.75	30.5	30.75	30.75	542400
2019-11-26	30.75	30.25	31.0	31.0	1276700
2019-11-27	31.0	30.75	31.75	31.0	1612600
2019-11-28	31.25	30.5	31.25	30.5	839600
2019-11-29	30.25	30.0	30.5	30.5	573200
2019-12-02	30.5	29.5	30.5	30.25	1017800
2019-12-03	29.75	29.5	30.25	30.0	383300
2019-12-04	29.75	29.5	30.0	30.0	477500
2019-12-06	29.75	28.5	30.0	28.75	2446800
2019-12-09	29.0	28.75	29.25	29.0	604900
2019-12-11	28.75	28.5	29.25	28.5	705900
2019-12-12	28.5	28.25	29.0	28.25	1522600
2019-12-13	28.75	28.5	29.25	29.0	1012800
2019-12-16	29.0	28.5	29.0	28.75	535200
2019-12-17	29.0	28.75	29.5	29.5	910400
2019-12-18	29.25	29.0	29.5	29.0	344200
2019-12-19	29.0	28.5	29.0	29.0	372600
2019-12-20	28.75	28.75	29.0	28.75	254800
2019-12-23	28.5	26.0	28.5	27.0	3896500
2019-12-24	26.75	26.5	27.25	26.5	934000
2019-12-25	26.75	26.0	27.0	26.75	1280900
2019-12-26	26.75	26.5	27.0	27.0	560600
2019-12-27	27.0	26.75	27.25	27.0	229700
2019-12-30	27.0	26.0	27.25	26.0	1219200
2020-01-02	26.25	26.0	27.25	27.25	1156900
2020-01-03	27.25	26.75	28.25	27.75	2220100
2020-01-06	27.0	26.75	27.5	27.0	1560500
2020-01-07	27.25	27.0	27.75	27.5	655300
2020-01-08	27.0	26.75	27.25	26.75	662500
2020-01-09	27.25	26.5	27.25	26.75	1451600
2020-01-10	27.0	27.0	27.75	27.5	1492400
2020-01-13	27.75	27.0	28.0	27.25	952900
2020-01-14	27.75	27.5	28.25	27.75	628200
2020-01-15	28.0	27.5	28.25	28.0	672900
2020-01-16	28.25	27.75	28.25	28.0	945800
2020-01-17	28.25	28.25	29.25	29.0	1946100
2020-01-20	29.0	28.5	29.5	28.75	1240100
2020-01-21	29.0	28.75	29.25	28.75	536200
2020-01-22	28.75	28.25	29.0	28.5	374700
2020-01-23	28.25	28.0	28.5	28.0	873200
2020-01-24	29.0	28.25	29.0	28.25	927400
2020-01-27	28.25	27.25	28.25	27.5	1001600
2020-01-28	27.5	27.25	28.25	27.5	1129100
2020-01-29	27.75	27.0	27.75	27.25	1210400
2020-01-30	27.5	27.25	28.0	27.75	2058400
2020-01-31	28.0	27.25	28.0	27.25	862800
2020-02-03	27.0	26.0	27.25	26.0	1387600
2020-02-04	26.5	26.25	27.0	26.25	2165900
2020-02-05	26.25	26.0	26.75	26.75	2023000
2020-02-06	26.75	26.5	27.75	27.25	4484500
2020-02-07	27.25	27.0	27.5	27.25	3056000
2020-02-11	27.25	26.5	27.5	27.25	2396800
2020-02-12	27.25	26.75	27.25	27.0	1752800
2020-02-13	27.25	27.0	28.25	27.75	4764500
2020-02-14	28.0	28.0	29.5	29.25	5289300
2020-02-17	29.0	28.75	29.5	29.5	1748000
2020-02-18	29.5	29.0	29.5	29.25	2090200
2020-02-19	29.5	28.75	30.75	29.0	5038800
2020-02-20	28.75	27.5	28.75	28.25	1890200
2020-02-21	27.75	27.25	28.5	28.5	1014400
2020-02-24	27.75	26.5	27.75	27.0	2593200
2020-02-25	27.0	24.1	27.0	25.25	6450000
2020-02-26	25.0	24.0	25.25	24.8	3482700
2020-02-27	24.8	24.5	26.25	26.25	2191900
2020-02-28	25.0	24.9	25.5	25.0	2127900
2020-03-02	25.25	24.4	25.5	24.8	1769100
2020-03-03	25.25	25.0	26.25	25.75	1643000
2020-03-04	25.5	25.25	26.25	25.75	898400
2020-03-05	26.25	26.0	27.0	26.25	1796900
2020-03-06	25.75	25.25	26.25	25.75	1498800
2020-03-09	23.5	23.2	24.6	23.8	2501400
2020-03-10	23.9	23.7	24.3	24.3	1802400
2020-03-11	24.3	24.0	24.8	24.2	696500
2020-03-12	23.0	20.3	23.3	21.2	2429300
2020-03-13	20.7	18.7	21.5	21.5	2076300
2020-03-16	20.2	19.2	20.9	19.6	2545500
2020-03-17	19.0	18.2	19.5	18.2	3007200
2020-03-18	18.5	17.9	19.1	18.3	1514300
2020-03-19	18.0	18.0	19.1	19.0	1085300
2020-03-20	19.5	19.3	21.0	20.9	2831500
2020-03-23	18.7	18.5	19.3	19.0	1866800
2020-03-24	19.6	18.5	19.9	18.5	2148800
2020-03-25	18.8	18.6	19.9	19.3	1387000
2020-03-26	19.1	19.1	20.2	20.2	1918500
2020-03-27	20.5	20.5	22.8	22.0	2501700
2020-03-30	21.4	21.1	21.7	21.5	1004600
2020-03-31	21.9	21.8	22.4	22.2	1442700
2020-04-01	22.4	21.9	23.3	22.0	970800
2020-04-02	22.2	21.4	22.4	22.1	1131000
2020-04-03	22.4	22.0	22.4	22.1	448500
2020-04-07	23.9	23.1	24.0	23.8	1050900
2020-04-08	23.8	23.6	24.8	24.6	910200
2020-04-09	24.7	24.7	25.75	25.5	2323700
2020-04-10	25.5	25.5	26.5	26.5	747600
2020-04-13	26.75	26.0	27.75	27.5	2568000
2020-04-14	28.0	25.5	28.0	26.25	1628800
2020-04-15	26.5	26.25	26.75	26.5	1614800
2020-04-16	26.5	25.0	26.75	25.75	1723500
2020-04-17	26.75	26.0	27.0	27.0	849200
2020-04-20	27.25	27.0	27.5	27.25	625200
2020-04-21	27.25	26.0	27.25	26.25	468800
2020-04-22	26.0	25.25	26.25	25.25	1372500
2020-04-23	25.25	25.25	26.75	26.5	2663500
2020-04-24	26.5	25.5	26.75	26.25	1457100
2020-04-27	26.25	25.5	26.5	25.75	816100
2020-04-28	26.0	25.25	26.25	26.0	1291900
2020-04-29	26.0	26.0	27.75	27.5	1703000
2020-04-30	28.0	28.0	29.0	29.0	2011800
2020-05-05	28.75	27.5	29.5	29.0	2790100
2020-05-07	29.25	27.5	29.25	27.5	3984700
2020-05-08	27.75	27.75	28.25	27.75	2103300
2020-05-11	28.0	27.75	29.25	28.75	1740500
2020-05-12	29.0	28.5	29.0	28.75	798000
2020-05-13	28.75	28.0	29.25	28.75	1993200
2020-05-14	28.75	28.0	28.75	28.25	1592700
2020-05-15	29.0	28.5	31.75	30.5	7248500
2020-05-18	30.25	30.25	34.75	32.25	11124000
2020-05-19	33.5	33.5	34.75	34.25	5293700
2020-05-20	34.25	33.25	35.25	34.75	4827700
2020-05-21	35.0	33.5	35.0	34.0	3260800
2020-05-22	33.5	33.25	34.5	34.5	3569400
2020-05-25	35.25	34.75	36.0	35.0	3242000
2020-05-26	35.75	35.25	36.0	35.25	2045700
2020-05-27	35.5	34.5	36.75	34.5	7214800
2020-05-28	34.5	33.5	34.5	33.75	4085400
2020-05-29	33.75	33.5	35.0	34.25	3915100
2020-06-01	34.5	34.5	35.5	35.5	1690500
2020-06-02	35.75	34.75	36.0	35.5	4475700
2020-06-04	35.75	34.0	35.75	34.5	4851200
2020-06-05	34.75	34.25	35.25	35.0	3560400
2020-06-08	34.5	34.5	35.5	35.5	3244300
2020-06-09	35.75	34.5	36.75	34.75	2968100
2020-06-10	34.75	33.75	35.75	35.0	2389300
2020-06-11	35.0	34.5	35.5	35.25	1546200
2020-06-12	34.0	33.75	34.75	34.25	3238200
2020-06-15	34.0	33.25	34.5	33.5	1462000
2020-06-16	34.25	34.0	35.5	35.25	2339400
2020-06-17	35.0	34.75	38.75	37.5	6119800
2020-06-18	37.5	36.25	37.5	36.75	3561800
2020-06-19	37.0	36.75	38.5	37.25	2326000
2020-06-22	37.5	36.75	38.75	37.25	2344800
2020-06-23	37.5	37.0	38.5	38.0	1395500
2020-06-24	38.25	35.5	38.5	36.0	2234500
2020-06-25	35.25	35.0	36.25	36.0	1399800
2020-06-26	36.75	35.75	36.75	36.25	420100
2020-06-29	36.0	35.5	36.75	36.75	643100
2020-06-30	37.0	36.5	37.25	37.25	1331400
2020-07-01	38.0	36.25	38.0	36.5	2302500
2020-07-02	36.75	36.25	37.25	36.5	916200
2020-07-03	36.75	36.5	37.75	37.75	1662700
2020-07-07	38.0	36.75	38.25	37.0	2367200
2020-07-08	37.0	36.5	37.25	36.5	1032800
2020-07-09	36.75	36.5	37.75	37.75	1018300
2020-07-10	37.5	37.0	37.75	37.25	652000
2020-07-13	37.25	37.25	41.25	40.75	10453900
2020-07-14	40.5	36.75	40.5	38.5	7086900
2020-07-15	39.0	38.0	39.0	38.5	1894600
2020-07-16	38.5	37.25	38.5	38.0	2349800
2020-07-17	38.0	37.75	39.5	38.25	2297900
2020-07-20	38.25	38.25	39.5	38.75	1413500
2020-07-21	39.0	38.0	39.5	38.0	2243600
2020-07-22	38.25	37.0	38.5	37.0	2446300
2020-07-23	37.5	34.5	37.5	36.25	4299600
2020-07-24	35.75	35.25	37.0	36.25	1192200
2020-07-29	36.5	35.25	36.75	35.5	1338800
2020-07-30	36.0	33.25	36.25	34.0	2901300
2020-07-31	33.75	33.0	35.5	33.75	3664200
2020-08-03	33.75	32.75	36.0	35.75	3712900
2020-08-04	36.0	35.75	36.75	36.25	2094500
2020-08-05	36.5	35.75	36.75	36.25	1434300
2020-08-06	36.75	36.75	38.75	38.25	4275000
2020-08-07	37.75	36.5	38.0	37.5	1964500
2020-08-10	37.5	37.25	38.0	37.75	1405000
2020-08-11	38.25	37.75	39.0	38.0	3780800
2020-08-13	38.25	35.75	38.5	36.0	3024500
2020-08-14	36.0	35.25	36.75	35.75	742700
2020-08-17	36.25	36.25	38.5	38.0	4344100
2020-08-18	39.0	37.0	39.25	37.25	1970600
2020-08-19	37.25	36.5	37.75	37.5	2803400
2020-08-20	37.0	36.0	37.25	36.5	1913600
2020-08-21	36.75	36.0	36.75	36.75	745700
2020-08-24	37.25	37.0	38.0	37.5	2318200
2020-08-25	37.5	37.25	38.5	37.75	3067400
2020-08-26	38.0	36.75	38.25	37.25	1955500
2020-08-27	36.75	36.75	38.5	38.5	2486400
2020-08-28	38.5	37.5	38.75	37.5	887900
2020-08-31	37.5	36.75	38.0	37.75	1473500
2020-09-01	37.5	35.25	37.75	35.75	2929700
2020-09-02	35.75	35.25	36.5	35.75	1157200
2020-09-03	36.0	35.75	36.75	36.0	1903100
2020-09-08	35.75	33.5	35.75	33.5	3178600
2020-09-09	33.0	33.0	35.75	35.75	1427500
2020-09-10	35.75	34.5	35.75	35.0	787300
2020-09-11	35.0	34.0	35.5	34.5	1165500
2020-09-14	35.0	35.0	35.75	35.5	1466600
2020-09-15	35.75	35.0	36.5	36.25	1302200
2020-09-16	36.25	36.0	37.5	37.25	2191700
2020-09-17	37.25	36.75	38.0	37.25	1986400
2020-09-18	37.5	36.75	38.0	36.75	7886000
2020-09-21	37.0	36.5	37.5	37.0	747000
2020-09-22	37.0	35.75	37.0	36.25	723600
2020-09-23	36.25	35.75	37.0	37.0	1481500
2020-09-24	36.75	36.0	37.75	37.5	2113400
2020-09-25	37.5	36.75	38.25	37.0	1210100
2020-09-28	37.5	35.5	37.75	36.25	2544000
2020-09-29	36.5	35.5	36.5	35.75	1056400
2020-09-30	36.0	34.5	36.0	34.75	1339000
2020-10-01	35.0	34.5	35.5	35.25	1554500
2020-10-02	36.0	35.25	36.0	35.25	2184800
2020-10-05	35.5	35.25	36.25	36.0	928300
2020-10-06	36.25	35.5	36.25	35.5	882100
2020-10-07	35.5	35.25	36.0	35.5	1487400
2020-10-08	35.75	35.75	36.5	35.75	886500
2020-10-09	35.75	35.25	36.25	35.25	958700
2020-10-12	35.25	34.5	35.75	35.0	1012300
2020-10-14	35.0	34.0	35.25	34.25	1238900
2020-10-15	34.25	33.5	34.5	33.75	2106300
2020-10-16	33.75	33.5	34.5	33.75	800700
2020-10-19	33.75	32.5	34.0	33.0	683500
2020-10-20	33.0	32.75	33.75	33.25	600700
2020-10-21	33.75	33.5	35.0	34.5	1178200
2020-10-22	34.5	34.5	35.5	35.25	1523600
2020-10-26	35.0	34.0	35.25	34.0	1456900
2020-10-27	34.0	33.75	34.5	34.25	787000
2020-10-28	34.25	33.5	34.5	33.75	1004400
2020-10-29	33.75	33.5	34.25	34.0	431100
2020-10-30	34.0	34.0	35.75	34.75	1715000
2020-11-02	34.75	33.75	35.0	34.5	1388000
2020-11-03	34.75	34.0	35.0	34.0	1092800
2020-11-04	34.25	34.25	35.5	35.5	932400
2020-11-05	35.5	34.75	36.0	35.25	1736500
2020-11-06	35.5	33.75	36.0	34.25	2461000
2020-11-09	34.75	33.75	34.75	33.75	1152800
2020-11-10	33.0	30.75	33.25	32.0	7026000
2020-11-11	32.0	31.75	32.75	32.25	1624100
2020-11-12	32.5	31.5	32.75	31.75	1136000
2020-11-13	33.0	32.75	34.5	34.0	4678400
2020-11-16	33.75	33.75	34.5	34.5	1302100
2020-11-17	34.75	34.25	36.0	35.5	5012100
2020-11-18	35.5	35.5	36.75	35.75	2330300
2020-11-19	35.5	35.5	36.25	35.75	1226300
2020-11-20	35.75	34.75	35.75	35.0	1785800
2020-11-23	35.25	35.0	36.5	35.25	3361100
2020-11-24	35.5	35.5	37.25	36.75	5436700
2020-11-25	36.75	36.0	37.0	36.5	1596900
2020-11-26	36.5	35.75	37.0	36.25	2531900
2020-11-27	36.25	35.75	36.5	36.0	1554500
2020-11-30	36.25	35.75	36.75	36.25	1393900
2020-12-01	36.25	35.75	36.5	36.0	1063500
2020-12-02	36.0	35.25	36.25	35.5	1412100
2020-12-03	36.0	35.75	37.75	37.0	3602000
2020-12-04	37.25	36.0	38.0	36.25	2502500
2020-12-08	36.75	36.5	37.75	37.5	2469400
2020-12-09	38.0	36.75	38.0	37.25	1557000
2020-12-14	37.25	36.0	37.5	36.5	1294100
2020-12-15	36.25	35.25	36.75	35.75	2470500
2020-12-16	36.25	36.25	37.75	37.0	1771400
2020-12-17	37.25	36.75	37.75	37.0	1161400
2020-12-18	37.0	36.25	37.25	37.0	1773700
2020-12-21	35.75	35.75	37.25	37.0	2521700
2020-12-22	37.0	36.25	37.5	36.5	2478200
2020-12-23	36.75	36.75	38.75	37.25	5357400
2020-12-24	37.5	36.75	37.5	37.0	1349000
2020-12-25	37.0	36.25	37.75	36.75	1871500
2020-12-28	36.75	36.5	37.25	36.5	1352900
2020-12-29	36.5	35.5	36.75	36.0	2679700
2020-12-30	36.0	35.5	36.5	35.75	1226000
2021-01-04	35.5	35.5	39.0	39.0	4405900
2021-01-05	39.0	38.75	40.75	40.0	4820500
2021-01-06	40.0	38.75	40.0	38.75	2241300
2021-01-07	39.0	38.25	40.25	39.0	2723400
2021-01-08	39.25	37.0	39.25	37.75	3270400
2021-01-11	37.5	37.25	38.75	38.25	2688500
2021-01-12	38.5	38.0	38.75	38.0	1013500
2021-01-13	38.25	38.0	40.75	40.25	9303700
2021-01-14	40.25	39.25	41.25	40.0	6368000
2021-01-15	40.0	39.25	40.5	39.25	2789400
2021-01-18	39.25	38.5	40.5	39.75	4285900
2021-01-19	40.0	39.75	41.75	40.5	6410300
2021-01-20	40.75	40.25	42.0	40.25	3925400
2021-01-21	40.5	40.5	42.0	41.75	5951700
2021-01-22	41.75	41.0	42.75	41.25	3816000
2021-01-25	41.5	41.25	42.0	41.5	1376400
2021-01-26	41.75	40.5	42.0	41.5	1667100
2021-01-27	41.75	41.25	43.0	41.5	2160700
2021-01-28	40.5	39.5	42.0	40.25	6025700
2021-01-29	41.0	40.25	41.5	40.5	7967100
2021-02-01	40.25	38.0	40.5	39.75	11731700
2021-02-02	39.75	38.75	40.5	39.0	4677100
2021-02-03	39.5	39.25	40.75	40.5	3941600
2021-02-04	40.0	39.0	40.75	39.5	4313700
2021-02-05	39.5	39.0	40.0	39.5	2051200
2021-02-08	40.0	38.75	40.25	39.0	4717500
2021-02-09	39.0	38.75	39.75	39.0	3260600
2021-02-10	39.25	39.0	39.75	39.25	2498100
2021-02-11	39.25	38.0	39.5	38.75	4846800
2021-02-15	38.75	37.75	38.75	38.25	2349400
2021-02-16	38.5	38.0	39.5	39.25	2463700
2021-02-17	39.25	38.25	39.25	38.75	3022100
2021-02-18	38.5	38.5	39.5	38.75	3373300
2021-02-19	39.0	37.5	39.0	37.75	3234800
2021-02-22	37.75	36.5	37.75	36.75	3386900
2021-02-23	37.25	37.25	38.5	38.25	3591700
2021-02-24	38.75	38.5	39.5	39.0	3668300
2021-02-25	39.5	39.5	40.5	39.75	5576800
2021-03-01	39.0	38.5	39.75	39.25	4263300
2021-03-02	39.25	37.75	39.5	38.75	4272900
2021-03-03	38.75	38.5	40.0	39.5	3908700
2021-03-04	39.25	38.25	39.5	38.5	5268900
2021-03-05	38.5	38.0	38.75	38.5	3304700
2021-03-08	38.5	37.25	38.5	37.25	3063600
2021-03-09	37.25	37.25	37.75	37.5	1033700
2021-03-10	37.75	37.5	38.25	37.75	1959700
2021-03-11	37.75	37.0	38.0	37.25	3320400
2021-03-12	37.5	36.5	37.5	37.0	3785400
2021-03-15	37.0	36.5	37.25	36.5	3703900
2021-03-16	36.75	35.0	36.75	35.5	11372500
2021-03-17	35.75	35.75	37.0	36.5	8401700
2021-03-18	36.75	35.5	36.75	36.0	4698400
2021-03-19	35.75	35.75	36.5	36.5	3266200
2021-03-22	36.75	36.0	36.75	36.0	1416100
2021-03-23	36.5	35.5	36.5	35.5	3476400
2021-03-24	35.25	35.0	35.75	35.75	3366400
2021-03-25	35.5	35.25	35.75	35.5	2623400
2021-03-26	35.75	35.25	36.0	35.25	3092600
2021-03-29	35.25	34.25	35.5	34.75	5058200
2021-03-30	34.75	34.25	35.25	34.5	8013500
2021-03-31	34.75	33.75	34.75	34.25	7664400
2021-04-01	34.5	34.25	35.25	35.25	12268600
2021-04-02	35.5	34.5	35.5	35.0	5323900
2021-04-05	35.0	34.0	35.0	34.25	4374500
2021-04-07	33.75	32.5	34.5	33.5	7744500
2021-04-08	33.5	33.25	34.25	33.5	4458200
2021-04-09	33.75	33.5	34.5	33.75	4046300
2021-04-12	34.0	33.5	34.25	34.0	2443700
2021-04-16	34.0	33.5	34.25	34.0	3573200
2021-04-19	34.0	33.75	35.0	34.75	3894700
2021-04-20	34.75	34.0	34.75	34.25	1979000
2021-04-21	34.25	34.25	34.75	34.25	2244500
2021-04-22	34.25	33.5	34.5	33.5	4188000
2021-04-23	33.25	33.25	34.25	33.5	3735900
2021-04-26	33.5	33.5	34.0	33.5	4605700
2021-04-27	33.75	33.0	34.5	33.25	3833400
2021-04-28	33.25	32.75	33.5	33.25	3499400
2021-04-29	33.5	33.5	34.25	33.75	2707300
2021-04-30	34.0	34.0	35.0	34.75	5831000
2021-05-05	35.25	33.75	35.25	34.0	4113100
2021-05-06	34.0	33.5	34.0	33.75	2919700
2021-05-07	34.5	34.5	35.0	34.75	3496900
2021-05-10	35.0	34.25	35.5	35.25	4675700
2021-05-11	35.25	34.5	35.5	35.0	6525400
2021-05-12	35.0	34.5	35.0	35.0	1548100
2021-05-13	34.5	32.25	34.75	33.75	6165700
2021-05-14	34.25	34.0	35.75	35.5	8428200
2021-05-17	35.5	34.75	37.25	37.0	14645300
2021-05-18	37.5	36.25	37.75	36.5	7343900
2021-05-19	36.5	36.0	37.0	37.0	3634400
2021-05-20	37.0	36.0	37.0	36.25	2936200
2021-05-21	36.25	35.5	36.5	35.75	5620400
2021-05-24	36.0	35.75	36.75	36.5	3333400
2021-05-25	36.5	36.25	37.0	36.5	2833900
2021-05-27	36.5	36.0	37.0	37.0	3683500
2021-05-28	37.0	36.0	37.0	36.25	2883000
2021-05-31	36.25	36.0	36.75	36.25	1315500
2021-06-01	36.25	36.0	36.5	36.0	1802700
2021-06-02	36.0	35.5	36.25	35.5	2918900
2021-06-04	35.5	35.0	36.0	35.0	2925800
2021-06-07	35.0	35.0	36.5	36.25	3671300
2021-06-08	36.25	35.0	36.25	35.25	4883700
2021-06-09	35.25	35.25	36.0	35.5	1874500
2021-06-10	35.75	34.5	35.75	35.0	3010300
2021-06-11	35.0	34.75	35.25	35.0	1667700
2021-06-14	35.25	35.0	36.0	36.0	3273100
2021-06-15	36.25	36.0	37.5	37.25	17917700
2021-06-16	37.5	37.0	37.5	37.5	4749700
2021-06-17	37.5	36.75	37.75	37.25	5760000
2021-06-18	37.5	37.0	38.0	38.0	5348000
2021-06-21	37.5	37.25	38.75	37.5	7629700
2021-06-22	38.0	37.0	38.25	37.0	3693300
2021-06-23	37.0	36.5	37.75	37.0	4234800
2021-06-24	37.0	36.5	37.75	37.25	3496700
2021-06-25	37.25	36.5	37.75	37.0	1274100
2021-06-28	36.75	36.25	37.0	36.75	5164200
2021-06-29	36.75	36.75	37.5	36.75	2074800
2021-06-30	36.75	36.75	38.25	38.25	6145000
2021-07-01	38.25	37.25	38.5	37.75	3620000
2021-07-02	38.25	37.75	38.5	38.0	3672200
2021-07-05	38.0	36.5	38.25	37.5	5494200
2021-07-06	37.75	37.5	39.25	38.75	4735900
2021-07-07	39.0	38.5	39.5	38.5	5870500
2021-07-08	38.25	37.25	38.75	37.5	6874100
2021-07-09	37.5	37.0	38.25	37.25	5775500
2021-07-12	37.5	37.5	39.0	38.5	5055700
2021-07-13	38.75	38.0	39.25	38.75	3726700
2021-07-14	38.75	38.5	39.25	38.5	1621900
2021-07-15	38.5	37.5	39.25	37.75	3642900
2021-07-16	38.25	37.0	38.5	37.5	4776700
2021-07-19	37.25	37.25	38.5	38.0	1766900
2021-07-20	37.75	37.75	40.25	40.0	8890500
2021-07-21	40.75	40.0	42.5	41.75	12947400
2021-07-22	41.75	40.5	42.25	41.5	4535400
2021-07-23	41.5	40.75	42.0	41.25	2350100
2021-07-27	42.0	41.0	42.25	41.5	3370500
2021-07-29	41.5	39.5	42.0	39.75	7736700
2021-07-30	39.75	38.75	40.0	39.75	7987300
2021-08-02	40.0	39.5	41.0	39.5	5890900
2021-08-03	40.25	40.25	43.0	42.0	16140500
2021-08-04	42.0	41.5	42.75	41.75	6475400
2021-08-05	42.0	40.25	42.25	41.25	6509600
2021-08-06	41.5	40.0	41.75	41.0	2711100
2021-08-09	41.5	39.75	41.75	40.0	5859600
2021-08-10	40.5	40.25	41.5	40.5	4132800
2021-08-11	40.75	39.75	41.0	40.25	3234600
2021-08-13	40.25	38.75	40.75	39.75	4741500
2021-08-16	39.5	39.0	40.5	40.0	2964100
2021-08-17	42.5	42.25	46.75	43.75	41190300
2021-08-18	44.5	43.75	45.75	45.0	14933600
2021-08-19	45.5	45.0	48.0	47.25	22370000
2021-08-20	47.25	45.75	48.25	46.75	11293300
2021-08-23	47.0	45.0	47.75	46.25	12682600
2021-08-24	46.25	46.25	51.25	49.0	30286000
2021-08-25	49.5	49.25	53.0	52.5	19998500
2021-08-26	51.5	50.5	52.0	50.75	9323500
2021-08-27	50.25	49.0	52.25	50.5	12937200
2021-08-30	50.75	48.25	51.0	49.5	7551900
2021-08-31	49.75	48.75	51.25	49.0	7623100
2021-09-01	49.25	49.0	51.0	49.5	9908600
2021-09-02	49.75	49.25	50.0	49.25	4404100
2021-09-03	49.5	49.25	50.25	49.5	5047700
2021-09-06	49.75	48.5	50.0	49.0	5331900
2021-09-07	48.75	48.75	51.0	50.25	9619500
2021-09-08	50.0	47.0	50.0	48.5	13551600
2021-09-09	48.5	48.25	50.0	49.0	7850400
2021-09-10	49.25	49.0	50.5	49.0	6639800
2021-09-13	49.25	48.75	49.75	49.5	3385900
2021-09-14	49.75	49.25	50.5	49.25	4830400
2021-09-15	49.5	48.25	49.75	49.0	3290100
2021-09-16	49.0	49.0	52.75	49.75	12751500
2021-09-17	49.25	48.5	49.75	48.5	7880900
2021-09-20	48.5	48.25	49.75	48.75	3741600
2021-09-21	48.75	48.5	50.25	49.0	5162400
2021-09-22	49.0	48.75	50.0	49.75	4507500
2021-09-23	49.75	48.0	50.0	48.5	2918400
2021-09-27	48.5	48.5	49.5	48.75	2909200
2021-09-28	49.0	48.25	49.25	48.5	2769500
2021-09-29	48.5	48.5	50.0	49.5	5307200
2021-09-30	49.5	48.75	51.75	50.0	12751000
2021-10-01	49.5	45.0	49.75	45.5	22477700
2021-10-04	44.25	44.25	46.25	45.75	9308900
2021-10-05	45.5	43.75	46.25	44.5	7508100
2021-10-06	44.0	43.75	45.0	43.75	4039500
2021-10-07	44.25	44.0	45.25	44.75	8287100
2021-10-08	44.75	44.0	45.25	44.5	3550500
2021-10-11	44.5	44.0	45.0	44.0	4030300
2021-10-12	44.0	42.5	44.25	44.0	8162400
2021-10-14	44.0	43.75	45.25	44.75	4264900
2021-10-15	44.75	44.0	45.0	44.5	1933700
2021-10-18	44.5	43.25	44.5	44.0	2430000
2021-10-19	44.0	43.75	46.0	45.5	6670500
2021-10-20	45.5	44.5	46.25	45.5	5359400
2021-10-21	45.5	45.0	46.5	45.25	5713700
2021-10-25	46.75	46.0	49.25	46.75	16086400
2021-10-26	46.75	45.75	46.75	46.25	6866300
2021-10-27	46.25	45.25	46.5	46.0	5211700
2021-10-28	46.0	45.5	46.75	46.25	3752700
2021-10-29	46.5	45.75	47.5	46.5	5700000
2021-11-01	47.0	46.25	47.5	46.75	8486600
2021-11-02	47.0	45.75	47.25	46.75	5385300
2021-11-03	47.0	46.75	48.5	47.25	6529100
2021-11-04	47.75	46.5	47.75	47.25	3274000
2021-11-05	47.5	46.75	47.5	47.0	2165200
2021-11-08	47.25	46.25	47.75	47.0	2085200
2021-11-09	47.0	46.25	47.75	46.5	2561400
2021-11-10	46.75	46.25	47.0	46.5	877900
2021-11-11	46.75	46.75	47.75	47.75	2958400
2021-11-12	47.75	47.0	48.25	47.5	3565600
2021-11-15	47.5	46.25	48.0	47.5	4009900
2021-11-16	50.25	49.75	53.75	52.75	35041100
2021-11-17	53.0	53.0	54.5	53.25	10162900
2021-11-18	53.5	52.5	55.0	54.25	9467700
2021-11-19	54.0	53.75	55.5	54.25	6797300
2021-11-22	54.75	54.5	56.5	55.5	6242100
2021-11-23	55.25	52.25	55.25	52.5	11482000
2021-11-24	53.25	52.75	55.0	54.0	5835500
2021-11-25	54.0	53.5	54.75	53.75	2082800
2021-11-26	53.75	53.0	55.5	53.25	3060200
2021-11-29	53.75	53.25	56.0	53.75	5415800
2021-11-30	54.25	52.0	55.0	53.0	5151100
2021-12-01	53.25	52.5	54.0	53.25	3726000
2021-12-02	53.0	52.75	54.0	54.0	1876300
2021-12-03	54.0	53.25	54.25	53.25	1078200
2021-12-07	53.25	51.0	53.75	52.5	6078600
2021-12-08	52.25	51.25	53.5	51.75	4568200
2021-12-09	51.75	51.5	53.25	51.75	6444300
2021-12-13	52.0	51.75	53.25	52.0	2906000
2021-12-14	52.25	52.25	54.75	52.5	6012800
2021-12-15	52.25	51.5	53.0	52.25	2454900
2021-12-16	52.5	52.25	53.0	52.5	1747700
2021-12-17	52.5	51.75	52.75	51.75	2550100
2021-12-20	52.0	51.5	52.5	51.5	2561600
2021-12-21	51.75	51.0	52.0	51.25	2069400
2021-12-22	51.0	51.0	52.0	51.75	1173700
2021-12-23	51.75	51.75	53.25	51.75	2707100
2021-12-24	52.25	51.5	52.75	51.75	1246300
2021-12-27	52.0	51.25	52.0	51.75	1528600
2021-12-28	52.25	51.5	52.25	52.0	1763000
2021-12-29	52.0	51.25	52.25	52.0	2237200
2021-12-30	52.0	50.0	52.0	50.5	4012100
2022-01-04	50.25	48.25	50.5	48.75	8582300
2022-01-05	48.25	48.25	49.0	48.75	4905800
2022-01-06	49.0	48.5	49.75	48.5	3538400
2022-01-07	48.5	47.5	48.75	48.25	3476900
2022-01-10	48.0	48.0	49.0	48.25	4712300
2022-01-11	48.25	48.25	50.0	49.5	6614400
2022-01-12	49.75	49.25	51.0	50.25	4654400
2022-01-13	50.5	49.0	50.75	49.5	3578900
2022-01-14	49.5	48.5	49.75	48.75	3264400
2022-01-17	49.25	48.0	49.25	48.75	1614200
2022-01-18	49.25	48.5	50.0	48.5	3203400
2022-01-19	48.5	47.5	49.0	48.75	2718800
2022-01-20	49.0	47.5	49.25	47.5	2236800
2022-01-21	47.25	47.0	47.5	47.5	1096800
2022-01-24	47.5	46.5	48.25	46.75	3676000
2022-01-25	46.75	45.25	47.0	45.25	3984900
2022-01-26	45.5	44.25	45.75	45.0	3241800
2022-01-27	44.75	43.25	45.75	45.75	5114700
2022-01-28	46.25	45.5	46.25	45.5	3208100
2022-01-31	46.0	46.0	46.75	46.5	2585000
2022-02-01	46.5	45.75	47.5	47.0	3142000
2022-02-02	47.0	45.75	47.0	46.0	2474100
2022-02-03	46.5	45.5	46.5	45.5	2096200
2022-02-04	45.5	45.0	45.75	45.25	1274100
2022-02-07	45.5	45.0	45.75	45.25	1384900
2022-02-08	45.25	45.25	46.0	45.75	2227000
2022-02-09	46.0	45.25	46.25	45.5	3866700
2022-02-10	45.5	45.25	46.0	45.25	1866000
2022-02-11	45.0	43.0	45.25	44.25	6838800
2022-02-14	44.0	43.0	44.25	43.25	2778900
2022-02-15	43.5	42.75	43.75	43.25	4710900
2022-02-17	43.5	43.0	44.25	43.5	4141900
2022-02-18	43.75	43.25	44.0	43.5	1818000
2022-02-21	43.5	43.0	43.5	43.25	2676900
2022-02-22	43.25	42.25	43.25	42.75	3701300
2022-02-23	43.25	43.25	46.0	46.0	8422400
2022-02-24	44.0	42.75	44.5	42.75	10610500
2022-02-25	43.5	43.0	44.0	43.25	5057200
2022-02-28	42.75	42.25	43.5	43.0	3986000
2022-03-01	43.25	43.25	45.25	44.75	4550400
2022-03-02	44.5	43.25	45.0	43.5	8986800
2022-03-03	43.75	43.75	45.0	44.5	4441200
2022-03-04	44.5	43.25	44.75	43.75	2263500
2022-03-07	43.5	41.0	43.5	41.5	5221200
2022-03-08	40.5	40.25	42.0	41.5	6070300
2022-03-09	42.0	41.5	44.0	43.75	6597700
2022-03-10	43.75	43.0	44.0	43.5	6099800
2022-03-11	43.5	42.5	43.75	43.5	3264000
2022-03-14	43.5	42.5	43.5	42.75	3246500
2022-03-15	43.0	42.5	43.75	42.5	2515400
2022-03-16	42.75	42.5	43.5	43.25	1975300
2022-03-17	43.5	43.25	44.75	43.75	2963500
2022-03-18	43.75	43.5	45.0	45.0	7249600
2022-03-21	45.75	44.5	46.0	45.75	9831900
2022-03-22	45.5	44.5	45.75	45.0	6239600
2022-03-23	45.0	44.25	45.0	44.75	3512400
2022-03-24	44.75	44.75	46.25	46.0	8822200
2022-03-25	46.0	45.0	46.0	45.0	4725600
2022-03-28	45.25	44.75	45.25	45.0	1285800
2022-03-29	45.25	44.25	45.25	44.25	2935700
2022-03-30	44.25	44.25	45.5	45.0	3399900
2022-03-31	45.0	44.5	45.5	45.5	3392100
2022-04-01	45.25	45.25	45.75	45.5	1648800
2022-04-04	45.75	45.75	47.5	46.75	6555600
2022-04-05	47.0	46.75	48.0	47.0	5538300
2022-04-07	47.0	45.75	47.0	46.5	6385500
2022-04-08	46.5	45.75	46.75	46.5	2025800
2022-04-11	46.25	45.75	48.0	48.0	6617400
2022-04-12	47.5	47.0	48.25	47.75	5719200
2022-04-18	47.75	47.0	47.75	47.75	1774600
2022-04-19	48.0	48.0	49.75	48.5	8938100
2022-04-20	48.5	48.0	48.75	48.5	2599900
2022-04-21	48.75	48.0	49.25	48.75	4587000
2022-04-22	48.5	48.25	49.5	48.75	3794400
2022-04-25	48.25	48.25	49.75	49.0	2313500
2022-04-26	49.0	49.0	50.5	50.0	4157700
2022-04-27	49.5	49.25	50.5	49.5	3846000
2022-04-28	49.5	49.0	50.0	49.5	2219200
2022-04-29	49.25	48.25	50.0	49.0	6278900
2022-05-03	48.5	47.75	49.25	48.25	5649800
2022-05-05	48.5	47.0	48.5	47.5	5268800
2022-05-06	46.5	46.5	48.0	47.75	4220000
2022-05-09	47.75	46.5	48.0	47.0	1983300
2022-05-10	46.75	46.5	48.5	48.5	3739100
2022-05-11	47.75	47.5	48.75	48.25	4081900
2022-05-12	48.5	47.25	48.75	48.25	2717900
2022-05-13	48.5	47.5	48.5	48.5	1678000
2022-05-17	52.0	52.0	55.25	54.0	16006100
2022-05-18	53.25	52.75	54.75	53.5	10241800
2022-05-19	51.5	51.0	53.25	53.0	5782400
2022-05-20	53.5	52.5	54.5	53.0	6388200
2022-05-23	53.0	53.0	54.25	54.0	2476600
2022-05-24	54.0	53.25	54.25	53.75	1849700
2022-05-25	53.75	53.25	54.25	53.5	2200700
2022-05-26	53.25	52.5	53.5	53.0	2875400
2022-05-27	53.0	52.25	53.5	52.75	2001700
2022-05-30	52.75	52.25	53.75	52.5	3838600
2022-05-31	52.5	51.5	52.75	52.0	4386600
2022-06-01	52.5	50.5	52.5	51.25	4323900
2022-06-02	50.75	50.0	51.25	50.5	5488700
2022-06-06	50.25	50.25	51.25	51.25	1464200
2022-06-07	51.0	51.0	52.75	51.75	3659300
2022-06-08	51.75	51.5	52.75	52.25	1238400
2022-06-09	52.5	51.5	52.75	51.5	1246500
2022-06-10	51.75	51.0	52.0	51.75	845700
2022-06-13	50.75	50.25	51.25	50.75	1691500
2022-06-14	50.5	50.5	52.25	51.5	2110700
2022-06-15	52.5	51.75	53.0	51.75	3086700
2022-06-16	52.25	51.25	52.5	51.75	2088300
2022-06-17	51.75	49.0	52.75	49.0	4916900
2022-06-20	49.0	48.75	50.5	50.0	4280000
2022-06-21	50.0	49.5	50.25	50.0	1302700
2022-06-22	50.25	48.75	50.25	49.5	5206900
2022-06-23	49.25	48.75	49.75	49.25	2755200
2022-06-24	49.25	49.0	50.0	49.25	2198800
2022-06-27	49.75	49.5	50.25	49.75	2244300
2022-06-28	49.75	49.5	51.0	50.75	2849500
2022-06-29	50.75	50.25	51.0	50.5	2806200
2022-06-30	50.5	48.5	50.75	50.5	8016100
2022-07-01	49.75	48.5	50.0	48.75	3508300
2022-07-04	48.75	47.25	48.75	47.25	4538500
2022-07-05	47.25	46.5	48.5	47.75	4103100
2022-07-06	47.75	47.5	49.5	49.25	4647100
2022-07-07	49.25	49.25	51.5	50.25	6868000
2022-07-08	50.25	49.5	50.75	50.5	2972100
2022-07-11	51.25	50.0	51.25	50.75	1943000
2022-07-12	51.0	49.5	51.0	50.0	2141700
2022-07-14	50.0	50.0	51.75	51.5	3002100
2022-07-15	52.0	51.5	53.0	52.75	3152400
2022-07-18	52.75	47.5	52.75	47.5	11263100
2022-07-19	46.5	45.75	47.5	47.25	8984500
2022-07-20	47.5	46.75	48.0	47.25	3422200
2022-07-21	47.75	47.0	49.75	49.75	4719100
2022-07-22	49.75	48.5	49.75	49.0	1924100
2022-07-25	48.75	48.25	49.25	48.75	1856200
2022-07-26	48.75	48.75	49.5	48.75	1521200
2022-07-27	48.5	48.5	49.5	48.75	2400900
2022-08-01	48.75	48.75	50.5	50.0	2996700
2022-08-02	50.0	49.5	50.5	49.75	2149600
2022-08-03	49.75	49.5	50.5	49.75	1439300
2022-08-04	49.75	49.25	50.25	49.5	1018300
2022-08-05	49.25	49.0	49.75	49.25	962300
2022-08-08	49.25	48.5	49.5	49.25	1029100
2022-08-09	49.5	49.25	50.25	49.25	2218400
2022-08-10	49.25	48.75	50.0	49.0	1775300
2022-08-11	49.25	48.75	49.5	48.75	1985700
2022-08-15	48.75	47.75	49.25	48.5	3075700
2022-08-16	48.5	48.0	49.25	48.0	2343200
2022-08-17	48.25	48.25	50.25	49.0	3837800
2022-08-18	49.25	49.0	49.75	49.5	1021100
2022-08-19	49.75	48.75	50.0	49.0	1174300
2022-08-22	49.0	49.0	49.75	49.0	1987700
2022-08-23	49.0	48.75	49.75	49.25	1849100
2022-08-24	49.0	48.25	49.0	48.5	2509400
2022-08-25	48.5	48.5	49.5	49.25	1992200
2022-08-26	49.25	49.25	50.5	49.75	3911800
2022-08-29	49.5	49.0	50.0	49.0	2028000
2022-08-30	49.75	49.25	50.0	49.25	2009600
2022-08-31	49.25	49.0	49.75	49.25	2152400
2022-09-01	49.25	48.75	49.75	49.25	3165200
2022-09-02	49.25	49.25	51.0	50.25	4303500
2022-09-05	50.5	50.25	51.5	51.25	4255600
2022-09-06	51.0	50.75	51.75	50.75	3295500
2022-09-07	50.75	50.25	51.25	51.0	3683100
2022-09-08	51.5	50.5	51.75	50.5	2788100
2022-09-09	51.0	50.5	51.25	51.0	2929200
2022-09-12	51.25	50.75	51.25	50.75	815900
2022-09-13	50.75	50.5	51.25	50.75	2216400
2022-09-14	50.0	50.0	51.25	51.0	1442700
2022-09-15	51.0	49.25	51.25	50.25	4266500
2022-09-16	50.75	48.5	50.75	48.5	4166800
2022-09-19	49.25	48.0	49.25	48.5	2098300
2022-09-20	48.75	47.25	48.75	48.0	4230800
2022-09-21	47.75	47.25	48.25	47.75	3415300
2022-09-22	48.0	47.5	48.25	47.75	2182100
2022-09-23	47.75	47.0	48.0	47.5	2652700
2022-09-26	47.0	46.75	47.5	47.25	2056400
2022-09-27	46.75	45.5	47.25	45.5	3018600
2022-09-28	45.5	44.5	46.75	46.25	2907100
2022-09-29	46.5	46.25	46.75	46.25	976500
2022-09-30	46.25	46.25	46.5	46.25	1636100
2022-10-03	46.0	44.75	46.25	45.25	3321300
2022-10-04	45.75	45.5	46.75	46.5	2218900
2022-10-05	46.5	45.0	47.0	45.25	2277500
2022-10-06	45.0	44.0	45.5	44.25	3899800
2022-10-07	44.25	43.5	44.75	44.5	2998900
2022-10-10	43.5	43.5	44.5	44.0	1310300
2022-10-11	44.25	43.75	44.75	44.25	786600
2022-10-12	44.25	44.25	45.5	45.25	937300
2022-10-17	45.25	45.25	46.25	45.5	2036400
2022-10-18	46.0	46.0	47.25	47.25	2874800
2022-10-19	47.0	47.0	48.0	48.0	2535100
2022-10-20	48.25	47.25	49.25	49.25	3036200
2022-10-21	48.5	45.75	49.25	46.0	5860900
2022-10-25	46.0	44.0	46.0	44.25	4307100
2022-10-26	44.75	44.5	45.25	44.75	4279900
2022-10-27	44.75	43.75	45.0	43.75	3279900
2022-10-28	44.0	43.5	44.25	43.75	3675100
2022-10-31	44.0	43.75	44.5	44.25	849600
2022-11-01	44.25	44.25	45.5	45.25	3169000
2022-11-02	45.25	45.0	45.75	45.25	1530300
2022-11-03	45.25	45.25	46.25	45.25	2176200
2022-11-04	45.25	45.25	46.0	45.5	2109000
2022-11-07	45.5	44.0	45.5	44.25	3274700
2022-11-08	44.0	43.75	44.5	44.0	2247600
2022-11-09	44.5	43.5	44.5	43.75	2458400
2022-11-10	43.75	43.75	45.5	44.75	6209900
2022-11-11	45.0	44.75	46.25	45.75	4040100
2022-11-14	45.25	45.0	46.0	45.75	1628800
2022-11-15	46.5	46.25	47.75	46.5	9884100
2022-11-16	46.5	45.25	47.0	46.75	5390000
2022-11-17	46.5	45.75	46.5	46.0	1940900
2022-11-18	46.0	46.0	47.0	46.5	3047300
2022-11-21	46.75	46.25	47.0	46.75	721300
2022-11-22	46.5	45.0	46.75	45.25	4709400
2022-11-23	45.25	45.25	46.75	46.0	2439700
2022-11-24	46.25	46.0	46.5	46.25	705000
2022-11-25	46.0	45.75	46.25	45.75	314300
2022-11-28	45.75	45.25	46.0	45.75	839500
2022-11-29	45.5	45.25	46.75	45.75	1605500
2022-11-30	45.5	45.5	47.25	46.75	3273300
2022-12-01	47.0	46.0	47.25	46.25	2144100
2022-12-02	46.5	46.0	46.75	46.0	578400
2022-12-06	46.0	45.25	46.25	45.25	1703200
2022-12-07	45.5	45.25	46.0	45.25	856300
2022-12-08	45.5	45.25	45.75	45.25	1118100
2022-12-09	45.5	45.5	46.75	46.0	1648800
2022-12-13	46.25	46.25	47.25	46.75	1912400
2022-12-14	47.0	46.5	47.25	46.5	1033300
2022-12-15	46.5	46.0	46.75	46.5	1104300
2022-12-16	46.25	45.5	46.5	45.5	3356700
2022-12-19	45.5	45.25	46.0	45.25	1072800
2022-12-20	45.75	44.25	45.75	44.75	2489100
2022-12-21	44.75	44.75	45.25	45.0	1043400
2022-12-22	45.0	45.0	45.75	45.25	907400
2022-12-23	45.0	44.75	45.25	45.25	980400
2022-12-26	45.25	45.25	46.0	45.5	924900
2022-12-27	46.0	45.5	46.0	45.5	992200
2022-12-28	45.75	45.0	45.75	45.5	1924600
2022-12-29	46.5	46.0	48.0	46.5	8748000
2022-12-30	46.75	46.25	47.0	46.75	1615200
