Date	Price Open	Price Low	Price High	Price Close	Volume
2014-11-26	9.5	8.6	11.9	11.9	1204125700
2014-11-27	11.6	11.3	12.8	12.0	672459500
2014-11-28	12.2	11.7	12.6	11.7	233913300
2014-12-01	12.0	11.8	12.3	11.9	133392000
2014-12-02	12.0	11.4	12.1	11.5	80042400
2014-12-03	11.6	11.4	12.1	12.0	99232200
2014-12-04	12.0	11.6	12.1	11.6	67495400
2014-12-08	11.5	11.0	12.0	11.7	49135900
2014-12-09	11.8	11.6	12.2	12.0	51534500
2014-12-11	11.9	11.2	12.1	11.8	48638200
2014-12-12	11.9	11.4	12.6	12.4	83605100
2014-12-15	12.0	9.0	12.2	11.6	73769300
2014-12-16	11.3	10.8	12.0	11.8	37771900
2014-12-17	11.8	11.6	11.9	11.7	19094700
2014-12-18	11.9	11.7	12.2	12.1	31014200
2014-12-19	12.1	11.8	12.2	11.9	14551600
2014-12-22	11.9	11.8	12.9	12.6	49971800
2014-12-23	12.7	12.3	12.8	12.6	22923500
2014-12-24	12.6	12.0	12.7	12.4	20890700
2014-12-25	12.3	11.8	12.3	11.9	13367300
2014-12-26	12.0	11.9	12.2	12.1	3662800
2014-12-29	12.0	11.9	12.1	12.0	3283000
2014-12-30	12.0	11.7	12.3	12.2	7669700
2015-01-05	12.2	12.0	12.2	12.0	2090700
2015-01-06	11.9	11.9	12.5	12.4	17457200
2015-01-07	12.4	12.3	12.7	12.5	10926800
2015-01-08	12.5	12.5	12.7	12.6	11753300
2015-01-09	12.7	12.7	14.0	14.0	82570500
2015-01-12	13.9	13.6	14.2	14.0	35211500
2015-01-13	13.9	13.7	14.3	14.3	25726000
2015-01-14	14.4	13.9	14.5	14.0	29501200
2015-01-15	14.1	13.9	15.2	14.9	51877700
2015-01-16	14.7	14.6	15.0	14.9	27810100
2015-01-19	14.9	14.2	15.0	14.7	24963400
2015-01-20	14.7	14.4	14.9	14.6	13212900
2015-01-21	14.8	14.8	15.3	15.0	32318200
2015-01-22	15.2	15.0	16.0	15.9	40824500
2015-01-23	15.9	15.9	16.4	16.0	27092500
2015-01-26	16.1	15.9	16.8	16.7	32364900
2015-01-27	16.8	16.7	18.3	17.9	51656900
2015-01-28	18.1	17.2	18.4	18.1	38560700
2015-01-29	17.9	17.7	18.0	18.0	12452100
2015-01-30	18.0	17.8	18.4	18.3	18608700
2015-02-02	18.1	18.0	19.1	19.1	24728100
2015-02-03	19.1	18.8	19.1	19.0	16226800
2015-02-04	19.1	19.1	19.7	19.4	23183700
2015-02-05	19.4	19.2	19.6	19.5	13507100
2015-02-06	19.6	19.3	20.0	19.9	15069100
2015-02-09	20.0	19.5	20.1	19.5	35296700
2015-02-10	19.2	18.0	19.4	18.3	60923200
2015-02-11	18.4	18.3	19.1	18.8	48286500
2015-02-12	18.9	18.8	19.2	18.9	17413800
2015-02-13	19.1	18.7	19.1	18.9	10022400
2015-02-16	19.0	18.8	19.6	19.1	40751700
2015-02-17	19.2	18.8	19.3	18.8	13575700
2015-02-18	19.0	19.0	20.1	19.8	60481200
2015-02-19	20.0	19.9	20.4	20.2	40979800
2015-02-20	20.3	19.7	20.4	20.1	23357600
2015-02-23	20.2	19.7	20.2	19.7	13983600
2015-02-24	19.5	19.2	19.9	19.4	17858400
2015-02-25	19.6	19.2	19.8	19.2	11967400
2015-02-26	19.3	18.4	19.4	19.0	21149800
2015-02-27	19.2	18.9	20.0	20.0	40277600
2015-03-02	20.0	19.6	20.2	19.8	18032100
2015-03-03	20.0	19.3	20.0	19.6	12767400
2015-03-05	19.4	19.0	19.5	19.2	12121500
2015-03-06	19.1	18.7	19.2	19.1	15879600
2015-03-09	19.2	19.0	19.6	19.5	17416500
2015-03-10	19.6	18.9	19.7	18.9	16838000
2015-03-11	18.7	18.6	19.6	19.2	21676500
2015-03-12	19.5	19.2	19.5	19.4	9286000
2015-03-13	19.6	19.6	20.7	19.9	101837900
2015-03-16	19.8	19.1	19.9	19.2	39925600
2015-03-17	19.5	18.9	19.5	18.9	19527600
2015-03-18	19.0	18.9	19.6	19.4	15692200
2015-03-19	19.6	19.2	19.9	19.3	12952200
2015-03-20	19.3	19.0	19.4	19.4	8045200
2015-03-23	19.6	19.0	19.6	19.0	7652600
2015-03-24	19.1	18.3	19.2	18.8	16583800
2015-03-25	18.7	18.7	19.1	18.9	5470900
2015-03-26	18.8	18.4	18.8	18.4	7076700
2015-03-27	18.5	18.0	18.5	18.1	12045300
2015-03-30	18.4	18.2	18.5	18.3	5602200
2015-03-31	18.4	18.2	18.6	18.2	8119100
2015-04-01	18.3	18.3	19.0	18.8	17368500
2015-04-02	18.8	18.8	19.3	19.0	13318900
2015-04-03	19.1	18.9	19.1	19.0	3865000
2015-04-07	19.0	18.8	19.1	18.9	5619900
2015-04-08	19.0	18.6	19.3	18.7	8498900
2015-04-09	19.0	18.8	19.1	18.9	5686000
2015-04-10	19.0	18.8	19.1	19.0	2852700
2015-04-16	19.1	18.9	19.2	19.2	5816300
2015-04-17	19.2	18.9	19.2	19.0	3310300
2015-04-20	18.9	18.8	19.0	18.8	3931200
2015-04-21	18.9	18.8	19.8	19.6	32662300
2015-04-22	19.8	19.3	19.9	19.4	30100100
2015-04-23	19.5	19.2	19.6	19.2	14932500
2015-04-24	19.3	19.1	19.6	19.2	7499900
2015-04-27	19.2	18.9	19.2	19.0	3377300
2015-04-28	19.0	18.5	19.0	19.0	7606200
2015-04-29	18.8	18.7	19.4	19.2	16995300
2015-04-30	19.1	18.9	19.2	18.9	5019300
2015-05-06	18.9	18.3	18.9	18.3	11901300
2015-05-07	18.3	18.0	18.6	18.0	7507500
2015-05-08	18.1	17.2	18.2	17.9	17414000
2015-05-11	18.1	17.5	18.1	17.5	8427300
2015-05-12	17.6	16.7	17.6	16.8	17800800
2015-05-13	17.0	16.9	17.2	17.2	8431700
2015-05-14	17.2	17.0	17.9	17.8	8879800
2015-05-15	17.7	17.6	18.2	18.2	8133800
2015-05-18	18.2	18.1	18.7	18.5	7626400
2015-05-19	18.6	18.5	18.8	18.7	6415700
2015-05-20	18.8	18.7	19.3	18.7	21101900
2015-05-21	18.9	18.7	19.0	18.7	5666200
2015-05-22	18.9	18.4	18.9	18.6	5838300
2015-05-25	18.6	18.3	18.7	18.3	3506200
2015-05-26	18.3	17.9	18.4	18.0	6413000
2015-05-27	17.8	17.6	18.3	18.2	7710700
2015-05-28	18.4	18.1	18.4	18.3	5214900
2015-05-29	18.3	18.0	18.5	18.5	9370600
2015-06-02	18.5	18.2	18.5	18.2	4506700
2015-06-03	18.2	18.1	18.6	18.5	9324000
2015-06-04	18.8	18.6	19.1	18.8	19603900
2015-06-05	18.9	18.7	19.0	18.7	5938900
2015-06-08	18.8	18.5	18.8	18.6	2687900
2015-06-09	18.7	18.3	18.7	18.4	3916100
2015-06-10	18.6	18.4	18.9	18.5	5656600
2015-06-11	18.6	18.5	18.8	18.7	5613400
2015-06-12	18.7	18.4	18.8	18.6	4808500
2015-06-15	18.6	18.3	18.6	18.5	2034000
2015-06-16	18.6	18.4	18.7	18.5	2171700
2015-06-17	18.6	18.4	18.6	18.5	3385300
2015-06-18	18.5	18.4	18.6	18.5	3000000
2015-06-19	18.5	18.3	18.6	18.6	7866200
2015-06-22	18.6	18.4	18.7	18.7	2378400
2015-06-23	18.7	18.5	18.7	18.7	3183400
2015-06-24	18.7	18.6	19.0	19.0	14022700
2015-06-25	19.0	19.0	19.6	19.5	31621300
2015-06-26	19.6	19.2	19.7	19.2	12624500
2015-06-29	18.8	18.7	19.3	19.2	9628700
2015-06-30	19.2	18.9	19.4	19.1	7344000
2015-07-02	19.2	19.0	19.3	19.2	5248800
2015-07-03	19.1	19.0	19.2	19.2	1721100
2015-07-06	19.0	18.7	19.1	19.0	3080400
2015-07-07	19.1	18.9	19.1	19.0	2070700
2015-07-08	18.9	18.7	19.1	19.0	3657700
2015-07-09	18.9	18.9	19.4	19.2	8783900
2015-07-10	19.2	19.1	19.3	19.2	2961500
2015-07-13	19.2	19.2	19.6	19.4	15588800
2015-07-14	19.5	19.1	19.5	19.2	8155100
2015-07-15	19.3	19.0	19.3	19.3	3587600
2015-07-16	19.3	18.9	19.3	19.0	4241600
2015-07-17	19.1	18.9	19.1	18.9	1412800
2015-07-20	19.0	18.7	19.0	18.8	3461300
2015-07-21	18.8	18.2	18.8	18.3	7702300
2015-07-22	18.3	18.0	18.6	18.6	4096800
2015-07-23	18.6	18.4	18.8	18.7	2459000
2015-07-24	18.6	18.4	18.9	18.8	4611900
2015-07-27	18.7	18.1	18.7	18.6	4487200
2015-07-28	18.6	18.2	18.6	18.6	3228200
2015-07-29	18.8	18.6	19.0	18.9	4444100
2015-07-31	18.9	18.9	19.3	19.2	8408200
2015-08-03	19.1	18.8	19.1	18.8	2825900
2015-08-04	18.8	18.7	18.9	18.7	1279600
2015-08-05	18.8	18.7	18.9	18.8	1736300
2015-08-06	18.8	18.5	18.8	18.6	2719300
2015-08-07	18.8	18.5	18.8	18.5	1744300
2015-08-10	18.5	18.4	18.6	18.5	1404800
2015-08-11	18.6	18.3	18.7	18.3	2839500
2015-08-13	18.1	17.7	18.2	18.2	3842200
2015-08-14	18.2	18.1	18.3	18.2	1685300
2015-08-17	18.2	18.1	18.3	18.2	653200
2015-08-18	17.7	17.7	18.1	17.9	4204200
2015-08-19	18.0	17.9	18.1	18.0	1347800
2015-08-20	18.0	17.8	18.1	17.8	2086400
2015-08-21	17.8	17.8	17.9	17.9	862900
2015-08-24	17.7	16.0	17.7	16.1	11118300
2015-08-25	16.5	15.5	16.9	16.8	9836400
2015-08-26	16.5	16.3	16.7	16.3	3391100
2015-08-27	16.6	16.3	16.7	16.5	6554700
2015-08-28	16.8	16.6	17.1	16.6	11527500
2015-08-31	16.6	16.6	17.2	17.0	9291700
2015-09-01	17.1	16.6	17.1	16.6	5352700
2015-09-02	16.7	16.6	16.8	16.6	3982400
2015-09-03	16.9	16.8	17.3	16.9	9593800
2015-09-04	17.0	16.8	17.1	16.8	3765600
2015-09-07	16.8	16.7	16.9	16.7	1102200
2015-09-08	16.8	16.5	16.8	16.6	3386200
2015-09-09	16.7	16.7	16.9	16.8	3296900
2015-09-10	16.7	16.6	16.9	16.6	4216000
2015-09-11	16.7	16.5	16.7	16.5	1822100
2015-09-14	16.5	16.3	16.6	16.4	1416800
2015-09-15	16.5	16.2	16.5	16.3	3541100
2015-09-16	16.4	16.2	16.4	16.3	3319400
2015-09-17	16.4	16.1	16.4	16.2	1907700
2015-09-18	16.2	16.2	16.4	16.2	4208300
2015-09-21	16.1	16.1	16.5	16.4	4811900
2015-09-22	16.6	16.2	16.6	16.2	4379100
2015-09-23	16.2	16.1	16.3	16.1	1535600
2015-09-24	16.2	16.0	16.2	16.1	1255600
2015-09-25	16.0	15.9	16.1	16.0	2071100
2015-09-28	16.0	15.7	16.0	15.7	2959800
2015-09-29	15.7	15.5	15.7	15.6	2938900
2015-09-30	15.7	15.4	15.7	15.5	2245200
2015-10-01	15.6	15.5	16.0	15.5	5363800
2015-10-02	15.6	15.5	15.7	15.5	1251600
2015-10-05	15.7	15.4	16.0	15.6	6079400
2015-10-06	15.6	15.2	15.7	15.6	4593100
2015-10-07	15.4	15.1	15.5	15.2	5759800
2015-10-08	15.3	15.0	15.5	15.1	8161600
2015-10-09	15.4	15.2	15.7	15.3	16729100
2015-10-12	15.6	15.4	15.7	15.6	9388200
2015-10-13	15.6	15.4	15.7	15.6	5397400
2015-10-14	15.5	15.5	16.6	16.4	38049100
2015-10-15	16.6	16.6	17.5	17.4	28390700
2015-10-16	17.6	17.6	18.1	17.8	27889900
2015-10-19	18.1	17.6	18.2	17.7	7583000
2015-10-20	17.8	17.8	18.7	18.6	21684900
2015-10-21	18.7	18.3	18.8	18.4	8697100
2015-10-22	18.5	18.2	18.6	18.4	3653100
2015-10-26	18.5	18.2	18.6	18.4	3975500
2015-10-27	18.5	18.2	18.8	18.6	10244700
2015-10-28	18.6	18.3	18.7	18.4	8620500
2015-10-29	18.5	17.8	18.6	18.2	7538700
2015-10-30	18.2	18.0	18.3	18.2	3986700
2015-11-02	18.4	18.2	18.6	18.4	8733700
2015-11-03	18.5	18.4	18.8	18.6	6227400
2015-11-04	18.6	18.5	19.4	19.4	32578500
2015-11-05	19.4	19.0	19.6	19.4	17953000
2015-11-06	19.4	19.1	19.5	19.4	6293700
2015-11-09	19.5	19.2	19.6	19.4	8223300
2015-11-10	19.4	19.2	19.7	19.5	10179000
2015-11-11	19.6	18.9	19.6	19.0	9558700
2015-11-12	19.0	18.8	19.7	19.5	19914800
2015-11-13	19.6	19.5	20.2	20.2	26465300
2015-11-16	20.0	19.7	20.1	19.8	19596700
2015-11-17	20.0	19.9	21.0	21.0	46039200
2015-11-18	21.2	20.8	21.7	20.9	38820400
2015-11-19	21.2	20.9	21.5	21.2	20799800
2015-11-20	21.2	21.0	21.8	21.7	39257800
2015-11-23	21.7	21.5	22.1	21.6	33811000
2015-11-24	21.7	21.2	22.0	21.5	21150600
2015-11-25	21.5	21.2	21.7	21.4	12755000
2015-11-26	21.4	20.0	21.4	20.3	39781100
2015-11-27	20.2	20.1	20.6	20.3	22507400
2015-11-30	20.2	20.1	20.9	20.9	19988000
2015-12-01	20.9	20.6	20.9	20.7	8552000
2015-12-02	20.8	20.2	21.3	20.2	32682700
2015-12-03	20.4	19.6	20.6	20.5	18781500
2015-12-04	20.2	20.1	20.4	20.1	3440200
2015-12-08	20.1	19.1	20.3	19.8	11234400
2015-12-09	19.7	19.6	20.1	20.0	8733400
2015-12-11	20.0	19.5	20.1	19.7	4848500
2015-12-14	19.4	18.8	19.6	19.1	11384000
2015-12-15	19.2	19.2	19.9	19.9	9685900
2015-12-16	19.9	19.6	20.0	19.6	5047700
2015-12-17	19.7	19.7	20.6	20.4	34094700
2015-12-18	20.3	19.9	20.3	20.2	10561300
2015-12-21	20.0	19.9	20.6	20.5	14510900
2015-12-22	20.5	20.3	20.8	20.5	8869800
2015-12-23	20.6	20.3	20.7	20.4	8674200
2015-12-24	20.6	20.1	20.6	20.5	4354600
2015-12-25	20.5	20.3	20.7	20.7	4084500
2015-12-28	20.7	20.5	21.0	20.7	6375300
2015-12-29	20.7	20.7	20.9	20.9	2947100
2015-12-30	20.9	20.9	21.3	21.3	11207200
2016-01-04	21.2	20.5	21.2	20.7	8254000
2016-01-05	20.8	20.5	20.9	20.6	5709200
2016-01-06	20.6	20.4	20.9	20.7	8345200
2016-01-07	20.4	20.1	20.8	20.5	7807900
2016-01-08	20.6	20.3	20.6	20.4	3538300
2016-01-11	20.3	19.8	20.4	20.0	13867700
2016-01-12	19.9	19.8	20.2	20.0	7732400
2016-01-13	20.3	20.2	20.6	20.5	9577800
2016-01-14	20.3	20.1	20.7	20.1	9797900
2016-01-15	20.2	20.1	20.4	20.2	3361800
2016-01-18	20.0	20.0	20.5	20.5	7318200
2016-01-19	20.6	20.2	20.6	20.4	5447200
2016-01-20	20.4	20.2	20.5	20.2	3342900
2016-01-21	20.2	19.8	20.3	20.0	7038300
2016-01-22	20.0	20.0	20.4	20.2	5621900
2016-01-25	20.2	20.1	20.4	20.1	1806800
2016-01-26	20.1	20.0	20.2	20.1	1768600
2016-01-27	20.2	20.1	20.3	20.1	699000
2016-01-28	20.1	19.9	20.3	20.3	4636200
2016-01-29	20.4	20.4	20.8	20.5	29239800
2016-02-01	20.5	20.3	20.7	20.5	7624600
2016-02-02	20.5	20.2	20.6	20.5	4449300
2016-02-03	20.4	20.3	20.8	20.5	9079400
2016-02-04	20.6	20.6	21.0	20.7	12593400
2016-02-05	20.8	20.8	21.3	21.1	29990300
2016-02-08	21.1	20.8	21.2	21.0	7146300
2016-02-09	21.0	20.7	21.2	21.0	12752700
2016-02-10	20.9	20.7	21.1	21.0	6368300
2016-02-11	21.0	20.6	21.0	20.8	8944700
2016-02-12	20.6	20.2	20.8	20.5	14556600
2016-02-15	20.6	20.5	20.9	20.8	3402700
2016-02-16	20.9	20.5	20.9	20.7	3627200
2016-02-17	20.7	20.4	20.7	20.7	2348500
2016-02-18	20.7	20.3	20.8	20.4	4942600
2016-02-19	20.5	20.0	20.6	20.4	10420600
2016-02-23	20.6	20.3	20.7	20.4	6582400
2016-02-24	20.4	20.4	20.6	20.4	2962200
2016-02-25	20.5	20.2	20.7	20.4	4679800
2016-02-26	20.5	20.4	20.6	20.5	2445700
2016-02-29	20.5	20.2	20.5	20.5	2020500
2016-03-01	20.5	20.2	20.5	20.2	3346200
2016-03-02	20.5	20.3	20.6	20.3	7814600
2016-03-03	20.4	20.3	20.7	20.5	12834400
2016-03-04	20.5	20.2	20.6	20.5	4003300
2016-03-07	20.5	20.3	20.5	20.5	2735400
2016-03-08	20.3	20.0	20.4	20.0	8808900
2016-03-09	20.0	19.6	20.0	19.8	6087100
2016-03-10	19.8	19.8	20.1	19.9	1910800
2016-03-11	20.0	19.8	20.0	20.0	1582200
2016-03-14	20.1	20.0	20.2	20.1	2144500
2016-03-15	20.1	19.9	20.2	20.2	1109700
2016-03-16	20.2	19.9	20.2	20.0	1693500
2016-03-17	20.1	19.9	20.1	19.9	1071000
2016-03-18	19.9	19.8	20.0	19.9	4830800
2016-03-21	19.9	19.8	20.0	19.9	876700
2016-03-22	19.9	19.2	19.9	19.3	8497900
2016-03-23	19.3	19.3	19.7	19.7	6952300
2016-03-24	19.7	19.4	19.8	19.4	5774900
2016-03-25	19.5	19.3	19.7	19.4	2437900
2016-03-28	19.5	19.3	19.5	19.4	1217000
2016-03-29	19.4	19.2	19.5	19.3	1483900
2016-03-30	19.5	19.4	19.6	19.6	2066100
2016-03-31	19.6	19.4	19.6	19.4	1391800
2016-04-01	19.4	19.3	19.5	19.3	826900
2016-04-04	19.4	19.3	19.6	19.5	1716500
2016-04-05	19.4	19.4	19.6	19.5	3190300
2016-04-07	19.5	19.5	20.3	20.0	11712100
2016-04-08	20.1	19.8	20.1	20.0	3385200
2016-04-11	19.9	19.9	20.2	20.1	2272800
2016-04-12	20.1	20.0	20.3	20.3	2455500
2016-04-18	20.3	20.3	20.5	20.4	3160800
2016-04-19	20.5	20.2	20.5	20.3	3311200
2016-04-20	20.4	20.2	20.4	20.3	1394000
2016-04-21	20.4	20.2	20.5	20.2	2971400
2016-04-22	20.3	20.2	20.4	20.2	961700
2016-04-25	20.2	20.1	20.2	20.1	841200
2016-04-26	20.1	20.0	20.3	20.1	3275300
2016-04-27	20.1	19.9	20.1	20.0	1184100
2016-04-28	20.0	19.8	20.0	19.9	1601500
2016-04-29	20.0	19.7	20.0	20.0	958700
2016-05-03	20.0	20.0	20.2	20.1	1085800
2016-05-04	20.1	19.7	20.1	20.1	1435900
2016-05-06	20.1	19.7	20.1	20.1	1435900
2016-05-09	20.1	20.0	20.5	20.5	3945600
2016-05-10	20.5	20.1	20.7	20.1	8669200
2016-05-11	20.3	20.2	20.6	20.3	12795300
2016-05-12	20.4	20.2	20.5	20.2	4242700
2016-05-13	20.3	20.2	20.4	20.2	2719300
2016-05-16	20.3	20.0	20.3	20.1	1907800
2016-05-17	20.1	19.8	20.2	19.9	2879100
2016-05-18	19.9	19.9	20.1	20.0	1242500
2016-05-19	20.1	19.9	20.1	19.9	1955300
2016-05-23	19.9	19.8	20.1	19.9	3234100
2016-05-24	19.9	19.8	20.0	19.8	2387400
2016-05-25	19.9	19.8	20.4	20.3	6025700
2016-05-26	20.3	20.1	20.3	20.1	1941900
2016-05-27	20.2	19.9	20.2	20.1	4410700
2016-05-30	20.2	19.9	20.3	20.0	2256500
2016-05-31	20.1	20.0	20.2	20.1	2346100
2016-06-01	20.1	19.9	20.2	19.9	2335400
2016-06-02	20.0	19.9	20.0	19.9	3188100
2016-06-03	19.9	19.8	20.0	20.0	3718600
2016-06-06	20.0	19.8	20.1	20.0	3049500
2016-06-07	20.0	19.9	20.0	20.0	1926300
2016-06-08	19.9	19.7	19.9	19.9	6828500
2016-06-09	19.9	19.7	19.9	19.9	4202300
2016-06-10	19.9	19.6	19.9	19.8	1718300
2016-06-13	19.8	19.5	19.8	19.5	3999400
2016-06-14	19.6	19.2	19.6	19.2	4219400
2016-06-15	19.3	19.3	19.6	19.5	2594500
2016-06-16	19.5	19.3	19.6	19.3	2214500
2016-06-17	19.4	19.1	19.5	19.1	4451600
2016-06-20	19.3	19.3	19.9	19.9	10773700
2016-06-21	20.0	19.9	20.2	19.9	5241900
2016-06-22	20.0	19.7	20.0	19.7	1268300
2016-06-23	19.7	19.7	19.9	19.8	2448700
2016-06-24	19.7	19.3	19.7	19.5	2821900
2016-06-27	19.5	19.4	19.9	19.8	3892500
2016-06-28	19.9	19.8	20.0	20.0	3120800
2016-06-29	20.1	19.8	20.1	19.8	2210200
2016-06-30	19.9	19.8	20.1	19.8	5873100
2016-07-04	19.9	19.9	20.1	20.1	2369800
2016-07-05	20.0	19.9	20.1	20.0	3235600
2016-07-06	20.1	19.7	20.1	20.0	2924100
2016-07-07	19.8	19.5	19.9	19.5	6083100
2016-07-08	19.5	18.1	19.5	18.9	51224000
2016-07-11	19.2	18.7	19.3	18.7	13087500
2016-07-12	18.8	18.5	18.9	18.5	6056100
2016-07-13	18.6	18.5	19.2	19.0	12911400
2016-07-14	19.1	19.0	19.3	19.1	5652300
2016-07-15	19.3	18.9	19.3	19.0	6695800
2016-07-20	19.2	18.9	19.2	19.1	2335500
2016-07-21	19.2	18.9	19.2	19.0	3161900
2016-07-22	18.9	18.9	19.0	18.9	1235600
2016-07-25	18.9	18.6	18.9	18.7	5172600
2016-07-26	18.8	18.7	18.9	18.7	3471100
2016-07-27	18.8	18.8	19.2	19.1	6377800
2016-07-28	19.2	18.9	19.2	19.0	2349900
2016-07-29	19.0	18.8	19.1	18.9	2120200
2016-08-01	19.0	18.9	19.2	18.9	4780300
2016-08-02	18.9	18.8	19.1	18.9	2699500
2016-08-03	18.8	18.4	18.8	18.7	7482100
2016-08-04	18.8	18.5	18.8	18.6	6391200
2016-08-05	18.7	18.6	18.8	18.7	2705400
2016-08-08	19.0	18.7	19.2	18.9	9192000
2016-08-09	19.1	19.0	19.4	19.1	17808400
2016-08-10	19.1	19.0	19.4	19.0	13714600
2016-08-11	19.1	18.8	19.2	18.9	8349800
2016-08-15	18.7	18.7	19.1	18.9	5380900
2016-08-16	18.9	18.8	19.0	18.8	2279000
2016-08-17	18.8	18.7	19.0	18.8	2224400
2016-08-18	18.8	18.7	19.0	18.8	2895900
2016-08-19	18.8	18.5	19.0	18.6	8473200
2016-08-22	18.7	18.3	18.7	18.3	12967000
2016-08-23	18.6	18.5	18.8	18.6	7846100
2016-08-24	18.6	18.5	18.7	18.6	3381000
2016-08-25	18.6	18.4	18.6	18.5	4547900
2016-08-26	18.6	18.5	18.8	18.6	4650700
2016-08-29	18.6	18.5	18.7	18.5	3929300
2016-08-30	18.5	18.4	18.7	18.4	4584400
2016-08-31	18.5	18.5	19.2	19.2	21444300
2016-09-01	19.3	18.6	19.3	18.7	13054700
2016-09-02	18.8	18.6	19.0	18.6	7566700
2016-09-05	18.8	18.2	18.8	18.4	17228900
2016-09-06	18.4	18.3	19.0	19.0	10763900
2016-09-07	19.0	18.6	19.0	18.6	7290500
2016-09-08	18.6	18.0	18.7	18.0	13460100
2016-09-09	18.0	17.8	18.2	18.0	5224500
2016-09-12	17.6	17.4	17.8	17.7	8358700
2016-09-13	17.9	17.8	18.1	17.9	3488000
2016-09-14	17.9	17.8	18.2	17.9	2664200
2016-09-15	17.9	17.8	18.0	18.0	1657700
2016-09-16	18.1	17.8	18.2	18.2	5685100
2016-09-19	18.3	18.2	18.4	18.3	2222600
2016-09-20	18.3	17.9	18.3	18.2	3967200
2016-09-21	18.2	18.1	18.3	18.1	2535200
2016-09-22	18.2	18.0	18.3	18.3	2919100
2016-09-23	18.2	18.0	18.5	18.5	5167300
2016-09-26	18.3	18.1	18.4	18.4	3462600
2016-09-27	18.3	18.2	18.4	18.2	2364800
2016-09-28	18.2	18.0	18.3	18.2	1560800
2016-09-29	18.1	18.0	18.3	18.3	3673600
2016-09-30	18.1	18.0	18.5	18.5	3385000
2016-10-03	18.4	18.2	18.4	18.2	919000
2016-10-04	18.3	18.2	18.5	18.4	3318700
2016-10-05	18.5	18.3	18.5	18.4	1523400
2016-10-06	18.3	18.3	18.5	18.5	1212800
2016-10-07	18.4	18.3	18.5	18.4	1434300
2016-10-10	17.9	17.7	18.1	17.7	4750700
2016-10-11	17.8	17.6	17.9	17.8	4142600
2016-10-12	17.6	14.0	17.7	16.9	14020300
2016-10-13	16.6	15.7	16.8	16.7	12437900
2016-10-14	17.4	17.4	18.2	18.1	10985900
2016-10-17	18.0	18.0	18.2	18.1	2882800
2016-10-18	18.0	17.8	18.1	18.0	2398500
2016-10-19	17.9	17.8	18.2	18.1	2840600
2016-10-20	18.2	18.1	18.4	18.3	4345000
2016-10-21	18.5	18.4	19.1	18.9	11981300
2016-10-25	19.1	18.9	19.7	19.5	14863100
2016-10-26	19.6	18.7	19.7	18.7	13505100
2016-10-27	18.9	18.7	19.2	19.0	6234900
2016-10-28	19.1	18.8	19.1	18.8	4669200
2016-10-31	19.0	18.8	19.1	18.8	3105500
2016-11-01	19.0	18.7	19.1	18.8	6443600
2016-11-02	18.9	18.6	19.0	18.8	3939200
2016-11-03	18.7	18.6	18.8	18.7	2842200
2016-11-04	18.6	18.6	18.7	18.6	1513000
2016-11-07	18.8	18.7	19.3	19.2	15827200
2016-11-08	19.3	19.1	19.7	19.4	26941800
2016-11-09	19.3	19.2	22.5	22.5	218410000
2016-11-10	23.2	23.0	23.9	23.3	89506300
2016-11-11	23.3	22.5	23.5	22.7	46458500
2016-11-14	22.4	20.9	22.5	21.3	21544400
2016-11-15	21.4	21.1	22.5	22.5	23870400
2016-11-16	22.6	22.2	23.2	23.0	23358400
2016-11-17	23.0	22.6	23.3	22.9	13727400
2016-11-18	22.8	22.3	22.9	22.7	5194900
2016-11-21	22.9	22.2	22.9	22.2	6295900
2016-11-22	22.3	22.3	23.2	23.2	14915700
2016-11-23	23.3	22.9	23.6	23.4	13768200
2016-11-24	23.4	23.1	23.7	23.4	17264300
2016-11-25	23.4	23.4	24.9	24.9	42606700
2016-11-28	25.0	24.9	25.75	25.5	17982200
2016-11-29	25.5	25.0	26.5	26.0	21888100
2016-11-30	25.75	25.5	27.75	27.25	14006100
2016-12-01	27.25	25.75	28.75	26.25	32410600
2016-12-02	26.25	25.25	26.5	26.25	13872900
2016-12-06	26.5	26.5	27.75	27.5	14775800
2016-12-07	27.5	27.25	28.75	28.25	22068600
2016-12-08	28.25	26.5	28.25	27.25	15684200
2016-12-09	27.25	27.0	27.5	27.5	4506000
2016-12-13	27.5	25.75	27.5	26.5	8313200
2016-12-14	26.5	25.0	26.5	25.25	10894400
2016-12-15	25.0	25.0	27.0	26.75	10744700
2016-12-16	26.75	25.75	26.75	26.0	7784300
2016-12-19	26.0	25.25	26.0	25.5	4608300
2016-12-20	25.5	24.2	26.0	24.6	14955400
2016-12-21	24.5	24.0	25.75	25.25	10020100
2016-12-22	25.0	24.1	25.25	24.3	6854100
2016-12-23	24.2	23.4	24.6	23.8	13817200
2016-12-26	24.1	24.0	25.5	24.8	32527200
2016-12-27	25.25	24.9	25.5	25.25	11102900
2016-12-28	25.5	25.0	26.0	25.0	6458800
2016-12-29	25.0	24.9	25.25	25.25	4622700
2016-12-30	25.25	24.3	25.25	24.7	15787100
2017-01-04	24.7	24.6	25.25	24.6	9027400
2017-01-05	24.8	24.8	26.25	25.75	21176400
2017-01-06	26.0	25.5	26.25	25.75	12483200
2017-01-09	26.0	24.6	26.0	24.8	26259300
2017-01-10	24.9	24.8	25.25	25.0	8206100
2017-01-11	25.25	24.8	25.25	24.9	7037000
2017-01-12	25.0	24.9	25.25	24.9	3744000
2017-01-13	25.0	24.8	25.25	24.8	4585900
2017-01-16	24.8	24.8	26.0	25.75	18543000
2017-01-17	25.75	25.0	26.0	25.0	9296100
2017-01-18	25.25	24.9	25.25	24.9	6864900
2017-01-19	25.0	24.9	25.5	25.0	9602100
2017-01-20	25.25	25.0	26.25	26.0	21320000
2017-01-23	26.0	25.5	27.0	26.5	17289900
2017-01-24	26.5	26.0	27.0	26.0	7798600
2017-01-25	26.25	26.25	27.75	27.75	25448100
2017-01-26	27.75	27.0	28.75	27.25	40473400
2017-01-27	27.25	27.25	29.5	29.0	33662100
2017-01-30	29.0	28.5	30.25	29.0	25297400
2017-01-31	29.0	28.25	29.5	28.25	11446100
2017-02-01	28.5	28.5	29.5	29.0	15765900
2017-02-02	29.25	28.5	29.75	28.75	6914400
2017-02-03	29.0	28.5	29.25	29.0	5792600
2017-02-06	29.0	28.75	29.75	29.5	12497000
2017-02-07	29.5	29.5	30.25	29.75	26132100
2017-02-08	30.0	29.5	30.5	30.0	28507500
2017-02-09	30.0	28.5	30.0	29.25	14926100
2017-02-10	29.5	28.75	29.75	28.75	4129700
2017-02-14	28.5	28.5	29.5	29.0	7239500
2017-02-15	29.0	27.25	29.25	28.25	17784700
2017-02-16	28.25	28.25	29.0	28.75	8486800
2017-02-17	28.5	28.5	29.0	28.75	6312100
2017-02-20	28.75	28.5	29.5	29.25	9104500
2017-02-21	29.0	28.75	29.5	29.0	14543300
2017-02-22	29.25	29.0	30.5	30.25	21968700
2017-02-23	30.25	29.25	30.5	29.5	17251900
2017-02-24	29.5	29.25	30.75	30.0	29970700
2017-02-27	30.0	29.5	30.0	29.75	8101600
2017-02-28	29.75	29.75	31.75	31.5	31651700
2017-03-01	31.75	31.0	32.5	31.25	29188200
2017-03-02	31.5	31.25	32.25	32.0	14982500
2017-03-03	32.0	31.25	32.0	31.5	6066200
2017-03-06	31.5	30.0	31.75	30.25	10971200
2017-03-07	30.25	30.0	31.0	30.0	13395700
2017-03-08	29.75	28.5	30.0	30.0	32296300
2017-03-09	30.0	29.5	30.25	30.0	4676600
2017-03-10	30.0	28.5	30.25	29.25	9629900
2017-03-13	28.75	27.75	29.25	27.75	18433400
2017-03-14	27.5	27.5	30.0	29.75	23512000
2017-03-15	29.5	29.0	31.0	30.5	22229700
2017-03-16	30.75	30.5	32.5	32.0	30557100
2017-03-17	32.0	30.75	32.75	31.0	29137100
2017-03-20	31.0	30.75	31.75	31.5	6937000
2017-03-21	31.5	30.0	31.75	30.5	15702700
2017-03-22	30.25	30.25	31.0	30.5	8787200
2017-03-23	30.75	29.5	30.75	30.0	8636000
2017-03-24	30.25	30.0	30.75	30.5	9510300
2017-03-27	30.25	30.0	30.75	30.25	3008300
2017-03-28	30.5	30.25	32.0	31.5	20863300
2017-03-29	31.75	30.75	32.0	31.5	17915100
2017-03-30	31.5	31.25	31.75	31.25	4849000
2017-03-31	31.5	31.0	31.75	31.0	5477100
2017-04-03	31.0	31.0	31.25	31.25	1754200
2017-04-04	31.5	31.0	31.75	31.0	4859400
2017-04-05	31.0	30.75	31.5	31.25	2744900
2017-04-07	31.0	30.75	31.5	31.0	2215600
2017-04-10	31.0	30.75	31.5	31.25	3960700
2017-04-11	31.25	30.75	31.25	31.0	2897600
2017-04-12	30.75	30.75	31.25	31.25	1965800
2017-04-17	31.25	30.75	31.25	30.75	2198600
2017-04-18	31.0	30.5	31.25	30.5	3627200
2017-04-19	30.5	29.5	30.5	29.75	10731900
2017-04-20	29.75	29.5	30.0	29.5	5228100
2017-04-21	29.75	29.5	30.0	30.0	2003700
2017-04-24	29.75	29.25	30.5	29.25	6899200
2017-04-25	29.5	27.75	29.75	29.5	11072500
2017-04-26	29.75	29.0	30.0	29.75	1952200
2017-04-27	29.75	29.25	29.75	29.5	1394100
2017-04-28	29.75	29.25	30.0	30.0	1604400
2017-05-02	30.0	29.0	30.0	29.0	2994600
2017-05-03	29.0	28.5	29.5	28.75	3978900
2017-05-04	28.5	28.25	29.0	28.75	4984600
2017-05-05	29.0	28.75	29.75	29.0	5935100
2017-05-08	29.25	29.25	29.75	29.5	2819400
2017-05-09	29.75	29.5	30.25	29.5	10147400
2017-05-11	30.0	29.25	30.0	29.75	7431900
2017-05-12	29.75	28.75	29.75	29.0	5523300
2017-05-15	29.5	29.25	30.5	30.5	10712700
2017-05-16	30.5	30.0	31.0	30.75	13185400
2017-05-17	30.75	30.75	32.75	32.5	33054700
2017-05-18	32.25	31.75	33.0	32.0	28814100
2017-05-19	32.0	31.75	33.0	32.75	10887100
2017-05-22	33.0	32.0	33.25	32.25	18393800
2017-05-23	32.5	32.25	33.0	33.0	7720200
2017-05-24	32.75	32.5	33.0	32.75	6613000
2017-05-25	32.75	32.5	33.5	33.25	13522900
2017-05-26	33.5	32.5	33.5	32.75	9536600
2017-05-29	32.75	31.5	32.75	31.75	9566500
2017-05-30	31.75	31.5	32.25	32.0	3705700
2017-05-31	32.25	32.0	32.5	32.25	4567800
2017-06-01	32.25	31.5	32.25	31.75	5166900
2017-06-02	31.75	31.75	32.25	32.0	4015700
2017-06-05	32.25	32.0	33.5	33.5	27657200
2017-06-06	33.5	32.75	34.0	33.75	12794100
2017-06-07	33.75	33.5	34.25	33.75	10559700
2017-06-08	33.75	33.5	34.25	34.25	6680500
2017-06-09	34.5	34.0	34.75	34.5	9313700
2017-06-12	34.5	34.25	34.75	34.5	3589100
2017-06-13	34.75	34.25	34.75	34.25	4494200
2017-06-14	34.5	34.25	35.75	35.75	15656500
2017-06-15	35.5	35.0	35.75	35.25	6721300
2017-06-16	35.25	34.75	35.5	35.0	4473600
2017-06-19	35.0	34.75	35.25	34.75	2437700
2017-06-20	34.75	34.25	35.25	34.5	7254100
2017-06-21	34.5	34.5	35.75	35.5	14587500
2017-06-22	35.5	35.0	35.75	35.5	5624700
2017-06-23	35.25	35.0	35.75	35.25	3098400
2017-06-26	35.25	35.25	36.25	36.0	13738500
2017-06-27	36.0	35.0	36.25	35.25	11574900
2017-06-28	35.25	35.0	35.5	35.25	4941600
2017-06-29	35.25	34.5	35.25	34.5	7447600
2017-06-30	34.5	32.5	34.5	33.5	23034900
2017-07-03	33.5	33.5	35.0	34.5	11111900
2017-07-04	34.5	34.5	35.0	34.75	2979100
2017-07-05	34.75	33.25	35.0	33.5	8755100
2017-07-06	33.75	33.25	34.25	34.0	4283100
2017-07-07	34.0	33.75	34.5	34.5	2703200
2017-07-11	34.75	34.75	35.5	35.0	15586700
2017-07-12	35.25	34.75	35.25	35.25	3301900
2017-07-13	35.25	35.25	36.0	35.75	12160300
2017-07-14	35.75	35.5	36.25	35.75	20927400
2017-07-17	36.0	35.75	36.25	35.75	7723200
2017-07-18	35.75	35.0	36.25	35.0	18786800
2017-07-19	35.25	34.5	35.25	35.0	4567800
2017-07-20	35.0	34.75	35.5	35.0	2014700
2017-07-21	35.25	35.0	35.75	35.25	4129700
2017-07-24	35.25	35.0	36.25	36.0	13222200
2017-07-25	36.25	35.25	36.5	35.5	23529200
2017-07-26	35.75	35.5	36.0	35.5	4216500
2017-07-27	35.75	35.5	36.0	36.0	4287500
2017-07-31	36.0	35.25	36.0	35.75	6563500
2017-08-01	35.75	35.25	35.75	35.5	2029300
2017-08-02	35.5	35.5	35.75	35.5	2035100
2017-08-03	35.5	35.25	35.75	35.5	3311900
2017-08-04	35.5	35.25	35.5	35.5	803300
2017-08-07	35.5	34.5	35.5	34.75	7629500
2017-08-08	34.75	34.5	35.25	35.25	3424400
2017-08-09	35.75	34.0	36.0	34.0	15136400
2017-08-10	34.0	33.75	34.5	34.25	8303600
2017-08-11	34.0	33.5	34.25	34.25	6726500
2017-08-15	34.25	34.25	34.75	34.75	3252600
2017-08-16	34.5	34.25	34.75	34.5	1388300
2017-08-17	34.25	31.5	34.25	32.75	69528600
2017-08-18	33.5	31.5	33.75	31.75	47043700
2017-08-21	32.0	32.0	33.0	32.5	22195500
2017-08-22	32.75	31.75	32.75	32.25	16549800
2017-08-23	32.5	31.5	32.75	32.25	16741100
2017-08-24	32.25	32.0	33.0	32.5	14891800
2017-08-25	32.5	32.25	32.75	32.5	9451600
2017-08-28	32.75	32.5	33.5	33.25	12210200
2017-08-29	33.0	33.0	34.0	34.0	14725300
2017-08-30	34.0	33.5	34.5	33.5	8163400
2017-08-31	33.75	33.5	34.0	34.0	3712100
2017-09-01	34.0	33.75	34.5	34.25	8526200
2017-09-04	34.75	34.5	35.0	34.5	6421000
2017-09-05	34.75	34.25	34.75	34.25	3433400
2017-09-06	34.25	33.5	34.25	33.75	6153500
2017-09-07	33.75	33.75	34.25	33.75	6000200
2017-09-08	34.0	33.5	34.25	33.5	4760900
2017-09-11	33.5	33.0	34.0	34.0	9229700
2017-09-12	34.0	33.5	34.25	33.75	3169400
2017-09-13	34.0	33.5	34.0	33.75	3270700
2017-09-14	33.75	33.5	34.5	34.0	11645200
2017-09-15	34.0	33.5	34.25	34.0	4039300
2017-09-18	34.0	34.0	34.5	34.25	4974000
2017-09-19	34.25	33.75	34.25	34.0	3790200
2017-09-20	34.25	33.75	34.25	34.0	3752100
2017-09-21	34.0	34.0	34.5	34.0	9580200
2017-09-22	34.0	34.0	35.25	34.75	37623800
2017-09-25	35.0	34.75	35.5	35.25	19038100
2017-09-26	35.25	34.75	35.5	35.0	12561300
2017-09-27	35.25	34.0	35.25	34.25	13519100
2017-09-28	34.5	34.25	35.25	35.0	17136400
2017-09-29	35.0	34.5	35.25	35.25	8200600
2017-10-02	35.25	35.0	36.75	36.75	30050100
2017-10-03	37.0	36.5	37.25	36.75	25077900
2017-10-04	37.0	35.75	37.0	35.75	21497600
2017-10-05	35.75	35.5	36.5	36.25	8633400
2017-10-06	36.5	35.5	36.75	35.75	10188300
2017-10-09	35.75	35.5	36.0	35.5	4311800
2017-10-10	35.5	35.0	35.75	35.5	10935800
2017-10-11	35.75	35.5	36.0	35.5	9905400
2017-10-12	36.75	36.75	38.25	37.5	61356600
2017-10-16	38.25	37.5	38.5	38.0	24474200
2017-10-17	38.0	37.75	38.25	38.25	8559900
2017-10-18	38.0	37.25	38.5	37.25	7753900
2017-10-19	37.5	36.25	37.75	36.5	11292400
2017-10-20	36.0	36.0	37.5	37.5	7761300
2017-10-24	37.5	37.5	38.25	38.25	11805600
2017-10-25	38.5	38.0	38.5	38.25	8647700
2017-10-27	38.25	37.75	39.0	38.25	11399100
2017-10-30	38.25	38.0	39.5	39.5	12931500
2017-10-31	39.5	39.0	40.0	39.25	10600400
2017-11-01	39.5	38.75	39.75	39.0	7295200
2017-11-02	38.75	38.5	39.25	38.75	5478200
2017-11-03	39.0	38.5	39.0	39.0	2629200
2017-11-06	39.0	39.0	39.75	39.5	10145600
2017-11-07	39.5	38.75	39.75	39.0	11428700
2017-11-08	39.0	39.0	39.75	39.75	7902200
2017-11-09	40.0	39.25	40.5	39.25	16036200
2017-11-10	39.75	39.25	40.0	39.25	6952500
2017-11-13	39.25	38.75	39.5	39.5	4045500
2017-11-14	39.5	39.25	39.75	39.75	3616800
2017-11-15	39.5	39.25	39.75	39.5	4860500
2017-11-16	39.5	39.0	39.5	39.0	2096500
2017-11-17	39.25	38.0	39.25	38.5	10099200
2017-11-20	38.5	37.75	38.75	38.0	9597900
2017-11-21	38.0	36.5	38.5	37.25	21583400
2017-11-22	37.5	37.0	38.0	37.5	9351500
2017-11-23	37.5	37.0	37.75	37.25	5240600
2017-11-24	37.25	37.0	37.5	37.25	3480000
2017-11-27	37.25	37.25	38.0	37.75	3167200
2017-11-28	37.75	37.75	38.5	38.25	6044700
2017-11-29	38.5	38.25	39.0	38.5	8078800
2017-11-30	38.5	38.25	39.0	38.75	4824100
2017-12-01	39.0	38.5	39.25	38.75	4766700
2017-12-04	38.75	37.5	38.75	38.0	4512200
2017-12-06	38.0	38.0	38.75	38.5	4210000
2017-12-07	38.75	38.0	38.75	38.25	2648100
2017-12-08	38.5	38.5	39.0	38.5	3673800
2017-12-12	38.5	38.25	38.75	38.5	2453000
2017-12-13	38.5	38.0	39.25	38.5	5388600
2017-12-14	38.5	38.5	38.75	38.5	1142200
2017-12-15	38.5	38.25	39.75	39.5	15585700
2017-12-18	39.75	39.25	40.0	39.5	5951100
2017-12-19	39.5	38.75	40.0	39.0	10310400
2017-12-20	39.0	38.75	39.25	39.25	1608900
2017-12-21	39.25	38.75	39.5	39.0	2895900
2017-12-22	39.0	38.75	39.0	39.0	1833900
2017-12-25	39.0	39.0	39.75	39.0	7498900
2017-12-26	39.25	39.25	39.5	39.25	1665000
2017-12-27	39.25	38.5	39.5	38.75	6811700
2017-12-28	38.75	38.0	39.0	38.75	5874800
2017-12-29	38.5	38.5	39.0	38.75	1961200
2018-01-03	39.0	39.0	40.0	40.0	11784800
2018-01-04	40.5	40.25	41.75	41.5	26462200
2018-01-05	41.5	40.5	41.75	40.5	12148200
2018-01-08	41.0	40.0	41.25	40.0	8602500
2018-01-09	40.25	39.5	40.25	40.0	5191600
2018-01-10	40.0	39.25	40.25	39.5	8602800
2018-01-11	39.5	39.0	39.75	39.25	10979400
2018-01-12	39.5	39.25	40.25	39.5	9386900
2018-01-15	39.75	39.5	40.5	39.75	12707800
2018-01-16	40.0	39.5	40.25	39.75	4932200
2018-01-17	39.75	38.75	40.0	39.25	8781800
2018-01-18	39.25	39.0	39.75	39.25	7424800
2018-01-19	39.25	39.0	39.5	39.25	1722100
2018-01-22	39.5	39.25	40.25	39.75	7195800
2018-01-23	40.25	39.5	40.5	40.0	7874700
2018-01-24	40.0	39.5	40.0	39.75	4574300
2018-01-25	39.75	39.5	41.25	40.5	15966500
2018-01-26	40.75	40.5	42.5	42.0	22124900
2018-01-29	42.5	41.5	42.75	42.0	15289400
2018-01-30	42.0	41.75	42.75	42.75	7743900
2018-01-31	42.5	42.25	43.0	42.75	5073600
2018-02-01	42.75	41.5	43.0	42.25	8732200
2018-02-02	42.0	41.75	42.25	41.75	3213000
2018-02-05	41.0	40.75	42.0	41.5	8817300
2018-02-06	40.75	39.75	40.75	40.25	15302800
2018-02-07	40.5	40.5	41.25	40.75	4416500
2018-02-08	41.0	41.0	41.75	41.75	5085800
2018-02-09	41.0	40.5	41.75	41.5	5923100
2018-02-12	42.0	41.5	42.5	42.25	4101000
2018-02-13	42.25	42.25	43.5	43.25	14755600
2018-02-14	43.25	42.5	43.75	43.5	6842800
2018-02-15	43.75	42.75	43.75	43.25	3275500
2018-02-16	43.25	42.75	43.5	43.0	2139000
2018-02-19	43.25	43.0	43.75	43.5	3932900
2018-02-20	43.5	43.25	44.5	44.25	6764300
2018-02-21	44.75	42.25	45.0	42.75	16473400
2018-02-22	43.25	42.75	44.25	43.5	8878000
2018-02-23	43.5	43.5	44.25	44.0	3857700
2018-02-26	44.25	43.75	45.25	44.75	15474400
2018-02-27	44.25	42.5	44.25	42.75	18504300
2018-02-28	42.75	42.5	44.25	43.25	9928400
2018-03-02	43.25	42.75	43.5	43.0	3152100
2018-03-05	43.25	43.0	43.75	43.25	5627800
2018-03-06	43.75	43.0	43.75	43.25	2857600
2018-03-07	42.75	41.0	43.0	42.5	15129300
2018-03-08	42.0	40.5	42.25	40.75	9866900
2018-03-09	41.0	37.25	41.5	38.25	25596900
2018-03-12	38.75	36.5	39.25	37.0	26349900
2018-03-13	37.25	37.0	39.0	38.5	22159900
2018-03-14	39.0	38.75	41.0	40.25	19839100
2018-03-15	40.5	40.25	41.0	40.5	9014200
2018-03-16	40.75	39.5	40.75	40.0	8342500
2018-03-19	39.5	38.75	39.75	39.25	9367900
2018-03-20	39.0	37.5	39.5	37.75	17585100
2018-03-21	38.25	37.5	38.75	38.0	9830600
2018-03-22	38.5	38.0	39.25	38.25	10156400
2018-03-23	37.5	37.5	38.25	38.0	6926600
2018-03-26	38.0	38.0	39.0	38.5	5750300
2018-03-27	38.75	38.0	38.75	38.0	4527800
2018-03-28	38.25	37.75	38.5	38.0	3225900
2018-03-29	38.5	37.5	38.75	38.0	6347700
2018-03-30	38.25	37.75	39.25	38.5	5383000
2018-04-02	38.75	38.5	39.0	38.75	3912100
2018-04-03	38.75	35.5	38.75	35.75	22893800
2018-04-04	35.0	32.25	35.0	33.25	41618300
2018-04-05	34.25	33.75	35.0	34.75	17715000
2018-04-09	34.5	33.5	34.5	34.0	5695800
2018-04-10	34.25	32.5	34.5	33.75	8122300
2018-04-11	33.75	33.75	34.75	34.5	5007300
2018-04-12	34.5	33.75	34.75	34.25	2845600
2018-04-17	34.5	34.0	35.25	35.0	5506900
2018-04-18	35.0	35.0	37.75	37.25	13608200
2018-04-19	37.5	36.75	38.0	37.75	6560800
2018-04-20	38.0	37.75	40.25	39.75	19382100
2018-04-23	40.0	38.5	40.25	38.75	10442200
2018-04-24	39.0	38.5	39.25	38.5	4121200
2018-04-25	38.25	37.25	38.5	37.75	3269400
2018-04-26	37.75	37.5	39.0	37.5	6136400
2018-04-27	38.0	36.25	38.0	37.5	6686300
2018-04-30	37.5	35.75	38.0	36.5	7097000
2018-05-02	36.5	34.75	36.5	35.0	7960900
2018-05-03	35.25	35.0	37.0	36.5	9611300
2018-05-04	37.75	37.0	38.25	37.25	9766700
2018-05-07	37.5	37.25	38.25	37.5	4724600
2018-05-08	37.75	36.75	38.0	37.25	5558800
2018-05-09	37.75	37.0	38.5	38.0	12235200
2018-05-10	38.25	38.0	39.25	39.0	12990500
2018-05-11	39.25	38.75	40.25	40.25	15106000
2018-05-14	39.75	38.5	40.0	39.5	10642500
2018-05-15	39.25	37.75	39.5	37.75	10217800
2018-05-16	35.5	35.5	37.75	37.25	24341300
2018-05-17	36.75	35.0	37.0	36.0	17160200
2018-05-18	36.0	35.25	37.0	36.0	10996500
2018-05-21	36.25	36.0	37.25	37.0	5342000
2018-05-22	37.25	36.25	37.5	36.75	8817800
2018-05-23	36.5	36.25	37.25	36.75	8263500
2018-05-24	36.5	36.0	36.75	36.25	4490500
2018-05-25	36.0	34.75	36.0	35.5	10699400
2018-05-28	35.5	33.5	35.5	34.0	18363800
2018-05-30	33.25	31.5	33.5	32.0	25882400
2018-05-31	32.25	30.5	32.5	31.25	19165200
2018-06-01	32.0	31.5	33.5	32.0	17396400
2018-06-04	32.5	31.5	33.0	32.25	11840300
2018-06-05	32.5	32.25	34.25	34.0	15163400
2018-06-06	34.25	33.5	35.0	35.0	15979700
2018-06-07	35.25	33.75	35.25	34.25	13255100
2018-06-08	34.5	33.75	34.5	34.0	3467700
2018-06-11	34.0	33.25	34.25	33.75	6153600
2018-06-12	33.75	33.75	34.5	34.0	3721900
2018-06-13	34.0	33.75	34.5	34.25	4344800
2018-06-14	34.0	33.5	34.25	34.0	2522300
2018-06-15	34.5	34.5	36.0	35.75	17362900
2018-06-18	35.75	35.0	36.0	35.25	10062800
2018-06-19	34.75	32.5	35.25	34.0	13287600
2018-06-20	34.0	33.25	34.5	33.75	6239600
2018-06-21	34.0	32.75	34.25	33.5	6359200
2018-06-22	33.5	32.25	33.5	33.5	4010300
2018-06-25	33.5	32.75	34.25	33.0	4323700
2018-06-26	32.75	32.25	34.0	33.25	5257300
2018-06-27	33.25	32.75	33.75	33.0	2721800
2018-06-28	33.25	33.0	34.0	33.25	5303000
2018-06-29	33.25	32.25	33.5	33.0	9391500
2018-07-02	33.0	32.5	33.75	33.5	7834700
2018-07-03	33.0	32.75	33.5	33.0	5495800
2018-07-04	33.25	33.0	35.25	35.0	16107600
2018-07-05	35.0	34.25	35.25	34.5	5512500
2018-07-06	34.5	33.75	35.5	34.75	8238100
2018-07-09	35.0	34.25	35.0	34.75	2238100
2018-07-10	35.0	34.5	36.0	35.75	11173900
2018-07-11	35.75	35.25	36.5	35.75	11579100
2018-07-12	35.75	35.75	37.25	37.0	11218300
2018-07-13	37.25	37.0	38.0	37.75	10791400
2018-07-16	37.5	35.75	37.75	36.0	9522900
2018-07-17	36.0	35.0	37.0	36.0	14990300
2018-07-18	36.25	36.25	37.0	36.75	4413900
2018-07-19	37.25	36.75	37.5	37.5	5433000
2018-07-20	37.75	37.0	37.75	37.75	6331700
2018-07-23	37.5	37.0	37.75	37.5	4521900
2018-07-24	37.5	36.25	37.75	37.0	10824400
2018-07-25	37.0	37.0	38.75	38.5	9912000
2018-07-26	38.75	38.0	39.25	38.75	8847200
2018-07-31	39.0	38.75	40.25	40.25	13271000
2018-08-01	40.0	39.5	40.5	39.75	5036300
2018-08-02	39.5	38.5	40.0	38.75	8285200
2018-08-03	39.25	39.0	40.25	40.0	6007300
2018-08-06	40.0	39.0	40.0	39.25	4300200
2018-08-07	39.25	38.5	39.5	39.25	5136700
2018-08-08	39.25	38.5	39.5	39.0	9827800
2018-08-09	39.25	39.0	40.5	40.0	7683000
2018-08-10	40.0	39.25	40.25	39.75	6797700
2018-08-14	39.75	39.25	40.0	39.75	5852400
2018-08-15	39.5	38.5	39.75	38.75	4825900
2018-08-16	38.75	38.0	39.5	39.25	6803800
2018-08-17	39.5	39.5	41.75	40.75	26334500
2018-08-20	41.0	40.0	41.75	40.5	10019500
2018-08-21	40.5	39.5	41.0	40.0	6717600
2018-08-22	40.0	40.0	41.0	40.25	6281100
2018-08-23	40.5	39.75	40.75	40.25	8220600
2018-08-24	40.25	39.75	40.75	40.5	4075800
2018-08-27	40.5	40.5	41.75	41.5	9030000
2018-08-28	42.0	41.75	42.25	41.75	5135600
2018-08-29	41.75	41.5	42.0	41.5	2748600
2018-08-30	42.0	41.25	42.0	41.5	4488800
2018-08-31	41.5	41.25	42.0	41.75	8177300
2018-09-03	41.75	41.5	42.25	41.75	5777500
2018-09-04	41.75	40.5	42.0	40.5	10690400
2018-09-05	40.0	40.0	40.75	40.5	5512600
2018-09-06	40.5	39.0	41.0	39.5	9764700
2018-09-07	39.0	39.0	40.5	40.0	6417700
2018-09-10	40.5	39.5	40.5	39.75	6170200
2018-09-11	40.0	39.5	40.25	39.75	6314400
2018-09-12	39.75	39.5	40.25	39.75	4490700
2018-09-13	40.25	40.25	42.25	42.0	15106800
2018-09-14	42.5	41.5	42.75	42.5	13679100
2018-09-17	42.5	41.0	43.5	41.5	13075600
2018-09-18	41.5	41.25	42.5	42.25	7066300
2018-09-19	42.25	42.25	44.25	43.5	16783900
2018-09-20	43.75	43.5	44.0	43.5	3373200
2018-09-21	43.5	43.25	44.5	43.5	5423000
2018-09-24	43.5	43.0	43.75	43.0	2886600
2018-09-25	43.25	43.0	44.0	43.0	2679100
2018-09-26	43.25	43.25	44.5	44.0	7412700
2018-09-27	44.0	43.5	45.5	45.25	14956300
2018-09-28	46.5	46.5	49.75	48.25	39341500
2018-10-01	48.25	47.75	49.0	48.25	16076800
2018-10-02	48.25	48.25	49.75	48.75	24038700
2018-10-03	50.5	50.5	54.25	51.75	34534400
2018-10-04	51.75	49.25	53.0	50.25	27347500
2018-10-05	50.25	50.0	51.75	51.5	10004000
2018-10-08	52.0	50.0	52.0	51.0	11570900
2018-10-09	51.5	48.5	51.75	49.0	16447000
2018-10-10	49.75	49.25	51.25	51.25	10212700
2018-10-11	49.0	48.75	50.25	50.0	16645600
2018-10-12	50.5	50.0	53.0	52.75	14199500
2018-10-16	53.25	51.25	54.0	52.75	26705600
2018-10-17	53.5	52.5	53.5	52.75	8837900
2018-10-18	52.5	52.0	53.0	52.5	7695000
2018-10-19	52.75	51.0	54.0	51.0	26345000
2018-10-22	50.5	50.25	52.25	51.75	6650700
2018-10-24	51.0	49.25	52.25	50.25	17253100
2018-10-25	49.5	48.75	50.25	50.0	21477500
2018-10-26	49.75	49.75	51.5	50.0	9072900
2018-10-29	50.0	48.5	50.5	49.5	9291800
2018-10-30	49.75	49.5	51.0	50.25	8873100
2018-10-31	51.25	50.5	52.25	52.25	13129100
2018-11-01	52.25	50.5	52.25	51.25	9248500
2018-11-02	52.0	51.75	55.0	54.5	32912900
2018-11-05	54.0	53.5	55.5	53.5	21244200
2018-11-06	54.0	53.5	54.5	53.5	8570400
2018-11-07	52.25	50.75	53.0	51.5	27628200
2018-11-08	51.75	51.0	52.0	51.25	22138500
2018-11-09	50.75	49.5	51.0	50.0	14463300
2018-11-12	50.0	49.0	50.25	49.25	7793500
2018-11-13	48.75	48.0	50.5	50.0	16521500
2018-11-14	50.75	50.25	51.5	50.75	14866500
2018-11-15	51.0	49.5	51.75	49.5	10808100
2018-11-16	49.75	49.5	50.5	49.75	7304900
2018-11-19	49.5	49.5	50.75	50.25	8195100
2018-11-20	50.0	46.75	50.25	47.0	13670400
2018-11-21	47.0	46.5	49.25	49.0	14785300
2018-11-22	49.25	47.25	49.5	47.5	10828600
2018-11-23	47.75	45.5	48.25	47.75	15500700
2018-11-26	47.75	47.5	49.0	49.0	10980200
2018-11-27	49.0	48.25	49.5	49.0	13172900
2018-11-28	49.0	48.5	49.0	48.5	10019300
2018-11-29	49.0	48.75	51.25	50.0	26089800
2018-11-30	50.5	49.0	50.5	49.25	59043800
2018-12-03	50.25	49.5	50.75	50.25	14617100
2018-12-04	50.25	48.75	50.5	49.25	14427100
2018-12-06	48.5	48.5	49.0	48.75	6050700
2018-12-07	49.0	48.5	49.25	49.25	4063400
2018-12-11	49.0	48.25	49.5	48.5	4958700
2018-12-12	49.0	47.75	49.25	48.25	8041400
2018-12-13	48.5	47.25	48.75	47.25	9528800
2018-12-14	47.25	47.0	48.25	47.75	5398200
2018-12-17	47.75	46.0	48.25	47.0	8660200
2018-12-18	46.5	46.5	47.5	46.75	6116100
2018-12-19	46.75	46.25	48.75	48.5	6460500
2018-12-20	48.75	47.75	48.75	48.75	7131200
2018-12-21	48.5	48.5	49.25	49.0	4723700
2018-12-24	48.5	48.5	50.0	49.5	6837500
2018-12-25	49.0	48.0	49.0	48.25	5090100
2018-12-26	48.25	47.5	48.75	48.25	4221200
2018-12-27	49.5	48.25	50.0	48.25	10825800
2018-12-28	48.25	48.25	49.75	49.0	8267200
2019-01-02	49.0	48.0	49.5	49.25	6314700
2019-01-03	49.5	49.0	50.25	49.25	9626600
2019-01-04	49.0	47.5	49.25	48.25	14839900
2019-01-07	48.75	48.25	49.25	49.0	7007900
2019-01-08	49.0	48.5	49.25	49.0	3143300
2019-01-09	49.25	48.75	49.75	49.0	4969400
2019-01-10	49.0	48.0	49.5	48.75	4421200
2019-01-11	48.75	48.25	49.25	48.75	2492900
2019-01-14	48.5	47.25	48.75	48.0	8500500
2019-01-15	47.75	45.5	48.0	46.0	10917900
2019-01-16	45.25	42.5	46.5	46.25	38257100
2019-01-17	46.25	45.0	46.75	45.25	11016300
2019-01-18	45.75	43.0	45.75	43.0	16962500
2019-01-21	43.5	43.25	45.0	44.0	9351100
2019-01-22	44.0	44.0	46.5	46.5	12854500
2019-01-23	46.5	46.0	47.75	47.0	9392700
2019-01-24	47.5	47.0	47.75	47.5	6752400
2019-01-25	47.75	47.25	48.25	47.75	7796900
2019-01-28	48.0	47.25	48.25	47.5	6042600
2019-01-29	47.0	45.5	47.5	46.25	11334700
2019-01-30	47.0	45.75	47.0	46.25	11826400
2019-01-31	46.5	46.5	48.0	47.5	10776700
2019-02-01	47.75	47.0	48.5	47.75	13281400
2019-02-04	47.75	47.75	48.5	48.25	8255900
2019-02-05	48.25	47.75	48.5	48.0	3978500
2019-02-06	48.25	48.0	49.25	49.0	14057000
2019-02-07	49.0	48.5	49.5	49.0	7171600
2019-02-08	48.75	48.0	49.0	48.75	5335200
2019-02-11	48.75	48.25	49.25	48.75	5656900
2019-02-12	48.75	48.0	49.0	48.25	4634400
2019-02-13	48.5	48.5	49.75	49.75	12407800
2019-02-14	49.75	49.0	49.75	49.5	3671200
2019-02-15	49.25	48.5	49.5	49.0	4601600
2019-02-18	49.25	47.5	49.25	48.25	8363000
2019-02-20	48.5	48.25	49.5	48.75	9038700
2019-02-21	48.75	48.25	49.5	48.5	5136000
2019-02-22	48.5	47.75	48.75	48.5	8071200
2019-02-25	48.75	48.5	49.5	49.0	7248600
2019-02-26	49.0	48.25	49.25	48.5	5704100
2019-02-27	47.0	46.5	47.75	47.25	19148700
2019-02-28	47.5	46.5	47.75	47.0	8890400
2019-03-01	47.0	44.25	47.0	44.5	23873100
2019-03-04	44.75	44.5	45.75	45.0	13095800
2019-03-05	45.0	44.25	45.25	44.75	11712100
2019-03-06	44.75	43.75	45.5	44.0	8723600
2019-03-07	44.5	44.0	45.0	44.75	5714800
2019-03-08	44.75	44.0	45.0	44.25	5527900
2019-03-11	44.5	43.25	44.75	43.5	5988400
2019-03-12	44.0	43.5	44.25	44.0	6449500
2019-03-13	43.75	43.5	45.5	45.5	10831800
2019-03-14	46.0	45.25	46.5	45.25	9898400
2019-03-15	45.25	44.25	45.25	45.0	11795700
2019-03-18	45.25	44.25	45.75	45.25	6903000
2019-03-19	45.25	45.0	46.0	45.75	7007800
2019-03-20	46.0	45.75	46.75	46.0	10293100
2019-03-21	46.25	46.0	46.75	46.25	7511400
2019-03-22	46.5	46.0	46.5	46.25	3905100
2019-03-25	45.25	44.25	46.0	44.75	8997400
2019-03-26	44.75	44.5	45.25	45.0	4721400
2019-03-27	45.0	44.75	46.0	45.25	4720900
2019-03-28	45.0	44.0	45.5	44.5	11829000
2019-03-29	44.75	44.0	45.25	44.0	13473300
2019-04-01	45.0	45.0	46.5	45.5	25702600
2019-04-02	46.0	46.0	47.75	47.75	18226600
2019-04-03	47.5	47.25	48.5	48.25	13737100
2019-04-04	48.25	47.5	48.5	48.5	10373800
2019-04-05	48.75	48.25	49.0	48.75	4373700
2019-04-09	48.5	47.75	49.0	49.0	9600400
2019-04-10	49.0	48.75	50.0	49.5	15530600
2019-04-11	49.75	49.25	49.75	49.75	8946400
2019-04-12	49.5	49.0	49.75	49.5	4417200
2019-04-17	49.75	49.75	51.5	51.5	18738400
2019-04-18	51.75	51.0	51.75	51.5	5327100
2019-04-19	51.25	50.75	51.5	51.0	4816600
2019-04-22	51.0	50.25	51.5	50.75	4178600
2019-04-23	50.25	49.75	50.75	50.0	7787700
2019-04-24	50.25	50.0	51.25	51.25	8184600
2019-04-25	51.25	50.5	51.5	51.0	5285700
2019-04-26	51.0	50.5	51.25	51.0	2337500
2019-04-29	51.0	50.5	51.5	51.0	4074400
2019-04-30	51.0	51.0	51.75	51.5	8122400
2019-05-02	51.25	50.75	52.0	51.75	12789000
2019-05-03	51.75	51.5	52.75	51.5	10933900
2019-05-07	51.0	50.75	51.75	51.0	4373800
2019-05-08	48.5	46.75	48.75	47.75	37178000
2019-05-09	48.25	47.75	49.0	48.25	25652700
2019-05-10	49.0	48.0	49.25	48.5	12030900
2019-05-13	48.5	48.0	48.75	48.5	6799400
2019-05-14	48.0	48.0	48.5	48.25	4889900
2019-05-15	48.5	48.25	49.25	48.5	6476100
2019-05-16	48.5	47.25	48.75	47.75	12175600
2019-05-17	48.0	47.5	48.5	47.75	7422800
2019-05-21	47.75	47.75	48.75	48.25	4418900
2019-05-22	48.75	48.5	50.0	49.5	9024200
2019-05-23	49.5	49.5	50.25	49.5	7887800
2019-05-24	49.75	49.0	50.25	50.25	4892800
2019-05-27	50.75	50.75	52.25	52.25	15400200
2019-05-28	52.5	52.5	53.75	53.75	19808700
2019-05-29	53.5	52.5	53.5	52.75	10679900
2019-05-30	52.75	52.5	53.75	53.5	8645300
2019-05-31	53.5	53.25	54.5	53.75	13777500
2019-06-04	54.0	53.75	55.25	55.0	15957100
2019-06-05	55.5	54.75	56.0	55.75	11771600
2019-06-06	56.0	54.5	56.0	55.0	5803600
2019-06-07	55.25	55.0	55.5	55.25	2151400
2019-06-10	55.5	55.0	55.5	55.5	2332300
2019-06-11	55.25	54.5	56.0	56.0	8064200
2019-06-12	56.0	55.25	56.0	56.0	2389400
2019-06-13	55.75	55.5	56.5	56.5	4432000
2019-06-14	56.5	55.75	56.75	56.0	4291100
2019-06-17	56.0	55.5	56.25	56.25	2751100
2019-06-18	56.0	55.5	56.75	56.5	3798000
2019-06-19	56.75	56.25	57.25	56.5	9723000
2019-06-20	56.75	56.25	57.25	57.0	6090000
2019-06-21	57.0	56.0	57.0	56.75	3788800
2019-06-24	56.75	55.5	56.75	55.75	4548600
2019-06-25	55.25	55.0	56.5	55.75	6367000
2019-06-26	55.25	55.25	56.5	55.75	4097000
2019-06-27	55.75	55.5	57.25	57.25	10208200
2019-06-28	56.5	56.5	57.75	56.5	9872500
2019-07-01	56.75	56.5	57.5	57.5	5741400
2019-07-02	57.5	56.5	58.0	57.25	6927300
2019-07-03	57.0	56.75	57.75	57.0	3766300
2019-07-04	57.25	56.5	58.0	57.0	4936900
2019-07-05	56.5	56.5	57.5	57.25	2941100
2019-07-08	57.0	55.75	57.25	56.5	4067100
2019-07-09	56.0	55.5	56.75	55.5	3547900
2019-07-10	55.75	55.0	57.0	56.75	6971300
2019-07-11	56.25	55.75	56.5	56.0	7092900
2019-07-12	56.5	55.0	56.5	55.0	6840300
2019-07-15	55.25	55.0	56.0	55.25	3910900
2019-07-17	55.0	54.5	55.75	55.0	3912600
2019-07-18	54.5	54.0	58.0	58.0	11991600
2019-07-19	58.5	57.5	58.5	58.25	9742700
2019-07-22	57.5	57.25	58.0	57.25	3244600
2019-07-23	58.0	57.5	58.75	58.25	5172500
2019-07-24	58.5	57.5	58.75	58.25	2614500
2019-07-25	58.5	57.75	59.5	59.25	7087400
2019-07-26	59.0	58.5	60.0	59.25	5528200
2019-07-30	59.25	58.75	59.5	59.25	2589700
2019-07-31	59.0	58.75	60.5	60.5	6689100
2019-08-01	60.25	59.75	60.5	60.5	3998900
2019-08-02	60.0	59.75	60.75	60.75	8094100
2019-08-05	60.0	58.75	60.25	59.0	7247600
2019-08-06	58.5	58.0	60.5	60.5	5654400
2019-08-07	60.5	59.75	64.5	64.0	25649500
2019-08-08	62.0	58.5	62.5	58.75	30879400
2019-08-09	58.75	52.5	59.5	53.0	44057100
2019-08-13	50.5	49.75	52.0	50.75	51982300
2019-08-14	52.0	51.25	52.75	51.75	22495100
2019-08-15	51.25	50.5	53.0	52.25	24875300
2019-08-16	52.5	52.25	54.75	54.25	19854300
2019-08-19	54.5	53.5	55.0	54.25	11679000
2019-08-20	54.25	52.0	54.25	53.0	12258800
2019-08-21	53.0	53.0	54.5	53.75	5322200
2019-08-22	52.75	52.0	53.5	53.0	9484500
2019-08-23	53.0	52.5	53.25	53.0	6257000
2019-08-26	51.5	51.25	52.75	52.5	8257800
2019-08-27	52.25	51.75	53.0	52.25	4873200
2019-08-28	52.25	52.0	52.75	52.25	2957800
2019-08-29	52.5	52.5	54.25	54.25	9505300
2019-08-30	54.75	54.5	55.75	55.0	12256500
2019-09-02	55.0	53.5	55.75	55.5	6192400
2019-09-03	55.5	54.25	55.75	54.5	4686600
2019-09-04	54.5	54.5	55.5	55.25	4339600
2019-09-05	55.5	55.25	56.5	56.25	9224700
2019-09-06	57.0	56.75	58.5	57.75	12401500
2019-09-09	57.75	57.25	58.0	57.25	3654500
2019-09-10	57.0	57.0	57.75	57.25	3612300
2019-09-11	57.5	54.75	57.75	55.25	13464100
2019-09-12	55.0	54.5	56.0	55.0	5810000
2019-09-13	55.25	55.0	56.75	55.75	3562900
2019-09-16	55.5	55.25	55.75	55.25	1451800
2019-09-17	54.75	54.75	57.5	57.0	7320400
2019-09-18	57.25	56.5	58.25	57.0	6810400
2019-09-19	57.25	55.75	57.5	56.5	5186200
2019-09-20	56.5	55.5	56.75	55.5	4900300
2019-09-23	55.25	55.0	56.25	55.25	2599700
2019-09-24	55.0	53.0	55.0	53.75	10617200
2019-09-25	53.75	53.75	55.0	54.5	3216600
2019-09-26	54.5	54.5	56.25	55.75	5519400
2019-09-27	56.25	56.0	58.0	57.25	8147700
2019-09-30	58.0	56.75	58.0	57.0	4468900
2019-10-01	57.0	56.0	57.5	56.0	3074000
2019-10-02	55.5	55.5	56.5	55.75	4148800
2019-10-03	55.5	55.0	56.5	55.75	3092300
2019-10-04	56.0	55.75	58.0	57.75	9151500
2019-10-07	57.75	57.0	58.5	57.75	5185400
2019-10-08	58.0	57.5	58.25	57.5	4283200
2019-10-09	57.5	56.5	57.75	57.5	3142200
2019-10-10	57.75	57.25	58.0	57.25	3341100
2019-10-11	57.75	57.25	58.5	58.5	5110400
2019-10-15	58.75	58.25	60.5	59.25	14046100
2019-10-16	59.75	59.75	61.0	60.25	7655900
2019-10-17	61.0	59.75	61.0	60.5	3552600
2019-10-18	60.75	59.75	61.0	60.5	4104200
2019-10-21	60.25	60.25	61.0	60.5	2227900
2019-10-22	61.0	61.0	62.0	61.5	3791100
2019-10-24	61.5	61.0	61.75	61.0	4413800
2019-10-25	61.0	60.25	62.0	60.25	6143900
2019-10-28	60.25	59.25	61.25	61.0	3798900
2019-10-29	61.5	60.75	61.75	61.5	3259400
2019-10-30	61.75	60.25	62.0	61.0	4850600
2019-10-31	61.75	61.0	62.75	62.0	10674100
2019-11-01	62.0	61.5	62.25	61.5	3030900
2019-11-04	62.0	61.5	62.5	62.5	2238400
2019-11-05	62.0	59.0	62.25	59.5	15495900
2019-11-06	57.0	56.75	60.5	59.75	27850800
2019-11-07	59.75	58.25	60.25	60.0	13610200
2019-11-08	60.0	59.5	61.75	61.25	9239800
2019-11-11	61.0	60.25	61.25	60.5	2473100
2019-11-12	60.75	60.25	61.25	60.25	3526500
2019-11-13	59.75	59.5	60.5	59.75	4393700
2019-11-14	60.0	59.5	60.5	60.25	3445900
2019-11-15	60.5	60.0	60.75	60.0	1445700
2019-11-18	60.25	59.5	61.0	61.0	3062800
2019-11-19	60.75	60.5	61.25	60.75	1770700
2019-11-20	60.5	60.5	61.5	61.5	4277200
2019-11-21	61.25	60.5	61.5	61.0	3119500
2019-11-22	61.0	61.0	61.5	61.25	1812200
2019-11-25	61.5	60.5	61.5	61.25	5042600
2019-11-26	61.0	60.0	61.5	60.0	5945100
2019-11-27	59.75	59.75	61.25	60.25	2240400
2019-11-28	60.0	59.5	60.25	59.5	2974000
2019-11-29	59.25	59.25	60.5	60.25	3566700
2019-12-02	60.25	59.5	60.75	59.75	2717100
2019-12-03	59.75	59.0	60.75	60.75	4225200
2019-12-04	60.25	59.5	60.5	60.25	2737900
2019-12-06	60.0	59.0	60.25	59.25	5310100
2019-12-09	59.25	57.25	59.25	58.5	6616900
2019-12-11	58.25	57.5	58.75	58.0	4360200
2019-12-12	58.0	58.0	60.75	60.75	4943300
2019-12-13	61.25	60.75	61.75	61.75	5796900
2019-12-16	61.75	60.75	62.0	61.0	2669200
2019-12-17	61.0	60.0	61.25	60.75	3705100
2019-12-18	61.25	60.75	61.5	61.25	1858700
2019-12-19	61.0	60.75	63.25	62.75	5597900
2019-12-20	62.5	61.75	63.0	62.5	5779500
2019-12-23	62.75	62.25	63.5	63.0	4063100
2019-12-24	63.25	62.5	63.25	63.0	2745100
2019-12-25	63.0	62.5	63.0	62.75	1209400
2019-12-26	62.75	62.5	63.5	63.25	2438400
2019-12-27	63.5	62.25	63.75	63.5	3571800
2019-12-30	63.75	62.75	64.0	63.75	2748800
2020-01-02	63.75	63.5	64.5	64.25	3434300
2020-01-03	64.5	64.0	65.5	64.75	5567800
2020-01-06	65.0	63.25	65.0	63.75	2774400
2020-01-07	63.75	61.5	64.25	62.25	15245900
2020-01-08	61.0	59.5	61.75	60.5	10358900
2020-01-09	62.0	60.75	62.75	62.0	5824400
2020-01-10	62.0	61.25	63.25	61.75	4506300
2020-01-13	62.0	61.5	63.25	62.75	4042100
2020-01-14	62.5	61.75	63.25	62.5	4040400
2020-01-15	62.5	62.0	63.0	62.5	2179400
2020-01-16	63.0	62.0	63.0	62.75	2912800
2020-01-17	63.0	62.25	64.5	64.0	8237600
2020-01-20	64.0	63.5	64.25	63.5	2289700
2020-01-21	63.0	62.75	63.75	63.25	3015200
2020-01-22	63.5	63.5	65.75	64.75	8983000
2020-01-23	65.25	65.0	66.75	66.5	7453200
2020-01-24	66.5	65.5	67.25	66.25	8318800
2020-01-27	66.0	64.75	66.75	65.25	3331700
2020-01-28	64.75	64.0	66.0	64.25	7271400
2020-01-29	64.5	64.25	65.75	65.0	2560400
2020-01-30	65.25	65.25	66.25	65.5	4632800
2020-01-31	65.75	65.0	66.25	65.0	6463100
2020-02-03	65.5	64.25	66.0	64.25	4850500
2020-02-04	64.75	64.75	66.0	65.5	4958200
2020-02-05	65.5	65.0	68.0	67.5	12527200
2020-02-06	67.25	67.25	69.25	67.75	7740600
2020-02-07	68.0	67.25	68.5	67.25	6447700
2020-02-11	67.25	66.0	68.0	66.5	4796300
2020-02-12	67.25	66.25	68.25	67.75	3850600
2020-02-13	67.75	67.25	68.5	68.0	3489300
2020-02-14	69.0	68.0	69.25	68.25	3693600
2020-02-17	67.5	64.5	67.75	66.5	11573300
2020-02-18	65.0	64.75	66.25	64.75	8418000
2020-02-19	65.0	60.0	67.5	61.5	25169100
2020-02-20	59.75	58.25	61.75	60.5	17756700
2020-02-21	60.25	60.25	62.0	61.5	11988200
2020-02-24	60.0	59.25	61.0	59.25	5467100
2020-02-25	59.0	58.25	62.75	62.5	12268000
2020-02-26	61.5	58.5	62.25	58.5	9818500
2020-02-27	59.25	58.0	61.25	60.75	9787700
2020-02-28	58.75	57.5	59.75	57.5	9268200
2020-03-02	58.5	53.25	58.5	55.0	9067500
2020-03-03	58.0	57.5	59.5	59.0	9723100
2020-03-04	58.75	58.25	61.25	60.25	8914800
2020-03-05	61.25	60.25	61.5	61.0	7290900
2020-03-06	60.0	59.0	60.75	59.75	3896100
2020-03-09	57.5	55.25	59.25	56.75	7110700
2020-03-10	57.0	57.0	61.0	59.75	9462800
2020-03-11	57.5	55.25	59.5	56.75	12553200
2020-03-12	51.75	45.25	53.75	51.25	13807000
2020-03-13	41.5	41.5	59.0	54.25	19956300
2020-03-16	52.0	47.0	61.0	47.0	12244000
2020-03-17	47.0	40.0	47.5	40.0	17793200
2020-03-18	41.25	38.25	41.75	39.75	20978900
2020-03-19	37.5	34.25	37.75	35.75	20513800
2020-03-20	37.25	37.0	41.0	41.0	26341000
2020-03-23	35.25	35.0	37.0	35.0	11582400
2020-03-24	38.0	29.75	38.25	31.0	31237000
2020-03-25	31.5	29.5	33.5	31.5	19823500
2020-03-26	31.5	31.25	36.0	34.25	15621600
2020-03-27	35.75	33.75	37.5	36.0	14701300
2020-03-30	35.0	33.5	35.5	34.0	10303400
2020-03-31	35.25	34.5	35.5	35.0	9367400
2020-04-01	34.5	29.75	35.25	29.75	29940800
2020-04-02	32.0	31.0	32.5	31.75	33611900
2020-04-03	30.5	30.5	32.75	31.25	22558900
2020-04-07	33.5	31.5	35.75	35.25	27612900
2020-04-08	35.25	35.0	39.75	38.25	38145300
2020-04-09	41.0	39.0	42.0	39.25	24759800
2020-04-10	39.5	39.5	44.75	44.5	26254000
2020-04-13	48.75	45.75	49.75	47.25	21962800
2020-04-14	48.5	43.75	49.25	45.75	26271100
2020-04-15	45.25	44.25	46.5	44.75	10074800
2020-04-16	43.75	41.5	44.5	41.75	14948100
2020-04-17	43.75	43.5	45.25	45.25	20338400
2020-04-20	46.0	45.5	47.5	46.0	14879300
2020-04-21	44.75	44.75	46.0	45.25	7972200
2020-04-22	44.75	43.5	45.75	45.75	11415100
2020-04-23	46.5	45.25	47.0	45.5	9484300
2020-04-24	45.75	44.25	46.5	45.0	10098500
2020-04-27	45.25	44.5	46.0	46.0	5657700
2020-04-28	46.25	45.5	49.0	48.0	25197900
2020-04-29	48.75	47.25	49.0	47.5	11301000
2020-04-30	48.5	46.5	48.5	47.5	8509200
2020-05-05	46.0	45.5	47.25	46.25	7856800
2020-05-07	45.25	44.25	45.5	45.0	13639800
2020-05-08	46.0	44.75	46.5	45.0	10781900
2020-05-11	45.5	45.5	48.0	47.0	15705800
2020-05-12	47.25	46.5	48.25	47.75	11363800
2020-05-13	47.75	47.5	50.0	50.0	21593400
2020-05-14	49.75	49.25	51.0	49.25	15464900
2020-05-15	49.75	49.5	51.75	50.0	13398100
2020-05-18	50.5	48.75	51.25	49.25	8648600
2020-05-19	50.75	50.25	51.75	51.75	14888200
2020-05-20	51.75	51.5	54.75	54.0	21044500
2020-05-21	55.25	55.0	58.25	56.75	22992400
2020-05-22	55.25	53.0	57.0	56.5	21344500
2020-05-25	56.75	55.25	57.25	55.5	12352600
2020-05-26	56.0	55.0	56.75	55.25	9972700
2020-05-27	55.25	53.75	55.75	54.75	10247500
2020-05-28	55.5	53.5	55.5	53.5	12201900
2020-05-29	54.75	54.5	56.0	55.75	24457000
2020-06-01	56.5	54.5	57.0	55.0	15081800
2020-06-02	55.0	54.5	55.5	55.0	7026800
2020-06-04	55.75	55.0	56.5	56.5	12502000
2020-06-05	56.75	55.5	57.25	57.0	16326600
2020-06-08	58.25	56.75	59.25	57.5	18017400
2020-06-09	57.5	55.25	58.5	56.25	9079200
2020-06-10	56.5	55.5	57.0	56.75	6624800
2020-06-11	57.0	56.5	59.0	57.0	20597400
2020-06-12	55.5	55.25	58.25	57.75	18146800
2020-06-15	57.5	54.5	58.0	54.5	17166900
2020-06-16	56.75	54.5	56.75	54.5	13046400
2020-06-17	53.5	51.75	55.0	53.75	22974800
2020-06-18	52.5	52.5	56.0	55.5	21969600
2020-06-19	56.0	54.75	56.25	55.0	11657800
2020-06-22	54.5	53.0	55.25	53.75	13045900
2020-06-23	54.0	52.75	55.25	52.75	12419300
2020-06-24	53.75	52.5	54.25	53.0	6793400
2020-06-25	52.25	50.75	52.5	52.5	11972100
2020-06-26	52.75	51.0	53.25	52.25	9205500
2020-06-29	51.25	50.0	52.25	51.25	12454400
2020-06-30	51.5	51.5	53.25	52.0	10980100
2020-07-01	52.0	51.5	53.5	52.75	9871200
2020-07-02	53.25	53.0	55.0	55.0	10671400
2020-07-03	55.5	54.25	55.75	54.5	3983100
2020-07-07	55.25	54.0	55.25	54.5	9850900
2020-07-08	55.0	53.0	55.25	53.0	5342400
2020-07-09	53.0	53.0	54.75	53.5	5472700
2020-07-10	53.25	52.75	54.25	53.5	5508200
2020-07-13	54.0	52.0	54.25	52.0	4690000
2020-07-14	51.0	50.5	51.75	51.5	11877900
2020-07-15	52.25	52.25	54.5	54.0	10458800
2020-07-16	53.25	52.75	54.25	52.75	5888400
2020-07-17	52.75	52.75	54.25	54.0	5978400
2020-07-20	54.0	53.25	55.0	53.25	9537700
2020-07-21	53.75	53.5	54.5	54.25	4897700
2020-07-22	54.5	53.0	54.75	53.0	3918800
2020-07-23	52.75	52.5	54.25	53.5	8413900
2020-07-24	52.5	51.0	52.5	51.0	12906900
2020-07-29	50.75	48.75	52.25	49.0	14828800
2020-07-30	49.5	47.25	49.75	49.0	15474400
2020-07-31	49.25	48.75	50.75	50.0	7791100
2020-08-03	50.5	48.0	50.5	49.0	12442900
2020-08-04	50.0	49.5	51.5	51.25	10643900
2020-08-05	50.75	48.0	50.75	49.0	23239000
2020-08-06	49.25	48.5	50.25	48.75	8438500
2020-08-07	48.75	48.25	49.5	48.5	2974500
2020-08-10	48.25	47.0	48.5	47.25	8898800
2020-08-11	48.0	47.25	49.5	48.5	11417200
2020-08-13	49.75	48.5	50.0	49.0	11678500
2020-08-14	50.25	50.0	51.5	50.5	15662900
2020-08-17	50.75	49.25	51.75	49.75	10670600
2020-08-18	49.75	49.75	51.0	50.75	6771300
2020-08-19	50.75	48.5	51.0	49.0	8161700
2020-08-20	48.25	48.0	49.5	49.5	7473300
2020-08-21	49.75	48.25	50.0	48.5	5485700
2020-08-24	49.0	47.75	49.5	48.75	8842500
2020-08-25	49.25	48.75	49.5	48.75	4596900
2020-08-26	49.0	48.5	52.0	50.5	18758600
2020-08-27	51.0	50.75	52.0	51.5	11536000
2020-08-28	52.25	51.5	53.0	51.75	9357100
2020-08-31	52.0	49.75	52.5	49.75	10454200
2020-09-01	50.25	49.75	51.25	50.0	6341600
2020-09-02	50.25	49.25	51.0	50.0	7663100
2020-09-03	50.25	49.0	50.25	49.25	5975400
2020-09-08	49.25	48.5	49.5	48.5	3614600
2020-09-09	48.0	48.0	51.25	50.75	11316000
2020-09-10	51.0	49.5	51.25	50.0	6195900
2020-09-11	50.0	48.75	50.5	49.0	5371400
2020-09-14	49.25	48.0	49.5	48.0	5704300
2020-09-15	48.5	48.25	49.25	48.75	3220100
2020-09-16	49.75	49.25	52.5	52.0	16687900
2020-09-17	51.5	50.5	51.75	50.75	8207100
2020-09-18	51.0	50.0	52.25	51.75	7701500
2020-09-21	53.5	52.25	53.75	52.25	9621600
2020-09-22	52.5	51.75	52.75	52.75	7148700
2020-09-23	53.0	52.25	53.75	53.0	16368300
2020-09-24	52.25	50.5	52.75	51.25	12033700
2020-09-25	51.5	50.5	52.0	51.0	6015100
2020-09-28	51.25	51.25	52.0	51.5	2955500
2020-09-29	51.75	50.5	52.25	50.75	6302300
2020-09-30	50.75	49.25	51.0	49.25	6830000
2020-10-01	50.0	49.25	50.5	50.25	4344900
2020-10-02	50.0	49.75	50.5	50.0	3260900
2020-10-05	50.75	50.0	51.0	50.25	2305600
2020-10-06	50.75	50.0	51.0	50.5	4401600
2020-10-07	50.75	50.75	52.5	52.25	10088700
2020-10-08	52.5	51.75	52.75	52.25	4669000
2020-10-09	52.5	51.25	52.75	51.25	5237300
2020-10-12	51.25	51.0	52.25	51.5	2439600
2020-10-14	51.25	51.25	52.5	51.75	4495300
2020-10-15	51.5	51.5	52.75	52.5	6183800
2020-10-16	53.0	51.5	53.0	51.75	3727100
2020-10-19	51.0	50.25	51.25	51.0	4595400
2020-10-20	50.5	50.0	52.0	51.5	5391100
2020-10-21	52.0	50.5	52.5	51.75	4795000
2020-10-22	51.75	50.75	52.5	52.5	4568900
2020-10-26	52.25	51.25	52.5	51.25	3053100
2020-10-27	51.0	51.0	53.25	53.25	4941000
2020-10-28	53.25	53.0	54.75	54.25	8990200
2020-10-29	53.5	53.0	54.25	53.25	5283200
2020-10-30	54.25	54.25	56.25	54.75	11270900
2020-11-02	55.0	54.75	57.0	56.75	10991000
2020-11-03	57.0	55.5	57.0	56.5	7283000
2020-11-04	57.25	54.75	57.25	55.25	12070400
2020-11-05	55.75	55.25	56.5	56.25	9788600
2020-11-06	56.0	55.0	56.25	55.5	4952700
2020-11-09	56.25	55.5	56.25	56.0	5843000
2020-11-10	55.75	54.75	56.25	55.75	9129400
2020-11-11	56.5	55.5	58.0	58.0	13706200
2020-11-12	57.5	56.5	58.5	57.75	11922500
2020-11-13	56.75	56.5	58.0	57.0	10720300
2020-11-16	57.5	56.25	58.5	56.5	8238500
2020-11-17	56.5	54.5	58.0	55.25	22117100
2020-11-18	54.0	53.5	56.0	56.0	23456200
2020-11-19	56.0	54.25	56.5	54.75	11192200
2020-11-20	54.25	53.75	54.75	54.25	11763900
2020-11-23	54.25	54.25	55.5	54.75	7692800
2020-11-24	54.75	53.25	55.25	53.5	9740000
2020-11-25	54.0	53.25	55.0	54.5	14989900
2020-11-26	55.0	54.5	55.5	55.0	12574800
2020-11-27	55.0	54.75	56.75	56.25	13465800
2020-11-30	55.75	54.0	56.0	54.0	14635100
2020-12-01	54.25	53.75	54.75	54.25	7712500
2020-12-02	54.0	53.5	54.5	53.75	9801700
2020-12-03	54.0	53.5	55.25	54.25	8730300
2020-12-04	54.5	54.25	55.5	55.25	10310400
2020-12-08	56.0	55.5	56.75	56.25	11376200
2020-12-09	56.75	55.5	57.25	55.75	9360400
2020-12-14	56.0	55.0	56.25	55.25	6676700
2020-12-15	55.0	54.75	56.75	55.75	21107200
2020-12-16	56.25	55.5	56.5	56.5	13063000
2020-12-17	56.5	56.0	58.25	57.25	20069000
2020-12-18	57.5	57.0	60.0	59.75	25859500
2020-12-21	57.5	55.5	59.25	55.5	20749600
2020-12-22	55.75	54.5	57.0	56.75	15541400
2020-12-23	57.0	56.75	58.5	57.0	13727000
2020-12-24	57.5	56.75	58.5	58.0	9490500
2020-12-25	58.5	58.5	61.0	59.5	24669100
2020-12-28	60.75	58.75	61.75	58.75	14760900
2020-12-29	59.25	58.75	60.25	60.25	8517600
2020-12-30	61.0	59.0	61.25	59.0	9850000
2021-01-04	57.75	57.0	59.75	59.0	8666400
2021-01-05	59.25	58.5	61.0	60.0	13800700
2021-01-06	60.5	59.25	60.75	59.5	9690500
2021-01-07	60.5	60.0	64.25	63.5	33651900
2021-01-08	65.0	62.5	65.5	63.25	18307400
2021-01-11	63.25	63.0	65.0	64.75	12138600
2021-01-12	65.0	64.75	66.5	66.0	15038600
2021-01-13	66.25	64.75	67.75	65.5	13696400
2021-01-14	66.0	65.75	67.0	65.75	7852700
2021-01-15	65.0	63.75	66.0	65.0	12434100
2021-01-18	64.5	64.5	65.5	64.75	5212600
2021-01-19	65.25	65.25	67.0	66.5	9415000
2021-01-20	67.0	65.75	67.75	66.75	11544800
2021-01-21	67.25	66.0	67.5	66.0	6906500
2021-01-22	66.25	64.25	66.5	65.5	9190600
2021-01-25	65.0	64.0	66.25	65.75	10457100
2021-01-26	66.0	65.25	66.5	66.0	5665500
2021-01-27	66.25	65.75	68.0	67.5	17743100
2021-01-28	66.25	64.0	66.75	64.0	25320300
2021-01-29	65.0	64.5	66.75	65.75	15434200
2021-02-01	65.25	65.25	67.0	66.25	8164600
2021-02-02	66.75	65.5	67.25	66.5	6453000
2021-02-03	67.0	66.25	68.0	67.5	9583000
2021-02-04	68.25	67.0	68.75	67.25	8859300
2021-02-05	67.75	66.75	67.75	67.75	4843500
2021-02-08	68.0	66.5	68.75	66.75	11791600
2021-02-09	67.0	66.75	68.0	67.0	9047200
2021-02-10	67.5	66.5	67.5	66.5	4731400
2021-02-11	67.0	66.0	67.0	66.0	4432400
2021-02-15	66.25	65.5	66.75	65.75	5047200
2021-02-16	66.5	66.25	67.5	66.5	5033600
2021-02-17	66.5	64.75	66.75	65.25	9484100
2021-02-18	65.75	65.5	66.75	66.25	7062100
2021-02-19	66.25	65.75	68.0	66.75	9971100
2021-02-22	67.25	64.5	67.5	64.75	6963100
2021-02-23	65.0	64.5	66.5	65.75	7130200
2021-02-24	66.0	65.25	66.75	66.0	6798500
2021-02-25	67.0	65.0	67.0	65.25	6809500
2021-03-01	64.5	64.0	66.75	66.25	10744400
2021-03-02	65.5	63.75	65.5	64.5	22576300
2021-03-03	64.5	64.25	66.75	66.75	23110500
2021-03-04	67.0	67.0	72.0	71.0	45485700
2021-03-05	70.0	68.75	71.25	70.25	27670300
2021-03-08	71.0	70.75	73.75	71.5	32652200
2021-03-09	72.5	69.0	72.75	69.75	16853600
2021-03-10	69.5	69.25	71.25	70.25	11597400
2021-03-11	70.75	69.25	70.75	69.5	7875600
2021-03-12	69.5	68.75	70.25	68.75	5641000
2021-03-15	69.0	68.25	69.25	68.5	6633100
2021-03-16	68.5	68.25	71.0	69.5	9692300
2021-03-17	69.5	68.75	70.0	68.75	5835600
2021-03-18	69.75	68.25	70.0	68.5	7111900
2021-03-19	68.25	68.0	69.0	68.75	5097800
2021-03-22	68.5	68.5	69.75	69.25	4909300
2021-03-23	69.75	69.0	70.25	69.75	5629700
2021-03-24	69.5	69.25	71.25	70.5	12173200
2021-03-25	71.25	70.75	72.0	71.25	10659600
2021-03-26	71.0	69.0	71.0	69.25	10974700
2021-03-29	69.25	69.0	70.25	69.0	5463400
2021-03-30	69.25	68.5	70.25	70.0	8116400
2021-03-31	70.0	69.75	71.0	70.75	6336300
2021-04-01	70.75	69.25	71.5	69.75	8971000
2021-04-02	69.5	68.25	70.0	68.5	14149700
2021-04-05	68.5	67.25	68.75	68.25	6085700
2021-04-07	67.75	65.75	68.25	66.0	12806300
2021-04-08	66.0	65.0	66.5	65.5	10658500
2021-04-09	66.25	66.25	68.25	67.5	10487500
2021-04-12	66.75	65.5	66.75	65.5	5723500
2021-04-16	65.75	65.25	66.25	65.5	3889300
2021-04-19	66.0	65.75	67.0	66.5	5104300
2021-04-20	66.75	66.5	71.0	69.0	32919700
2021-04-21	68.5	68.25	69.75	69.0	5379700
2021-04-22	69.0	67.5	69.0	68.0	6872200
2021-04-23	67.25	66.5	67.75	66.75	5903700
2021-04-26	66.75	65.75	68.25	66.75	8567600
2021-04-27	67.75	66.25	68.0	66.75	6368700
2021-04-28	66.25	65.0	66.5	65.0	17541400
2021-04-29	65.25	64.5	65.5	64.75	14574600
2021-04-30	65.0	63.75	65.25	64.0	11109800
2021-05-05	63.25	60.5	63.5	60.5	22835000
2021-05-06	60.0	58.75	62.75	62.25	22312000
2021-05-07	62.5	62.0	63.75	63.75	11338200
2021-05-10	64.5	62.0	64.75	62.5	10282600
2021-05-11	61.0	59.25	62.0	59.75	24473400
2021-05-12	58.0	56.25	58.25	56.5	34615500
2021-05-13	55.0	54.75	58.75	57.5	32924300
2021-05-14	58.75	56.5	59.0	57.0	17007600
2021-05-17	56.5	56.0	57.75	57.0	11518100
2021-05-18	57.5	57.0	58.25	57.25	13854400
2021-05-19	58.25	57.75	58.75	58.25	11630600
2021-05-20	58.25	57.5	58.75	57.5	9302400
2021-05-21	57.5	57.25	58.5	57.75	6905500
2021-05-24	58.5	57.75	59.25	59.25	8857700
2021-05-25	60.75	60.25	62.75	62.0	22271400
2021-05-27	62.0	61.0	62.25	61.75	12518500
2021-05-28	62.0	61.25	62.5	61.5	5909400
2021-05-31	61.5	61.0	62.0	62.0	4239900
2021-06-01	62.0	61.5	63.5	63.5	13934300
2021-06-02	65.0	62.25	65.5	62.5	21616600
2021-06-04	62.5	62.25	63.25	62.5	7115600
2021-06-07	62.75	61.75	63.25	62.0	5066900
2021-06-08	61.5	61.0	62.5	62.25	4683200
2021-06-09	62.0	61.75	63.0	62.25	4516100
2021-06-10	63.0	62.0	63.25	62.25	5214700
2021-06-11	62.5	62.5	64.25	64.25	17844500
2021-06-14	64.5	63.25	64.75	63.5	7005500
2021-06-15	63.5	60.75	63.5	61.5	9597800
2021-06-16	60.75	59.5	61.0	60.25	12181000
2021-06-17	60.0	59.75	62.0	60.0	9730700
2021-06-18	60.5	59.75	60.75	60.25	8754100
2021-06-21	58.5	57.5	58.75	58.25	17362500
2021-06-22	58.75	58.25	59.25	58.25	11606200
2021-06-23	58.5	57.0	58.75	57.25	10527800
2021-06-24	57.25	56.25	58.5	57.25	18093200
2021-06-25	57.75	56.75	57.75	57.25	6022500
2021-06-28	56.5	56.25	57.5	57.25	6321000
2021-06-29	57.5	57.5	58.75	58.0	6145000
2021-06-30	58.0	56.75	58.5	57.5	4776900
2021-07-01	57.25	57.0	58.25	57.75	4254400
2021-07-02	58.0	57.5	58.75	57.5	7366200
2021-07-05	57.25	57.25	58.25	58.0	2138800
2021-07-06	58.25	58.0	59.25	58.5	4531800
2021-07-07	58.5	58.25	60.0	59.25	7561700
2021-07-08	58.5	57.25	58.75	57.25	9568600
2021-07-09	56.75	56.75	58.5	58.0	7158800
2021-07-12	58.25	57.75	58.5	58.25	4559900
2021-07-13	58.5	58.25	60.5	60.5	8301900
2021-07-14	61.0	60.25	62.5	62.0	15863400
2021-07-15	63.0	62.0	63.25	62.0	13272600
2021-07-16	61.5	61.5	64.5	63.5	24426300
2021-07-19	62.5	62.25	64.0	64.0	9994100
2021-07-20	63.75	62.5	63.75	63.25	6956600
2021-07-21	63.5	63.25	64.0	63.75	5867000
2021-07-22	64.0	63.0	64.5	63.25	5433800
2021-07-23	62.5	62.25	63.75	63.25	3768600
2021-07-27	63.5	62.5	63.75	62.5	3197900
2021-07-29	62.5	59.25	62.75	60.25	12352100
2021-07-30	60.25	58.5	60.5	59.75	6675300
2021-08-02	60.0	58.5	60.25	59.25	5524100
2021-08-03	59.0	59.0	60.75	60.75	5928300
2021-08-04	60.75	60.5	62.25	61.75	7307200
2021-08-05	61.75	61.25	62.5	61.5	4449600
2021-08-06	61.5	60.25	62.0	61.75	9511100
2021-08-09	62.25	61.75	62.5	62.25	3487800
2021-08-10	62.0	59.5	62.25	60.0	10814900
2021-08-11	58.75	56.75	59.0	57.0	26292300
2021-08-13	57.25	55.25	57.75	55.5	15697000
2021-08-16	55.75	55.0	56.5	55.75	8003900
2021-08-17	56.25	55.25	56.5	55.5	5934900
2021-08-18	56.25	56.0	61.0	61.0	31639600
2021-08-19	60.5	59.75	61.25	60.25	10620200
2021-08-20	60.5	60.25	61.5	60.75	8613900
2021-08-23	62.0	61.25	64.0	63.25	17555100
2021-08-24	63.75	62.75	64.0	63.0	9579300
2021-08-25	63.75	63.0	64.5	63.75	11785800
2021-08-26	63.5	62.25	63.75	63.0	8706500
2021-08-27	63.0	62.75	64.25	63.5	10954200
2021-08-30	64.25	62.75	64.25	63.75	7972100
2021-08-31	63.25	63.25	64.75	64.75	10705500
2021-09-01	64.25	61.75	65.0	62.5	15848600
2021-09-02	62.25	61.75	62.75	62.0	7187700
2021-09-03	62.25	61.75	62.75	62.0	3788900
2021-09-06	62.25	61.5	62.5	61.5	3287600
2021-09-07	61.5	60.25	62.25	60.25	7853000
2021-09-08	60.25	59.5	60.75	60.75	4600600
2021-09-09	60.25	60.0	61.25	60.5	4163700
2021-09-10	60.75	60.0	62.5	61.75	10131000
2021-09-13	61.75	61.75	63.75	63.5	9459500
2021-09-14	63.75	62.25	64.0	63.0	8727600
2021-09-15	63.25	62.5	64.25	63.5	9194800
2021-09-16	63.75	63.5	64.5	63.5	4858300
2021-09-17	63.5	62.75	64.0	63.5	4750300
2021-09-20	62.75	62.25	63.5	62.75	3974100
2021-09-21	63.0	62.0	63.25	62.75	6531000
2021-09-22	62.5	61.0	63.0	62.75	8559800
2021-09-23	61.25	58.5	61.5	60.0	27780200
2021-09-27	60.25	57.25	60.25	58.25	12960700
2021-09-28	58.25	58.0	59.5	58.5	6822400
2021-09-29	58.0	57.75	59.0	58.25	5556900
2021-09-30	58.75	57.75	59.25	58.25	7112400
2021-10-01	57.75	57.25	59.75	59.25	7525000
2021-10-04	59.5	59.5	61.0	60.0	9769500
2021-10-05	60.0	59.75	61.5	61.0	6811800
2021-10-06	60.75	60.25	61.5	60.5	7117400
2021-10-07	61.0	61.0	63.5	62.5	12159600
2021-10-08	62.5	62.0	63.25	62.5	3755900
2021-10-11	62.75	61.25	63.0	61.75	5562900
2021-10-12	61.0	60.5	62.5	61.25	9392900
2021-10-14	60.0	59.0	60.75	60.5	8816500
2021-10-15	59.75	59.5	60.5	60.0	4131500
2021-10-18	60.5	59.0	60.5	60.5	6434000
2021-10-19	60.0	59.25	61.25	59.75	10256800
2021-10-20	59.75	59.5	60.25	60.25	1832300
2021-10-21	60.5	59.75	60.75	60.25	2940600
2021-10-25	60.25	59.0	60.5	59.5	5021200
2021-10-26	59.5	59.25	60.0	59.25	2641200
2021-10-27	59.25	59.0	59.75	59.25	3774300
2021-10-28	59.25	59.0	60.0	59.5	4178600
2021-10-29	59.75	59.5	62.0	60.5	11657500
2021-11-01	61.0	59.5	61.0	60.5	4100200
2021-11-02	60.25	59.75	60.5	60.0	2975800
2021-11-03	60.0	59.75	61.5	60.5	6093400
2021-11-04	61.5	61.0	64.25	64.0	23757200
2021-11-05	64.0	63.0	64.0	63.5	5570700
2021-11-08	63.75	62.5	64.0	63.25	4265300
2021-11-09	63.5	62.75	63.5	63.25	2054500
2021-11-10	61.0	59.0	61.0	61.0	30624400
2021-11-11	60.5	59.5	61.0	60.0	11242500
2021-11-12	60.0	59.75	60.75	60.25	7248000
2021-11-15	60.0	59.5	60.75	59.75	5016900
2021-11-16	60.0	59.5	60.5	59.75	5135600
2021-11-17	60.25	60.25	62.25	60.75	21976900
2021-11-18	60.75	60.5	61.5	60.75	5350200
2021-11-19	60.75	60.0	61.25	60.25	5432300
2021-11-22	60.25	60.25	60.75	60.5	2854600
2021-11-23	60.25	59.25	60.5	59.5	10922000
2021-11-24	59.5	58.25	59.5	58.75	19636300
2021-11-25	59.0	58.5	59.0	58.5	3485900
2021-11-26	58.25	57.5	58.75	57.75	10455400
2021-11-29	57.5	56.5	57.75	57.0	5680000
2021-11-30	57.5	56.0	58.25	56.0	8906200
2021-12-01	56.25	55.25	56.75	56.25	8686600
2021-12-02	56.0	55.5	56.5	56.25	4045000
2021-12-03	56.5	56.0	57.0	56.25	3697400
2021-12-07	56.75	55.75	57.25	56.25	7132600
2021-12-08	57.25	57.0	59.0	58.0	13309000
2021-12-09	58.25	58.0	59.0	58.25	6199700
2021-12-13	58.75	58.0	59.0	59.0	4192800
2021-12-14	58.25	57.75	58.75	58.75	2638800
2021-12-15	58.5	57.75	59.0	58.0	3145800
2021-12-16	58.5	58.0	58.75	58.5	5375100
2021-12-17	58.5	57.25	58.75	57.75	8150100
2021-12-20	57.25	56.25	57.5	57.0	6280000
2021-12-21	57.5	57.0	57.5	57.0	1142400
2021-12-22	57.25	57.0	57.5	57.0	1340600
2021-12-23	57.25	56.0	57.5	56.5	7828000
2021-12-24	56.5	56.25	57.25	56.75	2571800
2021-12-27	57.0	56.25	57.0	56.5	3331500
2021-12-28	56.75	56.5	58.0	57.0	6201300
2021-12-29	57.75	57.5	58.75	58.25	7361800
2021-12-30	58.75	58.5	59.5	58.75	7475600
2022-01-04	59.0	58.75	59.5	59.0	6328600
2022-01-05	59.0	59.0	59.75	59.25	6311200
2022-01-06	58.75	57.5	58.75	58.0	7033700
2022-01-07	58.0	57.25	58.0	57.5	2274900
2022-01-10	58.0	57.25	58.0	57.5	4019800
2022-01-11	57.75	57.0	58.5	58.0	7928300
2022-01-12	58.25	57.75	58.75	58.25	4669000
2022-01-13	58.5	58.25	60.75	59.25	22114800
2022-01-14	59.25	59.0	60.75	60.25	11104500
2022-01-17	60.0	59.25	60.75	60.5	5143600
2022-01-18	60.5	58.75	61.0	59.0	7764200
2022-01-19	59.0	57.5	59.25	58.0	7205200
2022-01-20	58.0	57.25	58.5	57.5	4072500
2022-01-21	57.25	56.25	57.5	57.25	6353500
2022-01-24	57.0	56.5	57.5	56.5	4097100
2022-01-25	56.25	55.5	56.5	56.25	7276500
2022-01-26	56.25	55.75	56.75	56.25	6334100
2022-01-27	55.75	55.0	56.25	56.25	4629400
2022-01-28	57.0	55.75	57.0	56.0	3241600
2022-01-31	56.5	56.0	57.0	56.25	1913800
2022-02-01	56.5	56.0	57.25	56.75	8486200
2022-02-02	56.25	56.25	58.0	56.75	6516100
2022-02-03	56.5	56.5	57.75	57.0	9272400
2022-02-04	57.25	56.5	57.25	56.75	3489300
2022-02-07	57.0	56.25	57.25	57.0	3833800
2022-02-08	57.0	56.25	57.5	57.0	3896700
2022-02-09	56.75	56.75	57.75	57.0	8658200
2022-02-10	57.25	57.25	60.0	58.25	21511700
2022-02-11	58.25	57.25	58.25	57.5	5992700
2022-02-14	57.0	55.75	57.0	56.75	7004000
2022-02-15	54.25	52.25	54.75	54.5	31960900
2022-02-17	54.5	52.75	55.0	53.75	15172200
2022-02-18	53.25	53.25	54.0	53.75	4594900
2022-02-21	53.5	52.5	53.75	53.25	7571000
2022-02-22	52.25	51.5	52.5	52.5	10320800
2022-02-23	53.0	52.25	53.25	52.75	8552900
2022-02-24	52.25	51.25	52.5	51.75	8221500
2022-02-25	52.0	50.75	52.25	51.5	9495100
2022-02-28	51.5	51.0	52.0	51.5	7574000
2022-03-01	51.5	51.25	52.75	51.5	10448400
2022-03-02	51.75	51.0	52.0	51.75	4585800
2022-03-03	51.75	51.0	52.5	52.0	6356700
2022-03-04	51.75	51.5	52.5	51.5	8858300
2022-03-07	51.0	49.25	51.0	49.5	12559800
2022-03-08	49.75	48.25	50.5	50.0	15892500
2022-03-09	50.25	49.25	52.0	51.75	16595900
2022-03-10	52.5	51.75	53.25	52.0	9068000
2022-03-11	51.75	50.75	51.75	51.75	4694500
2022-03-14	51.75	51.0	51.75	51.5	3891400
2022-03-15	51.5	50.75	51.75	51.5	4072700
2022-03-16	51.75	51.5	53.5	52.5	13064900
2022-03-17	52.75	52.75	54.0	53.5	9427800
2022-03-18	53.25	52.5	53.5	53.0	4541300
2022-03-21	53.75	53.25	54.5	53.5	7766500
2022-03-22	52.75	51.5	52.75	52.75	8580400
2022-03-23	53.0	52.5	53.25	52.75	2774100
2022-03-24	52.5	52.0	53.0	52.5	2592600
2022-03-25	52.75	52.0	53.0	52.25	2922500
2022-03-28	52.5	51.25	52.75	51.75	4997500
2022-03-29	51.75	51.5	52.25	51.75	4909000
2022-03-30	52.0	52.0	53.75	52.5	14522100
2022-03-31	52.5	51.75	53.0	52.5	7167500
2022-04-01	52.0	51.5	52.25	52.0	5098700
2022-04-04	52.25	51.75	52.75	52.0	3154900
2022-04-05	52.0	51.25	52.25	51.75	2691200
2022-04-07	51.75	49.75	52.0	50.5	9791700
2022-04-08	50.5	50.25	51.5	50.75	3459700
2022-04-11	50.5	50.0	51.0	50.5	2722400
2022-04-12	50.0	49.5	50.25	50.0	2575600
2022-04-18	49.75	49.5	50.75	50.0	7041700
2022-04-19	50.25	50.25	51.5	50.25	6792300
2022-04-20	50.75	49.75	51.25	50.0	7545800
2022-04-21	50.25	50.25	52.0	51.25	10854000
2022-04-22	51.0	50.0	51.0	50.5	6722800
2022-04-25	49.75	48.25	49.75	48.5	13644400
2022-04-26	49.25	47.5	49.25	47.75	10826500
2022-04-27	47.5	46.25	48.0	46.5	8676900
2022-04-28	46.5	45.75	46.75	46.25	7323900
2022-04-29	46.5	45.75	47.25	46.25	7819300
2022-05-03	46.5	45.5	46.75	45.75	14333600
2022-05-05	46.5	44.5	46.75	44.5	12572600
2022-05-06	43.75	43.25	44.5	43.75	10244900
2022-05-09	43.25	42.5	44.25	42.5	8242700
2022-05-10	42.5	42.25	46.25	45.75	15075000
2022-05-11	46.5	43.75	46.5	44.5	13142300
2022-05-12	44.5	40.25	44.5	40.5	34627100
2022-05-13	41.5	41.0	42.5	42.25	14483100
2022-05-17	43.75	43.5	44.75	44.25	13941800
2022-05-18	44.0	43.75	45.25	45.0	11881400
2022-05-19	43.5	43.0	44.5	43.75	10170200
2022-05-20	44.25	43.5	45.25	44.75	11282000
2022-05-23	45.0	44.25	45.25	44.75	3973500
2022-05-24	44.0	43.75	44.5	43.75	9045700
2022-05-25	44.0	44.0	45.5	44.25	11485100
2022-05-26	44.5	44.5	47.5	47.25	20626500
2022-05-27	48.25	47.0	48.25	47.5	11220200
2022-05-30	48.25	47.5	50.5	50.0	23159500
2022-05-31	49.25	48.5	49.5	49.25	16626600
2022-06-01	49.25	48.75	49.5	49.0	6145200
2022-06-02	49.25	48.0	49.25	49.0	7380700
2022-06-06	49.0	47.75	49.0	48.5	5401700
2022-06-07	47.75	47.25	48.0	47.75	8273800
2022-06-08	48.25	48.0	49.25	49.0	11383500
2022-06-09	48.75	48.0	49.0	49.0	3888700
2022-06-10	48.5	47.25	48.75	47.75	8591600
2022-06-13	46.0	45.0	46.75	45.5	16467200
2022-06-14	45.0	44.5	45.75	45.0	7974800
2022-06-15	45.0	43.5	45.0	44.5	10750700
2022-06-16	45.0	42.75	46.0	42.75	19174100
2022-06-17	42.0	42.0	43.75	43.25	8905800
2022-06-20	42.75	42.75	43.5	43.5	2406700
2022-06-21	43.25	42.5	43.75	43.0	5608900
2022-06-22	42.5	41.75	42.75	42.25	9146000
2022-06-23	42.75	42.0	44.25	43.5	10829100
2022-06-24	44.25	43.0	44.25	43.5	6530500
2022-06-27	44.0	44.0	44.75	44.25	5812400
2022-06-28	44.25	43.75	44.75	44.0	6420100
2022-06-29	43.5	43.25	44.0	43.75	3216900
2022-06-30	43.5	42.25	43.75	42.75	6021700
2022-07-01	42.75	42.0	43.25	43.0	5652500
2022-07-04	43.0	42.0	43.0	42.5	3736800
2022-07-05	43.0	40.5	43.0	40.75	8994400
2022-07-06	40.75	40.5	42.5	42.0	8898300
2022-07-07	42.0	41.75	43.0	42.75	5581400
2022-07-08	43.0	42.5	43.0	42.5	4141400
2022-07-11	42.5	41.75	43.25	43.0	4060600
2022-07-12	42.75	41.25	43.0	42.0	7544700
2022-07-14	41.75	41.5	42.25	42.0	5132600
2022-07-15	42.25	41.5	42.75	42.25	6036200
2022-07-18	42.75	42.5	44.0	43.25	7624400
2022-07-19	43.0	42.75	44.5	44.25	10997000
2022-07-20	45.5	44.5	45.75	45.0	12369400
2022-07-21	45.0	44.75	45.75	45.5	6106800
2022-07-22	45.75	45.0	46.25	46.25	8226700
2022-07-25	46.25	46.0	48.0	47.5	11927500
2022-07-26	47.75	47.25	48.5	48.25	10000200
2022-07-27	48.0	46.5	48.25	48.25	12208800
2022-08-01	49.0	48.25	49.5	49.0	13967800
2022-08-02	48.25	47.75	48.75	48.75	7182200
2022-08-03	48.5	48.0	49.0	48.75	6293200
2022-08-04	49.25	49.0	51.0	50.75	22921100
2022-08-05	51.0	50.25	51.25	50.5	7803200
2022-08-08	50.75	49.75	51.0	51.0	6475200
2022-08-09	51.0	50.25	51.0	51.0	3384600
2022-08-10	47.5	46.75	48.5	47.5	24186900
2022-08-11	47.75	45.5	47.75	45.75	20845700
2022-08-15	46.25	45.75	46.5	46.0	8010900
2022-08-16	46.25	45.0	47.25	45.5	12390500
2022-08-17	45.5	45.25	46.25	45.5	11736600
2022-08-18	45.5	45.0	45.75	45.25	5034400
2022-08-19	45.25	43.75	45.25	44.0	12384700
2022-08-22	43.5	42.5	43.75	43.5	15034100
2022-08-23	43.0	42.5	44.0	43.5	16856200
2022-08-24	43.25	43.0	43.75	43.25	12519200
2022-08-25	43.5	43.5	44.5	43.75	10815400
2022-08-26	44.0	43.5	44.25	44.0	7655500
2022-08-29	42.5	42.25	43.25	43.25	15250800
2022-08-30	43.0	42.0	43.25	42.5	14225000
2022-08-31	42.25	42.25	43.25	42.5	14125900
2022-09-01	42.5	41.75	42.75	42.25	8710100
2022-09-02	42.5	42.25	43.5	43.25	15150800
2022-09-05	43.25	42.75	43.5	43.25	7354800
2022-09-06	43.25	42.5	43.5	42.75	8278900
2022-09-07	42.5	42.0	42.75	42.5	10948000
2022-09-08	42.75	42.25	43.5	42.25	20414700
2022-09-09	42.5	42.0	42.75	42.5	8715500
2022-09-12	42.75	42.75	44.75	43.75	27326000
2022-09-13	44.0	43.25	44.5	43.5	13986300
2022-09-14	42.5	42.5	43.25	43.25	9566400
2022-09-15	43.25	42.5	43.25	43.0	8675700
2022-09-16	42.5	42.0	42.75	42.5	15478800
2022-09-19	42.5	42.0	42.5	42.0	6045500
2022-09-20	42.25	41.0	42.5	41.75	14385000
2022-09-21	41.25	40.0	41.75	40.5	25375200
2022-09-22	40.25	39.75	40.75	40.5	13758200
2022-09-23	40.5	38.75	40.75	39.0	28255600
2022-09-26	38.25	37.75	38.75	37.75	13512600
2022-09-27	37.75	37.0	38.25	37.0	19498300
2022-09-28	37.0	36.0	38.25	37.25	26566300
2022-09-29	38.0	36.25	38.0	36.25	19606500
2022-09-30	36.25	35.5	37.0	36.25	13836900
2022-10-03	35.75	34.75	36.25	34.75	15460900
2022-10-04	35.5	34.0	35.5	34.75	15805100
2022-10-05	35.0	34.75	35.75	35.0	10951300
2022-10-06	35.25	35.25	37.0	36.5	16793700
2022-10-07	36.5	35.25	36.5	35.75	8911900
2022-10-10	35.25	33.5	35.25	33.75	19219000
2022-10-11	33.5	33.0	34.5	34.0	9260600
2022-10-12	34.25	34.0	34.75	34.25	7311600
2022-10-17	33.75	32.5	34.0	33.75	17667000
2022-10-18	34.0	34.0	35.25	34.75	11785500
2022-10-19	35.25	34.75	35.75	35.5	10897700
2022-10-20	35.0	34.75	36.0	35.75	9928400
2022-10-21	36.0	35.25	36.5	35.75	7112300
2022-10-25	36.0	34.75	36.0	35.5	7494600
2022-10-26	35.75	34.75	36.25	35.0	9718000
2022-10-27	35.25	35.25	37.0	36.5	15382700
2022-10-28	36.75	36.0	37.25	36.5	10604200
2022-10-31	36.75	36.0	37.0	36.25	7959400
2022-11-01	36.25	36.25	37.5	37.0	11781400
2022-11-02	37.25	36.25	37.5	36.75	9257000
2022-11-03	36.0	35.75	36.5	36.25	6468600
2022-11-04	36.25	36.0	37.5	37.0	7276300
2022-11-07	37.5	37.5	38.25	37.5	12387300
2022-11-08	37.75	36.5	37.75	37.75	10467600
2022-11-09	36.75	34.5	37.0	34.75	43908600
2022-11-10	34.25	33.5	35.0	34.5	17434400
2022-11-11	35.5	35.5	37.0	36.5	33716600
2022-11-14	36.0	36.0	36.75	36.5	9079300
2022-11-15	36.25	36.25	37.5	37.0	7845500
2022-11-16	37.25	36.0	37.25	36.5	8635000
2022-11-17	36.75	34.5	36.75	35.5	16084500
2022-11-18	35.5	34.75	35.5	35.25	13123400
2022-11-21	35.0	35.0	36.25	35.75	15776800
2022-11-22	36.0	35.75	36.75	36.25	10473200
2022-11-23	36.5	35.75	36.5	36.25	6877000
2022-11-24	36.75	36.25	37.25	36.75	13998500
2022-11-25	37.0	36.75	37.25	37.25	10566000
2022-11-28	36.75	36.25	37.0	36.75	6167000
2022-11-29	36.75	36.5	37.25	37.0	6567100
2022-11-30	36.75	36.0	37.0	37.0	6162300
2022-12-01	37.75	37.75	38.5	38.25	22865700
2022-12-02	38.25	37.75	39.0	38.5	10525500
2022-12-06	38.5	38.5	39.25	38.75	19075600
2022-12-07	38.75	37.75	39.25	38.5	19066900
2022-12-08	38.5	38.0	39.0	38.75	9260300
2022-12-09	39.0	38.25	39.75	39.0	16326800
2022-12-13	38.5	37.5	39.0	38.0	17680300
2022-12-14	38.5	38.25	39.5	39.0	18022600
2022-12-15	38.75	38.5	39.0	39.0	7992200
2022-12-16	38.25	37.75	38.75	38.5	9682800
2022-12-19	38.75	37.75	38.75	38.25	6368800
2022-12-20	38.25	36.75	38.25	37.25	18687500
2022-12-21	37.0	35.25	37.25	36.25	44268600
2022-12-22	36.5	36.5	37.25	36.75	6021900
2022-12-23	36.75	36.5	37.75	37.25	14113900
2022-12-26	37.5	37.25	37.75	37.5	3469800
2022-12-27	37.5	37.5	38.5	38.0	9719300
2022-12-28	38.0	37.75	38.5	38.0	8096700
2022-12-29	38.0	37.75	38.75	38.5	10545200
2022-12-30	38.75	37.75	38.75	38.0	8298000
