Date	Price Open	Price Low	Price High	Price Close	Volume
2020-11-09	2.5861632	2.35987392	3.08723232	2.47301856	384175105
2020-11-10	2.53767264	2.45685504	2.7477984	2.71547136	116279003
2020-11-11	2.6669808	2.424528	2.68314432	2.52150912	50912919
2020-11-12	2.55383616	2.55383616	3.10339584	3.00641472	240437726
2020-11-13	3.0710688	3.00641472	3.42666624	3.3943392	253169235
2020-11-16	3.34584864	3.29735808	3.7176096	3.68528256	197207662
2020-11-17	3.636792	3.53981088	3.81459072	3.68528256	169651660
2020-11-18	3.68528256	3.62062848	4.04088	4.04088	216595518
2020-11-19	4.0812888	4.04088	4.4045592	4.04088	129024123
2020-11-20	4.2025152	3.86308128	4.2833328	4.00855296	150041698
2020-11-23	4.0812888	3.9600624	4.444968	4.444968	138003479
2020-11-24	4.5257856	4.04088	4.7278296	4.2025152	209062011
2020-11-25	4.2833328	4.1216976	4.3641504	4.242924	114913335
2020-11-26	4.2833328	4.242924	4.444968	4.3641504	71323573
2020-11-27	4.3641504	4.1621064	4.444968	4.242924	44005266
2020-11-30	4.242924	4.1216976	4.444968	4.444968	51638257
2020-12-01	4.5257856	4.242924	4.5257856	4.242924	51579730
2020-12-02	4.2833328	4.242924	4.3641504	4.242924	26677481
2020-12-03	4.242924	4.2025152	4.3641504	4.3237416	25887059
2020-12-04	4.3641504	4.2833328	4.8086472	4.8086472	132134089
2020-12-08	4.7278296	4.6066032	4.849056	4.7278296	71337183
2020-12-09	4.7682384	4.647012	5.6976408	4.8894648	272522445
2020-12-14	5.0511	4.849056	5.1723264	4.8894648	55425303
2020-12-15	4.8894648	4.849056	5.1723264	5.1319176	50131407
2020-12-16	5.1723264	4.9298736	5.1723264	4.9702824	42544940
2020-12-17	5.0511	4.9702824	5.0915088	4.9702824	21660504
2020-12-18	5.0106912	4.8086472	5.2127352	4.9298736	68675263
2020-12-21	4.6874208	4.4045592	4.849056	4.4045592	53526088
2020-12-22	4.4853768	4.3641504	4.7278296	4.647012	27701886
2020-12-23	4.647012	4.647012	5.0106912	4.7682384	33458058
2020-12-24	4.8086472	4.6874208	4.8894648	4.8086472	13927535
2020-12-25	4.8894648	4.849056	5.0511	4.849056	37212315
2020-12-28	4.8894648	4.7278296	4.9298736	4.7278296	17239561
2020-12-29	4.7682384	4.6066032	4.8086472	4.7278296	12837302
2020-12-30	4.6874208	4.242924	4.7682384	4.5257856	23830329
2021-01-04	4.3641504	4.3641504	4.849056	4.8086472	33727430
2021-01-05	4.7682384	4.7278296	4.8894648	4.8086472	16182613
2021-01-06	4.849056	4.6874208	4.8894648	4.7278296	17474287
2021-01-07	4.7682384	4.6874208	5.0511	4.9298736	38709513
2021-01-08	4.9702824	4.8086472	5.0106912	4.849056	22841188
2021-01-11	4.849056	4.849056	5.3743704	5.1723264	86675550
2021-01-12	5.1723264	5.0106912	5.1723264	5.0915088	30104086
2021-01-13	5.1319176	5.0511	5.2127352	5.0511	27506137
2021-01-14	5.0511	5.0511	5.1319176	5.0511	6832298
2021-01-15	5.0915088	5.0915088	5.2935528	5.1319176	45454331
2021-01-18	5.1319176	5.0915088	5.657232	5.657232	77329690
2021-01-19	5.6976408	5.4955968	5.9805024	5.9400936	66792629
2021-01-20	5.8996848	5.7784584	5.9400936	5.7784584	30159643
2021-01-21	5.859276	5.4147792	5.8996848	5.6168232	49512853
2021-01-22	5.6168232	5.5764144	5.8188672	5.5764144	24373651
2021-01-25	5.6168232	5.5764144	5.859276	5.657232	19231702
2021-01-26	5.657232	5.6168232	5.859276	5.7784584	22611040
2021-01-27	5.8188672	5.657232	5.8188672	5.7380496	13837951
2021-01-28	5.657232	5.5764144	5.7380496	5.5764144	17608045
2021-01-29	5.6168232	5.5764144	5.6976408	5.657232	8780636
2021-02-01	5.6976408	5.657232	6.3845904	6.1421376	76739101
2021-02-02	6.2229552	6.1017288	6.5462256	6.5058168	44178743
2021-02-03	6.465408	6.4249992	7.1119488	6.7886784	70243734
2021-02-04	6.8290872	6.4249992	6.9503136	6.6270432	32525093
2021-02-05	6.667452	6.5058168	6.9503136	6.869496	23575805
2021-02-08	6.869496	6.667452	7.0311312	6.9099048	11383164
2021-02-09	6.9099048	6.6270432	6.9503136	6.7482696	10295529
2021-02-10	6.8290872	6.667452	6.8290872	6.7482696	2349983
2021-02-11	6.7482696	6.6270432	6.7886784	6.667452	5210622
2021-02-15	6.667452	6.5462256	6.7482696	6.6270432	6562926
2021-02-16	6.667452	6.5866344	6.7078608	6.6270432	4142167
2021-02-17	6.667452	6.667452	7.1119488	7.1119488	20864019
2021-02-18	7.2331752	6.9503136	7.3139928	7.07154	9446580
2021-02-19	7.0311312	6.9503136	7.1119488	7.0311312	3943571
2021-02-22	6.9503136	6.3845904	6.9503136	6.7078608	20631397
2021-02-23	6.6270432	6.5058168	6.7078608	6.5462256	5652357
2021-02-24	6.5462256	6.5462256	6.869496	6.8290872	6870038
2021-02-25	6.7886784	6.7078608	6.869496	6.7482696	2997985
2021-03-01	6.6270432	6.5866344	6.7078608	6.7078608	1670180
2021-03-02	6.667452	6.667452	7.3139928	7.1523576	21484800
2021-03-03	7.1927664	7.07154	7.273584	7.1523576	7292594
2021-03-04	7.1119488	6.9907224	7.2331752	7.1927664	6394275
2021-03-05	7.1523576	7.1523576	8.1625776	8.1625776	38389905
2021-03-08	8.3242128	8.0413512	8.485848	8.3242128	18342662
2021-03-09	8.5666656	8.08176	9.6172944	8.7283008	39745179
2021-03-10	8.6474832	8.5666656	9.2132064	9.1323888	16431940
2021-03-11	9.1323888	8.8091184	9.3748416	9.2132064	13094796
2021-03-12	9.1323888	8.889936	9.2132064	9.1323888	5024276
2021-03-15	9.1323888	9.0515712	9.5364768	9.3748416	9088243
2021-03-16	9.3748416	9.294024	9.4556592	9.4556592	4942858
2021-03-17	9.5364768	9.4556592	10.4254704	10.3446528	20060358
2021-03-18	10.1830176	10.1830176	11.3952816	11.1528288	27980910
2021-03-19	11.0720112	10.9911936	11.9610048	11.9610048	13457464
2021-03-22	12.0418224	9.2132064	12.4459104	10.9911936	49868221
2021-03-23	10.9911936	10.3446528	11.1528288	10.7487408	19386989
2021-03-24	10.7487408	10.4254704	10.7487408	10.6679232	9538021
2021-03-25	10.7487408	10.3446528	10.7487408	10.3446528	7399378
2021-03-26	9.9405648	9.3748416	10.2638352	10.1022	29562991
2021-03-29	9.9405648	9.698112	10.6679232	10.6679232	15474228
2021-03-30	10.5871056	10.4254704	10.910376	10.8295584	9214205
2021-03-31	10.7487408	10.506288	10.8295584	10.506288	3147334
2021-04-01	10.5871056	10.506288	10.7487408	10.6679232	3970793
2021-04-02	10.7487408	10.2638352	10.7487408	10.506288	5086268
2021-04-05	10.5871056	10.1022	10.5871056	10.506288	4182504
2021-04-07	10.1830176	10.1022	10.4254704	10.3446528	5483830
2021-04-08	10.2638352	10.1830176	10.8295584	10.506288	7855838
2021-04-09	10.5871056	10.506288	11.3952816	11.0720112	29923927
2021-04-12	11.1528288	10.506288	11.2336464	10.5871056	14585808
2021-04-16	10.4254704	10.0213824	10.5871056	10.506288	9333363
2021-04-19	10.6679232	10.5871056	11.5569168	11.5569168	31919037
2021-04-20	11.6377344	11.1528288	12.12264	11.4760992	32990833
2021-04-21	11.3952816	11.314464	11.718552	11.4760992	9099626
2021-04-22	11.5569168	11.1528288	11.6377344	11.2336464	8362039
2021-04-23	11.2336464	10.9911936	11.6377344	11.314464	12926639
2021-04-26	11.2336464	11.1528288	11.5569168	11.4760992	10449209
2021-04-27	11.5569168	11.3952816	12.2842752	12.0418224	38015234
2021-04-28	12.0418224	11.6377344	12.930816	12.2034576	50268134
2021-04-29	12.2842752	12.0418224	12.4459104	12.2034576	6061056
2021-04-30	12.2034576	12.2034576	12.8499984	12.6883632	13242041
2021-05-05	12.8499984	12.3650928	12.8499984	12.3650928	7655634
2021-05-06	12.526728	12.4459104	12.8499984	12.7691808	12869597
2021-05-07	12.7691808	12.7691808	13.2540864	12.930816	13284977
2021-05-10	13.0116336	12.4459104	13.0116336	12.526728	9125982
2021-05-11	12.4459104	12.2842752	12.6883632	12.6075456	7905208
2021-05-12	12.526728	11.718552	12.6075456	11.8801872	23150402
2021-05-13	11.6377344	10.910376	12.0418224	11.7993696	18456994
2021-05-14	11.9610048	11.2336464	11.9610048	11.3952816	8810333
2021-05-17	11.2336464	10.910376	11.5569168	11.3952816	6525929
2021-05-18	11.4760992	11.4760992	12.12264	11.7993696	7728019
2021-05-19	11.8801872	11.4760992	11.9610048	11.6377344	7027553
2021-05-20	11.6377344	11.4760992	11.7993696	11.5569168	2854699
2021-05-21	11.3952816	11.3952816	11.718552	11.4760992	2597948
2021-05-24	11.4760992	11.2336464	11.5569168	11.2336464	4807244
2021-05-25	11.314464	11.314464	12.12264	11.7993696	15191740
2021-05-27	11.718552	11.6377344	12.0418224	11.7993696	4611248
2021-05-28	11.7993696	11.718552	12.526728	12.3650928	20182237
2021-05-31	12.6075456	11.9610048	12.6075456	12.0418224	12826908
2021-06-01	12.2034576	11.718552	12.2842752	11.7993696	9910465
2021-06-02	11.7993696	11.6377344	12.2034576	11.7993696	14381892
2021-06-04	11.7993696	11.314464	11.8801872	11.4760992	12900655
2021-06-07	11.5569168	10.9911936	11.718552	11.0720112	20139425
2021-06-08	11.0720112	10.910376	11.5569168	11.314464	12612228
2021-06-09	11.314464	11.2336464	11.4760992	11.2336464	3877249
2021-06-10	11.2336464	11.0720112	11.4760992	11.0720112	4897819
2021-06-11	11.1528288	10.9911936	11.314464	10.9911936	4619167
2021-06-14	10.9911936	10.910376	11.314464	10.910376	6327210
2021-06-15	11.0720112	9.9405648	11.0720112	10.2638352	21148611
2021-06-16	10.2638352	10.2638352	10.6679232	10.506288	9980128
2021-06-17	10.5871056	10.1830176	10.5871056	10.1830176	8219744
2021-06-18	10.1830176	9.9405648	10.2638352	10.1022	7208825
2021-06-21	9.9405648	9.7789296	10.1022	9.8597472	6972491
2021-06-22	10.0213824	9.698112	10.1022	9.698112	11541792
2021-06-23	9.698112	9.294024	9.7789296	9.294024	11240373
2021-06-24	9.3748416	8.8091184	9.3748416	9.0515712	11244209
2021-06-25	8.9707536	8.8091184	9.2132064	8.9707536	5695665
2021-06-28	8.889936	8.7283008	9.9405648	9.8597472	13844014
2021-06-29	9.8597472	9.6172944	9.8597472	9.698112	5941032
2021-06-30	9.7789296	9.1323888	9.9405648	9.1323888	14312476
2021-07-01	9.294024	9.1323888	9.5364768	9.294024	6796786
2021-07-02	9.4556592	8.8091184	9.4556592	8.889936	11582996
2021-07-05	8.889936	8.0413512	8.889936	8.3242128	32684712
2021-07-06	8.4050304	8.3242128	8.8091184	8.3242128	9657797
2021-07-07	8.3242128	8.2433952	8.4050304	8.2433952	4690686
2021-07-08	8.08176	8.08176	8.4050304	8.3242128	5524168
2021-07-09	8.1625776	8.08176	8.4050304	8.1625776	5446709
2021-07-12	8.1625776	8.1625776	8.889936	8.7283008	12557289
2021-07-13	8.7283008	8.6474832	9.0515712	8.889936	12465230
2021-07-14	8.889936	8.8091184	9.1323888	8.889936	6373611
2021-07-15	8.889936	8.7283008	8.9707536	8.8091184	4015709
2021-07-16	8.889936	8.6474832	8.889936	8.6474832	2986849
2021-07-19	8.485848	8.3242128	8.6474832	8.3242128	3711320
2021-07-20	8.4050304	8.1625776	8.6474832	8.4050304	6062540
2021-07-21	8.4050304	8.4050304	8.7283008	8.6474832	3883560
2021-07-22	8.7283008	8.485848	8.7283008	8.485848	2427812
2021-07-23	8.6474832	8.4050304	8.6474832	8.4050304	1572677
2021-07-27	8.485848	8.3242128	8.485848	8.3242128	3542545
2021-07-29	8.2433952	8.2433952	8.5666656	8.2433952	3042406
2021-07-30	8.2433952	7.9605336	8.2433952	8.0009424	7876873
2021-08-02	8.0009424	7.879716	8.08176	7.879716	3196209
2021-08-03	7.8393072	7.8393072	8.1625776	8.08176	3494907
2021-08-04	8.2433952	8.1625776	9.7789296	9.698112	31539912
2021-08-05	9.6172944	9.3748416	10.1022	9.5364768	23458504
2021-08-06	9.698112	9.5364768	10.2638352	10.2638352	35929797
2021-08-09	10.4254704	9.9405648	10.4254704	10.1022	19629635
2021-08-10	10.506288	10.3446528	10.8295584	10.506288	45251405
2021-08-11	10.4254704	10.0213824	10.4254704	10.0213824	16484033
2021-08-13	9.9405648	9.6172944	10.1830176	9.6172944	11506528
2021-08-16	9.6172944	9.2132064	9.7789296	9.6172944	7644374
2021-08-17	9.7789296	9.698112	10.1830176	9.9405648	10233167
2021-08-18	9.8597472	9.7789296	10.4254704	10.3446528	23049187
2021-08-19	10.2638352	10.1830176	10.4254704	10.1830176	8981830
2021-08-20	10.2638352	9.7789296	10.3446528	9.9405648	8062229
2021-08-23	10.1022	10.1022	10.5871056	10.2638352	19023207
2021-08-24	10.3446528	10.2638352	10.7487408	10.2638352	22463547
2021-08-25	10.3446528	10.2638352	10.506288	10.4254704	6158188
2021-08-26	10.4254704	10.2638352	10.5871056	10.3446528	6234780
2021-08-27	10.3446528	10.0213824	10.4254704	10.1022	7877615
2021-08-30	10.1830176	10.1022	10.2638352	10.1830176	2825250
2021-08-31	10.1830176	10.1022	10.5871056	10.5871056	14897373
2021-09-01	10.7487408	10.3446528	10.7487408	10.4254704	11729128
2021-09-02	10.506288	10.3446528	10.6679232	10.3446528	10474327
2021-09-03	10.4254704	10.2638352	10.5871056	10.4254704	7684217
2021-09-06	10.506288	10.1830176	10.5871056	10.3446528	8464987
2021-09-07	10.4254704	9.9405648	10.506288	10.0213824	9476772
2021-09-08	10.0213824	9.9405648	10.1830176	10.0213824	3626314
2021-09-09	10.0213824	10.0213824	10.506288	10.3446528	8633268
2021-09-10	10.4254704	10.1830176	10.4254704	10.2638352	3460632
2021-09-13	10.2638352	10.1022	10.3446528	10.1830176	2501187
2021-09-14	10.1830176	10.0213824	10.2638352	10.0213824	3714908
2021-09-15	10.1022	10.0213824	10.3446528	10.2638352	5800592
2021-09-16	10.2638352	10.1022	10.6679232	10.506288	21790798
2021-09-17	10.506288	10.1830176	10.506288	10.3446528	8503469
2021-09-20	10.2638352	9.8597472	10.3446528	9.8597472	10585565
2021-09-21	9.9405648	9.5364768	10.0213824	9.8597472	8976386
2021-09-22	9.9405648	9.698112	10.1022	9.9405648	3557269
2021-09-23	9.9405648	9.4556592	9.9405648	9.4556592	10276350
2021-09-27	9.3748416	8.889936	9.3748416	9.1323888	11431173
2021-09-28	9.2132064	9.0515712	9.3748416	9.1323888	2179846
2021-09-29	9.0515712	8.5666656	9.1323888	8.889936	12368964
2021-09-30	8.7283008	8.08176	8.8091184	8.3242128	25896339
2021-10-01	8.1625776	8.1625776	8.485848	8.4050304	5508453
2021-10-04	8.485848	8.4050304	8.6474832	8.485848	7307937
2021-10-05	8.5666656	8.0413512	8.6474832	8.3242128	15498233
2021-10-06	8.3242128	8.1625776	8.4050304	8.2433952	3392330
2021-10-07	8.4050304	8.3242128	8.6474832	8.4050304	6624918
2021-10-08	8.485848	8.3242128	8.5666656	8.3242128	2481885
2021-10-11	8.485848	8.2433952	8.485848	8.3242128	1259874
2021-10-12	8.3242128	8.08176	8.3242128	8.1625776	4641068
2021-10-14	8.08176	7.5160368	8.08176	7.5564456	35024054
2021-10-15	7.5564456	7.0311312	7.5564456	7.475628	33909569
2021-10-18	7.5160368	7.1927664	7.5160368	7.1927664	11796192
2021-10-19	7.2331752	7.2331752	7.4352192	7.3139928	6898744
2021-10-20	7.3139928	7.273584	7.3948104	7.3139928	1763848
2021-10-21	7.3544016	7.3139928	7.677672	7.5968544	9048400
2021-10-25	7.6372632	7.3948104	7.6372632	7.4352192	4106531
2021-10-26	7.4352192	7.3544016	7.5564456	7.3544016	3063936
2021-10-27	7.4352192	7.3139928	7.5160368	7.3544016	2508364
2021-10-28	7.4352192	7.3139928	7.4352192	7.3139928	1554859
2021-10-29	7.3139928	7.3139928	7.5564456	7.3139928	4672249
2021-11-01	7.3139928	7.2331752	7.4352192	7.273584	2987715
2021-11-02	7.273584	7.07154	7.3139928	7.1119488	3419180
2021-11-03	7.1119488	7.1119488	7.4352192	7.273584	5258755
2021-11-04	7.273584	7.273584	7.4352192	7.273584	5537531
2021-11-05	7.273584	7.07154	7.3139928	7.1523576	3996282
2021-11-08	7.273584	7.2331752	7.5160368	7.3948104	5689602
2021-11-09	7.4352192	7.1927664	7.4352192	7.3139928	3628170
2021-11-10	7.3544016	7.3544016	8.0413512	8.0009424	22101621
2021-11-11	8.0009424	7.5968544	8.0413512	7.6372632	15667626
2021-11-12	7.5968544	7.5564456	7.7180808	7.6372632	5620186
2021-11-15	7.6372632	7.6372632	8.3242128	8.1625776	16315010
2021-11-16	8.1625776	8.08176	8.4050304	8.2433952	6633951
2021-11-17	8.4050304	8.4050304	9.1323888	9.1323888	22217932
2021-11-18	8.9707536	8.889936	9.1323888	9.0515712	5108416
2021-11-19	9.0515712	8.485848	9.0515712	8.5666656	13543337
2021-11-22	8.5666656	8.5666656	8.9707536	8.889936	8993214
2021-11-23	8.889936	8.7283008	8.9707536	8.7283008	6659069
2021-11-24	8.7283008	8.7283008	9.294024	8.889936	13301929
2021-11-25	8.889936	8.8091184	9.1323888	8.9707536	7817851
2021-11-26	9.0515712	8.7283008	9.294024	8.7283008	12839530
2021-11-29	8.7283008	8.2433952	8.889936	8.2433952	9310966
2021-11-30	8.4050304	8.1625776	8.8091184	8.4050304	9150605
2021-12-01	8.485848	8.3242128	8.7283008	8.6474832	4441359
2021-12-02	8.5666656	8.3242128	8.6474832	8.4050304	2266214
2021-12-03	8.5666656	8.4050304	8.6474832	8.4050304	2503538
2021-12-07	8.485848	8.4050304	8.7283008	8.5666656	4577839
2021-12-08	8.485848	8.08176	8.485848	8.2433952	7644621
2021-12-09	8.3242128	8.1625776	8.485848	8.3242128	3218729
2021-12-13	8.3242128	8.2433952	8.485848	8.2433952	3358674
2021-12-14	8.1625776	8.08176	8.3242128	8.1625776	4085125
2021-12-15	8.08176	7.9201248	8.1625776	7.9201248	8952629
2021-12-16	8.0009424	8.0009424	8.3242128	8.2433952	7435756
2021-12-17	8.3242128	8.0009424	8.3242128	8.0413512	4888786
2021-12-20	8.0009424	7.8393072	8.1625776	7.879716	3901254
2021-12-21	8.0009424	7.8393072	8.0009424	7.8393072	3109099
2021-12-22	7.9201248	7.879716	8.08176	8.0009424	4328017
2021-12-23	8.0009424	7.8393072	8.0413512	7.879716	4121626
2021-12-24	7.879716	7.8393072	8.0009424	7.8393072	2065762
2021-12-27	7.8393072	7.7180808	7.9605336	7.7584896	3923526
2021-12-28	7.7988984	7.677672	7.8393072	7.7584896	2715002
2021-12-29	7.7988984	7.7988984	8.08176	7.9605336	6678124
2021-12-30	8.08176	8.0009424	8.2433952	8.0413512	7592034
2022-01-04	8.0413512	8.0413512	8.2433952	8.1625776	3709093
2022-01-05	8.1625776	8.1625776	8.2433952	8.2433952	4112718
2022-01-06	8.08176	7.879716	8.1625776	7.9201248	5081071
2022-01-07	7.9201248	7.8393072	8.1625776	8.08176	3364984
2022-01-10	8.0413512	8.0413512	8.8091184	8.7283008	18250603
2022-01-11	8.889936	8.485848	8.9707536	8.7283008	12379481
2022-01-12	8.889936	8.6474832	8.9707536	8.7283008	11345548
2022-01-13	8.8091184	8.7283008	9.7789296	9.5364768	45699204
2022-01-14	9.5364768	9.3748416	10.1022	9.7789296	24070128
2022-01-17	9.698112	9.4556592	9.7789296	9.6172944	7854353
2022-01-18	9.6172944	9.1323888	9.698112	9.2132064	12762814
2022-01-19	9.2132064	8.9707536	9.3748416	9.3748416	6772410
2022-01-20	9.294024	8.6474832	9.3748416	8.6474832	11182836
2022-01-21	8.485848	8.3242128	8.7283008	8.6474832	4974287
2022-01-24	8.6474832	8.6474832	9.0515712	8.8091184	7481538
2022-01-25	8.6474832	8.4050304	8.889936	8.8091184	9354892
2022-01-26	8.8091184	8.6474832	8.889936	8.8091184	3412870
2022-01-27	8.6474832	8.4050304	8.889936	8.7283008	7280221
2022-01-28	8.8091184	8.4050304	8.8091184	8.4050304	4781260
2022-01-31	8.485848	8.485848	8.8091184	8.6474832	2704980
2022-02-01	8.6474832	8.5666656	8.889936	8.6474832	3267233
2022-02-02	8.6474832	8.6474832	9.294024	9.2132064	10318297
2022-02-03	9.1323888	8.9707536	9.2132064	8.9707536	4832486
2022-02-04	8.9707536	8.9707536	9.294024	9.1323888	4284215
2022-02-07	9.1323888	8.6474832	9.2132064	8.7283008	11192487
2022-02-08	8.7283008	8.7283008	8.889936	8.7283008	2647690
2022-02-09	8.7283008	8.485848	8.889936	8.5666656	4715185
2022-02-10	8.485848	8.485848	8.9707536	8.6474832	7079398
2022-02-11	8.485848	8.3242128	8.6474832	8.4050304	6835887
2022-02-14	8.4050304	8.08176	8.485848	8.08176	11490937
2022-02-15	8.1625776	8.08176	8.485848	8.3242128	3526459
2022-02-17	8.2433952	8.2433952	8.485848	8.3242128	3365479
2022-02-18	8.3242128	8.1625776	8.3242128	8.1625776	1825963
2022-02-21	8.1625776	8.0413512	8.4050304	8.08176	5746891
2022-02-22	7.879716	7.5968544	7.879716	7.677672	10547455
2022-02-23	7.7584896	7.7584896	8.1625776	8.0413512	7157104
2022-02-24	7.9605336	7.677672	8.1625776	7.7988984	6408133
2022-02-25	7.879716	7.8393072	7.9605336	7.879716	2238126
2022-02-28	7.7988984	7.7584896	7.9201248	7.8393072	1082932
2022-03-01	7.8393072	7.7180808	7.9605336	7.8393072	3126917
2022-03-02	7.879716	7.5968544	7.879716	7.5968544	5322602
2022-03-03	7.6372632	7.3948104	7.677672	7.475628	5270634
2022-03-04	7.475628	7.4352192	7.7584896	7.5968544	6121686
2022-03-07	7.4352192	7.1523576	7.5160368	7.3139928	3968813
2022-03-08	7.3139928	6.7482696	7.3948104	6.9503136	7719110
2022-03-09	7.0311312	6.9099048	7.3139928	7.3139928	2495990
2022-03-10	7.3948104	7.2331752	7.475628	7.273584	3665785
2022-03-11	7.3139928	7.2331752	7.475628	7.3948104	4544059
2022-03-14	7.475628	7.3139928	7.6372632	7.3544016	6021831
2022-03-15	7.3544016	7.0311312	7.3948104	7.07154	12025103
2022-03-16	7.1119488	7.07154	7.273584	7.1523576	10394889
2022-03-17	7.273584	7.2331752	7.5968544	7.475628	18425936
2022-03-18	7.4352192	7.3544016	7.5160368	7.475628	5527261
2022-03-21	7.475628	7.3139928	7.5160368	7.3544016	4936919
2022-03-22	7.3544016	7.2331752	7.3544016	7.3139928	2037674
2022-03-23	7.3139928	7.3139928	7.475628	7.3948104	4867751
2022-03-24	7.3948104	7.3139928	7.7988984	7.7584896	22898972
2022-03-25	7.8393072	7.7584896	7.9605336	7.8393072	14197773
2022-03-28	7.879716	7.7584896	8.3242128	8.2433952	10756072
2022-03-29	8.2433952	8.08176	8.4050304	8.1625776	9007196
2022-03-30	8.3242128	8.1625776	8.5666656	8.2433952	8199204
2022-03-31	8.2433952	8.1625776	8.4050304	8.2433952	4125462
2022-04-01	8.1625776	8.1625776	8.6474832	8.4050304	12202168
2022-04-04	8.4050304	8.2433952	8.485848	8.3242128	4627333
2022-04-05	8.4050304	8.2433952	8.485848	8.3242128	4958325
2022-04-07	8.2433952	8.0009424	8.2433952	8.08176	4769753
2022-04-08	8.08176	8.0413512	8.3242128	8.1625776	5703708
2022-04-11	8.1625776	8.08176	8.4050304	8.2433952	4527850
2022-04-12	8.2433952	8.2433952	8.8091184	8.6474832	17335085
2022-04-18	9.0515712	8.8091184	9.2132064	8.889936	26818044
2022-04-19	8.889936	8.6474832	8.889936	8.7283008	9392013
2022-04-20	8.7283008	8.6474832	8.9707536	8.8091184	9604962
2022-04-21	8.9707536	8.8091184	9.294024	8.8091184	16903248
2022-04-22	8.8091184	8.7283008	8.9707536	8.8091184	7019510
2022-04-25	8.6474832	8.1625776	8.7283008	8.2433952	15205969
2022-04-26	8.3242128	8.08176	8.5666656	8.2433952	9745401
2022-04-27	8.2433952	8.1625776	8.6474832	8.5666656	13979009
2022-04-28	8.05	8.05	8.4	8.35	10894800
2022-04-29	8.4	8.15	8.4	8.15	2791400
2022-05-03	8.1	7.6	8.15	7.7	6388400
2022-05-05	7.8	7.4	7.85	7.45	4324800
2022-05-06	7.2	7.15	7.6	7.4	2730700
2022-05-09	7.3	7.1	7.3	7.1	3444300
2022-05-10	7.15	7.05	7.5	7.3	5166100
2022-05-11	7.3	6.85	7.3	6.95	7660100
2022-05-12	6.9	6.6	6.95	6.65	8554400
2022-05-13	6.75	6.4	6.85	6.45	2538300
2022-05-17	6.45	6.15	6.6	6.35	5685000
2022-05-18	6.4	6.35	6.75	6.7	7179300
2022-05-19	6.4	6.4	6.95	6.9	4933700
2022-05-20	6.85	6.8	7.05	6.95	3705900
2022-05-23	7.0	6.8	7.0	6.85	1087500
2022-05-24	6.85	6.8	7.05	6.8	1956300
2022-05-25	6.85	6.8	7.0	6.85	1691000
2022-05-26	6.9	6.8	7.15	7.1	3724900
2022-05-27	7.15	6.95	7.25	6.95	2085100
2022-05-30	6.95	6.95	7.1	6.95	1674600
2022-05-31	6.95	6.85	7.05	6.85	1570100
2022-06-01	6.85	6.8	6.9	6.8	2892700
2022-06-02	6.8	6.55	6.85	6.55	2185700
2022-06-06	6.55	6.25	6.6	6.45	3048100
2022-06-07	6.5	6.35	6.55	6.45	1495400
2022-06-08	6.45	6.45	6.65	6.45	1529100
2022-06-09	6.5	6.4	6.55	6.45	1099100
2022-06-10	6.4	6.35	6.6	6.45	2614300
2022-06-13	6.35	6.15	6.4	6.25	2313400
2022-06-14	6.2	5.9	6.3	6.0	3086000
2022-06-15	6.0	5.7	6.1	5.8	2858200
2022-06-16	5.85	5.65	6.05	5.7	1257700
2022-06-17	5.7	5.6	5.8	5.8	1289300
2022-06-20	5.8	5.55	5.8	5.7	1535400
2022-06-21	5.75	5.4	5.75	5.6	4068600
2022-06-22	5.3	5.15	5.45	5.4	8606500
2022-06-23	5.45	4.8	5.5	5.3	35361900
2022-06-24	5.3	4.96	5.3	5.05	9373800
2022-06-27	5.1	4.98	5.3	5.05	11119200
2022-06-28	5.05	5.05	5.2	5.05	4264200
2022-06-29	5.1	4.98	5.15	5.0	4256400
2022-06-30	5.05	4.84	5.05	4.86	6330800
2022-07-01	4.9	4.8	4.92	4.9	2712500
2022-07-04	4.9	4.56	4.9	4.6	5889000
2022-07-05	4.64	4.36	4.68	4.38	7130500
2022-07-06	4.4	4.38	4.62	4.52	8502500
2022-07-07	4.52	4.5	4.74	4.66	5813100
2022-07-08	4.72	4.48	4.72	4.52	4137700
2022-07-11	4.52	4.44	4.56	4.5	5364800
2022-07-12	4.52	4.38	4.56	4.38	7518000
2022-07-14	4.4	4.32	4.5	4.38	5066300
2022-07-15	4.4	4.26	4.42	4.34	2332400
2022-07-18	4.36	4.36	4.52	4.46	3579300
2022-07-19	4.46	4.34	4.46	4.36	2321000
2022-07-20	4.46	4.42	4.6	4.46	8811100
2022-07-21	4.46	4.42	4.56	4.48	5350000
2022-07-22	4.52	4.48	4.58	4.52	3839400
2022-07-25	4.52	4.42	4.66	4.6	19065200
2022-07-26	4.62	4.56	4.86	4.64	29921500
2022-07-27	4.64	4.54	4.74	4.62	10717600
2022-08-01	4.68	4.66	4.76	4.7	9299000
2022-08-02	4.66	4.64	4.78	4.66	8818500
2022-08-03	4.66	4.66	4.8	4.72	10533500
2022-08-04	4.74	4.74	5.3	5.25	39993500
2022-08-05	5.25	5.1	5.35	5.15	13700500
2022-08-08	5.2	5.05	5.3	5.2	11026900
2022-08-09	4.96	4.78	5.05	4.8	39658200
2022-08-10	4.6	4.46	4.66	4.46	23550400
2022-08-11	4.52	4.42	4.54	4.44	12317100
2022-08-15	4.48	4.42	4.54	4.48	7200700
2022-08-16	4.48	4.48	4.64	4.52	12948300
2022-08-17	4.54	4.54	4.7	4.62	11132600
2022-08-18	4.6	4.5	4.62	4.54	6775000
2022-08-19	4.54	4.44	4.6	4.48	8340500
2022-08-22	4.48	4.36	4.48	4.4	4296500
2022-08-23	4.4	4.36	4.48	4.42	4520400
2022-08-24	4.42	4.36	4.44	4.38	3399900
2022-08-25	4.4	4.38	4.44	4.44	3546100
2022-08-26	4.46	4.38	4.48	4.38	2946600
2022-08-29	4.32	4.24	4.36	4.26	7663100
2022-08-30	4.26	4.02	4.32	4.08	13423100
2022-08-31	4.02	4.02	4.18	4.08	7096500
2022-09-01	4.1	3.92	4.12	3.96	8666500
2022-09-02	4.0	3.96	4.1	4.06	3936800
2022-09-05	4.1	4.04	4.24	4.22	9621200
2022-09-06	4.2	4.16	4.24	4.18	4716500
2022-09-07	4.18	4.16	4.2	4.18	2059200
2022-09-08	4.2	4.18	4.36	4.18	8027900
2022-09-09	4.2	4.16	4.24	4.22	2313800
2022-09-12	4.22	4.22	4.42	4.38	7949200
2022-09-13	4.42	4.34	4.44	4.38	3711000
2022-09-14	4.28	4.28	4.38	4.38	3732800
2022-09-15	4.4	4.26	4.4	4.3	2185500
2022-09-16	4.32	4.12	4.32	4.12	5995000
2022-09-19	4.1	4.04	4.16	4.06	3215000
2022-09-20	4.1	4.06	4.14	4.06	2407400
2022-09-21	4.1	3.98	4.1	4.0	3446000
2022-09-22	4.02	3.98	4.08	4.04	3185900
2022-09-23	4.06	3.96	4.08	3.98	4550600
2022-09-26	4.0	3.9	4.0	3.9	3149100
2022-09-27	3.84	3.74	3.92	3.74	4762300
2022-09-28	3.7	3.62	3.8	3.74	2968700
2022-09-29	3.8	3.54	3.84	3.56	5319800
2022-09-30	3.6	3.42	3.82	3.64	10574500
2022-10-03	3.64	3.46	3.66	3.46	3011600
2022-10-04	3.52	3.44	3.56	3.44	2049100
2022-10-05	3.46	3.32	3.48	3.32	3911400
2022-10-06	3.38	3.36	3.58	3.44	12573800
2022-10-07	3.5	3.28	3.5	3.32	5583000
2022-10-10	3.32	3.18	3.34	3.22	5237800
2022-10-11	3.26	3.2	3.32	3.2	3033800
2022-10-12	3.24	3.2	3.26	3.26	1388900
2022-10-17	3.26	3.06	3.28	3.12	5033100
2022-10-18	3.16	3.16	3.32	3.26	4028600
2022-10-19	3.3	3.26	3.34	3.28	1635600
2022-10-20	3.3	3.16	3.3	3.22	2826800
2022-10-21	3.2	3.18	3.26	3.2	494900
2022-10-25	3.22	3.1	3.22	3.12	2243600
2022-10-26	3.12	3.12	3.24	3.2	2118100
2022-10-27	3.16	3.16	3.3	3.28	1996200
2022-10-28	3.26	3.2	3.36	3.24	2830500
2022-10-31	3.3	3.24	3.32	3.24	1085000
2022-11-01	3.3	3.28	3.38	3.34	1707100
2022-11-02	3.38	3.28	3.4	3.28	1676300
2022-11-03	3.3	3.18	3.3	3.2	3850100
2022-11-04	3.22	3.2	3.32	3.26	3693100
2022-11-07	3.3	3.24	3.38	3.26	4224000
2022-11-08	3.28	3.26	3.34	3.32	1417500
2022-11-09	3.3	3.08	3.32	3.1	8479100
2022-11-10	3.1	3.02	3.14	3.08	5987200
2022-11-11	3.16	3.1	3.18	3.16	5137600
2022-11-14	3.14	3.02	3.16	3.08	4254600
2022-11-15	3.06	3.06	3.22	3.22	3670400
2022-11-16	3.24	3.14	3.24	3.16	1853600
2022-11-17	3.18	3.08	3.18	3.08	2574000
2022-11-18	3.1	3.06	3.14	3.08	2129100
2022-11-21	3.08	3.08	3.18	3.12	1453700
2022-11-22	3.12	3.06	3.2	3.06	1977400
2022-11-23	3.08	2.88	3.08	2.92	9323600
2022-11-24	2.92	2.88	3.0	2.92	4553200
2022-11-25	2.92	2.92	2.98	2.92	2204800
2022-11-28	2.94	2.74	2.94	2.76	7243400
2022-11-29	2.76	2.76	2.86	2.82	3040500
2022-11-30	2.84	2.84	2.94	2.88	2321200
2022-12-01	2.94	2.92	3.08	3.04	6215200
2022-12-02	3.08	3.08	3.84	3.72	116647600
2022-12-06	3.9	3.48	3.98	3.56	66916800
2022-12-07	3.52	3.42	3.8	3.78	35349300
2022-12-08	3.74	3.6	3.82	3.8	35847900
2022-12-09	3.78	3.72	3.88	3.74	13696100
2022-12-13	3.74	3.42	3.74	3.44	22706400
2022-12-14	3.5	3.44	3.6	3.46	25831800
2022-12-15	3.46	3.2	3.48	3.22	15927800
2022-12-16	3.2	3.1	3.26	3.14	9819200
2022-12-19	3.16	3.08	3.26	3.2	4658100
2022-12-20	3.2	3.08	3.2	3.14	5863500
2022-12-21	3.1	3.08	3.16	3.08	3714000
2022-12-22	3.1	3.08	3.2	3.1	4494900
2022-12-23	3.08	3.02	3.1	3.04	3882700
2022-12-26	3.04	3.04	3.1	3.06	1353200
2022-12-27	3.08	3.08	3.18	3.16	4749500
2022-12-28	3.18	3.16	3.4	3.34	31819800
2022-12-29	3.26	3.14	3.32	3.18	21753400
2022-12-30	3.22	3.16	3.24	3.18	9432200
