Date	Price Open	Price Low	Price High	Price Close	Volume
2014-11-11	5.1875046	5.1875046	5.1875046	5.1875046	8673200.0
2014-11-12	5.9560238	5.763894	6.724543	5.90799135	164935200.0
2014-11-13	6.4363483	5.1875046	6.48438075	5.23553705	65341100.0
2014-11-14	5.04340725	4.7071801	5.0914397	4.7071801	22684200.0
2014-11-17	4.7071801	4.24606858	4.72639308	4.26528156	10071300.0
2014-11-18	4.34213348	4.3229205	4.68796712	4.34213348	14421000.0
2014-11-19	4.36134646	4.18842964	4.38055944	4.20764262	4877600.0
2014-11-20	4.15000368	3.78495706	4.18842964	3.82338302	9022000.0
2014-11-21	3.90023494	3.61204024	4.09236474	3.66967918	10513900.0
2014-11-24	3.66967918	3.2662066	3.68889216	3.28541958	7768600.0
2014-11-25	3.34305852	3.24699362	3.53518832	3.32384554	12274100.0
2014-11-26	3.38148448	3.2662066	3.51597534	3.30463256	5125500.0
2014-11-27	3.38148448	3.30463256	3.5544013	3.38148448	16551700.0
2014-11-28	3.38148448	3.3622715	3.70810514	3.59282726	30554500.0
2014-12-01	3.7465311	3.63125322	4.63032818	4.3229205	310140500.0
2014-12-02	4.2268556	4.1307907	5.04340725	4.18842964	244604800.0
2014-12-03	4.3229205	4.16921666	4.68796712	4.20764262	91098600.0
2014-12-04	4.43819838	4.0347258	4.45741136	4.07315176	36222200.0
2014-12-08	3.95787388	3.5544013	3.95787388	3.57361428	8758700.0
2014-12-09	3.59282726	3.43912342	3.6504662	3.51597534	5974300.0
2014-12-11	3.51597534	3.2662066	3.51597534	3.30463256	4749800.0
2014-12-12	3.30463256	3.24699362	3.40069746	3.24699362	2987800.0
2014-12-15	3.13171574	2.4976874	3.15092872	2.7858821	3888400.0
2014-12-16	2.76666912	2.65139124	3.13171574	3.03565084	2673100.0
2014-12-17	3.03565084	3.01643786	3.2662066	3.11250276	2491200.0
2014-12-18	3.20856766	3.15092872	3.34305852	3.32384554	2901800.0
2014-12-19	3.3622715	3.1701417	3.3622715	3.18935468	1992200.0
2014-12-22	3.18935468	3.18935468	3.49676236	3.3622715	7817800.0
2014-12-23	3.3622715	3.28541958	3.40069746	3.32384554	1700400.0
2014-12-24	3.34305852	3.13171574	3.3622715	3.15092872	1726200.0
2014-12-25	3.20856766	3.0740768	3.20856766	3.09328978	978500.0
2014-12-26	3.09328978	3.09328978	3.18935468	3.13171574	760200.0
2014-12-29	3.09328978	3.09328978	3.15092872	3.13171574	394700.0
2014-12-30	3.15092872	3.0740768	3.1701417	3.13171574	416000.0
2015-01-05	3.0740768	3.0740768	3.1701417	3.13171574	607600.0
2015-01-06	3.15092872	3.13171574	3.30463256	3.2662066	3309900.0
2015-01-07	3.40069746	3.32384554	3.47754938	3.40069746	4193700.0
2015-01-08	3.40069746	3.40069746	3.57361428	3.57361428	5185800.0
2015-01-09	3.61204024	3.4583364	3.61204024	3.51597534	3254900.0
2015-01-12	3.53518832	3.51597534	4.0347258	4.0347258	14352900.0
2015-01-13	3.99629984	3.86180898	4.2268556	4.2268556	16285700.0
2015-01-14	4.3229205	3.97708686	4.53426328	4.20764262	31930500.0
2015-01-15	4.1307907	4.11157772	4.30370752	4.2268556	6593200.0
2015-01-16	4.16921666	4.05393878	4.2268556	4.07315176	3234300.0
2015-01-19	4.09236474	3.88102196	4.15000368	3.88102196	7274800.0
2015-01-20	3.91944792	3.66967918	3.97708686	3.72731812	5298900.0
2015-01-21	3.78495706	3.72731812	4.43819838	4.15000368	78727200.0
2015-01-22	4.2268556	4.18842964	4.68796712	4.28449454	122432700.0
2015-01-23	4.4189854	3.95787388	4.64954116	3.95787388	42149600.0
2015-01-26	3.88102196	3.70810514	3.95787388	3.7465311	4612500.0
2015-01-27	3.72731812	3.68889216	3.82338302	3.68889216	3600600.0
2015-01-28	3.68889216	3.63125322	3.80417004	3.70810514	2722300.0
2015-01-29	3.72731812	3.6504662	3.72731812	3.66967918	1428800.0
2015-01-30	3.66967918	3.66967918	3.76574408	3.76574408	1444600.0
2015-02-02	3.76574408	3.72731812	4.1307907	4.1307907	9261800.0
2015-02-03	4.18842964	3.99629984	4.20764262	4.05393878	5037000.0
2015-02-04	4.0347258	3.7465311	4.09236474	3.80417004	5095100.0
2015-02-05	3.80417004	3.80417004	3.90023494	3.88102196	1163000.0
2015-02-06	3.9386609	3.86180898	3.9386609	3.90023494	1313600.0
2015-02-09	3.90023494	3.76574408	3.90023494	3.80417004	1364000.0
2015-02-10	3.88102196	3.72731812	3.88102196	3.80417004	1568500.0
2015-02-11	3.76574408	3.70810514	3.82338302	3.7465311	1555400.0
2015-02-12	3.76574408	3.7465311	3.80417004	3.78495706	739200.0
2015-02-13	3.82338302	3.78495706	3.95787388	3.90023494	3727000.0
2015-02-16	3.95787388	3.842596	3.95787388	3.842596	1209100.0
2015-02-17	3.842596	3.72731812	3.842596	3.72731812	1272700.0
2015-02-18	3.72731812	3.70810514	3.80417004	3.76574408	594400.0
2015-02-19	3.82338302	3.70810514	3.82338302	3.7465311	1058000.0
2015-02-20	3.76574408	3.70810514	3.78495706	3.72731812	873400.0
2015-02-23	3.72731812	3.72731812	3.91944792	3.842596	2285900.0
2015-02-24	3.90023494	3.80417004	3.9386609	3.80417004	2194300.0
2015-02-25	3.78495706	3.78495706	3.90023494	3.86180898	2156200.0
2015-02-26	3.90023494	3.842596	4.3229205	4.3229205	25646700.0
2015-02-27	4.20764262	4.15000368	4.38055944	4.26528156	10146500.0
2015-03-02	4.34213348	4.16921666	4.45741136	4.4189854	15435000.0
2015-03-03	4.43819838	3.82338302	4.43819838	3.842596	12349900.0
2015-03-05	3.86180898	3.7465311	3.95787388	3.88102196	2955700.0
2015-03-06	3.88102196	3.86180898	3.9386609	3.91944792	994900.0
2015-03-09	3.95787388	3.90023494	4.05393878	3.9386609	6429300.0
2015-03-10	3.97708686	3.82338302	4.01551282	3.82338302	3014300.0
2015-03-11	3.842596	3.80417004	4.07315176	4.01551282	8179900.0
2015-03-12	4.01551282	3.90023494	4.16921666	4.07315176	6240200.0
2015-03-13	4.18842964	3.91944792	4.4189854	3.99629984	35529400.0
2015-03-16	3.97708686	3.82338302	3.99629984	3.842596	6028100.0
2015-03-17	3.86180898	3.72731812	3.91944792	3.7465311	3923400.0
2015-03-18	3.70810514	3.70810514	3.95787388	3.842596	4711300.0
2015-03-19	3.88102196	3.76574408	3.91944792	3.76574408	1820400.0
2015-03-20	3.842596	3.72731812	3.842596	3.76574408	1254700.0
2015-03-23	3.7465311	3.5544013	3.82338302	3.5544013	2431200.0
2015-03-24	3.5544013	3.3622715	3.5544013	3.38148448	1765300.0
2015-03-25	3.4583364	3.3622715	3.51597534	3.40069746	718000.0
2015-03-26	3.38148448	3.3622715	3.47754938	3.38148448	645200.0
2015-03-27	3.32384554	3.2662066	3.34305852	3.30463256	797000.0
2015-03-30	3.28541958	3.28541958	3.38148448	3.32384554	545800.0
2015-03-31	3.38148448	3.3622715	3.70810514	3.6504662	9010600.0
2015-04-01	3.53518832	3.51597534	3.6504662	3.57361428	4784700.0
2015-04-02	3.61204024	3.59282726	3.80417004	3.59282726	5921000.0
2015-04-03	3.6504662	3.57361428	3.6504662	3.59282726	905400.0
2015-04-07	3.61204024	3.59282726	3.66967918	3.59282726	707800.0
2015-04-08	3.59282726	3.59282726	3.76574408	3.61204024	3313500.0
2015-04-09	3.63125322	3.51597534	3.6504662	3.57361428	1398600.0
2015-04-10	3.57361428	3.5544013	3.72731812	3.63125322	2612600.0
2015-04-16	3.6504662	3.59282726	3.6504662	3.61204024	621900.0
2015-04-17	3.6504662	3.59282726	3.66967918	3.63125322	3094700.0
2015-04-20	3.61204024	3.53518832	3.6504662	3.53518832	834400.0
2015-04-21	3.5544013	3.5544013	3.59282726	3.59282726	464700.0
2015-04-22	3.63125322	3.57361428	3.70810514	3.57361428	3003000.0
2015-04-23	3.57361428	3.53518832	3.61204024	3.53518832	915900.0
2015-04-24	3.53518832	3.53518832	3.57361428	3.53518832	665000.0
2015-04-27	3.5544013	3.4583364	3.57361428	3.4583364	555700.0
2015-04-28	3.4583364	3.32384554	3.51597534	3.3622715	1566600.0
2015-04-29	3.34305852	3.2662066	3.38148448	3.28541958	650200.0
2015-04-30	3.28541958	3.22778064	3.28541958	3.2662066	503300.0
2015-05-06	3.24699362	3.11250276	3.24699362	3.11250276	483900.0
2015-05-07	3.03565084	2.93958594	3.0740768	2.9780119	1007400.0
2015-05-08	2.9780119	2.881947	2.9780119	2.92037296	561600.0
2015-05-11	2.9780119	2.881947	2.99722488	2.881947	226200.0
2015-05-12	2.92037296	2.5937523	2.92037296	2.76666912	515000.0
2015-05-13	2.70903018	2.70903018	2.82430806	2.7858821	249500.0
2015-05-14	2.92037296	2.80509508	2.92037296	2.82430806	416500.0
2015-05-15	2.82430806	2.76666912	2.86273402	2.86273402	239700.0
2015-05-18	2.76666912	2.76666912	2.881947	2.80509508	162200.0
2015-05-19	2.76666912	2.76666912	2.881947	2.86273402	202200.0
2015-05-20	2.881947	2.881947	3.22778064	3.20856766	6389400.0
2015-05-21	3.15092872	3.0740768	3.15092872	3.13171574	1199500.0
2015-05-22	3.20856766	3.11250276	3.20856766	3.13171574	1030500.0
2015-05-25	3.15092872	2.93958594	3.15092872	2.95879892	661800.0
2015-05-26	2.90115998	2.90115998	3.01643786	2.92037296	544200.0
2015-05-27	2.90115998	2.90115998	2.9780119	2.93958594	362900.0
2015-05-28	2.93958594	2.90115998	2.95879892	2.90115998	125400.0
2015-05-29	2.92037296	2.90115998	2.93958594	2.93958594	257400.0
2015-06-02	2.92037296	2.84352104	2.92037296	2.84352104	185400.0
2015-06-03	2.80509508	2.80509508	2.881947	2.881947	165600.0
2015-06-04	2.881947	2.881947	3.09328978	2.95879892	1744400.0
2015-06-05	2.95879892	2.92037296	3.03565084	2.93958594	358900.0
2015-06-08	2.92037296	2.90115998	2.95879892	2.92037296	87900.0
2015-06-09	2.93958594	2.90115998	2.93958594	2.90115998	59200.0
2015-06-10	2.92037296	2.90115998	3.03565084	3.03565084	1015400.0
2015-06-11	3.0740768	2.95879892	3.18935468	2.95879892	5139200.0
2015-06-12	2.99722488	2.93958594	3.01643786	2.93958594	726500.0
2015-06-15	2.93958594	2.881947	2.93958594	2.90115998	397100.0
2015-06-16	2.90115998	2.90115998	3.05486382	2.93958594	1508600.0
2015-06-17	2.9780119	2.92037296	2.9780119	2.95879892	555500.0
2015-06-18	2.95879892	2.93958594	3.01643786	2.93958594	863100.0
2015-06-19	2.93958594	2.90115998	2.9780119	2.92037296	485800.0
2015-06-22	2.92037296	2.90115998	2.9780119	2.93958594	176900.0
2015-06-23	2.93958594	2.90115998	2.9780119	2.95879892	698500.0
2015-06-24	2.95879892	2.92037296	2.9780119	2.92037296	336500.0
2015-06-25	2.92037296	2.92037296	2.95879892	2.92037296	281200.0
2015-06-26	2.93958594	2.92037296	2.95879892	2.92037296	192200.0
2015-06-29	2.86273402	2.86273402	2.90115998	2.86273402	453900.0
2015-06-30	2.881947	2.84352104	2.881947	2.86273402	143500.0
2015-07-02	2.881947	2.72824316	2.881947	2.7858821	945100.0
2015-07-03	2.7858821	2.67060422	2.7858821	2.6898172	576000.0
2015-07-06	2.6898172	2.61296528	2.70903018	2.61296528	588700.0
2015-07-07	2.5937523	2.5937523	2.65139124	2.61296528	453100.0
2015-07-08	2.63217826	2.61296528	2.86273402	2.74745614	5215000.0
2015-07-09	2.7858821	2.67060422	2.7858821	2.6898172	1211200.0
2015-07-10	2.70903018	2.65139124	2.76666912	2.67060422	591900.0
2015-07-13	2.65139124	2.65139124	2.6898172	2.67060422	368200.0
2015-07-14	2.67060422	2.65139124	3.05486382	2.90115998	18488600.0
2015-07-15	2.95879892	2.82430806	3.18935468	2.86273402	27548300.0
2015-07-16	2.80509508	2.67060422	2.80509508	2.67060422	5849000.0
2015-07-17	2.6898172	2.67060422	2.84352104	2.72824316	6981900.0
2015-07-20	2.72824316	2.5937523	2.72824316	2.61296528	2375400.0
2015-07-21	2.63217826	2.38240952	2.63217826	2.42083548	2730800.0
2015-07-22	2.38240952	2.3055576	2.57453932	2.4016225	4527400.0
2015-07-23	2.44004846	2.38240952	2.47847442	2.38240952	651700.0
2015-07-24	2.38240952	2.3055576	2.38240952	2.34398356	704200.0
2015-07-27	2.36319654	2.15185376	2.36319654	2.15185376	1289600.0
2015-07-28	2.19027972	2.1134278	2.28634462	2.1134278	2071200.0
2015-07-29	2.13264078	2.09421482	2.17106674	2.1134278	413600.0
2015-07-31	2.13264078	2.07500184	2.17106674	2.17106674	390600.0
2015-08-03	2.17106674	2.17106674	2.28634462	2.19027972	1053200.0
2015-08-04	2.19027972	2.19027972	2.4976874	2.4016225	5608000.0
2015-08-05	2.45926144	2.32477058	2.45926144	2.32477058	725200.0
2015-08-06	2.3055576	2.22870568	2.32477058	2.22870568	674700.0
2015-08-07	2.26713164	2.24791866	2.3055576	2.26713164	191500.0
2015-08-10	2.32477058	2.24791866	2.32477058	2.24791866	435700.0
2015-08-11	2.24791866	2.15185376	2.42083548	2.17106674	5312700.0
2015-08-13	2.07500184	1.921298	2.19027972	2.0173629	2748600.0
2015-08-14	2.03657588	1.921298	2.03657588	1.94051098	1192500.0
2015-08-17	1.94051098	1.94051098	1.99814992	1.94051098	886200.0
2015-08-18	1.87326555	1.77720065	1.90208502	1.78680714	2127800.0
2015-08-19	1.80602012	1.76759416	1.86365906	1.81562661	1370100.0
2015-08-20	1.81562661	1.81562661	2.03657588	1.97893694	8755800.0
2015-08-21	2.07500184	2.03657588	2.38240952	2.03657588	32676200.0
2015-08-24	1.921298	1.78680714	1.97893694	1.79641363	5303100.0
2015-08-25	1.84444608	1.73877469	1.94051098	1.8252331	2386200.0
2015-08-26	1.8252331	1.8252331	2.13264078	1.921298	19974100.0
2015-08-27	1.99814992	1.921298	2.0173629	1.921298	3713100.0
2015-08-28	1.97893694	1.921298	2.24791866	1.97893694	32462500.0
2015-08-31	2.0173629	1.99814992	2.1134278	2.07500184	7938800.0
2015-09-01	2.1134278	2.0173629	2.3055576	2.03657588	30950600.0
2015-09-02	2.07500184	2.05578886	2.24791866	2.17106674	13901800.0
2015-09-03	2.2094927	2.1134278	2.24791866	2.13264078	6490000.0
2015-09-04	2.13264078	2.05578886	2.22870568	2.1134278	4248300.0
2015-09-07	2.1134278	2.09421482	2.15185376	2.13264078	1349700.0
2015-09-08	2.15185376	2.13264078	2.22870568	2.19027972	6141700.0
2015-09-09	2.24791866	2.17106674	2.24791866	2.17106674	4585200.0
2015-09-10	2.17106674	2.13264078	2.19027972	2.15185376	1152500.0
2015-09-11	2.17106674	2.07500184	2.24791866	2.1134278	5988500.0
2015-09-14	2.09421482	2.03657588	2.1134278	2.05578886	2822600.0
2015-09-15	2.05578886	2.05578886	2.24791866	2.24791866	27421600.0
2015-09-16	2.28634462	2.1134278	2.3055576	2.13264078	19132700.0
2015-09-17	2.15185376	2.1134278	2.19027972	2.1134278	2774300.0
2015-09-18	2.1134278	2.09421482	2.17106674	2.09421482	1857500.0
2015-09-21	2.09421482	2.07500184	2.13264078	2.1134278	1134400.0
2015-09-22	2.1134278	2.05578886	2.1134278	2.05578886	1376500.0
2015-09-23	2.05578886	2.0173629	2.07500184	2.03657588	1178400.0
2015-09-24	2.05578886	1.97893694	2.05578886	1.99814992	1185000.0
2015-09-25	1.99814992	1.99814992	2.09421482	2.0173629	1946600.0
2015-09-28	2.0173629	1.95972396	2.03657588	1.97893694	946000.0
2015-09-29	1.94051098	1.921298	1.99814992	1.97893694	427500.0
2015-09-30	1.99814992	1.97893694	2.05578886	1.97893694	911900.0
2015-10-01	1.97893694	1.921298	2.0173629	1.921298	1066000.0
2015-10-02	1.921298	1.91169151	1.97893694	1.91169151	521200.0
2015-10-05	1.95972396	1.921298	1.97893694	1.97893694	378700.0
2015-10-06	1.99814992	1.94051098	1.99814992	1.94051098	644800.0
2015-10-07	1.94051098	1.94051098	2.0173629	1.97893694	732300.0
2015-10-08	1.99814992	1.95972396	2.0173629	1.95972396	218900.0
2015-10-09	1.99814992	1.97893694	2.0173629	1.97893694	561900.0
2015-10-12	1.99814992	1.97893694	2.0173629	1.97893694	344600.0
2015-10-13	1.99814992	1.97893694	2.1134278	2.07500184	4448100.0
2015-10-14	2.05578886	1.99814992	2.05578886	1.99814992	1452500.0
2015-10-15	2.0173629	1.99814992	2.03657588	2.0173629	705200.0
2015-10-16	2.0173629	1.97893694	2.07500184	1.97893694	991200.0
2015-10-19	1.99814992	1.97893694	2.03657588	1.97893694	352600.0
2015-10-20	1.99814992	1.97893694	2.05578886	1.99814992	1542100.0
2015-10-21	2.0173629	2.0173629	2.13264078	2.05578886	9162500.0
2015-10-22	2.07500184	2.0173629	2.07500184	2.0173629	1874000.0
2015-10-26	2.03657588	2.03657588	2.05578886	2.03657588	625100.0
2015-10-27	2.03657588	2.0173629	2.1134278	2.05578886	1677300.0
2015-10-28	2.09421482	2.03657588	2.17106674	2.05578886	5610000.0
2015-10-29	2.07500184	2.05578886	2.2094927	2.19027972	9359900.0
2015-10-30	2.19027972	2.19027972	2.4016225	2.38240952	26332100.0
2015-11-02	2.47847442	2.47847442	3.05486382	2.90115998	76670800.0
2015-11-03	2.70903018	2.4976874	2.72824316	2.67060422	15993000.0
2015-11-04	2.6898172	2.61296528	2.76666912	2.67060422	4289200.0
2015-11-05	2.67060422	2.5937523	2.67060422	2.5937523	2644900.0
2015-11-06	2.53611336	2.4016225	2.5937523	2.45926144	4184200.0
2015-11-09	2.4976874	2.4016225	2.4976874	2.42083548	1760800.0
2015-11-10	2.42083548	2.3055576	2.42083548	2.34398356	2266100.0
2015-11-11	2.36319654	2.36319654	2.51690038	2.51690038	2768100.0
2015-11-12	2.57453932	2.4016225	2.65139124	2.4976874	7829800.0
2015-11-13	2.44004846	2.4016225	2.45926144	2.45926144	854100.0
2015-11-16	2.42083548	2.4016225	2.57453932	2.53611336	2204800.0
2015-11-17	2.5937523	2.51690038	2.5937523	2.51690038	692100.0
2015-11-18	2.51690038	2.45926144	2.53611336	2.47847442	1152700.0
2015-11-19	2.47847442	2.47847442	2.55532634	2.51690038	929700.0
2015-11-20	2.53611336	2.53611336	2.65139124	2.61296528	5463000.0
2015-11-23	2.63217826	2.57453932	2.63217826	2.5937523	3492600.0
2015-11-24	2.67060422	2.44004846	2.86273402	2.44004846	31638500.0
2015-11-25	2.4976874	2.34398356	2.4976874	2.38240952	5190400.0
2015-11-26	2.4016225	2.38240952	2.61296528	2.44004846	20015400.0
2015-11-27	2.45926144	2.45926144	2.61296528	2.53611336	18696000.0
2015-11-30	2.55532634	2.51690038	2.5937523	2.51690038	4920000.0
2015-12-01	2.51690038	2.36319654	2.51690038	2.38240952	6012600.0
2015-12-02	2.42083548	2.13264078	2.45926144	2.26713164	7363500.0
2015-12-03	2.2094927	2.07500184	2.24791866	2.15185376	4603700.0
2015-12-04	2.09421482	2.05578886	2.15185376	2.09421482	1377200.0
2015-12-08	2.13264078	2.05578886	2.2094927	2.05578886	3595500.0
2015-12-09	2.09421482	2.05578886	2.13264078	2.09421482	1608100.0
2015-12-11	2.1134278	2.07500184	2.19027972	2.1134278	2747900.0
2015-12-14	2.09421482	2.05578886	2.1134278	2.05578886	1880900.0
2015-12-15	2.09421482	2.09421482	2.19027972	2.17106674	3011500.0
2015-12-16	2.17106674	2.1134278	2.19027972	2.1134278	1920300.0
2015-12-17	2.15185376	2.15185376	2.26713164	2.24791866	4560500.0
2015-12-18	2.22870568	2.09421482	2.3055576	2.1134278	6551900.0
2015-12-21	1.80602012	1.79641363	1.87326555	1.79641363	2942000.0
2015-12-22	1.89247853	1.78680714	1.89247853	1.80602012	1107300.0
2015-12-23	1.80602012	1.80602012	1.8252331	1.80602012	550500.0
2015-12-24	1.85405257	1.81562661	2.0173629	1.83483959	6092400.0
2015-12-25	1.84444608	1.81562661	1.85405257	1.8252331	702800.0
2015-12-28	1.83483959	1.83483959	1.84444608	1.84444608	201700.0
2015-12-29	1.85405257	1.84444608	2.32477058	2.22870568	34831400.0
2015-12-30	2.32477058	2.03657588	2.44004846	2.07500184	28362500.0
2016-01-04	2.09421482	2.09421482	2.34398356	2.15185376	40167400.0
2016-01-05	2.2094927	2.17106674	2.34398356	2.26713164	40198300.0
2016-01-06	2.34398356	2.32477058	2.53611336	2.47847442	55310200.0
2016-01-07	2.42083548	2.13264078	2.53611336	2.13264078	45070800.0
2016-01-08	2.19027972	2.0173629	2.24791866	2.0173629	24046400.0
2016-01-11	1.94051098	1.90208502	1.95972396	1.95972396	4026700.0
2016-01-12	1.97893694	1.94051098	1.97893694	1.95972396	1614700.0
2016-01-13	1.94051098	1.94051098	2.0173629	1.97893694	3820800.0
2016-01-14	1.95972396	1.95972396	2.03657588	1.99814992	2917600.0
2016-01-15	1.99814992	1.99814992	2.0173629	1.99814992	1825300.0
2016-01-18	1.97893694	1.97893694	2.1134278	2.09421482	5132700.0
2016-01-19	2.1134278	2.03657588	2.1134278	2.07500184	3049400.0
2016-01-20	2.07500184	2.0173629	2.07500184	2.0173629	2528500.0
2016-01-21	2.03657588	1.95972396	2.03657588	1.97893694	2054600.0
2016-01-22	1.99814992	1.90208502	2.0173629	1.94051098	3384700.0
2016-01-25	1.95972396	1.90208502	1.99814992	1.921298	3155000.0
2016-01-26	1.90208502	1.90208502	1.95972396	1.921298	507800.0
2016-01-27	1.921298	1.90208502	1.94051098	1.90208502	1611400.0
2016-01-28	1.91169151	1.90208502	1.921298	1.921298	1044900.0
2016-01-29	1.94051098	1.91169151	1.94051098	1.91169151	678400.0
2016-02-01	1.91169151	1.91169151	1.94051098	1.94051098	511200.0
2016-02-02	1.94051098	1.91169151	1.94051098	1.91169151	911200.0
2016-02-03	1.91169151	1.91169151	1.94051098	1.94051098	444900.0
2016-02-04	1.94051098	1.921298	1.94051098	1.921298	755000.0
2016-02-05	1.921298	1.921298	1.95972396	1.94051098	609700.0
2016-02-08	1.94051098	1.921298	1.99814992	1.97893694	1677700.0
2016-02-09	1.97893694	1.94051098	1.97893694	1.95972396	495600.0
2016-02-10	1.95972396	1.95972396	1.99814992	1.97893694	705900.0
2016-02-11	1.97893694	1.97893694	2.07500184	2.0173629	4576700.0
2016-02-12	2.0173629	1.94051098	2.03657588	1.95972396	2481100.0
2016-02-15	1.97893694	1.97893694	2.0173629	1.99814992	785000.0
2016-02-16	1.99814992	1.99814992	2.0173629	1.99814992	1522400.0
2016-02-17	1.99814992	1.94051098	2.0173629	1.99814992	1448400.0
2016-02-18	1.99814992	1.97893694	1.99814992	1.97893694	446600.0
2016-02-19	1.97893694	1.97893694	2.03657588	2.03657588	2735100.0
2016-02-23	2.09421482	2.05578886	2.17106674	2.17106674	23254000.0
2016-02-24	2.15185376	2.09421482	2.19027972	2.09421482	14242200.0
2016-02-25	2.15185376	2.09421482	2.17106674	2.15185376	8303000.0
2016-02-26	2.17106674	2.0173629	2.19027972	2.03657588	7443500.0
2016-02-29	2.0173629	1.95972396	2.03657588	1.95972396	3452400.0
2016-03-01	1.97893694	1.97893694	1.99814992	1.99814992	973100.0
2016-03-02	2.0173629	1.95972396	2.0173629	1.99814992	1577800.0
2016-03-03	2.0173629	2.0173629	2.09421482	2.07500184	5729500.0
2016-03-04	2.07500184	2.0173629	2.07500184	2.03657588	2573600.0
2016-03-07	2.03657588	1.99814992	2.03657588	1.99814992	905000.0
2016-03-08	1.97893694	1.95972396	1.99814992	1.95972396	1069300.0
2016-03-09	1.97893694	1.97893694	2.0173629	1.99814992	1267800.0
2016-03-10	1.99814992	1.97893694	2.0173629	2.0173629	922400.0
2016-03-11	2.0173629	1.99814992	2.05578886	2.03657588	2372000.0
2016-03-14	2.05578886	2.0173629	2.05578886	2.0173629	663100.0
2016-03-15	2.0173629	2.0173629	2.09421482	2.05578886	2510800.0
2016-03-16	2.05578886	1.94051098	2.07500184	1.99814992	1563400.0
2016-03-17	1.99814992	1.97893694	1.99814992	1.97893694	870000.0
2016-03-18	1.99814992	1.99814992	2.07500184	1.99814992	3241100.0
2016-03-21	1.99814992	1.99814992	2.0173629	1.99814992	648300.0
2016-03-22	1.99814992	1.99814992	2.0173629	1.99814992	400700.0
2016-03-23	2.0173629	1.99814992	2.0173629	1.99814992	286300.0
2016-03-24	1.99814992	1.99814992	2.03657588	1.99814992	605600.0
2016-03-25	1.99814992	1.95972396	1.99814992	1.95972396	1026800.0
2016-03-28	1.97893694	1.95972396	1.99814992	1.95972396	561000.0
2016-03-29	1.97893694	1.95972396	2.03657588	1.97893694	1162200.0
2016-03-30	1.99814992	1.95972396	1.99814992	1.95972396	837800.0
2016-03-31	1.97893694	1.95972396	1.97893694	1.95972396	651100.0
2016-04-01	1.95972396	1.94051098	1.99814992	1.95972396	1009900.0
2016-04-04	1.95972396	1.94051098	1.97893694	1.94051098	695200.0
2016-04-05	1.94051098	1.90208502	1.95972396	1.91169151	1941400.0
2016-04-07	1.91169151	1.89247853	1.94051098	1.89247853	586000.0
2016-04-08	1.87326555	1.87326555	1.91169151	1.88287204	321400.0
2016-04-11	1.90208502	1.87326555	1.94051098	1.90208502	386000.0
2016-04-12	1.91169151	1.89247853	1.94051098	1.91169151	1041300.0
2016-04-18	1.921298	1.91169151	1.97893694	1.91169151	1681800.0
2016-04-19	1.94051098	1.921298	1.95972396	1.94051098	785500.0
2016-04-20	1.94051098	1.921298	1.95972396	1.921298	574500.0
2016-04-21	1.921298	1.90208502	1.921298	1.91169151	1521100.0
2016-04-22	1.921298	1.91169151	2.0173629	1.95972396	9552500.0
2016-04-25	1.94051098	1.921298	1.97893694	1.921298	1307900.0
2016-04-26	1.94051098	1.921298	1.95972396	1.94051098	1235900.0
2016-04-27	1.95972396	1.921298	1.95972396	1.921298	1265700.0
2016-04-28	1.94051098	1.88287204	1.94051098	1.89247853	1840900.0
2016-04-29	1.89247853	1.89247853	1.921298	1.90208502	483700.0
2016-05-03	1.921298	1.89247853	1.921298	1.89247853	362200.0
2016-05-04	1.90208502	1.83483959	1.90208502	1.84444608	2096400.0
2016-05-06	1.90208502	1.83483959	1.90208502	1.84444608	2096400.0
2016-05-09	1.85405257	1.81562661	1.85405257	1.81562661	641200.0
2016-05-10	1.83483959	1.8252331	1.85405257	1.84444608	291100.0
2016-05-11	1.83483959	1.81562661	1.84444608	1.8252331	550300.0
2016-05-12	1.83483959	1.81562661	1.921298	1.87326555	4423100.0
2016-05-13	1.89247853	1.85405257	1.90208502	1.85405257	855200.0
2016-05-16	1.87326555	1.84444608	1.87326555	1.84444608	250700.0
2016-05-17	1.83483959	1.74838118	1.85405257	1.75798767	1753900.0
2016-05-18	1.75798767	1.68113575	1.77720065	1.71956171	1456100.0
2016-05-19	1.76759416	1.69074224	1.76759416	1.70034873	504300.0
2016-05-23	1.70034873	1.64270979	1.70995522	1.65231628	611300.0
2016-05-24	1.65231628	1.60428383	1.67152926	1.61389032	1413200.0
2016-05-25	1.62349681	1.62349681	1.76759416	1.70034873	2567800.0
2016-05-26	1.70995522	1.69074224	1.7291682	1.70034873	378000.0
2016-05-27	1.71956171	1.65231628	1.71956171	1.67152926	899700.0
2016-05-30	1.67152926	1.67152926	1.7291682	1.67152926	1585600.0
2016-05-31	1.69074224	1.67152926	1.70034873	1.68113575	833300.0
2016-06-01	1.66192277	1.66192277	1.69074224	1.66192277	398300.0
2016-06-02	1.66192277	1.66192277	1.75798767	1.69074224	2930800.0
2016-06-03	1.70034873	1.67152926	1.70034873	1.68113575	690800.0
2016-06-06	1.70034873	1.68113575	1.70034873	1.69074224	345800.0
2016-06-07	1.70034873	1.69074224	1.73877469	1.73877469	2305600.0
2016-06-08	1.7291682	1.71956171	1.79641363	1.76759416	2910100.0
2016-06-09	1.77720065	1.74838118	1.84444608	1.8252331	7407200.0
2016-06-10	1.86365906	1.76759416	1.87326555	1.76759416	3134400.0
2016-06-13	1.81562661	1.79641363	1.89247853	1.81562661	9565900.0
2016-06-14	1.85405257	1.78680714	1.85405257	1.78680714	1398600.0
2016-06-15	1.79641363	1.79641363	1.83483959	1.81562661	1150400.0
2016-06-16	1.81562661	1.77720065	1.8252331	1.77720065	580900.0
2016-06-17	1.78680714	1.76759416	1.81562661	1.77720065	1171600.0
2016-06-20	1.79641363	1.78680714	1.94051098	1.921298	24970700.0
2016-06-21	1.97893694	1.89247853	1.99814992	1.89247853	15091000.0
2016-06-22	1.90208502	1.89247853	1.95972396	1.89247853	4792300.0
2016-06-23	1.90208502	1.90208502	1.97893694	1.95972396	12328800.0
2016-06-24	1.94051098	1.921298	2.05578886	2.0173629	26875200.0
2016-06-27	2.05578886	1.97893694	2.13264078	1.97893694	24908700.0
2016-06-28	1.97893694	1.97893694	2.05578886	1.99814992	6594400.0
2016-06-29	2.0173629	1.99814992	2.05578886	2.0173629	8581300.0
2016-06-30	2.03657588	1.99814992	2.05578886	1.99814992	3715000.0
2016-07-04	2.03657588	1.95972396	2.03657588	1.95972396	3586000.0
2016-07-05	1.95972396	1.95972396	1.99814992	1.95972396	1377500.0
2016-07-06	1.95972396	1.94051098	2.07500184	1.95972396	7075000.0
2016-07-07	1.97893694	1.97893694	2.0173629	1.99814992	2113100.0
2016-07-08	2.0173629	1.94051098	2.0173629	1.94051098	2476600.0
2016-07-11	1.94051098	1.86365906	1.95972396	1.89247853	3283300.0
2016-07-12	1.89247853	1.83483959	1.94051098	1.85405257	3140300.0
2016-07-13	1.86365906	1.81562661	1.87326555	1.8252331	1293900.0
2016-07-14	1.8252331	1.8252331	1.90208502	1.90208502	3642400.0
2016-07-15	1.95972396	1.921298	1.97893694	1.94051098	3485900.0
2016-07-20	1.94051098	1.921298	1.97893694	1.94051098	1444900.0
2016-07-21	1.94051098	1.90208502	1.95972396	1.921298	963400.0
2016-07-22	1.921298	1.91169151	1.99814992	1.97893694	3456900.0
2016-07-25	1.95972396	1.94051098	1.97893694	1.94051098	1161400.0
2016-07-26	1.95972396	1.91169151	1.95972396	1.91169151	613800.0
2016-07-27	1.91169151	1.90208502	1.95972396	1.91169151	1338200.0
2016-07-28	1.921298	1.90208502	1.94051098	1.91169151	1261400.0
2016-07-29	1.921298	1.91169151	1.97893694	1.94051098	2671500.0
2016-08-01	1.94051098	1.921298	1.97893694	1.921298	523100.0
2016-08-02	1.95972396	1.921298	2.0173629	1.921298	6252000.0
2016-08-03	1.94051098	1.921298	1.94051098	1.921298	993400.0
2016-08-04	1.94051098	1.921298	1.95972396	1.921298	593600.0
2016-08-05	1.94051098	1.921298	1.95972396	1.94051098	687000.0
2016-08-08	1.94051098	1.91169151	1.95972396	1.921298	2135200.0
2016-08-09	1.94051098	1.921298	1.94051098	1.921298	444300.0
2016-08-10	1.921298	1.91169151	1.94051098	1.921298	537800.0
2016-08-11	1.921298	1.87326555	1.94051098	1.89247853	1368600.0
2016-08-15	1.90208502	1.90208502	1.94051098	1.921298	1066800.0
2016-08-16	1.94051098	1.94051098	2.13264078	2.1134278	37075200.0
2016-08-17	2.1134278	2.07500184	2.19027972	2.09421482	31381600.0
2016-08-18	2.09421482	1.97893694	2.17106674	2.0173629	14729000.0
2016-08-19	2.03657588	1.99814992	2.09421482	1.99814992	7275600.0
2016-08-22	2.0173629	1.99814992	2.1134278	2.1134278	7551000.0
2016-08-23	2.09421482	2.05578886	2.1134278	2.07500184	4719100.0
2016-08-24	2.07500184	2.07500184	2.24791866	2.24791866	24453000.0
2016-08-25	2.24791866	2.17106674	2.3055576	2.17106674	22206800.0
2016-08-26	2.19027972	2.17106674	2.24791866	2.17106674	5035600.0
2016-08-29	2.19027972	2.19027972	2.26713164	2.2094927	5660400.0
2016-08-30	2.24791866	2.2094927	2.28634462	2.2094927	4876400.0
2016-08-31	2.22870568	2.1134278	2.22870568	2.13264078	5130400.0
2016-09-01	2.13264078	2.1134278	2.17106674	2.15185376	1740700.0
2016-09-02	2.2094927	2.07500184	2.28634462	2.07500184	12543000.0
2016-09-05	2.1134278	1.91169151	2.1134278	1.91169151	10346300.0
2016-09-06	1.91169151	1.91169151	2.1134278	2.07500184	9051300.0
2016-09-07	2.1134278	2.07500184	2.22870568	2.09421482	11394800.0
2016-09-08	2.15185376	1.99814992	2.19027972	2.05578886	14397200.0
2016-09-09	2.03657588	2.03657588	2.19027972	2.19027972	9318900.0
2016-09-12	2.1134278	2.07500184	2.19027972	2.1134278	5775500.0
2016-09-13	2.17106674	2.15185376	2.24791866	2.22870568	6683600.0
2016-09-14	2.22870568	2.22870568	2.47847442	2.38240952	38564000.0
2016-09-15	2.38240952	2.28634462	2.42083548	2.36319654	31907800.0
2016-09-16	2.42083548	2.34398356	2.45926144	2.34398356	24658800.0
2016-09-19	2.34398356	2.3055576	2.42083548	2.42083548	15980400.0
2016-09-20	2.42083548	2.36319654	2.5937523	2.57453932	52856400.0
2016-09-21	2.53611336	2.4976874	2.57453932	2.53611336	19150900.0
2016-09-22	2.57453932	2.44004846	2.61296528	2.4976874	23152400.0
2016-09-23	2.53611336	2.4016225	2.53611336	2.42083548	10053600.0
2016-09-26	2.38240952	2.36319654	2.4976874	2.45926144	9702300.0
2016-09-27	2.4976874	2.44004846	2.53611336	2.44004846	5450000.0
2016-09-28	2.44004846	2.4016225	2.47847442	2.4016225	4273900.0
2016-09-29	2.44004846	2.36319654	2.45926144	2.38240952	3149100.0
2016-09-30	2.36319654	2.19027972	2.4016225	2.22870568	11197900.0
2016-10-03	2.24791866	2.05578886	2.26713164	2.09421482	20824900.0
2016-10-04	2.17106674	2.17106674	2.3055576	2.26713164	19804000.0
2016-10-05	2.24791866	2.22870568	2.26713164	2.22870568	4464600.0
2016-10-06	2.22870568	2.17106674	2.22870568	2.17106674	3771000.0
2016-10-07	2.17106674	2.1134278	2.19027972	2.1134278	2893300.0
2016-10-10	1.99814992	1.95972396	2.03657588	1.99814992	8043500.0
2016-10-11	1.99814992	1.94051098	2.05578886	1.95972396	2109600.0
2016-10-12	1.921298	1.6331033	1.95972396	1.81562661	5889500.0
2016-10-13	1.78680714	1.67152926	1.79641363	1.78680714	2880900.0
2016-10-14	1.90208502	1.84444608	2.09421482	2.09421482	4931600.0
2016-10-17	2.07500184	2.03657588	2.1134278	2.09421482	1953000.0
2016-10-18	2.09421482	2.07500184	2.17106674	2.13264078	4078300.0
2016-10-19	2.13264078	2.1134278	2.24791866	2.19027972	7388300.0
2016-10-20	2.19027972	2.19027972	2.42083548	2.38240952	17991100.0
2016-10-21	2.36319654	2.3055576	2.4016225	2.32477058	7604500.0
2016-10-25	2.34398356	2.24791866	2.36319654	2.26713164	6365000.0
2016-10-26	2.26713164	2.19027972	2.26713164	2.19027972	4922200.0
2016-10-27	2.2094927	2.2094927	2.34398356	2.3055576	12758700.0
2016-10-28	2.34398356	2.17106674	2.34398356	2.19027972	17331400.0
2016-10-31	2.19027972	2.17106674	2.24791866	2.2094927	2949500.0
2016-11-01	2.22870568	2.15185376	2.24791866	2.17106674	4754600.0
2016-11-02	2.17106674	2.13264078	2.19027972	2.13264078	4641300.0
2016-11-03	2.13264078	2.13264078	2.17106674	2.13264078	1725600.0
2016-11-04	2.13264078	2.09421482	2.15185376	2.09421482	1926800.0
2016-11-07	2.09421482	2.09421482	2.13264078	2.1134278	1423000.0
2016-11-08	2.13264078	2.1134278	2.15185376	2.1134278	993600.0
2016-11-09	2.05578886	2.0173629	2.1134278	2.09421482	2320900.0
2016-11-10	2.09421482	2.05578886	2.1134278	2.07500184	2076100.0
2016-11-11	2.07500184	2.0173629	2.07500184	2.05578886	1148000.0
2016-11-14	2.03657588	1.97893694	2.03657588	1.97893694	1361500.0
2016-11-15	1.95972396	1.95972396	2.0173629	2.0173629	291300.0
2016-11-16	2.0173629	1.97893694	2.03657588	1.99814992	619300.0
2016-11-17	2.0173629	1.95972396	2.0173629	1.97893694	376600.0
2016-11-18	1.95972396	1.94051098	1.97893694	1.95972396	853100.0
2016-11-21	1.921298	1.921298	1.97893694	1.95972396	1173100.0
2016-11-22	1.97893694	1.97893694	2.05578886	1.99814992	923500.0
2016-11-23	2.03657588	2.0173629	2.05578886	2.0173629	830700.0
2016-11-24	2.0173629	1.99814992	2.03657588	1.99814992	286000.0
2016-11-25	1.99814992	1.97893694	2.03657588	1.97893694	511600.0
2016-11-28	1.97893694	1.94051098	1.99814992	1.94051098	1242200.0
2016-11-29	1.95972396	1.94051098	1.97893694	1.94051098	600500.0
2016-11-30	1.95972396	1.95972396	1.99814992	1.95972396	260000.0
2016-12-01	1.97893694	1.94051098	1.97893694	1.94051098	496300.0
2016-12-02	1.94051098	1.94051098	2.05578886	2.0173629	3745800.0
2016-12-06	2.0173629	1.97893694	2.0173629	1.97893694	846100.0
2016-12-07	1.99814992	1.95972396	1.99814992	1.95972396	653100.0
2016-12-08	1.95972396	1.95972396	2.07500184	2.0173629	3145300.0
2016-12-09	2.05578886	1.97893694	2.05578886	1.97893694	901400.0
2016-12-13	1.99814992	1.97893694	2.0173629	1.99814992	697000.0
2016-12-14	2.0173629	1.97893694	2.0173629	1.97893694	557600.0
2016-12-15	1.97893694	1.95972396	1.99814992	1.97893694	579200.0
2016-12-16	1.99814992	1.97893694	1.99814992	1.97893694	450400.0
2016-12-19	1.99814992	1.97893694	2.03657588	1.97893694	1340900.0
2016-12-20	1.99814992	1.99814992	2.13264078	2.05578886	14491200.0
2016-12-21	2.07500184	1.99814992	2.09421482	1.99814992	4419200.0
2016-12-22	2.0173629	1.99814992	2.03657588	1.99814992	1219200.0
2016-12-23	1.99814992	1.97893694	2.05578886	1.97893694	1642800.0
2016-12-26	1.99814992	1.94051098	1.99814992	1.97893694	1456400.0
2016-12-27	1.97893694	1.97893694	2.0173629	1.97893694	1372600.0
2016-12-28	1.99814992	1.99814992	2.05578886	1.99814992	2047800.0
2016-12-29	2.0173629	1.97893694	2.0173629	1.99814992	405000.0
2016-12-30	1.97893694	1.97893694	2.0173629	1.97893694	709600.0
2017-01-04	1.99814992	1.97893694	2.0173629	2.0173629	659500.0
2017-01-05	2.0173629	1.97893694	2.0173629	2.0173629	1041000.0
2017-01-06	2.0173629	1.99814992	2.03657588	1.99814992	1416000.0
2017-01-09	2.0173629	1.97893694	2.05578886	1.99814992	3008400.0
2017-01-10	1.99814992	1.99814992	2.0173629	1.99814992	1367300.0
2017-01-11	2.0173629	1.99814992	2.05578886	1.99814992	4294300.0
2017-01-12	1.99814992	1.99814992	2.07500184	2.03657588	5489800.0
2017-01-13	2.05578886	2.03657588	2.19027972	2.09421482	36183700.0
2017-01-16	2.1134278	2.07500184	2.15185376	2.1134278	5975100.0
2017-01-17	2.1134278	2.07500184	2.13264078	2.07500184	3996100.0
2017-01-18	2.07500184	2.0173629	2.09421482	2.0173629	3320000.0
2017-01-19	2.0173629	1.99814992	2.0173629	2.0173629	1131700.0
2017-01-20	2.03657588	2.03657588	2.1134278	2.03657588	8406100.0
2017-01-23	2.05578886	2.05578886	2.13264078	2.09421482	4957000.0
2017-01-24	2.1134278	2.07500184	2.13264078	2.07500184	1459400.0
2017-01-25	2.09421482	2.07500184	2.1134278	2.07500184	730600.0
2017-01-26	2.05578886	2.03657588	2.09421482	2.07500184	1654500.0
2017-01-27	2.07500184	2.0173629	2.07500184	2.03657588	882800.0
2017-01-30	2.03657588	1.97893694	2.09421482	2.0173629	6675600.0
2017-01-31	2.0173629	1.97893694	2.0173629	1.99814992	1693300.0
2017-02-01	1.99814992	1.99814992	2.05578886	2.0173629	1632800.0
2017-02-02	2.03657588	1.99814992	2.03657588	1.99814992	1178800.0
2017-02-03	1.99814992	1.97893694	2.0173629	1.97893694	528400.0
2017-02-06	1.99814992	1.99814992	2.0173629	1.99814992	508400.0
2017-02-07	1.99814992	1.99814992	2.05578886	1.99814992	4255700.0
2017-02-08	2.0173629	1.99814992	2.0173629	2.0173629	957100.0
2017-02-09	2.0173629	1.97893694	2.03657588	1.99814992	923000.0
2017-02-10	1.99814992	1.99814992	1.99814992	1.99814992	414600.0
2017-02-14	1.99814992	1.97893694	1.99814992	1.97893694	1357500.0
2017-02-15	1.95972396	1.921298	1.99814992	1.94051098	2382300.0
2017-02-16	1.94051098	1.921298	1.95972396	1.95972396	731600.0
2017-02-17	1.94051098	1.921298	1.95972396	1.921298	1167700.0
2017-02-20	1.94051098	1.921298	1.99814992	1.95972396	2458200.0
2017-02-21	1.97893694	1.95972396	1.97893694	1.97893694	983400.0
2017-02-22	1.97893694	1.97893694	2.0173629	1.97893694	1453900.0
2017-02-23	1.97893694	1.97893694	2.05578886	2.03657588	2027300.0
2017-02-24	2.05578886	2.0173629	2.05578886	2.03657588	1523600.0
2017-02-27	2.05578886	2.05578886	2.2094927	2.15185376	28692300.0
2017-02-28	2.17106674	2.1134278	2.19027972	2.13264078	7973800.0
2017-03-01	2.1134278	2.07500184	2.15185376	2.13264078	3672600.0
2017-03-02	2.17106674	2.13264078	2.26713164	2.24791866	42495300.0
2017-03-03	2.26713164	2.19027972	2.32477058	2.19027972	35163000.0
2017-03-06	2.24791866	2.13264078	2.26713164	2.17106674	5977600.0
2017-03-07	2.17106674	2.13264078	2.2094927	2.13264078	2237400.0
2017-03-08	2.1134278	1.97893694	2.1134278	2.03657588	8712600.0
2017-03-09	2.0173629	2.0173629	2.05578886	2.03657588	587500.0
2017-03-10	2.05578886	2.0173629	2.05578886	2.0173629	1352100.0
2017-03-13	1.99814992	1.94051098	2.0173629	1.95972396	3286400.0
2017-03-14	1.94051098	1.94051098	1.99814992	1.99814992	1725800.0
2017-03-15	1.99814992	1.94051098	2.0173629	2.0173629	1298000.0
2017-03-16	2.03657588	2.03657588	2.1134278	2.05578886	3249600.0
2017-03-17	2.05578886	2.0173629	2.07500184	2.03657588	968300.0
2017-03-20	2.0173629	2.0173629	2.03657588	2.0173629	432800.0
2017-03-21	2.0173629	1.99814992	2.09421482	2.09421482	2457700.0
2017-03-22	2.07500184	2.05578886	2.1134278	2.05578886	1650300.0
2017-03-23	2.07500184	2.05578886	2.09421482	2.05578886	551900.0
2017-03-24	2.05578886	2.05578886	2.15185376	2.1134278	5014000.0
2017-03-27	2.15185376	2.1134278	2.15185376	2.1134278	1099400.0
2017-03-28	2.1134278	2.09421482	2.17106674	2.09421482	1512500.0
2017-03-29	2.1134278	2.09421482	2.17106674	2.09421482	2895600.0
2017-03-30	2.09421482	2.09421482	2.15185376	2.1134278	1043000.0
2017-03-31	2.1134278	2.09421482	2.13264078	2.09421482	555000.0
2017-04-03	2.09421482	2.03657588	2.09421482	2.07500184	1180300.0
2017-04-04	2.05578886	1.99814992	2.07500184	2.0173629	1804200.0
2017-04-05	2.03657588	2.0173629	2.13264078	2.09421482	5042900.0
2017-04-07	2.09421482	2.05578886	2.09421482	2.05578886	674700.0
2017-04-10	2.05578886	2.03657588	2.09421482	2.03657588	520700.0
2017-04-11	2.03657588	2.0173629	2.07500184	2.03657588	1115500.0
2017-04-12	2.05578886	2.03657588	2.05578886	2.05578886	424500.0
2017-04-17	2.05578886	2.03657588	2.1134278	2.05578886	1801800.0
2017-04-18	2.07500184	2.05578886	2.09421482	2.05578886	898500.0
2017-04-19	2.03657588	2.03657588	2.05578886	2.05578886	349300.0
2017-04-20	2.03657588	2.03657588	2.05578886	2.03657588	245700.0
2017-04-21	2.03657588	2.03657588	2.05578886	2.03657588	254300.0
2017-04-24	2.03657588	2.03657588	2.07500184	2.03657588	470100.0
2017-04-25	2.05578886	2.0173629	2.05578886	2.0173629	715400.0
2017-04-26	2.03657588	2.0173629	2.05578886	2.0173629	106400.0
2017-04-27	2.03657588	2.0173629	2.05578886	2.03657588	434400.0
2017-04-28	2.05578886	2.03657588	2.07500184	2.07500184	510600.0
2017-05-02	2.07500184	2.03657588	2.07500184	2.03657588	390300.0
2017-05-03	2.05578886	2.05578886	2.17106674	2.17106674	12886500.0
2017-05-04	2.15185376	2.09421482	2.15185376	2.1134278	6822900.0
2017-05-05	2.13264078	2.09421482	2.13264078	2.1134278	1879400.0
2017-05-08	2.1134278	2.1134278	2.2094927	2.1134278	5290800.0
2017-05-09	2.1134278	2.03657588	2.1134278	2.05578886	3171400.0
2017-05-11	2.0173629	1.95972396	2.03657588	1.95972396	3586200.0
2017-05-12	1.95972396	1.95972396	1.99814992	1.99814992	1370400.0
2017-05-15	1.95972396	1.94051098	1.99814992	1.95972396	1437300.0
2017-05-16	1.95972396	1.95972396	2.0173629	1.99814992	1049900.0
2017-05-17	2.0173629	1.97893694	2.0173629	1.97893694	530100.0
2017-05-18	1.97893694	1.97893694	1.99814992	1.97893694	639800.0
2017-05-19	1.97893694	1.97893694	2.03657588	2.0173629	744000.0
2017-05-22	2.05578886	2.0173629	2.05578886	2.03657588	589700.0
2017-05-23	2.0173629	2.0173629	2.07500184	2.05578886	945100.0
2017-05-24	2.05578886	2.03657588	2.07500184	2.05578886	918200.0
2017-05-25	2.07500184	2.03657588	2.07500184	2.05578886	360600.0
2017-05-26	2.05578886	2.0173629	2.05578886	2.03657588	847400.0
2017-05-29	2.0173629	1.99814992	2.07500184	2.0173629	913500.0
2017-05-30	2.0173629	1.99814992	2.03657588	1.99814992	431200.0
2017-05-31	1.99814992	1.97893694	2.03657588	2.0173629	543400.0
2017-06-01	2.0173629	1.99814992	2.0173629	1.99814992	185700.0
2017-06-02	2.0173629	1.99814992	2.0173629	2.0173629	166100.0
2017-06-05	2.0173629	2.0173629	2.05578886	2.05578886	191100.0
2017-06-06	2.05578886	2.0173629	2.05578886	2.0173629	319700.0
2017-06-07	2.0173629	2.0173629	2.05578886	2.05578886	514200.0
2017-06-08	2.0173629	2.0173629	2.03657588	2.0173629	303500.0
2017-06-09	2.03657588	2.0173629	2.03657588	2.0173629	127500.0
2017-06-12	2.03657588	2.0173629	2.03657588	2.03657588	153300.0
2017-06-13	2.03657588	2.03657588	2.05578886	2.05578886	126300.0
2017-06-14	2.03657588	2.0173629	2.07500184	2.0173629	392300.0
2017-06-15	2.03657588	2.0173629	2.03657588	2.03657588	349300.0
2017-06-16	2.03657588	2.0173629	2.03657588	2.03657588	660200.0
2017-06-19	2.0173629	2.0173629	2.05578886	2.05578886	1364700.0
2017-06-20	2.06	2.02	2.06	2.02	1440300.0
2017-06-21	2.04	2.02	2.06	2.04	222500.0
2017-06-22	2.04	2.0	2.04	2.02	165200.0
2017-06-23	2.02	2.0	2.06	2.06	214800.0
2017-06-26	2.04	2.04	2.12	2.06	1836900.0
2017-06-27	2.06	2.04	2.16	2.06	2209400.0
2017-06-28	2.08	2.06	2.08	2.08	290300.0
2017-06-29	2.08	2.04	2.1	2.04	413400.0
2017-06-30	2.06	2.04	2.1	2.06	273000.0
2017-07-03	2.1	2.06	2.1	2.06	315200.0
2017-07-04	2.08	2.06	2.1	2.08	205500.0
2017-07-05	2.1	2.06	2.12	2.1	356400.0
2017-07-06	2.1	2.02	2.1	2.02	1815800.0
2017-07-07	2.02	2.02	2.06	2.04	568200.0
2017-07-11	2.02	2.02	2.1	2.04	1612600.0
2017-07-12	2.06	2.02	2.12	2.02	2229000.0
2017-07-13	2.04	2.02	2.06	2.04	377500.0
2017-07-14	2.04	2.04	2.06	2.04	185000.0
2017-07-17	2.06	2.04	2.1	2.08	2231300.0
2017-07-18	2.1	2.02	2.12	2.02	1735900.0
2017-07-19	2.04	2.02	2.08	2.02	1209900.0
2017-07-20	2.04	2.02	2.06	2.02	650800.0
2017-07-21	2.04	2.02	2.04	2.02	480400.0
2017-07-24	2.02	2.02	2.06	2.02	251800.0
2017-07-25	2.04	2.02	2.04	2.02	191100.0
2017-07-26	2.02	2.02	2.04	2.02	286900.0
2017-07-27	2.02	2.0	2.04	2.02	592000.0
2017-07-31	2.04	2.02	2.04	2.04	68700.0
2017-08-01	2.04	2.02	2.08	2.04	1757500.0
2017-08-02	2.04	2.02	2.08	2.04	294100.0
2017-08-03	2.06	2.02	2.08	2.02	491700.0
2017-08-04	2.04	2.02	2.08	2.02	587400.0
2017-08-07	2.04	2.02	2.08	2.04	659400.0
2017-08-08	2.04	2.02	2.04	2.02	181600.0
2017-08-09	2.04	2.02	2.08	2.02	762600.0
2017-08-10	2.04	2.02	2.08	2.04	537700.0
2017-08-11	2.02	1.98	2.02	2.02	2198100.0
2017-08-15	2.02	2.0	2.04	2.0	371200.0
2017-08-16	2.0	2.0	2.04	2.0	735400.0
2017-08-17	2.02	2.0	2.02	2.0	602800.0
2017-08-18	2.0	2.0	2.02	2.02	338700.0
2017-08-21	2.02	2.02	2.04	2.02	435100.0
2017-08-22	2.04	2.02	2.14	2.08	4586000.0
2017-08-23	2.08	2.08	2.14	2.1	3566800.0
2017-08-24	2.14	2.12	2.24	2.22	10276700.0
2017-08-25	2.24	2.2	2.26	2.24	6246200.0
2017-08-28	2.24	2.24	2.32	2.26	6074700.0
2017-08-29	2.24	2.2	2.32	2.26	7928800.0
2017-08-30	2.26	2.18	2.26	2.2	3545100.0
2017-08-31	2.2	2.18	2.28	2.24	1817500.0
2017-09-01	2.24	2.22	2.28	2.22	1191500.0
2017-09-04	2.22	2.22	2.24	2.24	1163000.0
2017-09-05	2.24	2.24	2.36	2.3	14597400.0
2017-09-06	2.3	2.24	2.32	2.26	4327200.0
2017-09-07	2.28	2.26	2.48	2.46	26214700.0
2017-09-08	2.44	2.42	2.52	2.42	12941500.0
2017-09-11	2.44	2.36	2.52	2.52	14381300.0
2017-09-12	2.56	2.54	2.6	2.56	13403300.0
2017-09-13	2.56	2.56	2.8	2.78	23971400.0
2017-09-14	2.78	2.72	2.82	2.82	8744100.0
2017-09-15	2.82	2.8	3.04	3.0	16717900.0
2017-09-18	3.0	2.92	3.22	2.92	25592200.0
2017-09-19	2.8	2.78	2.96	2.92	12004500.0
2017-09-20	2.92	2.92	3.02	2.92	4077400.0
2017-09-21	2.94	2.88	2.98	2.9	3442200.0
2017-09-22	2.9	2.86	2.94	2.9	1444700.0
2017-09-25	2.9	2.82	2.94	2.88	7902200.0
2017-09-26	2.86	2.74	2.88	2.82	6406800.0
2017-09-27	2.8	2.72	2.84	2.78	3494700.0
2017-09-28	2.8	2.8	2.88	2.82	5329200.0
2017-09-29	2.84	2.78	2.92	2.84	4973400.0
2017-10-02	2.92	2.86	2.96	2.88	7412900.0
2017-10-03	2.94	2.92	3.08	3.08	24995500.0
2017-10-04	3.08	2.92	3.1	2.92	10292900.0
2017-10-05	2.88	2.8	2.92	2.88	6373200.0
2017-10-06	2.9	2.86	3.0	3.0	6122900.0
2017-10-09	3.0	2.96	3.02	2.96	3352000.0
2017-10-10	2.98	2.92	3.04	2.96	4562600.0
2017-10-11	2.96	2.94	3.02	3.0	3909500.0
2017-10-12	3.02	3.02	3.12	3.02	8361000.0
2017-10-16	3.02	2.96	3.08	3.04	3748100.0
2017-10-17	3.06	2.98	3.08	3.0	1761700.0
2017-10-18	3.02	2.94	3.06	3.0	2684000.0
2017-10-19	3.02	2.9	3.06	2.92	3010100.0
2017-10-20	2.9	2.84	3.0	3.0	4024200.0
2017-10-24	3.02	2.9	3.02	3.0	6598600.0
2017-10-25	3.0	2.96	3.1	3.1	5780500.0
2017-10-27	3.16	3.12	3.2	3.12	15192000.0
2017-10-30	3.14	2.98	3.16	3.14	7005500.0
2017-10-31	3.16	3.14	3.28	3.2	11355300.0
2017-11-01	3.24	3.0	3.26	3.08	13243000.0
2017-11-02	3.08	3.06	3.14	3.08	2639500.0
2017-11-03	3.1	2.98	3.2	3.0	9737700.0
2017-11-06	2.96	2.9	2.98	2.92	3206500.0
2017-11-07	2.88	2.88	2.98	2.92	2054800.0
2017-11-08	2.92	2.92	2.98	2.92	1183000.0
2017-11-09	2.96	2.9	2.96	2.9	732400.0
2017-11-10	2.9	2.86	2.92	2.88	2005400.0
2017-11-13	2.96	2.92	2.96	2.94	571900.0
2017-11-14	2.94	2.9	2.98	2.98	878300.0
2017-11-15	2.98	2.9	2.98	2.9	761700.0
2017-11-16	2.9	2.9	2.94	2.94	639500.0
2017-11-17	2.96	2.94	3.08	3.08	6486800.0
2017-11-20	3.08	3.06	3.18	3.16	6873200.0
2017-11-21	3.18	3.02	3.18	3.02	2340300.0
2017-11-22	3.02	2.98	3.08	2.98	2018400.0
2017-11-23	2.96	2.9	2.98	2.9	2681800.0
2017-11-24	2.84	2.68	2.84	2.68	5225900.0
2017-11-27	2.62	2.5	2.72	2.72	4255400.0
2017-11-28	2.76	2.72	2.96	2.96	3548900.0
2017-11-29	2.92	2.8	2.92	2.82	2507100.0
2017-11-30	2.8	2.74	2.84	2.84	563800.0
2017-12-01	2.82	2.78	2.84	2.8	517700.0
2017-12-04	2.8	2.74	2.8	2.8	776400.0
2017-12-06	2.8	2.74	2.82	2.78	516100.0
2017-12-07	2.78	2.7	2.82	2.7	541700.0
2017-12-08	2.62	2.62	2.76	2.7	486300.0
2017-12-12	2.7	2.64	2.72	2.64	197400.0
2017-12-13	2.62	2.6	2.92	2.86	5862500.0
2017-12-14	2.86	2.86	3.02	3.0	9859300.0
2017-12-15	3.0	2.94	3.04	3.0	6125700.0
2017-12-18	3.02	2.96	3.04	3.0	6414900.0
2017-12-19	2.98	2.48	3.02	2.48	16284200.0
2017-12-20	2.46	2.44	2.6	2.52	2853200.0
2017-12-21	2.56	2.54	2.6	2.56	1937400.0
2017-12-22	2.56	2.54	2.6	2.58	497400.0
2017-12-25	2.6	2.5	2.62	2.5	2523200.0
2017-12-26	2.5	2.46	2.54	2.48	1071600.0
2017-12-27	2.48	2.44	2.5	2.46	765500.0
2017-12-28	2.5	2.44	2.5	2.46	172700.0
2017-12-29	2.46	2.46	2.54	2.46	4240500.0
2018-01-03	2.5	2.46	2.52	2.48	1493600.0
2018-01-04	2.48	2.46	2.58	2.54	3677300.0
2018-01-05	2.56	2.5	2.58	2.5	3168200.0
2018-01-08	2.52	2.46	2.52	2.48	793800.0
2018-01-09	2.48	2.44	2.5	2.48	1014600.0
2018-01-10	2.46	2.44	2.48	2.44	596500.0
2018-01-11	2.46	2.38	2.5	2.46	2451600.0
2018-01-12	2.42	2.4	2.44	2.42	348800.0
2018-01-15	2.42	2.08	2.42	2.3	8335100.0
2018-01-16	2.32	2.22	2.32	2.22	685100.0
2018-01-17	2.22	2.14	2.28	2.22	772000.0
2018-01-18	2.22	2.22	2.26	2.22	197100.0
2018-01-19	2.2	2.2	2.24	2.2	523300.0
2018-01-22	2.2	2.18	2.22	2.2	393700.0
2018-01-23	2.18	2.18	2.24	2.2	421600.0
2018-01-24	2.22	2.22	2.36	2.22	1296100.0
2018-01-25	2.24	2.2	2.28	2.2	373700.0
2018-01-26	2.2	2.2	2.28	2.24	304000.0
2018-01-29	2.3	2.24	2.3	2.26	349700.0
2018-01-30	2.3	2.22	2.3	2.22	478500.0
2018-01-31	2.26	2.24	2.4	2.28	2294800.0
2018-02-01	2.28	2.24	2.32	2.24	709500.0
2018-02-02	2.24	2.24	2.36	2.24	579100.0
2018-02-05	2.18	2.18	2.26	2.18	278000.0
2018-02-06	2.16	2.12	2.18	2.12	438600.0
2018-02-07	2.22	2.14	2.24	2.14	386300.0
2018-02-08	2.16	2.16	2.2	2.16	112800.0
2018-02-09	2.12	2.12	2.18	2.18	227800.0
2018-02-12	2.16	2.16	2.24	2.24	309700.0
2018-02-13	2.24	2.2	2.28	2.24	388000.0
2018-02-14	2.24	2.2	2.24	2.22	227000.0
2018-02-15	2.22	2.22	2.34	2.34	1870000.0
2018-02-16	2.34	2.34	2.44	2.44	6017400.0
2018-02-19	2.44	2.42	2.54	2.46	10978700.0
2018-02-20	2.46	2.38	2.48	2.46	4464800.0
2018-02-21	2.44	2.26	2.46	2.26	5080000.0
2018-02-22	2.26	2.16	2.36	2.16	6766700.0
2018-02-23	2.18	2.12	2.22	2.16	2031500.0
2018-02-26	2.18	2.16	2.22	2.16	1645700.0
2018-02-27	2.18	2.0	2.2	2.0	2893600.0
2018-02-28	1.99	1.99	2.08	1.99	1666600.0
2018-03-02	2.0	1.97	2.0	1.97	1279100.0
2018-03-05	1.99	1.99	2.22	2.1	12110600.0
2018-03-06	2.04	2.04	2.1	2.1	2099600.0
2018-03-07	2.1	2.04	2.1	2.1	1889900.0
2018-03-08	2.08	2.08	2.1	2.08	549300.0
2018-03-09	2.08	1.99	2.08	2.0	1256300.0
2018-03-12	2.0	1.97	2.02	1.98	1035600.0
2018-03-13	1.98	1.9	1.99	1.92	1124200.0
2018-03-14	1.92	1.9	1.96	1.9	1331200.0
2018-03-15	1.9	1.85	1.91	1.87	1683300.0
2018-03-16	1.87	1.81	1.87	1.81	1677400.0
2018-03-19	1.82	1.8	1.86	1.8	2271900.0
2018-03-20	1.8	1.78	1.82	1.79	786100.0
2018-03-21	1.8	1.73	1.8	1.73	2167400.0
2018-03-22	1.78	1.71	1.78	1.73	1153000.0
2018-03-23	1.71	1.71	1.75	1.73	2689200.0
2018-03-26	1.74	1.72	1.74	1.72	161100.0
2018-03-27	1.73	1.71	1.78	1.71	613600.0
2018-03-28	1.71	1.67	1.71	1.67	678200.0
2018-03-29	1.69	1.56	1.69	1.59	1686900.0
2018-03-30	1.59	1.58	1.66	1.58	2291900.0
2018-04-02	1.56	1.47	1.6	1.47	2987800.0
2018-04-03	1.46	1.44	1.52	1.48	1715800.0
2018-04-04	1.5	1.43	1.5	1.43	1340800.0
2018-04-05	1.45	1.4	1.48	1.42	2021900.0
2018-04-09	1.42	1.4	1.45	1.4	1187600.0
2018-04-10	1.4	1.4	1.43	1.41	173100.0
2018-04-11	1.43	1.41	1.44	1.41	754700.0
2018-04-12	1.42	1.41	1.45	1.42	902000.0
2018-04-17	1.45	1.39	1.45	1.39	764800.0
2018-04-18	1.4	1.4	1.44	1.42	867900.0
2018-04-19	1.44	1.43	1.53	1.47	6337200.0
2018-04-20	1.49	1.45	1.49	1.46	1926200.0
2018-04-23	1.47	1.43	1.51	1.43	1172000.0
2018-04-24	1.44	1.4	1.45	1.4	585800.0
2018-04-25	1.44	1.39	1.46	1.4	4111300.0
2018-04-26	1.41	1.37	1.41	1.37	2067000.0
2018-04-27	1.37	1.3	1.39	1.39	1828300.0
2018-04-30	1.38	1.38	1.43	1.39	546100.0
2018-05-02	1.39	1.38	1.41	1.4	98000.0
2018-05-03	1.4	1.4	1.53	1.49	5260000.0
2018-05-04	1.5	1.46	1.51	1.46	768800.0
2018-05-07	1.49	1.47	1.49	1.49	440900.0
2018-05-08	1.49	1.47	1.53	1.47	990600.0
2018-05-09	1.47	1.47	1.5	1.47	556600.0
2018-05-10	1.5	1.49	1.62	1.57	11484100.0
2018-05-11	1.58	1.53	1.64	1.53	5234100.0
2018-05-14	1.56	1.5	1.58	1.51	1242100.0
2018-05-15	1.52	1.49	1.55	1.49	749500.0
2018-05-16	1.5	1.48	1.5	1.48	584300.0
2018-05-17	1.49	1.48	1.55	1.48	394500.0
2018-05-18	1.52	1.48	1.52	1.49	88400.0
2018-05-21	1.49	1.48	1.5	1.49	164300.0
2018-05-22	1.52	1.49	1.53	1.5	1411400.0
2018-05-23	1.51	1.48	1.53	1.48	842900.0
2018-05-24	1.5	1.48	1.5	1.48	152000.0
2018-05-25	1.49	1.47	1.5	1.48	188900.0
2018-05-28	1.48	1.48	1.49	1.48	236100.0
2018-05-30	1.48	1.46	1.5	1.46	151900.0
2018-05-31	1.47	1.46	1.48	1.48	119100.0
2018-06-01	1.48	1.47	1.48	1.47	127100.0
2018-06-04	1.48	1.43	1.48	1.47	323100.0
2018-06-05	1.46	1.46	1.49	1.48	70300.0
2018-06-06	1.48	1.48	1.49	1.48	79800.0
2018-06-07	1.48	1.48	1.49	1.49	40300.0
2018-06-08	1.49	1.48	1.51	1.48	306900.0
2018-06-11	1.44	1.44	1.49	1.49	142500.0
2018-06-12	1.49	1.46	1.49	1.46	200100.0
2018-06-13	1.48	1.47	1.49	1.47	208200.0
2018-06-14	1.47	1.45	1.47	1.47	85800.0
2018-06-15	1.47	1.45	1.47	1.47	143700.0
2018-06-18	1.47	1.45	1.47	1.47	38100.0
2018-06-19	1.47	1.41	1.47	1.43	649200.0
2018-06-20	1.43	1.43	1.49	1.46	384300.0
2018-06-21	1.48	1.45	1.48	1.45	111400.0
2018-06-22	1.45	1.43	1.5	1.47	616700.0
2018-06-25	1.49	1.47	1.49	1.48	177300.0
2018-06-26	1.48	1.47	1.49	1.47	237600.0
2018-06-27	1.47	1.44	1.48	1.44	287700.0
2018-06-28	1.44	1.41	1.47	1.42	117900.0
2018-06-29	1.44	1.39	1.47	1.39	189800.0
2018-07-02	1.34	1.34	1.46	1.46	69100.0
2018-07-03	1.46	1.39	1.46	1.43	50300.0
2018-07-04	1.46	1.39	1.46	1.39	86000.0
2018-07-05	1.39	1.34	1.39	1.36	394800.0
2018-07-06	1.36	1.3	1.39	1.39	96500.0
2018-07-09	1.43	1.37	1.43	1.39	333000.0
2018-07-10	1.42	1.39	1.43	1.39	101300.0
2018-07-11	1.4	1.4	1.43	1.4	185600.0
2018-07-12	1.4	1.4	1.52	1.48	737900.0
2018-07-13	1.48	1.46	1.51	1.46	301900.0
2018-07-16	1.47	1.44	1.47	1.44	120800.0
2018-07-17	1.45	1.43	1.46	1.43	91100.0
2018-07-18	1.43	1.43	1.48	1.46	308900.0
2018-07-19	1.48	1.45	1.49	1.45	321100.0
2018-07-20	1.46	1.46	1.48	1.46	152600.0
2018-07-23	1.47	1.47	1.52	1.51	566400.0
2018-07-24	1.51	1.3	1.52	1.46	1675900.0
2018-07-25	1.43	1.39	1.44	1.4	392000.0
2018-07-26	1.4	1.4	1.41	1.4	22200.0
2018-07-31	1.45	1.42	1.46	1.44	91900.0
2018-08-01	1.42	1.42	1.48	1.48	205600.0
2018-08-02	1.51	1.45	1.51	1.48	40400.0
2018-08-03	1.47	1.45	1.5	1.47	128400.0
2018-08-06	1.48	1.46	1.5	1.5	168500.0
2018-08-07	1.5	1.47	1.5	1.47	180800.0
2018-08-08	1.5	1.48	1.5	1.48	330000.0
2018-08-09	1.5	1.47	1.51	1.51	396900.0
2018-08-10	1.48	1.48	1.5	1.48	372700.0
2018-08-14	1.48	1.47	1.48	1.47	52500.0
2018-08-15	1.47	1.45	1.5	1.47	761400.0
2018-08-16	1.5	1.46	1.5	1.47	42800.0
2018-08-17	1.49	1.47	1.49	1.49	86700.0
2018-08-20	1.48	1.47	1.49	1.47	46200.0
2018-08-21	1.49	1.45	1.5	1.45	172200.0
2018-08-22	1.45	1.45	1.48	1.48	25500.0
2018-08-23	1.48	1.48	1.56	1.51	7146500.0
2018-08-24	1.51	1.5	1.56	1.5	2680000.0
2018-08-27	1.5	1.49	1.55	1.54	3318200.0
2018-08-28	1.55	1.52	1.55	1.52	1957400.0
2018-08-29	1.55	1.55	1.64	1.62	12738800.0
2018-08-30	1.63	1.58	1.64	1.62	7064700.0
2018-08-31	1.63	1.6	1.63	1.6	692000.0
2018-09-03	1.6	1.58	1.64	1.6	2984500.0
2018-09-04	1.61	1.59	1.63	1.59	870900.0
2018-09-05	1.6	1.59	1.62	1.59	993600.0
2018-09-06	1.59	1.59	1.67	1.67	2068100.0
2018-09-07	1.69	1.6	1.71	1.6	4018100.0
2018-09-10	1.6	1.6	1.62	1.6	385900.0
2018-09-11	1.6	1.58	1.67	1.66	1988600.0
2018-09-12	1.66	1.65	1.69	1.69	1135600.0
2018-09-13	1.72	1.69	1.76	1.73	3293700.0
2018-09-14	1.78	1.71	1.78	1.74	853900.0
2018-09-17	1.79	1.79	1.85	1.8	2277800.0
2018-09-18	1.8	1.75	1.8	1.75	846900.0
2018-09-19	1.75	1.7	1.75	1.7	1549500.0
2018-09-20	1.69	1.66	1.7	1.7	543900.0
2018-09-21	1.72	1.7	1.73	1.73	132900.0
2018-09-24	1.73	1.69	1.74	1.69	277500.0
2018-09-25	1.71	1.7	1.71	1.71	48500.0
2018-09-26	1.72	1.7	1.73	1.7	134500.0
2018-09-27	1.71	1.7	1.72	1.72	104000.0
2018-09-28	1.7	1.66	1.71	1.68	319400.0
2018-10-01	1.72	1.67	1.72	1.68	222600.0
2018-10-02	1.7	1.69	1.81	1.75	3013500.0
2018-10-03	1.75	1.72	1.75	1.72	658100.0
2018-10-04	1.73	1.7	1.73	1.7	364600.0
2018-10-05	1.7	1.68	1.71	1.68	462800.0
2018-10-08	1.66	1.6	1.72	1.61	949000.0
2018-10-09	1.61	1.61	1.68	1.64	51100.0
2018-10-10	1.63	1.62	1.64	1.62	266900.0
2018-10-11	1.6	1.58	1.63	1.59	231100.0
2018-10-12	1.65	1.63	1.65	1.65	97700.0
2018-10-16	1.6	1.6	1.68	1.65	67000.0
2018-10-17	1.66	1.6	1.68	1.61	373900.0
2018-10-18	1.58	1.58	1.61	1.59	367600.0
2018-10-19	1.58	1.52	1.59	1.54	321600.0
2018-10-22	1.52	1.49	1.55	1.52	200800.0
2018-10-24	1.5	1.47	1.51	1.47	542600.0
2018-10-25	1.45	1.45	1.55	1.55	214000.0
2018-10-26	1.57	1.52	1.57	1.56	35100.0
2018-10-29	1.55	1.5	1.56	1.55	281100.0
2018-10-30	1.46	1.46	1.55	1.5	347700.0
2018-10-31	1.49	1.49	1.54	1.5	438900.0
2018-11-01	1.51	1.49	1.51	1.49	476800.0
2018-11-02	1.51	1.5	1.53	1.5	164800.0
2018-11-05	1.52	1.49	1.52	1.49	84700.0
2018-11-06	1.52	1.49	1.54	1.49	317300.0
2018-11-07	1.51	1.49	1.51	1.5	174400.0
2018-11-08	1.5	1.49	1.5	1.49	73200.0
2018-11-09	1.49	1.49	1.49	1.49	9500.0
2018-11-12	1.5	1.48	1.53	1.48	543500.0
2018-11-13	1.48	1.47	1.55	1.47	1111100.0
2018-11-14	1.48	1.46	1.49	1.48	29300.0
2018-11-15	1.48	1.46	1.49	1.47	14400.0
2018-11-16	1.5	1.47	1.5	1.47	21500.0
2018-11-19	1.47	1.47	1.48	1.48	2200.0
2018-11-20	1.49	1.47	1.5	1.49	103900.0
2018-11-21	1.47	1.47	1.5	1.5	12500.0
2018-11-22	1.5	1.49	1.51	1.49	222600.0
2018-11-23	1.49	1.49	1.5	1.5	10100.0
2018-11-26	1.5	1.5	1.5	1.5	300.0
2018-11-27	1.49	1.48	1.5	1.48	99600.0
2018-11-28	1.48	1.47	1.5	1.5	68800.0
2018-11-29	1.5	1.47	1.5	1.5	10500.0
2018-11-30	1.49	1.48	1.5	1.5	1700.0
2018-12-03	1.5	1.49	1.5	1.49	4100.0
2018-12-04	1.47	1.47	1.5	1.5	20400.0
2018-12-06	1.47	1.47	1.49	1.49	1100.0
2018-12-07	1.49	1.49	1.5	1.49	72700.0
2018-12-11	1.48	1.48	1.48	1.48	100000.0
2018-12-12	1.49	1.43	1.5	1.43	9500.0
2018-12-13	1.49	1.4	1.5	1.43	136300.0
2018-12-14	1.41	1.37	1.45	1.37	41200.0
2018-12-17	1.37	1.32	1.41	1.39	82300.0
2018-12-18	1.38	1.36	1.4	1.39	5000.0
2018-12-19	1.4	1.39	1.42	1.42	20000.0
2018-12-20	1.4	1.39	1.4	1.4	33100.0
2018-12-21	1.3	1.3	1.43	1.42	37000.0
2018-12-24	1.41	1.4	1.41	1.4	3000.0
2018-12-25	1.38	1.3	1.42	1.42	119900.0
2018-12-26	1.41	1.36	1.41	1.4	191600.0
2018-12-27	1.4	1.38	1.41	1.41	7100.0
2018-12-28	1.34	1.34	1.42	1.42	17200.0
2019-01-02	1.42	1.4	1.43	1.41	34400.0
2019-01-03	1.41	1.39	1.41	1.4	22100.0
2019-01-04	1.41	1.4	1.43	1.41	88700.0
2019-01-07	1.4	1.4	1.41	1.41	46000.0
2019-01-08	1.37	1.37	1.44	1.41	35300.0
2019-01-09	1.42	1.38	1.45	1.38	171600.0
2019-01-10	1.37	1.36	1.4	1.4	39600.0
2019-01-11	1.41	1.4	1.41	1.41	47200.0
2019-01-14	1.39	1.32	1.4	1.4	44200.0
2019-01-15	1.41	1.41	1.42	1.42	10500.0
2019-01-16	1.42	1.38	1.44	1.43	231200.0
2019-01-17	1.44	1.44	1.46	1.46	89100.0
2019-01-18	1.42	1.42	1.45	1.45	25100.0
2019-01-21	1.45	1.43	1.45	1.43	29500.0
2019-01-22	1.43	1.4	1.43	1.43	32200.0
2019-01-23	1.43	1.39	1.43	1.42	77100.0
2019-01-24	1.42	1.41	1.42	1.42	4800.0
2019-01-25	1.42	1.38	1.42	1.4	42400.0
2019-01-28	1.39	1.39	1.51	1.48	594700.0
2019-01-29	1.5	1.48	1.51	1.48	497200.0
2019-01-30	1.5	1.49	1.5	1.49	43100.0
2019-01-31	1.48	1.48	1.52	1.51	111100.0
2019-02-01	1.51	1.5	1.51	1.51	116900.0
2019-02-04	1.54	1.54	1.69	1.6	6203600.0
2019-02-05	1.63	1.61	1.67	1.63	1877200.0
2019-02-06	1.64	1.57	1.66	1.57	1213700.0
2019-02-07	1.55	1.55	1.6	1.59	107200.0
2019-02-08	1.6	1.56	1.6	1.57	125000.0
2019-02-11	1.57	1.54	1.57	1.57	59800.0
2019-02-12	1.57	1.56	1.63	1.59	158500.0
2019-02-13	1.57	1.56	1.58	1.57	63900.0
2019-02-14	1.55	1.55	1.57	1.57	39300.0
2019-02-15	1.59	1.56	1.62	1.59	122200.0
2019-02-18	1.6	1.55	1.6	1.55	55000.0
2019-02-20	1.53	1.53	1.59	1.55	156100.0
2019-02-21	1.58	1.54	1.58	1.56	28600.0
2019-02-22	1.53	1.53	1.56	1.55	36600.0
2019-02-25	1.56	1.54	1.56	1.54	136700.0
2019-02-26	1.52	1.51	1.56	1.53	75300.0
2019-02-27	1.53	1.49	1.53	1.52	134100.0
2019-02-28	1.51	1.48	1.51	1.48	146000.0
2019-03-01	1.47	1.45	1.49	1.49	230100.0
2019-03-04	1.56	1.43	1.58	1.43	1225600.0
2019-03-05	1.45	1.42	1.46	1.42	42100.0
2019-03-06	1.42	1.42	1.44	1.43	27300.0
2019-03-07	1.45	1.42	1.45	1.43	19200.0
2019-03-08	1.45	1.43	1.45	1.43	37000.0
2019-03-11	1.43	1.43	1.49	1.49	258200.0
2019-03-12	1.49	1.44	1.5	1.49	45700.0
2019-03-13	1.49	1.48	1.52	1.51	56600.0
2019-03-14	1.5	1.5	1.56	1.53	272200.0
2019-03-15	1.54	1.49	1.55	1.49	109300.0
2019-03-18	1.49	1.49	1.53	1.53	54100.0
2019-03-19	1.54	1.52	1.56	1.52	210000.0
2019-03-20	1.54	1.49	1.54	1.5	100400.0
2019-03-21	1.5	1.49	1.54	1.52	209300.0
2019-03-22	1.53	1.47	1.55	1.52	332700.0
2019-03-25	1.52	1.5	1.55	1.5	60500.0
2019-03-26	1.45	1.45	1.53	1.5	24100.0
2019-03-27	1.5	1.5	1.52	1.52	21200.0
2019-03-28	1.51	1.5	1.51	1.5	5300.0
2019-03-29	1.49	1.49	1.51	1.51	31600.0
2019-04-01	1.51	1.44	1.51	1.5	86700.0
2019-04-02	1.49	1.49	1.51	1.51	250000.0
2019-04-03	1.51	1.5	1.53	1.53	42800.0
2019-04-04	1.5	1.5	1.54	1.54	33900.0
2019-04-05	1.54	1.48	1.6	1.48	1852600.0
2019-04-09	1.49	1.47	1.5	1.47	179800.0
2019-04-10	1.49	1.49	1.51	1.51	44000.0
2019-04-11	1.51	1.47	1.51	1.5	4200.0
2019-04-12	1.5	1.47	1.5	1.5	22200.0
2019-04-17	1.5	1.49	1.5	1.5	600.0
2019-04-18	1.5	1.49	1.51	1.5	108400.0
2019-04-19	1.5	1.5	1.55	1.53	929800.0
2019-04-22	1.55	1.46	1.59	1.46	2638900.0
2019-04-23	1.49	1.47	1.5	1.47	35900.0
2019-04-24	1.47	1.46	1.48	1.46	15600.0
2019-04-25	1.46	1.46	1.52	1.5	5100.0
2019-04-26	1.5	1.5	1.51	1.51	4600.0
2019-04-29	1.5	1.46	1.5	1.46	60500.0
2019-04-30	1.47	1.45	1.47	1.45	24100.0
2019-05-02	1.45	1.45	1.45	1.45	33100.0
2019-05-03	1.44	1.44	1.49	1.45	45400.0
2019-05-07	1.38	1.38	1.45	1.45	46300.0
2019-05-08	1.4	1.39	1.48	1.48	67700.0
2019-05-09	1.47	1.45	1.47	1.45	38000.0
2019-05-10	1.47	1.42	1.48	1.43	79700.0
2019-05-13	1.43	1.36	1.43	1.4	160600.0
2019-05-14	1.4	1.39	1.4	1.39	51100.0
2019-05-15	1.37	1.37	1.42	1.42	55500.0
2019-05-16	1.4	1.38	1.4	1.38	23300.0
2019-05-17	1.4	1.4	1.4	1.4	100.0
2019-05-21	1.38	1.38	1.4	1.4	8100.0
2019-05-22	1.4	1.39	1.4	1.4	36600.0
2019-05-23	1.42	1.36	1.42	1.39	96300.0
2019-05-24	1.36	1.34	1.36	1.36	225700.0
2019-05-27	1.36	1.36	1.37	1.37	1000.0
2019-05-28	1.37	1.36	1.39	1.39	91400.0
2019-05-29	1.36	1.33	1.36	1.33	141500.0
2019-05-30	1.37	1.33	1.37	1.36	500.0
2019-05-31	1.36	1.36	1.38	1.38	10100.0
2019-06-04	1.36	1.33	1.39	1.39	3500.0
2019-06-05	1.34	1.2	1.36	1.36	86400.0
2019-06-06	1.32	1.24	1.32	1.32	61000.0
2019-06-07	1.33	1.32	1.37	1.35	22900.0
2019-06-10	1.35	1.31	1.35	1.35	26300.0
2019-06-11	1.31	1.31	1.36	1.36	17500.0
2019-06-12	1.37	1.37	1.37	1.37	13800.0
2019-06-13	1.37	1.33	1.37	1.37	11200.0
2019-06-14	1.32	1.29	1.33	1.31	101800.0
2019-06-17	1.34	1.3	1.34	1.34	1200.0
2019-06-18	1.31	1.27	1.33	1.31	40800.0
2019-06-19	1.33	1.3	1.33	1.32	19300.0
2019-06-20	1.31	1.26	1.31	1.31	99800.0
2019-06-21	1.27	1.27	1.3	1.27	107400.0
2019-06-24	1.28	1.28	1.33	1.3	74800.0
2019-06-25	1.33	1.25	1.34	1.29	152800.0
2019-06-26	1.29	1.29	1.33	1.3	113500.0
2019-06-27	1.33	1.25	1.33	1.3	49400.0
2019-06-28	1.27	1.27	1.3	1.3	142000.0
2019-07-01	1.27	1.24	1.28	1.25	159400.0
2019-07-02	1.25	1.24	1.27	1.25	202900.0
2019-07-03	1.24	1.22	1.25	1.22	150800.0
2019-07-04	1.22	1.2	1.26	1.22	105600.0
2019-07-05	1.22	1.2	1.26	1.26	207200.0
2019-07-08	1.25	1.23	1.25	1.25	28400.0
2019-07-09	1.26	1.21	1.26	1.25	88800.0
2019-07-10	1.25	1.23	1.25	1.23	38300.0
2019-07-11	1.25	1.22	1.25	1.24	77600.0
2019-07-12	1.25	1.19	1.25	1.19	246100.0
2019-07-15	1.21	1.21	1.26	1.21	99400.0
2019-07-17	1.25	1.21	1.25	1.23	36600.0
2019-07-18	1.22	1.21	1.22	1.21	30000.0
2019-07-19	1.21	1.21	1.25	1.24	36900.0
2019-07-22	1.21	1.21	1.23	1.22	8900.0
2019-07-23	1.23	1.22	1.24	1.24	102100.0
2019-07-24	1.25	1.23	1.25	1.23	23500.0
2019-07-25	1.24	1.24	1.25	1.25	94900.0
2019-07-26	1.25	1.21	1.25	1.24	82600.0
2019-07-30	1.25	1.21	1.25	1.22	73100.0
2019-07-31	1.24	1.22	1.24	1.24	29200.0
2019-08-01	1.24	1.24	1.27	1.27	234700.0
2019-08-02	1.25	1.23	1.31	1.23	1637200.0
2019-08-05	1.23	1.21	1.29	1.22	89200.0
2019-08-06	1.22	1.2	1.26	1.21	6900.0
2019-08-07	1.22	1.21	1.22	1.21	51200.0
2019-08-08	1.23	1.23	1.23	1.23	100.0
2019-08-09	1.24	1.19	1.24	1.19	34900.0
2019-08-13	1.18	1.15	1.21	1.18	41100.0
2019-08-14	1.2	1.2	1.25	1.24	383500.0
2019-08-15	1.22	1.15	1.31	1.19	1308500.0
2019-08-16	1.23	1.2	1.29	1.23	748800.0
2019-08-19	1.23	1.2	1.24	1.24	3700.0
2019-08-20	1.28	1.22	1.28	1.24	45600.0
2019-08-21	1.24	1.21	1.26	1.22	1041600.0
2019-08-22	1.22	1.18	1.25	1.19	1624500.0
2019-08-23	1.18	1.16	1.18	1.18	73300.0
2019-08-26	1.19	1.13	1.2	1.17	94200.0
2019-08-27	1.17	0.9	1.2	1.09	681000.0
2019-08-28	1.11	1.11	1.14	1.14	134600.0
2019-08-29	1.1	1.1	1.14	1.14	72400.0
2019-08-30	1.14	1.13	1.14	1.14	55000.0
2019-09-02	1.14	1.12	1.14	1.12	58500.0
2019-09-03	1.11	1.08	1.14	1.14	337800.0
2019-09-04	1.14	1.12	1.14	1.14	280400.0
2019-09-05	1.14	1.13	1.15	1.15	255100.0
2019-09-06	1.14	1.14	1.16	1.15	100100.0
2019-09-09	1.15	1.15	1.18	1.18	108900.0
2019-09-10	1.17	1.14	1.17	1.17	189200.0
2019-09-11	1.15	1.15	1.16	1.16	20100.0
2019-09-12	1.14	1.13	1.16	1.15	15400.0
2019-09-13	1.14	1.12	1.16	1.16	83400.0
2019-09-16	1.15	1.14	1.17	1.16	119800.0
2019-09-17	1.16	1.14	1.16	1.14	26000.0
2019-09-18	1.14	1.12	1.15	1.12	54600.0
2019-09-19	1.14	1.13	1.15	1.15	32200.0
2019-09-20	1.14	1.14	1.15	1.15	26400.0
2019-09-23	1.15	1.12	1.15	1.15	58300.0
2019-09-24	1.14	1.14	1.15	1.15	59700.0
2019-09-25	1.14	1.13	1.15	1.13	32100.0
2019-09-26	1.13	1.1	1.14	1.13	60500.0
2019-09-27	1.13	1.13	1.13	1.13	500.0
2019-09-30	1.13	1.13	1.13	1.13	8000.0
2019-10-01	1.13	1.1	1.14	1.14	32000.0
2019-10-02	1.13	1.12	1.13	1.13	5400.0
2019-10-03	1.13	1.12	1.13	1.13	11100.0
2019-10-04	1.13	1.13	1.13	1.13	500.0
2019-10-07	1.12	1.12	1.13	1.13	7000.0
2019-10-08	1.11	1.09	1.12	1.09	87000.0
2019-10-09	1.09	1.06	1.12	1.06	52200.0
2019-10-10	1.06	1.03	1.08	1.08	478100.0
2019-10-11	1.03	1.02	1.08	1.04	560000.0
2019-10-15	1.04	1.03	1.05	1.05	56900.0
2019-10-16	1.04	1.0	1.05	1.0	133600.0
2019-10-17	1.01	1.0	1.03	1.01	85800.0
2019-10-18	1.02	1.01	1.02	1.02	62900.0
2019-10-21	1.02	1.01	1.02	1.02	18800.0
2019-10-22	1.02	1.0	1.03	1.03	8300.0
2019-10-24	1.03	0.99	1.05	1.03	113300.0
2019-10-25	1.03	1.0	1.04	1.0	205900.0
2019-10-28	1.01	1.01	1.01	1.01	100.0
2019-10-29	1.0	1.0	1.0	1.0	27000.0
2019-10-30	1.0	0.98	1.01	0.99	130400.0
2019-10-31	0.99	0.99	1.03	1.01	183400.0
2019-11-01	1.02	1.0	1.02	1.01	25300.0
2019-11-04	1.02	1.01	1.02	1.02	60300.0
2019-11-05	1.02	1.02	1.05	1.04	124600.0
2019-11-06	1.03	1.0	1.05	1.04	176100.0
2019-11-07	1.03	1.03	1.06	1.05	293500.0
2019-11-08	1.06	1.03	1.06	1.06	60100.0
2019-11-11	1.04	1.03	1.1	1.04	255500.0
2019-11-12	1.06	1.05	1.11	1.1	236800.0
2019-11-13	1.08	0.98	1.1	1.0	299500.0
2019-11-14	0.99	0.99	1.08	1.04	321900.0
2019-11-15	1.03	1.03	1.08	1.07	186000.0
2019-11-18	1.05	1.05	1.06	1.06	10500.0
2019-11-19	1.06	1.06	1.06	1.06	1100.0
2019-11-20	1.06	1.05	1.07	1.06	4200.0
2019-11-21	1.06	1.06	1.11	1.09	315800.0
2019-11-22	1.05	1.05	1.13	1.13	194600.0
2019-11-25	1.12	1.12	1.14	1.13	24500.0
2019-11-26	1.14	1.06	1.14	1.08	98000.0
2019-11-27	1.09	1.09	1.1	1.1	102100.0
2019-11-28	1.12	1.1	1.12	1.1	50300.0
2019-11-29	1.13	1.09	1.13	1.09	159300.0
2019-12-02	1.13	1.09	1.13	1.1	5800.0
2019-12-03	1.1	1.09	1.12	1.12	110700.0
2019-12-04	1.11	1.11	1.11	1.11	200.0
2019-12-06	1.13	1.1	1.13	1.13	154500.0
2019-12-09	1.13	1.11	1.14	1.14	128200.0
2019-12-11	1.13	1.12	1.14	1.14	11500.0
2019-12-12	1.14	1.1	1.14	1.13	251700.0
2019-12-13	1.13	1.09	1.13	1.09	131000.0
2019-12-16	1.09	1.04	1.09	1.04	302000.0
2019-12-17	1.06	1.03	1.06	1.03	31100.0
2019-12-18	1.05	1.03	1.06	1.03	15100.0
2019-12-19	1.07	1.07	1.07	1.07	200.0
2019-12-20	1.07	1.07	1.07	1.07	200.0
2019-12-23	1.03	1.03	1.09	1.09	25100.0
2019-12-24	1.12	1.08	1.12	1.1	66500.0
2019-12-25	1.09	1.09	1.09	1.09	100.0
2019-12-26	1.09	1.03	1.1	1.08	141400.0
2019-12-27	1.08	1.08	1.08	1.08	15000.0
2019-12-30	1.06	1.04	1.09	1.05	2800.0
2020-01-02	1.05	1.05	1.08	1.08	2300.0
2020-01-03	1.09	1.08	1.09	1.08	1000.0
2020-01-06	1.07	1.07	1.09	1.09	200.0
2020-01-07	1.13	1.06	1.13	1.06	93700.0
2020-01-08	1.06	1.03	1.06	1.04	18500.0
2020-01-09	1.03	1.03	1.09	1.09	13200.0
2020-01-10	1.07	1.03	1.07	1.05	23000.0
2020-01-13	1.09	1.05	1.09	1.09	10400.0
2020-01-14	1.05	1.01	1.06	1.01	149800.0
2020-01-15	1.02	1.02	1.02	1.02	63400.0
2020-01-16	1.04	1.0	1.04	1.03	168600.0
2020-01-17	1.04	1.04	1.07	1.05	36200.0
2020-01-20	1.05	1.04	1.06	1.06	24700.0
2020-01-21	1.05	0.98	1.05	0.99	227500.0
2020-01-22	0.99	0.99	1.02	1.02	20900.0
2020-01-23	1.02	1.0	1.03	1.0	45000.0
2020-01-24	1.01	1.0	1.03	1.03	8500.0
2020-01-27	1.01	1.0	1.03	1.01	68600.0
2020-01-28	1.02	1.0	1.03	1.03	4400.0
2020-01-29	0.96	0.96	1.01	1.01	6600.0
2020-01-30	1.01	1.01	1.02	1.02	200.0
2020-01-31	1.02	1.02	1.03	1.03	1300.0
2020-02-03	0.99	0.99	1.0	1.0	400.0
2020-02-04	0.98	0.97	0.99	0.97	13200.0
2020-02-05	0.97	0.97	1.02	1.01	16200.0
2020-02-06	0.97	0.97	1.03	1.02	17100.0
2020-02-07	1.03	1.01	1.03	1.01	1400.0
2020-02-11	1.02	1.01	1.02	1.01	200.0
2020-02-12	0.94	0.94	1.02	0.95	86700.0
2020-02-13	0.95	0.95	0.98	0.95	8300.0
2020-02-14	1.0	0.94	1.0	0.98	92500.0
2020-02-17	0.96	0.96	1.0	1.0	45800.0
2020-02-18	1.0	0.95	1.0	0.99	37500.0
2020-02-19	0.99	0.99	0.99	0.99	1900.0
2020-02-20	0.96	0.96	0.99	0.99	5600.0
2020-02-21	0.96	0.92	0.99	0.99	18600.0
2020-02-24	0.92	0.92	0.93	0.92	35100.0
2020-02-25	0.91	0.82	0.91	0.82	58000.0
2020-02-26	0.83	0.59	0.9	0.85	198300.0
2020-02-27	0.69	0.69	0.85	0.85	133700.0
2020-02-28	0.85	0.8	0.85	0.85	20100.0
2020-03-02	0.84	0.73	0.84	0.74	5900.0
2020-03-03	0.74	0.66	0.82	0.82	77600.0
2020-03-04	0.8	0.77	0.89	0.86	195400.0
2020-03-05	0.84	0.84	0.95	0.89	64800.0
2020-03-06	0.91	0.88	0.99	0.92	413900.0
2020-03-09	0.81	0.67	0.91	0.87	44300.0
2020-03-10	0.87	0.8	0.89	0.87	22100.0
2020-03-11	0.89	0.82	0.89	0.88	13100.0
2020-03-12	0.87	0.8	0.87	0.8	21900.0
2020-03-13	0.88	0.77	0.88	0.79	22700.0
2020-03-16	0.87	0.76	0.87	0.81	3100.0
2020-03-17	0.83	0.79	0.83	0.79	26600.0
2020-03-18	0.83	0.78	0.83	0.82	22300.0
2020-03-19	0.8	0.72	0.82	0.78	7600.0
2020-03-20	0.73	0.73	0.8	0.8	14100.0
2020-03-23	0.78	0.69	0.78	0.72	14600.0
2020-03-24	0.72	0.65	0.72	0.7	11500.0
2020-03-25	0.7	0.7	0.75	0.75	10200.0
2020-03-26	0.74	0.69	0.75	0.75	17700.0
2020-03-27	0.69	0.66	0.75	0.69	72300.0
2020-03-30	0.74	0.73	0.74	0.73	300.0
2020-03-31	0.74	0.74	0.75	0.75	200.0
2020-04-01	0.67	0.67	0.75	0.75	1200.0
2020-04-02	0.74	0.68	0.74	0.69	55500.0
2020-04-03	0.67	0.64	0.79	0.78	123200.0
2020-04-07	0.77	0.67	0.79	0.68	536300.0
2020-04-08	0.71	0.67	0.71	0.68	83300.0
2020-04-09	0.67	0.66	0.69	0.68	38000.0
2020-04-10	0.68	0.66	0.69	0.69	56800.0
2020-04-13	0.66	0.66	0.69	0.69	56200.0
2020-04-14	0.69	0.68	0.73	0.71	331900.0
2020-04-15	0.71	0.68	0.75	0.7	746000.0
2020-04-16	0.72	0.67	0.72	0.67	107600.0
2020-04-17	0.66	0.66	0.7	0.69	38300.0
2020-04-20	0.71	0.69	0.71	0.7	15600.0
2020-04-21	0.68	0.67	0.7	0.7	18400.0
2020-04-22	0.68	0.68	0.7	0.69	16300.0
2020-04-23	0.69	0.68	0.7	0.7	71300.0
2020-04-24	0.7	0.69	0.71	0.7	262900.0
2020-04-27	0.7	0.7	0.71	0.71	170200.0
2020-04-28	0.71	0.68	0.71	0.69	279500.0
2020-04-29	0.66	0.66	0.68	0.67	398500.0
2020-04-30	0.67	0.67	0.68	0.67	49600.0
2020-05-05	0.69	0.67	0.71	0.69	368800.0
2020-05-07	0.69	0.67	0.7	0.69	440600.0
2020-05-08	0.68	0.65	0.69	0.65	153400.0
2020-05-11	0.65	0.65	0.69	0.69	184600.0
2020-05-12	0.65	0.64	0.68	0.65	1399200.0
2020-05-13	0.65	0.64	0.66	0.66	192800.0
2020-05-14	0.67	0.64	0.74	0.67	2053300.0
2020-05-15	0.67	0.63	0.68	0.63	282500.0
2020-05-18	0.64	0.64	0.72	0.66	2125800.0
2020-05-19	0.68	0.65	0.69	0.65	680100.0
2020-05-20	0.65	0.65	0.71	0.67	1186200.0
2020-05-21	0.68	0.67	0.7	0.69	1212900.0
2020-05-22	0.7	0.66	0.7	0.68	317200.0
2020-05-25	0.7	0.68	0.73	0.68	1200300.0
2020-05-26	0.7	0.67	0.71	0.69	727900.0
2020-05-27	0.69	0.67	0.69	0.68	173200.0
2020-05-28	0.69	0.67	0.69	0.67	179000.0
2020-05-29	0.67	0.66	0.67	0.67	131400.0
2020-06-01	0.68	0.66	0.68	0.66	151100.0
2020-06-02	0.67	0.67	0.68	0.67	75600.0
2020-06-04	0.67	0.66	0.68	0.66	243000.0
2020-06-05	0.68	0.67	0.69	0.69	664500.0
2020-06-08	0.77	0.77	0.79	0.79	1785600.0
2020-06-09	0.85	0.81	0.9	0.9	5011300.0
2020-06-10	0.97	0.84	0.98	0.85	1584300.0
2020-06-11	0.85	0.82	0.86	0.83	846400.0
2020-06-12	0.8	0.78	0.82	0.8	519200.0
2020-06-15	0.8	0.76	0.8	0.76	200100.0
2020-06-16	0.76	0.7	0.76	0.71	454000.0
2020-06-17	0.72	0.7	0.75	0.72	802200.0
2020-06-18	0.71	0.71	0.79	0.73	972600.0
2020-06-19	0.78	0.72	0.83	0.8	3176700.0
2020-06-22	0.8	0.73	0.8	0.75	1213200.0
2020-06-23	0.76	0.75	0.77	0.77	189500.0
2020-06-24	0.77	0.75	0.78	0.75	238300.0
2020-06-25	0.74	0.74	0.76	0.76	73200.0
2020-06-26	0.76	0.76	0.77	0.76	92800.0
2020-06-29	0.74	0.73	0.77	0.74	135700.0
2020-06-30	0.75	0.71	0.76	0.72	507100.0
2020-07-01	0.71	0.71	0.74	0.73	95100.0
2020-07-02	0.74	0.73	0.74	0.74	67100.0
2020-07-03	0.73	0.72	0.75	0.74	194000.0
2020-07-07	0.74	0.74	0.76	0.76	153800.0
2020-07-08	0.76	0.75	0.77	0.76	99000.0
2020-07-09	0.76	0.74	0.78	0.77	434400.0
2020-07-10	0.77	0.77	0.79	0.78	591400.0
2020-07-13	0.79	0.78	0.81	0.8	438100.0
2020-07-14	0.81	0.78	0.86	0.84	714900.0
2020-07-15	0.85	0.85	0.94	0.93	1756400.0
2020-07-16	0.93	0.89	0.96	0.9	1357900.0
2020-07-17	0.9	0.89	0.92	0.89	99800.0
2020-07-20	0.91	0.87	0.92	0.91	50600.0
2020-07-21	0.88	0.87	0.9	0.87	93800.0
2020-07-22	0.9	0.82	0.9	0.82	484700.0
2020-07-23	0.81	0.81	0.82	0.81	176900.0
2020-07-24	0.81	0.81	0.82	0.81	122600.0
2020-07-29	0.8	0.77	0.8	0.77	210000.0
2020-07-30	0.77	0.76	0.77	0.76	196100.0
2020-07-31	0.77	0.75	0.78	0.75	38500.0
2020-08-03	0.75	0.74	0.75	0.74	148800.0
2020-08-04	0.75	0.74	0.76	0.76	51300.0
2020-08-05	0.75	0.75	0.79	0.79	21500.0
2020-08-06	0.8	0.75	0.8	0.8	25500.0
2020-08-07	0.75	0.75	0.79	0.76	74800.0
2020-08-10	0.75	0.74	0.78	0.78	45000.0
2020-08-11	0.77	0.75	0.79	0.78	14300.0
2020-08-13	0.75	0.75	0.78	0.78	20900.0
2020-08-14	0.78	0.77	0.78	0.78	2500.0
2020-08-17	0.79	0.78	0.79	0.79	13600.0
2020-08-18	0.77	0.72	0.77	0.77	123300.0
2020-08-19	0.77	0.7	0.77	0.71	120200.0
2020-08-20	0.75	0.73	0.75	0.74	9200.0
2020-08-21	0.76	0.74	0.76	0.76	14600.0
2020-08-24	0.76	0.69	0.76	0.7	21600.0
2020-08-25	0.75	0.73	0.75	0.73	7400.0
2020-08-26	0.68	0.68	0.75	0.75	5500.0
2020-08-27	0.75	0.75	0.75	0.75	200.0
2020-08-28	0.75	0.7	0.76	0.71	285400.0
2020-08-31	0.71	0.71	0.73	0.73	5700.0
2020-09-01	0.72	0.71	0.72	0.71	37600.0
2020-09-02	0.72	0.7	0.73	0.71	114900.0
2020-09-03	0.73	0.68	0.73	0.72	70300.0
2020-09-08	0.71	0.7	0.73	0.73	3900.0
2020-09-09	0.7	0.7	0.72	0.71	14100.0
2020-09-10	0.72	0.69	0.72	0.7	17100.0
2020-09-11	0.7	0.7	0.72	0.7	13900.0
2020-09-14	0.7	0.66	0.7	0.69	6800.0
2020-09-15	0.69	0.69	0.7	0.7	10400.0
2020-09-16	0.69	0.68	0.7	0.7	61300.0
2020-09-17	0.68	0.67	0.72	0.69	19100.0
2020-09-18	0.7	0.65	0.7	0.65	23500.0
2020-09-21	0.62	0.61	0.68	0.68	91600.0
2020-09-22	0.65	0.62	0.68	0.63	59300.0
2020-09-23	0.64	0.62	0.71	0.68	635800.0
2020-09-24	0.64	0.62	0.7	0.65	953800.0
2020-09-25	0.63	0.62	0.65	0.65	235500.0
2020-09-28	0.64	0.63	0.65	0.64	76100.0
2020-09-29	0.64	0.61	0.64	0.63	148400.0
2020-09-30	0.64	0.62	0.64	0.63	134400.0
2020-10-01	0.63	0.6	0.63	0.62	124600.0
2020-10-02	0.62	0.62	0.63	0.62	70000.0
2020-10-05	0.62	0.61	0.63	0.63	55500.0
2020-10-06	0.61	0.61	0.63	0.63	310800.0
2020-10-07	0.62	0.61	0.62	0.61	159000.0
2020-10-08	0.62	0.61	0.62	0.62	69000.0
2020-10-09	0.62	0.61	0.65	0.64	840500.0
2020-10-12	0.63	0.61	0.65	0.64	347700.0
2020-10-14	0.61	0.61	0.63	0.62	20000.0
2020-10-15	0.61	0.61	0.63	0.62	20200.0
2020-10-16	0.61	0.52	0.63	0.62	226500.0
2020-10-19	0.62	0.57	0.62	0.6	383800.0
2020-10-20	0.62	0.6	0.62	0.62	26900.0
2020-10-21	0.62	0.61	0.62	0.61	19900.0
2020-10-22	0.6	0.6	0.62	0.62	87000.0
2020-10-27	0.62	0.6	0.62	0.62	20500.0
2020-10-28	0.62	0.6	0.62	0.62	50300.0
2020-10-29	0.62	0.6	0.62	0.62	37600.0
2020-10-30	0.61	0.6	0.61	0.61	50000.0
2020-11-02	0.6	0.57	0.6	0.57	263700.0
2020-11-03	0.6	0.57	0.6	0.58	14300.0
2020-11-04	0.6	0.58	0.6	0.6	13800.0
2020-11-05	0.6	0.58	0.61	0.61	116600.0
2020-11-06	0.59	0.59	0.6	0.6	400.0
2020-11-09	0.61	0.6	0.61	0.61	400.0
2020-11-10	0.62	0.59	0.62	0.6	97000.0
2020-11-11	0.59	0.54	0.59	0.57	1249500.0
2020-11-12	0.59	0.54	0.59	0.54	707000.0
2020-11-13	0.54	0.54	0.55	0.54	112100.0
2020-11-16	0.55	0.53	0.56	0.54	312000.0
2020-11-17	0.55	0.54	0.55	0.55	100800.0
2020-11-18	0.55	0.53	0.56	0.55	41200.0
2020-11-19	0.55	0.54	0.62	0.6	988500.0
2020-11-20	0.61	0.6	0.68	0.6	1964100.0
2020-11-23	0.61	0.6	0.63	0.6	335400.0
2020-11-24	0.6	0.6	0.63	0.61	435200.0
2020-11-25	0.61	0.59	0.61	0.59	222400.0
2020-11-26	0.61	0.6	0.64	0.63	446400.0
2020-11-27	0.62	0.6	0.62	0.61	737600.0
2020-11-30	0.62	0.59	0.62	0.6	285700.0
2020-12-01	0.59	0.57	0.62	0.59	411100.0
2020-12-02	0.59	0.58	0.6	0.6	69400.0
2020-12-03	0.59	0.59	0.62	0.61	1300.0
2020-12-04	0.61	0.61	0.78	0.77	12642700.0
2020-12-08	0.76	0.7	0.77	0.73	2750600.0
2020-12-09	0.73	0.69	0.75	0.69	836500.0
2020-12-14	0.71	0.71	0.84	0.77	5568000.0
2020-12-15	0.79	0.78	0.84	0.8	3143400.0
2020-12-16	0.8	0.78	0.81	0.79	663900.0
2020-12-17	0.8	0.78	0.82	0.78	977900.0
2020-12-18	0.79	0.78	0.82	0.79	587400.0
2020-12-21	0.78	0.75	0.79	0.76	507000.0
2020-12-22	0.73	0.72	0.78	0.76	323200.0
2020-12-23	0.78	0.78	0.82	0.8	629500.0
2020-12-24	0.81	0.76	0.81	0.79	175700.0
2020-12-25	0.78	0.77	0.79	0.79	279300.0
2020-12-28	0.8	0.76	0.81	0.76	334400.0
2020-12-29	0.76	0.73	0.76	0.73	342400.0
2020-12-30	0.75	0.73	0.8	0.73	555900.0
2021-01-04	0.76	0.75	0.76	0.76	66900.0
2021-01-05	0.78	0.76	0.84	0.78	1007200.0
2021-01-06	0.78	0.73	0.78	0.73	174500.0
2021-01-07	0.74	0.74	0.8	0.79	207200.0
2021-01-08	0.79	0.7	0.8	0.74	779800.0
2021-01-11	0.75	0.75	0.78	0.77	388700.0
2021-01-12	0.76	0.74	0.76	0.75	741500.0
2021-01-13	0.74	0.74	0.78	0.77	96900.0
2021-01-14	0.79	0.76	0.79	0.76	11000.0
2021-01-15	0.76	0.74	0.76	0.75	183900.0
2021-01-18	0.74	0.72	0.75	0.75	168400.0
2021-01-19	0.76	0.74	0.76	0.75	132400.0
2021-01-20	0.75	0.74	0.75	0.74	31200.0
2021-01-21	0.74	0.74	0.78	0.75	371300.0
2021-01-22	0.75	0.72	0.75	0.74	63400.0
2021-01-25	0.74	0.74	0.75	0.75	179800.0
2021-01-26	0.76	0.75	0.84	0.82	1484300.0
2021-01-27	0.8	0.79	0.81	0.8	275200.0
2021-01-28	0.8	0.75	0.8	0.75	122200.0
2021-01-29	0.77	0.75	0.77	0.75	47500.0
2021-02-01	0.74	0.74	0.77	0.77	65500.0
2021-02-02	0.75	0.75	0.82	0.82	445900.0
2021-02-03	0.83	0.83	1.01	0.94	7696400.0
2021-02-04	0.97	0.91	0.98	0.91	2321300.0
2021-02-05	0.93	0.85	0.93	0.87	2104200.0
2021-02-08	0.87	0.87	0.97	0.92	2702600.0
2021-02-09	0.92	0.88	0.92	0.88	644100.0
2021-02-10	0.97	0.93	1.02	0.93	4936600.0
2021-02-11	0.97	0.89	0.97	0.93	687800.0
2021-02-15	0.93	0.91	0.93	0.91	507400.0
2021-02-16	0.9	0.88	0.91	0.91	487200.0
2021-02-17	0.93	0.9	0.93	0.9	184200.0
2021-02-18	0.9	0.87	0.9	0.87	461600.0
2021-02-19	0.86	0.85	0.86	0.86	313500.0
2021-02-22	0.86	0.86	0.92	0.86	646600.0
2021-02-23	0.87	0.87	0.91	0.88	198200.0
2021-02-24	0.89	0.85	0.91	0.85	1471900.0
2021-02-25	0.86	0.82	0.87	0.82	979100.0
2021-03-01	0.82	0.74	0.82	0.79	1100600.0
2021-03-02	0.79	0.78	0.8	0.79	329200.0
2021-03-03	0.79	0.76	0.8	0.77	679900.0
2021-03-04	0.75	0.75	0.77	0.76	652400.0
2021-03-05	0.77	0.77	0.83	0.82	744800.0
2021-03-08	0.82	0.82	0.93	0.89	6108400.0
2021-03-09	0.89	0.87	0.93	0.87	1396300.0
2021-03-10	0.89	0.87	0.91	0.88	1315700.0
2021-03-11	0.9	0.88	0.94	0.94	1854700.0
2021-03-12	1.02	0.98	1.11	1.03	22170900.0
2021-03-15	1.04	1.02	1.18	1.11	12210400.0
2021-03-16	1.09	1.08	1.2	1.12	8745300.0
2021-03-17	1.13	1.13	1.26	1.19	16387900.0
2021-03-18	1.16	1.12	1.22	1.12	7312300.0
2021-03-19	1.13	1.12	1.17	1.14	3197200.0
2021-03-22	1.15	1.14	1.24	1.22	6674400.0
2021-03-23	1.22	1.21	1.35	1.28	23254900.0
2021-03-24	1.27	1.24	1.31	1.24	6187000.0
2021-03-25	1.27	1.2	1.28	1.22	2923500.0
2021-03-26	1.23	1.17	1.24	1.19	1389500.0
2021-03-29	1.17	1.17	1.25	1.19	2220500.0
2021-03-30	1.2	1.14	1.23	1.16	3337900.0
2021-03-31	1.18	1.16	1.2	1.18	1825900.0
2021-04-01	1.2	1.17	1.21	1.18	1601800.0
2021-04-02	1.2	1.16	1.2	1.17	1437900.0
2021-04-05	1.17	1.13	1.17	1.13	1645300.0
2021-04-07	1.12	1.11	1.21	1.14	2245000.0
2021-04-08	1.15	1.15	1.16	1.16	536500.0
2021-04-09	1.15	1.15	1.29	1.26	20135300.0
2021-04-12	1.32	1.27	1.44	1.35	93641400.0
2021-04-16	1.35	1.26	1.35	1.26	12492500.0
2021-04-19	1.34	1.32	1.39	1.32	17148100.0
2021-04-20	1.33	1.32	1.38	1.34	14436300.0
2021-04-21	1.35	1.34	1.4	1.34	14857100.0
2021-04-22	1.37	1.31	1.41	1.33	18856100.0
2021-04-23	1.27	1.26	1.35	1.31	8906600.0
2021-04-26	1.33	1.31	1.39	1.35	19812500.0
2021-04-27	1.37	1.3	1.41	1.31	13745300.0
2021-04-28	1.34	1.29	1.35	1.3	5121200.0
2021-04-29	1.32	1.3	1.35	1.32	3962600.0
2021-04-30	1.32	1.31	1.36	1.33	3977100.0
2021-05-05	1.33	1.31	1.59	1.51	81739400.0
2021-05-06	1.58	1.55	1.62	1.58	58220600.0
2021-05-07	1.55	1.49	1.57	1.53	15141200.0
2021-05-10	1.51	1.49	1.55	1.55	7087400.0
2021-05-11	1.54	1.53	1.66	1.63	113508200.0
2021-05-12	1.61	1.55	1.62	1.57	24589800.0
2021-05-13	1.51	1.29	1.53	1.42	19930900.0
2021-05-14	1.46	1.32	1.46	1.4	6317400.0
2021-05-17	1.41	1.34	1.5	1.5	13035300.0
2021-05-18	1.5	1.44	1.61	1.61	31474000.0
2021-05-19	1.56	1.54	1.76	1.54	169141800.0
2021-05-20	1.57	1.49	1.61	1.49	25771400.0
2021-05-21	1.51	1.46	1.54	1.48	12935600.0
2021-05-24	1.5	1.48	1.55	1.52	13655800.0
2021-05-25	1.53	1.52	1.56	1.52	6790800.0
2021-05-27	1.53	1.5	1.58	1.5	11625000.0
2021-05-28	1.51	1.51	1.61	1.54	29256200.0
2021-05-31	1.58	1.53	1.66	1.65	50692800.0
2021-06-01	1.68	1.63	1.98	1.95	206554300.0
2021-06-02	1.84	1.76	1.88	1.83	42324900.0
2021-06-04	1.81	1.79	1.98	1.89	26863500.0
2021-06-07	1.9	1.86	2.02	2.02	51446700.0
2021-06-08	1.98	1.93	2.06	2.02	20101200.0
2021-06-09	1.99	1.92	2.06	2.02	22051100.0
2021-06-10	2.02	2.0	2.28	2.28	37652100.0
2021-06-11	2.28	2.22	2.46	2.38	26535700.0
2021-06-14	2.46	2.46	2.94	2.88	54141300.0
2021-06-15	2.94	2.7	3.04	2.82	42906300.0
2021-06-16	2.82	2.76	3.1	3.06	26608600.0
2021-06-17	3.04	3.02	3.3	3.24	40250700.0
2021-06-18	3.28	3.14	3.36	3.3	27231900.0
2021-06-21	3.28	3.2	3.44	3.42	20359800.0
2021-06-22	3.4	3.28	3.44	3.34	15788400.0
2021-06-23	3.3	2.96	3.34	3.1	31369600.0
2021-06-24	3.06	2.84	3.34	3.3	32741400.0
2021-06-25	3.36	3.16	3.36	3.22	13326700.0
2021-06-28	3.1	3.08	3.22	3.2	4466500.0
2021-06-29	3.22	3.18	3.32	3.26	11521400.0
2021-06-30	3.24	3.16	3.26	3.18	9052500.0
2021-07-01	3.16	3.12	3.28	3.26	8212300.0
2021-07-02	3.26	3.16	3.48	3.2	29487600.0
2021-07-05	3.48	3.2	4.12	4.12	94536000.0
2021-07-06	4.1	3.72	4.26	3.88	64052600.0
2021-07-07	4.0	3.68	4.0	3.8	40008700.0
2021-07-08	3.7	3.48	3.78	3.62	18345000.0
2021-07-09	3.52	3.36	3.62	3.48	19059100.0
2021-07-12	3.54	3.18	3.54	3.3	23020800.0
2021-07-13	3.26	3.24	3.5	3.3	27597500.0
2021-07-14	3.3	3.28	3.44	3.38	16987600.0
2021-07-15	3.42	3.42	3.7	3.58	31374700.0
2021-07-16	3.7	3.54	3.78	3.76	22949000.0
2021-07-19	3.66	3.66	3.86	3.82	22159500.0
2021-07-20	3.86	3.7	4.04	3.98	42909900.0
2021-07-21	4.02	4.02	4.12	4.1	28537000.0
2021-07-22	4.12	3.6	4.12	3.8	85310400.0
2021-07-23	3.76	3.76	4.0	3.9	30484200.0
2021-07-27	3.82	3.64	3.84	3.7	22453200.0
2021-07-29	3.52	3.42	3.84	3.74	39585600.0
2021-07-30	3.76	3.74	3.98	3.88	59119300.0
2021-08-02	3.88	3.78	4.04	3.9	29326800.0
2021-08-03	3.92	3.82	3.98	3.98	18085800.0
2021-08-04	4.08	3.9	4.12	4.02	42070600.0
2021-08-05	4.0	3.96	4.38	4.22	101991600.0
2021-08-06	4.2	4.06	4.2	4.14	18600500.0
2021-08-09	4.14	4.08	4.18	4.08	12525300.0
2021-08-10	4.1	4.1	4.38	4.36	41980800.0
2021-08-11	4.4	4.14	4.4	4.22	19376900.0
2021-08-13	4.14	3.76	4.22	3.92	43147000.0
2021-08-16	3.92	3.54	3.94	3.88	12018000.0
2021-08-17	3.9	3.66	3.92	3.72	8692300.0
2021-08-18	3.74	3.7	3.86	3.86	5004200.0
2021-08-19	3.86	3.8	3.94	3.86	6668000.0
2021-08-20	3.84	3.8	3.88	3.88	4119600.0
2021-08-23	3.92	3.78	3.94	3.82	4597800.0
2021-08-24	3.8	3.74	4.1	4.06	32247100.0
2021-08-25	4.08	4.02	4.2	4.18	16242100.0
2021-08-26	4.22	4.1	4.22	4.1	15595600.0
2021-08-27	4.12	3.9	4.12	4.08	17688200.0
2021-08-30	4.12	3.98	4.12	4.04	5960600.0
2021-08-31	4.08	3.84	4.22	4.0	61876200.0
2021-09-01	4.02	3.98	4.12	4.06	21045900.0
2021-09-02	4.06	3.96	4.08	3.98	18467300.0
2021-09-03	3.98	3.92	4.12	4.04	21627900.0
2021-09-06	4.12	4.02	4.16	4.08	15203100.0
2021-09-07	4.08	4.06	4.46	4.06	98335500.0
2021-09-08	4.02	4.0	4.18	4.06	19730400.0
2021-09-09	4.1	4.02	4.12	4.02	12838100.0
2021-09-10	4.02	3.98	4.06	4.0	16422300.0
2021-09-13	3.96	3.86	3.96	3.92	12818600.0
2021-09-14	3.92	3.88	3.94	3.9	4416700.0
2021-09-15	3.9	3.88	3.94	3.9	3407500.0
2021-09-16	3.92	3.84	3.92	3.84	4991100.0
2021-09-17	3.86	3.68	3.86	3.74	8857400.0
2021-09-20	3.7	3.68	3.82	3.72	2542600.0
2021-09-21	3.7	3.58	3.82	3.82	5693200.0
2021-09-22	3.82	3.72	3.82	3.74	3791400.0
2021-09-23	3.7	3.7	3.86	3.8	4456700.0
2021-09-27	3.78	3.66	3.84	3.7	7073300.0
2021-09-28	3.7	3.64	3.74	3.64	3180700.0
2021-09-29	3.62	3.5	3.64	3.58	6021800.0
2021-09-30	3.56	3.5	3.58	3.56	3124700.0
2021-10-01	3.52	3.46	3.56	3.48	4833000.0
2021-10-04	3.48	3.44	3.54	3.48	3591000.0
2021-10-05	3.48	3.32	3.52	3.32	5877900.0
2021-10-06	3.28	3.28	3.48	3.42	3918600.0
2021-10-07	3.46	3.38	3.56	3.5	4255000.0
2021-10-08	3.5	3.5	3.74	3.64	7985700.0
2021-10-11	3.7	3.58	3.7	3.64	4094700.0
2021-10-12	3.66	3.58	3.66	3.62	2179200.0
2021-10-14	3.6	3.52	3.6	3.58	1465500.0
2021-10-15	3.58	3.54	3.64	3.6	2678300.0
2021-10-18	3.6	3.58	3.76	3.74	7529000.0
2021-10-19	3.78	3.7	3.84	3.78	6395600.0
2021-10-20	3.76	3.72	3.9	3.86	13528500.0
2021-10-21	3.88	3.82	3.9	3.86	6608300.0
2021-10-25	3.86	3.76	3.88	3.82	5581900.0
2021-10-26	3.82	3.82	3.98	3.96	14151200.0
2021-10-27	3.98	3.9	4.04	3.9	10383100.0
2021-10-28	3.98	3.8	4.0	3.84	6042700.0
2021-10-29	3.84	3.8	3.88	3.8	4172200.0
2021-11-01	3.8	3.8	3.98	3.94	9717500.0
2021-11-02	3.96	3.72	4.04	3.72	35791200.0
2021-11-03	3.72	3.62	3.82	3.66	8820800.0
2021-11-04	3.66	3.64	3.74	3.74	2829600.0
2021-11-05	3.76	3.46	3.76	3.56	11373500.0
2021-11-08	3.58	3.42	3.62	3.46	7952000.0
2021-11-09	3.46	3.46	3.62	3.6	3695100.0
2021-11-10	3.66	3.62	3.82	3.78	5896000.0
2021-11-11	3.8	3.72	3.82	3.74	4117200.0
2021-11-12	3.72	2.68	3.78	3.6	18148900.0
2021-11-15	3.72	3.46	3.74	3.48	10001200.0
2021-11-16	3.52	3.5	3.6	3.56	2755700.0
2021-11-17	3.54	3.5	3.58	3.52	1006800.0
2021-11-18	3.56	3.5	3.64	3.64	3541000.0
2021-11-19	3.62	3.58	3.66	3.58	2506200.0
2021-11-22	3.56	3.56	3.62	3.62	1317800.0
2021-11-23	3.58	3.46	3.64	3.54	7834500.0
2021-11-24	3.54	3.54	3.64	3.62	2330900.0
2021-11-25	3.64	3.6	3.92	3.8	50956700.0
2021-11-26	3.78	3.68	3.8	3.74	12598600.0
2021-11-29	3.7	3.54	3.72	3.56	10909400.0
2021-11-30	3.62	3.5	3.64	3.52	4578700.0
2021-12-01	3.52	3.52	3.72	3.7	8452800.0
2021-12-02	3.68	3.62	3.72	3.64	3362800.0
2021-12-03	3.7	3.7	3.84	3.74	8835600.0
2021-12-07	3.76	3.62	3.92	3.7	37379400.0
2021-12-08	3.78	3.66	3.78	3.66	5025400.0
2021-12-09	3.72	3.64	3.72	3.66	2712700.0
2021-12-13	3.64	3.6	3.7	3.64	2307200.0
2021-12-14	3.64	3.52	3.64	3.58	8327200.0
2021-12-15	3.58	3.56	3.68	3.6	6985900.0
2021-12-16	3.62	3.54	3.62	3.54	5704400.0
2021-12-17	3.54	3.5	3.72	3.68	9532100.0
2021-12-20	3.68	3.56	3.7	3.6	5001700.0
2021-12-21	3.66	3.52	3.66	3.54	4213600.0
2021-12-22	3.58	3.54	3.74	3.72	20202400.0
2021-12-23	3.72	3.64	3.76	3.64	9983600.0
2021-12-24	3.68	3.66	3.74	3.66	5329700.0
2021-12-27	3.66	3.56	3.66	3.62	3524000.0
2021-12-28	3.66	3.54	3.66	3.54	5263700.0
2021-12-29	3.56	3.54	3.64	3.58	4692300.0
2021-12-30	3.6	3.58	3.64	3.6	1289000.0
2022-01-04	3.64	3.62	3.76	3.76	14117000.0
2022-01-05	3.76	3.72	3.94	3.92	45969700.0
2022-01-06	3.88	3.82	3.98	3.94	30524900.0
2022-01-07	3.98	3.82	4.12	3.86	62752900.0
2022-01-10	3.86	3.7	3.92	3.7	19331700.0
2022-01-11	3.7	3.7	3.92	3.86	23915500.0
2022-01-12	3.82	3.82	4.04	3.98	51496900.0
2022-01-13	4.04	3.88	4.16	4.04	75228600.0
2022-01-14	4.08	4.0	4.18	4.06	41518200.0
2022-01-17	4.08	4.04	4.28	4.2	83621900.0
2022-01-18	4.32	4.28	4.66	4.56	203755300.0
2022-01-19	4.62	4.62	4.9	4.78	140727000.0
2022-01-20	4.8	4.44	4.84	4.5	68351000.0
2022-01-21	4.46	4.42	4.74	4.7	46306000.0
2022-01-24	4.68	4.5	4.72	4.58	30608000.0
2022-01-25	4.66	4.12	4.74	4.16	93336800.0
2022-01-26	4.08	4.0	4.26	4.06	50508100.0
2022-01-27	4.04	4.04	4.66	4.6	92416500.0
2022-01-28	4.58	4.38	4.66	4.44	51386600.0
2022-01-31	4.48	4.46	4.78	4.7	49537800.0
2022-02-01	4.9	4.82	5.05	5.0	126677400.0
2022-02-02	5.1	4.96	5.25	5.2	69146100.0
2022-02-03	5.15	5.05	5.3	5.25	25133000.0
2022-02-04	5.25	5.0	5.25	5.1	20599800.0
2022-02-07	4.98	4.66	4.98	4.66	62962100.0
2022-02-08	4.76	4.76	4.98	4.84	47469900.0
2022-02-09	4.8	4.54	4.86	4.58	45757100.0
2022-02-10	4.64	4.54	4.7	4.58	20537100.0
2022-02-11	4.52	4.48	4.62	4.58	18339100.0
2022-02-14	4.62	4.48	4.62	4.54	8956300.0
2022-02-15	4.54	4.5	4.68	4.58	16522700.0
2022-02-17	4.54	4.54	4.64	4.6	7625000.0
2022-02-18	4.6	4.46	4.6	4.46	12601500.0
2022-02-21	4.46	4.46	4.78	4.62	33852000.0
2022-02-22	4.58	4.52	4.7	4.66	13242600.0
2022-02-23	4.7	4.54	4.82	4.54	40606000.0
2022-02-24	4.54	4.22	4.62	4.34	23276700.0
2022-02-25	4.36	4.36	4.62	4.54	27701200.0
2022-02-28	4.58	4.32	4.58	4.32	22363000.0
2022-03-01	4.36	4.36	4.42	4.4	6088100.0
2022-03-02	4.38	4.3	4.42	4.34	4178800.0
2022-03-03	4.34	4.26	4.42	4.3	6667300.0
2022-03-04	4.3	4.18	4.34	4.2	10769200.0
2022-03-07	4.1	3.72	4.12	3.82	26308800.0
2022-03-08	3.78	3.54	3.86	3.7	9318200.0
2022-03-09	3.86	3.68	3.88	3.88	5393000.0
2022-03-10	3.92	3.72	3.94	3.74	9216100.0
2022-03-11	3.7	3.68	3.86	3.8	3718900.0
2022-03-14	3.84	3.74	3.84	3.78	2977400.0
2022-03-15	3.82	3.68	3.92	3.7	8707400.0
2022-03-16	3.74	3.74	3.84	3.82	2215000.0
2022-03-17	3.84	3.74	3.86	3.8	2196100.0
2022-03-18	3.76	3.76	3.88	3.8	3940900.0
2022-03-21	3.82	3.74	3.88	3.8	8405900.0
2022-03-22	3.78	3.74	3.84	3.78	4128500.0
2022-03-23	3.8	3.74	3.86	3.84	5226800.0
2022-03-24	3.86	3.74	3.88	3.76	4443000.0
2022-03-25	3.78	3.58	3.78	3.6	9349200.0
2022-03-28	3.54	3.54	3.68	3.68	3232000.0
2022-03-29	3.7	3.66	3.76	3.68	2226400.0
2022-03-30	3.7	3.68	3.82	3.78	4856200.0
2022-03-31	3.8	3.74	3.82	3.74	2594700.0
2022-04-01	3.78	3.7	3.84	3.8	3905700.0
2022-04-04	3.8	3.72	3.82	3.78	2839100.0
2022-04-05	3.8	3.74	3.8	3.74	2112400.0
2022-04-07	3.74	3.64	3.76	3.68	2444300.0
2022-04-08	3.7	3.64	3.7	3.64	1753800.0
2022-04-11	3.62	3.6	3.68	3.62	887000.0
2022-04-12	3.6	3.6	3.66	3.64	914000.0
2022-04-18	3.64	3.62	3.82	3.74	3044700.0
2022-04-19	3.78	3.7	3.78	3.7	1411000.0
2022-04-20	3.72	3.68	3.76	3.68	1176200.0
2022-04-21	3.7	3.68	3.74	3.74	844200.0
2022-04-22	3.74	3.66	3.74	3.7	2425700.0
2022-04-25	3.68	3.6	3.68	3.62	3245000.0
2022-04-26	3.68	3.64	3.8	3.68	20199100.0
2022-04-27	3.7	3.62	3.72	3.68	5889700.0
2022-04-28	3.7	3.6	3.7	3.62	7427900.0
2022-04-29	3.6	3.58	3.64	3.62	1478100.0
2022-05-03	3.6	3.54	3.64	3.56	1771500.0
2022-05-05	3.58	3.42	3.6	3.42	6754300.0
2022-05-06	3.38	3.24	3.42	3.36	2856200.0
2022-05-09	3.34	3.16	3.36	3.18	3230300.0
2022-05-10	3.1	3.1	3.3	3.26	1109400.0
2022-05-11	3.28	3.18	3.3	3.2	1019800.0
2022-05-12	3.2	3.04	3.2	3.06	2810500.0
2022-05-13	3.04	3.0	3.1	3.04	3138900.0
2022-05-17	3.04	3.04	3.22	3.18	1146900.0
2022-05-18	3.24	3.16	3.34	3.26	1999300.0
2022-05-19	3.2	3.2	3.3	3.22	1543500.0
2022-05-20	3.24	3.2	3.28	3.26	1230700.0
2022-05-23	3.24	3.2	3.28	3.22	1464000.0
2022-05-24	3.22	3.22	3.34	3.28	2378000.0
2022-05-25	3.3	3.24	3.34	3.26	1539100.0
2022-05-26	3.3	3.24	3.3	3.26	676400.0
2022-05-27	3.28	3.22	3.28	3.24	648400.0
2022-05-30	3.22	3.22	3.32	3.26	1346000.0
2022-05-31	3.28	3.24	3.28	3.28	453500.0
2022-06-01	3.34	3.14	3.34	3.18	3672300.0
2022-06-02	3.14	3.14	3.2	3.18	1081400.0
2022-06-06	3.22	3.08	3.22	3.1	2084200.0
2022-06-07	3.12	3.06	3.12	3.06	816500.0
2022-06-08	3.06	3.06	3.14	3.1	545600.0
2022-06-09	3.1	3.0	3.1	3.02	2408000.0
2022-06-10	3.02	3.02	3.18	3.12	4447200.0
2022-06-13	3.08	3.02	3.1	3.04	2548300.0
2022-06-14	3.04	3.02	3.08	3.02	810200.0
2022-06-15	3.08	2.98	3.08	2.98	1274500.0
2022-06-16	3.02	2.8	3.02	2.8	3556800.0
2022-06-17	2.8	2.7	2.88	2.8	1709500.0
2022-06-20	2.84	2.76	2.9	2.88	1249200.0
2022-06-21	2.86	2.86	3.0	2.96	1670400.0
2022-06-22	2.98	2.84	3.0	2.88	1725100.0
2022-06-23	2.94	2.8	2.94	2.9	878200.0
2022-06-24	2.9	2.88	2.94	2.88	350000.0
2022-06-27	2.88	2.88	2.92	2.9	324200.0
2022-06-28	2.9	2.88	2.92	2.88	620400.0
2022-06-29	2.9	2.86	2.92	2.86	553800.0
2022-06-30	2.88	2.82	2.88	2.86	831100.0
2022-07-01	2.84	2.78	2.86	2.82	1016500.0
2022-07-04	2.86	2.82	2.86	2.84	934900.0
2022-07-05	2.84	2.74	2.84	2.8	2183400.0
2022-07-06	2.8	2.72	3.02	3.02	5766600.0
2022-07-07	3.04	2.94	3.06	3.02	5504000.0
2022-07-08	3.02	2.96	3.02	2.96	813700.0
2022-07-11	2.96	2.92	3.5	3.5	34141600.0
2022-07-12	3.46	3.28	3.52	3.38	24373700.0
2022-07-14	3.42	3.32	3.5	3.46	37902500.0
2022-07-15	3.46	3.32	3.58	3.4	34010700.0
2022-07-18	3.42	3.36	3.48	3.38	9681200.0
2022-07-19	3.36	3.18	3.42	3.18	10072000.0
2022-07-20	3.2	3.18	3.36	3.34	11486100.0
2022-07-21	3.32	3.28	3.48	3.36	16461000.0
2022-07-22	3.34	3.3	3.38	3.3	2040000.0
2022-07-25	3.26	3.22	3.3	3.24	1312000.0
2022-07-26	3.24	3.24	3.34	3.26	1844700.0
2022-07-27	3.28	3.26	3.32	3.28	1760500.0
2022-08-01	3.28	3.28	3.46	3.46	6975600.0
2022-08-02	3.46	3.36	3.6	3.4	18274200.0
2022-08-03	3.42	3.34	3.46	3.36	4374800.0
2022-08-04	3.36	3.36	3.48	3.38	5886800.0
2022-08-05	3.38	3.38	3.54	3.52	10320400.0
2022-08-08	3.52	3.34	3.6	3.38	34577400.0
2022-08-09	3.42	3.34	3.44	3.36	6897200.0
2022-08-10	3.3	3.2	3.34	3.22	6574100.0
2022-08-11	3.24	3.24	3.32	3.3	2361200.0
2022-08-15	3.34	3.3	3.36	3.32	3316400.0
2022-08-16	3.16	3.16	3.5	3.5	5952900.0
2022-08-17	3.76	3.4	3.8	3.4	48405500.0
2022-08-18	3.34	3.34	3.58	3.44	11167800.0
2022-08-19	3.44	3.36	3.48	3.38	4075100.0
2022-08-22	3.42	3.36	3.46	3.36	2048500.0
2022-08-23	3.36	3.36	3.44	3.4	2776900.0
2022-08-24	3.4	3.26	3.4	3.26	4586700.0
2022-08-25	3.34	3.3	3.38	3.34	1601300.0
2022-08-26	3.36	3.28	3.36	3.3	918800.0
2022-08-29	3.28	3.24	3.32	3.28	1541600.0
2022-08-30	3.26	3.26	3.32	3.26	578800.0
2022-08-31	3.26	3.22	3.32	3.26	2038000.0
2022-09-01	3.22	3.16	3.26	3.18	2809300.0
2022-09-02	3.18	3.16	3.2	3.16	609500.0
2022-09-05	3.18	3.1	3.18	3.1	3506700.0
2022-09-06	3.1	3.1	3.16	3.12	666600.0
2022-09-07	3.14	3.06	3.14	3.1	1198000.0
2022-09-08	3.12	3.08	3.2	3.14	3452000.0
2022-09-09	3.18	3.1	3.18	3.12	719300.0
2022-09-12	3.18	3.08	3.18	3.16	2318700.0
2022-09-13	3.12	3.1	3.16	3.1	736100.0
2022-09-14	3.12	3.1	3.16	3.16	2561300.0
2022-09-15	3.18	3.1	3.18	3.1	1293300.0
2022-09-16	3.12	3.04	3.12	3.06	2277200.0
2022-09-19	3.08	2.96	3.08	3.02	2203300.0
2022-09-20	3.02	3.0	3.06	3.0	559400.0
2022-09-21	3.02	3.0	3.04	3.0	1100400.0
2022-09-22	3.0	3.0	3.22	3.18	11227100.0
2022-09-23	3.18	3.12	3.22	3.18	4074500.0
2022-09-26	3.18	3.08	3.2	3.12	2544500.0
2022-09-27	3.1	3.0	3.14	3.06	1780500.0
2022-09-28	3.02	3.02	3.06	3.02	805700.0
2022-09-29	3.1	2.98	3.1	3.04	1013300.0
2022-09-30	3.04	2.98	3.04	3.02	532800.0
2022-10-03	2.98	2.92	3.0	2.94	1398900.0
2022-10-04	2.96	2.96	3.02	2.96	409500.0
2022-10-05	2.96	2.96	3.0	2.96	276900.0
2022-10-06	2.96	2.94	3.02	2.98	632700.0
2022-10-07	3.0	2.94	3.0	2.98	138800.0
2022-10-10	3.0	2.94	3.0	2.96	551300.0
2022-10-11	2.96	2.9	2.96	2.94	797200.0
2022-10-12	3.0	2.9	3.0	2.98	483600.0
2022-10-17	2.96	2.94	2.96	2.94	313300.0
2022-10-18	2.94	2.94	2.98	2.96	270200.0
2022-10-19	2.96	2.94	2.98	2.96	430300.0
2022-10-20	2.96	2.92	2.96	2.96	260900.0
2022-10-21	2.98	2.9	2.98	2.9	1065500.0
2022-10-25	2.96	2.9	2.96	2.94	190700.0
2022-10-26	2.94	2.9	2.94	2.94	340300.0
2022-10-27	2.94	2.88	2.94	2.94	814600.0
2022-10-28	2.94	2.92	2.96	2.92	880100.0
2022-10-31	2.94	2.9	2.94	2.9	833600.0
2022-11-01	2.92	2.9	2.94	2.9	559500.0
2022-11-02	2.92	2.86	2.94	2.9	2902000.0
2022-11-03	2.88	2.74	2.9	2.82	4292300.0
2022-11-04	2.82	2.8	2.9	2.9	2911700.0
2022-11-07	2.9	2.88	3.1	3.1	8663000.0
2022-11-08	3.16	2.96	3.18	2.96	8892100.0
2022-11-09	2.98	2.9	3.04	2.96	2874900.0
2022-11-10	2.98	2.84	2.98	2.84	1062000.0
2022-11-11	2.88	2.8	2.88	2.84	1188100.0
2022-11-14	2.84	2.78	2.86	2.82	549500.0
2022-11-15	2.8	2.78	2.84	2.84	583400.0
2022-11-16	2.84	2.76	2.96	2.96	1937600.0
2022-11-17	2.88	2.84	2.92	2.84	2754500.0
2022-11-18	2.78	2.76	2.82	2.78	4335500.0
2022-11-21	2.78	2.74	2.8	2.76	745500.0
2022-11-22	2.74	2.7	2.76	2.7	2969800.0
2022-11-23	2.72	2.68	2.76	2.74	236100.0
2022-11-24	2.74	2.7	2.8	2.8	2506800.0
2022-11-25	2.78	2.68	2.78	2.7	559900.0
2022-11-28	2.72	2.64	2.72	2.66	918000.0
2022-11-29	2.7	2.66	2.7	2.7	1164800.0
2022-11-30	2.7	2.66	2.72	2.66	288600.0
2022-12-01	2.68	2.6	2.68	2.64	1399500.0
2022-12-02	2.66	2.62	2.74	2.74	2019600.0
2022-12-06	2.7	2.64	2.7	2.64	384900.0
2022-12-07	2.66	2.66	2.72	2.66	594200.0
2022-12-08	2.68	2.64	2.72	2.64	308000.0
2022-12-09	2.66	2.62	2.66	2.64	303700.0
2022-12-13	2.64	2.6	2.74	2.74	433800.0
2022-12-14	2.72	2.62	2.72	2.64	329900.0
2022-12-15	2.64	2.6	2.64	2.6	216800.0
2022-12-16	2.62	2.5	2.7	2.7	4396000.0
2022-12-19	2.68	2.6	2.68	2.6	400100.0
2022-12-20	2.6	2.52	2.6	2.56	346700.0
2022-12-21	2.58	2.58	2.96	2.9	9801300.0
2022-12-22	2.94	2.9	3.2	3.14	14470400.0
2022-12-23	3.08	3.0	3.1	3.1	13690400.0
2022-12-26	3.14	3.06	3.22	3.1	6685200.0
2022-12-27	3.16	3.08	3.16	3.12	9240400.0
2022-12-28	3.14	3.1	3.16	3.12	1621700.0
2022-12-29	3.14	3.12	3.2	3.14	1314000.0
2022-12-30	3.14	3.14	3.2	3.18	1872800.0
