Date	Price Open	Price Low	Price High	Price Close	Volume
2016-06-16	8.5	8.3	11.7	11.3	253242100
2016-06-17	11.3	9.7	11.8	9.7	82721300
2016-06-20	9.7	9.65	12.5	12.0	113714000
2016-06-21	12.3	11.3	12.8	11.3	78375700
2016-06-22	11.3	10.1	11.9	10.2	40669200
2016-06-23	10.6	10.1	10.9	10.2	22356600
2016-06-24	10.0	9.9	10.6	10.5	17788200
2016-06-27	10.7	10.5	11.1	10.7	25404800
2016-06-28	10.7	10.0	10.8	10.3	9928400
2016-06-29	10.4	10.3	10.7	10.3	8261300
2016-06-30	10.4	10.2	10.7	10.2	8653600
2016-07-04	10.4	10.0	10.6	10.1	6590100
2016-07-05	10.2	10.0	10.4	10.2	5031500
2016-07-06	10.3	10.2	10.6	10.3	9662000
2016-07-07	10.3	10.0	10.3	10.0	3428200
2016-07-08	10.1	10.0	10.2	10.0	1573600
2016-07-11	10.1	10.0	10.3	10.0	1777900
2016-07-12	10.0	10.0	10.5	10.2	8849000
2016-07-13	10.2	10.0	10.2	10.0	1866700
2016-07-14	10.1	10.0	10.3	10.0	1872700
2016-07-15	10.1	9.85	10.1	9.95	1849600
2016-07-20	9.95	9.95	10.1	9.95	1169500
2016-07-21	9.95	9.95	12.9	12.9	88172000
2016-07-22	12.8	12.0	13.3	12.3	62537900
2016-07-25	12.5	12.2	13.5	13.4	58526000
2016-07-26	13.5	12.8	13.6	12.9	22091300
2016-07-27	13.0	12.5	13.2	12.7	8069700
2016-07-28	12.7	12.6	13.5	13.5	13661900
2016-07-29	13.6	13.0	13.9	13.0	13884800
2016-08-01	13.0	13.0	13.3	13.0	3646300
2016-08-02	13.0	12.3	13.0	12.4	2081000
2016-08-03	12.2	12.2	13.0	12.8	4049300
2016-08-04	12.9	12.7	13.2	12.8	1976900
2016-08-05	12.9	12.8	13.4	12.9	6912400
2016-08-08	13.2	12.8	13.8	13.8	12755100
2016-08-09	14.0	14.0	15.2	14.7	35180700
2016-08-10	14.7	14.2	14.8	14.2	5054300
2016-08-11	14.3	14.0	14.7	14.5	4702300
2016-08-15	14.4	14.1	14.9	14.9	2380400
2016-08-16	14.9	14.6	15.1	14.8	3010800
2016-08-17	14.8	14.2	14.9	14.8	1326900
2016-08-18	14.5	13.7	14.7	14.1	2214000
2016-08-19	14.1	13.7	14.1	13.8	808200
2016-08-22	13.6	13.2	13.9	13.2	1796000
2016-08-23	11.5	11.5	12.7	12.3	4401500
2016-08-24	12.2	11.9	12.9	12.9	2165400
2016-08-25	13.0	12.8	13.0	12.9	1015800
2016-08-26	12.8	12.6	12.9	12.8	429700
2016-08-29	12.7	12.5	12.8	12.6	486000
2016-08-30	12.5	12.5	12.9	12.7	404700
2016-08-31	12.7	12.7	13.6	13.5	2033000
2016-09-01	13.7	13.4	14.4	13.7	6901600
2016-09-02	13.5	13.2	13.7	13.4	2225200
2016-09-05	13.4	11.5	13.4	12.9	1655700
2016-09-06	12.9	12.8	13.3	13.3	1080000
2016-09-07	13.3	13.3	14.2	13.6	3484200
2016-09-08	13.5	12.7	13.6	12.8	1939300
2016-09-09	12.6	12.1	12.7	12.4	1062800
2016-09-12	11.9	11.9	12.8	12.4	1077000
2016-09-13	12.7	12.5	12.9	12.8	552800
2016-09-14	12.8	12.8	13.0	12.9	730600
2016-09-15	13.0	12.9	13.3	13.2	820300
2016-09-16	13.4	13.1	13.4	13.2	340900
2016-09-19	13.4	13.3	14.5	14.5	2762700
2016-09-20	14.1	13.7	14.4	14.4	3068600
2016-09-21	14.4	14.3	15.8	15.5	8069700
2016-09-22	16.0	15.7	16.7	16.7	6642500
2016-09-23	16.7	15.3	16.7	16.3	5581200
2016-09-26	15.7	15.7	16.3	16.1	2340500
2016-09-27	16.0	15.5	16.5	15.6	1340200
2016-09-28	15.5	14.6	15.7	14.9	1881500
2016-09-29	14.9	14.9	15.5	15.4	1209900
2016-09-30	15.2	14.7	15.6	14.8	1553000
2016-10-03	15.0	14.5	15.1	14.7	837500
2016-10-04	14.8	14.7	15.7	15.7	1688400
2016-10-05	15.7	15.4	15.7	15.6	657800
2016-10-06	15.6	15.5	16.2	16.1	2578800
2016-10-07	16.2	15.1	16.3	15.4	2813900
2016-10-10	14.0	13.6	14.5	14.1	3248400
2016-10-11	14.2	13.2	14.4	13.7	1487800
2016-10-12	13.4	10.8	13.5	12.9	3123900
2016-10-13	12.5	12.5	13.3	13.3	1270900
2016-10-14	14.0	13.7	15.2	15.0	3950000
2016-10-17	15.4	14.8	15.5	15.0	5085600
2016-10-18	15.1	14.7	15.2	14.7	1166500
2016-10-19	14.7	14.7	16.8	16.6	13695500
2016-10-20	16.4	15.6	16.4	15.6	9044600
2016-10-21	15.6	15.0	16.2	15.2	6415900
2016-10-25	15.3	15.2	16.0	15.9	2042400
2016-10-26	15.8	15.3	15.8	15.5	932000
2016-10-27	15.2	14.6	15.3	15.1	2893600
2016-10-28	15.1	14.3	15.1	14.4	2754400
2016-10-31	14.3	14.3	15.1	15.1	2550200
2016-11-01	15.0	14.6	15.2	14.8	1210000
2016-11-02	14.8	14.7	15.1	15.1	1150100
2016-11-03	15.1	14.8	15.1	14.8	477100
2016-11-04	14.8	14.5	14.8	14.6	657100
2016-11-07	14.9	14.8	15.1	15.1	743300
2016-11-08	15.1	14.8	15.2	14.9	732700
2016-11-09	14.8	14.3	14.9	14.9	1049600
2016-11-10	15.0	14.6	15.0	14.7	629900
2016-11-11	14.8	14.6	15.3	14.9	1514500
2016-11-14	14.9	14.6	14.9	14.6	547400
2016-11-15	14.6	14.3	14.7	14.4	548300
2016-11-16	14.4	14.4	14.7	14.6	653700
2016-11-17	14.6	13.8	14.6	14.0	1521900
2016-11-18	13.8	13.5	13.8	13.6	759900
2016-11-21	13.6	13.6	14.2	13.9	678200
2016-11-22	14.0	13.9	14.2	14.1	435500
2016-11-23	14.1	14.0	14.3	14.3	588700
2016-11-24	14.2	14.2	14.7	14.5	875500
2016-11-25	14.5	14.4	14.6	14.5	305000
2016-11-28	14.5	14.4	14.8	14.4	565200
2016-11-29	14.5	14.2	14.6	14.5	565400
2016-11-30	14.5	14.2	14.5	14.4	956900
2016-12-01	14.3	14.3	15.3	15.0	3459400
2016-12-02	15.1	14.4	15.2	14.8	1841200
2016-12-06	14.8	14.7	15.8	15.6	8496500
2016-12-07	15.6	15.4	16.0	15.5	5938300
2016-12-08	15.7	15.2	16.2	15.2	9234700
2016-12-09	15.3	15.3	16.1	15.8	5372500
2016-12-13	16.1	15.8	17.0	16.2	21061800
2016-12-14	16.2	15.8	16.5	15.8	3613500
2016-12-15	15.7	15.5	16.0	15.8	1466300
2016-12-16	16.1	15.9	16.4	16.2	2646100
2016-12-19	16.4	16.1	16.4	16.1	940700
2016-12-20	16.3	15.9	16.3	16.0	1147200
2016-12-21	16.0	15.8	16.1	15.8	502900
2016-12-22	15.8	15.5	15.8	15.5	584900
2016-12-23	15.6	15.5	15.9	15.9	681000
2016-12-26	16.0	15.5	16.0	15.6	416100
2016-12-27	15.6	15.5	15.8	15.7	229100
2016-12-28	15.7	15.7	17.3	16.4	12472200
2016-12-29	16.5	16.4	16.9	16.6	3072600
2016-12-30	16.7	16.7	17.8	17.5	6581200
2017-01-04	17.8	17.6	18.3	18.1	5719400
2017-01-05	18.2	17.9	18.6	18.1	5450000
2017-01-06	18.1	17.9	18.3	18.2	1423000
2017-01-09	17.9	17.3	17.9	17.7	836400
2017-01-10	17.8	17.3	17.8	17.5	443400
2017-01-11	17.4	17.0	17.4	17.4	1880000
2017-01-12	17.3	17.2	17.6	17.3	383600
2017-01-13	17.3	17.3	17.6	17.4	511800
2017-01-16	17.4	17.4	17.7	17.4	388200
2017-01-17	17.5	17.5	18.1	17.9	927600
2017-01-18	18.0	17.4	18.0	17.4	558900
2017-01-19	17.4	17.0	17.4	17.3	714300
2017-01-20	17.2	17.2	17.5	17.5	96100
2017-01-23	17.5	17.4	17.8	17.7	630600
2017-01-24	17.6	17.5	17.8	17.8	421300
2017-01-25	17.8	17.6	18.0	17.8	365900
2017-01-26	17.6	17.5	17.8	17.5	113800
2017-01-27	17.5	17.0	17.7	17.7	699000
2017-01-30	17.7	17.5	18.0	17.6	476100
2017-01-31	17.4	17.4	17.7	17.6	568500
2017-02-01	17.8	17.6	17.8	17.6	294200
2017-02-02	17.8	17.6	17.8	17.6	135600
2017-02-03	17.6	17.5	17.7	17.7	197700
2017-02-06	17.8	17.8	18.6	18.5	1279000
2017-02-07	18.5	18.2	18.8	18.2	439100
2017-02-08	18.5	18.2	18.5	18.2	459400
2017-02-09	18.3	18.3	18.6	18.3	467800
2017-02-10	18.6	18.3	18.6	18.5	97900
2017-02-14	18.6	18.3	18.8	18.5	357900
2017-02-15	18.8	18.1	18.8	18.4	425900
2017-02-16	18.6	18.0	19.1	18.3	1912600
2017-02-17	18.2	17.5	18.2	17.8	1031800
2017-02-20	17.9	17.7	18.1	17.9	1107200
2017-02-21	18.0	17.1	18.0	17.2	1347700
2017-02-22	17.0	17.0	17.5	17.5	195100
2017-02-23	17.5	17.2	17.6	17.4	278500
2017-02-24	17.1	17.0	17.7	17.3	595900
2017-02-27	17.3	17.0	17.8	17.6	771600
2017-02-28	17.6	17.0	17.6	17.1	581500
2017-03-01	17.2	16.3	17.3	16.5	1165100
2017-03-02	16.6	16.6	17.1	17.0	1243100
2017-03-03	17.0	16.6	17.0	16.7	329300
2017-03-06	16.7	16.4	16.9	16.7	430800
2017-03-07	16.6	16.4	16.7	16.5	133300
2017-03-08	16.5	15.5	16.5	16.0	857400
2017-03-09	16.2	16.2	16.6	16.5	748800
2017-03-10	16.7	16.4	17.8	17.6	1674000
2017-03-13	17.8	16.8	17.9	16.8	954400
2017-03-14	16.8	16.6	17.0	16.7	277100
2017-03-15	16.7	16.0	16.7	16.4	657800
2017-03-16	16.2	16.2	17.0	16.8	766100
2017-03-17	16.8	16.8	17.3	17.1	570800
2017-03-20	17.1	16.8	17.1	16.8	85000
2017-03-21	16.9	16.6	16.9	16.6	57500
2017-03-22	16.6	16.5	16.8	16.6	172900
2017-03-23	16.6	16.6	16.9	16.7	172600
2017-03-24	16.7	16.6	16.7	16.7	80300
2017-03-27	16.7	16.3	16.7	16.4	136200
2017-03-28	16.4	16.4	16.5	16.5	96200
2017-03-29	16.6	16.4	16.6	16.5	65600
2017-03-30	16.5	16.5	16.6	16.6	18700
2017-03-31	16.7	16.5	16.7	16.5	65500
2017-04-03	16.4	16.3	16.7	16.7	307000
2017-04-04	16.9	16.6	17.2	16.6	561100
2017-04-05	16.6	16.2	16.8	16.3	524700
2017-04-07	16.5	16.1	16.5	16.1	448300
2017-04-10	16.1	15.6	16.1	15.7	818600
2017-04-11	15.9	15.5	16.0	15.5	539400
2017-04-12	15.8	15.4	15.8	15.5	407800
2017-04-17	15.4	15.0	15.5	15.4	362100
2017-04-18	15.4	14.7	15.4	14.7	869900
2017-04-19	14.6	14.2	14.6	14.2	874100
2017-04-20	14.3	14.0	14.4	14.0	1355900
2017-04-21	14.2	14.0	14.4	14.0	856600
2017-04-24	14.0	13.4	14.3	13.4	1160400
2017-04-25	13.6	13.4	13.9	13.6	931800
2017-04-26	13.6	13.6	14.3	14.3	1611500
2017-04-27	14.4	14.1	14.6	14.6	713000
2017-04-28	14.4	14.4	15.0	14.9	687800
2017-05-02	14.9	14.6	15.4	14.6	1380300
2017-05-03	14.7	14.4	15.0	14.4	1093700
2017-05-04	14.4	14.4	14.6	14.6	63800
2017-05-05	14.6	14.4	14.7	14.4	119000
2017-05-08	14.5	14.4	14.8	14.5	329800
2017-05-09	14.5	13.7	14.6	13.8	836800
2017-05-11	13.8	13.4	13.9	13.4	381500
2017-05-12	13.9	13.5	14.2	14.0	2121100
2017-05-15	14.0	13.9	14.5	14.1	1424600
2017-05-16	14.1	14.0	14.5	14.1	1343800
2017-05-17	14.1	13.9	14.1	13.9	524500
2017-05-18	13.9	13.7	14.0	13.7	562400
2017-05-19	13.7	13.7	14.4	14.0	2645100
2017-05-22	14.3	14.0	14.5	14.1	2208700
2017-05-23	14.2	14.2	15.4	15.2	9069500
2017-05-24	15.3	15.0	16.0	15.8	5834000
2017-05-25	16.0	15.6	16.0	15.8	2802100
2017-05-26	15.8	15.7	16.5	16.0	4553300
2017-05-29	15.9	15.4	16.2	15.8	1439000
2017-05-30	15.8	15.5	15.9	15.5	617600
2017-05-31	15.5	15.5	16.2	15.9	4028200
2017-06-01	16.0	15.8	16.1	16.0	1357700
2017-06-02	16.0	16.0	17.1	17.0	7631000
2017-06-05	17.0	16.9	17.4	17.0	3170000
2017-06-06	17.0	16.7	17.1	16.9	837800
2017-06-07	17.0	16.8	17.0	16.9	461400
2017-06-08	16.9	16.6	16.9	16.7	1239200
2017-06-09	16.9	16.8	18.0	17.7	9429100
2017-06-12	17.5	17.5	18.5	18.4	6405500
2017-06-13	18.6	18.0	19.3	18.1	14105600
2017-06-14	18.1	17.7	18.3	18.2	1462300
2017-06-15	18.2	18.0	18.6	18.4	1812600
2017-06-16	18.7	18.5	19.2	18.7	3505800
2017-06-19	18.6	18.6	20.3	20.0	5802800
2017-06-20	20.0	19.3	20.7	19.6	5858300
2017-06-21	19.6	19.4	19.9	19.8	1336500
2017-06-22	20.0	19.5	20.0	19.5	850100
2017-06-23	19.8	19.5	20.2	20.2	2366400
2017-06-26	20.3	20.2	21.2	20.9	3970800
2017-06-27	20.8	20.4	20.9	20.5	1252400
2017-06-28	20.6	20.0	20.6	20.2	1128300
2017-06-29	20.3	19.7	20.4	19.7	1279400
2017-06-30	19.6	19.1	19.7	19.7	1646900
2017-07-03	19.5	19.2	19.5	19.2	580900
2017-07-04	19.2	19.2	20.2	20.0	1760400
2017-07-05	20.2	19.5	20.2	19.6	957300
2017-07-06	19.6	19.0	19.6	19.1	976900
2017-07-07	18.9	18.9	19.1	19.1	842700
2017-07-11	19.1	18.6	19.1	19.1	1751800
2017-07-12	19.0	19.0	19.8	19.5	1356500
2017-07-13	19.8	19.7	20.5	20.0	6168800
2017-07-14	20.0	19.8	20.4	20.1	2102300
2017-07-17	20.5	20.2	20.5	20.2	783500
2017-07-18	20.4	19.9	20.4	20.2	510400
2017-07-19	20.1	19.9	20.1	20.0	365000
2017-07-20	20.0	19.7	20.0	19.9	670900
2017-07-21	19.9	19.7	20.0	19.8	254600
2017-07-24	20.0	19.7	20.2	20.1	456500
2017-07-25	20.1	19.9	21.8	21.7	6234700
2017-07-26	22.0	21.2	22.3	22.0	3842200
2017-07-27	21.9	21.6	23.5	23.0	2953800
2017-07-31	22.8	22.3	22.8	22.5	1170300
2017-08-01	22.4	21.8	22.4	22.2	1015900
2017-08-02	22.2	22.2	24.4	24.3	5427800
2017-08-03	24.3	24.1	25.25	24.3	4184900
2017-08-04	24.2	23.7	24.7	23.9	1941600
2017-08-07	23.9	23.9	24.6	23.9	961300
2017-08-08	24.0	24.0	24.3	24.2	463600
2017-08-09	24.4	24.3	26.0	25.0	2740500
2017-08-10	24.9	24.3	25.25	24.7	816100
2017-08-11	24.4	24.3	25.75	25.5	2043300
2017-08-15	25.75	25.25	27.25	26.0	2662600
2017-08-16	25.75	25.75	26.25	25.75	995700
2017-08-17	26.25	26.0	27.0	26.75	1380500
2017-08-18	26.25	26.0	26.75	26.0	407900
2017-08-21	26.5	23.9	26.5	24.2	5598000
2017-08-22	24.4	24.4	25.0	24.6	2488100
2017-08-23	24.8	24.4	24.9	24.4	768000
2017-08-24	24.6	24.6	25.5	25.0	949100
2017-08-25	25.0	24.9	25.5	24.9	200600
2017-08-28	24.9	24.8	25.25	25.0	443100
2017-08-29	25.0	25.0	26.75	26.75	1789500
2017-08-30	27.0	26.0	27.0	26.75	873200
2017-08-31	27.0	26.75	28.75	28.25	3171800
2017-09-01	28.25	27.75	29.75	29.0	1942200
2017-09-04	29.0	28.5	29.25	28.75	661800
2017-09-05	29.25	29.0	31.25	30.0	2794600
2017-09-06	30.0	29.0	30.25	29.5	1018300
2017-09-07	29.25	27.75	29.75	28.25	3148700
2017-09-08	28.5	28.5	29.25	29.0	1105900
2017-09-11	29.25	28.5	29.25	28.75	372700
2017-09-12	29.0	28.75	29.25	28.75	486800
2017-09-13	29.0	28.5	29.0	29.0	348800
2017-09-14	29.0	29.0	31.25	30.25	3073300
2017-09-15	30.25	29.25	30.25	29.5	679900
2017-09-18	29.5	29.5	30.75	29.75	1042400
2017-09-19	29.75	29.5	30.0	29.75	364700
2017-09-20	29.5	28.75	30.0	29.0	645700
2017-09-21	29.25	28.0	29.25	29.0	2038300
2017-09-22	29.0	28.5	29.25	28.5	447000
2017-09-25	28.0	26.5	28.0	27.25	3196800
2017-09-26	26.75	26.75	27.5	27.25	727100
2017-09-27	27.25	26.75	28.5	27.5	2855100
2017-09-28	27.75	27.0	27.75	27.0	771800
2017-09-29	27.0	26.75	27.75	27.0	756800
2017-10-02	27.0	27.0	28.0	27.75	715500
2017-10-03	28.0	28.0	30.0	29.5	4219800
2017-10-04	29.5	28.75	29.75	29.0	1181600
2017-10-05	29.25	28.75	29.5	29.25	654200
2017-10-06	29.25	29.25	31.0	29.5	3199400
2017-10-09	30.0	29.75	32.75	31.75	4166400
2017-10-10	32.0	31.25	32.5	31.75	1093400
2017-10-11	32.0	31.25	34.0	32.75	3138400
2017-10-12	33.5	33.0	35.0	35.0	2670000
2017-10-16	35.75	35.5	38.25	36.75	4180600
2017-10-17	36.25	36.25	37.75	37.25	1645400
2017-10-18	37.25	37.25	38.5	37.5	1798700
2017-10-19	37.0	35.75	39.0	36.5	2764500
2017-10-20	36.5	35.75	37.0	36.5	1751900
2017-10-24	37.25	36.5	37.5	37.0	434700
2017-10-25	37.25	37.25	39.5	38.75	3323300
2017-10-27	39.25	38.75	40.0	39.0	1199400
2017-10-30	39.0	38.25	39.5	38.75	946600
2017-10-31	39.25	37.75	39.25	38.0	1189400
2017-11-01	38.25	36.5	38.5	36.75	1853400
2017-11-02	37.0	36.25	37.25	36.5	759300
2017-11-03	36.5	34.25	36.5	36.25	2216700
2017-11-06	36.0	36.0	37.5	37.5	894500
2017-11-07	38.0	37.75	38.5	37.75	803300
2017-11-08	38.25	37.75	38.75	38.5	724400
2017-11-09	38.75	38.0	38.75	38.0	558700
2017-11-10	37.0	36.25	37.25	37.0	1235300
2017-11-13	37.0	36.25	37.0	36.75	316000
2017-11-14	37.0	36.75	38.5	38.5	701600
2017-11-15	38.5	38.5	42.25	42.0	5246800
2017-11-16	42.0	41.5	42.5	42.0	723900
2017-11-17	42.25	42.25	44.25	43.0	2624900
2017-11-20	43.0	42.5	43.5	43.5	636100
2017-11-21	43.5	41.25	43.5	41.5	1245000
2017-11-22	41.5	39.5	41.5	41.0	3415200
2017-11-23	41.25	41.25	42.5	41.25	1185300
2017-11-24	42.0	40.0	42.0	40.5	810500
2017-11-27	40.25	38.75	41.25	39.25	1239500
2017-11-28	39.25	39.25	40.5	40.0	875200
2017-11-29	40.0	39.25	40.25	39.5	645800
2017-11-30	39.75	37.25	39.75	38.0	1648800
2017-12-01	37.75	37.75	38.75	38.25	314200
2017-12-04	38.0	36.0	38.25	36.75	1180700
2017-12-06	36.0	34.5	36.5	35.0	1791400
2017-12-07	35.25	35.25	37.75	37.0	2481300
2017-12-08	37.5	36.75	37.75	37.0	1202500
2017-12-12	37.0	37.0	38.75	38.5	2132600
2017-12-13	38.75	37.75	39.25	38.0	1233700
2017-12-14	38.0	37.5	38.5	38.0	447000
2017-12-15	38.25	38.0	40.0	40.0	1274400
2017-12-18	40.0	39.5	41.5	41.25	1955100
2017-12-19	41.25	40.25	41.5	40.5	639900
2017-12-20	40.75	40.5	41.25	40.75	505100
2017-12-21	40.75	39.0	40.75	39.75	701600
2017-12-22	39.5	39.0	40.75	40.5	786700
2017-12-25	40.5	39.5	40.75	39.75	321000
2017-12-26	40.0	39.75	40.5	40.25	428500
2017-12-27	40.25	39.0	40.75	39.5	1030900
2017-12-28	40.25	39.75	40.5	40.25	382500
2017-12-29	40.25	40.0	40.5	40.5	287800
2018-01-03	40.25	39.25	40.5	39.5	476100
2018-01-04	39.25	37.25	39.5	37.25	1476900
2018-01-05	37.0	36.5	37.75	37.0	1003800
2018-01-08	37.0	37.0	38.5	38.5	721300
2018-01-09	38.75	37.0	38.75	37.5	749200
2018-01-10	37.25	37.0	38.0	37.0	591600
2018-01-11	36.75	36.25	37.25	36.75	796400
2018-01-12	37.0	36.5	37.5	36.75	794200
2018-01-15	36.75	36.75	37.5	37.0	554700
2018-01-16	37.0	37.0	37.5	37.0	436300
2018-01-17	37.25	37.0	37.25	37.0	149300
2018-01-18	36.75	36.0	36.75	36.0	548600
2018-01-19	35.75	34.5	35.75	35.0	1125100
2018-01-22	35.0	34.5	36.25	35.5	1265300
2018-01-23	35.75	34.5	35.75	34.5	1028300
2018-01-24	34.5	34.25	35.0	34.75	595200
2018-01-25	34.5	34.25	35.0	34.25	304600
2018-01-26	34.0	33.25	34.0	33.5	927900
2018-01-29	33.25	33.25	33.75	33.5	299100
2018-01-30	33.5	33.5	37.25	37.25	2701700
2018-01-31	38.0	37.75	38.75	38.0	1484500
2018-02-01	38.0	36.75	38.0	37.0	515600
2018-02-02	37.0	36.75	37.5	37.0	558300
2018-02-05	35.75	35.5	37.0	36.75	502300
2018-02-06	35.75	35.5	37.0	36.0	705900
2018-02-07	36.75	36.0	37.0	36.0	423500
2018-02-08	35.75	35.25	36.25	35.75	455500
2018-02-09	35.25	35.25	38.25	38.0	1270900
2018-02-12	38.75	36.75	38.75	37.25	1396800
2018-02-13	37.0	36.75	37.5	37.0	269000
2018-02-14	37.0	36.25	37.0	36.25	227400
2018-02-15	36.5	36.5	38.0	38.0	1175900
2018-02-16	38.0	37.5	38.5	37.5	484300
2018-02-19	37.75	37.25	38.25	37.25	184600
2018-02-20	37.5	36.75	37.5	36.75	174800
2018-02-21	37.0	35.75	37.0	36.0	332000
2018-02-22	36.5	34.75	37.0	35.0	785300
2018-02-23	35.5	35.25	36.25	36.0	210900
2018-02-26	36.25	35.5	36.5	35.5	97500
2018-02-27	35.5	35.5	36.25	35.75	234200
2018-02-28	35.0	35.0	36.0	35.75	150400
2018-03-02	35.75	35.0	35.75	35.0	117500
2018-03-05	35.0	34.0	35.5	35.25	402400
2018-03-06	35.25	34.5	35.75	35.25	141000
2018-03-07	35.0	34.75	35.5	35.25	88700
2018-03-08	35.0	33.0	35.0	35.0	467700
2018-03-09	35.0	33.5	35.0	35.0	635800
2018-03-12	34.0	33.75	34.5	34.25	255600
2018-03-13	34.0	32.5	34.5	34.5	673900
2018-03-14	34.0	34.0	35.0	35.0	203500
2018-03-15	35.0	34.75	37.0	36.0	686700
2018-03-16	35.75	35.0	36.5	36.0	510200
2018-03-19	36.0	36.0	36.5	36.25	425400
2018-03-20	36.0	35.25	36.0	35.25	50900
2018-03-21	35.0	34.75	35.75	34.75	183400
2018-03-22	35.0	35.0	36.25	35.75	556200
2018-03-23	35.5	35.5	36.75	36.75	407300
2018-03-26	37.5	36.5	38.75	38.75	4188000
2018-03-27	39.0	38.0	39.25	38.75	1415100
2018-03-28	38.75	37.25	38.75	38.25	734100
2018-03-29	38.5	37.75	39.75	38.5	2860300
2018-03-30	39.0	38.75	41.0	41.0	5550200
2018-04-02	41.0	40.5	42.0	41.5	2986500
2018-04-03	41.25	40.75	41.75	40.75	1087900
2018-04-04	40.75	37.25	41.0	39.5	3604000
2018-04-05	39.5	38.75	40.5	39.25	1260600
2018-04-09	39.5	38.75	40.5	40.25	1149700
2018-04-10	40.5	40.0	41.0	41.0	1769200
2018-04-11	41.75	39.0	41.75	39.0	1010000
2018-04-12	39.25	38.5	39.75	39.0	353300
2018-04-17	39.0	38.25	39.0	38.5	341600
2018-04-18	38.5	38.5	39.5	39.5	374900
2018-04-19	39.75	39.0	39.75	39.5	257800
2018-04-20	39.75	39.5	40.5	39.75	891900
2018-04-23	40.0	39.75	40.75	40.5	1809500
2018-04-24	40.75	40.5	43.75	42.75	3835300
2018-04-25	43.0	42.0	43.5	42.0	1159500
2018-04-26	42.0	41.5	43.75	43.75	1929600
2018-04-27	44.5	43.25	44.75	43.5	1883600
2018-04-30	44.5	43.75	45.0	44.5	2080200
2018-05-02	44.5	44.25	46.0	46.0	2306200
2018-05-03	46.5	43.75	47.5	45.75	1875800
2018-05-04	45.0	44.5	45.25	44.75	331500
2018-05-07	44.75	44.75	45.75	45.5	1007000
2018-05-08	45.75	45.0	47.0	46.5	1428400
2018-05-09	46.5	45.5	46.5	45.5	488900
2018-05-10	45.5	43.25	46.0	43.75	896500
2018-05-11	43.75	43.5	45.25	45.25	382800
2018-05-14	45.25	45.0	46.0	45.25	323700
2018-05-15	45.25	44.5	45.25	44.75	150000
2018-05-16	45.0	44.0	45.25	44.5	307900
2018-05-17	44.5	42.5	44.5	43.5	802500
2018-05-18	43.25	41.75	43.75	43.25	1608000
2018-05-21	43.0	43.0	44.0	43.5	728000
2018-05-22	44.0	42.5	44.0	42.75	236000
2018-05-23	42.25	40.0	42.25	41.5	2819600
2018-05-24	40.75	40.25	41.5	41.5	1193100
2018-05-25	41.0	41.0	42.0	42.0	346000
2018-05-28	42.0	40.5	42.0	40.75	309000
2018-05-30	40.0	39.25	40.5	39.25	710900
2018-05-31	39.5	38.75	40.25	40.0	464600
2018-06-01	39.75	39.75	40.75	39.75	155100
2018-06-04	39.5	39.25	40.0	39.75	181100
2018-06-05	39.75	38.25	39.75	39.25	525600
2018-06-06	39.25	39.25	40.25	40.25	289500
2018-06-07	40.25	38.5	40.25	40.0	651800
2018-06-08	39.5	39.0	39.75	39.25	98700
2018-06-11	39.0	39.0	39.25	39.25	53400
2018-06-12	39.25	38.5	39.25	38.5	339500
2018-06-13	38.5	38.0	38.75	38.0	297000
2018-06-14	38.25	37.25	38.25	37.25	337400
2018-06-15	37.25	35.75	38.0	37.75	1220600
2018-06-18	37.25	37.25	38.5	37.25	365600
2018-06-19	37.0	36.0	37.0	36.75	393300
2018-06-20	36.75	36.5	37.0	36.75	112300
2018-06-21	36.75	36.25	36.75	36.5	129000
2018-06-22	36.25	36.0	36.25	36.25	274000
2018-06-25	36.25	35.0	36.25	35.5	245300
2018-06-26	35.25	34.75	35.5	35.0	162000
2018-06-27	35.0	34.5	36.0	35.0	188600
2018-06-28	35.25	33.75	35.5	35.0	685100
2018-06-29	35.0	33.75	35.5	35.5	490100
2018-07-02	36.0	34.5	36.0	35.5	124900
2018-07-03	35.5	35.0	36.75	36.75	922800
2018-07-04	37.0	36.5	38.25	37.5	1229000
2018-07-05	37.75	30.75	38.25	32.5	3642800
2018-07-06	31.0	28.0	33.75	33.75	4357400
2018-07-09	34.75	32.5	34.75	33.25	656600
2018-07-10	33.5	32.5	34.5	34.0	392500
2018-07-11	33.75	33.5	34.75	34.5	664000
2018-07-12	34.5	34.25	35.25	34.75	316300
2018-07-13	35.25	34.75	35.5	34.75	119900
2018-07-16	35.25	34.0	35.25	34.0	150500
2018-07-17	33.5	33.25	34.0	33.75	34500
2018-07-18	34.0	34.0	35.0	35.0	65800
2018-07-19	35.0	34.5	35.5	34.75	92500
2018-07-20	34.75	34.75	36.25	36.0	410900
2018-07-23	36.0	35.5	36.25	36.25	119100
2018-07-24	36.0	36.0	37.25	36.5	319900
2018-07-25	36.25	35.25	37.0	35.5	323900
2018-07-26	35.5	34.75	35.75	35.0	253500
2018-07-31	34.75	34.75	35.75	35.5	138700
2018-08-01	35.5	35.5	36.25	35.5	127600
2018-08-02	36.0	35.75	36.0	36.0	108400
2018-08-03	35.75	33.75	35.75	33.75	802700
2018-08-06	34.25	33.75	34.75	34.25	266800
2018-08-07	34.5	34.0	34.75	34.25	155700
2018-08-08	33.75	33.5	34.0	33.5	353600
2018-08-09	33.5	33.5	34.5	33.75	282900
2018-08-10	33.75	33.75	34.25	34.0	256000
2018-08-14	33.75	33.25	33.75	33.75	197800
2018-08-15	33.75	32.75	33.75	32.75	242900
2018-08-16	32.75	32.75	33.5	33.25	38100
2018-08-17	33.25	33.25	33.75	33.75	53600
2018-08-20	33.75	33.75	35.5	35.5	448800
2018-08-21	36.0	34.75	36.0	34.75	186700
2018-08-22	34.75	34.25	35.0	34.25	91500
2018-08-23	34.5	33.5	34.5	33.5	158600
2018-08-24	33.5	33.5	34.0	33.75	68200
2018-08-27	33.5	33.5	34.0	33.75	102100
2018-08-28	33.75	33.0	34.0	33.25	170400
2018-08-29	33.5	33.25	33.5	33.25	22800
2018-08-30	33.5	33.25	33.75	33.75	32900
2018-08-31	33.75	33.0	33.75	33.25	57600
2018-09-03	33.5	33.25	33.5	33.25	54200
2018-09-04	33.25	33.0	33.25	33.0	105400
2018-09-05	33.0	32.0	33.0	32.25	101600
2018-09-06	32.0	32.0	32.5	32.25	67800
2018-09-07	32.5	31.25	32.5	31.75	115000
2018-09-10	32.0	31.75	32.5	32.0	62600
2018-09-11	32.0	31.75	32.75	31.75	61300
2018-09-12	31.75	31.25	32.0	31.5	47800
2018-09-13	32.0	32.0	33.0	32.75	87700
2018-09-14	32.75	32.0	33.0	32.25	135500
2018-09-17	32.0	32.0	32.5	32.5	45600
2018-09-18	32.25	32.25	32.75	32.5	101600
2018-09-19	32.75	32.5	33.75	33.25	314600
2018-09-20	33.25	33.25	33.5	33.25	82900
2018-09-21	33.75	33.5	36.0	35.75	1111400
2018-09-24	35.75	35.25	36.25	35.75	521300
2018-09-25	36.0	35.0	36.0	35.25	135500
2018-09-26	35.25	35.25	36.5	36.5	795300
2018-09-27	36.75	35.75	37.0	35.75	465800
2018-09-28	36.0	35.75	36.25	35.75	118300
2018-10-01	35.75	35.75	37.75	37.75	952800
2018-10-02	37.75	36.5	37.75	37.0	310300
2018-10-03	37.25	36.5	38.0	37.0	477400
2018-10-04	36.5	35.5	36.75	35.5	305000
2018-10-05	35.0	35.0	36.25	35.5	179300
2018-10-08	35.75	34.5	36.25	34.5	183600
2018-10-09	34.75	34.5	35.25	34.5	68900
2018-10-10	35.5	35.0	36.0	36.0	103000
2018-10-11	34.5	33.75	35.25	35.0	359100
2018-10-12	35.0	34.75	35.25	34.75	49900
2018-10-16	35.0	34.0	35.0	34.25	71800
2018-10-17	34.25	33.5	34.75	33.5	116600
2018-10-18	33.5	33.25	33.75	33.5	53100
2018-10-19	33.5	32.5	33.5	32.5	145600
2018-10-22	32.0	29.75	32.5	30.25	446400
2018-10-24	29.0	28.75	30.0	30.0	594200
2018-10-25	29.25	29.0	30.75	30.75	743700
2018-10-26	30.75	30.0	31.0	30.75	446300
2018-10-29	30.0	29.5	31.5	31.5	272200
2018-10-30	31.0	30.0	31.5	31.5	157800
2018-10-31	31.5	31.0	32.0	32.0	89000
2018-11-01	32.0	31.5	32.0	31.5	36700
2018-11-02	31.75	31.75	32.75	32.5	179200
2018-11-05	32.25	31.75	32.25	31.75	32900
2018-11-06	31.75	31.5	32.25	31.5	26000
2018-11-07	31.5	31.25	32.0	31.75	19300
2018-11-08	32.0	31.75	32.0	32.0	10200
2018-11-09	32.0	31.0	32.0	31.5	20800
2018-11-12	31.75	31.0	31.75	31.0	24600
2018-11-13	30.5	30.5	31.0	31.0	9800
2018-11-14	30.5	30.5	31.0	31.0	4100
2018-11-15	31.0	29.5	31.0	29.5	223900
2018-11-16	30.0	29.0	30.0	29.25	173800
2018-11-19	29.5	29.0	29.75	29.25	28800
2018-11-20	29.5	28.75	29.5	29.25	59100
2018-11-21	29.0	29.0	30.25	29.5	50600
2018-11-22	30.0	29.5	30.0	29.5	12900
2018-11-23	29.5	29.5	30.0	29.75	23400
2018-11-26	29.75	29.75	29.75	29.75	11900
2018-11-27	29.75	29.5	29.75	29.75	2800
2018-11-28	30.0	29.75	30.75	30.25	206500
2018-11-29	30.5	30.25	31.0	30.25	88300
2018-11-30	30.0	30.0	30.5	30.25	121900
2018-12-03	30.75	30.5	30.75	30.5	71100
2018-12-04	30.5	30.0	30.5	30.0	32500
2018-12-06	30.0	30.0	30.25	30.25	11700
2018-12-07	30.25	30.25	30.5	30.5	800
2018-12-11	30.0	30.0	30.0	30.0	9100
2018-12-12	29.75	28.75	30.0	28.75	83000
2018-12-13	28.75	28.75	30.0	28.75	105300
2018-12-14	29.0	28.0	29.5	28.0	137800
2018-12-17	28.0	27.5	28.25	27.75	15700
2018-12-18	27.5	26.25	27.75	26.75	76400
2018-12-19	26.75	26.0	26.75	26.5	55300
2018-12-20	26.5	25.75	26.5	26.25	34800
2018-12-21	24.6	24.6	26.0	25.0	198300
2018-12-24	25.5	24.9	25.5	24.9	70400
2018-12-25	24.9	23.3	24.9	23.3	358300
2018-12-26	23.6	22.0	24.2	24.0	294900
2018-12-27	24.2	23.2	25.0	23.2	50500
2018-12-28	23.1	23.1	24.0	23.7	17200
2019-01-02	23.8	23.2	23.8	23.3	138600
2019-01-03	23.5	22.8	23.6	23.2	88800
2019-01-04	23.0	22.9	23.6	23.4	97800
2019-01-07	23.6	22.8	23.6	23.0	203100
2019-01-08	23.1	22.8	23.1	22.9	88200
2019-01-09	22.8	22.8	23.7	22.9	125800
2019-01-10	23.0	22.7	23.2	22.8	125600
2019-01-11	22.8	22.8	23.2	23.1	166600
2019-01-14	23.2	23.0	23.3	23.0	49900
2019-01-15	23.4	23.0	23.6	23.1	235700
2019-01-16	23.0	23.0	23.1	23.0	109800
2019-01-17	23.3	23.1	23.5	23.5	44900
2019-01-18	23.5	23.1	23.6	23.2	84200
2019-01-21	23.3	23.3	24.6	24.4	167000
2019-01-22	24.8	24.6	26.25	26.25	476800
2019-01-23	26.25	25.5	26.5	26.0	383600
2019-01-24	26.25	26.0	26.5	26.25	247500
2019-01-25	26.25	26.25	28.25	27.75	577100
2019-01-28	27.5	27.0	28.5	27.5	222100
2019-01-29	27.75	27.0	28.0	27.0	508900
2019-01-30	27.25	26.5	27.5	27.0	413700
2019-01-31	27.0	26.0	28.25	26.25	359900
2019-02-01	26.25	25.75	27.0	27.0	124200
2019-02-04	27.25	26.5	27.25	26.5	52100
2019-02-05	27.0	26.5	27.0	26.5	166800
2019-02-06	26.25	26.25	27.0	26.5	34700
2019-02-07	26.75	25.75	27.0	26.0	156800
2019-02-08	26.25	25.0	26.5	26.25	210400
2019-02-11	26.0	25.75	27.0	27.0	158200
2019-02-12	27.0	26.5	27.25	27.0	123500
2019-02-13	27.25	27.25	28.25	27.75	257900
2019-02-14	27.75	27.5	28.0	27.5	373500
2019-02-15	27.75	26.75	28.0	27.5	94500
2019-02-18	27.5	26.75	27.5	27.0	74200
2019-02-20	27.0	26.25	27.5	27.0	45100
2019-02-21	27.0	27.0	28.0	27.5	81600
2019-02-22	27.75	27.5	28.0	28.0	55200
2019-02-25	28.25	28.25	30.0	29.75	3023700
2019-02-26	30.0	29.0	30.0	29.5	936200
2019-02-27	29.0	29.0	30.0	30.0	642700
2019-02-28	30.0	29.25	30.5	30.0	505400
2019-03-01	30.0	29.25	30.25	29.75	315600
2019-03-04	29.75	29.5	31.25	30.75	1785900
2019-03-05	30.75	30.5	31.0	30.5	255500
2019-03-06	30.75	30.5	31.5	30.5	874300
2019-03-07	30.5	30.5	31.0	31.0	356300
2019-03-08	31.0	30.75	31.75	31.5	644500
2019-03-11	31.5	30.5	31.75	30.5	218100
2019-03-12	30.75	30.5	31.0	30.75	51100
2019-03-13	30.75	29.25	31.0	29.5	375700
2019-03-14	29.5	29.25	30.0	29.75	74500
2019-03-15	29.5	27.5	30.0	28.5	509100
2019-03-18	30.0	28.5	30.0	29.0	139300
2019-03-19	29.0	28.75	29.25	29.25	80400
2019-03-20	29.25	28.5	29.25	28.75	108700
2019-03-21	29.0	28.75	29.25	29.0	25700
2019-03-22	28.75	27.5	29.0	27.5	518500
2019-03-25	27.5	26.0	27.75	26.25	516900
2019-03-26	26.5	26.5	27.0	26.75	162300
2019-03-27	27.0	27.0	27.5	27.25	152400
2019-03-28	27.25	27.25	29.25	28.75	434700
2019-03-29	29.25	28.75	29.25	28.75	109400
2019-04-01	28.75	28.5	29.0	29.0	188100
2019-04-02	29.0	28.5	29.0	28.75	128300
2019-04-03	28.5	28.25	28.75	28.25	79400
2019-04-04	28.25	27.5	28.25	28.0	133700
2019-04-05	27.75	27.5	28.0	27.5	58200
2019-04-09	27.5	27.0	27.75	27.5	93000
2019-04-10	27.5	27.5	28.5	28.25	130600
2019-04-11	28.25	28.0	28.25	28.25	3900
2019-04-12	28.5	28.0	28.5	28.5	38300
2019-04-17	28.5	28.25	29.25	29.0	244700
2019-04-18	29.25	29.25	30.0	29.5	509300
2019-04-19	29.75	29.5	30.5	30.0	490900
2019-04-22	30.0	29.5	30.0	29.5	243000
2019-04-23	29.75	29.25	29.75	29.5	221000
2019-04-24	29.75	29.5	29.75	29.5	72500
2019-04-25	29.75	29.75	31.0	31.0	756200
2019-04-26	31.0	30.25	31.0	30.75	204900
2019-04-29	30.5	30.0	30.5	30.0	317000
2019-04-30	30.0	30.0	30.5	30.25	256400
2019-05-02	30.0	29.75	30.0	29.75	124600
2019-05-03	29.75	29.5	30.0	30.0	58700
2019-05-07	30.0	29.5	30.0	29.5	71600
2019-05-08	29.25	28.5	29.25	28.5	222800
2019-05-09	28.5	28.5	29.0	28.75	79100
2019-05-10	28.5	28.25	29.75	29.25	521500
2019-05-13	29.5	28.75	29.5	29.25	89900
2019-05-14	29.0	28.75	29.0	29.0	63800
2019-05-15	29.25	28.5	29.25	28.5	110700
2019-05-16	28.25	26.75	28.5	26.75	550900
2019-05-17	27.0	26.75	27.5	27.25	129000
2019-05-21	28.0	27.25	28.0	27.5	67200
2019-05-22	27.5	27.25	27.75	27.25	43900
2019-05-23	27.5	27.0	27.5	27.0	57500
2019-05-24	27.0	26.75	27.25	27.25	60900
2019-05-27	27.25	27.25	27.75	27.75	34900
2019-05-28	27.75	27.0	27.75	27.75	23500
2019-05-29	27.0	26.75	27.25	26.75	105900
2019-05-30	27.0	27.0	27.75	27.0	115800
2019-05-31	27.0	26.75	27.25	27.0	7600
2019-06-04	27.25	27.25	27.25	27.25	25200
2019-06-05	27.75	27.0	27.75	27.0	26600
2019-06-06	27.25	27.25	28.5	28.25	204700
2019-06-07	28.25	28.25	30.0	29.75	801200
2019-06-10	30.5	30.25	31.25	30.5	1131300
2019-06-11	31.0	30.25	31.25	31.25	504400
2019-06-12	31.5	31.25	33.25	32.75	1743400
2019-06-13	32.75	32.25	33.25	32.25	481800
2019-06-14	32.75	31.25	32.75	31.5	411600
2019-06-17	31.75	30.75	31.75	31.5	533300
2019-06-18	31.5	29.5	31.5	30.25	1748900
2019-06-19	30.5	30.5	32.0	31.5	558100
2019-06-20	31.75	30.75	32.0	31.0	791100
2019-06-21	31.5	30.25	31.5	30.25	173700
2019-06-24	30.5	30.25	31.25	31.0	226600
2019-06-25	31.0	30.5	31.0	30.75	110600
2019-06-26	30.75	30.75	31.5	30.75	380700
2019-06-27	31.25	31.25	33.25	32.5	2258900
2019-06-28	33.25	32.25	33.25	32.25	682000
2019-07-01	32.5	31.75	33.0	31.75	380400
2019-07-02	32.0	31.5	32.5	32.0	466600
2019-07-03	32.0	31.5	32.25	31.5	184300
2019-07-04	31.75	31.0	32.5	31.25	462300
2019-07-05	31.5	31.25	31.75	31.5	218400
2019-07-08	31.75	31.75	33.25	33.25	1244600
2019-07-09	33.75	32.5	34.5	33.0	3662100
2019-07-10	33.0	33.0	33.75	33.0	573400
2019-07-11	33.75	33.25	34.0	33.75	647400
2019-07-12	33.75	32.5	34.0	33.0	472400
2019-07-15	33.25	32.75	33.5	32.75	349500
2019-07-17	33.0	31.5	33.0	31.5	700900
2019-07-18	31.5	31.5	32.25	31.5	252400
2019-07-19	31.75	31.5	32.5	31.75	311900
2019-07-22	32.0	32.0	33.0	32.5	322000
2019-07-23	32.75	31.0	32.75	31.5	520300
2019-07-24	31.5	31.5	31.75	31.75	75300
2019-07-25	31.75	31.5	32.0	31.5	88900
2019-07-26	31.5	30.25	32.0	30.5	687500
2019-07-30	30.25	29.75	30.75	30.5	393600
2019-07-31	30.5	30.5	31.25	31.0	159200
2019-08-01	31.0	30.0	31.0	30.25	235900
2019-08-02	30.0	29.5	30.25	30.25	555100
2019-08-05	30.25	29.5	30.25	29.5	208600
2019-08-06	29.0	28.75	30.0	30.0	248200
2019-08-07	30.25	29.5	30.25	29.75	197000
2019-08-08	29.75	29.5	29.75	29.5	73500
2019-08-09	31.5	30.75	32.5	31.25	2037000
2019-08-13	31.25	30.25	31.5	30.75	372300
2019-08-14	31.25	31.25	32.0	31.25	570600
2019-08-15	31.0	30.5	32.25	32.0	832500
2019-08-16	32.25	31.75	32.25	32.0	305200
2019-08-19	32.25	32.0	33.0	32.0	744600
2019-08-20	32.5	31.25	32.5	31.5	286800
2019-08-21	31.25	30.75	31.75	31.25	478500
2019-08-22	31.5	30.25	31.5	30.5	461800
2019-08-23	30.5	30.5	32.25	32.25	778700
2019-08-26	31.0	31.0	33.25	33.0	1051800
2019-08-27	33.25	33.0	34.25	33.25	752000
2019-08-28	33.5	32.75	34.0	32.75	480900
2019-08-29	33.25	33.0	34.25	34.25	657900
2019-08-30	34.5	34.0	35.5	34.25	2008800
2019-09-02	34.5	33.5	34.5	33.75	468200
2019-09-03	34.0	33.5	34.25	34.0	436900
2019-09-04	34.25	34.0	35.0	34.25	325000
2019-09-05	34.75	34.25	35.25	35.25	579200
2019-09-06	35.5	35.0	36.25	35.25	825100
2019-09-09	35.25	34.5	35.25	34.75	239800
2019-09-10	34.75	34.25	35.0	34.25	301800
2019-09-11	34.25	34.25	34.5	34.25	183600
2019-09-12	34.5	34.25	35.25	34.75	291700
2019-09-13	34.5	34.0	34.5	34.25	119800
2019-09-16	34.25	33.75	34.25	34.25	106500
2019-09-17	34.25	32.75	35.0	32.75	849400
2019-09-18	33.0	32.25	33.0	32.5	335200
2019-09-19	32.5	32.5	33.5	33.5	294100
2019-09-20	33.0	32.5	33.5	32.75	225800
2019-09-23	33.0	32.5	33.25	32.5	82100
2019-09-24	32.25	31.25	32.5	31.5	430200
2019-09-25	31.5	31.5	32.0	31.75	187900
2019-09-26	32.0	31.75	32.5	32.0	286800
2019-09-27	32.25	32.0	32.25	32.25	83800
2019-09-30	32.25	31.75	32.25	32.0	104900
2019-10-01	32.0	31.75	32.0	31.75	131900
2019-10-02	31.75	30.5	31.75	31.0	518300
2019-10-03	30.75	30.0	30.75	30.5	951000
2019-10-04	30.5	30.25	30.5	30.5	81400
2019-10-07	30.5	30.25	30.5	30.25	127100
2019-10-08	30.5	30.5	31.5	31.25	408400
2019-10-09	31.25	31.0	31.5	31.25	855600
2019-10-10	31.25	31.25	33.0	33.0	855700
2019-10-11	32.75	32.25	33.0	33.0	201300
2019-10-15	33.0	32.0	33.0	32.0	156500
2019-10-16	32.5	31.75	32.75	32.0	218700
2019-10-17	32.25	32.0	32.5	32.5	118400
2019-10-18	32.25	32.25	32.25	32.25	20700
2019-10-21	32.5	32.0	32.5	32.25	86100
2019-10-22	32.25	32.0	33.25	33.25	359700
2019-10-24	33.5	32.0	33.5	32.25	309600
2019-10-25	32.5	31.25	32.5	31.25	759900
2019-10-28	31.25	30.25	31.5	30.75	153200
2019-10-29	30.75	30.5	31.5	30.75	114800
2019-10-30	31.0	30.5	31.25	30.75	154600
2019-10-31	31.0	31.0	31.5	31.25	174200
2019-11-01	31.5	31.0	31.5	31.25	257000
2019-11-04	31.25	30.5	31.5	31.25	167800
2019-11-05	31.25	31.0	31.5	31.25	96400
2019-11-06	31.5	31.5	33.25	32.5	1266100
2019-11-07	32.75	32.5	33.5	33.0	302600
2019-11-08	33.25	32.25	34.5	33.75	1235100
2019-11-11	33.5	32.75	33.5	32.75	227800
2019-11-12	33.0	32.75	33.5	33.25	220200
2019-11-13	33.25	32.25	33.25	32.5	383900
2019-11-14	32.25	32.25	33.25	32.75	409900
2019-11-15	32.5	32.5	33.0	32.75	719900
2019-11-18	32.75	32.5	33.0	33.0	159400
2019-11-19	33.0	33.0	35.0	34.5	1929200
2019-11-20	34.5	34.25	35.25	34.25	1162200
2019-11-21	34.5	33.25	34.5	33.5	628200
2019-11-22	33.5	33.5	34.5	33.75	370000
2019-11-25	34.0	34.0	34.5	34.25	363300
2019-11-26	34.5	33.75	34.5	34.0	354500
2019-11-27	34.0	33.5	34.25	33.75	348400
2019-11-28	33.75	32.25	33.75	32.25	812900
2019-11-29	32.0	31.75	32.5	32.5	528700
2019-12-02	33.0	32.25	33.25	32.5	430400
2019-12-03	32.5	32.5	32.75	32.5	77600
2019-12-04	32.5	32.5	32.75	32.75	102600
2019-12-06	33.0	32.5	33.0	32.75	163800
2019-12-09	32.5	32.5	32.75	32.75	144200
2019-12-11	33.0	32.0	33.0	32.0	361000
2019-12-12	32.0	32.0	33.5	33.25	432700
2019-12-13	33.5	33.0	33.75	33.25	73500
2019-12-16	33.0	32.0	33.0	32.0	174500
2019-12-17	31.5	30.75	32.0	31.75	418100
2019-12-18	31.5	31.5	32.25	32.0	176100
2019-12-19	31.75	31.75	32.5	32.5	45500
2019-12-20	32.0	31.75	32.75	32.25	240500
2019-12-23	32.25	32.0	32.75	32.0	58200
2019-12-24	32.0	30.75	32.5	31.25	697300
2019-12-25	31.25	31.25	31.75	31.75	57000
2019-12-26	31.5	31.0	32.0	32.0	391700
2019-12-27	32.0	31.75	32.5	32.0	73400
2019-12-30	32.25	31.75	32.75	32.0	186600
2020-01-02	32.25	32.25	32.75	32.5	173700
2020-01-03	32.5	32.0	32.75	32.5	739700
2020-01-06	32.25	31.0	32.25	31.25	283800
2020-01-07	31.5	31.5	32.25	32.0	197700
2020-01-08	31.25	31.0	31.75	31.0	532900
2020-01-09	31.5	31.5	32.5	32.25	422600
2020-01-10	32.5	31.75	32.5	32.0	84600
2020-01-13	32.0	32.0	33.75	33.5	697100
2020-01-14	33.5	33.25	34.75	34.0	743900
2020-01-15	34.25	33.5	34.25	33.5	211100
2020-01-16	34.0	33.75	34.25	34.0	70400
2020-01-17	34.0	33.5	34.0	34.0	107100
2020-01-20	34.0	33.5	34.0	33.5	49000
2020-01-21	33.5	33.0	33.75	33.75	245700
2020-01-22	33.5	33.25	33.75	33.75	101100
2020-01-23	33.75	33.25	34.75	34.75	348200
2020-01-24	35.0	34.75	37.0	34.75	1989800
2020-01-27	34.5	33.0	35.0	35.0	763800
2020-01-28	34.5	33.0	34.75	33.25	424200
2020-01-29	33.5	33.25	33.75	33.5	377400
2020-01-30	33.5	32.75	33.5	33.5	136500
2020-01-31	33.5	32.25	33.75	32.5	385200
2020-02-03	32.5	31.75	33.0	32.5	718800
2020-02-04	32.5	32.0	32.75	32.75	398300
2020-02-05	32.75	32.75	33.25	33.0	105400
2020-02-06	33.25	32.5	33.25	32.5	163500
2020-02-07	32.5	32.25	33.0	32.75	88800
2020-02-11	32.75	32.25	32.75	32.5	147600
2020-02-12	32.5	32.25	33.25	33.0	72100
2020-02-13	32.75	32.5	32.75	32.75	63400
2020-02-14	32.5	32.5	32.75	32.75	80100
2020-02-17	32.5	32.25	32.5	32.5	64200
2020-02-18	32.25	31.5	32.5	32.5	226400
2020-02-19	32.25	31.5	32.25	31.5	85400
2020-02-20	31.5	31.25	31.75	31.25	56800
2020-02-21	31.25	30.0	31.5	31.5	360800
2020-02-24	31.0	29.5	31.25	29.5	250400
2020-02-25	28.5	27.5	29.5	29.0	1336600
2020-02-26	27.5	26.5	28.25	27.25	1264700
2020-02-27	27.25	26.75	28.75	28.75	696400
2020-02-28	26.5	26.0	28.5	28.0	4257400
2020-03-02	28.0	26.5	28.75	28.75	753300
2020-03-03	29.75	28.75	29.75	29.25	202700
2020-03-04	28.5	28.0	29.75	29.75	379800
2020-03-05	30.0	30.0	31.0	31.0	1153300
2020-03-06	30.5	30.0	30.5	30.25	231900
2020-03-09	29.25	28.5	30.25	30.25	1300400
2020-03-10	30.0	29.75	31.25	30.75	379300
2020-03-11	30.75	30.0	31.0	30.25	514000
2020-03-12	29.5	28.25	29.75	28.5	501200
2020-03-13	27.0	24.6	29.25	28.0	600200
2020-03-16	28.25	27.0	28.25	28.0	306100
2020-03-17	27.0	27.0	28.0	27.0	243500
2020-03-18	27.5	27.0	28.5	27.25	411900
2020-03-19	26.25	26.0	27.25	27.25	344700
2020-03-20	28.25	27.75	28.75	28.0	398700
2020-03-23	26.5	26.25	27.0	26.5	109000
2020-03-24	26.75	25.75	27.0	26.25	138500
2020-03-25	27.25	26.5	27.25	27.0	187400
2020-03-26	27.0	26.5	27.5	27.25	174500
2020-03-27	27.25	26.75	27.5	27.25	143400
2020-03-30	27.25	26.5	27.25	26.75	88200
2020-03-31	27.0	27.0	28.0	27.25	247100
2020-04-01	27.25	27.0	27.75	27.25	72200
2020-04-02	27.5	27.0	28.25	28.25	113800
2020-04-03	28.25	28.0	28.75	28.75	366100
2020-04-07	29.25	29.0	30.25	29.5	772300
2020-04-08	29.5	29.25	29.75	29.5	100800
2020-04-09	29.75	29.5	30.75	29.5	404600
2020-04-10	29.75	29.75	30.0	30.0	53400
2020-04-13	30.25	30.0	31.0	30.5	256100
2020-04-14	30.75	30.25	32.0	31.0	578200
2020-04-15	29.0	29.0	30.0	29.25	448800
2020-04-16	29.25	29.25	30.0	30.0	70300
2020-04-17	30.0	29.25	30.75	29.75	518700
2020-04-20	29.75	29.5	33.25	32.5	984300
2020-04-21	32.0	31.5	32.75	31.5	239000
2020-04-22	31.75	30.75	31.75	31.25	200500
2020-04-23	31.5	30.5	31.5	31.5	231000
2020-04-24	31.5	30.25	31.75	30.75	363700
2020-04-27	30.5	30.5	31.25	31.25	76900
2020-04-28	31.5	31.25	31.75	31.5	116600
2020-04-29	31.5	31.5	32.0	32.0	73100
2020-04-30	32.25	31.25	32.25	31.25	123500
2020-05-05	31.0	31.0	31.25	31.0	79800
2020-05-07	31.0	30.0	31.5	30.0	272100
2020-05-08	30.25	29.25	30.5	29.5	294800
2020-05-11	29.75	29.75	31.0	30.25	237400
2020-05-12	30.0	29.75	31.25	30.5	414600
2020-05-13	30.5	29.75	31.0	30.0	542400
2020-05-14	29.75	29.75	30.75	30.0	156000
2020-05-15	30.5	30.0	30.75	30.0	93700
2020-05-18	30.25	30.25	32.5	32.5	751600
2020-05-19	32.5	32.25	34.0	33.5	679200
2020-05-20	33.5	33.5	35.25	35.25	811800
2020-05-21	35.5	34.5	35.75	35.0	622300
2020-05-22	34.75	33.0	34.75	33.25	474600
2020-05-25	33.75	33.0	34.25	34.25	154000
2020-05-26	34.25	33.75	34.25	34.0	211800
2020-05-27	34.25	34.0	35.5	34.5	525600
2020-05-28	34.75	34.5	35.5	34.75	353300
2020-05-29	34.5	34.0	35.0	34.75	327600
2020-06-01	35.25	35.0	36.75	35.75	1127000
2020-06-02	35.75	35.25	37.25	36.0	1089500
2020-06-04	36.5	36.25	37.25	37.25	900800
2020-06-05	37.25	35.75	37.25	36.25	661800
2020-06-08	36.25	35.5	36.25	35.5	361600
2020-06-09	35.5	34.0	35.75	35.25	466000
2020-06-10	35.0	34.0	35.0	34.75	215600
2020-06-11	34.5	34.0	35.5	34.5	530800
2020-06-12	33.5	33.5	34.5	34.25	291200
2020-06-15	34.0	33.5	34.25	33.5	611700
2020-06-16	34.0	33.5	34.5	33.5	191700
2020-06-17	33.75	33.75	34.25	34.25	48900
2020-06-18	34.0	33.5	34.0	34.0	221300
2020-06-19	34.0	33.5	34.0	34.0	75000
2020-06-22	33.5	33.0	33.75	33.25	285200
2020-06-23	33.5	33.0	33.5	33.0	49200
2020-06-24	33.5	32.0	33.5	32.75	429400
2020-06-25	32.0	31.5	33.75	33.75	678000
2020-06-26	34.0	32.75	34.0	33.0	120300
2020-06-29	32.5	32.25	33.75	33.5	278400
2020-06-30	33.5	33.5	35.5	35.25	832600
2020-07-01	35.25	35.0	35.5	35.5	256900
2020-07-02	35.75	35.25	35.75	35.25	158900
2020-07-03	35.0	34.0	35.25	34.25	324400
2020-07-07	34.25	34.25	34.75	34.25	257700
2020-07-08	33.75	33.75	34.5	34.25	158900
2020-07-09	34.25	34.0	34.25	34.0	66100
2020-07-10	33.75	33.0	33.75	33.25	210500
2020-07-13	33.5	32.0	33.75	32.0	254600
2020-07-14	32.0	30.75	32.0	31.75	219500
2020-07-15	32.0	31.75	32.75	32.5	87100
2020-07-16	32.5	32.0	33.0	32.75	111100
2020-07-17	33.25	32.5	33.25	32.75	44000
2020-07-20	32.75	31.75	33.25	31.75	263100
2020-07-21	32.0	31.75	32.25	31.75	184900
2020-07-22	31.75	31.0	31.75	31.25	435600
2020-07-23	31.25	30.5	32.0	31.0	485100
2020-07-24	31.0	30.0	31.25	30.25	515400
2020-07-29	30.5	29.25	30.5	29.5	705600
2020-07-30	29.75	29.5	30.25	29.5	643200
2020-07-31	29.25	29.25	30.25	30.0	437600
2020-08-03	30.0	29.5	30.0	29.5	175800
2020-08-04	29.75	29.75	30.25	29.75	174700
2020-08-05	29.75	29.75	31.0	30.5	578900
2020-08-06	30.5	30.25	31.75	31.25	491000
2020-08-07	31.25	31.0	31.75	31.25	375200
2020-08-10	31.5	30.75	31.5	30.75	156800
2020-08-11	30.25	30.0	30.75	30.25	212800
2020-08-13	30.75	30.0	30.75	30.0	93900
2020-08-14	30.0	30.0	30.5	30.25	71500
2020-08-17	30.25	29.75	30.5	30.25	98600
2020-08-18	30.0	30.0	30.5	30.5	125900
2020-08-19	30.5	29.75	30.5	30.25	265600
2020-08-20	30.0	29.5	30.25	29.75	92400
2020-08-21	29.75	29.0	30.0	29.75	158800
2020-08-24	29.75	28.75	29.75	29.0	332300
2020-08-25	29.25	28.5	29.25	29.0	376000
2020-08-26	29.0	28.75	29.5	29.25	71000
2020-08-27	29.0	29.0	30.25	30.0	310400
2020-08-28	30.25	29.75	30.25	29.75	98800
2020-08-31	30.0	29.5	30.25	29.75	308200
2020-09-01	29.75	28.75	29.75	28.75	502200
2020-09-02	28.75	27.25	29.25	28.0	872900
2020-09-03	28.5	27.75	28.5	27.75	595400
2020-09-08	27.75	24.9	27.75	25.0	5519900
2020-09-09	24.7	24.6	27.0	27.0	2128900
2020-09-10	27.25	26.0	27.25	26.5	750900
2020-09-11	26.5	25.75	26.75	26.0	197200
2020-09-14	26.0	25.75	26.5	26.0	190400
2020-09-15	26.0	26.0	26.5	26.25	412600
2020-09-16	26.0	25.25	26.5	26.5	535900
2020-09-17	26.0	25.75	26.25	25.75	178800
2020-09-18	25.75	25.75	26.0	26.0	84300
2020-09-21	26.0	25.75	26.25	26.0	170800
2020-09-22	25.75	25.25	26.25	26.0	315900
2020-09-23	26.25	26.0	26.5	26.25	200200
2020-09-24	26.25	26.25	26.5	26.5	321200
2020-09-25	26.5	26.25	27.75	27.0	1055200
2020-09-28	27.0	26.75	27.25	26.75	182300
2020-09-29	27.0	26.5	27.0	27.0	180600
2020-09-30	27.0	26.75	27.25	27.0	196100
2020-10-01	27.25	27.0	27.75	27.75	191600
2020-10-02	27.75	27.0	27.75	27.25	273200
2020-10-05	27.5	27.0	27.5	27.25	41900
2020-10-06	27.25	27.0	27.5	27.0	179700
2020-10-07	26.75	26.75	27.0	27.0	138400
2020-10-08	27.0	26.75	27.0	26.75	175200
2020-10-09	26.75	25.0	27.0	25.5	934300
2020-10-12	25.5	25.25	26.25	26.0	190000
2020-10-14	26.0	25.5	26.25	26.25	268200
2020-10-15	26.5	25.75	27.25	26.5	1580100
2020-10-16	27.25	26.25	28.5	26.75	3699500
2020-10-19	26.25	25.5	26.5	26.0	481500
2020-10-20	26.0	25.75	26.25	25.75	197000
2020-10-21	26.0	25.75	26.0	25.75	99500
2020-10-22	25.75	25.25	26.0	25.5	184800
2020-10-26	25.75	25.25	26.0	25.5	49900
2020-10-27	25.75	25.25	25.75	25.5	56200
2020-10-28	25.5	25.25	25.75	25.5	195100
2020-10-29	25.5	25.0	25.75	25.0	303400
2020-10-30	25.0	24.9	25.75	24.9	440700
2020-11-02	25.0	24.9	26.0	25.5	192200
2020-11-03	26.0	25.25	26.0	25.25	192000
2020-11-04	25.25	25.25	26.25	25.5	229600
2020-11-05	26.0	25.75	26.5	26.25	450700
2020-11-06	26.5	25.75	26.5	25.75	129800
2020-11-09	26.25	26.0	26.75	26.25	249000
2020-11-10	26.75	25.5	26.75	26.0	465700
2020-11-11	26.0	26.0	27.5	26.75	927600
2020-11-12	26.5	25.5	27.0	26.0	297500
2020-11-13	26.0	25.75	26.0	26.0	58600
2020-11-16	26.0	26.0	27.0	26.25	171400
2020-11-17	26.25	25.75	26.75	25.75	135300
2020-11-18	25.5	25.25	26.0	25.75	450700
2020-11-19	25.75	25.5	26.25	26.0	516500
2020-11-20	26.0	25.75	26.5	26.0	820500
2020-11-23	26.0	26.0	27.25	27.25	1098100
2020-11-24	27.5	27.0	27.5	27.25	299000
2020-11-25	27.0	27.0	27.75	27.25	350400
2020-11-26	27.5	27.25	27.5	27.25	108500
2020-11-27	27.5	27.25	28.0	28.0	207500
2020-11-30	28.0	27.0	28.0	27.5	321300
2020-12-01	27.5	27.0	27.75	27.25	777800
2020-12-02	27.25	27.25	28.0	27.25	381100
2020-12-03	27.25	27.25	28.0	27.75	283000
2020-12-04	27.75	27.75	29.0	28.0	1735100
2020-12-08	28.0	28.0	28.75	28.25	531000
2020-12-09	28.5	28.0	28.75	28.0	256500
2020-12-14	28.0	27.25	28.25	27.5	167100
2020-12-15	27.25	26.75	27.5	27.5	267800
2020-12-16	27.25	27.25	28.25	27.75	278900
2020-12-17	28.0	27.75	28.25	27.75	98700
2020-12-18	27.75	27.75	28.75	28.25	438600
2020-12-21	27.0	26.75	28.25	27.25	591300
2020-12-22	27.25	27.25	27.75	27.5	188500
2020-12-23	27.75	27.25	28.0	28.0	197600
2020-12-24	27.75	27.25	28.25	27.75	233200
2020-12-25	27.75	27.5	28.25	27.75	257700
2020-12-28	28.0	27.75	28.5	27.75	428400
2020-12-29	28.5	28.25	28.5	28.5	138100
2020-12-30	28.5	27.75	28.5	27.75	142800
2021-01-04	27.25	27.25	28.25	28.0	177900
2021-01-05	28.5	27.5	28.5	27.75	367500
2021-01-06	27.75	27.25	28.0	27.5	180000
2021-01-07	27.5	26.5	27.75	26.75	721200
2021-01-08	26.75	25.5	26.75	25.75	1018400
2021-01-11	26.0	25.25	26.0	25.75	1065600
2021-01-12	25.75	25.75	26.25	25.75	504900
2021-01-13	26.0	24.9	26.25	25.0	2431100
2021-01-14	25.0	24.7	25.25	24.9	2895800
2021-01-15	24.9	24.6	25.0	24.8	1224200
2021-01-18	24.9	24.6	25.25	24.9	1386000
2021-01-19	24.9	24.7	25.0	24.7	1392500
2021-01-20	24.8	24.7	24.9	24.7	818700
2021-01-21	24.7	24.7	25.75	25.0	2699000
2021-01-22	25.0	24.8	25.25	24.9	878100
2021-01-25	24.9	24.9	25.5	24.9	1145400
2021-01-26	24.9	24.9	25.25	25.0	656000
2021-01-27	25.0	24.9	25.25	24.9	453000
2021-01-28	24.9	24.7	25.0	24.8	440200
2021-01-29	24.8	24.6	24.9	24.8	739400
2021-02-01	24.7	24.6	24.8	24.8	321700
2021-02-02	24.8	24.6	25.0	24.6	528100
2021-02-03	24.7	23.9	24.9	24.0	2032800
2021-02-04	24.0	23.3	24.0	23.3	2401000
2021-02-05	23.3	23.3	23.8	23.6	1466800
2021-02-08	23.7	23.7	24.3	24.0	1070600
2021-02-09	24.1	23.9	24.2	24.0	750500
2021-02-10	24.0	23.7	24.0	23.8	548000
2021-02-11	23.8	23.5	24.0	23.8	365500
2021-02-15	24.0	23.8	24.4	24.3	716200
2021-02-16	24.4	24.4	24.8	24.7	1245700
2021-02-17	24.8	24.3	25.0	24.3	740600
2021-02-18	24.5	24.3	24.7	24.4	343800
2021-02-19	24.6	23.9	24.6	24.2	796700
2021-02-22	24.0	23.6	24.0	23.7	344800
2021-02-23	24.0	23.9	24.1	24.0	624800
2021-02-24	24.2	23.6	24.2	23.7	608300
2021-02-25	23.8	23.7	24.0	23.8	460400
2021-03-01	23.8	23.3	24.0	23.8	571800
2021-03-02	23.8	23.5	23.8	23.7	414900
2021-03-03	23.8	23.6	25.25	25.25	5061500
2021-03-04	26.25	26.0	28.25	28.25	14118000
2021-03-05	28.0	27.5	28.25	27.75	3957800
2021-03-08	27.75	27.0	28.0	27.0	2766800
2021-03-09	27.25	26.75	27.75	27.25	2125600
2021-03-10	27.5	27.25	29.75	28.75	5605200
2021-03-11	29.25	28.25	29.25	28.5	1822800
2021-03-12	28.75	28.25	29.25	28.25	2262300
2021-03-15	28.0	27.75	28.75	28.25	849200
2021-03-16	28.5	28.25	29.0	28.25	1495200
2021-03-17	28.25	28.0	28.75	28.0	1030600
2021-03-18	28.0	28.0	28.5	28.25	997300
2021-03-19	28.25	27.25	28.25	27.75	1121900
2021-03-22	27.5	27.25	27.75	27.5	531500
2021-03-23	28.0	27.25	28.0	27.5	892900
2021-03-24	27.5	27.25	27.75	27.25	323400
2021-03-25	27.5	26.75	27.5	27.0	692900
2021-03-26	27.0	26.25	27.0	26.75	810100
2021-03-29	26.5	26.5	28.0	27.75	1115300
2021-03-30	27.5	27.25	27.75	27.5	328200
2021-03-31	27.75	27.0	27.75	27.0	294600
2021-04-01	27.0	27.0	27.5	27.0	168600
2021-04-02	27.5	26.75	27.5	27.0	348300
2021-04-05	27.0	26.25	27.0	26.5	563500
2021-04-07	26.25	25.5	26.5	25.75	751300
2021-04-08	25.75	25.5	26.25	26.0	329500
2021-04-09	26.25	26.25	27.0	26.5	558200
2021-04-12	26.5	26.0	27.0	26.5	303900
2021-04-16	26.0	25.25	26.25	26.0	655400
2021-04-19	26.0	26.0	27.25	27.0	763700
2021-04-20	26.75	26.5	27.5	27.5	822200
2021-04-21	27.75	27.0	27.75	27.0	448700
2021-04-22	27.25	26.75	27.5	26.75	262200
2021-04-23	26.75	26.5	27.0	26.5	293100
2021-04-26	26.25	26.0	26.75	26.25	233900
2021-04-27	26.25	26.25	26.75	26.25	329300
2021-04-28	26.5	26.5	27.5	27.5	859400
2021-04-29	27.5	27.25	29.0	29.0	2728900
2021-04-30	31.25	31.0	33.75	31.0	17889600
2021-05-05	29.75	28.25	30.5	28.5	3936100
2021-05-06	28.5	27.5	28.75	28.5	1395400
2021-05-07	28.75	27.75	28.75	27.75	1153400
2021-05-10	28.0	27.0	28.0	27.0	809500
2021-05-11	27.0	26.25	27.0	26.5	1024200
2021-05-12	27.75	26.75	28.0	27.0	1103100
2021-05-13	26.0	24.9	27.0	26.5	1775600
2021-05-14	26.25	25.5	26.5	25.5	452300
2021-05-17	25.25	25.0	25.75	25.5	411900
2021-05-18	26.0	26.0	26.75	26.5	424700
2021-05-19	26.5	25.75	26.5	25.75	429100
2021-05-20	25.75	25.5	26.25	25.75	287000
2021-05-21	25.5	25.5	26.0	26.0	221800
2021-05-24	25.75	25.5	26.0	25.75	155800
2021-05-25	26.0	26.0	27.75	27.5	801200
2021-05-27	27.25	27.0	28.0	27.0	305400
2021-05-28	27.25	26.5	27.25	26.75	222400
2021-05-31	27.0	26.5	27.0	27.0	148900
2021-06-01	27.0	26.5	27.5	27.0	345500
2021-06-02	27.25	27.0	28.0	27.5	941600
2021-06-04	27.75	27.0	28.0	27.0	633200
2021-06-07	27.25	26.5	27.5	26.5	372500
2021-06-08	26.5	26.25	27.0	26.25	302100
2021-06-09	26.5	26.25	26.75	26.5	188600
2021-06-10	26.75	26.25	26.75	26.5	260800
2021-06-11	26.25	26.25	26.5	26.25	325100
2021-06-14	26.0	26.0	26.5	26.25	161700
2021-06-15	26.25	26.25	26.75	26.5	107700
2021-06-16	26.5	26.25	26.75	26.5	137100
2021-06-17	26.5	26.25	26.75	26.25	142100
2021-06-18	26.0	26.0	26.5	26.0	211800
2021-06-21	26.0	25.5	26.0	25.75	215000
2021-06-22	26.0	25.5	26.0	25.75	146300
2021-06-23	25.75	25.5	26.0	25.5	126300
2021-06-24	25.75	25.25	26.0	25.5	164300
2021-06-25	25.5	25.5	27.0	26.0	890800
2021-06-28	25.75	25.75	26.5	26.5	221000
2021-06-29	26.5	26.0	26.5	26.0	143600
2021-06-30	26.0	25.25	26.25	25.75	345900
2021-07-01	25.25	25.25	25.75	25.5	162200
2021-07-02	25.25	25.25	25.5	25.25	133300
2021-07-05	25.25	25.25	25.75	25.5	114500
2021-07-06	25.5	25.25	25.75	25.5	148000
2021-07-07	25.5	25.25	25.75	25.25	120500
2021-07-08	25.0	24.6	25.0	24.7	584800
2021-07-09	24.4	24.2	24.9	24.8	280600
2021-07-12	25.0	24.8	25.0	25.0	115000
2021-07-13	25.0	25.0	25.25	25.25	29800
2021-07-14	25.25	25.0	25.5	25.25	73700
2021-07-15	25.5	25.5	26.25	25.75	289300
2021-07-16	25.75	25.5	26.0	26.0	69700
2021-07-19	25.5	25.0	25.75	25.75	115100
2021-07-20	25.5	25.0	25.5	25.0	79500
2021-07-21	25.0	25.0	25.5	25.25	76200
2021-07-22	25.25	25.25	25.5	25.5	114800
2021-07-23	25.5	25.0	25.5	25.25	48600
2021-07-27	25.0	24.7	25.0	24.9	250700
2021-07-29	25.0	24.8	25.0	24.8	73200
2021-07-30	24.7	24.6	24.9	24.6	185800
2021-08-02	24.6	24.3	24.6	24.3	146800
2021-08-03	24.3	24.3	25.5	25.0	229200
2021-08-04	25.0	24.7	25.25	25.0	71700
2021-08-05	25.0	24.9	25.25	25.25	183100
2021-08-06	25.0	24.7	25.25	24.9	158000
2021-08-09	24.9	24.6	24.9	24.7	107800
2021-08-10	24.6	24.6	25.25	24.8	138800
2021-08-11	24.9	24.6	25.0	24.8	285600
2021-08-13	24.8	24.0	24.8	24.0	594100
2021-08-16	24.0	23.7	24.0	23.7	445600
2021-08-17	23.7	23.5	23.9	23.7	433800
2021-08-18	23.7	23.7	24.0	23.9	433400
2021-08-19	24.1	23.7	24.1	23.7	241200
2021-08-20	23.9	23.5	24.0	24.0	311400
2021-08-23	24.0	24.0	24.7	24.6	370100
2021-08-24	24.9	24.7	25.25	25.25	496500
2021-08-25	25.0	24.8	25.25	25.0	284100
2021-08-26	25.25	25.25	26.25	25.75	959400
2021-08-27	25.75	25.25	26.0	25.25	308700
2021-08-30	25.5	24.8	25.75	25.0	957500
2021-08-31	24.9	24.8	25.25	24.8	587900
2021-09-01	24.8	24.3	24.9	24.4	724300
2021-09-02	24.5	24.5	25.5	24.9	517700
2021-09-03	25.0	24.8	25.0	25.0	101900
2021-09-06	25.0	24.9	25.25	25.25	236200
2021-09-07	26.0	26.0	27.75	27.75	5707200
2021-09-08	27.25	26.0	27.75	26.75	2006200
2021-09-09	26.75	26.0	26.75	26.0	505300
2021-09-10	26.25	26.25	27.25	27.25	973500
2021-09-13	27.25	26.25	27.25	26.25	344700
2021-09-14	26.5	26.25	27.0	27.0	456800
2021-09-15	26.75	26.25	27.0	26.25	270200
2021-09-16	26.25	25.75	26.5	26.0	735500
2021-09-17	26.25	25.5	26.5	26.0	314500
2021-09-20	26.0	25.25	26.5	25.25	593900
2021-09-21	25.0	25.0	26.0	25.5	349900
2021-09-22	25.25	25.25	26.0	25.5	169000
2021-09-23	26.0	25.25	26.0	25.5	211100
2021-09-27	25.5	25.25	25.75	25.5	287200
2021-09-28	25.5	25.0	25.5	25.0	230800
2021-09-29	25.0	25.0	25.25	25.25	164100
2021-09-30	25.25	24.8	25.25	24.8	381800
2021-10-01	24.6	24.6	25.25	25.0	675300
2021-10-04	25.25	25.0	25.75	25.0	831500
2021-10-05	25.0	24.8	25.25	24.8	415700
2021-10-06	24.9	24.7	24.9	24.8	263600
2021-10-07	24.7	24.6	24.9	24.8	273200
2021-10-08	24.9	24.8	24.9	24.8	315100
2021-10-11	24.9	24.7	24.9	24.7	556200
2021-10-12	24.8	24.7	24.9	24.8	365300
2021-10-14	24.8	24.6	25.25	24.6	655100
2021-10-15	24.7	24.6	24.8	24.6	372700
2021-10-18	24.7	24.6	24.8	24.7	200700
2021-10-19	24.7	24.6	24.7	24.7	138600
2021-10-20	24.7	24.7	24.9	24.8	84000
2021-10-21	24.9	24.7	24.9	24.7	130800
2021-10-25	24.9	24.6	24.9	24.6	139400
2021-10-26	24.7	24.6	24.8	24.7	116100
2021-10-27	24.8	24.8	25.25	24.9	558800
2021-10-28	25.0	24.8	25.0	24.9	178500
2021-10-29	24.9	24.7	25.0	25.0	385400
2021-11-01	25.0	24.0	25.0	24.6	422600
2021-11-02	24.7	24.0	24.7	24.1	567700
2021-11-03	24.1	24.0	24.4	24.1	275100
2021-11-04	24.2	24.0	24.4	24.4	219000
2021-11-05	24.4	24.2	24.5	24.2	57600
2021-11-08	24.3	24.1	24.3	24.1	185300
2021-11-09	24.1	24.0	24.3	24.2	74300
2021-11-10	24.2	24.2	25.25	25.25	380600
2021-11-11	25.0	24.8	25.25	24.9	223800
2021-11-12	24.9	24.9	25.75	25.25	577900
2021-11-15	25.75	25.25	25.75	25.5	434900
2021-11-16	25.75	25.0	26.5	25.25	2199700
2021-11-17	25.0	24.9	25.5	25.25	894400
2021-11-18	25.25	25.0	25.5	25.0	1880000
2021-11-19	24.9	24.7	25.25	25.0	802600
2021-11-22	25.25	24.9	25.25	24.9	192300
2021-11-23	24.9	24.4	25.5	24.4	1480700
2021-11-24	24.4	24.4	24.8	24.6	356100
2021-11-25	24.5	24.2	24.6	24.3	913600
2021-11-26	24.4	24.2	24.5	24.3	556600
2021-11-29	24.2	23.8	24.5	23.8	1384500
2021-11-30	23.8	23.5	24.2	23.6	1410100
2021-12-01	23.3	23.3	23.8	23.6	568600
2021-12-02	23.9	23.7	24.4	24.2	1069900
2021-12-03	24.3	23.3	25.25	23.5	5420100
2021-12-07	23.6	23.6	23.9	23.7	793800
2021-12-08	23.8	23.8	24.2	24.0	1310000
2021-12-09	24.1	23.6	24.1	23.8	873700
2021-12-13	23.8	23.7	24.2	23.9	823800
2021-12-14	23.9	23.8	24.2	24.0	1131600
2021-12-15	24.0	23.4	24.0	23.6	1190000
2021-12-16	23.7	23.6	23.8	23.6	711900
2021-12-17	23.7	23.5	23.8	23.7	405100
2021-12-20	23.6	23.5	23.7	23.6	609200
2021-12-21	23.6	23.5	24.0	23.5	1054400
2021-12-22	23.7	23.5	23.8	23.6	226500
2021-12-23	23.7	23.5	23.7	23.6	577700
2021-12-24	23.6	23.4	23.6	23.5	363500
2021-12-27	23.6	23.4	23.6	23.6	330900
2021-12-28	23.6	23.4	23.7	23.4	1002900
2021-12-29	23.4	23.4	23.6	23.5	688300
2021-12-30	23.5	23.5	23.6	23.6	847100
2022-01-04	23.6	23.4	23.8	23.6	846700
2022-01-05	23.6	23.5	24.3	24.0	1499000
2022-01-06	24.0	23.7	24.1	24.0	1008500
2022-01-07	24.0	23.9	24.7	24.1	3723700
2022-01-10	24.1	24.1	24.4	24.1	1410800
2022-01-11	24.2	24.1	24.2	24.2	540100
2022-01-12	24.2	24.2	24.6	24.4	1507000
2022-01-13	24.5	24.3	24.5	24.4	777900
2022-01-14	24.4	24.3	24.8	24.6	1712000
2022-01-17	24.6	24.1	24.6	24.2	997200
2022-01-18	24.2	23.8	24.2	23.8	1135700
2022-01-19	23.8	23.8	24.0	24.0	431300
2022-01-20	24.0	23.9	24.0	23.9	464400
2022-01-21	23.9	23.6	23.9	23.7	633000
2022-01-24	23.7	23.6	23.9	23.7	499500
2022-01-25	23.5	23.5	23.7	23.7	393900
2022-01-26	23.5	23.5	23.7	23.5	339300
2022-01-27	23.6	23.1	23.6	23.2	864000
2022-01-28	23.2	23.2	23.5	23.5	298900
2022-01-31	23.5	23.5	24.0	23.9	407800
2022-02-01	23.9	23.8	24.0	24.0	243800
2022-02-02	24.0	23.9	24.2	23.9	267300
2022-02-03	23.9	23.7	24.0	23.8	325100
2022-02-04	23.7	23.6	24.0	23.9	260000
2022-02-07	24.0	23.6	24.1	23.6	320700
2022-02-08	23.7	23.6	23.8	23.6	131400
2022-02-09	23.6	23.6	23.8	23.6	132500
2022-02-10	23.8	23.5	23.8	23.5	283300
2022-02-11	23.5	23.4	23.6	23.5	135300
2022-02-14	24.0	23.4	24.0	23.5	356700
2022-02-15	23.5	23.4	23.6	23.6	84400
2022-02-17	23.6	23.5	23.7	23.7	160000
2022-02-18	23.7	23.4	23.7	23.6	273100
2022-02-21	23.6	23.4	23.7	23.5	142100
2022-02-22	23.4	23.2	23.5	23.4	367900
2022-02-23	23.5	23.3	23.5	23.5	165000
2022-02-24	23.5	22.9	23.6	23.0	1178100
2022-02-25	23.1	23.0	23.4	23.3	420900
2022-02-28	23.3	23.1	23.4	23.4	324600
2022-03-01	23.5	23.5	23.8	23.7	824000
2022-03-02	23.8	23.6	24.6	24.4	2099500
2022-03-03	24.4	24.3	24.7	24.5	1344300
2022-03-04	24.7	24.4	25.25	24.8	2542200
2022-03-07	25.25	24.7	25.75	25.25	5071400
2022-03-08	25.0	23.9	25.5	24.8	3905800
2022-03-09	25.0	24.5	25.5	25.25	981400
2022-03-10	25.75	25.25	26.25	25.5	1655200
2022-03-11	25.25	25.25	26.5	26.0	1959400
2022-03-14	26.5	25.5	26.5	26.25	1346900
2022-03-15	26.25	26.0	27.0	26.75	2062000
2022-03-16	27.0	26.5	27.0	26.75	964000
2022-03-17	27.0	26.75	27.0	26.75	705200
2022-03-18	27.0	26.75	27.5	27.25	957300
2022-03-21	27.0	26.75	27.0	27.0	512500
2022-03-22	27.0	26.25	27.25	26.25	1204100
2022-03-23	26.5	26.5	29.75	28.75	7900200
2022-03-24	28.5	28.25	29.25	28.75	1912300
2022-03-25	29.0	27.75	29.0	28.0	2131000
2022-03-28	29.0	28.0	29.0	28.75	2144600
2022-03-29	29.0	28.75	30.0	29.0	2701500
2022-03-30	29.5	28.75	29.5	29.25	920700
2022-03-31	29.25	29.0	29.75	29.25	1367000
2022-04-01	29.5	29.5	31.5	31.25	5284600
2022-04-04	31.5	30.0	32.25	31.0	3143900
2022-04-05	31.5	30.5	32.25	30.75	2325500
2022-04-07	30.25	29.25	32.0	32.0	4067000
2022-04-08	32.0	30.0	32.0	30.5	2097400
2022-04-11	30.75	30.5	33.25	33.0	3662200
2022-04-12	32.0	31.75	33.0	32.5	2211300
2022-04-18	32.5	32.25	34.0	33.75	3128500
2022-04-19	34.0	33.0	34.25	33.5	2126300
2022-04-20	33.75	33.25	35.0	34.25	3960700
2022-04-21	34.5	33.5	34.75	34.0	1720800
2022-04-22	33.75	33.25	35.0	33.75	2099400
2022-04-25	32.75	32.5	33.75	33.0	2502400
2022-04-26	33.5	29.0	33.5	29.0	6240400
2022-04-27	28.5	27.75	30.25	29.75	3593700
2022-04-28	30.25	29.0	30.5	29.25	1163000
2022-04-29	29.5	29.0	30.75	30.75	1731900
2022-05-03	30.0	29.25	30.75	29.75	2215500
2022-05-05	29.5	28.5	29.75	28.75	1019100
2022-05-06	28.25	28.0	29.75	29.25	882400
2022-05-09	29.0	28.0	29.25	28.0	1157000
2022-05-10	27.5	27.25	28.75	28.5	1185800
2022-05-11	28.25	28.0	29.0	28.0	604800
2022-05-12	27.75	26.5	27.75	26.75	1444000
2022-05-13	26.75	25.0	27.5	25.25	3222400
2022-05-17	25.25	25.25	26.75	25.75	1069700
2022-05-18	26.0	25.5	26.5	26.0	927500
2022-05-19	25.25	25.25	26.0	25.5	762200
2022-05-20	25.75	25.75	26.25	25.75	359200
2022-05-23	26.0	26.0	26.5	26.0	293900
2022-05-24	26.0	25.75	26.25	26.25	521800
2022-05-25	26.5	26.25	27.0	26.75	401100
2022-05-26	26.75	26.5	27.5	26.75	623500
2022-05-27	26.75	26.0	26.75	26.25	733100
2022-05-30	26.25	26.25	26.75	26.5	190600
2022-05-31	26.75	26.0	26.75	26.5	439000
2022-06-01	26.5	26.25	27.0	27.0	347000
2022-06-02	27.0	26.0	27.0	26.25	611000
2022-06-06	26.25	25.75	26.75	26.0	463400
2022-06-07	26.0	25.75	26.25	26.0	407500
2022-06-08	26.0	25.75	26.25	26.25	317600
2022-06-09	26.0	26.0	26.5	26.25	171000
2022-06-10	26.25	25.5	26.25	25.75	550000
2022-06-13	25.5	24.8	25.5	25.0	1246500
2022-06-14	24.8	24.8	25.25	24.9	629100
2022-06-15	25.0	24.4	25.0	24.7	919600
2022-06-16	24.9	24.4	25.25	24.6	739000
2022-06-17	24.5	24.2	24.7	24.4	1006200
2022-06-20	25.75	25.0	26.25	25.0	1316800
2022-06-21	25.0	25.0	25.5	25.25	215800
2022-06-22	25.5	24.8	25.5	24.9	656500
2022-06-23	25.0	24.8	25.0	24.8	249500
2022-06-24	24.9	24.5	25.0	24.7	374600
2022-06-27	24.8	24.7	24.9	24.8	261900
2022-06-28	24.8	24.5	24.8	24.6	332900
2022-06-29	24.6	24.4	24.7	24.4	437500
2022-06-30	24.4	24.3	24.6	24.4	653700
2022-07-01	24.4	24.3	24.7	24.7	437800
2022-07-04	24.6	24.3	24.7	24.3	707700
2022-07-05	24.3	23.6	24.5	23.6	1173300
2022-07-06	23.7	23.4	23.7	23.6	475000
2022-07-07	23.6	23.6	24.1	24.1	464000
2022-07-08	24.1	23.8	24.1	24.0	173100
2022-07-11	24.2	24.0	24.6	24.2	251100
2022-07-12	24.2	23.6	24.2	23.8	335700
2022-07-14	23.7	23.5	23.8	23.7	241000
2022-07-15	23.6	23.4	23.7	23.6	225000
2022-07-18	23.7	23.7	24.0	23.9	149000
2022-07-19	23.9	23.5	23.9	23.8	160300
2022-07-20	23.8	23.7	24.1	24.1	89000
2022-07-21	24.0	23.8	24.1	24.0	120300
2022-07-22	24.1	23.9	24.3	24.3	211700
2022-07-25	24.3	24.1	24.6	24.6	223500
2022-07-26	24.7	24.6	25.75	25.5	1010600
2022-07-27	25.75	25.25	25.75	25.25	496300
2022-08-01	25.75	25.25	26.5	26.25	525500
2022-08-02	26.25	26.0	26.25	26.0	272100
2022-08-03	26.0	26.0	27.0	26.25	944900
2022-08-04	26.5	26.25	27.0	26.75	641400
2022-08-05	26.75	26.5	27.0	27.0	242600
2022-08-08	27.0	25.25	27.0	26.75	446200
2022-08-09	26.75	26.0	26.75	26.5	185200
2022-08-10	26.25	25.75	26.25	25.75	367000
2022-08-11	25.75	25.5	26.25	26.25	216300
2022-08-15	25.25	24.6	26.0	26.0	660500
2022-08-16	25.5	24.9	25.75	25.0	514600
2022-08-17	24.9	24.9	25.5	25.0	404700
2022-08-18	25.0	24.9	25.5	25.0	566700
2022-08-19	25.0	24.9	25.5	25.25	570100
2022-08-22	25.5	25.5	26.5	26.0	751700
2022-08-23	25.5	25.25	26.25	25.75	315200
2022-08-24	25.75	25.25	25.75	25.25	361800
2022-08-25	25.5	25.5	26.25	25.75	475300
2022-08-26	25.75	25.25	25.75	25.5	266000
2022-08-29	25.25	25.25	27.75	27.5	2973300
2022-08-30	27.75	27.25	28.25	27.75	1231300
2022-08-31	27.75	27.0	28.5	27.25	1120300
2022-09-01	27.5	26.75	28.25	26.75	995600
2022-09-02	26.75	26.5	27.25	27.25	722400
2022-09-05	27.5	27.25	28.75	28.75	1525000
2022-09-06	29.0	28.25	29.5	29.5	1339500
2022-09-07	29.25	28.75	29.5	29.0	883500
2022-09-08	29.5	28.75	29.5	29.0	615200
2022-09-09	29.5	28.5	29.5	29.0	643600
2022-09-12	29.0	28.5	32.0	31.0	3297100
2022-09-13	31.25	30.5	31.5	30.75	1574200
2022-09-14	30.25	30.0	31.75	31.25	1968700
2022-09-15	31.75	30.25	31.75	30.25	1118400
2022-09-16	30.0	28.5	30.25	28.5	2144500
2022-09-19	28.5	27.25	29.0	28.75	2014500
2022-09-20	29.25	28.75	30.25	29.0	911700
2022-09-21	29.0	28.5	29.25	28.75	460800
2022-09-22	29.25	29.25	31.0	31.0	2097600
2022-09-23	30.75	30.25	31.5	30.25	730100
2022-09-26	29.75	29.25	30.25	29.75	1186300
2022-09-27	30.25	28.5	30.25	28.75	688500
2022-09-28	28.5	28.25	29.0	28.5	410700
2022-09-29	29.0	27.5	29.0	27.5	1019700
2022-09-30	27.0	27.0	28.25	28.0	438300
2022-10-03	28.0	27.0	28.0	27.25	490700
2022-10-04	27.75	27.25	28.25	27.75	324700
2022-10-05	28.0	28.0	28.25	28.0	198900
2022-10-06	28.25	28.25	29.0	28.5	205400
2022-10-07	28.75	28.0	28.75	28.0	242000
2022-10-10	27.5	27.25	27.75	27.5	391200
2022-10-11	27.25	26.75	27.75	26.75	474300
2022-10-12	27.0	27.0	27.5	27.25	111200
2022-10-17	27.25	27.25	28.25	28.25	240500
2022-10-18	28.5	28.25	29.0	28.5	477700
2022-10-19	29.0	28.5	29.0	28.75	213400
2022-10-20	28.75	28.75	29.25	29.25	504500
2022-10-21	29.75	28.75	29.75	28.75	212600
2022-10-25	28.75	27.75	28.75	28.75	343000
2022-10-26	28.75	28.75	29.75	29.75	943000
2022-10-27	29.5	29.5	30.25	29.75	484300
2022-10-28	30.0	29.5	30.0	29.75	249800
2022-10-31	29.75	28.75	29.75	29.75	434700
2022-11-01	29.75	29.0	29.75	29.25	89300
2022-11-02	29.0	28.0	29.0	28.0	315900
2022-11-03	28.0	27.75	28.25	27.75	209900
2022-11-04	28.0	27.5	28.5	28.25	286300
2022-11-07	28.5	27.75	28.5	28.0	545200
2022-11-08	28.25	27.5	28.75	28.5	321300
2022-11-09	28.0	27.5	28.5	28.0	207200
2022-11-10	27.5	27.5	28.0	28.0	214600
2022-11-11	28.25	27.5	29.0	27.5	902700
2022-11-14	27.25	27.0	27.5	27.25	200300
2022-11-15	27.0	26.5	27.25	26.75	311800
2022-11-16	26.75	26.75	27.5	27.0	216900
2022-11-17	27.0	26.5	27.25	26.75	499400
2022-11-18	26.75	25.75	26.75	26.0	594200
2022-11-21	25.75	25.75	26.5	26.25	292600
2022-11-22	26.5	26.25	26.75	26.5	217000
2022-11-23	26.5	25.25	26.75	25.25	1456600
2022-11-24	25.25	24.7	25.5	25.0	1344500
2022-11-25	24.9	24.6	25.25	24.8	747300
2022-11-28	24.8	24.6	25.25	24.8	579600
2022-11-29	24.8	24.8	25.25	25.25	160800
2022-11-30	25.25	25.25	26.5	26.25	542200
2022-12-01	26.75	26.0	27.0	26.25	381100
2022-12-02	26.5	25.75	26.5	26.0	223600
2022-12-06	26.0	25.75	26.25	26.0	187800
2022-12-07	26.0	25.25	26.0	25.75	233000
2022-12-08	26.0	25.25	26.0	25.25	246100
2022-12-09	25.5	25.25	26.0	25.5	177000
2022-12-13	25.75	25.25	25.75	25.5	199700
2022-12-14	25.5	25.5	26.0	25.75	144900
2022-12-15	25.75	25.25	25.75	25.25	136100
2022-12-16	25.25	25.0	25.25	25.25	96800
2022-12-19	25.25	25.0	25.75	25.5	152700
2022-12-20	25.5	24.7	25.75	24.9	399000
2022-12-21	24.9	24.8	24.9	24.9	158400
2022-12-22	24.9	24.5	25.0	24.7	391000
2022-12-23	24.7	24.5	24.9	24.7	187700
2022-12-26	24.8	24.7	25.0	24.9	31600
2022-12-27	24.9	24.8	25.25	25.0	160600
2022-12-28	25.25	25.25	25.75	25.5	378700
2022-12-29	25.25	24.9	25.25	25.0	416800
2022-12-30	25.0	24.9	25.25	25.0	275200
