Date	Price Open	Price Low	Price High	Price Close	Volume
2021-05-19	14.6	13.7	15.8	13.7	274841000
2021-05-20	13.8	13.2	14.3	13.2	28458900
2021-05-21	13.5	13.3	14.0	13.5	20382800
2021-05-24	13.5	13.0	13.5	13.0	9104800
2021-05-25	13.2	13.1	14.1	13.6	22800700
2021-05-27	13.6	13.5	14.2	13.9	14832100
2021-05-28	14.0	13.6	14.1	13.7	4538300
2021-05-31	13.8	13.7	14.3	14.1	8531500
2021-06-01	14.1	13.9	14.2	14.0	2863000
2021-06-02	14.1	13.9	14.5	14.2	8720700
2021-06-04	14.1	14.0	14.4	14.1	3764300
2021-06-07	14.2	14.2	14.7	14.3	10274700
2021-06-08	14.3	14.2	14.5	14.3	2919700
2021-06-09	14.4	13.8	14.7	14.0	13534900
2021-06-10	14.1	13.7	14.2	13.9	6675400
2021-06-11	14.0	13.8	14.1	13.9	2882100
2021-06-14	14.0	13.9	14.2	13.9	3332700
2021-06-15	14.0	13.8	14.1	13.9	2896300
2021-06-16	13.9	13.9	14.1	14.0	2228200
2021-06-17	14.0	13.9	14.4	14.0	6480200
2021-06-18	14.0	13.8	14.0	13.9	2222600
2021-06-21	13.8	13.8	14.4	14.1	7690000
2021-06-22	14.2	14.1	15.3	14.5	29850300
2021-06-23	14.7	14.5	15.1	14.9	10117900
2021-06-24	14.9	14.4	15.2	14.9	10249200
2021-06-25	15.0	14.7	15.5	14.9	11069900
2021-06-28	14.8	14.4	14.8	14.5	5441900
2021-06-29	14.6	14.5	15.1	15.0	5019000
2021-06-30	15.1	14.9	15.4	15.3	9246600
2021-07-01	15.4	15.2	15.9	15.7	14864700
2021-07-02	16.1	15.4	16.2	15.4	10110000
2021-07-05	15.6	15.4	15.8	15.4	2839300
2021-07-06	15.4	15.2	15.7	15.4	2415800
2021-07-07	15.4	15.4	15.6	15.5	1744000
2021-07-08	15.2	14.3	15.4	14.3	11416700
2021-07-09	14.2	14.0	14.7	14.6	4297900
2021-07-12	14.7	14.5	15.0	14.8	4263900
2021-07-13	15.0	14.8	15.1	15.0	2149700
2021-07-14	14.9	14.8	15.2	14.9	1644200
2021-07-15	15.0	15.0	15.2	15.0	1974700
2021-07-16	15.1	15.0	15.8	15.7	7431100
2021-07-19	15.4	15.2	15.8	15.5	3313200
2021-07-20	15.5	15.0	15.6	15.3	3545300
2021-07-21	15.5	15.3	16.7	16.4	16686800
2021-07-22	16.3	16.2	17.2	16.6	9041100
2021-07-23	16.8	16.4	17.0	16.9	3021300
2021-07-27	17.0	16.8	17.4	17.0	5690800
2021-07-29	17.1	16.6	17.2	16.9	3704200
2021-07-30	16.9	16.6	17.4	17.3	5017600
2021-08-02	17.4	17.2	17.8	17.3	4581800
2021-08-03	17.2	17.2	17.9	17.7	4345700
2021-08-04	17.7	17.6	18.2	18.1	6280200
2021-08-05	18.3	17.8	18.5	17.9	3306800
2021-08-06	18.1	18.0	18.4	18.3	2639500
2021-08-09	18.5	18.4	18.9	18.9	3847900
2021-08-10	18.8	18.5	18.9	18.6	2085400
2021-08-11	18.4	15.9	18.8	16.7	10734000
2021-08-13	16.8	16.3	17.0	16.5	4088200
2021-08-16	16.6	16.6	17.9	17.4	3859500
2021-08-17	17.6	17.4	17.9	17.6	1308900
2021-08-18	17.8	17.5	18.1	17.6	1669600
2021-08-19	17.7	17.5	18.2	18.0	1866700
2021-08-20	18.2	18.1	21.2	21.2	19097200
2021-08-23	21.9	20.8	24.1	22.7	22584800
2021-08-24	22.9	21.7	22.9	22.3	4356200
2021-08-25	22.4	22.4	25.25	25.25	13339500
2021-08-26	25.0	24.6	25.75	25.25	4154900
2021-08-27	25.75	23.5	25.75	24.0	5550400
2021-08-30	23.9	23.5	24.1	23.6	1176700
2021-08-31	23.6	23.6	24.5	23.9	2614200
2021-09-01	24.2	23.2	24.2	23.5	1363800
2021-09-02	23.4	22.6	23.4	22.8	1901500
2021-09-03	22.9	22.0	23.4	23.4	4345900
2021-09-06	23.6	22.6	23.6	22.6	2120700
2021-09-07	22.8	21.7	22.9	21.7	3522300
2021-09-08	21.6	21.5	22.1	22.0	1901700
2021-09-09	22.2	21.6	22.3	21.9	813600
2021-09-10	21.8	21.2	22.0	21.6	1525100
2021-09-13	21.3	21.0	21.7	21.7	1600600
2021-09-14	21.7	20.9	21.7	21.0	2201700
2021-09-15	20.9	20.8	21.3	20.9	1010700
2021-09-16	20.8	20.2	20.8	20.2	2450900
2021-09-17	20.0	19.4	20.1	19.7	4472800
2021-09-20	19.4	19.4	20.3	19.7	1811700
2021-09-21	19.8	19.7	20.9	20.8	4020200
2021-09-22	20.7	20.1	20.9	20.2	2858100
2021-09-23	20.2	19.3	20.2	19.3	3089900
2021-09-27	19.2	18.5	19.3	18.5	3719800
2021-09-28	18.5	18.5	19.1	18.7	1496600
2021-09-29	18.8	18.7	19.2	19.0	1044700
2021-09-30	19.0	18.6	19.1	18.8	618900
2021-10-01	18.7	18.4	18.9	18.8	788200
2021-10-04	18.7	18.6	19.1	18.7	623800
2021-10-05	18.6	18.6	18.9	18.8	370700
2021-10-06	18.9	18.8	19.4	19.0	3045700
2021-10-07	19.0	19.0	19.5	19.5	1314600
2021-10-08	19.7	19.2	19.7	19.2	1120000
2021-10-11	19.4	18.6	19.4	18.8	1087100
2021-10-12	18.9	18.4	19.0	18.6	867200
2021-10-14	18.8	18.5	18.8	18.5	356900
2021-10-15	18.6	18.6	18.8	18.6	651600
2021-10-18	18.7	18.6	18.9	18.9	363100
2021-10-19	18.8	18.6	18.9	18.6	548300
2021-10-20	18.6	18.5	18.8	18.8	409400
2021-10-21	18.7	18.7	19.0	18.8	493400
2021-10-25	18.7	18.5	18.9	18.6	352900
2021-10-26	18.6	18.6	18.8	18.8	388600
2021-10-27	18.6	18.3	18.7	18.3	1168200
2021-10-28	18.3	17.6	18.4	17.6	1925300
2021-10-29	17.6	17.5	17.8	17.7	640300
2021-11-01	17.7	17.5	17.9	17.5	469700
2021-11-02	17.4	17.0	17.6	17.2	1200500
2021-11-03	17.1	17.1	17.5	17.1	642400
2021-11-04	17.1	17.0	17.2	17.2	254100
2021-11-05	17.2	17.1	17.6	17.6	736500
2021-11-08	17.6	17.2	17.8	17.5	577900
2021-11-09	17.4	17.1	17.5	17.2	403400
2021-11-10	17.2	17.2	17.4	17.4	254600
2021-11-11	17.4	17.2	19.3	18.9	4775700
2021-11-12	18.9	18.0	19.0	18.3	3850100
2021-11-15	18.2	18.2	19.2	18.8	5086000
2021-11-16	18.9	18.5	19.0	18.8	1274400
2021-11-17	18.9	18.5	19.3	18.5	3942900
2021-11-18	18.7	18.3	18.7	18.4	1410600
2021-11-19	18.4	18.2	18.5	18.3	500200
2021-11-22	18.4	18.4	18.9	18.8	1792000
2021-11-23	18.9	18.8	20.3	20.3	9762700
2021-11-24	20.1	19.8	20.4	20.0	2581300
2021-11-25	19.8	19.4	20.0	19.7	2573600
2021-11-26	19.9	19.1	20.3	19.1	5687300
2021-11-29	19.0	18.6	19.0	18.8	2190900
2021-11-30	19.0	17.8	19.2	18.1	2418500
2021-12-01	18.1	17.8	18.9	18.9	2087400
2021-12-02	18.8	18.5	18.9	18.7	542800
2021-12-03	18.7	18.7	19.6	19.3	3368000
2021-12-07	19.6	19.4	20.0	20.0	3803300
2021-12-08	20.0	19.6	20.0	19.8	1231200
2021-12-09	19.8	19.3	19.8	19.4	1126800
2021-12-13	19.4	19.4	20.3	20.1	3161600
2021-12-14	20.0	19.7	20.9	19.9	8305400
2021-12-15	19.9	19.4	20.0	19.5	2297000
2021-12-16	19.5	19.3	19.7	19.3	920100
2021-12-17	19.3	18.9	19.4	18.9	2294100
2021-12-20	18.7	18.4	18.8	18.5	1896000
2021-12-21	18.5	18.5	18.8	18.6	694800
2021-12-22	18.8	18.7	19.0	19.0	1116700
2021-12-23	19.2	18.9	19.3	18.9	1566000
2021-12-24	19.1	18.8	19.1	18.8	642800
2021-12-27	18.9	18.5	19.0	18.6	565400
2021-12-28	18.6	18.5	18.9	18.5	1220000
2021-12-29	18.5	18.4	18.8	18.8	329000
2021-12-30	18.8	18.5	18.8	18.6	741100
2022-01-04	18.6	18.6	18.8	18.8	663700
2022-01-05	18.7	18.4	18.7	18.6	1179400
2022-01-06	18.4	18.0	18.5	18.1	2154200
2022-01-07	18.1	18.1	18.4	18.3	519500
2022-01-10	18.4	18.1	18.4	18.3	391000
2022-01-11	18.3	18.2	18.6	18.6	603900
2022-01-12	18.6	18.4	18.7	18.6	548100
2022-01-13	18.6	18.6	18.8	18.6	948500
2022-01-14	18.8	18.4	18.8	18.7	1339600
2022-01-17	18.6	18.6	19.6	19.4	3846700
2022-01-18	19.5	19.0	19.6	19.2	1985300
2022-01-19	19.4	19.0	20.0	19.7	5629000
2022-01-20	19.9	19.1	19.9	19.1	3112300
2022-01-21	19.3	19.0	19.4	19.1	1717600
2022-01-24	19.2	18.4	19.2	18.5	2165400
2022-01-25	18.4	18.2	18.6	18.4	773500
2022-01-26	18.3	18.2	18.5	18.3	564700
2022-01-27	18.3	17.8	18.3	18.1	1150600
2022-01-28	18.0	18.0	18.3	18.2	392400
2022-01-31	18.2	18.2	18.5	18.5	238500
2022-02-01	18.5	18.4	18.6	18.5	343000
2022-02-02	18.7	18.4	18.7	18.6	217500
2022-02-03	18.8	18.6	18.8	18.6	406800
2022-02-04	18.6	18.2	18.7	18.4	704000
2022-02-07	18.4	18.1	18.4	18.2	733400
2022-02-08	18.3	18.2	18.4	18.2	209500
2022-02-09	18.2	17.5	18.4	17.6	1878400
2022-02-10	17.6	17.4	17.8	17.4	964300
2022-02-11	17.3	17.3	17.6	17.6	434000
2022-02-14	17.6	17.4	17.6	17.5	155600
2022-02-15	17.5	17.4	17.6	17.5	298800
2022-02-17	17.6	17.5	17.9	17.9	279900
2022-02-18	17.8	17.5	17.8	17.7	347700
2022-02-21	17.5	17.5	17.8	17.8	352400
2022-02-22	17.7	17.5	17.7	17.5	206800
2022-02-23	17.5	17.4	17.7	17.7	222500
2022-02-24	17.7	17.2	17.8	17.2	802500
2022-02-25	17.3	17.3	17.6	17.4	284600
2022-02-28	17.5	17.2	17.6	17.3	404300
2022-03-01	17.5	17.2	17.6	17.5	646400
2022-03-02	17.5	17.4	17.6	17.6	267900
2022-03-03	17.5	17.4	17.6	17.5	215300
2022-03-04	17.5	17.3	17.6	17.3	451100
2022-03-07	17.2	16.3	17.2	16.5	1355700
2022-03-08	16.3	14.9	16.4	15.2	3093100
2022-03-09	15.3	14.7	15.6	15.5	2296200
2022-03-10	15.8	15.1	15.9	15.2	1228400
2022-03-11	15.2	15.2	15.9	15.7	634700
2022-03-14	15.7	15.5	15.9	15.8	351900
2022-03-15	16.0	15.8	16.2	15.9	617800
2022-03-16	16.0	15.9	16.3	16.3	340200
2022-03-17	16.3	16.2	16.7	16.5	479700
2022-03-18	16.5	16.4	16.8	16.6	224800
2022-03-21	16.7	16.3	16.7	16.4	359900
2022-03-22	16.4	16.1	16.4	16.3	162000
2022-03-23	16.2	15.8	16.3	16.1	466100
2022-03-24	16.0	15.9	16.1	15.9	202200
2022-03-25	15.9	15.7	16.0	15.8	277700
2022-03-28	15.8	15.8	16.1	16.1	191400
2022-03-29	16.1	16.0	16.2	16.0	258200
2022-03-30	16.0	16.0	16.3	16.0	370100
2022-03-31	16.1	15.8	16.2	15.8	348500
2022-04-01	15.9	15.9	16.1	16.0	188500
2022-04-04	16.0	15.8	16.1	16.1	275500
2022-04-05	16.1	15.8	16.1	15.8	518000
2022-04-07	15.8	15.5	15.8	15.7	496000
2022-04-08	15.8	15.8	15.9	15.9	268700
2022-04-11	15.8	15.5	15.9	15.5	278400
2022-04-12	15.5	15.4	15.9	15.8	332600
2022-04-18	15.9	15.9	16.4	16.3	1283600
2022-04-19	16.4	16.3	17.2	17.2	1783700
2022-04-20	17.4	17.2	18.0	17.4	2519100
2022-04-21	17.4	17.0	17.4	17.1	669600
2022-04-22	17.0	17.0	17.7	17.7	1041600
2022-04-25	17.5	17.2	17.8	17.4	631800
2022-04-26	17.4	17.1	17.6	17.3	657400
2022-04-27	17.3	17.2	17.5	17.4	969200
2022-04-28	17.1	17.1	17.3	17.1	251400
2022-04-29	17.2	17.1	17.4	17.2	277600
2022-05-03	17.1	16.5	17.2	16.5	840000
2022-05-05	16.9	16.7	17.1	16.8	649800
2022-05-06	16.5	16.3	16.7	16.6	530400
2022-05-09	16.6	15.8	16.6	16.0	563700
2022-05-10	16.2	15.9	17.0	16.9	1442400
2022-05-11	16.7	15.8	16.9	16.2	1577200
2022-05-12	16.2	15.2	16.2	15.3	1374900
2022-05-13	15.5	15.3	15.8	15.6	327400
2022-05-17	15.9	15.8	16.9	16.8	2090600
2022-05-18	16.7	16.5	16.8	16.8	568900
2022-05-19	16.5	16.3	16.8	16.6	358800
2022-05-20	16.6	16.6	16.8	16.8	209600
2022-05-23	16.9	16.6	16.9	16.7	95500
2022-05-24	16.7	16.3	16.7	16.4	201600
2022-05-25	16.5	16.1	16.6	16.3	266600
2022-05-26	16.3	16.1	16.5	16.3	330900
2022-05-27	16.3	16.1	16.4	16.4	236900
2022-05-30	16.4	16.4	16.7	16.5	372500
2022-05-31	16.4	16.3	16.8	16.7	369100
2022-06-01	16.9	16.8	17.5	17.4	2292000
2022-06-02	17.2	17.2	18.1	17.8	3945600
2022-06-06	17.8	17.8	18.3	18.0	2181600
2022-06-07	18.0	17.4	18.0	17.4	1212700
2022-06-08	17.4	17.4	17.8	17.6	808200
2022-06-09	17.9	17.3	17.9	17.6	844700
2022-06-10	17.7	17.3	17.7	17.5	378200
2022-06-13	17.0	16.8	17.3	17.2	528500
2022-06-14	17.2	16.7	17.4	17.0	722300
2022-06-15	17.2	17.0	17.5	17.2	841800
2022-06-16	17.3	16.7	17.5	16.9	999900
2022-06-17	16.7	16.2	17.0	17.0	888300
2022-06-20	17.0	16.8	17.1	16.9	419500
2022-06-21	16.9	16.8	17.0	17.0	181000
2022-06-22	16.9	16.4	16.9	16.5	620000
2022-06-23	16.5	16.5	16.8	16.8	155000
2022-06-24	16.8	16.3	16.8	16.3	406100
2022-06-27	16.4	16.4	16.6	16.5	194600
2022-06-28	16.6	16.4	16.8	16.7	421600
2022-06-29	16.6	16.4	16.6	16.4	203100
2022-06-30	16.5	16.4	16.6	16.6	248100
2022-07-01	16.7	16.6	17.1	17.0	823100
2022-07-04	17.1	16.6	17.1	16.9	309500
2022-07-05	16.9	15.9	16.9	16.3	1017900
2022-07-06	16.2	15.9	16.2	16.1	94800
2022-07-07	16.1	16.1	16.6	16.5	414900
2022-07-08	16.5	16.2	16.6	16.4	198100
2022-07-11	16.5	16.4	16.6	16.6	68100
2022-07-12	16.6	16.3	16.6	16.3	162000
2022-07-14	16.3	16.0	16.5	16.4	160600
2022-07-15	16.5	16.1	16.5	16.3	52000
2022-07-18	16.4	16.3	16.5	16.4	73500
2022-07-19	16.4	16.2	16.5	16.3	91300
2022-07-20	16.3	16.1	16.4	16.3	138400
2022-07-21	16.3	16.3	17.0	17.0	828700
2022-07-22	17.1	17.0	17.9	17.9	2903400
2022-07-25	17.9	17.7	18.0	17.8	552000
2022-07-26	17.8	17.7	18.2	17.7	1705800
2022-07-27	17.7	17.3	17.8	17.8	539400
2022-08-01	17.8	17.7	18.3	18.2	896400
2022-08-02	18.3	18.2	18.5	18.4	966200
2022-08-03	18.4	18.3	18.7	18.5	809200
2022-08-04	18.7	18.3	18.8	18.4	871900
2022-08-05	18.4	18.0	18.4	18.3	647800
2022-08-08	18.4	18.4	18.7	18.4	584600
2022-08-09	18.5	18.2	18.6	18.4	805600
2022-08-10	18.7	18.4	19.6	19.3	9040700
2022-08-11	19.3	18.9	19.5	19.0	2600100
2022-08-15	19.3	19.0	19.6	19.5	2603800
2022-08-16	19.5	19.2	19.8	19.7	1775300
2022-08-17	19.7	19.4	19.9	19.6	692800
2022-08-18	19.5	19.2	19.5	19.3	678300
2022-08-19	19.3	19.0	19.6	19.6	1979400
2022-08-22	19.5	19.2	19.8	19.2	1490600
2022-08-23	19.2	19.1	19.5	19.2	1041800
2022-08-24	19.1	19.0	19.5	19.3	427400
2022-08-25	19.4	19.0	19.4	19.3	511700
2022-08-26	19.3	19.1	19.4	19.3	615500
2022-08-29	19.0	19.0	19.3	19.1	364600
2022-08-30	19.4	19.2	19.7	19.7	958300
2022-08-31	20.0	19.3	20.2	19.3	4949100
2022-09-01	19.3	18.4	19.4	18.5	3643000
2022-09-02	18.6	18.5	19.1	19.1	1649200
2022-09-05	19.0	19.0	19.3	19.1	1475500
2022-09-06	19.2	19.2	20.3	20.3	3803100
2022-09-07	20.5	20.2	20.8	20.8	2199100
2022-09-08	21.0	20.4	21.0	20.6	850700
2022-09-09	20.8	20.5	21.5	20.7	2089300
2022-09-12	21.0	20.9	21.6	21.6	1871800
2022-09-13	21.4	21.4	22.0	21.7	1313900
2022-09-14	21.6	21.4	22.4	22.3	1388800
2022-09-15	22.5	21.8	22.5	21.9	1427600
2022-09-16	21.9	21.2	22.1	21.5	1497900
2022-09-19	21.5	21.0	21.8	21.0	927000
2022-09-20	21.3	21.2	22.0	21.8	1858700
2022-09-21	21.6	21.5	22.5	21.5	1562100
2022-09-22	21.2	21.2	21.8	21.6	801900
2022-09-23	21.9	21.7	22.2	21.9	847500
2022-09-26	22.0	21.5	22.1	22.0	963400
2022-09-27	21.9	21.2	22.1	21.6	1432900
2022-09-28	21.3	21.1	21.5	21.3	1405200
2022-09-29	21.4	21.3	21.9	21.5	1958900
2022-09-30	21.5	21.4	21.8	21.8	713000
2022-10-03	21.9	21.2	22.5	21.8	4218800
2022-10-04	22.4	22.3	23.9	23.8	4733000
2022-10-05	24.1	23.3	24.5	24.0	2317500
2022-10-06	24.2	23.5	24.2	24.1	1287200
2022-10-07	24.1	23.1	24.1	23.8	1999700
2022-10-10	23.7	23.3	23.7	23.6	763800
2022-10-11	23.7	22.5	23.7	22.5	2390300
2022-10-12	22.9	22.5	23.0	22.8	1832500
2022-10-17	22.8	22.0	23.1	23.1	2434100
2022-10-18	23.0	23.0	23.5	23.4	788100
2022-10-19	23.7	22.9	23.7	23.0	723600
2022-10-20	23.1	22.9	23.3	23.1	547600
2022-10-21	23.2	22.4	23.2	22.4	1353300
2022-10-25	22.5	22.5	23.0	22.6	1028600
2022-10-26	22.6	22.6	23.4	23.0	975600
2022-10-27	23.1	22.9	23.3	23.3	532600
2022-10-28	23.5	22.7	23.8	22.9	1702400
2022-10-31	22.9	22.8	23.1	22.8	350900
2022-11-01	22.8	21.4	22.9	21.5	4217900
2022-11-02	21.4	21.0	21.7	21.0	1758700
2022-11-03	20.8	20.3	21.5	20.8	2366100
2022-11-04	21.1	21.0	22.0	22.0	1665400
2022-11-07	21.9	20.0	21.9	20.5	4097200
2022-11-08	20.4	20.0	20.6	20.1	1014800
2022-11-09	20.3	19.9	20.4	20.0	874200
2022-11-10	20.1	20.0	20.2	20.2	323800
2022-11-11	20.4	19.5	20.4	19.7	1567400
2022-11-14	20.2	19.8	20.4	19.8	983800
2022-11-15	20.0	19.9	20.4	20.3	789100
2022-11-16	20.5	20.5	21.5	21.3	2754600
2022-11-17	21.3	21.0	21.5	21.3	1118400
2022-11-18	21.4	20.9	21.6	21.0	836500
2022-11-21	21.0	20.9	21.6	21.0	1313200
2022-11-22	21.1	20.2	21.1	20.5	1926300
2022-11-23	20.6	20.1	20.6	20.2	1008000
2022-11-24	20.1	19.8	20.3	20.1	726700
2022-11-25	20.2	20.1	20.7	20.7	947000
2022-11-28	20.7	20.7	21.2	20.8	1209900
2022-11-29	20.9	20.8	21.2	21.1	755900
2022-11-30	21.1	21.0	21.5	21.5	776900
2022-12-01	21.6	21.3	21.8	21.6	738300
2022-12-02	21.8	21.6	22.2	21.8	1099200
2022-12-06	21.9	21.6	22.1	22.1	929900
2022-12-07	22.0	21.4	22.0	21.5	689700
2022-12-08	21.5	21.4	21.8	21.5	383700
2022-12-09	21.5	21.5	21.8	21.7	260200
2022-12-13	21.9	21.7	22.1	22.0	682500
2022-12-14	22.1	21.5	22.2	22.2	1431500
2022-12-15	22.4	20.8	22.7	21.2	6819000
2022-12-16	21.0	21.0	21.5	21.2	1562700
2022-12-19	21.3	21.1	22.0	21.9	1119300
2022-12-20	22.0	21.2	22.0	21.7	1713700
2022-12-21	21.7	21.7	22.1	22.0	824200
2022-12-22	22.0	21.8	22.1	22.0	901000
2022-12-23	22.0	21.4	22.0	21.7	782700
2022-12-26	21.8	21.7	22.0	21.9	237000
2022-12-27	22.0	22.0	22.4	22.4	1568600
2022-12-28	22.4	22.3	22.6	22.6	800600
2022-12-29	22.5	22.4	22.8	22.6	928100
2022-12-30	22.7	22.0	22.7	22.6	998000
