Date	Price Open	Price Low	Price High	Price Close	Volume
2013-08-07	2.650446168	2.308453114	2.78724339	2.308453114	909887602.0
2013-08-08	2.393951378	2.222954851	2.496549294	2.274253809	406358428.0
2013-08-09	2.359752072	2.188755545	2.376851725	2.240054503	249826009.0
2013-08-13	2.240054503	2.103257282	2.308453114	2.103257282	189323143.0
2013-08-14	2.120356935	2.086157629	2.205855198	2.103257282	152432218.0
2013-08-15	2.103257282	1.898061449	2.120356935	1.915161102	133978042.0
2013-08-16	1.898061449	1.829662839	1.932260755	1.829662839	76985774.0
2013-08-19	1.727064922	1.607367354	1.761264228	1.650116485	42495716.0
2013-08-20	1.61591718	1.487669785	1.633016833	1.581717875	30477344.0
2013-08-21	1.547518569	1.538968743	1.581717875	1.556068396	11289001.0
2013-08-22	1.513319264	1.33377291	1.513319264	1.436370827	37429415.0
2013-08-23	1.444920653	1.359422389	1.453470479	1.359422389	12161065.0
2013-08-26	1.376522042	1.359422389	1.402171521	1.402171521	11023381.0
2013-08-27	1.385071869	1.291023779	1.385071869	1.308123431	13552205.0
2013-08-28	1.239724821	1.231174994	1.291023779	1.282473952	10961275.0
2013-08-29	1.291023779	1.282473952	1.350872563	1.350872563	7740975.0
2013-08-30	1.350872563	1.316673258	1.359422389	1.359422389	5777076.0
2013-09-02	1.350872563	1.342322737	1.453470479	1.436370827	26395506.0
2013-09-03	1.427821	1.385071869	1.427821	1.385071869	12875232.0
2013-09-04	1.367972216	1.325223084	1.410721348	1.385071869	15223584.0
2013-09-05	1.385071869	1.359422389	1.385071869	1.359422389	2172909.0
2013-09-06	1.359422389	1.359422389	1.496219611	1.462020306	30568340.0
2013-09-09	1.462020306	1.444920653	1.538968743	1.513319264	39410508.0
2013-09-10	1.530418916	1.479119958	1.556068396	1.496219611	31312331.0
2013-09-11	1.504769437	1.470570132	1.513319264	1.496219611	9137144.0
2013-09-12	1.487669785	1.444920653	1.513319264	1.470570132	16343489.0
2013-09-13	1.453470479	1.436370827	1.496219611	1.462020306	13882972.0
2013-09-16	1.470570132	1.470570132	1.530418916	1.530418916	14285904.0
2013-09-17	1.513319264	1.513319264	1.761264228	1.727064922	70803894.0
2013-09-18	1.70996527	1.650116485	1.744164575	1.701415443	45071441.0
2013-09-19	1.744164575	1.701415443	1.795463533	1.744164575	31183323.0
2013-09-20	1.727064922	1.727064922	1.846762491	1.829662839	24744947.0
2013-09-23	1.795463533	1.701415443	1.915161102	1.727064922	25999358.0
2013-09-24	1.701415443	1.701415443	1.778363881	1.727064922	8357245.0
2013-09-25	1.744164575	1.70996527	1.795463533	1.778363881	9278667.0
2013-09-26	1.761264228	1.761264228	1.880961797	1.846762491	21663480.0
2013-09-27	1.863862144	1.829662839	1.949360408	1.898061449	22506071.0
2013-09-30	1.846762491	1.761264228	1.949360408	1.829662839	90443708.0
2013-10-01	1.846762491	1.795463533	1.880961797	1.795463533	78037140.0
2013-10-02	1.812563186	1.761264228	1.829662839	1.795463533	16722912.0
2013-10-03	1.812563186	1.795463533	1.863862144	1.795463533	22328055.0
2013-10-04	1.795463533	1.778363881	1.829662839	1.795463533	12042583.0
2013-10-07	1.812563186	1.795463533	1.898061449	1.812563186	68480221.0
2013-10-08	1.829662839	1.795463533	1.846762491	1.812563186	21083936.0
2013-10-09	1.812563186	1.761264228	1.812563186	1.778363881	14513277.0
2013-10-10	1.778363881	1.778363881	1.812563186	1.778363881	9262644.0
2013-10-11	1.795463533	1.761264228	1.795463533	1.778363881	11780005.0
2013-10-14	1.795463533	1.744164575	1.795463533	1.761264228	8598537.0
2013-10-15	1.761264228	1.744164575	1.778363881	1.744164575	8629531.0
2013-10-16	1.744164575	1.727064922	1.761264228	1.744164575	7957705.0
2013-10-17	1.761264228	1.744164575	1.812563186	1.778363881	34808777.0
2013-10-18	1.795463533	1.761264228	1.795463533	1.778363881	7024937.0
2013-10-21	1.778363881	1.727064922	1.795463533	1.727064922	10696942.0
2013-10-22	1.727064922	1.701415443	1.744164575	1.70996527	8751405.0
2013-10-24	1.70996527	1.70996527	1.744164575	1.727064922	4645240.0
2013-10-25	1.70996527	1.70996527	1.744164575	1.727064922	7867879.0
2013-10-28	1.727064922	1.701415443	1.744164575	1.701415443	3495509.0
2013-10-29	1.70996527	1.692865617	1.70996527	1.701415443	3405683.0
2013-10-30	1.701415443	1.633016833	1.701415443	1.633016833	12359549.0
2013-10-31	1.633016833	1.61591718	1.633016833	1.633016833	5669354.0
2013-11-01	1.61591718	1.590267701	1.61591718	1.598817527	5937898.0
2013-11-04	1.573168048	1.513319264	1.573168048	1.513319264	4601730.0
2013-11-05	1.504769437	1.496219611	1.564618222	1.547518569	12810903.0
2013-11-06	1.547518569	1.538968743	1.590267701	1.590267701	9268726.0
2013-11-07	1.590267701	1.556068396	1.590267701	1.556068396	8208704.0
2013-11-08	1.538968743	1.513319264	1.547518569	1.52186909	3205913.0
2013-11-11	1.513319264	1.496219611	1.52186909	1.52186909	2342737.0
2013-11-12	1.52186909	1.52186909	1.530418916	1.52186909	3461122.0
2013-11-13	1.530418916	1.513319264	1.530418916	1.513319264	1768690.0
2013-11-14	1.52186909	1.513319264	1.538968743	1.513319264	3794813.0
2013-11-15	1.496219611	1.487669785	1.52186909	1.496219611	18195340.0
2013-11-18	1.504769437	1.496219611	1.513319264	1.504769437	1618746.0
2013-11-19	1.504769437	1.487669785	1.504769437	1.487669785	2135949.0
2013-11-20	1.487669785	1.470570132	1.496219611	1.470570132	2326596.0
2013-11-21	1.462020306	1.410721348	1.470570132	1.410721348	7987296.0
2013-11-22	1.410721348	1.376522042	1.410721348	1.376522042	3701712.0
2013-11-25	1.376522042	1.342322737	1.376522042	1.359422389	6035912.0
2013-11-26	1.359422389	1.350872563	1.393621695	1.385071869	3637968.0
2013-11-27	1.385071869	1.376522042	1.419271174	1.419271174	4305116.0
2013-11-28	1.419271174	1.410721348	1.479119958	1.410721348	17253566.0
2013-11-29	1.419271174	1.402171521	1.427821	1.427821	2370808.0
2013-12-02	1.410721348	1.402171521	1.419271174	1.419271174	2111037.0
2013-12-03	1.419271174	1.419271174	1.444920653	1.427821	4823255.0
2013-12-04	1.427821	1.410721348	1.444920653	1.410721348	2069983.0
2013-12-06	1.410721348	1.367972216	1.410721348	1.367972216	4515530.0
2013-12-09	1.376522042	1.350872563	1.385071869	1.350872563	2578531.0
2013-12-11	1.359422389	1.359422389	1.376522042	1.376522042	943060.0
2013-12-12	1.376522042	1.367972216	1.504769437	1.436370827	27197628.0
2013-12-13	1.444920653	1.402171521	1.462020306	1.402171521	5347944.0
2013-12-16	1.402171521	1.367972216	1.402171521	1.367972216	1966823.0
2013-12-17	1.376522042	1.367972216	1.393621695	1.367972216	1947641.0
2013-12-18	1.376522042	1.367972216	1.385071869	1.367972216	1310085.0
2013-12-19	1.385071869	1.367972216	1.385071869	1.367972216	1193825.0
2013-12-20	1.376522042	1.350872563	1.376522042	1.350872563	1379560.0
2013-12-23	1.359422389	1.325223084	1.359422389	1.325223084	2533033.0
2013-12-24	1.325223084	1.325223084	1.342322737	1.33377291	1386694.0
2013-12-25	1.33377291	1.325223084	1.342322737	1.33377291	927270.0
2013-12-26	1.325223084	1.308123431	1.33377291	1.308123431	2995733.0
2013-12-27	1.316673258	1.2653743	1.316673258	1.273924126	6750663.0
2014-01-02	1.273924126	1.188425863	1.273924126	1.188425863	4890391.0
2014-01-03	1.179876036	1.154226557	1.188425863	1.154226557	2712920.0
2014-01-06	1.162776383	1.128577078	1.162776383	1.137126904	3978326.0
2014-01-07	1.154226557	1.145676731	1.179876036	1.179876036	2679586.0
2014-01-08	1.179876036	1.145676731	1.179876036	1.145676731	2199693.0
2014-01-09	1.145676731	1.137126904	1.17132621	1.145676731	1652080.0
2014-01-10	1.137126904	1.137126904	1.162776383	1.162776383	2289052.0
2014-01-13	1.154226557	1.145676731	1.17132621	1.17132621	1071600.0
2014-01-14	1.162776383	1.162776383	1.205525515	1.205525515	3235153.0
2014-01-15	1.196975689	1.196975689	1.222625168	1.205525515	3390244.0
2014-01-16	1.205525515	1.205525515	1.239724821	1.231174994	7999109.0
2014-01-17	1.231174994	1.231174994	1.427821	1.325223084	45724905.0
2014-01-20	1.33377291	1.299573605	1.350872563	1.299573605	3096086.0
2014-01-21	1.308123431	1.299573605	1.33377291	1.308123431	3732473.0
2014-01-22	1.291023779	1.2653743	1.299573605	1.273924126	4033883.0
2014-01-23	1.273924126	1.2653743	1.282473952	1.273924126	2708826.0
2014-01-24	1.282473952	1.273924126	1.291023779	1.273924126	2057117.0
2014-01-27	1.2653743	1.256824473	1.273924126	1.256824473	1090431.0
2014-01-28	1.256824473	1.231174994	1.273924126	1.248274647	2577362.0
2014-01-29	1.248274647	1.231174994	1.256824473	1.231174994	794519.0
2014-01-30	1.231174994	1.214075342	1.239724821	1.231174994	2135248.0
2014-01-31	1.239724821	1.231174994	1.248274647	1.231174994	559894.0
2014-02-03	1.239724821	1.239724821	1.282473952	1.2653743	14162509.0
2014-02-04	1.2653743	1.248274647	1.2653743	1.248274647	1891617.0
2014-02-05	1.2653743	1.248274647	1.291023779	1.248274647	4859747.0
2014-02-06	1.273924126	1.256824473	1.273924126	1.256824473	2068112.0
2014-02-07	1.2653743	1.256824473	1.282473952	1.256824473	1963197.0
2014-02-10	1.2653743	1.248274647	1.2653743	1.248274647	1520849.0
2014-02-11	1.256824473	1.239724821	1.2653743	1.256824473	1599330.0
2014-02-12	1.256824473	1.256824473	1.273924126	1.2653743	1349267.0
2014-02-13	1.308123431	1.299573605	1.350872563	1.299573605	14928958.0
2014-02-17	1.308123431	1.282473952	1.308123431	1.282473952	3012926.0
2014-02-18	1.291023779	1.2653743	1.291023779	1.273924126	2142499.0
2014-02-19	1.291023779	1.282473952	1.350872563	1.33377291	17889135.0
2014-02-20	1.33377291	1.291023779	1.33377291	1.299573605	4830390.0
2014-02-21	1.308123431	1.291023779	1.350872563	1.291023779	45296241.0
2014-02-24	1.299573605	1.273924126	1.316673258	1.282473952	7692086.0
2014-02-25	1.282473952	1.2653743	1.299573605	1.2653743	4100083.0
2014-02-26	1.273924126	1.256824473	1.282473952	1.256824473	4661381.0
2014-02-27	1.2653743	1.256824473	1.273924126	1.2653743	4026631.0
2014-02-28	1.2653743	1.2653743	1.273924126	1.2653743	2420516.0
2014-03-03	1.2653743	1.2653743	1.282473952	1.2653743	2691633.0
2014-03-04	1.273924126	1.273924126	1.316673258	1.291023779	7677582.0
2014-03-05	1.308123431	1.291023779	1.316673258	1.299573605	3942770.0
2014-03-06	1.299573605	1.299573605	1.367972216	1.325223084	31618770.0
2014-03-07	1.33377291	1.325223084	1.342322737	1.325223084	10512260.0
2014-03-10	1.33377291	1.308123431	1.33377291	1.308123431	6378141.0
2014-03-11	1.316673258	1.316673258	1.342322737	1.342322737	8458066.0
2014-03-12	1.342322737	1.325223084	1.350872563	1.33377291	6319426.0
2014-03-13	1.342322737	1.33377291	1.385071869	1.350872563	23768786.0
2014-03-14	1.350872563	1.342322737	1.410721348	1.410721348	22577534.0
2014-03-17	1.436370827	1.427821	1.61591718	1.573168048	208902254.0
2014-03-18	1.581717875	1.513319264	1.598817527	1.530418916	49660072.0
2014-03-19	1.530418916	1.453470479	1.564618222	1.479119958	26875516.0
2014-03-20	1.479119958	1.462020306	1.556068396	1.487669785	57955913.0
2014-03-21	1.496219611	1.496219611	1.538968743	1.504769437	21594707.0
2014-03-24	1.504769437	1.444920653	1.504769437	1.453470479	10453779.0
2014-03-25	1.453470479	1.436370827	1.496219611	1.453470479	16488171.0
2014-03-26	1.462020306	1.453470479	1.496219611	1.487669785	13500625.0
2014-03-27	1.496219611	1.427821	1.496219611	1.436370827	11158823.0
2014-03-28	1.444920653	1.436370827	1.453470479	1.444920653	5508532.0
2014-03-31	1.444920653	1.436370827	1.453470479	1.444920653	1951267.0
2014-04-01	1.453470479	1.453470479	1.487669785	1.470570132	7673957.0
2014-04-02	1.479119958	1.470570132	1.496219611	1.487669785	14606495.0
2014-04-03	1.487669785	1.479119958	1.513319264	1.479119958	11059522.0
2014-04-04	1.479119958	1.479119958	1.504769437	1.479119958	6113925.0
2014-04-08	1.487669785	1.462020306	1.496219611	1.462020306	10103012.0
2014-04-09	1.470570132	1.453470479	1.470570132	1.453470479	5262095.0
2014-04-10	1.453470479	1.444920653	1.487669785	1.470570132	9977278.0
2014-04-11	1.462020306	1.462020306	1.470570132	1.470570132	2085071.0
2014-04-16	1.479119958	1.479119958	1.52186909	1.504769437	12111357.0
2014-04-17	1.504769437	1.504769437	1.641566659	1.573168048	89445793.0
2014-04-18	1.573168048	1.573168048	1.701415443	1.692865617	120396480.0
2014-04-21	1.70996527	1.624467006	1.829662839	1.650116485	119287101.0
2014-04-22	1.650116485	1.624467006	1.675765964	1.633016833	30458045.0
2014-04-23	1.641566659	1.624467006	1.658666312	1.633016833	16698584.0
2014-04-24	1.641566659	1.598817527	1.641566659	1.598817527	11359762.0
2014-04-25	1.61591718	1.590267701	1.624467006	1.590267701	8682632.0
2014-04-28	1.598817527	1.581717875	1.633016833	1.590267701	8802284.0
2014-04-29	1.598817527	1.590267701	1.667216138	1.624467006	40210758.0
2014-04-30	1.633016833	1.624467006	1.692865617	1.684315791	35416391.0
2014-05-02	1.675765964	1.641566659	1.684315791	1.641566659	18509615.0
2014-05-06	1.650116485	1.547518569	1.650116485	1.564618222	16177989.0
2014-05-07	1.547518569	1.538968743	1.573168048	1.564618222	5361044.0
2014-05-08	1.564618222	1.52186909	1.573168048	1.52186909	5172736.0
2014-05-09	1.530418916	1.487669785	1.538968743	1.513319264	5283499.0
2014-05-12	1.504769437	1.504769437	1.530418916	1.513319264	3076436.0
2014-05-14	1.530418916	1.52186909	1.538968743	1.538968743	3879026.0
2014-05-15	1.538968743	1.52186909	1.538968743	1.538968743	3720192.0
2014-05-16	1.538968743	1.530418916	1.581717875	1.556068396	12601776.0
2014-05-19	1.556068396	1.556068396	1.581717875	1.556068396	5080571.0
2014-05-20	1.538968743	1.513319264	1.556068396	1.556068396	6241413.0
2014-05-21	1.556068396	1.556068396	1.581717875	1.581717875	3042985.0
2014-05-22	1.590267701	1.581717875	1.633016833	1.61591718	13677587.0
2014-05-23	1.547518569	1.547518569	1.581717875	1.564618222	9109658.0
2014-05-26	1.564618222	1.547518569	1.581717875	1.573168048	6114276.0
2014-05-27	1.581717875	1.573168048	1.624467006	1.598817527	13328691.0
2014-05-28	1.624467006	1.598817527	1.624467006	1.607367354	4588046.0
2014-05-29	1.61591718	1.61591718	1.658666312	1.633016833	12551599.0
2014-05-30	1.650116485	1.633016833	1.70996527	1.684315791	23011578.0
2014-06-02	1.692865617	1.667216138	1.727064922	1.667216138	16162316.0
2014-06-03	1.684315791	1.658666312	1.701415443	1.658666312	7789631.0
2014-06-04	1.667216138	1.650116485	1.675765964	1.650116485	6338023.0
2014-06-05	1.658666312	1.650116485	1.692865617	1.667216138	6333228.0
2014-06-06	1.684315791	1.650116485	1.692865617	1.650116485	6416855.0
2014-06-09	1.658666312	1.650116485	1.667216138	1.650116485	3173514.0
2014-06-10	1.650116485	1.650116485	1.727064922	1.701415443	23252986.0
2014-06-11	1.727064922	1.701415443	1.761264228	1.70996527	21606520.0
2014-06-12	1.70996527	1.70996527	1.795463533	1.744164575	30000024.0
2014-06-13	1.778363881	1.744164575	1.795463533	1.761264228	10079619.0
2014-06-16	1.778363881	1.727064922	1.778363881	1.727064922	2684031.0
2014-06-17	1.744164575	1.70996527	1.778363881	1.70996527	14539008.0
2014-06-18	1.727064922	1.675765964	1.727064922	1.675765964	9253989.0
2014-06-19	1.684315791	1.684315791	1.692865617	1.684315791	3982186.0
2014-06-20	1.701415443	1.684315791	1.70996527	1.684315791	930662.0
2014-06-23	1.692865617	1.692865617	1.727064922	1.70996527	5587131.0
2014-06-24	1.727064922	1.70996527	1.778363881	1.727064922	18028670.0
2014-06-25	1.744164575	1.70996527	1.744164575	1.727064922	4797407.0
2014-06-26	1.727064922	1.70996527	1.744164575	1.70996527	6981428.0
2014-06-27	1.727064922	1.70996527	1.727064922	1.70996527	1721321.0
2014-06-30	1.70996527	1.70996527	1.812563186	1.744164575	52013220.0
2014-07-02	1.761264228	1.727064922	1.761264228	1.727064922	9216327.0
2014-07-03	1.744164575	1.727064922	1.761264228	1.727064922	3864405.0
2014-07-04	1.744164575	1.744164575	1.812563186	1.744164575	19859818.0
2014-07-07	1.761264228	1.744164575	1.880961797	1.880961797	42307759.0
2014-07-08	1.932260755	1.880961797	1.949360408	1.880961797	62436823.0
2014-07-09	1.863862144	1.846762491	1.898061449	1.863862144	10371672.0
2014-07-10	1.863862144	1.863862144	1.983559713	1.96646006	51356481.0
2014-07-14	1.983559713	1.96646006	2.069057976	1.983559713	39770515.0
2014-07-15	1.96646006	1.932260755	1.983559713	1.96646006	9863124.0
2014-07-16	1.983559713	1.983559713	2.205855198	2.171655893	85909230.0
2014-07-17	2.240054503	2.205855198	2.530748599	2.359752072	149960004.0
2014-07-18	2.41105103	2.41105103	2.582047557	2.445250336	141708024.0
2014-07-21	2.496549294	2.359752072	2.513648947	2.41105103	42473143.0
2014-07-22	2.41105103	2.325552767	2.462349989	2.34265242	30841211.0
2014-07-23	2.359752072	2.359752072	2.428150683	2.41105103	25185072.0
2014-07-24	2.445250336	2.393951378	2.513648947	2.428150683	44606052.0
2014-07-25	2.428150683	2.41105103	2.445250336	2.41105103	9181473.0
2014-07-28	2.428150683	2.376851725	2.428150683	2.376851725	9446039.0
2014-07-29	2.325552767	2.222954851	2.376851725	2.325552767	33816944.0
2014-07-30	2.308453114	2.274253809	2.428150683	2.41105103	41456280.0
2014-07-31	2.393951378	2.393951378	2.667545821	2.564947905	166858593.0
2014-08-01	2.530748599	2.530748599	2.701745126	2.616246863	111798527.0
2014-08-04	2.667545821	2.667545821	2.770143737	2.770143737	78345450.0
2014-08-05	2.770143737	2.735944432	2.906940959	2.78724339	94613851.0
2014-08-06	2.78724339	2.718844779	2.838542348	2.718844779	35306214.0
2014-08-07	2.753044084	2.633346515	2.78724339	2.701745126	44086158.0
2014-08-08	2.701745126	2.650446168	2.855642001	2.838542348	68817771.0
2014-08-13	2.906940959	2.838542348	2.941140264	2.838542348	67399965.0
2014-08-14	2.872741653	2.59914721	2.872741653	2.633346515	78611655.0
2014-08-15	2.650446168	2.633346515	2.753044084	2.684645474	28002673.0
2014-08-18	2.701745126	2.701745126	2.770143737	2.718844779	13894668.0
2014-08-19	2.735944432	2.718844779	2.821442695	2.821442695	27096222.0
2014-08-20	2.872741653	2.735944432	2.889841306	2.78724339	38262531.0
2014-08-21	2.804343042	2.753044084	2.838542348	2.78724339	13048218.0
2014-08-22	2.78724339	2.735944432	2.821442695	2.753044084	10264652.0
2014-08-25	2.78724339	2.701745126	2.78724339	2.718844779	16519282.0
2014-08-26	2.735944432	2.718844779	2.770143737	2.735944432	10463604.0
2014-08-27	2.753044084	2.753044084	3.026638528	3.026638528	147671654.0
2014-08-28	3.077937486	3.077937486	3.214734707	3.163435749	122387865.0
2014-08-29	3.112136791	3.077937486	3.248934013	3.23183436	56831797.0
2014-09-01	3.317332623	3.248934013	3.505428803	3.41993054	91379165.0
2014-09-02	3.471229498	3.180535402	3.48832915	3.317332623	59094065.0
2014-09-03	3.317332623	3.214734707	3.351531929	3.266033665	25133025.0
2014-09-04	3.300232971	3.300232971	3.402830887	3.334432276	31117474.0
2014-09-05	3.334432276	3.23183436	3.368631581	3.23183436	35999210.0
2014-09-08	3.248934013	3.112136791	3.283133318	3.129236444	39985958.0
2014-09-09	3.146336096	3.129236444	3.300232971	3.248934013	32212934.0
2014-09-10	3.197635055	3.163435749	3.266033665	3.197635055	11862697.0
2014-09-11	3.214734707	3.180535402	3.248934013	3.180535402	7416057.0
2014-09-12	3.23183436	3.163435749	3.334432276	3.23183436	20414683.0
2014-09-15	3.23183436	3.180535402	3.23183436	3.180535402	5855440.0
2014-09-16	3.214734707	3.180535402	3.300232971	3.180535402	15490022.0
2014-09-17	3.23183436	3.146336096	3.248934013	3.214734707	9212467.0
2014-09-18	3.214734707	3.214734707	3.48832915	3.48832915	49256438.0
2014-09-19	3.505428803	3.505428803	3.659325677	3.522528456	108738114.0
2014-09-22	3.522528456	3.41993054	3.522528456	3.454129845	18376630.0
2014-09-23	3.454129845	3.454129845	3.539628108	3.539628108	15555988.0
2014-09-24	3.539628108	3.402830887	3.539628108	3.437030192	14378771.0
2014-09-25	3.454129845	3.334432276	3.454129845	3.351531929	11739419.0
2014-09-26	3.300232971	3.283133318	3.402830887	3.368631581	11167946.0
2014-09-29	3.351531929	3.317332623	3.471229498	3.317332623	22244194.0
2014-09-30	3.317332623	3.317332623	3.368631581	3.317332623	3669314.0
2014-10-01	3.368631581	3.317332623	3.385731234	3.334432276	3839610.0
2014-10-03	3.060837833	3.04373818	3.146336096	3.112136791	11695325.0
2014-10-06	3.163435749	3.077937486	3.163435749	3.095037138	6725984.0
2014-10-07	3.112136791	3.077937486	3.146336096	3.095037138	4010724.0
2014-10-08	3.077937486	3.060837833	3.112136791	3.077937486	2434669.0
2014-10-09	3.112136791	3.077937486	3.180535402	3.163435749	4488746.0
2014-10-10	3.129236444	3.112136791	3.180535402	3.180535402	3270124.0
2014-10-13	3.129236444	3.129236444	3.163435749	3.146336096	2940059.0
2014-10-14	3.146336096	3.129236444	3.163435749	3.146336096	1194176.0
2014-10-15	3.146336096	3.077937486	3.163435749	3.095037138	8618303.0
2014-10-16	3.077937486	3.060837833	3.146336096	3.060837833	4882438.0
2014-10-17	3.060837833	2.906940959	3.095037138	2.924040611	12158726.0
2014-10-20	2.941140264	2.855642001	2.958239917	2.855642001	5063611.0
2014-10-21	2.855642001	2.582047557	2.872741653	2.650446168	22105478.0
2014-10-22	2.718844779	2.718844779	2.770143737	2.770143737	5952284.0
2014-10-24	2.78724339	2.78724339	2.821442695	2.78724339	2968481.0
2014-10-27	2.821442695	2.804343042	2.889841306	2.855642001	3648846.0
2014-10-28	2.906940959	2.855642001	3.04373818	3.026638528	8180517.0
2014-10-29	3.112136791	3.026638528	3.146336096	3.112136791	10402667.0
2014-10-30	3.129236444	3.026638528	3.129236444	3.060837833	2686370.0
2014-10-31	3.060837833	3.060837833	3.077937486	3.077937486	1144350.0
2014-11-03	3.095037138	2.941140264	3.095037138	2.941140264	4637170.0
2014-11-04	2.958239917	2.941140264	3.026638528	2.992439222	4181956.0
2014-11-05	2.992439222	2.924040611	3.04373818	2.958239917	2841929.0
2014-11-06	2.992439222	2.958239917	3.009538875	2.958239917	973002.0
2014-11-07	2.958239917	2.855642001	2.992439222	2.924040611	6803997.0
2014-11-10	2.906940959	2.821442695	2.975339569	2.838542348	8243442.0
2014-11-11	2.855642001	2.855642001	2.958239917	2.906940959	3801012.0
2014-11-12	2.924040611	2.855642001	2.924040611	2.855642001	3289189.0
2014-11-13	2.855642001	2.770143737	2.872741653	2.855642001	7816299.0
2014-11-14	2.855642001	2.821442695	2.906940959	2.906940959	11115079.0
2014-11-17	2.992439222	2.958239917	3.283133318	3.077937486	160302670.0
2014-11-18	3.077937486	3.026638528	3.351531929	3.095037138	160710047.0
2014-11-19	3.129236444	2.941140264	3.23183436	2.941140264	54561108.0
2014-11-20	2.975339569	2.872741653	2.975339569	2.924040611	12685871.0
2014-11-21	2.924040611	2.821442695	2.975339569	2.855642001	12787511.0
2014-11-24	2.872741653	2.872741653	2.941140264	2.889841306	6229834.0
2014-11-25	2.924040611	2.924040611	3.112136791	3.009538875	28539527.0
2014-11-26	3.04373818	3.009538875	3.163435749	3.04373818	19763910.0
2014-11-27	3.04373818	3.009538875	3.112136791	3.04373818	6937918.0
2014-11-28	3.077937486	2.992439222	3.077937486	3.026638528	7583896.0
2014-12-01	2.992439222	2.975339569	3.026638528	2.992439222	4350731.0
2014-12-02	3.04373818	2.975339569	3.04373818	2.975339569	3406501.0
2014-12-03	3.026638528	2.941140264	3.026638528	2.958239917	5221977.0
2014-12-04	2.958239917	2.906940959	2.975339569	2.975339569	4141955.0
2014-12-08	2.992439222	2.872741653	2.992439222	2.906940959	4051895.0
2014-12-09	2.924040611	2.855642001	2.924040611	2.855642001	3044389.0
2014-12-11	2.838542348	2.684645474	2.855642001	2.735944432	7912324.0
2014-12-12	2.684645474	2.616246863	2.770143737	2.650446168	7429507.0
2014-12-15	2.650446168	2.479449641	2.804343042	2.684645474	26903938.0
2014-12-16	2.667545821	2.530748599	2.718844779	2.633346515	6576273.0
2014-12-17	2.650446168	2.650446168	2.753044084	2.684645474	4458336.0
2014-12-18	2.753044084	2.753044084	2.821442695	2.78724339	4264998.0
2014-12-19	2.872741653	2.78724339	2.872741653	2.78724339	5586195.0
2014-12-22	2.838542348	2.804343042	2.855642001	2.821442695	3891774.0
2014-12-23	2.838542348	2.78724339	2.838542348	2.804343042	1585412.0
2014-12-24	2.804343042	2.718844779	2.804343042	2.735944432	3798907.0
2014-12-25	2.684645474	2.650446168	2.701745126	2.684645474	2889298.0
2014-12-26	2.650446168	2.650446168	2.718844779	2.701745126	1408098.0
2014-12-29	2.718844779	2.667545821	2.718844779	2.684645474	1665296.0
2014-12-30	2.667545821	2.667545821	2.78724339	2.701745126	1968110.0
2015-01-05	2.701745126	2.684645474	2.804343042	2.804343042	8062152.0
2015-01-06	2.770143737	2.753044084	2.855642001	2.855642001	4942790.0
2015-01-07	2.924040611	2.855642001	2.975339569	2.889841306	10128275.0
2015-01-08	2.958239917	2.906940959	2.958239917	2.924040611	5708536.0
2015-01-09	2.958239917	2.804343042	2.958239917	2.855642001	7745888.0
2015-01-12	2.821442695	2.821442695	2.906940959	2.872741653	1755591.0
2015-01-13	2.872741653	2.872741653	2.941140264	2.906940959	7902265.0
2015-01-14	2.941140264	2.855642001	2.941140264	2.855642001	5264668.0
2015-01-15	2.838542348	2.821442695	2.906940959	2.889841306	6552296.0
2015-01-16	2.872741653	2.872741653	2.941140264	2.872741653	10950397.0
2015-01-19	2.906940959	2.770143737	2.906940959	2.838542348	3565920.0
2015-01-20	2.838542348	2.735944432	2.872741653	2.804343042	7422840.0
2015-01-21	2.804343042	2.804343042	3.180535402	3.163435749	130289078.0
2015-01-22	3.23183436	3.129236444	3.283133318	3.163435749	106290813.0
2015-01-23	3.180535402	2.958239917	3.180535402	3.04373818	52359542.0
2015-01-26	3.129236444	3.060837833	3.23183436	3.146336096	40762231.0
2015-01-27	3.197635055	3.112136791	3.197635055	3.129236444	11816848.0
2015-01-28	3.180535402	3.129236444	3.385731234	3.385731234	126761287.0
2015-01-29	3.368631581	3.180535402	3.48832915	3.248934013	119042300.0
2015-01-30	3.266033665	3.197635055	3.266033665	3.197635055	19529987.0
2015-02-02	3.214734707	3.197635055	3.385731234	3.334432276	47438156.0
2015-02-03	3.334432276	3.300232971	3.368631581	3.300232971	25110568.0
2015-02-04	3.317332623	3.214734707	3.351531929	3.214734707	26377845.0
2015-02-05	3.214734707	3.180535402	3.283133318	3.214734707	11746554.0
2015-02-06	3.23183436	3.129236444	3.283133318	3.180535402	19665194.0
2015-02-09	3.197635055	3.180535402	3.283133318	3.197635055	27639859.0
2015-02-10	3.197635055	3.197635055	3.351531929	3.283133318	53110669.0
2015-02-11	3.351531929	3.300232971	3.454129845	3.300232971	122897466.0
2015-02-12	3.334432276	3.283133318	3.368631581	3.317332623	43039821.0
2015-02-13	3.351531929	3.300232971	3.368631581	3.317332623	18936992.0
2015-02-16	3.334432276	3.317332623	3.385731234	3.317332623	28036358.0
2015-02-17	3.334432276	3.23183436	3.368631581	3.23183436	21429207.0
2015-02-18	3.248934013	3.248934013	3.283133318	3.266033665	7910219.0
2015-02-19	3.283133318	3.248934013	3.334432276	3.283133318	15640902.0
2015-02-20	3.317332623	3.197635055	3.317332623	3.23183436	20467550.0
2015-02-23	3.248934013	3.180535402	3.283133318	3.197635055	13974435.0
2015-02-24	3.197635055	3.095037138	3.23183436	3.146336096	43172806.0
2015-02-25	3.214734707	3.197635055	3.283133318	3.23183436	44624064.0
2015-02-26	3.23183436	3.180535402	3.266033665	3.23183436	23556501.0
2015-02-27	3.385731234	3.283133318	3.556727761	3.317332623	260974657.0
2015-03-02	3.317332623	3.248934013	3.368631581	3.248934013	49745454.0
2015-03-03	3.283133318	3.180535402	3.368631581	3.197635055	42645193.0
2015-03-05	3.197635055	3.146336096	3.266033665	3.146336096	30478162.0
2015-03-06	3.180535402	3.146336096	3.214734707	3.197635055	7629160.0
2015-03-09	3.129236444	3.112136791	3.197635055	3.163435749	8328239.0
2015-03-10	3.214734707	3.180535402	3.266033665	3.180535402	8433036.0
2015-03-11	3.129236444	3.095037138	3.214734707	3.180535402	8741230.0
2015-03-12	3.180535402	3.095037138	3.180535402	3.112136791	11205022.0
2015-03-13	3.112136791	3.095037138	3.163435749	3.095037138	8725557.0
2015-03-16	3.095037138	2.941140264	3.180535402	3.026638528	36253250.0
2015-03-17	2.992439222	2.958239917	3.146336096	2.992439222	7406466.0
2015-03-18	2.975339569	2.958239917	3.077937486	3.04373818	4412955.0
2015-03-19	3.026638528	3.026638528	3.095037138	3.026638528	2051854.0
2015-03-20	3.026638528	2.975339569	3.077937486	3.009538875	2446482.0
2015-03-23	3.060837833	2.941140264	3.060837833	2.941140264	2182266.0
2015-03-24	2.906940959	2.735944432	2.906940959	2.78724339	6544109.0
2015-03-25	2.78724339	2.770143737	2.872741653	2.804343042	1668805.0
2015-03-26	2.770143737	2.718844779	2.821442695	2.718844779	1715824.0
2015-03-27	2.650446168	2.650446168	2.718844779	2.684645474	4552841.0
2015-03-30	2.718844779	2.701745126	2.838542348	2.821442695	4536349.0
2015-03-31	2.838542348	2.838542348	2.992439222	2.958239917	5126770.0
2015-04-01	2.958239917	2.958239917	3.026638528	3.026638528	5033552.0
2015-04-02	3.026638528	3.026638528	3.129236444	3.112136791	7511614.0
2015-04-03	3.112136791	3.095037138	3.197635055	3.129236444	9131296.0
2015-04-07	3.146336096	2.992439222	3.146336096	2.992439222	5215193.0
2015-04-08	3.026638528	2.992439222	3.077937486	3.026638528	6151236.0
2015-04-09	3.04373818	3.04373818	3.146336096	3.095037138	7744835.0
2015-04-10	3.077937486	3.077937486	3.23183436	3.23183436	12150656.0
2015-04-16	3.23183436	3.23183436	3.368631581	3.334432276	16949467.0
2015-04-17	3.283133318	3.283133318	3.334432276	3.334432276	4268624.0
2015-04-20	3.248934013	3.060837833	3.248934013	3.129236444	23436967.0
2015-04-21	3.146336096	3.112136791	3.266033665	3.248934013	10249681.0
2015-04-22	3.23183436	3.146336096	3.266033665	3.163435749	9353874.0
2015-04-23	3.163435749	3.129236444	3.214734707	3.163435749	3539721.0
2015-04-24	3.197635055	3.129236444	3.23183436	3.23183436	4364767.0
2015-04-27	3.248934013	3.163435749	3.248934013	3.23183436	1685180.0
2015-04-28	3.23183436	3.112136791	3.334432276	3.180535402	22313318.0
2015-04-29	3.163435749	3.060837833	3.214734707	3.112136791	8109755.0
2015-04-30	3.129236444	3.077937486	3.129236444	3.129236444	14067771.0
2015-05-06	3.129236444	3.095037138	3.23183436	3.129236444	12667508.0
2015-05-07	3.31607808	3.03973824	3.33581664	3.09895392	13231562.0
2015-05-08	3.07921536	3.01999968	3.11869248	3.0594768	3920346.0
2015-05-11	3.0594768	2.8620912	3.07921536	2.8620912	10034774.0
2015-05-12	2.84235264	2.60548992	2.84235264	2.62522848	15213166.0
2015-05-13	2.58575136	2.5660128	2.82261408	2.7633984	9320436.0
2015-05-14	2.7633984	2.74365984	2.92130688	2.8620912	8718670.0
2015-05-15	2.90156832	2.84235264	2.98052256	2.94104544	9881977.0
2015-05-18	2.960784	2.90156832	3.00026112	2.94104544	3804634.0
2015-05-19	2.960784	2.84235264	2.98052256	2.90156832	4599626.0
2015-05-20	2.92130688	2.84235264	2.94104544	2.8620912	2657032.0
2015-05-21	2.8620912	2.84235264	2.88182976	2.8620912	1913108.0
2015-05-22	2.8620912	2.84235264	2.960784	2.88182976	6320825.0
2015-05-25	2.92130688	2.82261408	2.92130688	2.82261408	3391331.0
2015-05-26	2.78313696	2.78313696	2.8620912	2.82261408	828530.0
2015-05-27	2.84235264	2.80287552	2.88182976	2.88182976	722139.0
2015-05-28	2.90156832	2.8620912	2.98052256	2.88182976	6108550.0
2015-05-29	2.8620912	2.8620912	2.92130688	2.8620912	1117710.0
2015-06-02	2.8620912	2.82261408	2.90156832	2.84235264	952551.0
2015-06-03	2.82261408	2.80287552	2.92130688	2.84235264	6964743.0
2015-06-04	2.82261408	2.7633984	2.82261408	2.78313696	6714268.0
2015-06-05	2.80287552	2.80287552	2.84235264	2.82261408	2785714.0
2015-06-08	2.84235264	2.80287552	2.88182976	2.82261408	3840401.0
2015-06-09	2.82261408	2.78313696	2.82261408	2.78313696	2630485.0
2015-06-10	2.80287552	2.78313696	2.84235264	2.80287552	2475763.0
2015-06-11	2.8620912	2.84235264	2.94104544	2.8620912	14709583.0
2015-06-12	2.88182976	2.84235264	2.90156832	2.8620912	2039763.0
2015-06-15	2.84235264	2.82261408	2.88182976	2.8620912	1600218.0
2015-06-16	2.88182976	2.88182976	3.00026112	2.92130688	17331963.0
2015-06-17	2.960784	2.92130688	2.960784	2.92130688	6478790.0
2015-06-18	2.960784	2.92130688	2.960784	2.94104544	2065196.0
2015-06-19	2.960784	2.90156832	2.960784	2.90156832	2491772.0
2015-06-22	2.90156832	2.88182976	2.92130688	2.88182976	1500312.0
2015-06-23	2.90156832	2.88182976	2.92130688	2.90156832	1336267.0
2015-06-24	2.92130688	2.90156832	2.94104544	2.92130688	2445365.0
2015-06-25	2.92130688	2.88182976	2.92130688	2.92130688	1485113.0
2015-06-26	2.94104544	2.90156832	2.94104544	2.90156832	967750.0
2015-06-29	2.90156832	2.8620912	2.90156832	2.90156832	1864168.0
2015-06-30	2.92130688	2.88182976	2.92130688	2.88182976	1938945.0
2015-07-02	2.92130688	2.90156832	2.98052256	2.90156832	6345954.0
2015-07-03	2.90156832	2.88182976	2.92130688	2.88182976	2196208.0
2015-07-06	2.88182976	2.7633984	2.88182976	2.82261408	6119797.0
2015-07-07	2.82261408	2.80287552	2.90156832	2.84235264	3719116.0
2015-07-08	2.82261408	2.7633984	2.84235264	2.80287552	6652967.0
2015-07-09	2.80287552	2.7633984	2.80287552	2.80287552	1362713.0
2015-07-10	2.82261408	2.80287552	2.84235264	2.80287552	1036448.0
2015-07-13	2.82261408	2.78313696	2.84235264	2.78313696	4945649.0
2015-07-14	2.82261408	2.78313696	2.82261408	2.78313696	2124775.0
2015-07-15	2.80287552	2.78313696	2.84235264	2.78313696	1000680.0
2015-07-16	2.80287552	2.78313696	2.82261408	2.78313696	1250141.0
2015-07-17	2.78313696	2.7633984	2.80287552	2.7633984	2405646.0
2015-07-20	2.78313696	2.7633984	2.80287552	2.7633984	3169228.0
2015-07-21	2.78313696	2.68444416	2.78313696	2.68444416	4632354.0
2015-07-22	2.68444416	2.60548992	2.68444416	2.6647056	3250997.0
2015-07-23	2.68444416	2.68444416	2.7633984	2.7633984	2287096.0
2015-07-24	2.74365984	2.72392128	2.7633984	2.74365984	1369400.0
2015-07-27	2.72392128	2.62522848	2.7633984	2.7633984	14279562.0
2015-07-28	2.78313696	2.68444416	2.78313696	2.70418272	1512167.0
2015-07-29	2.70418272	2.64496704	2.72392128	2.6647056	4327266.0
2015-07-31	2.70418272	2.70418272	2.74365984	2.72392128	1299588.0
2015-08-03	2.74365984	2.70418272	2.7633984	2.72392128	1398582.0
2015-08-04	2.72392128	2.72392128	2.7633984	2.7633984	545632.0
2015-08-05	2.7633984	2.72392128	2.78313696	2.72392128	871390.0
2015-08-06	2.74365984	2.72392128	2.7633984	2.72392128	716668.0
2015-08-07	2.7633984	2.70418272	2.7633984	2.70418272	1050025.0
2015-08-10	2.70418272	2.70418272	2.74365984	2.70418272	1350149.0
2015-08-11	2.72392128	2.70418272	2.7633984	2.70418272	855178.0
2015-08-13	2.70418272	2.6647056	2.72392128	2.68444416	2343230.0
2015-08-14	2.68444416	2.6647056	2.70418272	2.68444416	625678.0
2015-08-17	2.70418272	2.68444416	2.72392128	2.68444416	1321980.0
2015-08-18	2.62522848	2.58575136	2.68444416	2.60548992	3726006.0
2015-08-19	2.60548992	2.60548992	2.6647056	2.6647056	1033915.0
2015-08-20	2.64496704	2.62522848	2.6647056	2.62522848	682319.0
2015-08-21	2.62522848	2.60548992	2.64496704	2.60548992	1600623.0
2015-08-24	2.64496704	2.46732	2.64496704	2.48705856	8916455.0
2015-08-25	2.6647056	2.46732	2.6647056	2.52653568	2527945.0
2015-08-26	2.50679712	2.50679712	2.5660128	2.52653568	537222.0
2015-08-27	2.5660128	2.54627424	2.62522848	2.62522848	1112948.0
2015-08-28	2.64496704	2.62522848	2.6647056	2.62522848	485243.0
2015-08-31	2.60548992	2.60548992	2.64496704	2.62522848	1505276.0
2015-09-01	2.62522848	2.60548992	2.64496704	2.60548992	2750453.0
2015-09-02	2.60548992	2.5660128	2.62522848	2.5660128	2849245.0
2015-09-03	2.60548992	2.5660128	2.62522848	2.58575136	1729406.0
2015-09-04	2.60548992	2.58575136	2.72392128	2.64496704	2458132.0
2015-09-07	2.64496704	2.58575136	2.74365984	2.74365984	13630680.0
2015-09-08	2.74365984	2.6647056	2.74365984	2.70418272	5945722.0
2015-09-09	2.72392128	2.70418272	2.80287552	2.78313696	4672782.0
2015-09-10	2.7633984	2.74365984	2.78313696	2.7633984	1505682.0
2015-09-11	2.78313696	2.70418272	2.78313696	2.74365984	1989202.0
2015-09-14	2.74365984	2.68444416	2.74365984	2.68444416	1917161.0
2015-09-15	2.70418272	2.6647056	2.70418272	2.6647056	896012.0
2015-09-16	2.70418272	2.68444416	2.70418272	2.68444416	360208.0
2015-09-17	2.70418272	2.70418272	2.74365984	2.72392128	758819.0
2015-09-18	2.74365984	2.70418272	2.74365984	2.74365984	670160.0
2015-09-21	2.72392128	2.72392128	2.7633984	2.7633984	1281248.0
2015-09-22	2.78313696	2.70418272	2.78313696	2.70418272	926714.0
2015-09-23	2.68444416	2.68444416	2.72392128	2.70418272	370442.0
2015-09-24	2.70418272	2.6647056	2.72392128	2.6647056	1679251.0
2015-09-25	2.68444416	2.6647056	2.70418272	2.68444416	902294.0
2015-09-28	2.70418272	2.6647056	2.70418272	2.6647056	1135645.0
2015-09-29	2.64496704	2.62522848	2.6647056	2.6647056	1398683.0
2015-09-30	2.68444416	2.6647056	2.70418272	2.6647056	1039690.0
2015-10-01	2.64496704	2.64496704	2.68444416	2.64496704	1279627.0
2015-10-02	2.6647056	2.64496704	2.68444416	2.64496704	1171818.0
2015-10-05	2.68444416	2.6647056	2.70418272	2.68444416	389998.0
2015-10-06	2.70418272	2.6647056	2.70418272	2.6647056	872201.0
2015-10-07	2.6647056	2.62522848	2.68444416	2.6647056	3130015.0
2015-10-08	2.68444416	2.64496704	2.68444416	2.64496704	1452790.0
2015-10-09	2.6647056	2.64496704	2.68444416	2.6647056	793674.0
2015-10-12	2.70418272	2.6647056	2.70418272	2.68444416	1688877.0
2015-10-13	2.68444416	2.64496704	2.68444416	2.64496704	753753.0
2015-10-14	2.68444416	2.64496704	2.68444416	2.64496704	560729.0
2015-10-15	2.6647056	2.64496704	2.68444416	2.6647056	608352.0
2015-10-16	2.68444416	2.6647056	2.68444416	2.6647056	273272.0
2015-10-19	2.6647056	2.6647056	2.68444416	2.68444416	773410.0
2015-10-20	2.70418272	2.68444416	2.7633984	2.70418272	4478644.0
2015-10-21	2.72392128	2.68444416	2.72392128	2.70418272	2175234.0
2015-10-22	2.72392128	2.72392128	2.78313696	2.7633984	4727193.0
2015-10-26	2.78313696	2.74365984	2.80287552	2.74365984	2609308.0
2015-10-27	2.74365984	2.70418272	2.7633984	2.70418272	3216141.0
2015-10-28	2.70418272	2.68444416	2.70418272	2.68444416	977274.0
2015-10-29	2.68444416	2.68444416	2.72392128	2.68444416	1966708.0
2015-10-30	2.68444416	2.68444416	2.72392128	2.72392128	1325527.0
2015-11-02	2.70418272	2.68444416	2.70418272	2.70418272	1126323.0
2015-11-03	2.70418272	2.64496704	2.70418272	2.6647056	3026664.0
2015-11-04	2.64496704	2.62522848	2.6647056	2.62522848	4365262.0
2015-11-05	2.62522848	2.62522848	2.74365984	2.6647056	3366405.0
2015-11-06	2.6647056	2.6647056	2.74365984	2.70418272	2335327.0
2015-11-09	2.72392128	2.6647056	2.72392128	2.70418272	482709.0
2015-11-10	2.70418272	2.6647056	2.70418272	2.6647056	2030137.0
2015-11-11	2.6647056	2.64496704	2.70418272	2.6647056	2072998.0
2015-11-12	2.68444416	2.64496704	2.68444416	2.64496704	618180.0
2015-11-13	2.64496704	2.62522848	2.6647056	2.64496704	1072925.0
2015-11-16	2.64496704	2.62522848	2.6647056	2.6647056	414923.0
2015-11-17	2.64496704	2.64496704	2.6647056	2.64496704	611696.0
2015-11-18	2.64496704	2.62522848	2.6647056	2.64496704	1839749.0
2015-11-19	2.64496704	2.62522848	2.64496704	2.64496704	1638214.0
2015-11-20	2.64496704	2.62522848	2.64496704	2.64496704	1645915.0
2015-11-23	2.64496704	2.62522848	2.64496704	2.64496704	1367171.0
2015-11-24	2.62522848	2.60548992	2.64496704	2.60548992	1853731.0
2015-11-25	2.60548992	2.60548992	2.62522848	2.60548992	3120997.0
2015-11-26	2.60548992	2.58575136	2.60548992	2.58575136	1699921.0
2015-11-27	2.60548992	2.54627424	2.60548992	2.58575136	1685837.0
2015-11-30	2.5660128	2.54627424	2.58575136	2.54627424	1541449.0
2015-12-01	2.54627424	2.46732	2.54627424	2.48705856	5978450.0
2015-12-02	2.46732	2.42784288	2.48705856	2.42784288	6083827.0
2015-12-03	2.40810432	2.32915008	2.40810432	2.40810432	5224089.0
2015-12-04	2.38836576	2.30941152	2.38836576	2.3686272	4146503.0
2015-12-08	2.32915008	2.23045728	2.34888864	2.30941152	6259625.0
2015-12-09	2.28967296	2.2699344	2.30941152	2.30941152	1321676.0
2015-12-11	2.28967296	2.2699344	2.30941152	2.30941152	992676.0
2015-12-14	2.28967296	2.28967296	2.34888864	2.30941152	986292.0
2015-12-15	2.32915008	2.32915008	2.38836576	2.38836576	796005.0
2015-12-16	2.38836576	2.3686272	2.40810432	2.38836576	1023377.0
2015-12-17	2.40810432	2.38836576	2.40810432	2.40810432	172555.0
2015-12-18	2.38836576	2.3686272	2.40810432	2.40810432	1059550.0
2015-12-21	2.3686272	2.32915008	2.38836576	2.3686272	1110111.0
2015-12-22	2.32915008	2.32915008	2.3686272	2.34888864	553029.0
2015-12-23	2.3686272	2.34888864	2.3686272	2.34888864	174582.0
2015-12-24	2.34888864	2.34888864	2.3686272	2.3686272	182890.0
2015-12-25	2.38836576	2.32915008	2.38836576	2.34888864	787696.0
2015-12-28	2.3686272	2.2699344	2.38836576	2.32915008	3431658.0
2015-12-29	2.32915008	2.30941152	2.34888864	2.34888864	642498.0
2015-12-30	2.32915008	2.32915008	2.34888864	2.34888864	394962.0
2016-01-04	2.32915008	2.32915008	2.3686272	2.32915008	549077.0
2016-01-05	2.32915008	2.23045728	2.32915008	2.23045728	3161122.0
2016-01-06	2.23045728	2.23045728	2.2699344	2.25019584	503380.0
2016-01-07	2.23045728	2.23045728	2.28967296	2.25019584	1425230.0
2016-01-08	2.2699344	2.23045728	2.2699344	2.2699344	299008.0
2016-01-11	2.25019584	2.23045728	2.2699344	2.25019584	1255208.0
2016-01-12	2.25019584	2.23045728	2.25019584	2.23045728	611898.0
2016-01-13	2.25019584	2.25019584	2.30941152	2.2699344	2191446.0
2016-01-14	2.2699344	2.2699344	2.40810432	2.40810432	1881900.0
2016-01-15	2.44758144	2.28967296	2.46732	2.30941152	3288993.0
2016-01-18	2.2699344	2.2699344	2.30941152	2.2699344	5615303.0
2016-01-19	2.2699344	2.25019584	2.28967296	2.28967296	1562018.0
2016-01-20	2.30941152	2.28967296	2.38836576	2.34888864	1811277.0
2016-01-21	2.34888864	2.28967296	2.34888864	2.28967296	850213.0
2016-01-22	2.32915008	2.30941152	2.3686272	2.32915008	631960.0
2016-01-25	2.34888864	2.32915008	2.38836576	2.3686272	1485113.0
2016-01-26	2.34888864	2.32915008	2.3686272	2.32915008	1036549.0
2016-01-27	2.32915008	2.32915008	2.42784288	2.40810432	6520637.0
2016-01-28	2.42784288	2.40810432	2.50679712	2.46732	3161831.0
2016-01-29	2.50679712	2.46732	2.52653568	2.46732	1473967.0
2016-02-01	2.46732	2.46732	2.50679712	2.46732	451704.0
2016-02-02	2.46732	2.46732	2.48705856	2.46732	1657162.0
2016-02-03	2.44758144	2.44758144	2.46732	2.46732	318057.0
2016-02-04	2.52653568	2.50679712	2.54627424	2.52653568	4456758.0
2016-02-05	2.54627424	2.52653568	2.5660128	2.54627424	2620251.0
2016-02-08	2.5660128	2.54627424	2.58575136	2.5660128	791344.0
2016-02-09	2.54627424	2.54627424	2.5660128	2.54627424	381993.0
2016-02-10	2.5660128	2.54627424	2.58575136	2.5660128	392125.0
2016-02-11	2.58575136	2.5660128	2.62522848	2.5660128	3079353.0
2016-02-12	2.5660128	2.54627424	2.58575136	2.58575136	1061982.0
2016-02-15	2.5660128	2.5660128	2.58575136	2.58575136	731866.0
2016-02-16	2.58575136	2.58575136	2.62522848	2.58575136	2647812.0
2016-02-17	2.58575136	2.48705856	2.60548992	2.58575136	1279627.0
2016-02-18	2.58575136	2.54627424	2.58575136	2.54627424	991966.0
2016-02-19	2.5660128	2.54627424	2.5660128	2.5660128	609061.0
2016-02-23	2.5660128	2.5660128	2.60548992	2.58575136	1080828.0
2016-02-24	2.58575136	2.5660128	2.58575136	2.5660128	362133.0
2016-02-25	2.58575136	2.52653568	2.58575136	2.54627424	829847.0
2016-02-26	2.54627424	2.52653568	2.58575136	2.54627424	1928610.0
2016-02-29	2.52653568	2.42784288	2.52653568	2.48705856	3537340.0
2016-03-01	2.44758144	2.44758144	2.48705856	2.48705856	973829.0
2016-03-02	2.48705856	2.48705856	2.52653568	2.52653568	385742.0
2016-03-03	2.5660128	2.48705856	2.5660128	2.52653568	1005848.0
2016-03-04	2.54627424	2.52653568	2.54627424	2.54627424	727206.0
2016-03-07	2.54627424	2.48705856	2.5660128	2.50679712	1200999.0
2016-03-08	2.58575136	2.50679712	2.58575136	2.50679712	1161989.0
2016-03-09	2.5660128	2.48705856	2.5660128	2.50679712	634899.0
2016-03-10	2.50679712	2.48705856	2.50679712	2.50679712	250271.0
2016-03-11	2.50679712	2.50679712	2.54627424	2.54627424	212781.0
2016-03-14	2.5660128	2.50679712	2.5660128	2.50679712	57248.0
2016-03-15	2.52653568	2.48705856	2.52653568	2.50679712	1005544.0
2016-03-16	2.48705856	2.46732	2.50679712	2.46732	1001288.0
2016-03-17	2.46732	2.44758144	2.48705856	2.44758144	2618428.0
2016-03-18	2.42784288	2.42784288	2.46732	2.44758144	329405.0
2016-03-21	2.46732	2.38836576	2.46732	2.38836576	1815937.0
2016-03-22	2.38836576	2.32915008	2.38836576	2.3686272	1872477.0
2016-03-23	2.3686272	2.3686272	2.38836576	2.3686272	546240.0
2016-03-24	2.38836576	2.34888864	2.40810432	2.34888864	498719.0
2016-03-25	2.3686272	2.32915008	2.3686272	2.32915008	403575.0
2016-03-28	2.32915008	2.28967296	2.3686272	2.34888864	506014.0
2016-03-29	2.34888864	2.32915008	2.38836576	2.38836576	258884.0
2016-03-30	2.40810432	2.3686272	2.40810432	2.38836576	442889.0
2016-03-31	2.34888864	2.34888864	2.40810432	2.38836576	108214.0
2016-04-01	2.38836576	2.3686272	2.40810432	2.3686272	71535.0
2016-04-04	2.34888864	2.34888864	2.38836576	2.3686272	419584.0
2016-04-05	2.3686272	2.32915008	2.3686272	2.32915008	1977145.0
2016-04-07	2.32915008	2.30941152	2.34888864	2.30941152	691843.0
2016-04-08	2.30941152	2.28967296	2.32915008	2.30941152	1296447.0
2016-04-11	2.32915008	2.30941152	2.32915008	2.32915008	223521.0
2016-04-12	2.34888864	2.30941152	2.34888864	2.30941152	560729.0
2016-04-18	2.30941152	2.30941152	2.34888864	2.32915008	145704.0
2016-04-19	2.34888864	2.30941152	2.3686272	2.30941152	1460288.0
2016-04-20	2.34888864	2.30941152	2.34888864	2.32915008	231019.0
2016-04-21	2.32915008	2.30941152	2.38836576	2.34888864	2395919.0
2016-04-22	2.34888864	2.32915008	2.3686272	2.34888864	1028646.0
2016-04-25	2.34888864	2.32915008	2.34888864	2.34888864	658406.0
2016-04-26	2.32915008	2.30941152	2.34888864	2.34888864	3005791.0
2016-04-27	2.34888864	2.34888864	2.42784288	2.38836576	6386889.0
2016-04-28	2.42784288	2.3686272	2.42784288	2.38836576	2514469.0
2016-04-29	2.38836576	2.3686272	2.38836576	2.3686272	774017.0
2016-05-03	2.38836576	2.38836576	2.74365984	2.68444416	46731777.0
2016-05-04	2.7633984	2.64496704	2.78313696	2.72392128	32291413.0
2016-05-06	2.7633984	2.64496704	2.78313696	2.72392128	32291413.0
2016-05-09	2.74365984	2.68444416	2.8620912	2.68444416	31366523.0
2016-05-10	2.72392128	2.70418272	2.80287552	2.74365984	23283360.0
2016-05-11	2.7633984	2.6647056	2.78313696	2.74365984	14833706.0
2016-05-12	2.74365984	2.72392128	2.7633984	2.7633984	12878244.0
2016-05-13	2.78313696	2.74365984	2.78313696	2.7633984	9863434.0
2016-05-16	2.82261408	2.82261408	2.960784	2.960784	49340073.0
2016-05-17	2.98052256	2.88182976	3.00026112	2.94104544	22126740.0
2016-05-18	2.98052256	2.92130688	3.07921536	3.01999968	27363900.0
2016-05-19	2.98052256	2.960784	3.11869248	3.09895392	62029246.0
2016-05-23	3.09895392	3.0594768	3.11869248	3.09895392	32047423.0
2016-05-24	3.09895392	3.03973824	3.1581696	3.13843104	25660331.0
2016-05-25	3.1581696	3.09895392	3.17790816	3.09895392	25263747.0
2016-05-26	3.11869248	3.09895392	3.19764672	3.11869248	36632256.0
2016-05-27	3.11869248	3.09895392	3.1581696	3.13843104	13585388.0
2016-05-30	3.1581696	3.13843104	3.21738528	3.17790816	17057779.0
2016-05-31	3.19764672	3.1581696	3.19764672	3.1581696	6915499.0
2016-06-01	3.1581696	3.11869248	3.1581696	3.11869248	8217823.0
2016-06-02	3.11869248	3.07921536	3.11869248	3.09895392	6221426.0
2016-06-03	3.09895392	3.00026112	3.09895392	3.03973824	12911174.0
2016-06-06	3.0594768	3.01999968	3.09895392	3.01999968	6846092.0
2016-06-07	3.0594768	3.03973824	3.17790816	3.1581696	16058922.0
2016-06-08	3.1581696	3.09895392	3.23712384	3.11869248	24155054.0
2016-06-09	3.13843104	3.11869248	3.19764672	3.1581696	10056052.0
2016-06-10	3.17790816	3.1581696	3.31607808	3.2568624	54655050.0
2016-06-13	3.23712384	3.23712384	3.39503232	3.31607808	73785929.0
2016-06-14	3.27660096	3.2568624	3.33581664	3.27660096	22070606.0
2016-06-15	3.27660096	3.2568624	3.31607808	3.27660096	6454270.0
2016-06-16	3.27660096	3.1581696	3.27660096	3.17790816	18083588.0
2016-06-17	3.17790816	3.09895392	3.19764672	3.17790816	9835975.0
2016-06-20	3.17790816	3.13843104	3.2568624	3.19764672	15010618.0
2016-06-21	3.21738528	3.19764672	3.37529376	3.37529376	76718362.0
2016-06-22	3.37529376	3.33581664	3.49372512	3.37529376	75544213.0
2016-06-23	3.3555552	3.31607808	3.37529376	3.3555552	15474786.0
2016-06-24	3.27660096	3.21738528	3.33581664	3.31607808	29319666.0
2016-06-27	3.31607808	3.29633952	3.454248	3.43450944	40109511.0
2016-06-28	3.41477088	3.33581664	3.41477088	3.37529376	29827606.0
2016-06-29	3.41477088	3.37529376	3.49372512	3.39503232	48886139.0
2016-06-30	3.41477088	3.3555552	3.43450944	3.37529376	15175575.0
2016-07-04	3.37529376	3.3555552	3.39503232	3.3555552	8088634.0
2016-07-05	3.39503232	3.33581664	3.41477088	3.33581664	16155484.0
2016-07-06	3.33581664	3.01999968	3.3555552	3.1581696	84273827.0
2016-07-07	3.11869248	3.01999968	3.1581696	3.0594768	39999979.0
2016-07-08	3.0594768	3.0594768	3.13843104	3.07921536	8087722.0
2016-07-11	3.09895392	3.0594768	3.13843104	3.09895392	8520682.0
2016-07-12	3.11869248	3.11869248	3.19764672	3.1581696	17846894.0
2016-07-13	3.17790816	3.11869248	3.17790816	3.13843104	8281049.0
2016-07-14	3.11869248	3.0594768	3.1581696	3.09895392	12991119.0
2016-07-15	3.07921536	3.01999968	3.09895392	3.0594768	14133148.0
2016-07-20	3.1581696	3.13843104	3.23712384	3.23712384	52731404.0
2016-07-21	3.2568624	3.21738528	3.31607808	3.23712384	35354149.0
2016-07-22	3.23712384	3.23712384	3.39503232	3.33581664	43127360.0
2016-07-25	3.49372512	3.41477088	3.8490192	3.6516336	359697262.0
2016-07-26	3.63189504	3.57267936	3.80954208	3.77006496	93717576.0
2016-07-27	3.82928064	3.57267936	3.90823488	3.61215648	149960078.0
2016-07-28	3.61215648	3.49372512	3.63189504	3.57267936	46064961.0
2016-07-29	3.63189504	3.5529408	3.6516336	3.57267936	34549632.0
2016-08-01	3.5529408	3.49372512	3.57267936	3.51346368	12937113.0
2016-08-02	3.53320224	3.49372512	3.59241792	3.51346368	18616251.0
2016-08-03	3.49372512	3.49372512	3.5529408	3.53320224	3797845.0
2016-08-04	3.53320224	3.53320224	3.59241792	3.53320224	6423771.0
2016-08-05	3.5529408	3.51346368	3.5529408	3.5529408	3592764.0
2016-08-08	3.59241792	3.53320224	3.59241792	3.53320224	3975973.0
2016-08-09	3.53320224	3.53320224	3.78980352	3.78980352	62263711.0
2016-08-10	3.78980352	3.73058784	3.80954208	3.7503264	19964880.0
2016-08-11	3.73058784	3.69111072	3.82928064	3.73058784	17755601.0
2016-08-15	3.5529408	3.51346368	3.7503264	3.69111072	36112867.0
2016-08-16	3.69111072	3.59241792	3.69111072	3.63189504	10496915.0
2016-08-17	3.63189504	3.57267936	3.6516336	3.61215648	4274475.0
2016-08-18	3.59241792	3.59241792	3.71084928	3.71084928	17585983.0
2016-08-19	3.71084928	3.63189504	3.71084928	3.67137216	3912646.0
2016-08-22	3.63189504	3.63189504	3.69111072	3.6516336	3711111.0
2016-08-23	3.6516336	3.6516336	3.78980352	3.78980352	9660177.0
2016-08-24	3.78980352	3.7503264	3.86875776	3.80954208	24167416.0
2016-08-25	3.80954208	3.73058784	3.8490192	3.77006496	12791307.0
2016-08-26	3.78980352	3.77006496	3.8490192	3.78980352	11529817.0
2016-08-29	3.90823488	3.88849632	4.0464048	3.98718912	92886715.0
2016-08-30	3.98718912	3.82928064	4.00692768	3.86875776	35014104.0
2016-08-31	3.82928064	3.63189504	3.8490192	3.77006496	53004677.0
2016-09-01	3.77006496	3.73058784	3.78980352	3.7503264	10033660.0
2016-09-02	3.7503264	3.67137216	3.77006496	3.73058784	12889491.0
2016-09-05	3.73058784	3.29633952	3.73058784	3.61215648	32803102.0
2016-09-06	3.5529408	3.51346368	3.6516336	3.63189504	5460682.0
2016-09-07	3.59241792	3.51346368	3.67137216	3.51346368	12897394.0
2016-09-08	3.49372512	3.29633952	3.51346368	3.43450944	25233249.0
2016-09-09	3.3555552	3.13843104	3.37529376	3.17790816	23705174.0
2016-09-12	3.07921536	3.07921536	3.27660096	3.13843104	30205344.0
2016-09-13	3.21738528	3.1581696	3.29633952	3.27660096	16666464.0
2016-09-14	3.27660096	3.1581696	3.29633952	3.23712384	12128544.0
2016-09-15	3.21738528	3.19764672	3.27660096	3.2568624	12177484.0
2016-09-16	3.29633952	3.27660096	3.39503232	3.31607808	31794923.0
2016-09-19	3.27660096	3.21738528	3.31607808	3.2568624	13381320.0
2016-09-20	3.23712384	3.1581696	3.23712384	3.19764672	9330771.0
2016-09-21	3.21738528	3.17790816	3.2568624	3.19764672	7209543.0
2016-09-22	3.21738528	3.17790816	3.2568624	3.23712384	4526571.0
2016-09-23	3.23712384	3.1581696	3.23712384	3.19764672	6591970.0
2016-09-26	3.17790816	3.1581696	3.31607808	3.27660096	9679429.0
2016-09-27	3.29633952	3.23712384	3.33581664	3.23712384	8584719.0
2016-09-28	3.23712384	3.1581696	3.2568624	3.1581696	9213539.0
2016-09-29	3.19764672	3.11869248	3.19764672	3.1581696	7433166.0
2016-09-30	3.13843104	3.11869248	3.21738528	3.17790816	3588914.0
2016-10-03	3.17790816	3.11869248	3.19764672	3.13843104	2935776.0
2016-10-04	3.1581696	3.13843104	3.19764672	3.17790816	3527005.0
2016-10-05	3.17790816	3.1581696	3.19764672	3.17790816	1770747.0
2016-10-06	3.17790816	3.13843104	3.19764672	3.1581696	5055383.0
2016-10-07	3.17790816	3.07921536	3.17790816	3.11869248	6678400.0
2016-10-10	2.960784	2.960784	3.03973824	3.03973824	11906339.0
2016-10-11	3.01999968	2.92130688	3.0594768	2.960784	11378641.0
2016-10-12	2.94104544	2.5660128	2.960784	2.78313696	24793500.0
2016-10-13	2.72392128	2.60548992	2.7633984	2.74365984	14642810.0
2016-10-14	2.92130688	2.84235264	3.00026112	2.960784	17450107.0
2016-10-17	2.960784	2.92130688	3.0594768	3.00026112	10259917.0
2016-10-18	3.00026112	2.92130688	3.01999968	2.98052256	3410785.0
2016-10-19	2.98052256	2.94104544	3.01999968	2.960784	11946261.0
2016-10-20	3.00026112	2.98052256	3.19764672	3.1581696	24695823.0
2016-10-21	3.1581696	3.09895392	3.19764672	3.13843104	10307438.0
2016-10-25	3.1581696	3.11869248	3.19764672	3.17790816	9055979.0
2016-10-26	3.19764672	3.17790816	3.33581664	3.27660096	59181318.0
2016-10-27	3.31607808	3.27660096	3.39503232	3.29633952	42547784.0
2016-10-28	3.29633952	3.23712384	3.29633952	3.27660096	5948458.0
2016-10-31	3.27660096	3.2568624	3.3555552	3.2568624	4837840.0
2016-11-01	3.29633952	3.23712384	3.31607808	3.2568624	6218082.0
2016-11-02	3.2568624	3.17790816	3.2568624	3.23712384	5398164.0
2016-11-03	3.23712384	3.17790816	3.2568624	3.19764672	4251779.0
2016-11-04	3.19764672	3.07921536	3.21738528	3.1581696	14163140.0
2016-11-07	3.17790816	3.1581696	3.21738528	3.1581696	3019977.0
2016-11-08	3.1581696	3.11869248	3.17790816	3.1581696	3521736.0
2016-11-09	3.11869248	3.07921536	3.1581696	3.13843104	7336806.0
2016-11-10	3.13843104	3.11869248	3.19764672	3.13843104	5010598.0
2016-11-11	3.13843104	3.07921536	3.13843104	3.11869248	4512487.0
2016-11-14	3.07921536	3.01999968	3.09895392	3.0594768	5217300.0
2016-11-15	2.960784	2.960784	3.03973824	3.01999968	10246238.0
2016-11-16	3.03973824	2.98052256	3.03973824	3.00026112	4602868.0
2016-11-17	3.01999968	2.98052256	3.03973824	3.00026112	2842659.0
2016-11-18	3.00026112	3.00026112	3.0594768	3.01999968	7274694.0
2016-11-21	3.01999968	3.01999968	3.1581696	3.11869248	10007112.0
2016-11-22	3.17790816	3.1581696	3.2568624	3.23712384	18103042.0
2016-11-23	3.23712384	3.17790816	3.2568624	3.17790816	4760225.0
2016-11-24	3.19764672	3.1581696	3.23712384	3.17790816	5713689.0
2016-11-25	3.19764672	3.17790816	3.21738528	3.19764672	1320866.0
2016-11-28	3.19764672	3.1581696	3.21738528	3.17790816	3091410.0
2016-11-29	3.21738528	3.1581696	3.21738528	3.17790816	2585598.0
2016-11-30	3.19764672	3.19764672	3.29633952	3.2568624	25376521.0
2016-12-01	3.27660096	3.19764672	3.29633952	3.21738528	8262608.0
2016-12-02	3.21738528	3.1581696	3.23712384	3.19764672	3175408.0
2016-12-06	3.21738528	3.17790816	3.21738528	3.17790816	2566955.0
2016-12-07	3.17790816	3.0594768	3.19764672	3.09895392	10260930.0
2016-12-08	3.03973824	3.01999968	3.13843104	3.07921536	23957776.0
2016-12-09	3.0594768	3.03973824	3.13843104	3.13843104	6460248.0
2016-12-13	3.13843104	3.07921536	3.1581696	3.07921536	3548891.0
2016-12-14	3.0594768	3.03973824	3.07921536	3.0594768	9245557.0
2016-12-15	3.07921536	3.03973824	3.13843104	3.07921536	7403376.0
2016-12-16	3.11869248	3.09895392	3.17790816	3.13843104	13457111.0
2016-12-19	3.17790816	3.13843104	3.2568624	3.19764672	17639179.0
2016-12-20	3.21738528	3.11869248	3.23712384	3.23712384	36221284.0
2016-12-21	3.23712384	3.1581696	3.2568624	3.17790816	6456499.0
2016-12-22	3.19764672	3.17790816	3.2568624	3.2568624	20602212.0
2016-12-23	3.2568624	3.2568624	3.47398656	3.37529376	136817883.0
2016-12-26	3.41477088	3.39503232	3.49372512	3.39503232	80352062.0
2016-12-27	3.39503232	3.33581664	3.39503232	3.37529376	20720761.0
2016-12-28	3.37529376	3.29633952	3.39503232	3.33581664	19626963.0
2016-12-29	3.3555552	3.31607808	3.3555552	3.33581664	4916974.0
2016-12-30	3.3555552	3.2568624	3.3555552	3.31607808	18180758.0
2017-01-04	3.33581664	3.27660096	3.33581664	3.31607808	10929368.0
2017-01-05	3.33581664	3.33581664	3.41477088	3.33581664	34828579.0
2017-01-06	3.39503232	3.3555552	3.6516336	3.63189504	133203941.0
2017-01-09	3.77006496	3.77006496	3.947712	3.92797344	166273020.0
2017-01-10	3.92797344	3.63189504	3.947712	3.69111072	130885738.0
2017-01-11	3.71084928	3.59241792	3.77006496	3.61215648	51982414.0
2017-01-12	3.6516336	3.49372512	3.71084928	3.6516336	54315309.0
2017-01-13	3.67137216	3.59241792	3.82928064	3.7503264	88671210.0
2017-01-16	3.63189504	3.59241792	3.69111072	3.63189504	9849756.0
2017-01-17	3.6516336	3.47398656	3.6516336	3.57267936	18470546.0
2017-01-18	3.61215648	3.47398656	3.61215648	3.49372512	9121131.0
2017-01-19	3.49372512	3.43450944	3.53320224	3.51346368	5738007.0
2017-01-20	3.5529408	3.51346368	3.59241792	3.57267936	4095739.0
2017-01-23	3.5529408	3.51346368	3.57267936	3.51346368	3399032.0
2017-01-24	3.53320224	3.51346368	3.61215648	3.57267936	10393564.0
2017-01-25	3.61215648	3.5529408	3.61215648	3.61215648	5013638.0
2017-01-26	3.63189504	3.61215648	3.73058784	3.69111072	14454043.0
2017-01-27	3.69111072	3.63189504	3.7503264	3.69111072	10232053.0
2017-01-30	3.67137216	3.63189504	3.69111072	3.6516336	4440141.0
2017-01-31	3.61215648	3.61215648	3.67137216	3.63189504	4203650.0
2017-02-01	3.63189504	3.57267936	3.63189504	3.57267936	4067064.0
2017-02-02	3.57267936	3.51346368	3.57267936	3.5529408	3658625.0
2017-02-03	3.53320224	3.49372512	3.5529408	3.53320224	3687401.0
2017-02-06	3.53320224	3.53320224	3.63189504	3.5529408	4306899.0
2017-02-07	3.57267936	3.53320224	3.77006496	3.71084928	39309554.0
2017-02-08	3.69111072	3.69111072	3.7503264	3.73058784	9092152.0
2017-02-09	3.73058784	3.67137216	3.73058784	3.73058784	6144217.0
2017-02-10	3.73058784	3.67137216	3.78980352	3.69111072	5096420.0
2017-02-14	3.67137216	3.63189504	3.67137216	3.67137216	3423755.0
2017-02-15	3.67137216	3.61215648	3.67137216	3.6516336	3634307.0
2017-02-16	3.61215648	3.59241792	3.67137216	3.6516336	733690.0
2017-02-17	3.63189504	3.61215648	3.7503264	3.7503264	4280454.0
2017-02-20	3.71084928	3.67137216	3.7503264	3.71084928	4477935.0
2017-02-21	3.69111072	3.6516336	3.71084928	3.6516336	1488963.0
2017-02-22	3.6516336	3.6516336	3.69111072	3.67137216	1255309.0
2017-02-23	3.6516336	3.63189504	3.73058784	3.63189504	6468962.0
2017-02-24	3.67137216	3.63189504	3.71084928	3.69111072	4625970.0
2017-02-27	3.71084928	3.69111072	3.82928064	3.73058784	17080678.0
2017-02-28	3.77006496	3.53320224	3.80954208	3.59241792	42001442.0
2017-03-01	3.57267936	3.49372512	3.67137216	3.59241792	24716088.0
2017-03-02	3.63189504	3.57267936	3.63189504	3.59241792	2579012.0
2017-03-03	3.59241792	3.5529408	3.59241792	3.5529408	1851502.0
2017-03-06	3.5529408	3.41477088	3.57267936	3.49372512	17746380.0
2017-03-07	3.47398656	3.454248	3.51346368	3.47398656	2944895.0
2017-03-08	3.47398656	3.29633952	3.51346368	3.41477088	12056502.0
2017-03-09	3.37529376	3.37529376	3.43450944	3.39503232	915466.0
2017-03-10	3.43450944	3.33581664	3.43450944	3.3555552	2881567.0
2017-03-13	3.3555552	3.19764672	3.3555552	3.19764672	34075535.0
2017-03-14	3.1581696	3.13843104	3.23712384	3.19764672	6217778.0
2017-03-15	3.19764672	3.1581696	3.29633952	3.21738528	12671137.0
2017-03-16	3.27660096	3.2568624	3.33581664	3.29633952	5132390.0
2017-03-17	3.3555552	3.23712384	3.3555552	3.27660096	6532999.0
2017-03-20	3.27660096	3.1581696	3.31607808	3.1581696	24158195.0
2017-03-21	3.17790816	3.17790816	3.23712384	3.23712384	2228936.0
2017-03-22	3.21738528	3.17790816	3.2568624	3.23712384	2796252.0
2017-03-23	3.2568624	3.23712384	3.2568624	3.23712384	1092480.0
2017-03-24	3.23712384	3.21738528	3.23712384	3.21738528	979301.0
2017-03-27	3.23712384	3.1581696	3.23712384	3.17790816	23077772.0
2017-03-28	3.17790816	3.17790816	3.23712384	3.21738528	4389073.0
2017-03-29	3.23712384	3.19764672	3.27660096	3.21738528	5998715.0
2017-03-30	3.23712384	3.21738528	3.29633952	3.29633952	5411336.0
2017-03-31	3.29633952	3.23712384	3.29633952	3.23712384	4696999.0
2017-04-03	3.23712384	3.23712384	3.29633952	3.29633952	2157908.0
2017-04-04	3.29633952	3.29633952	3.37529376	3.33581664	28256569.0
2017-04-05	3.33581664	3.31607808	3.3555552	3.31607808	5206864.0
2017-04-07	3.3555552	3.27660096	3.3555552	3.29633952	3799871.0
2017-04-10	3.29633952	3.23712384	3.29633952	3.2568624	3082089.0
2017-04-11	3.23712384	3.21738528	3.2568624	3.23712384	1654629.0
2017-04-12	3.23712384	3.19764672	3.2568624	3.23712384	2708910.0
2017-04-17	3.21738528	3.1581696	3.21738528	3.1581696	12062886.0
2017-04-18	3.17790816	3.03973824	3.19764672	3.03973824	17508166.0
2017-04-19	3.03973824	3.03973824	3.11869248	3.0594768	9447700.0
2017-04-20	3.07921536	3.0594768	3.09895392	3.07921536	1116393.0
2017-04-21	3.09895392	3.03973824	3.09895392	3.07921536	2016864.0
2017-04-24	3.07921536	3.0594768	3.09895392	3.0594768	1872882.0
2017-04-25	3.07921536	3.00026112	3.11869248	3.03973824	9547302.0
2017-04-26	3.03973824	2.960784	3.0594768	3.01999968	12423398.0
2017-04-27	3.01999968	3.00026112	3.0594768	3.01999968	6473724.0
2017-04-28	3.03973824	3.00026112	3.0594768	3.00026112	5202608.0
2017-05-02	3.00026112	3.00026112	3.09895392	3.03973824	4993576.0
2017-05-03	3.07921536	2.98052256	3.07921536	2.98052256	11866012.0
2017-05-04	3.00026112	3.00026112	3.0594768	3.0594768	5024074.0
2017-05-05	3.0594768	3.00026112	3.0594768	3.01999968	7804723.0
2017-05-08	3.0594768	3.01999968	3.07921536	3.07921536	8608733.0
2017-05-09	3.07921536	3.03973824	3.19764672	3.11869248	36285017.0
2017-05-11	3.11869248	2.98052256	3.13843104	3.01999968	21814965.0
2017-05-12	3.00026112	2.98052256	3.01999968	3.01999968	5625739.0
2017-05-15	3.01999968	2.84235264	3.03973824	2.90156832	23650357.0
2017-05-16	2.84235264	2.80287552	2.960784	2.960784	12998617.0
2017-05-17	2.960784	2.94104544	3.00026112	2.960784	6614058.0
2017-05-18	2.94104544	2.92130688	2.960784	2.960784	3760355.0
2017-05-19	2.960784	2.90156832	2.98052256	2.94104544	7790031.0
2017-05-22	2.94104544	2.92130688	2.960784	2.94104544	1362308.0
2017-05-23	2.960784	2.960784	3.00026112	2.98052256	2590361.0
2017-05-24	2.98052256	2.98052256	3.01999968	2.98052256	1562727.0
2017-05-25	2.98052256	2.98052256	3.00026112	2.98052256	1770341.0
2017-05-26	3.00026112	2.94104544	3.03973824	2.94104544	5919682.0
2017-05-29	2.960784	2.94104544	2.98052256	2.94104544	1229674.0
2017-05-30	2.94104544	2.88182976	2.960784	2.88182976	5896782.0
2017-05-31	2.92130688	2.88182976	2.960784	2.90156832	3655788.0
2017-06-01	2.94104544	2.90156832	2.94104544	2.90156832	731157.0
2017-06-02	2.92130688	2.92130688	2.94104544	2.94104544	890439.0
2017-06-05	2.94104544	2.92130688	2.960784	2.92130688	811913.0
2017-06-06	2.92130688	2.90156832	2.94104544	2.92130688	1388956.0
2017-06-07	2.94104544	2.90156832	2.94104544	2.90156832	1731433.0
2017-06-08	2.90156832	2.88182976	2.92130688	2.88182976	1972990.0
2017-06-09	2.92130688	2.84235264	2.92130688	2.84235264	5249825.0
2017-06-12	2.82261408	2.74365984	2.92130688	2.92130688	16261064.0
2017-06-13	2.88182976	2.8620912	2.88182976	2.8620912	3511806.0
2017-06-14	2.88182976	2.84235264	2.88182976	2.84235264	2222451.0
2017-06-15	2.8620912	2.82261408	2.8620912	2.82261408	4212971.0
2017-06-16	2.82261408	2.82261408	2.90156832	2.90156832	7097579.0
2017-06-19	2.88182976	2.84235264	2.90156832	2.8620912	9895250.0
2017-06-20	2.88182976	2.8620912	3.07921536	3.01999968	45124061.0
2017-06-21	3.00026112	2.90156832	3.0594768	2.94104544	48642555.0
2017-06-22	2.960784	2.94104544	3.00026112	2.960784	8107278.0
2017-06-23	2.960784	2.94104544	2.98052256	2.94104544	5107870.0
2017-06-26	2.960784	2.94104544	3.00026112	2.960784	21433073.0
2017-06-27	2.98052256	2.8620912	3.00026112	2.88182976	15637918.0
2017-06-28	2.88182976	2.78313696	2.88182976	2.78313696	27384267.0
2017-06-29	2.78313696	2.68444416	2.82261408	2.7633984	21213300.0
2017-06-30	2.7633984	2.72392128	2.80287552	2.7633984	4790217.0
2017-07-03	2.74365984	2.74365984	2.82261408	2.78313696	9358838.0
2017-07-04	2.78313696	2.78313696	2.84235264	2.80287552	8718265.0
2017-07-05	2.90156832	2.84235264	2.94104544	2.8620912	36013772.0
2017-07-06	2.84235264	2.80287552	2.88182976	2.82261408	5949066.0
2017-07-07	2.82261408	2.80287552	2.82261408	2.80287552	1389868.0
2017-07-11	2.7633984	2.68444416	2.7633984	2.68444416	12618043.0
2017-07-12	2.6647056	2.58575136	2.7633984	2.68444416	32553134.0
2017-07-13	2.70418272	2.68444416	2.7633984	2.70418272	25803908.0
2017-07-14	2.72392128	2.64496704	2.72392128	2.6647056	7929251.0
2017-07-17	2.6647056	2.64496704	2.72392128	2.64496704	6229937.0
2017-07-18	2.6647056	2.62522848	2.68444416	2.64496704	7743422.0
2017-07-19	2.64496704	2.58575136	2.6647056	2.64496704	13172288.0
2017-07-20	2.62522848	2.60548992	2.64496704	2.60548992	4729625.0
2017-07-21	2.62522848	2.5660128	2.70418272	2.60548992	38495817.0
2017-07-24	2.62522848	2.58575136	2.62522848	2.58575136	3524674.0
2017-07-25	2.60548992	2.52653568	2.62522848	2.52653568	9675072.0
2017-07-26	2.52653568	2.52653568	2.62522848	2.60548992	8385110.0
2017-07-27	2.62522848	2.48705856	2.68444416	2.52653568	19724539.0
2017-07-31	2.62522848	2.46732	2.62522848	2.46732	11944437.0
2017-08-01	2.48705856	2.42784288	2.52653568	2.44758144	13140877.0
2017-08-02	2.44758144	2.42784288	2.50679712	2.46732	5871350.0
2017-08-03	2.46732	2.44758144	2.52653568	2.44758144	14915475.0
2017-08-04	2.44758144	2.3686272	2.50679712	2.40810432	11950821.0
2017-08-07	2.40810432	2.32915008	2.40810432	2.34888864	8392608.0
2017-08-08	2.32915008	2.11202592	2.34888864	2.13176448	27221742.0
2017-08-09	2.0725488	1.96398672	2.11202592	1.99359456	32468731.0
2017-08-10	1.973856	1.95411744	2.40810432	2.23045728	86911608.0
2017-08-11	2.25019584	2.0725488	2.28967296	2.19098016	54205271.0
2017-08-15	2.19098016	2.15150304	2.34888864	2.1712416	20511628.0
2017-08-17	2.50679712	2.15150304	2.52653568	2.15150304	93357874.0
2017-08-18	2.1712416	2.09228736	2.19098016	2.09228736	9196820.0
2017-08-21	2.15150304	2.13176448	2.19098016	2.15150304	10535418.0
2017-08-22	2.2699344	2.23045728	2.42784288	2.30941152	127451343.0
2017-08-23	2.30941152	2.13176448	2.3686272	2.1712416	33863260.0
2017-08-24	2.1712416	2.0725488	2.1712416	2.09228736	24612332.0
2017-08-25	2.09228736	2.0725488	2.13176448	2.13176448	4510460.0
2017-08-28	2.13176448	2.0725488	2.1712416	2.1712416	6704744.0
2017-08-29	2.1712416	2.11202592	2.1712416	2.11202592	5393503.0
2017-08-30	2.13176448	2.05281024	2.15150304	2.09228736	13577079.0
2017-08-31	2.09228736	2.0725488	2.15150304	2.15150304	7723461.0
2017-09-01	2.15150304	2.11202592	2.15150304	2.13176448	13815800.0
2017-09-04	2.13176448	2.11202592	2.15150304	2.13176448	10658426.0
2017-09-05	2.15150304	2.11202592	2.15150304	2.13176448	9949661.0
2017-09-06	2.13176448	2.0725488	2.15150304	2.09228736	7592347.0
2017-09-07	2.11202592	2.03307168	2.13176448	2.05281024	14918109.0
2017-09-08	2.09228736	2.01333312	2.09228736	2.03307168	16285483.0
2017-09-11	2.01333312	1.93437888	2.0725488	2.01333312	51532229.0
2017-09-12	2.03307168	1.99359456	2.0725488	2.01333312	14185634.0
2017-09-13	2.03307168	1.95411744	2.03307168	1.973856	13897265.0
2017-09-14	1.973856	1.8751632	1.99359456	1.88503248	58523316.0
2017-09-15	1.89490176	1.88503248	1.99359456	1.91464032	44268680.0
2017-09-18	1.93437888	1.9245096	2.01333312	1.973856	41888263.0
2017-09-19	1.99359456	1.973856	2.09228736	2.09228736	59156696.0
2017-09-20	2.13176448	1.99359456	2.15150304	2.03307168	33963470.0
2017-09-21	2.03307168	1.96398672	2.05281024	1.973856	16167744.0
2017-09-22	1.99359456	1.96398672	2.01333312	1.99359456	6693396.0
2017-09-25	1.99359456	1.973856	1.99359456	1.973856	7945361.0
2017-09-26	1.99359456	1.99359456	2.1712416	2.01333312	108861234.0
2017-09-27	2.01333312	2.01333312	2.0725488	2.05281024	31575251.0
2017-09-28	2.09228736	2.05281024	2.09228736	2.09228736	28426288.0
2017-09-29	2.11202592	1.99359456	2.13176448	2.01333312	66302911.0
2017-10-02	1.96398672	1.50013056	1.99359456	1.91464032	296368529.0
2017-10-03	1.8258168	1.74686256	1.8751632	1.74686256	75404386.0
2017-10-04	1.78633968	1.22379072	1.78633968	1.23366	252360455.0
2017-10-05	1.30274496	1.15470576	1.35209136	1.15470576	480431703.0
2017-10-06	1.19418288	1.15470576	1.27313712	1.27313712	259209689.0
2017-10-09	1.30274496	1.17444432	1.30274496	1.19418288	135394577.0
2017-10-10	1.15470576	1.11522864	1.16457504	1.1349672	72222593.0
2017-10-11	1.15470576	0.99679728	1.17444432	1.0362744	229854558.0
2017-10-12	1.0856208	1.05601296	1.29287568	1.17444432	419130676.0
2017-10-16	1.2830064	1.22379072	1.32248352	1.31261424	264438337.0
2017-10-17	1.3323528	1.25339856	1.35209136	1.32248352	186547752.0
2017-10-18	1.31261424	1.27313712	1.31261424	1.2830064	62832141.0
2017-10-19	1.29287568	1.23366	1.31261424	1.23366	78571486.0
2017-10-20	1.23366	1.23366	1.26326784	1.25339856	36573995.0
2017-10-24	1.26326784	1.17444432	1.26326784	1.1843136	40121569.0
2017-10-25	1.19418288	1.16457504	1.22379072	1.1843136	26540031.0
2017-10-27	1.19418288	1.10535936	1.19418288	1.10535936	78522141.0
2017-10-30	1.11522864	1.10535936	1.19418288	1.10535936	71459518.0
2017-10-31	1.1349672	1.10535936	1.1349672	1.10535936	19355920.0
2017-11-01	1.11522864	1.07575152	1.12509792	1.07575152	31797658.0
2017-11-02	1.09549008	1.0362744	1.10535936	1.0856208	59381940.0
2017-11-03	1.0856208	1.0362744	1.09549008	1.04614368	26430296.0
2017-11-06	1.05601296	1.04614368	1.09549008	1.0856208	33189857.0
2017-11-07	1.0856208	1.0856208	1.29287568	1.26326784	372791834.0
2017-11-08	1.0362744	0.89810448	1.09549008	0.94745088	479031195.0
2017-11-09	0.99679728	0.9375816	1.00666656	0.94745088	105290963.0
2017-11-10	0.96718944	0.94745088	0.99679728	0.95732016	95082923.0
2017-11-13	0.94745088	0.79941168	0.95732016	0.79941168	148869015.0
2017-11-14	0.79941168	0.68098032	0.80928096	0.70071888	119811475.0
2017-11-16	0.70071888	0.63163392	0.71058816	0.67111104	71176924.0
2017-11-17	0.67111104	0.65137248	0.6908496	0.66124176	33350761.0
2017-11-20	0.66124176	0.66124176	0.70071888	0.66124176	34128224.0
2017-11-21	0.66124176	0.66124176	0.6908496	0.67111104	16131571.0
2017-11-22	0.67111104	0.6415032	0.67111104	0.6415032	14095962.0
2017-11-23	0.6415032	0.6415032	0.66124176	0.65137248	3930175.0
2017-11-24	0.65137248	0.63163392	0.67111104	0.63163392	14232142.0
2017-11-27	0.63163392	0.63163392	0.67111104	0.6415032	17952069.0
2017-11-28	0.65137248	0.6415032	0.65137248	0.6415032	6045729.0
2017-11-29	0.6415032	0.62176464	0.6415032	0.63163392	16114346.0
2017-11-30	0.63163392	0.60202608	0.6415032	0.60202608	18687482.0
2017-12-01	0.61189536	0.55267968	0.61189536	0.56254896	33055298.0
2017-12-04	0.56254896	0.47372544	0.56254896	0.48359472	46554763.0
2017-12-06	0.493464	0.46385616	0.493464	0.48359472	23065309.0
2017-12-07	0.493464	0.47372544	0.51320256	0.493464	37791409.0
2017-12-08	0.493464	0.493464	0.53294112	0.53294112	29235769.0
2017-12-12	0.53294112	0.51320256	0.55267968	0.51320256	10596416.0
2017-12-13	0.52307184	0.50333328	0.52307184	0.51320256	7849407.0
2017-12-14	0.51320256	0.48359472	0.52307184	0.51320256	16358133.0
2017-12-15	0.51320256	0.50333328	0.52307184	0.51320256	9972358.0
2017-12-18	0.51320256	0.493464	0.52307184	0.50333328	18512394.0
2017-12-19	0.48	0.48	0.52	0.5	36858200.0
2017-12-20	0.5	0.49	0.51	0.51	12744600.0
2017-12-21	0.5	0.49	0.55	0.55	60237400.0
2017-12-22	0.56	0.54	0.6	0.59	67003100.0
2017-12-25	0.6	0.58	0.62	0.58	37142100.0
2017-12-26	0.59	0.55	0.59	0.56	27466300.0
2017-12-27	0.59	0.55	0.59	0.56	12021200.0
2017-12-28	0.57	0.56	0.58	0.57	10739600.0
2017-12-29	0.59	0.57	0.59	0.59	26726000.0
2018-01-03	0.59	0.52	0.59	0.52	88301900.0
2018-01-04	0.53	0.52	0.54	0.52	22144700.0
2018-01-05	0.53	0.5	0.53	0.51	54854500.0
2018-01-08	0.51	0.51	0.55	0.52	86210300.0
2018-01-09	0.52	0.5	0.53	0.51	68176200.0
2018-01-10	0.51	0.51	0.52	0.51	24109000.0
2018-01-11	0.51	0.5	0.52	0.51	26183000.0
2018-01-12	0.51	0.51	0.52	0.51	13445900.0
2018-01-15	0.51	0.5	0.52	0.51	14369900.0
2018-01-16	0.51	0.5	0.51	0.5	7734000.0
2018-01-17	0.51	0.5	0.51	0.51	2132800.0
2018-01-18	0.51	0.5	0.64	0.56	395752700.0
2018-01-19	0.56	0.56	0.59	0.56	110900100.0
2018-01-22	0.58	0.53	0.59	0.53	77051000.0
2018-01-23	0.53	0.52	0.54	0.52	18577400.0
2018-01-24	0.54	0.53	0.56	0.53	59429900.0
2018-01-25	0.53	0.5	0.54	0.5	53476400.0
2018-01-26	0.51	0.51	0.53	0.53	19589500.0
2018-01-29	0.53	0.53	0.56	0.54	31455500.0
2018-01-30	0.56	0.54	0.57	0.56	42939500.0
2018-01-31	0.55	0.54	0.56	0.54	18057000.0
2018-02-01	0.54	0.54	0.56	0.55	10662100.0
2018-02-02	0.55	0.54	0.56	0.55	37833800.0
2018-02-05	0.54	0.53	0.59	0.58	99439900.0
2018-02-06	0.57	0.56	0.59	0.57	27017500.0
2018-02-07	0.57	0.55	0.58	0.55	36368800.0
2018-02-08	0.55	0.55	0.57	0.56	14920600.0
2018-02-09	0.56	0.55	0.58	0.57	19549200.0
2018-02-13	0.57	0.57	0.65	0.65	132450900.0
2018-02-14	0.67	0.59	0.76	0.59	335597700.0
2018-02-15	0.6	0.6	0.64	0.61	102939600.0
2018-02-16	0.61	0.6	0.64	0.61	32619800.0
2018-02-19	0.6	0.58	0.61	0.58	91465800.0
2018-02-20	0.54	0.53	0.6	0.58	502353800.0
2018-02-21	0.59	0.59	0.7	0.7	407412600.0
2018-02-22	0.69	0.67	0.74	0.67	281587100.0
2018-02-23	0.68	0.67	0.72	0.68	187808600.0
2018-02-26	0.7	0.65	0.72	0.66	266126500.0
2018-02-27	0.69	0.67	0.69	0.68	140512600.0
2018-02-28	0.66	0.58	0.7	0.63	265461200.0
2018-03-05	0.6	0.51	0.63	0.51	396571700.0
2018-03-06	0.52	0.52	0.55	0.54	99749500.0
2018-03-07	0.55	0.54	0.56	0.54	30918900.0
2018-03-08	0.55	0.54	0.56	0.54	14792700.0
2018-03-09	0.54	0.53	0.55	0.54	24708400.0
2018-03-12	0.54	0.53	0.55	0.54	19335700.0
2018-03-13	0.54	0.54	0.57	0.55	76494500.0
2018-03-14	0.56	0.55	0.58	0.58	39530200.0
2018-03-15	0.6	0.59	0.64	0.59	154802700.0
2018-03-16	0.59	0.58	0.6	0.59	55233300.0
2018-03-19	0.59	0.57	0.59	0.58	14523100.0
2018-03-20	0.57	0.56	0.58	0.57	18175100.0
2018-03-21	0.57	0.54	0.58	0.55	32219700.0
2018-03-22	0.56	0.55	0.58	0.56	43809000.0
2018-03-23	0.56	0.54	0.56	0.55	39904100.0
2018-03-26	0.56	0.54	0.56	0.55	7501300.0
2018-03-27	0.56	0.54	0.56	0.55	3674100.0
2018-03-28	0.55	0.54	0.55	0.54	11334800.0
2018-03-29	0.54	0.53	0.55	0.54	25616900.0
2018-03-30	0.54	0.53	0.55	0.54	10298000.0
2018-04-02	0.54	0.53	0.55	0.53	15797000.0
2018-04-03	0.54	0.53	0.55	0.54	16129200.0
2018-04-04	0.55	0.51	0.55	0.51	44541700.0
2018-04-05	0.52	0.51	0.53	0.53	14528300.0
2018-04-09	0.53	0.53	0.55	0.55	41125900.0
2018-04-10	0.55	0.55	0.62	0.58	261155100.0
2018-04-11	0.6	0.55	0.61	0.56	216583400.0
2018-04-12	0.56	0.54	0.57	0.55	39544800.0
2018-04-17	0.54	0.5	0.57	0.52	112912700.0
2018-04-18	0.52	0.49	0.53	0.51	77136200.0
2018-04-19	0.52	0.5	0.52	0.5	29668400.0
2018-04-20	0.5	0.5	0.52	0.5	24008400.0
2018-04-23	0.51	0.5	0.52	0.51	23377900.0
2018-04-24	0.5	0.5	0.51	0.5	15185800.0
2018-04-25	0.5	0.49	0.51	0.5	18144500.0
2018-04-26	0.5	0.49	0.5	0.5	3164700.0
2018-04-27	0.49	0.49	0.5	0.49	15940400.0
2018-04-30	0.49	0.49	0.5	0.49	12002100.0
2018-05-02	0.49	0.46	0.49	0.46	46603800.0
2018-05-03	0.45	0.44	0.46	0.45	32776800.0
2018-05-04	0.45	0.44	0.46	0.44	18201700.0
2018-05-07	0.44	0.42	0.45	0.43	23638700.0
2018-05-08	0.43	0.33	0.44	0.44	288909300.0
2018-05-09	0.45	0.4	0.46	0.43	43741700.0
2018-05-10	0.42	0.41	0.43	0.41	15607700.0
2018-05-11	0.42	0.41	0.43	0.41	16604400.0
2018-05-14	0.43	0.42	0.45	0.44	23746900.0
2018-05-15	0.45	0.43	0.45	0.44	29178900.0
2018-05-16	0.44	0.43	0.45	0.44	24538900.0
2018-05-17	0.44	0.44	0.47	0.45	30992200.0
2018-05-18	0.46	0.44	0.46	0.45	12109000.0
2018-05-21	0.45	0.45	0.46	0.45	6533800.0
2018-05-22	0.46	0.44	0.46	0.45	6725800.0
2018-05-23	0.45	0.43	0.45	0.43	30935300.0
2018-05-24	0.43	0.43	0.46	0.45	24706300.0
2018-05-25	0.45	0.44	0.45	0.45	10402000.0
2018-05-28	0.45	0.43	0.45	0.44	5102000.0
2018-05-30	0.44	0.43	0.45	0.44	10316600.0
2018-05-31	0.45	0.44	0.46	0.44	14199500.0
2018-06-01	0.45	0.42	0.45	0.43	35443000.0
2018-06-04	0.43	0.43	0.44	0.43	8078700.0
2018-06-05	0.43	0.43	0.44	0.43	27142600.0
2018-06-06	0.43	0.42	0.44	0.43	23157400.0
2018-06-07	0.43	0.42	0.44	0.42	33390300.0
2018-06-08	0.43	0.42	0.43	0.42	18217900.0
2018-06-11	0.42	0.42	0.43	0.42	6448500.0
2018-06-12	0.42	0.41	0.43	0.41	8771900.0
2018-06-13	0.42	0.41	0.42	0.42	11249800.0
2018-06-14	0.41	0.41	0.42	0.41	3580100.0
2018-06-15	0.41	0.41	0.42	0.41	2326700.0
2018-06-18	0.41	0.41	0.42	0.42	7846300.0
2018-06-19	0.42	0.41	0.42	0.42	36563100.0
2018-06-20	0.42	0.42	0.43	0.42	2620800.0
2018-06-21	0.42	0.42	0.42	0.42	13606400.0
2018-06-22	0.42	0.42	0.43	0.42	26148500.0
2018-06-25	0.43	0.42	0.44	0.43	10494600.0
2018-06-26	0.43	0.42	0.43	0.43	7825100.0
2018-06-27	0.43	0.42	0.44	0.43	6307400.0
2018-06-28	0.43	0.42	0.44	0.42	23483000.0
2018-06-29	0.42	0.41	0.42	0.42	12137300.0
2018-07-02	0.42	0.41	0.42	0.41	26826200.0
2018-07-03	0.42	0.41	0.43	0.42	11604200.0
2018-07-04	0.42	0.4	0.43	0.41	32949200.0
2018-07-05	0.41	0.39	0.41	0.4	19571300.0
2018-07-06	0.41	0.4	0.41	0.41	3067700.0
2018-07-09	0.4	0.4	0.42	0.41	1455900.0
2018-07-10	0.4	0.4	0.41	0.4	3148600.0
2018-07-11	0.4	0.4	0.41	0.41	4325000.0
2018-07-12	0.4	0.4	0.42	0.41	11935200.0
2018-07-13	0.41	0.4	0.41	0.41	15755800.0
2018-07-16	0.41	0.41	0.41	0.41	2194600.0
2018-07-17	0.41	0.41	0.42	0.41	5537100.0
2018-07-18	0.42	0.41	0.42	0.42	5609800.0
2018-07-19	0.42	0.42	0.43	0.42	13128100.0
2018-07-20	0.42	0.42	0.44	0.43	12394500.0
2018-07-23	0.44	0.44	0.5	0.46	114165800.0
2018-07-24	0.47	0.46	0.48	0.48	21741400.0
2018-07-25	0.49	0.47	0.49	0.47	9908200.0
2018-07-26	0.48	0.47	0.49	0.49	14408200.0
2018-07-31	0.49	0.49	0.51	0.49	24021000.0
2018-08-01	0.5	0.49	0.5	0.5	7595900.0
2018-08-02	0.5	0.48	0.5	0.49	21434600.0
2018-08-03	0.49	0.49	0.5	0.49	5724900.0
2018-08-06	0.5	0.49	0.53	0.5	57065200.0
2018-08-07	0.51	0.5	0.52	0.52	51897700.0
2018-08-08	0.52	0.52	0.59	0.57	342531700.0
2018-08-09	0.58	0.57	0.6	0.6	100963800.0
2018-08-10	0.61	0.59	0.65	0.64	253359500.0
2018-08-14	0.65	0.65	0.71	0.71	349756800.0
2018-08-15	0.7	0.61	0.7	0.69	257744100.0
2018-08-16	0.68	0.64	0.7	0.67	104308000.0
2018-08-17	0.64	0.57	0.65	0.59	62944400.0
2018-08-20	0.56	0.56	0.6	0.59	75809500.0
2018-08-21	0.59	0.59	0.64	0.62	56126300.0
2018-08-22	0.62	0.61	0.63	0.62	38013800.0
2018-08-23	0.63	0.61	0.63	0.62	9356600.0
2018-08-24	0.61	0.6	0.65	0.64	36845600.0
2018-08-27	0.64	0.64	0.65	0.64	42060300.0
2018-08-28	0.64	0.64	0.67	0.67	45077700.0
2018-08-29	0.68	0.67	0.75	0.72	356535400.0
2018-08-30	0.7	0.66	0.71	0.68	95043500.0
2018-08-31	0.67	0.67	0.7	0.68	22425800.0
2018-09-03	0.69	0.66	0.69	0.66	22556900.0
2018-09-04	0.66	0.65	0.67	0.66	25531900.0
2018-09-05	0.64	0.63	0.66	0.64	18461000.0
2018-09-06	0.64	0.63	0.65	0.64	7522000.0
2018-09-07	0.63	0.63	0.64	0.64	4500700.0
2018-09-10	0.64	0.63	0.66	0.65	45714600.0
2018-09-11	0.64	0.64	0.68	0.66	58096700.0
2018-09-12	0.65	0.64	0.66	0.65	8124900.0
2018-09-13	0.65	0.63	0.65	0.64	13117900.0
2018-09-14	0.65	0.62	0.65	0.62	21676600.0
2018-09-17	0.62	0.59	0.62	0.6	16429300.0
2018-09-18	0.6	0.58	0.6	0.59	12325500.0
2018-09-19	0.59	0.59	0.62	0.61	20183700.0
2018-09-20	0.61	0.61	0.63	0.62	21582600.0
2018-09-21	0.61	0.59	0.62	0.61	27003300.0
2018-09-24	0.6	0.59	0.61	0.61	5172300.0
2018-09-25	0.6	0.6	0.61	0.61	4825900.0
2018-09-26	0.6	0.59	0.61	0.6	6358200.0
2018-09-27	0.6	0.58	0.6	0.6	6421500.0
2018-09-28	0.6	0.59	0.6	0.6	11249500.0
2018-10-01	0.59	0.59	0.61	0.59	10224100.0
2018-10-02	0.59	0.59	0.6	0.59	6915700.0
2018-10-03	0.59	0.58	0.6	0.6	15308400.0
2018-10-04	0.59	0.59	0.61	0.6	23430300.0
2018-10-05	0.6	0.58	0.6	0.58	10664400.0
2018-10-08	0.57	0.5	0.58	0.55	45231600.0
2018-10-09	0.54	0.52	0.54	0.53	8526200.0
2018-10-10	0.53	0.53	0.54	0.54	4517200.0
2018-10-11	0.52	0.52	0.53	0.52	5342200.0
2018-10-12	0.52	0.51	0.55	0.51	12895900.0
2018-10-16	0.51	0.51	0.54	0.52	4576500.0
2018-10-17	0.52	0.52	0.54	0.53	13470000.0
2018-10-18	0.53	0.52	0.54	0.53	8005200.0
2018-10-19	0.52	0.51	0.53	0.52	19030000.0
2018-10-22	0.52	0.49	0.52	0.51	16999300.0
2018-10-24	0.5	0.46	0.51	0.47	18856900.0
2018-10-25	0.47	0.45	0.49	0.49	7902000.0
2018-10-26	0.49	0.48	0.5	0.5	5756500.0
2018-10-29	0.49	0.49	0.5	0.5	3460100.0
2018-10-30	0.49	0.49	0.51	0.51	3879900.0
2018-10-31	0.51	0.51	0.56	0.53	16598300.0
2018-11-01	0.53	0.53	0.55	0.54	7442100.0
2018-11-02	0.54	0.53	0.54	0.54	3210400.0
2018-11-05	0.53	0.53	0.54	0.53	4385500.0
2018-11-06	0.53	0.52	0.55	0.54	21012500.0
2018-11-07	0.54	0.53	0.54	0.54	15697100.0
2018-11-08	0.54	0.54	0.55	0.54	13369500.0
2018-11-09	0.54	0.54	0.59	0.58	52304100.0
2018-11-12	0.59	0.57	0.6	0.57	11539800.0
2018-11-13	0.56	0.54	0.56	0.54	14024700.0
2018-11-14	0.53	0.52	0.54	0.52	12962900.0
2018-11-15	0.51	0.43	0.53	0.48	36771500.0
2018-11-16	0.48	0.47	0.49	0.49	4280900.0
2018-11-19	0.48	0.47	0.49	0.49	5965300.0
2018-11-20	0.49	0.48	0.5	0.48	7715300.0
2018-11-21	0.48	0.47	0.49	0.49	6494300.0
2018-11-22	0.49	0.47	0.5	0.47	7160700.0
2018-11-23	0.47	0.46	0.5	0.5	17570600.0
2018-11-26	0.5	0.49	0.52	0.52	8681100.0
2018-11-27	0.52	0.51	0.52	0.51	13110200.0
2018-11-28	0.51	0.49	0.52	0.5	7193500.0
2018-11-29	0.5	0.49	0.5	0.5	4870200.0
2018-11-30	0.49	0.48	0.5	0.5	7964400.0
2018-12-03	0.49	0.48	0.5	0.49	6164800.0
2018-12-04	0.49	0.47	0.49	0.49	7837000.0
2018-12-06	0.48	0.47	0.48	0.48	3282700.0
2018-12-07	0.48	0.47	0.48	0.47	5892000.0
2018-12-11	0.46	0.45	0.48	0.47	9261800.0
2018-12-12	0.47	0.47	0.54	0.54	70858500.0
2018-12-13	0.53	0.47	0.53	0.48	49853500.0
2018-12-14	0.48	0.44	0.48	0.46	27595700.0
2018-12-17	0.45	0.44	0.46	0.45	4999800.0
2018-12-18	0.44	0.44	0.45	0.44	10111500.0
2018-12-19	0.44	0.43	0.46	0.45	12802800.0
2018-12-20	0.45	0.44	0.46	0.45	7427700.0
2018-12-21	0.45	0.45	0.46	0.45	1692300.0
2018-12-24	0.45	0.44	0.45	0.44	4850900.0
2018-12-25	0.44	0.42	0.44	0.42	11016700.0
2018-12-26	0.41	0.39	0.42	0.4	13243000.0
2018-12-27	0.38	0.38	0.39	0.39	12595500.0
2018-12-28	0.39	0.36	0.39	0.36	9623300.0
2019-01-02	0.36	0.36	0.4	0.38	9597000.0
2019-01-03	0.39	0.38	0.4	0.39	3183900.0
2019-01-04	0.39	0.38	0.39	0.39	384300.0
2019-01-07	0.39	0.38	0.41	0.4	5662700.0
2019-01-08	0.4	0.39	0.41	0.41	1493100.0
2019-01-09	0.41	0.4	0.41	0.4	1072600.0
2019-01-10	0.4	0.38	0.41	0.39	2231700.0
2019-01-11	0.39	0.39	0.4	0.39	347400.0
2019-01-14	0.39	0.38	0.39	0.38	3263200.0
2019-01-15	0.38	0.38	0.39	0.38	3617600.0
2019-01-16	0.39	0.36	0.39	0.37	4745700.0
2019-01-17	0.38	0.37	0.39	0.39	4827200.0
2019-01-18	0.38	0.36	0.38	0.38	5450200.0
2019-01-21	0.38	0.38	0.38	0.38	1896800.0
2019-01-22	0.38	0.37	0.39	0.38	2141900.0
2019-01-23	0.38	0.38	0.39	0.39	3492100.0
2019-01-24	0.38	0.38	0.39	0.39	163500.0
2019-01-25	0.38	0.37	0.39	0.38	3717600.0
2019-01-28	0.38	0.37	0.39	0.38	4692900.0
2019-01-29	0.38	0.38	0.41	0.39	4962500.0
2019-01-30	0.39	0.38	0.4	0.38	2055700.0
2019-01-31	0.39	0.38	0.4	0.39	3696200.0
2019-02-01	0.39	0.38	0.4	0.39	989200.0
2019-02-04	0.39	0.37	0.39	0.39	5338100.0
2019-02-05	0.39	0.38	0.39	0.39	1043300.0
2019-02-06	0.39	0.38	0.39	0.39	521300.0
2019-02-07	0.39	0.38	0.39	0.39	3241300.0
2019-02-08	0.38	0.37	0.38	0.38	2880100.0
2019-02-11	0.39	0.37	0.39	0.37	10465300.0
2019-02-12	0.38	0.36	0.4	0.36	25554000.0
2019-02-13	0.37	0.34	0.38	0.34	13353600.0
2019-02-14	0.34	0.33	0.34	0.34	6434500.0
2019-02-15	0.34	0.33	0.35	0.34	4921200.0
2019-02-18	0.34	0.33	0.35	0.34	3190900.0
2019-02-20	0.34	0.33	0.34	0.34	1702300.0
2019-02-21	0.33	0.33	0.35	0.35	905200.0
2019-02-22	0.34	0.34	0.35	0.34	2222300.0
2019-02-25	0.34	0.33	0.35	0.34	9911400.0
2019-02-26	0.34	0.32	0.35	0.33	8369600.0
2019-02-27	0.33	0.32	0.34	0.33	10623500.0
2019-02-28	0.33	0.32	0.33	0.32	3027200.0
2019-03-01	0.32	0.29	0.33	0.3	8752300.0
2019-03-04	0.3	0.29	0.3	0.3	2853900.0
2019-03-05	0.3	0.29	0.31	0.3	3147200.0
2019-03-06	0.31	0.3	0.31	0.31	961700.0
2019-03-07	0.31	0.3	0.31	0.31	1038500.0
2019-03-08	0.3	0.3	0.31	0.31	914200.0
2019-03-11	0.31	0.3	0.31	0.31	3172600.0
2019-03-12	0.29	0.22	0.29	0.25	46507700.0
2019-03-13	0.25	0.24	0.25	0.25	8805900.0
2019-03-14	0.24	0.22	0.24	0.22	26301300.0
2019-03-15	0.22	0.22	0.23	0.23	9078300.0
2019-03-18	0.23	0.22	0.23	0.22	2240600.0
2019-03-19	0.22	0.22	0.23	0.22	15609100.0
2019-03-20	0.23	0.23	0.25	0.23	20221700.0
2019-03-21	0.23	0.22	0.24	0.23	17400800.0
2019-03-22	0.23	0.22	0.23	0.23	2001100.0
2019-03-25	0.23	0.22	0.23	0.22	13609600.0
2019-03-26	0.22	0.22	0.23	0.22	6478800.0
2019-03-27	0.23	0.22	0.23	0.22	5856000.0
2019-03-28	0.22	0.21	0.23	0.22	8335900.0
2019-03-29	0.22	0.22	0.23	0.22	3377400.0
2019-04-01	0.22	0.22	0.23	0.23	1382000.0
2019-04-02	0.23	0.21	0.23	0.23	11924300.0
2019-04-03	0.23	0.21	0.23	0.22	8405800.0
2019-04-04	0.22	0.22	0.23	0.22	2769000.0
2019-04-05	0.22	0.22	0.23	0.22	3973100.0
2019-04-09	0.22	0.21	0.23	0.22	6801800.0
2019-04-10	0.23	0.22	0.23	0.22	5446200.0
2019-04-11	0.22	0.22	0.23	0.22	6336800.0
2019-04-12	0.22	0.22	0.23	0.22	4111300.0
2019-04-17	0.22	0.22	0.23	0.22	10135500.0
2019-04-18	0.22	0.22	0.23	0.22	1071100.0
2019-04-19	0.23	0.22	0.23	0.22	942700.0
2019-04-22	0.22	0.22	0.23	0.22	6965900.0
2019-04-23	0.22	0.22	0.23	0.22	1879600.0
2019-04-24	0.22	0.22	0.23	0.22	2097900.0
2019-04-25	0.22	0.22	0.23	0.22	7191800.0
2019-04-26	0.22	0.22	0.23	0.22	3907800.0
2019-04-29	0.22	0.21	0.23	0.22	12171200.0
2019-04-30	0.22	0.21	0.23	0.22	5135900.0
2019-05-02	0.22	0.21	0.23	0.22	7799400.0
2019-05-03	0.23	0.21	0.23	0.22	10896100.0
2019-05-07	0.21	0.19	0.22	0.19	11052400.0
2019-05-08	0.2	0.19	0.21	0.2	3670000.0
2019-05-09	0.2	0.2	0.22	0.22	3528400.0
2019-05-10	0.21	0.2	0.21	0.21	2606700.0
2019-05-13	0.21	0.2	0.22	0.21	311100.0
2019-05-14	0.21	0.2	0.21	0.2	326300.0
2019-05-15	0.2	0.2	0.21	0.2	627200.0
2019-05-16	0.2	0.19	0.2	0.2	4816100.0
2019-05-17	0.19	0.19	0.21	0.2	4856100.0
2019-05-21	0.2	0.19	0.2	0.2	2062300.0
2019-05-22	0.2	0.2	0.2	0.2	1226800.0
2019-05-23	0.2	0.19	0.2	0.2	669600.0
2019-05-24	0.19	0.19	0.2	0.19	2876100.0
2019-05-27	0.2	0.19	0.21	0.2	4851400.0
2019-05-28	0.2	0.19	0.2	0.19	1506700.0
2019-05-29	0.19	0.19	0.2	0.2	4234900.0
2019-05-30	0.2	0.2	0.21	0.2	1848700.0
2019-05-31	0.2	0.2	0.21	0.21	649800.0
2019-06-04	0.21	0.2	0.21	0.21	1342700.0
2019-06-05	0.21	0.2	0.21	0.21	1876900.0
2019-06-06	0.2	0.2	0.21	0.2	1274000.0
2019-06-07	0.2	0.19	0.21	0.21	6125600.0
2019-06-10	0.2	0.2	0.21	0.21	1120700.0
2019-06-11	0.2	0.2	0.21	0.2	1995200.0
2019-06-12	0.2	0.18	0.2	0.19	11292500.0
2019-06-13	0.19	0.19	0.19	0.19	4242100.0
2019-06-14	0.19	0.18	0.2	0.2	1368400.0
2019-06-17	0.2	0.19	0.2	0.19	1189900.0
2019-06-18	0.19	0.19	0.2	0.2	1503300.0
2019-06-19	0.2	0.19	0.21	0.19	4199100.0
2019-06-20	0.19	0.19	0.2	0.19	7649900.0
2019-06-21	0.19	0.18	0.2	0.19	5541200.0
2019-06-24	0.19	0.19	0.2	0.2	3472200.0
2019-06-25	0.19	0.19	0.2	0.2	11258100.0
2019-06-26	0.19	0.18	0.2	0.18	5250200.0
2019-06-27	0.19	0.18	0.19	0.19	6459900.0
2019-06-28	0.19	0.19	0.2	0.19	9053300.0
2019-07-01	0.19	0.19	0.2	0.19	9243300.0
2019-07-02	0.19	0.19	0.21	0.2	11330300.0
2019-07-03	0.19	0.19	0.21	0.2	25495600.0
2019-07-04	0.2	0.19	0.21	0.2	37286800.0
2019-07-05	0.2	0.19	0.2	0.2	4196000.0
2019-07-08	0.2	0.19	0.2	0.2	37444200.0
2019-07-09	0.2	0.19	0.21	0.2	17808000.0
2019-07-10	0.2	0.19	0.2	0.2	1949300.0
2019-07-11	0.2	0.18	0.2	0.19	23861300.0
2019-07-12	0.19	0.19	0.2	0.19	30808300.0
2019-07-15	0.19	0.18	0.21	0.2	61174800.0
2019-07-17	0.2	0.2	0.21	0.2	16421700.0
2019-07-18	0.2	0.2	0.21	0.21	1231700.0
2019-07-19	0.21	0.19	0.21	0.21	8654700.0
2019-07-22	0.21	0.19	0.21	0.19	16958900.0
2019-07-23	0.19	0.19	0.23	0.21	86885900.0
2019-07-24	0.2	0.2	0.22	0.21	23837800.0
2019-07-25	0.21	0.2	0.23	0.23	18237300.0
2019-07-26	0.23	0.21	0.23	0.23	42308900.0
2019-07-30	0.22	0.22	0.23	0.23	12019900.0
2019-07-31	0.22	0.22	0.23	0.22	3352700.0
2019-08-01	0.22	0.22	0.25	0.25	41043000.0
2019-08-02	0.24	0.23	0.25	0.25	46048900.0
2019-08-05	0.24	0.22	0.25	0.23	28137200.0
2019-08-06	0.22	0.22	0.24	0.22	5573100.0
2019-08-07	0.22	0.19	0.23	0.21	14061200.0
2019-08-08	0.21	0.19	0.21	0.21	13653800.0
2019-08-09	0.2	0.19	0.21	0.2	14404700.0
2019-08-13	0.2	0.19	0.2	0.19	2182400.0
2019-08-14	0.2	0.19	0.2	0.19	2254400.0
2019-08-15	0.19	0.18	0.2	0.2	6697300.0
2019-08-16	0.19	0.18	0.2	0.2	5847500.0
2019-08-19	0.19	0.18	0.2	0.19	7766500.0
2019-08-20	0.19	0.17	0.19	0.18	7538800.0
2019-08-21	0.18	0.17	0.18	0.18	2717500.0
2019-08-22	0.17	0.17	0.18	0.17	8881600.0
2019-08-23	0.17	0.17	0.18	0.17	7183000.0
2019-08-26	0.16	0.16	0.17	0.17	8431900.0
2019-08-27	0.17	0.16	0.17	0.16	6248900.0
2019-08-28	0.16	0.16	0.18	0.17	5507900.0
2019-08-29	0.18	0.16	0.18	0.17	966800.0
2019-08-30	0.17	0.16	0.19	0.18	12968400.0
2019-09-02	0.18	0.17	0.19	0.17	8974200.0
2019-09-03	0.18	0.17	0.18	0.17	13638900.0
2019-09-04	0.18	0.17	0.18	0.17	9675900.0
2019-09-05	0.18	0.17	0.18	0.18	2700400.0
2019-09-06	0.18	0.16	0.18	0.17	14746800.0
2019-09-09	0.17	0.17	0.18	0.17	17909900.0
2019-09-10	0.17	0.16	0.18	0.17	7004200.0
2019-09-11	0.17	0.15	0.17	0.16	10950300.0
2019-09-12	0.16	0.14	0.16	0.16	13239200.0
2019-09-13	0.15	0.14	0.16	0.15	15439800.0
2019-09-16	0.15	0.14	0.15	0.14	5482300.0
2019-09-17	0.14	0.14	0.15	0.15	1384900.0
2019-09-18	0.14	0.13	0.15	0.14	6470100.0
2019-09-19	0.14	0.13	0.14	0.14	648600.0
2019-09-20	0.14	0.13	0.14	0.14	2682600.0
2019-09-23	0.14	0.13	0.14	0.13	14317500.0
2019-09-24	0.13	0.12	0.13	0.13	3496200.0
2019-09-25	0.13	0.12	0.13	0.12	1329200.0
2019-09-26	0.12	0.1	0.12	0.11	23612400.0
2019-09-27	0.11	0.1	0.11	0.11	1406000.0
2019-09-30	0.11	0.1	0.11	0.11	10348800.0
2019-10-01	0.1	0.09	0.11	0.1	3272900.0
2019-10-02	0.1	0.09	0.1	0.09	2187200.0
2019-10-03	0.09	0.09	0.1	0.1	3866000.0
2019-10-04	0.1	0.09	0.1	0.09	325800.0
2019-10-07	0.1	0.07	0.1	0.07	21496000.0
2019-10-08	0.07	0.06	0.07	0.06	15907200.0
2019-10-09	0.06	0.05	0.07	0.07	29578300.0
2019-10-10	0.07	0.07	0.09	0.09	55267200.0
2019-10-11	0.09	0.07	0.09	0.07	47867700.0
2019-10-15	0.07	0.06	0.08	0.07	29455000.0
2019-10-16	0.07	0.06	0.07	0.07	9980300.0
2019-10-17	0.07	0.06	0.08	0.08	46411900.0
2019-10-18	0.07	0.07	0.08	0.08	7415700.0
2019-10-21	0.07	0.06	0.08	0.07	93954600.0
2019-10-22	0.08	0.06	0.08	0.07	9399900.0
2019-10-24	0.07	0.06	0.07	0.06	16246000.0
2019-10-25	0.06	0.05	0.06	0.05	66406000.0
2019-10-28	0.04	0.04	0.04	0.04	26615900.0
2019-10-29	0.03	0.03	0.03	0.03	52494900.0
2019-10-30	0.02	0.02	0.04	0.03	71642100.0
2019-10-31	0.04	0.04	0.04	0.04	37141300.0
2019-11-01	0.05	0.05	0.05	0.05	22486300.0
2019-11-04	0.06	0.06	0.06	0.06	10376800.0
2019-11-05	0.07	0.07	0.07	0.07	2788900.0
2019-11-06	0.09	0.08	0.09	0.09	55799700.0
2019-11-07	0.11	0.09	0.11	0.11	55707800.0
2019-11-08	0.11	0.1	0.11	0.1	26708200.0
2019-11-11	0.11	0.09	0.11	0.09	43909300.0
2019-11-12	0.1	0.09	0.1	0.1	2240300.0
2019-11-13	0.09	0.08	0.1	0.08	74016000.0
2019-11-14	0.08	0.07	0.09	0.07	52557100.0
2019-11-18	0.05	0.05	0.07	0.07	16686300.0
2019-11-19	0.07	0.06	0.08	0.08	8482900.0
2019-11-20	0.08	0.07	0.09	0.08	15465800.0
2019-11-21	0.08	0.07	0.09	0.08	950800.0
2019-11-22	0.08	0.07	0.08	0.08	6563200.0
2019-11-25	0.08	0.07	0.08	0.08	1836800.0
2019-11-26	0.08	0.07	0.08	0.08	5640500.0
2019-11-27	0.08	0.07	0.08	0.08	342600.0
2019-11-28	0.07	0.07	0.08	0.08	23897300.0
2019-11-29	0.07	0.07	0.08	0.07	1138700.0
2019-12-02	0.08	0.08	0.08	0.08	7154100.0
2019-12-03	0.08	0.07	0.08	0.07	4793800.0
2019-12-04	0.08	0.06	0.08	0.06	51227300.0
2019-12-06	0.07	0.06	0.07	0.07	13636400.0
2019-12-09	0.07	0.06	0.07	0.06	4666600.0
2019-12-11	0.07	0.06	0.07	0.07	3353900.0
2019-12-12	0.07	0.06	0.07	0.07	512500.0
2019-12-13	0.06	0.06	0.07	0.07	9084200.0
2019-12-16	0.07	0.06	0.07	0.07	674500.0
2019-12-17	0.07	0.06	0.07	0.06	523600.0
2019-12-18	0.06	0.06	0.07	0.06	5942600.0
2019-12-19	0.07	0.07	0.07	0.07	26932300.0
2019-12-20	0.08	0.07	0.08	0.08	6507600.0
2019-12-23	0.07	0.06	0.08	0.07	3217400.0
2019-12-24	0.06	0.06	0.08	0.07	9626700.0
2019-12-25	0.07	0.06	0.08	0.07	377800.0
2019-12-26	0.07	0.07	0.08	0.07	1531900.0
2019-12-27	0.07	0.07	0.08	0.07	4466400.0
2019-12-30	0.07	0.06	0.07	0.07	1458600.0
2020-01-02	0.06	0.06	0.08	0.08	2546200.0
2020-01-03	0.08	0.07	0.08	0.07	2383400.0
2020-01-06	0.07	0.06	0.08	0.07	2882800.0
2020-01-07	0.07	0.07	0.08	0.07	1042500.0
2020-01-08	0.07	0.07	0.08	0.07	977300.0
2020-01-09	0.07	0.07	0.08	0.07	1850100.0
2020-01-10	0.07	0.07	0.08	0.08	166800.0
2020-01-13	0.08	0.07	0.08	0.07	469800.0
2020-01-14	0.07	0.06	0.08	0.07	32276500.0
2020-01-15	0.07	0.06	0.07	0.06	53046500.0
2020-01-16	0.06	0.05	0.06	0.05	92448600.0
2020-01-17	0.05	0.04	0.06	0.05	38933000.0
2020-01-20	0.05	0.05	0.06	0.06	14925100.0
2020-01-21	0.06	0.05	0.06	0.05	20314300.0
2020-01-22	0.05	0.05	0.06	0.05	7071400.0
2020-01-23	0.06	0.05	0.06	0.06	2638500.0
2020-01-24	0.06	0.05	0.06	0.06	3080400.0
2020-01-27	0.05	0.05	0.06	0.06	11825100.0
2020-01-28	0.05	0.05	0.06	0.05	2681000.0
2020-01-29	0.05	0.05	0.06	0.06	34895000.0
2020-01-30	0.06	0.06	0.07	0.06	3079500.0
2020-01-31	0.06	0.06	0.07	0.07	4153500.0
2020-02-03	0.06	0.06	0.07	0.07	1007900.0
2020-02-04	0.06	0.06	0.07	0.06	2174600.0
2020-02-05	0.06	0.06	0.07	0.06	1495000.0
2020-02-06	0.07	0.06	0.07	0.07	15492700.0
2020-02-07	0.08	0.07	0.08	0.08	903700.0
2020-02-11	0.08	0.07	0.08	0.08	1317400.0
2020-02-12	0.07	0.07	0.08	0.07	3731300.0
2020-02-13	0.07	0.07	0.08	0.08	3971700.0
2020-02-14	0.08	0.07	0.08	0.07	761000.0
2020-02-17	0.07	0.07	0.08	0.07	22554900.0
2020-02-18	0.07	0.07	0.08	0.08	2450100.0
2020-02-19	0.07	0.06	0.08	0.06	1262700.0
2020-02-20	0.07	0.06	0.07	0.07	1227200.0
2020-02-21	0.06	0.06	0.07	0.07	782800.0
2020-02-24	0.07	0.06	0.07	0.06	546900.0
2020-02-25	0.07	0.06	0.07	0.06	712200.0
2020-02-26	0.06	0.06	0.07	0.06	15205000.0
2020-02-27	0.06	0.05	0.07	0.05	93238400.0
2020-02-28	0.06	0.05	0.06	0.06	25388600.0
2020-03-02	0.06	0.05	0.06	0.06	2290300.0
2020-06-04	0.05	0.03	0.06	0.04	216034200.0
2020-06-05	0.04	0.03	0.04	0.04	39480200.0
2020-06-08	0.04	0.03	0.04	0.03	6842200.0
2020-06-09	0.03	0.03	0.04	0.03	13510900.0
2020-06-10	0.03	0.03	0.04	0.04	7090200.0
2020-06-11	0.04	0.03	0.04	0.04	23129700.0
2020-06-12	0.03	0.03	0.04	0.04	8057800.0
2020-06-15	0.04	0.03	0.04	0.03	191157700.0
2020-06-16	0.03	0.02	0.03	0.03	41024700.0
2020-06-17	0.03	0.02	0.04	0.03	88516600.0
2020-06-18	0.04	0.03	0.04	0.03	4971800.0
2020-06-19	0.04	0.03	0.04	0.03	25978900.0
2020-06-22	0.04	0.03	0.04	0.03	12282200.0
2020-06-23	0.03	0.02	0.04	0.03	19547600.0
2020-06-24	0.02	0.02	0.03	0.03	22752000.0
2020-06-25	0.03	0.02	0.03	0.03	11815200.0
2020-06-26	0.03	0.02	0.03	0.03	17329700.0
2020-06-29	0.02	0.02	0.03	0.03	22968600.0
2020-06-30	0.03	0.02	0.03	0.02	51449500.0
2020-07-01	0.03	0.02	0.03	0.03	47053700.0
2020-07-02	0.03	0.02	0.03	0.03	68822800.0
2020-07-03	0.02	0.02	0.03	0.03	152281200.0
