Date	Price Open	Price Low	Price High	Price Close	Volume
2014-03-14	9.0	8.65	9.1	8.75	219725800.0
2014-03-17	8.8	8.55	8.9	8.65	38316000.0
2014-03-18	8.7	8.6	8.7	8.65	11745500.0
2014-03-19	8.65	8.5	8.7	8.5	10455500.0
2014-03-20	8.4	8.35	8.5	8.5	5178600.0
2014-03-21	8.5	8.4	8.6	8.4	4189700.0
2014-03-24	8.15	8.05	8.2	8.05	2595700.0
2014-03-25	8.1	8.05	8.45	8.45	7481000.0
2014-03-26	8.35	8.3	8.4	8.35	1345500.0
2014-03-27	8.4	8.25	8.4	8.25	1403300.0
2014-03-28	8.25	8.2	8.35	8.35	651300.0
2014-03-31	8.3	8.2	8.3	8.2	781900.0
2014-04-01	8.2	8.2	8.3	8.2	1383200.0
2014-04-02	8.25	8.2	8.45	8.45	4368800.0
2014-04-03	8.45	8.2	8.45	8.25	3067200.0
2014-04-04	8.25	8.15	8.35	8.2	2899200.0
2014-04-08	8.2	8.2	8.7	8.35	15241900.0
2014-04-09	8.35	8.25	8.4	8.25	1395300.0
2014-04-10	8.3	8.25	8.35	8.25	1927700.0
2014-04-11	8.25	8.25	8.5	8.5	6958400.0
2014-04-16	8.5	8.4	8.7	8.6	12334000.0
2014-04-17	8.65	8.6	9.25	9.05	59214600.0
2014-04-18	9.15	8.95	9.2	9.1	12618000.0
2014-04-21	9.1	9.0	9.45	9.45	48462700.0
2014-04-22	9.45	9.3	9.5	9.4	15766600.0
2014-04-23	9.4	9.4	9.95	9.8	43956900.0
2014-04-24	9.8	9.7	10.4	10.4	40324700.0
2014-04-25	10.3	9.4	10.3	9.65	49191400.0
2014-04-28	9.5	9.3	9.8	9.65	16664700.0
2014-04-29	9.65	9.55	10.1	10.1	23164300.0
2014-04-30	10.1	9.75	10.2	9.85	9775500.0
2014-05-02	9.9	9.75	10.2	10.0	21348300.0
2014-05-06	10.0	9.8	10.1	10.0	11932000.0
2014-05-07	9.9	9.8	9.95	9.85	3878000.0
2014-05-08	9.85	9.3	9.85	9.55	16169700.0
2014-05-09	9.5	9.05	9.5	9.3	13939100.0
2014-05-12	9.2	8.75	9.3	9.1	16583600.0
2014-05-14	9.15	9.15	9.7	9.5	19505000.0
2014-05-15	9.5	9.3	9.6	9.3	4859900.0
2014-05-16	9.3	9.3	9.65	9.45	5363700.0
2014-05-19	9.4	9.35	9.45	9.35	1060400.0
2014-05-20	9.2	9.15	9.55	9.35	3730500.0
2014-05-21	9.45	9.45	9.7	9.7	15610300.0
2014-05-22	9.85	9.5	9.9	9.6	7024700.0
2014-05-23	9.4	9.3	9.7	9.6	5518100.0
2014-05-26	9.6	9.35	9.6	9.45	3117600.0
2014-05-27	9.5	9.45	9.65	9.55	5114600.0
2014-05-28	9.6	9.4	9.7	9.45	2747700.0
2014-05-29	9.5	9.45	9.6	9.5	1433100.0
2014-05-30	9.45	9.35	10.1	10.0	20043800.0
2014-06-02	9.95	9.85	10.1	10.0	4908200.0
2014-06-03	10.0	10.0	10.5	10.2	29929700.0
2014-06-04	10.3	10.2	10.6	10.3	33889200.0
2014-06-05	10.4	10.3	10.6	10.4	14005400.0
2014-06-06	10.4	10.4	10.8	10.7	18986800.0
2014-06-09	10.7	10.3	10.8	10.5	5525600.0
2014-06-10	10.4	10.3	10.5	10.5	3555400.0
2014-06-11	10.6	10.5	10.9	10.7	7077500.0
2014-06-12	10.7	10.5	10.7	10.5	1683100.0
2014-06-13	10.5	10.5	10.9	10.6	11658400.0
2014-06-16	10.6	10.2	10.7	10.7	13457500.0
2014-06-17	10.7	10.4	10.7	10.4	3737300.0
2014-06-18	10.4	10.3	10.5	10.3	2996300.0
2014-06-19	10.3	10.2	10.4	10.2	5391700.0
2014-06-20	10.2	10.1	10.4	10.3	2606100.0
2014-06-23	10.2	10.1	10.4	10.2	3303900.0
2014-06-24	10.3	10.0	10.3	10.2	6693200.0
2014-06-25	10.2	10.0	10.2	10.2	2023000.0
2014-06-26	10.2	10.1	10.3	10.1	4515600.0
2014-06-27	10.2	10.2	10.5	10.5	9477900.0
2014-06-30	10.5	10.2	10.5	10.4	7344100.0
2014-07-02	10.4	9.95	10.4	10.3	9679000.0
2014-07-03	10.3	10.0	10.3	10.2	4805400.0
2014-07-04	10.2	10.2	10.5	10.4	4888600.0
2014-07-07	10.3	10.2	10.4	10.4	921300.0
2014-07-08	10.3	10.2	10.5	10.4	3929000.0
2014-07-09	10.3	10.3	10.5	10.5	3084300.0
2014-07-10	10.6	10.5	10.8	10.8	9376700.0
2014-07-14	11.0	10.7	11.2	10.7	13016200.0
2014-07-15	10.8	10.4	10.8	10.5	4915800.0
2014-07-16	10.4	10.3	10.6	10.5	5443700.0
2014-07-17	10.5	10.4	10.5	10.5	1810100.0
2014-07-18	10.4	10.4	10.6	10.4	1426800.0
2014-07-21	10.4	10.2	10.4	10.4	2695800.0
2014-07-22	10.4	10.2	10.4	10.2	2140600.0
2014-07-23	10.2	10.2	10.7	10.6	5144100.0
2014-07-24	10.6	10.5	10.7	10.6	3392500.0
2014-07-25	10.5	10.5	10.8	10.7	4097500.0
2014-07-28	10.6	10.6	10.9	10.8	4386800.0
2014-07-29	10.8	10.4	10.8	10.4	2072200.0
2014-07-30	10.4	10.2	10.4	10.3	1569300.0
2014-07-31	10.3	10.0	10.4	10.0	2483000.0
2014-08-01	9.95	9.95	10.2	10.1	1102400.0
2014-08-04	10.2	10.2	10.3	10.2	1830500.0
2014-08-05	10.3	10.2	10.7	10.5	4229600.0
2014-08-06	10.5	10.2	10.5	10.2	609100.0
2014-08-07	10.2	10.1	10.3	10.1	609600.0
2014-08-08	10.1	10.1	10.3	10.2	362900.0
2014-08-13	10.3	10.0	10.3	10.1	3289000.0
2014-08-14	10.2	10.2	10.4	10.2	2586100.0
2014-08-15	10.2	10.1	10.3	10.2	1036400.0
2014-08-18	10.2	10.2	10.3	10.3	466300.0
2014-08-19	10.2	10.0	10.3	10.1	2172200.0
2014-08-20	10.2	10.1	10.2	10.1	1525600.0
2014-08-21	10.1	10.0	10.3	10.1	1773800.0
2014-08-22	10.2	10.1	10.2	10.1	677400.0
2014-08-25	10.1	10.1	10.3	10.3	1203900.0
2014-08-26	10.1	10.0	10.2	10.0	1987000.0
2014-08-27	10.1	10.1	10.4	10.1	6925300.0
2014-08-28	10.1	10.0	10.2	10.0	1990500.0
2014-08-29	10.0	9.95	10.1	10.0	1093300.0
2014-09-01	10.0	9.95	10.2	9.95	3117800.0
2014-09-02	9.95	9.65	10.0	9.7	7941800.0
2014-09-03	9.7	9.6	9.8	9.6	2961200.0
2014-09-04	9.6	9.25	9.85	9.35	7094000.0
2014-09-05	9.4	9.4	9.9	9.9	4512100.0
2014-09-08	10.1	9.9	10.2	10.0	6923000.0
2014-09-09	10.1	9.9	10.1	9.9	2071500.0
2014-09-10	9.85	9.7	9.9	9.8	3213700.0
2014-09-11	9.9	9.8	9.95	9.85	2807400.0
2014-09-12	9.9	9.85	10.1	10.0	3832000.0
2014-09-15	10.1	9.8	10.1	9.8	2325100.0
2014-09-16	9.9	9.75	9.9	9.8	1116600.0
2014-09-17	9.9	9.7	9.9	9.8	1378200.0
2014-09-18	9.75	9.7	9.85	9.8	473000.0
2014-09-19	9.8	9.7	9.8	9.7	753400.0
2014-09-22	9.7	9.65	9.75	9.65	301600.0
2014-09-23	9.65	9.65	9.75	9.65	327400.0
2014-09-24	9.65	9.6	9.7	9.65	482800.0
2014-09-25	9.65	9.55	9.65	9.6	1002600.0
2014-09-26	9.6	9.45	9.65	9.6	1139000.0
2014-09-29	9.65	9.45	9.65	9.5	992200.0
2014-09-30	9.45	9.4	9.55	9.4	733600.0
2014-10-01	9.5	9.5	9.6	9.5	200900.0
2014-10-03	9.4	9.4	9.55	9.55	391300.0
2014-10-06	9.6	9.6	9.8	9.8	2744500.0
2014-10-07	9.8	9.65	9.9	9.9	2190000.0
2014-10-08	9.9	9.7	10.1	9.85	6209900.0
2014-10-09	9.9	9.85	10.0	9.95	2523600.0
2014-10-10	9.9	9.7	9.9	9.75	572800.0
2014-10-13	9.75	9.75	9.85	9.75	162300.0
2014-10-14	9.75	9.65	9.75	9.65	491200.0
2014-10-15	9.75	9.65	9.8	9.8	306400.0
2014-10-16	9.6	9.6	9.85	9.8	429400.0
2014-10-17	9.7	9.3	9.7	9.3	1271800.0
2014-10-20	9.4	9.25	9.5	9.4	906600.0
2014-10-21	9.3	9.3	9.4	9.35	54000.0
2014-10-22	9.35	9.3	9.45	9.45	434600.0
2014-10-24	9.3	9.3	9.4	9.35	266200.0
2014-10-27	9.3	9.3	9.4	9.35	322200.0
2014-10-28	9.45	9.35	9.45	9.45	227000.0
2014-10-29	9.4	9.35	9.5	9.5	174700.0
2014-10-30	9.45	9.35	9.5	9.45	312900.0
2014-10-31	9.4	9.4	9.45	9.45	134600.0
2014-11-03	9.4	9.3	9.4	9.4	664500.0
2014-11-04	9.4	9.35	9.4	9.4	85900.0
2014-11-05	9.35	9.25	9.35	9.35	475100.0
2014-11-06	9.35	9.3	9.35	9.35	120100.0
2014-11-07	9.5	9.15	9.5	9.35	2092500.0
2014-11-10	9.4	9.3	9.4	9.35	569500.0
2014-11-11	9.4	9.2	9.4	9.2	874700.0
2014-11-12	9.3	9.05	9.3	9.1	979200.0
2014-11-13	9.2	8.8	9.2	9.0	1604400.0
2014-11-14	9.0	8.9	9.0	9.0	810400.0
2014-11-17	9.1	8.9	9.1	9.0	562400.0
2014-11-18	8.95	8.9	9.0	8.95	942200.0
2014-11-19	9.0	8.9	9.05	9.0	333600.0
2014-11-20	9.0	8.95	9.05	9.0	632700.0
2014-11-21	9.1	8.95	9.2	9.05	772800.0
2014-11-24	9.15	8.9	9.15	9.05	704600.0
2014-11-25	8.95	8.8	9.0	8.8	3443600.0
2014-11-26	8.9	8.65	8.9	8.8	1313200.0
2014-11-27	8.9	8.7	8.9	8.8	456200.0
2014-11-28	8.8	8.55	8.8	8.6	1040400.0
2014-12-01	8.65	8.4	8.65	8.4	870900.0
2014-12-02	8.45	8.35	8.45	8.35	1757200.0
2014-12-03	8.4	8.25	8.4	8.25	1102000.0
2014-12-04	8.3	8.2	8.3	8.25	2863000.0
2014-12-08	8.3	8.2	8.35	8.25	1115300.0
2014-12-09	8.25	8.25	8.3	8.25	164700.0
2014-12-11	8.2	8.0	8.25	8.05	1295400.0
2014-12-12	8.1	8.0	8.15	8.05	995500.0
2014-12-15	8.0	7.7	8.0	7.85	2298000.0
2014-12-16	7.9	7.8	7.9	7.85	1163700.0
2014-12-17	7.8	7.75	7.85	7.85	1907800.0
2014-12-18	8.0	8.0	8.25	8.05	2094900.0
2014-12-19	8.2	8.1	8.55	8.3	4037400.0
2014-12-22	8.35	8.25	8.5	8.3	613800.0
2014-12-23	8.3	8.25	8.35	8.35	468300.0
2014-12-24	8.35	8.05	8.35	8.1	537700.0
2014-12-25	8.1	7.85	8.15	8.15	434600.0
2014-12-26	8.1	8.1	8.15	8.15	78200.0
2014-12-29	8.15	8.0	8.2	8.2	376100.0
2014-12-30	8.1	8.05	8.6	8.6	1663600.0
2015-01-05	8.55	8.3	8.55	8.3	452800.0
2015-01-06	8.15	8.15	8.35	8.3	107600.0
2015-01-07	8.2	8.2	8.35	8.3	214700.0
2015-01-08	8.5	8.35	8.65	8.35	1308400.0
2015-01-09	8.55	8.55	8.85	8.75	3891600.0
2015-01-12	8.75	8.7	8.8	8.7	1072600.0
2015-01-13	8.65	8.6	8.75	8.7	549000.0
2015-01-14	8.65	8.6	8.7	8.65	884900.0
2015-01-15	8.65	8.5	8.65	8.5	797000.0
2015-01-16	8.5	8.5	8.7	8.7	404700.0
2015-01-19	8.7	8.5	8.7	8.6	680200.0
2015-01-20	8.55	8.55	8.65	8.65	293000.0
2015-01-21	8.7	8.7	8.85	8.7	1612400.0
2015-01-22	8.65	8.65	8.8	8.8	1517300.0
2015-01-23	8.8	8.65	8.8	8.65	1947500.0
2015-01-26	8.7	8.65	8.75	8.7	1149600.0
2015-01-27	8.7	8.55	8.75	8.75	729800.0
2015-01-28	8.75	8.7	8.8	8.75	1410700.0
2015-01-29	8.75	8.65	8.75	8.65	1784100.0
2015-01-30	8.75	8.7	8.8	8.8	2970000.0
2015-02-02	8.75	8.65	8.75	8.7	1363300.0
2015-02-03	8.7	8.7	8.95	8.8	4776700.0
2015-02-04	8.9	8.9	9.2	9.1	10780400.0
2015-02-05	9.1	8.9	9.1	8.95	1891300.0
2015-02-06	9.0	8.85	9.0	8.95	1497900.0
2015-02-09	8.85	8.8	8.9	8.8	454900.0
2015-02-10	8.8	8.7	8.8	8.75	1276800.0
2015-02-11	8.8	8.65	8.8	8.7	1003600.0
2015-02-12	8.65	8.65	8.9	8.85	6406000.0
2015-02-13	8.85	8.85	9.05	8.9	6918200.0
2015-02-16	9.0	8.9	9.05	9.0	3540300.0
2015-02-17	9.0	8.9	9.0	8.9	1232200.0
2015-02-18	8.9	8.8	8.9	8.85	345100.0
2015-02-19	8.9	8.8	8.95	8.95	1145900.0
2015-02-20	8.95	8.95	9.4	9.4	7769900.0
2015-02-23	9.45	9.2	9.45	9.2	1154000.0
2015-02-24	9.25	9.1	9.35	9.1	1144500.0
2015-02-25	9.15	8.95	9.15	9.0	631300.0
2015-02-26	9.0	8.8	9.05	8.9	1801600.0
2015-02-27	8.85	8.8	9.0	8.9	1467200.0
2015-03-02	8.95	8.75	8.95	8.85	1744600.0
2015-03-03	8.8	8.7	8.9	8.85	1628800.0
2015-03-05	8.7	8.6	8.8	8.8	1944400.0
2015-03-06	8.7	8.7	8.85	8.85	958400.0
2015-03-09	8.85	8.7	8.9	8.9	758100.0
2015-03-10	8.9	8.75	8.9	8.85	572100.0
2015-03-11	8.8	8.75	8.95	8.95	632000.0
2015-03-12	8.9	8.75	8.95	8.95	949400.0
2015-03-13	8.9	8.8	9.0	9.0	663100.0
2015-03-16	9.0	8.8	9.0	8.95	759600.0
2015-03-17	8.95	8.8	8.95	8.95	760500.0
2015-03-18	8.85	8.85	9.0	8.9	677800.0
2015-03-19	8.85	8.75	8.95	8.95	1019700.0
2015-03-20	8.85	8.65	8.95	8.8	5547300.0
2015-03-23	8.75	8.7	8.8	8.75	5069700.0
2015-03-24	8.75	8.65	8.75	8.65	2697500.0
2015-03-25	8.55	8.55	8.75	8.75	289600.0
2015-03-26	8.7	8.6	8.7	8.6	445300.0
2015-03-27	8.55	8.35	8.65	8.35	1216500.0
2015-03-30	8.6	8.1	8.6	8.35	473800.0
2015-03-31	8.35	8.35	8.45	8.35	246300.0
2015-04-01	8.35	8.3	8.35	8.3	425100.0
2015-04-02	8.35	8.15	8.35	8.2	451500.0
2015-04-03	8.25	8.25	8.25	8.25	261700.0
2015-04-07	8.25	8.25	8.9	8.45	185700.0
2015-04-08	8.45	8.2	8.45	8.25	768400.0
2015-04-09	8.25	8.15	8.25	8.2	3612600.0
2015-04-10	8.3	8.25	8.35	8.25	258200.0
2015-04-16	8.3	8.2	8.35	8.3	169200.0
2015-04-17	8.3	8.3	8.35	8.3	966800.0
2015-04-20	8.35	8.15	8.45	8.2	1761100.0
2015-04-21	8.3	8.2	8.3	8.25	292900.0
2015-04-22	8.25	8.2	8.25	8.25	280400.0
2015-04-23	8.25	8.2	8.25	8.2	55200.0
2015-04-24	8.3	8.25	8.35	8.3	135300.0
2015-04-27	8.35	8.3	8.4	8.3	709300.0
2015-04-28	8.35	8.2	8.45	8.25	2941800.0
2015-04-29	8.3	8.2	8.3	8.2	223400.0
2015-04-30	8.2	8.0	8.2	8.05	148700.0
2015-05-06	8.0	7.95	8.15	8.15	114000.0
2015-05-07	8.15	8.05	8.15	8.05	140500.0
2015-05-08	8.0	8.0	8.1	8.05	59500.0
2015-05-11	8.35	8.0	8.35	8.0	152400.0
2015-05-12	8.0	7.9	8.05	7.9	199500.0
2015-05-13	7.8	7.8	8.0	7.9	120800.0
2015-05-14	7.95	7.95	8.0	8.0	98700.0
2015-05-15	7.9	7.9	8.05	8.0	370700.0
2015-05-18	7.95	7.9	8.0	8.0	102500.0
2015-05-19	8.0	7.95	8.0	7.95	398000.0
2015-05-20	7.95	7.9	8.05	8.05	372100.0
2015-05-21	8.05	7.95	8.05	8.0	603500.0
2015-05-22	8.05	8.0	8.1	8.1	59800.0
2015-05-25	8.1	8.05	8.15	8.15	155000.0
2015-05-26	8.15	8.1	8.25	8.1	71500.0
2015-05-27	8.1	8.05	8.45	8.35	1026600.0
2015-05-28	8.4	8.25	8.4	8.3	105400.0
2015-05-29	8.3	8.15	8.35	8.15	389700.0
2015-06-02	8.35	8.05	8.35	8.2	108500.0
2015-06-03	8.2	8.1	8.2	8.15	38300.0
2015-06-04	8.15	8.1	8.2	8.15	80100.0
2015-06-05	8.05	8.05	8.15	8.1	164400.0
2015-06-08	8.05	8.0	8.1	8.0	216000.0
2015-06-09	8.0	7.95	8.05	8.0	133100.0
2015-06-10	8.0	8.0	8.1	8.0	79100.0
2015-06-11	8.0	8.0	8.1	8.0	128000.0
2015-06-12	8.0	7.95	8.0	8.0	127800.0
2015-06-15	8.0	7.95	8.0	8.0	47700.0
2015-06-16	8.0	7.95	8.0	8.0	292800.0
2015-06-17	8.0	7.95	8.0	7.95	368800.0
2015-06-18	8.0	7.95	8.1	7.95	1529900.0
2015-06-19	8.0	7.9	8.0	7.9	528400.0
2015-06-22	7.8	7.8	7.95	7.85	277800.0
2015-06-23	7.85	7.75	7.85	7.8	636600.0
2015-06-24	7.8	7.75	7.9	7.85	292000.0
2015-06-25	7.85	7.8	7.95	7.95	178000.0
2015-06-26	7.85	7.8	7.9	7.8	110600.0
2015-06-29	7.8	7.75	7.9	7.8	165300.0
2015-06-30	7.85	7.75	7.85	7.8	97700.0
2015-07-02	7.75	7.7	7.8	7.7	117000.0
2015-07-03	7.7	7.7	7.75	7.75	73300.0
2015-07-06	7.75	7.5	7.75	7.5	313300.0
2015-07-07	7.5	7.4	7.5	7.45	395800.0
2015-07-08	7.45	7.3	7.45	7.35	331900.0
2015-07-09	7.35	7.25	7.35	7.3	330900.0
2015-07-10	7.3	7.25	7.35	7.3	364800.0
2015-07-13	7.3	7.3	7.35	7.35	207000.0
2015-07-14	7.35	7.3	7.45	7.3	291400.0
2015-07-15	7.35	7.3	7.4	7.3	219200.0
2015-07-16	7.3	7.25	7.3	7.3	141100.0
2015-07-17	7.3	7.2	7.3	7.2	230700.0
2015-07-20	7.25	7.15	7.25	7.2	372100.0
2015-07-21	7.2	6.95	7.2	6.95	643600.0
2015-07-22	6.9	6.9	7.0	6.95	150400.0
2015-07-23	6.95	6.95	7.3	7.0	134800.0
2015-07-24	7.0	6.95	7.0	6.95	92600.0
2015-07-27	6.9	6.75	6.9	6.75	225900.0
2015-07-28	6.7	6.65	6.75	6.7	173900.0
2015-07-29	6.8	6.7	6.8	6.75	48100.0
2015-07-31	6.8	6.75	6.85	6.8	67900.0
2015-08-03	6.7	6.7	6.8	6.8	155700.0
2015-08-04	6.8	6.75	6.8	6.75	87000.0
2015-08-05	6.7	6.7	6.75	6.75	153700.0
2015-08-06	6.75	6.7	6.75	6.75	185300.0
2015-08-07	6.75	6.75	6.85	6.8	91200.0
2015-08-10	6.8	6.7	6.8	6.8	232400.0
2015-08-11	6.95	6.8	6.95	6.8	247000.0
2015-08-13	6.75	6.55	6.75	6.6	304400.0
2015-08-14	6.65	6.6	6.65	6.6	340000.0
2015-08-17	6.65	6.55	6.75	6.65	99700.0
2015-08-18	6.55	6.35	6.6	6.45	364500.0
2015-08-19	6.45	6.45	6.6	6.6	259500.0
2015-08-20	6.55	6.5	6.6	6.55	228300.0
2015-08-21	6.4	6.35	6.4	6.4	167700.0
2015-08-24	6.35	6.05	6.35	6.05	330200.0
2015-08-25	6.05	6.0	6.1	6.05	115800.0
2015-08-26	6.05	6.0	6.5	6.3	106000.0
2015-08-27	6.6	6.3	6.6	6.3	100700.0
2015-08-28	6.3	6.3	6.4	6.35	66800.0
2015-08-31	6.4	6.3	6.45	6.3	166100.0
2015-09-01	6.4	6.3	6.4	6.35	24700.0
2015-09-02	6.35	6.35	6.5	6.5	34300.0
2015-09-03	6.5	6.5	6.7	6.55	411900.0
2015-09-04	6.55	6.55	6.6	6.6	83200.0
2015-09-07	6.6	6.45	6.6	6.45	74300.0
2015-09-08	6.45	6.4	6.55	6.45	114100.0
2015-09-09	6.6	6.5	6.6	6.55	578100.0
2015-09-10	6.65	6.5	6.65	6.55	166000.0
2015-09-11	6.65	6.45	6.7	6.55	1259500.0
2015-09-14	6.55	6.4	6.55	6.4	52900.0
2015-09-15	6.4	6.3	6.45	6.3	257500.0
2015-09-16	6.35	6.25	6.35	6.35	256700.0
2015-09-17	6.3	6.25	6.3	6.3	614700.0
2015-09-18	6.3	6.2	6.3	6.25	260100.0
2015-09-21	6.25	6.1	6.25	6.15	531900.0
2015-09-22	6.2	6.1	6.2	6.1	1436200.0
2015-09-23	6.15	5.9	6.15	6.0	1194600.0
2015-09-24	6.0	6.0	6.2	6.05	916700.0
2015-09-25	6.15	6.15	6.45	6.25	3877400.0
2015-09-28	6.35	6.2	6.5	6.25	1319100.0
2015-09-29	6.2	6.1	6.2	6.15	604800.0
2015-09-30	6.3	6.1	6.3	6.15	864500.0
2015-10-01	6.15	6.1	6.2	6.15	208900.0
2015-10-02	6.15	6.15	6.25	6.2	201100.0
2015-10-05	6.2	6.2	6.25	6.2	574100.0
2015-10-06	6.3	6.05	6.3	6.1	1063100.0
2015-10-07	6.1	6.0	6.1	6.05	498100.0
2015-10-08	6.05	6.0	6.1	6.05	368400.0
2015-10-09	6.05	6.0	6.1	6.05	571200.0
2015-10-12	6.1	6.0	6.1	6.0	292600.0
2015-10-13	6.0	5.85	6.0	5.9	1135300.0
2015-10-14	5.9	5.85	5.95	5.9	401000.0
2015-10-15	5.95	5.85	6.0	5.9	436400.0
2015-10-16	5.95	5.85	5.95	5.85	476100.0
2015-10-19	5.85	5.85	6.0	5.9	801600.0
2015-10-20	5.9	5.85	5.95	5.9	404700.0
2015-10-21	5.9	5.8	5.9	5.85	505700.0
2015-10-22	5.85	5.8	5.85	5.8	297800.0
2015-10-26	5.8	5.8	5.85	5.85	358700.0
2015-10-27	5.85	5.75	5.95	5.75	1908200.0
2015-10-28	5.8	5.6	5.8	5.65	1146000.0
2015-10-29	5.7	5.55	5.8	5.6	1404300.0
2015-10-30	5.6	5.55	5.65	5.55	343700.0
2015-11-02	5.55	5.55	5.7	5.7	2087400.0
2015-11-03	5.75	5.7	5.85	5.75	653000.0
2015-11-04	5.8	5.75	5.9	5.85	293200.0
2015-11-05	5.8	5.7	5.95	5.8	1303100.0
2015-11-06	5.8	5.8	6.05	6.0	1957600.0
2015-11-09	6.0	5.75	6.0	5.75	600200.0
2015-11-10	5.8	5.7	5.85	5.85	1004600.0
2015-11-11	5.8	5.7	5.8	5.8	421900.0
2015-11-12	5.75	5.7	5.75	5.75	555700.0
2015-11-13	5.7	5.65	5.75	5.7	519600.0
2015-11-16	5.65	5.6	5.75	5.75	321200.0
2015-11-17	5.8	5.7	5.8	5.7	158000.0
2015-11-18	5.7	5.65	5.75	5.7	124400.0
2015-11-19	5.7	5.6	5.75	5.6	462500.0
2015-11-20	5.65	5.6	5.7	5.6	217300.0
2015-11-23	5.6	5.6	5.65	5.65	174300.0
2015-11-24	5.65	5.6	5.65	5.6	155900.0
2015-11-25	5.6	5.55	5.6	5.6	183000.0
2015-11-26	5.6	5.5	5.6	5.5	252400.0
2015-11-27	5.5	5.5	5.55	5.55	163400.0
2015-11-30	5.55	5.2	5.55	5.3	3326900.0
2015-12-01	5.4	5.2	5.4	5.3	782100.0
2015-12-02	5.3	5.3	5.35	5.3	334600.0
2015-12-03	5.3	5.25	5.4	5.3	349300.0
2015-12-04	5.3	5.2	5.35	5.3	773800.0
2015-12-08	5.2	5.15	5.35	5.3	567700.0
2015-12-09	5.2	5.2	5.4	5.4	270400.0
2015-12-11	5.25	5.2	5.3	5.25	288400.0
2015-12-14	5.2	5.1	5.2	5.15	330000.0
2015-12-15	5.2	5.1	5.2	5.2	732400.0
2015-12-16	5.2	5.0	5.2	5.2	1413200.0
2015-12-17	5.2	5.1	5.4	5.4	221600.0
2015-12-18	5.3	5.2	5.35	5.25	79000.0
2015-12-21	5.2	5.15	5.25	5.25	528300.0
2015-12-22	5.25	5.15	5.35	5.35	491800.0
2015-12-23	5.25	5.25	5.35	5.35	1099300.0
2015-12-24	5.4	5.25	5.4	5.4	322800.0
2015-12-25	5.4	5.25	5.4	5.25	121100.0
2015-12-28	5.25	5.2	5.3	5.25	64900.0
2015-12-29	5.25	5.2	5.3	5.3	586800.0
2015-12-30	5.25	5.25	5.45	5.45	832600.0
2016-01-04	5.25	5.25	5.4	5.3	181100.0
2016-01-05	5.3	5.2	5.4	5.3	812300.0
2016-01-06	5.3	5.25	5.4	5.4	210900.0
2016-01-07	5.4	5.25	5.4	5.3	220100.0
2016-01-08	5.25	5.25	5.35	5.25	2229800.0
2016-01-11	5.25	5.2	5.25	5.25	2223500.0
2016-01-12	5.25	5.2	5.25	5.25	401500.0
2016-01-13	5.25	5.2	5.25	5.25	523300.0
2016-01-14	5.2	5.2	5.2	5.2	815800.0
2016-01-15	5.25	5.15	5.25	5.15	284900.0
2016-01-18	5.15	5.15	5.2	5.15	49700.0
2016-01-19	5.2	5.15	5.25	5.2	1423900.0
2016-01-20	5.2	5.1	5.25	5.15	2265700.0
2016-01-21	5.1	5.1	5.2	5.2	1448100.0
2016-01-22	5.2	5.1	5.2	5.15	186800.0
2016-01-25	5.15	5.1	5.15	5.1	451300.0
2016-01-26	5.1	5.05	5.15	5.05	757300.0
2016-01-27	5.1	5.1	5.15	5.1	72500.0
2016-01-28	5.1	5.0	5.1	5.05	1195900.0
2016-01-29	5.1	5.0	5.1	5.05	369400.0
2016-02-01	5.1	5.0	5.1	5.05	829200.0
2016-02-02	5.1	5.05	5.15	5.15	140300.0
2016-02-03	5.15	5.0	5.15	5.15	636800.0
2016-02-04	5.15	5.0	5.15	5.0	380200.0
2016-02-05	5.05	5.0	5.05	5.05	7932600.0
2016-02-08	5.05	4.98	5.05	5.05	197500.0
2016-02-09	5.05	5.0	5.05	5.0	58400.0
2016-02-10	5.0	5.0	5.45	5.25	659700.0
2016-02-11	5.25	5.05	5.25	5.1	593500.0
2016-02-12	5.1	4.98	5.1	5.0	6632900.0
2016-02-15	5.05	5.0	5.1	5.05	55100.0
2016-02-16	5.05	4.98	5.05	5.0	849800.0
2016-02-17	5.05	4.98	5.05	5.0	311900.0
2016-02-18	5.0	4.98	5.05	5.05	486000.0
2016-02-19	5.0	5.0	5.15	5.1	125100.0
2016-02-23	5.05	5.0	5.1	5.0	37200.0
2016-02-24	5.1	4.98	5.1	5.05	340400.0
2016-02-25	5.05	5.0	5.05	5.05	147000.0
2016-02-26	5.1	5.0	5.1	5.1	73600.0
2016-02-29	5.1	5.05	5.1	5.1	105000.0
2016-03-01	5.05	5.0	5.1	5.1	1868900.0
2016-03-02	5.1	5.0	5.1	5.05	2084400.0
2016-03-03	5.05	5.0	5.05	5.0	1798800.0
2016-03-04	5.05	5.0	5.1	5.05	1350400.0
2016-03-07	5.05	5.0	5.1	5.05	246400.0
2016-03-08	5.05	5.05	5.1	5.05	223900.0
2016-03-09	5.05	5.05	5.1	5.05	57600.0
2016-03-10	5.05	5.05	5.15	5.1	329700.0
2016-03-11	5.1	5.05	5.1	5.1	273300.0
2016-03-14	5.05	5.05	5.1	5.1	192300.0
2016-03-15	5.05	5.0	5.1	5.05	1315300.0
2016-03-16	5.05	5.05	5.1	5.1	134700.0
2016-03-17	5.05	5.05	5.15	5.15	400000.0
2016-03-18	5.25	5.1	5.3	5.3	358800.0
2016-03-21	5.3	5.15	5.3	5.3	233500.0
2016-03-22	5.2	5.15	5.3	5.25	180200.0
2016-03-23	5.25	5.15	5.25	5.25	275500.0
2016-03-24	5.3	5.15	5.3	5.3	172500.0
2016-03-25	5.3	5.15	5.3	5.25	318100.0
2016-03-28	5.2	5.15	5.25	5.25	270600.0
2016-03-29	5.25	5.15	5.35	5.35	374000.0
2016-03-30	5.3	5.25	5.4	5.3	117000.0
2016-03-31	5.35	5.25	5.4	5.4	212000.0
2016-04-01	5.45	5.35	5.45	5.45	211900.0
2016-04-04	5.45	5.3	5.5	5.5	244300.0
2016-04-05	5.45	5.4	5.5	5.45	195900.0
2016-04-07	5.4	5.35	5.4	5.35	83200.0
2016-04-08	5.35	5.3	5.4	5.4	103300.0
2016-04-11	5.3	5.3	5.5	5.5	177900.0
2016-04-12	5.5	5.4	5.6	5.6	276600.0
2016-04-18	5.6	5.5	5.6	5.55	82300.0
2016-04-19	5.5	5.4	5.55	5.55	77900.0
2016-04-20	5.5	5.45	5.7	5.65	199200.0
2016-04-21	5.65	5.6	5.7	5.65	68700.0
2016-04-22	5.65	5.45	5.65	5.45	246500.0
2016-04-25	5.55	5.4	5.55	5.55	122600.0
2016-04-26	5.55	5.25	5.6	5.4	828000.0
2016-04-27	5.4	5.3	5.45	5.45	204700.0
2016-04-28	5.45	5.3	5.45	5.4	252400.0
2016-04-29	5.3	5.2	5.3	5.25	338300.0
2016-05-03	5.25	5.25	5.45	5.45	315100.0
2016-05-04	5.45	5.3	5.55	5.55	203600.0
2016-05-06	5.45	5.3	5.55	5.55	203600.0
2016-05-09	5.55	5.4	5.6	5.55	105000.0
2016-05-10	5.55	5.4	5.55	5.55	201900.0
2016-05-11	5.5	5.45	5.5	5.45	14600.0
2016-05-12	5.4	5.3	5.45	5.45	201000.0
2016-05-13	5.45	5.3	5.45	5.3	163000.0
2016-05-16	5.25	5.25	5.4	5.35	50100.0
2016-05-17	5.3	5.25	5.4	5.4	173900.0
2016-05-18	5.35	5.3	5.4	5.4	132500.0
2016-05-19	5.4	5.3	5.4	5.35	74300.0
2016-05-23	5.3	5.3	5.4	5.35	20300.0
2016-05-24	5.3	5.3	5.4	5.4	107400.0
2016-05-25	5.35	5.3	5.4	5.4	182700.0
2016-05-26	5.35	5.25	5.35	5.35	191000.0
2016-05-27	5.35	5.25	5.35	5.3	188500.0
2016-05-30	5.3	5.25	5.3	5.3	181100.0
2016-05-31	5.3	5.25	5.3	5.25	170400.0
2016-06-01	5.3	5.25	5.3	5.3	126500.0
2016-06-02	5.3	5.25	5.3	5.25	249200.0
2016-06-03	5.3	5.25	5.3	5.3	56100.0
2016-06-06	5.35	5.25	5.35	5.35	174000.0
2016-06-07	5.35	5.3	5.4	5.3	156900.0
2016-06-08	5.3	5.25	5.3	5.25	62500.0
2016-06-09	5.25	5.25	5.3	5.3	339500.0
2016-06-10	5.3	5.25	5.3	5.3	101600.0
2016-06-13	5.3	5.25	5.3	5.25	116600.0
2016-06-14	5.3	5.25	5.3	5.3	458500.0
2016-06-15	5.35	5.25	5.35	5.3	13000.0
2016-06-16	5.3	5.25	5.3	5.3	168000.0
2016-06-17	5.3	5.25	5.3	5.3	68900.0
2016-06-20	5.25	5.25	5.3	5.3	123400.0
2016-06-21	5.3	5.25	5.3	5.3	62500.0
2016-06-22	5.25	5.25	5.3	5.3	54200.0
2016-06-23	5.3	5.25	5.3	5.3	58700.0
2016-06-24	5.25	5.2	5.3	5.25	377300.0
2016-06-27	5.35	5.25	5.35	5.3	21100.0
2016-06-28	5.3	5.25	5.3	5.3	88900.0
2016-06-29	5.3	5.25	5.3	5.25	345200.0
2016-06-30	5.3	5.25	5.3	5.25	80000.0
2016-07-04	5.3	5.25	5.5	5.5	545900.0
2016-07-05	5.45	5.45	5.9	5.8	1707700.0
2016-07-06	6.05	5.85	6.3	6.0	2135400.0
2016-07-07	6.15	5.75	6.15	5.8	645800.0
2016-07-08	5.75	5.7	5.85	5.85	391000.0
2016-07-11	5.85	5.75	5.85	5.8	175200.0
2016-07-12	5.8	5.65	5.8	5.65	884800.0
2016-07-13	5.6	5.6	5.7	5.7	644700.0
2016-07-14	5.7	5.65	5.7	5.65	98600.0
2016-07-15	5.65	5.6	5.7	5.6	242200.0
2016-07-20	5.6	5.6	5.7	5.65	1239900.0
2016-07-21	5.7	5.6	5.75	5.65	85800.0
2016-07-22	5.65	5.6	5.7	5.6	59600.0
2016-07-25	5.6	5.55	5.6	5.55	266200.0
2016-07-26	5.5	5.5	5.6	5.6	96800.0
2016-07-27	5.6	5.5	5.6	5.5	255500.0
2016-07-28	5.55	5.5	5.55	5.5	238900.0
2016-07-29	5.5	5.5	5.75	5.6	782000.0
2016-08-01	5.6	5.5	5.6	5.55	226900.0
2016-08-02	5.55	5.5	5.55	5.5	372700.0
2016-08-03	5.5	5.5	5.55	5.5	50800.0
2016-08-04	5.6	5.55	5.85	5.85	922000.0
2016-08-05	5.95	5.75	6.0	5.75	885200.0
2016-08-08	5.9	5.65	5.9	5.65	524400.0
2016-08-09	5.55	5.5	5.65	5.55	1111700.0
2016-08-10	5.55	5.4	5.6	5.5	869600.0
2016-08-11	5.45	5.4	5.5	5.45	414700.0
2016-08-15	5.45	5.45	5.65	5.5	519800.0
2016-08-16	5.55	5.45	5.55	5.5	264500.0
2016-08-17	5.4	5.4	5.5	5.45	152800.0
2016-08-18	5.5	5.45	5.5	5.45	79700.0
2016-08-19	5.5	5.4	5.5	5.45	168000.0
2016-08-22	5.4	5.35	5.45	5.4	563300.0
2016-08-23	5.35	5.25	5.4	5.3	422700.0
2016-08-24	5.3	5.25	5.3	5.25	96000.0
2016-08-25	5.3	5.25	5.35	5.3	64400.0
2016-08-26	5.3	5.15	5.3	5.2	1034900.0
2016-08-29	5.2	5.05	5.2	5.05	649700.0
2016-08-30	5.1	5.05	5.15	5.1	187100.0
2016-08-31	5.1	5.1	5.1	5.1	89400.0
2016-09-01	5.1	5.05	5.15	5.15	229300.0
2016-09-02	5.15	5.05	5.15	5.1	510300.0
2016-09-05	5.1	5.0	5.1	5.05	1274200.0
2016-09-06	5.0	5.0	5.1	5.1	486400.0
2016-09-07	5.05	5.0	5.1	5.1	1480500.0
2016-09-08	5.1	4.98	5.1	5.0	4115200.0
2016-09-09	5.0	4.86	5.0	4.92	1687000.0
2016-09-12	4.92	4.82	4.92	4.84	636500.0
2016-09-13	4.86	4.86	4.94	4.94	170500.0
2016-09-14	4.94	4.86	4.94	4.94	180500.0
2016-09-15	4.92	4.92	4.98	4.92	99100.0
2016-09-16	4.92	4.86	4.92	4.88	162200.0
2016-09-19	4.9	4.88	4.96	4.94	29000.0
2016-09-20	4.94	4.86	4.94	4.9	284700.0
2016-09-21	4.86	4.86	4.9	4.88	121100.0
2016-09-22	4.9	4.88	4.92	4.9	112300.0
2016-09-23	4.9	4.88	4.9	4.9	112500.0
2016-09-26	4.9	4.82	4.9	4.88	234800.0
2016-09-27	4.88	4.86	4.9	4.88	233300.0
2016-09-28	4.88	4.84	4.9	4.84	126000.0
2016-09-29	4.84	4.84	4.88	4.88	62200.0
2016-09-30	4.86	4.86	4.88	4.88	45600.0
2016-10-03	4.9	4.84	4.94	4.84	125100.0
2016-10-04	4.86	4.86	4.9	4.9	108200.0
2016-10-05	4.88	4.84	4.9	4.9	236800.0
2016-10-06	4.86	4.84	4.88	4.86	193700.0
2016-10-07	4.86	4.84	4.86	4.84	154800.0
2016-10-10	4.8	4.66	4.8	4.7	686000.0
2016-10-11	4.66	4.6	4.68	4.6	297900.0
2016-10-12	4.58	4.3	4.58	4.34	469000.0
2016-10-13	4.18	4.1	4.52	4.12	429400.0
2016-10-14	4.24	4.24	4.42	4.42	128700.0
2016-10-17	4.42	4.42	4.6	4.52	168200.0
2016-10-18	4.54	4.46	4.62	4.56	90300.0
2016-10-19	4.52	4.52	4.58	4.56	188900.0
2016-10-20	4.58	4.56	4.66	4.58	99300.0
2016-10-21	4.58	4.58	4.66	4.64	51900.0
2016-10-25	4.66	4.64	4.68	4.68	119500.0
2016-10-26	4.68	4.64	4.7	4.68	60600.0
2016-10-27	4.68	4.66	4.7	4.66	139200.0
2016-10-28	4.7	4.7	4.84	4.76	30800.0
2016-10-31	4.86	4.72	4.86	4.72	41000.0
2016-11-01	4.72	4.72	4.8	4.76	8300.0
2016-11-02	4.76	4.68	4.76	4.68	83600.0
2016-11-03	4.68	4.66	4.7	4.68	84800.0
2016-11-04	4.64	4.58	4.66	4.58	207500.0
2016-11-07	4.56	4.56	4.66	4.66	110500.0
2016-11-08	4.66	4.54	4.66	4.62	208600.0
2016-11-09	4.58	4.58	4.62	4.58	124500.0
2016-11-10	4.58	4.56	4.58	4.56	51000.0
2016-11-11	4.56	4.48	4.6	4.5	387800.0
2016-11-14	4.5	4.4	4.5	4.42	590100.0
2016-11-15	4.42	4.38	4.44	4.44	148400.0
2016-11-16	4.44	4.44	4.5	4.44	110400.0
2016-11-17	4.44	4.44	4.46	4.46	104300.0
2016-11-18	4.46	4.46	4.52	4.52	67100.0
2016-11-21	4.5	4.48	4.5	4.5	116800.0
2016-11-22	4.48	4.48	4.72	4.62	489500.0
2016-11-23	4.64	4.64	5.05	4.8	1737700.0
2016-11-24	4.84	4.66	4.84	4.66	299900.0
2016-11-25	4.7	4.6	4.7	4.7	82500.0
2016-11-28	4.68	4.68	4.88	4.88	96800.0
2016-11-29	4.88	4.78	4.9	4.8	180700.0
2016-11-30	4.8	4.74	4.8	4.78	36400.0
2016-12-01	4.74	4.72	4.78	4.76	29600.0
2016-12-02	4.78	4.74	4.78	4.76	32400.0
2016-12-06	4.94	4.82	4.94	4.84	221900.0
2016-12-07	4.88	4.82	4.88	4.86	47700.0
2016-12-08	4.86	4.84	4.88	4.88	31100.0
2016-12-09	4.88	4.82	4.9	4.84	57000.0
2016-12-13	4.9	4.74	4.9	4.8	114200.0
2016-12-14	4.8	4.76	4.9	4.86	223700.0
2016-12-15	4.86	4.78	5.15	5.15	1594100.0
2016-12-16	5.2	5.1	5.25	5.2	1435300.0
2016-12-19	5.15	5.0	5.15	5.05	168000.0
2016-12-20	5.0	4.9	5.1	5.05	606600.0
2016-12-21	5.0	4.9	5.05	5.0	154200.0
2016-12-22	5.0	4.96	5.05	4.98	138900.0
2016-12-23	5.0	4.94	5.05	4.94	380300.0
2016-12-26	4.94	4.92	4.96	4.96	143100.0
2016-12-27	4.96	4.9	4.96	4.9	136300.0
2016-12-28	4.9	4.84	4.9	4.84	248300.0
2016-12-29	4.84	4.82	4.88	4.82	182000.0
2016-12-30	4.82	4.82	5.0	5.0	1133900.0
2017-01-04	5.0	4.96	5.1	5.05	369800.0
2017-01-05	5.05	5.05	5.4	5.2	2110200.0
2017-01-06	5.25	5.2	5.25	5.2	360100.0
2017-01-09	5.2	5.1	5.2	5.1	79900.0
2017-01-10	5.05	5.05	5.15	5.15	201300.0
2017-01-11	5.05	5.05	5.15	5.05	209600.0
2017-01-12	5.05	5.0	5.15	5.15	358800.0
2017-01-13	5.1	5.05	5.15	5.1	166400.0
2017-01-16	5.05	5.05	5.1	5.1	301400.0
2017-01-17	5.05	5.0	5.1	5.0	234500.0
2017-01-18	5.05	5.0	5.1	5.1	259600.0
2017-01-19	5.05	5.0	5.1	5.1	160500.0
2017-01-20	5.05	5.0	5.1	5.05	428400.0
2017-01-23	5.05	4.98	5.1	5.1	522700.0
2017-01-24	5.05	5.0	5.1	5.1	995900.0
2017-01-25	5.05	5.0	5.1	5.1	231400.0
2017-01-26	5.1	5.0	5.1	5.1	593600.0
2017-01-27	5.1	5.05	5.15	5.15	657700.0
2017-01-30	5.15	5.1	5.15	5.1	482300.0
2017-01-31	5.1	5.1	5.1	5.1	153100.0
2017-02-01	5.1	5.05	5.15	5.1	815400.0
2017-02-02	5.1	5.05	5.1	5.1	410500.0
2017-02-03	5.0	5.0	5.05	5.05	675800.0
2017-02-06	5.0	5.0	5.1	5.0	223500.0
2017-02-07	5.0	4.98	5.05	5.0	116700.0
2017-02-08	4.98	4.96	5.0	4.96	166800.0
2017-02-09	4.96	4.94	5.0	4.98	150200.0
2017-02-10	4.94	4.94	5.0	4.96	90500.0
2017-02-14	4.96	4.96	4.98	4.96	53500.0
2017-02-15	4.96	4.96	4.98	4.96	39200.0
2017-02-16	4.94	4.94	5.0	5.0	119300.0
2017-02-17	5.05	4.96	5.05	5.0	156300.0
2017-02-20	5.0	4.94	5.0	5.0	253900.0
2017-02-21	4.94	4.94	4.98	4.94	168700.0
2017-02-22	4.92	4.92	5.0	5.0	65900.0
2017-02-23	4.94	4.94	4.98	4.94	99800.0
2017-02-24	4.94	4.9	5.05	5.0	339600.0
2017-02-27	5.0	4.92	5.0	5.0	83200.0
2017-02-28	4.92	4.92	5.0	5.0	218200.0
2017-03-01	5.0	4.94	5.0	5.0	349400.0
2017-03-02	4.96	4.96	5.0	4.98	180000.0
2017-03-03	4.98	4.96	5.1	5.05	354700.0
2017-03-06	5.05	5.0	5.1	5.05	220000.0
2017-03-07	5.0	4.96	5.05	5.05	930000.0
2017-03-08	5.15	5.05	5.35	5.25	2353900.0
2017-03-09	5.35	5.3	5.6	5.5	4381300.0
2017-03-10	5.45	5.4	5.75	5.65	4579000.0
2017-03-13	5.7	5.1	5.85	5.35	4963500.0
2017-03-14	5.3	5.25	5.55	5.5	879200.0
2017-03-15	5.5	5.4	5.55	5.5	649800.0
2017-03-16	5.65	5.55	5.9	5.8	2383500.0
2017-03-17	5.8	5.65	5.8	5.8	593400.0
2017-03-20	5.7	5.55	5.75	5.65	555100.0
2017-03-21	5.7	5.7	5.85	5.8	768700.0
2017-03-22	5.7	5.65	5.9	5.75	575100.0
2017-03-23	5.75	5.75	6.0	5.9	1547300.0
2017-03-24	5.95	5.9	5.95	5.9	678700.0
2017-03-27	5.9	5.85	5.9	5.9	336900.0
2017-03-28	5.9	5.8	5.95	5.95	1271300.0
2017-03-29	5.95	5.9	6.0	6.0	808200.0
2017-03-30	6.05	6.0	6.15	6.0	1388800.0
2017-03-31	5.9	5.9	6.1	6.05	562300.0
2017-04-03	6.1	5.95	6.1	6.1	656600.0
2017-04-04	6.05	5.95	6.05	6.0	378800.0
2017-04-05	5.95	5.85	5.95	5.9	421300.0
2017-04-07	5.8	5.8	5.9	5.9	409900.0
2017-04-10	5.85	5.75	5.95	5.8	1285900.0
2017-04-11	5.8	5.7	5.8	5.7	406400.0
2017-04-12	5.8	5.55	5.8	5.6	1237800.0
2017-04-17	5.55	5.45	5.55	5.55	1305700.0
2017-04-18	5.55	5.5	5.6	5.55	1008000.0
2017-04-19	5.55	5.3	5.55	5.45	1021300.0
2017-04-20	5.4	5.4	5.45	5.45	465100.0
2017-04-21	5.5	5.4	5.5	5.45	246900.0
2017-04-24	5.35	5.35	5.45	5.45	346300.0
2017-04-25	5.35	5.35	5.45	5.4	616800.0
2017-04-26	5.4	5.4	5.5	5.5	287700.0
2017-04-27	5.4	5.4	5.5	5.45	47600.0
2017-04-28	5.5	5.45	5.5	5.5	93400.0
2017-05-02	5.5	5.45	5.55	5.55	120000.0
2017-05-03	5.5	5.5	5.65	5.65	740400.0
2017-05-04	5.65	5.65	5.65	5.65	549500.0
2017-05-05	5.65	5.55	5.75	5.75	704900.0
2017-05-08	5.7	5.6	5.7	5.7	989200.0
2017-05-09	5.7	5.7	5.8	5.8	832400.0
2017-05-11	5.75	5.65	5.8	5.75	647300.0
2017-05-12	5.75	5.65	5.75	5.75	546900.0
2017-05-15	5.75	5.75	5.9	5.9	590500.0
2017-05-16	5.95	5.9	6.2	6.15	3167100.0
2017-05-17	6.25	6.2	6.4	6.4	2809300.0
2017-05-18	6.4	6.3	6.4	6.4	751300.0
2017-05-19	6.4	6.35	6.55	6.45	1851300.0
2017-05-22	6.55	6.35	6.55	6.45	746300.0
2017-05-23	6.45	6.4	6.5	6.5	689500.0
2017-05-24	6.45	6.45	6.55	6.55	509700.0
2017-05-25	6.55	6.55	6.75	6.75	2299900.0
2017-05-26	6.75	6.75	6.9	6.9	1860400.0
2017-05-29	6.85	6.75	6.9	6.85	741900.0
2017-05-30	6.9	6.85	7.1	6.95	1794400.0
2017-05-31	7.05	6.95	7.05	7.0	1398800.0
2017-06-01	6.95	6.95	7.0	7.0	445600.0
2017-06-02	7.05	6.85	7.1	6.85	1323000.0
2017-06-05	6.8	6.75	7.05	7.05	2429600.0
2017-06-06	7.0	7.0	7.05	7.05	291900.0
2017-06-07	7.0	7.0	7.05	7.0	460300.0
2017-06-08	7.0	6.95	7.05	7.05	258300.0
2017-06-09	7.0	7.0	7.05	7.05	1330800.0
2017-06-12	7.0	7.0	7.45	7.4	4582300.0
2017-06-13	7.4	7.2	7.4	7.4	1500200.0
2017-06-14	7.4	7.25	7.4	7.4	816500.0
2017-06-15	7.4	7.35	7.5	7.45	940100.0
2017-06-16	7.45	7.4	7.5	7.4	1337000.0
2017-06-19	7.4	7.4	7.55	7.5	417600.0
2017-06-20	7.55	7.45	7.6	7.45	754200.0
2017-06-21	7.45	7.45	7.55	7.5	554800.0
2017-06-22	7.5	7.4	7.55	7.55	1041700.0
2017-06-23	7.5	7.3	7.55	7.55	2203300.0
2017-06-26	7.5	7.35	7.5	7.5	738500.0
2017-06-27	7.35	7.35	7.4	7.4	348100.0
2017-06-28	7.35	7.25	7.45	7.45	1656000.0
2017-06-29	7.45	7.4	7.5	7.5	1105600.0
2017-06-30	7.45	7.3	7.5	7.4	979300.0
2017-07-03	7.3	7.3	7.5	7.5	1425500.0
2017-07-04	7.5	7.35	7.5	7.4	461000.0
2017-07-05	7.3	7.3	7.45	7.3	478100.0
2017-07-06	7.3	7.0	7.4	7.05	2871900.0
2017-07-07	7.0	7.0	7.15	7.15	689400.0
2017-07-11	7.25	6.6	7.25	6.85	3835400.0
2017-07-12	6.7	6.7	6.85	6.85	630500.0
2017-07-13	6.95	6.85	7.0	7.0	73000.0
2017-07-14	7.0	6.9	7.05	7.0	213100.0
2017-07-17	6.75	6.75	7.1	7.1	336600.0
2017-07-18	7.1	6.95	7.1	7.1	481900.0
2017-07-19	7.15	7.05	7.15	7.15	73500.0
2017-07-20	7.05	7.05	7.15	7.15	183600.0
2017-07-21	7.15	6.8	7.2	7.0	1256000.0
2017-07-24	6.9	6.9	7.15	7.15	209300.0
2017-07-25	7.1	7.0	7.2	7.2	574700.0
2017-07-26	7.25	7.2	7.25	7.25	349300.0
2017-07-27	7.25	7.1	7.25	7.2	358100.0
2017-07-31	7.05	7.05	7.25	7.25	569300.0
2017-08-01	7.2	7.15	7.25	7.25	816500.0
2017-08-02	7.25	7.15	7.25	7.25	529000.0
2017-08-03	7.2	7.2	7.35	7.35	1125000.0
2017-08-04	7.35	7.25	7.4	7.4	1401800.0
2017-08-07	7.4	7.3	7.4	7.4	682100.0
2017-08-08	7.8	7.3	7.85	7.3	7036700.0
2017-08-09	7.35	7.2	7.35	7.3	426200.0
2017-08-10	7.2	7.2	7.3	7.25	704300.0
2017-08-11	7.15	6.85	7.15	7.0	1239000.0
2017-08-15	6.85	6.85	7.0	7.0	623100.0
2017-08-16	6.9	6.9	7.05	7.05	343300.0
2017-08-17	7.0	7.0	7.1	7.1	212700.0
2017-08-18	7.05	7.0	7.1	7.1	778000.0
2017-08-21	6.95	6.95	7.1	7.1	142100.0
2017-08-22	6.9	6.9	7.05	7.05	176000.0
2017-08-23	7.0	7.0	7.05	7.05	328700.0
2017-08-24	7.0	7.0	7.1	7.1	314900.0
2017-08-25	6.9	6.9	7.1	7.1	208600.0
2017-08-28	7.1	7.05	7.15	7.1	678800.0
2017-08-29	7.1	7.0	7.1	7.1	501500.0
2017-08-30	7.1	7.05	7.1	7.1	1152800.0
2017-08-31	7.05	7.0	7.1	7.1	525300.0
2017-09-01	7.0	7.0	7.1	7.1	332300.0
2017-09-04	7.1	7.05	7.15	7.1	627800.0
2017-09-05	7.1	7.05	7.15	7.1	80200.0
2017-09-06	7.1	7.1	7.25	7.25	1014600.0
2017-09-07	7.25	7.2	7.3	7.25	2135000.0
2017-09-08	7.25	7.2	7.25	7.2	1106800.0
2017-09-11	7.2	7.1	7.2	7.2	330500.0
2017-09-12	7.2	7.2	7.25	7.25	930700.0
2017-09-13	7.25	7.2	7.25	7.25	236300.0
2017-09-14	7.2	7.1	7.2	7.15	186100.0
2017-09-15	7.1	7.1	7.15	7.15	264000.0
2017-09-18	7.1	6.9	7.1	7.0	1049600.0
2017-09-19	6.95	6.95	7.05	7.05	120400.0
2017-09-20	7.0	6.95	7.1	7.1	261200.0
2017-09-21	7.05	6.95	7.2	7.0	554800.0
2017-09-22	7.0	6.9	7.0	7.0	752700.0
2017-09-25	7.0	6.95	7.0	6.95	317300.0
2017-09-26	6.95	6.85	6.95	6.9	1011900.0
2017-09-27	6.9	6.9	7.0	6.95	317900.0
2017-09-28	6.95	6.85	6.95	6.95	375000.0
2017-09-29	6.95	6.9	6.95	6.95	258600.0
2017-10-02	6.9	6.9	6.95	6.95	308700.0
2017-10-03	6.9	6.8	6.95	6.85	1243300.0
2017-10-04	6.9	6.6	6.9	6.85	1578800.0
2017-10-05	6.7	6.7	6.9	6.9	116200.0
2017-10-06	6.8	6.7	6.9	6.9	291300.0
2017-10-09	6.75	6.75	6.9	6.85	262900.0
2017-10-10	6.85	6.8	6.9	6.9	150400.0
2017-10-11	6.85	6.85	6.9	6.9	151800.0
2017-10-12	6.85	6.8	6.9	6.9	197900.0
2017-10-16	6.8	6.55	6.9	6.55	1486500.0
2017-10-17	6.7	6.55	6.8	6.6	1250500.0
2017-10-18	6.8	6.6	6.8	6.6	2159100.0
2017-10-19	6.6	6.55	6.6	6.6	1232100.0
2017-10-20	6.7	6.55	6.7	6.6	593400.0
2017-10-24	6.6	6.6	6.7	6.6	614400.0
2017-10-25	6.6	6.6	6.7	6.65	973200.0
2017-10-27	6.7	6.55	6.7	6.55	783900.0
2017-10-30	6.55	6.5	6.6	6.55	1027000.0
2017-10-31	6.6	6.55	6.65	6.65	773200.0
2017-11-01	6.65	6.65	6.8	6.7	570500.0
2017-11-02	6.7	6.65	6.7	6.65	114000.0
2017-11-03	6.7	6.7	6.85	6.8	920400.0
2017-11-06	6.9	6.8	6.9	6.8	207200.0
2017-11-07	6.85	6.8	7.0	6.9	1526800.0
2017-11-08	7.0	6.9	7.2	7.0	6911300.0
2017-11-09	7.05	6.85	7.05	7.0	1711500.0
2017-11-10	7.0	6.8	7.0	6.95	1741900.0
2017-11-13	7.1	6.9	7.1	6.9	2079700.0
2017-11-14	6.9	6.75	6.95	6.85	1929300.0
2017-11-15	6.85	6.8	6.9	6.8	573200.0
2017-11-16	6.9	6.8	6.95	6.9	852400.0
2017-11-17	6.95	6.8	7.0	6.8	1011600.0
2017-11-20	6.95	6.95	7.2	7.2	8630300.0
2017-11-21	7.3	7.25	7.7	7.5	13558100.0
2017-11-22	7.75	7.7	8.5	8.2	23514200.0
2017-11-23	8.2	7.9	8.2	8.2	9262300.0
2017-11-24	8.15	8.05	8.55	8.5	14047500.0
2017-11-27	8.75	8.6	8.8	8.6	7335400.0
2017-11-28	8.55	8.35	8.55	8.45	3472600.0
2017-11-29	8.5	8.5	8.85	8.8	9346400.0
2017-11-30	8.6	8.2	8.7	8.6	6734800.0
2017-12-01	8.55	8.4	8.65	8.6	2432200.0
2017-12-04	8.65	8.45	8.8	8.45	1871000.0
2017-12-06	8.45	8.35	8.75	8.45	1865600.0
2017-12-07	8.4	8.4	8.55	8.4	1106700.0
2017-12-08	8.4	8.4	9.35	9.3	19687600.0
2017-12-12	9.25	8.95	9.3	9.1	5993600.0
2017-12-13	9.1	9.05	9.55	9.25	23673300.0
2017-12-14	9.2	8.75	9.2	8.75	6391200.0
2017-12-15	8.75	8.5	9.0	9.0	4550300.0
2017-12-18	9.0	8.75	9.2	9.1	4340300.0
2017-12-19	9.2	8.95	9.25	8.95	3167300.0
2017-12-20	8.95	8.75	9.0	8.75	2177800.0
2017-12-21	8.75	8.65	9.0	8.9	1682500.0
2017-12-22	8.9	8.7	8.95	8.7	964600.0
2017-12-25	8.7	8.45	8.8	8.45	2700300.0
2017-12-26	8.4	7.95	8.4	8.0	6754100.0
2017-12-27	7.9	7.8	8.6	8.3	8263500.0
2017-12-28	8.35	8.1	8.5	8.15	2316900.0
2017-12-29	8.35	8.2	8.5	8.5	1288300.0
2018-01-03	8.5	8.35	8.6	8.4	2306900.0
2018-01-04	8.35	8.25	8.35	8.3	1992200.0
2018-01-05	8.25	8.05	8.5	8.1	2581200.0
2018-01-08	8.1	8.1	8.25	8.1	1100900.0
2018-01-09	8.1	8.0	8.15	8.0	773000.0
2018-01-10	8.0	7.9	8.05	8.05	1301800.0
2018-01-11	8.0	8.0	8.35	8.25	2011900.0
2018-01-12	8.25	8.0	8.3	8.1	2044800.0
2018-01-15	8.1	7.6	8.2	7.7	3899800.0
2018-01-16	7.6	7.6	7.8	7.7	1750400.0
2018-01-17	7.8	7.7	8.1	8.0	3446600.0
2018-01-18	8.05	7.85	8.1	8.05	1747700.0
2018-01-19	8.0	7.9	8.1	8.0	1242100.0
2018-01-22	8.0	7.95	8.2	8.15	1703000.0
2018-01-23	8.2	8.15	8.55	8.45	5775000.0
2018-01-24	8.4	8.2	8.55	8.35	3774100.0
2018-01-25	8.35	8.05	8.45	8.25	2696100.0
2018-01-26	8.3	8.05	8.3	8.2	1530300.0
2018-01-29	8.15	8.1	8.25	8.1	1022000.0
2018-01-30	8.0	8.0	8.2	8.0	1260000.0
2018-01-31	7.95	7.95	8.2	8.15	514900.0
2018-02-01	8.1	8.0	8.15	8.05	591200.0
2018-02-02	8.0	7.95	8.05	8.05	461700.0
2018-02-05	7.9	7.9	8.0	8.0	594400.0
2018-02-06	7.8	7.7	8.0	7.8	1284000.0
2018-02-07	7.8	7.7	8.05	7.7	1506100.0
2018-02-08	7.7	7.55	7.8	7.55	2396400.0
2018-02-09	7.35	7.25	7.55	7.45	1478300.0
2018-02-12	7.4	7.3	7.5	7.4	1626200.0
2018-02-13	7.45	7.2	7.6	7.35	5645900.0
2018-02-14	7.3	7.25	7.5	7.4	1064000.0
2018-02-15	7.3	7.3	7.45	7.45	415300.0
2018-02-16	7.4	7.35	7.6	7.45	920700.0
2018-02-19	7.45	7.4	7.55	7.5	391700.0
2018-02-20	7.55	7.55	8.15	8.0	5178300.0
2018-02-21	8.1	7.85	8.15	7.85	2571000.0
2018-02-22	7.95	7.5	7.95	7.6	1657700.0
2018-02-23	7.6	7.6	7.85	7.75	291600.0
2018-02-26	7.75	7.75	8.0	7.95	1167500.0
2018-02-27	8.05	7.55	8.1	7.65	1959700.0
2018-02-28	7.65	7.6	7.9	7.65	491800.0
2018-03-02	7.6	7.45	7.6	7.45	489400.0
2018-03-05	7.4	7.3	7.6	7.6	652000.0
2018-03-06	7.6	7.35	7.6	7.35	501800.0
2018-03-07	7.3	7.1	7.35	7.15	2554400.0
2018-03-08	7.15	7.0	7.15	7.05	1478400.0
2018-03-09	7.05	7.0	7.2	7.2	718500.0
2018-03-12	7.2	7.15	7.45	7.45	456800.0
2018-03-13	7.4	7.3	7.5	7.5	255900.0
2018-03-14	7.35	7.25	7.4	7.3	361100.0
2018-03-15	7.25	7.25	7.5	7.35	860600.0
2018-03-16	7.35	7.25	7.4	7.4	301300.0
2018-03-19	7.3	7.05	7.35	7.05	475900.0
2018-03-20	7.1	7.05	7.2	7.15	365000.0
2018-03-21	7.1	7.1	7.2	7.1	377000.0
2018-03-22	7.1	7.05	7.2	7.05	679300.0
2018-03-23	6.9	6.85	7.0	7.0	1147300.0
2018-03-26	7.05	7.0	7.1	7.0	390100.0
2018-03-27	7.1	6.9	7.1	7.0	675300.0
2018-03-28	7.05	7.0	7.15	7.05	1176800.0
2018-03-29	7.05	7.05	7.15	7.15	793000.0
2018-03-30	7.15	7.1	7.3	7.15	370100.0
2018-04-02	7.15	6.95	7.15	6.95	818200.0
2018-04-03	7.0	7.0	7.25	7.1	837300.0
2018-04-04	7.2	6.95	7.2	7.05	784800.0
2018-04-05	7.0	7.0	7.1	7.0	114600.0
2018-04-09	7.0	6.95	7.05	7.0	177900.0
2018-04-10	7.0	6.95	7.0	7.0	173600.0
2018-04-11	7.05	6.95	7.1	7.0	85800.0
2018-04-12	6.95	6.95	7.1	7.0	155400.0
2018-04-17	7.0	6.95	7.1	7.0	265200.0
2018-04-18	7.0	7.0	7.15	7.0	256300.0
2018-04-19	7.0	6.95	7.05	7.0	354600.0
2018-04-20	7.05	7.0	7.1	7.05	351800.0
2018-04-23	7.05	6.95	7.1	7.0	484100.0
2018-04-24	7.0	6.95	7.05	7.0	1021700.0
2018-04-25	7.0	7.0	7.1	7.1	303500.0
2018-04-26	7.15	7.0	7.15	7.0	299400.0
2018-04-27	7.05	6.95	7.05	6.95	426400.0
2018-04-30	7.0	6.95	7.05	7.0	1107400.0
2018-05-02	7.0	7.0	7.05	7.0	151200.0
2018-05-03	7.0	7.0	7.05	7.0	386000.0
2018-05-04	6.95	6.85	6.95	6.95	843300.0
2018-05-07	6.95	6.85	6.95	6.85	331400.0
2018-05-08	7.3	7.2	8.15	7.95	13420500.0
2018-05-09	7.9	7.85	8.15	8.05	6345500.0
2018-05-10	8.25	7.75	8.3	7.75	5637000.0
2018-05-11	7.85	7.7	8.1	8.1	1987000.0
2018-05-14	8.1	8.0	8.4	8.2	3574200.0
2018-05-15	8.1	7.9	8.15	7.95	1937800.0
2018-05-16	8.0	7.65	8.0	7.75	1949800.0
2018-05-17	7.75	7.75	7.9	7.9	571500.0
2018-05-18	8.0	7.95	8.35	8.35	5240600.0
2018-05-21	8.4	8.2	8.4	8.2	3696300.0
2018-05-22	8.25	8.0	8.4	8.1	4193500.0
2018-05-23	8.05	8.05	8.15	8.05	746300.0
2018-05-24	8.1	7.85	8.15	7.9	2216400.0
2018-05-25	7.9	7.9	8.1	8.05	937400.0
2018-05-28	8.1	7.95	8.2	8.0	1735500.0
2018-05-30	7.85	7.8	7.95	7.95	622600.0
2018-05-31	8.05	7.9	8.05	8.0	358800.0
2018-06-01	8.0	7.9	8.0	7.95	366900.0
2018-06-04	7.9	7.85	7.95	7.85	301300.0
2018-06-05	7.85	7.65	7.9	7.85	1924900.0
2018-06-06	7.9	7.75	7.9	7.8	633200.0
2018-06-07	7.8	7.45	7.85	7.45	3097400.0
2018-06-08	7.5	7.35	7.55	7.35	969000.0
2018-06-11	7.35	7.35	7.45	7.35	147400.0
2018-06-12	7.4	7.25	7.6	7.55	1069600.0
2018-06-13	7.6	7.5	7.6	7.6	692100.0
2018-06-14	7.65	7.55	7.7	7.55	437400.0
2018-06-15	7.6	7.5	7.6	7.55	217300.0
2018-06-18	7.5	7.4	7.5	7.4	355900.0
2018-06-19	7.55	7.15	7.55	7.2	1372800.0
2018-06-20	7.2	7.0	7.25	7.2	1691400.0
2018-06-21	7.25	7.05	7.3	7.05	442800.0
2018-06-22	7.05	6.95	7.05	7.0	1915800.0
2018-06-25	7.0	7.0	7.15	7.0	182500.0
2018-06-26	7.0	7.0	7.1	7.1	249300.0
2018-06-27	7.1	7.0	7.1	7.05	117800.0
2018-06-28	7.05	6.95	7.1	6.95	517800.0
2018-06-29	6.95	6.85	6.95	6.95	595000.0
2018-07-02	6.95	6.95	7.15	7.15	249500.0
2018-07-03	7.15	7.0	7.15	7.05	103400.0
2018-07-04	7.05	7.05	7.25	7.25	424100.0
2018-07-05	7.25	7.0	7.25	7.0	411700.0
2018-07-06	7.05	7.0	7.1	7.1	160200.0
2018-07-09	7.1	7.05	7.15	7.15	345500.0
2018-07-10	7.15	7.15	7.25	7.2	235300.0
2018-07-11	7.2	7.1	7.2	7.15	58300.0
2018-07-12	7.25	7.2	7.35	7.25	535900.0
2018-07-13	7.25	7.15	7.3	7.15	107300.0
2018-07-16	7.1	7.1	7.15	7.1	226100.0
2018-07-17	7.05	7.0	7.1	7.05	868100.0
2018-07-18	7.1	7.05	7.15	7.05	144700.0
2018-07-19	7.1	7.05	7.15	7.1	73700.0
2018-07-20	7.1	7.1	7.2	7.15	378600.0
2018-07-23	7.2	7.1	7.2	7.1	134600.0
2018-07-24	7.15	7.1	7.2	7.1	195800.0
2018-07-25	7.1	7.05	7.15	7.1	196100.0
2018-07-26	7.15	7.1	7.15	7.15	120400.0
2018-07-31	7.2	7.1	7.2	7.1	106100.0
2018-08-01	7.2	7.05	7.25	7.25	547700.0
2018-08-02	7.25	7.2	7.5	7.35	1435600.0
2018-08-03	7.35	7.3	7.45	7.45	479100.0
2018-08-06	7.55	7.3	7.6	7.3	810200.0
2018-08-07	7.3	7.3	7.45	7.45	357100.0
2018-08-08	7.55	7.45	7.55	7.45	481400.0
2018-08-09	7.35	7.35	7.5	7.45	299300.0
2018-08-10	7.45	7.0	7.45	7.1	1725200.0
2018-08-14	7.25	7.15	7.5	7.3	2448800.0
2018-08-15	7.3	7.15	7.3	7.15	163400.0
2018-08-16	7.15	7.15	7.25	7.2	145400.0
2018-08-17	7.2	7.2	7.35	7.3	580200.0
2018-08-20	7.3	7.2	7.3	7.2	243400.0
2018-08-21	7.3	7.2	7.4	7.2	429400.0
2018-08-22	7.25	7.2	7.35	7.35	215800.0
2018-08-23	7.35	7.3	7.35	7.3	269100.0
2018-08-24	7.3	7.25	7.35	7.3	249500.0
2018-08-27	7.2	7.1	7.2	7.15	588900.0
2018-08-28	7.15	7.1	7.2	7.1	430000.0
2018-08-29	7.1	7.1	7.25	7.15	423500.0
2018-08-30	7.15	7.1	7.15	7.1	296600.0
2018-08-31	7.15	7.05	7.15	7.1	258300.0
2018-09-03	7.05	7.05	7.2	7.1	166700.0
2018-09-04	7.15	7.1	7.15	7.15	157900.0
2018-09-05	7.1	7.0	7.15	7.05	607800.0
2018-09-06	7.05	7.0	7.1	7.1	90600.0
2018-09-07	7.1	7.0	7.1	7.05	317800.0
2018-09-10	7.05	7.0	7.05	7.0	88300.0
2018-09-11	7.05	6.95	7.05	6.95	353400.0
2018-09-12	6.95	6.9	7.0	6.95	888200.0
2018-09-13	6.95	6.9	7.0	6.95	326800.0
2018-09-14	7.0	6.9	7.0	6.9	291900.0
2018-09-17	6.9	6.9	6.95	6.9	189900.0
2018-09-18	6.95	6.95	7.3	7.2	2760500.0
2018-09-19	7.25	7.2	7.35	7.2	1209100.0
2018-09-20	7.25	7.1	7.3	7.1	977900.0
2018-09-21	7.1	7.1	7.65	7.6	6742800.0
2018-09-24	7.65	7.4	7.75	7.4	5298600.0
2018-09-25	7.4	7.35	7.45	7.4	1177200.0
2018-09-26	7.45	7.3	7.5	7.3	1025100.0
2018-09-27	7.4	7.3	7.5	7.4	1894700.0
2018-09-28	7.4	7.4	7.6	7.5	2519200.0
2018-10-01	7.6	7.6	7.9	7.85	4846700.0
2018-10-02	7.8	7.65	7.9	7.7	1405600.0
2018-10-03	7.7	7.65	7.8	7.65	973200.0
2018-10-04	7.65	7.55	7.65	7.6	1187500.0
2018-10-05	7.6	7.4	7.6	7.5	827800.0
2018-10-08	7.6	7.5	7.7	7.5	608100.0
2018-10-09	7.5	7.45	7.6	7.45	291300.0
2018-10-10	7.55	7.55	7.65	7.65	577300.0
2018-10-11	7.45	7.25	7.55	7.3	526200.0
2018-10-12	7.3	7.3	7.45	7.35	246100.0
2018-10-16	7.35	7.15	7.4	7.15	941300.0
2018-10-17	7.15	7.05	7.3	7.1	745800.0
2018-10-18	7.1	7.05	7.2	7.1	228300.0
2018-10-19	7.1	7.05	7.1	7.1	145100.0
2018-10-22	7.1	7.05	7.15	7.15	270300.0
2018-10-24	7.05	6.9	7.05	6.95	736600.0
2018-10-25	6.9	6.85	7.0	6.95	584300.0
2018-10-26	6.95	6.95	7.0	6.95	109100.0
2018-10-29	6.95	6.95	7.05	6.95	130800.0
2018-10-30	7.0	6.95	7.05	6.95	44400.0
2018-10-31	7.0	6.95	7.05	7.0	46400.0
2018-11-01	7.0	7.0	7.1	7.05	90100.0
2018-11-02	7.05	7.0	7.05	7.05	137200.0
2018-11-05	7.0	7.0	7.2	7.05	1376700.0
2018-11-06	7.1	7.1	7.15	7.15	297300.0
2018-11-07	7.15	7.1	7.15	7.1	558200.0
2018-11-08	7.1	7.1	7.15	7.1	270900.0
2018-11-09	7.1	7.1	7.15	7.1	273000.0
2018-11-12	7.1	7.1	7.15	7.1	1013800.0
2018-11-13	6.95	6.9	7.05	7.0	6328100.0
2018-11-14	7.0	7.0	7.05	7.0	6318600.0
2018-11-15	7.0	7.0	7.0	7.0	3197400.0
2018-11-16	7.0	7.0	7.15	7.1	505100.0
2018-11-19	7.0	6.95	7.1	7.1	402700.0
2018-11-20	7.1	7.05	7.1	7.05	657400.0
2018-11-21	7.0	7.0	7.05	7.05	274100.0
2018-11-22	7.05	7.05	7.05	7.05	403000.0
2018-11-23	7.0	7.0	7.1	7.05	649500.0
2018-11-26	7.0	7.0	7.05	7.05	67100.0
2018-11-27	7.05	7.05	7.05	7.05	118100.0
2018-11-28	7.05	7.05	7.05	7.05	161500.0
2018-11-29	7.1	7.05	7.1	7.05	944400.0
2018-11-30	7.0	7.0	7.1	7.05	114400.0
2018-12-03	7.05	7.05	7.05	7.05	64400.0
2018-12-04	7.05	7.05	7.1	7.05	72300.0
2018-12-06	7.0	7.0	7.05	7.05	704300.0
2018-12-07	7.05	7.05	7.1	7.1	111400.0
2018-12-11	7.1	6.95	7.1	6.95	904700.0
2018-12-12	7.0	6.95	7.05	7.0	125500.0
2018-12-13	7.1	6.95	7.1	6.95	640700.0
2018-12-14	6.95	6.95	7.0	6.95	93800.0
2018-12-17	6.95	6.95	6.95	6.95	206100.0
2018-12-18	6.95	6.95	7.0	6.95	199100.0
2018-12-19	6.9	6.9	7.0	6.95	31700.0
2018-12-20	6.95	6.95	7.0	7.0	116100.0
2018-12-21	6.95	6.95	6.95	6.95	2017100.0
2018-12-24	6.95	6.95	6.95	6.95	147600.0
2018-12-25	6.95	6.95	7.0	6.95	700500.0
2018-12-26	6.95	6.95	7.0	6.95	191700.0
2018-12-27	7.05	6.95	7.05	6.95	119300.0
2018-12-28	6.95	6.95	7.0	6.95	163300.0
2019-01-02	6.95	6.95	7.25	7.0	38000.0
2019-01-03	7.0	7.0	7.0	7.0	7700.0
2019-01-04	7.0	6.95	7.0	7.0	40100.0
2019-01-07	7.05	6.95	7.05	6.95	18200.0
2019-01-08	7.0	7.0	7.0	7.0	8400.0
2019-01-09	7.0	6.95	7.0	7.0	18400.0
2019-01-10	7.0	7.0	7.0	7.0	6700.0
2019-01-11	7.0	6.95	7.0	7.0	59100.0
2019-01-14	7.0	6.95	7.05	7.05	122000.0
2019-01-15	7.05	7.0	7.05	7.05	58700.0
2019-01-16	7.05	7.05	7.05	7.05	64100.0
2019-01-17	7.0	7.0	7.1	7.05	250100.0
2019-01-18	7.0	7.0	7.1	7.05	89500.0
2019-01-21	7.15	7.0	7.15	7.05	73500.0
2019-01-22	7.05	7.0	7.1	7.05	427700.0
2019-01-23	7.15	7.0	7.15	7.05	303700.0
2019-01-24	7.05	7.05	7.1	7.05	319600.0
2019-01-25	7.05	7.05	7.1	7.05	169000.0
2019-01-28	7.1	7.05	7.15	7.05	608200.0
2019-01-29	7.05	7.05	7.2	7.2	108400.0
2019-01-30	7.2	7.05	7.2	7.05	56800.0
2019-01-31	7.05	7.05	7.15	7.1	3700.0
2019-02-01	7.05	7.05	7.1	7.05	57100.0
2019-02-04	7.1	7.05	7.1	7.05	118100.0
2019-02-05	7.1	7.05	7.1	7.1	15900.0
2019-02-06	7.05	7.05	7.1	7.1	18700.0
2019-02-07	7.05	7.05	7.1	7.05	178500.0
2019-02-08	7.1	7.05	7.1	7.1	180500.0
2019-02-11	7.15	7.05	7.15	7.1	254100.0
2019-02-12	7.1	7.05	7.1	7.1	109600.0
2019-02-13	7.1	7.05	7.1	7.1	195500.0
2019-02-14	7.05	7.05	7.05	7.05	55900.0
2019-02-15	7.1	7.05	7.1	7.05	27800.0
2019-02-18	7.1	7.05	7.1	7.05	81000.0
2019-02-20	7.05	7.05	7.1	7.05	227800.0
2019-02-21	7.05	6.95	7.05	6.95	288800.0
2019-02-22	7.0	6.95	7.0	7.0	191500.0
2019-02-25	6.95	6.85	6.95	6.9	976100.0
2019-02-26	6.9	6.8	6.9	6.8	648200.0
2019-02-27	6.75	6.7	6.75	6.75	491100.0
2019-02-28	6.7	6.7	6.75	6.75	321000.0
2019-03-01	6.75	6.65	6.75	6.65	391600.0
2019-03-04	6.7	6.65	6.7	6.7	27900.0
2019-03-05	6.65	6.65	6.75	6.75	80300.0
2019-03-06	6.7	6.7	6.75	6.7	234000.0
2019-03-07	6.7	6.7	6.8	6.8	56300.0
2019-03-08	6.75	6.75	6.75	6.75	122500.0
2019-03-11	6.75	6.75	6.75	6.75	119400.0
2019-03-12	6.9	6.75	6.9	6.8	66200.0
2019-03-13	6.8	6.8	6.85	6.85	5000.0
2019-03-14	6.85	6.75	6.85	6.8	141700.0
2019-03-15	6.75	6.75	6.85	6.8	126000.0
2019-03-18	6.75	6.7	6.8	6.75	122100.0
2019-03-19	6.75	6.75	6.8	6.8	36600.0
2019-03-20	6.8	6.8	6.8	6.8	800.0
2019-03-21	6.75	6.75	6.8	6.8	12800.0
2019-03-22	6.8	6.8	6.8	6.8	26500.0
2019-03-25	6.8	6.75	6.8	6.75	379300.0
2019-03-26	6.8	6.75	6.8	6.8	350800.0
2019-03-27	6.8	6.8	6.8	6.8	200000.0
2019-03-28	6.8	6.8	6.8	6.8	500.0
2019-03-29	7.0	6.8	7.0	6.8	200.0
2019-04-01	6.8	6.8	6.8	6.8	117900.0
2019-04-02	6.8	6.8	6.95	6.85	18600.0
2019-04-03	6.8	6.8	6.85	6.85	25700.0
2019-04-04	6.85	6.8	6.85	6.85	212700.0
2019-04-05	6.8	6.8	6.85	6.85	27500.0
2019-04-09	6.85	6.85	6.85	6.85	26000.0
2019-04-10	6.85	6.85	7.0	6.9	14300.0
2019-04-11	6.85	6.85	6.85	6.85	4200.0
2019-04-12	6.8	6.8	6.95	6.95	23100.0
2019-04-17	6.9	6.9	7.0	7.0	28900.0
2019-04-18	6.95	6.95	7.0	7.0	53100.0
2019-04-19	6.95	6.95	6.95	6.95	74800.0
2019-04-22	6.95	6.95	6.95	6.95	36700.0
2019-04-23	6.9	6.9	6.95	6.95	301700.0
2019-04-24	6.9	6.9	7.0	7.0	198200.0
2019-04-25	6.95	6.95	7.0	6.95	61400.0
2019-04-26	6.95	6.95	6.95	6.95	61500.0
2019-04-29	6.95	6.95	7.0	7.0	5300.0
2019-04-30	7.0	6.95	7.0	6.95	51500.0
2019-05-02	6.9	6.9	7.0	6.95	73500.0
2019-05-03	6.95	6.95	6.95	6.95	181900.0
2019-05-07	7.0	6.95	7.0	6.95	28700.0
2019-05-08	6.95	6.95	6.95	6.95	200100.0
2019-05-09	6.95	6.95	6.95	6.95	121400.0
2019-05-10	6.95	6.95	6.95	6.95	315600.0
2019-05-13	6.9	6.85	6.9	6.85	503300.0
2019-05-14	6.85	6.85	6.95	6.9	97400.0
2019-05-15	7.0	6.9	7.0	6.95	775500.0
2019-05-16	7.0	6.9	7.0	6.95	657900.0
2019-05-17	6.9	6.9	7.0	6.95	443800.0
2019-05-21	6.95	6.95	7.0	6.95	221000.0
2019-05-22	6.95	6.95	6.95	6.95	154700.0
2019-05-23	6.95	6.95	6.95	6.95	46500.0
2019-05-24	6.9	6.9	7.0	7.0	7600.0
2019-05-27	6.95	6.95	6.95	6.95	391600.0
2019-05-28	6.95	6.9	6.95	6.95	274600.0
2019-05-29	6.95	6.95	7.0	7.0	333100.0
2019-05-30	7.0	6.95	7.0	6.95	7600.0
2019-05-31	6.95	6.95	7.0	6.95	35400.0
2019-06-04	6.95	6.95	6.95	6.95	119100.0
2019-06-05	6.95	6.95	6.95	6.95	594400.0
2019-06-06	6.95	6.95	7.0	6.95	522900.0
2019-06-07	6.9	6.9	7.0	6.95	57200.0
2019-06-10	6.95	6.9	7.05	7.0	248400.0
2019-06-11	7.0	6.95	7.0	6.95	72700.0
2019-06-12	6.95	6.95	7.0	7.0	28800.0
2019-06-13	6.95	6.95	6.95	6.95	72100.0
2019-06-14	6.95	6.95	7.0	7.0	468300.0
2019-06-17	7.0	6.95	7.0	6.95	99500.0
2019-06-18	6.9	6.9	7.0	7.0	67300.0
2019-06-19	6.95	6.95	7.0	6.95	45300.0
2019-06-20	6.95	6.95	6.95	6.95	383000.0
2019-06-21	6.95	6.9	7.0	7.0	618000.0
2019-06-24	7.0	6.9	7.0	6.95	544200.0
2019-06-25	6.95	6.95	6.95	6.95	48800.0
2019-06-26	6.95	6.95	6.95	6.95	164300.0
2019-06-27	6.9	6.85	6.95	6.85	146400.0
2019-06-28	6.95	6.8	6.95	6.85	62000.0
2019-07-01	6.85	6.8	6.85	6.8	28600.0
2019-07-02	6.75	6.7	6.8	6.75	11200.0
2019-07-03	6.65	6.55	6.65	6.55	112300.0
2019-07-04	6.5	6.35	6.6	6.4	153700.0
2019-07-05	6.35	6.25	6.65	6.45	289500.0
2019-07-08	6.3	6.25	6.4	6.4	58300.0
2019-07-09	6.4	6.15	6.4	6.4	138000.0
2019-07-10	6.4	6.3	6.45	6.45	60100.0
2019-07-11	6.45	6.45	6.5	6.45	8200.0
2019-07-12	6.45	6.4	6.45	6.4	27400.0
2019-07-15	6.3	6.25	6.4	6.4	78400.0
2019-07-17	6.35	6.3	6.4	6.4	21000.0
2019-07-18	6.35	6.3	6.45	6.4	26500.0
2019-07-19	6.35	6.25	6.35	6.25	84700.0
2019-07-22	6.35	6.3	6.45	6.4	32700.0
2019-07-23	6.4	6.35	6.4	6.4	15300.0
2019-07-24	6.3	6.3	6.4	6.4	22400.0
2019-07-25	6.35	6.25	6.4	6.4	75600.0
2019-07-26	6.3	6.3	6.4	6.4	11700.0
2019-07-30	6.3	6.3	6.35	6.35	46500.0
2019-07-31	6.3	6.25	6.35	6.35	49600.0
2019-08-01	6.35	6.3	6.35	6.35	51000.0
2019-08-02	6.3	6.25	6.3	6.3	52700.0
2019-08-05	6.3	6.25	6.3	6.3	355200.0
2019-08-06	6.25	6.25	6.3	6.3	105700.0
2019-08-08	6.25	6.25	6.3	6.3	7900.0
2019-08-09	6.25	6.25	6.35	6.3	18200.0
2019-08-13	6.25	6.25	6.3	6.3	129000.0
2019-08-14	6.25	6.25	6.3	6.3	20300.0
2019-08-15	6.25	6.25	6.25	6.25	40100.0
2019-08-16	6.25	6.25	6.3	6.3	50400.0
2019-08-19	6.25	6.25	6.25	6.25	12000.0
2019-08-20	6.25	6.25	6.3	6.3	5400.0
2019-08-21	6.25	6.25	6.3	6.3	4200.0
2019-08-22	6.3	6.3	6.3	6.3	78800.0
2019-08-23	6.3	6.3	6.35	6.3	8000.0
2019-08-26	6.3	6.3	6.5	6.3	1944300.0
2019-08-27	6.3	6.3	6.3	6.3	1436800.0
2019-08-28	6.3	6.3	6.3	6.3	2600.0
2019-08-29	6.3	6.3	6.35	6.3	22200.0
2019-08-30	6.3	6.3	6.3	6.3	2800.0
2019-09-02	6.3	6.3	6.3	6.3	31800.0
2019-09-03	6.3	6.3	6.3	6.3	10500.0
2019-09-04	6.3	6.3	6.35	6.35	59900.0
2019-09-05	6.3	6.3	6.3	6.3	24500.0
2019-09-06	6.3	6.3	6.3	6.3	14000.0
2019-09-09	6.35	6.35	6.35	6.35	79800.0
2019-09-10	6.3	6.3	6.35	6.35	19800.0
2019-09-11	6.3	6.3	6.4	6.4	11100.0
2019-09-12	6.4	6.3	6.4	6.3	14700.0
2019-09-13	6.35	6.3	6.35	6.35	2300.0
2019-09-16	6.3	6.3	6.35	6.35	19400.0
2019-09-17	6.3	6.3	6.4	6.35	150600.0
2019-09-18	6.35	6.35	6.35	6.35	100.0
2019-09-19	6.35	6.3	6.4	6.35	156800.0
2019-09-20	6.3	6.3	6.3	6.3	5000.0
2019-09-23	6.35	6.35	6.45	6.4	148700.0
2019-09-24	6.3	6.3	6.3	6.3	41800.0
2019-09-25	6.35	6.3	6.35	6.35	3800.0
2019-09-26	6.4	6.4	6.4	6.4	100.0
2019-09-27	6.3	6.3	6.3	6.3	29500.0
2019-09-30	6.3	6.3	6.3	6.3	100.0
2019-10-01	6.25	6.25	6.4	6.4	28500.0
2019-10-02	6.5	6.15	6.5	6.2	474200.0
2019-10-03	6.15	6.15	6.25	6.25	149000.0
2019-10-04	6.3	6.3	6.3	6.3	5000.0
2019-10-07	6.15	6.15	6.25	6.25	57100.0
2019-10-08	6.2	6.15	6.2	6.2	83800.0
2019-10-09	6.15	6.15	6.15	6.15	170900.0
2019-10-10	6.3	6.15	6.3	6.15	400.0
2019-10-11	6.15	6.15	6.15	6.15	23600.0
2019-10-15	6.15	6.1	6.15	6.15	9300.0
2019-10-16	6.1	6.05	6.1	6.1	110700.0
2019-10-17	6.05	6.05	6.1	6.05	117000.0
2019-10-18	6.05	6.05	6.05	6.05	12900.0
2019-10-21	6.05	6.05	6.05	6.05	28700.0
2019-10-22	6.1	6.05	6.1	6.1	900.0
2019-10-24	6.05	6.05	6.1	6.05	6200.0
2019-10-25	6.05	6.05	6.05	6.05	36600.0
2019-10-28	6.05	6.0	6.1	6.05	112800.0
2019-10-29	6.05	6.05	6.05	6.05	123700.0
2019-10-30	6.05	6.0	6.1	6.0	59700.0
2019-10-31	6.0	6.0	6.1	6.05	46600.0
2019-11-01	6.05	6.0	6.05	6.0	800.0
2019-11-04	6.0	6.0	6.0	6.0	55800.0
2019-11-05	6.0	6.0	6.0	6.0	19600.0
2019-11-06	6.0	6.0	6.05	6.05	11200.0
2019-11-07	6.05	6.05	6.05	6.05	4100.0
2019-11-11	6.0	5.95	6.05	6.0	86300.0
2019-11-12	6.0	6.0	6.0	6.0	1000.0
2019-11-13	5.9	5.75	5.95	5.9	53900.0
2019-11-14	5.75	5.7	5.8	5.8	78100.0
2019-11-15	5.8	5.75	5.8	5.75	6200.0
2019-11-18	5.7	5.7	5.8	5.8	8100.0
2019-11-19	5.7	5.7	5.9	5.9	7000.0
2019-11-20	5.8	5.8	5.9	5.8	9100.0
2019-11-21	5.8	5.8	5.8	5.8	100200.0
2019-11-22	5.75	5.7	5.8	5.7	43900.0
2019-11-25	5.8	5.7	5.8	5.7	20500.0
2019-11-26	5.8	5.75	5.8	5.75	5100.0
2019-11-27	5.8	5.8	5.8	5.8	100.0
2019-11-28	5.8	5.8	5.95	5.9	2300.0
2019-12-03	5.95	5.9	5.95	5.9	1800.0
2019-12-04	5.95	5.95	5.95	5.95	100.0
2019-12-06	5.55	5.55	5.9	5.65	64600.0
2019-12-09	5.65	5.65	5.65	5.65	2100.0
2019-12-11	5.65	5.65	6.0	5.9	2300.0
2019-12-13	5.65	5.65	5.65	5.65	16100.0
2019-12-16	5.9	5.65	5.9	5.65	62100.0
2019-12-17	5.65	5.6	5.65	5.6	13100.0
2019-12-18	5.65	5.6	5.9	5.6	63600.0
2019-12-19	6.0	5.65	6.0	5.65	1400.0
2019-12-20	5.75	5.75	5.9	5.75	22300.0
2019-12-23	5.75	5.75	5.95	5.95	2100.0
2019-12-24	5.65	5.65	5.95	5.95	7900.0
2019-12-25	6.0	6.0	6.0	6.0	100.0
2019-12-26	5.75	5.75	5.8	5.8	80500.0
2019-12-27	5.8	5.8	5.8	5.8	200.0
2019-12-30	5.8	5.8	5.8	5.8	100.0
2020-01-02	5.95	5.95	5.95	5.95	100.0
2020-01-03	5.85	5.85	5.85	5.85	20000.0
2020-01-06	5.75	5.7	5.9	5.9	585700.0
2020-01-08	5.75	5.75	5.9	5.9	10100.0
2020-01-09	5.4	5.3	5.85	5.85	176300.0
2020-01-10	5.6	5.6	5.8	5.8	1400.0
2020-01-13	5.3	5.3	5.65	5.5	60800.0
2020-01-14	5.55	5.55	5.75	5.7	296400.0
2020-01-15	5.7	5.7	5.7	5.7	200.0
2020-01-16	5.7	5.55	5.7	5.55	6800.0
2020-01-17	5.7	5.55	5.7	5.65	25900.0
2020-01-21	5.6	5.6	6.05	5.65	2200.0
2020-01-22	5.7	5.7	5.75	5.75	1100.0
2020-01-24	5.9	5.6	5.9	5.75	10200.0
2020-01-27	5.6	5.55	5.7	5.7	69000.0
2020-01-28	6.05	6.05	6.05	6.05	100.0
2020-01-29	7.0	6.0	7.0	6.0	3800.0
2020-01-30	5.6	5.45	5.95	5.95	102400.0
2020-01-31	5.6	5.6	5.6	5.6	2000.0
2020-02-03	5.55	5.55	5.55	5.55	100.0
2020-02-04	5.55	5.55	5.8	5.6	4100.0
2020-02-05	5.55	5.55	5.55	5.55	100.0
2020-02-06	5.55	5.55	5.55	5.55	1100.0
2020-02-07	6.65	5.95	6.65	6.0	800.0
2020-02-11	6.0	5.6	6.0	5.6	11400.0
2020-02-12	5.6	5.55	6.0	5.6	182000.0
2020-02-13	5.9	5.9	5.9	5.9	100.0
2020-02-14	5.9	5.9	5.9	5.9	200.0
2020-02-17	6.9	5.75	6.9	6.0	6100.0
2020-02-18	5.65	5.65	5.85	5.85	11200.0
2020-02-19	5.75	5.65	6.0	6.0	96800.0
2020-02-20	5.6	5.6	5.85	5.65	1500.0
2020-02-21	5.8	5.55	5.85	5.6	70600.0
2020-02-24	5.55	5.55	5.6	5.55	94600.0
2020-02-25	5.55	5.55	5.7	5.65	25000.0
2020-02-26	5.65	5.55	5.65	5.55	170300.0
2020-02-27	5.5	5.5	5.7	5.6	285500.0
2020-02-28	5.6	5.6	5.65	5.6	64500.0
2020-03-02	5.55	5.5	5.55	5.55	192100.0
2020-03-03	5.5	5.5	5.55	5.55	50800.0
2020-03-04	5.6	5.5	5.6	5.6	11000.0
2020-03-05	5.55	5.35	5.55	5.5	14800.0
2020-03-06	5.45	5.4	5.45	5.4	257900.0
2020-03-09	5.3	5.15	5.3	5.15	133500.0
2020-03-10	5.1	5.1	5.2	5.2	15100.0
2020-03-11	5.1	5.1	5.2	5.1	29400.0
2020-03-12	5.1	4.92	5.1	5.0	231700.0
2020-03-13	4.9	4.82	4.98	4.88	240300.0
2020-03-16	4.88	4.8	4.88	4.8	153400.0
2020-03-18	4.8	4.8	4.8	4.8	74000.0
2020-03-19	4.8	4.68	4.8	4.68	27700.0
2020-03-20	4.66	4.62	4.8	4.8	67100.0
2020-03-24	4.64	4.62	5.0	5.0	10300.0
2020-03-26	4.62	4.6	4.62	4.6	29900.0
2020-03-27	4.48	4.36	4.48	4.48	247900.0
2020-03-30	4.48	4.48	4.48	4.48	27700.0
2020-03-31	5.05	4.52	5.05	4.52	600.0
2020-04-01	4.5	4.5	4.5	4.5	2600.0
2020-04-02	4.48	4.24	4.48	4.38	2247200.0
2020-04-03	4.36	4.36	4.38	4.36	2500.0
2020-04-07	4.36	4.36	4.4	4.36	11500.0
2020-04-08	4.4	4.4	4.48	4.48	13800.0
2020-04-09	4.48	4.48	4.64	4.64	173200.0
2020-04-10	5.0	4.6	5.0	4.6	3300.0
2020-04-13	4.6	4.6	5.05	5.05	12200.0
2020-04-14	5.2	4.92	5.3	5.1	43600.0
2020-04-15	5.3	4.94	5.3	5.05	52700.0
2020-04-16	4.78	4.78	4.82	4.82	5500.0
2020-04-20	4.5	4.4	4.5	4.44	102100.0
2020-04-21	4.46	4.44	4.46	4.44	2500.0
2020-04-22	4.8	4.8	4.8	4.8	1000.0
2020-04-24	4.5	4.5	4.6	4.52	59700.0
2020-04-27	4.5	4.5	4.9	4.9	14400.0
2020-04-28	4.88	4.88	4.88	4.88	1000.0
2020-04-29	4.64	4.62	4.8	4.66	4500.0
2020-04-30	4.6	4.6	4.7	4.66	3400.0
2020-05-05	4.66	4.6	4.66	4.62	3500.0
2020-05-07	4.62	4.62	4.66	4.66	3500.0
2020-05-08	4.54	4.52	4.66	4.52	258200.0
2020-05-11	4.52	4.48	4.52	4.5	128900.0
2020-05-12	4.54	4.48	4.6	4.6	32400.0
2020-05-13	4.54	4.44	4.54	4.54	21100.0
2020-05-14	4.52	4.44	4.52	4.44	6500.0
2020-05-15	4.44	4.4	4.6	4.58	15800.0
2020-05-18	4.46	4.46	4.6	4.6	4000.0
2020-05-19	4.46	4.44	4.58	4.48	7500.0
2020-05-20	4.44	4.4	4.48	4.42	20300.0
2020-05-21	4.42	4.42	4.5	4.48	40500.0
2020-05-22	4.42	4.4	4.44	4.44	20700.0
2020-05-25	4.42	4.42	4.44	4.44	6700.0
2020-05-26	4.46	4.44	4.48	4.48	17500.0
2020-05-27	4.7	4.6	4.7	4.6	35500.0
2020-05-28	4.64	4.62	4.64	4.64	21100.0
2020-05-29	4.64	4.64	4.64	4.64	1500.0
2020-06-02	4.64	4.6	4.64	4.6	14100.0
2020-06-04	4.64	4.5	4.64	4.6	10200.0
2020-06-05	4.52	4.52	4.58	4.58	13200.0
2020-06-08	4.52	4.5	4.58	4.5	40700.0
2020-06-09	4.52	4.46	4.52	4.46	30000.0
2020-06-10	4.46	4.44	4.56	4.54	14000.0
2020-06-11	4.58	4.58	4.58	4.58	1100.0
2020-06-12	4.44	4.44	4.58	4.58	4300.0
2020-06-16	4.46	4.46	4.54	4.54	3600.0
2020-06-17	4.46	4.46	4.48	4.48	700.0
2020-06-18	4.46	4.44	4.46	4.44	17000.0
2020-06-19	4.48	4.48	4.54	4.54	800.0
2020-06-22	4.48	4.48	4.5	4.5	8600.0
2020-06-23	4.5	4.5	4.52	4.52	8100.0
2020-06-24	4.56	4.52	4.56	4.52	25600.0
2020-06-25	4.52	4.5	4.54	4.54	33800.0
2020-06-26	4.54	4.52	4.56	4.52	42500.0
2020-06-29	4.5	4.5	4.5	4.5	1800.0
2020-06-30	4.52	4.5	4.52	4.52	23000.0
2020-07-01	4.52	4.5	4.54	4.54	11900.0
2020-07-02	4.52	4.48	4.52	4.5	96800.0
2020-07-03	4.52	4.5	4.54	4.5	25500.0
2020-07-07	4.68	4.54	4.68	4.54	6000.0
2020-07-08	4.54	4.52	4.54	4.54	15500.0
2020-07-09	4.5	4.44	4.5	4.48	67900.0
2020-07-10	4.48	4.48	4.48	4.48	100.0
2020-07-13	4.5	4.5	4.6	4.56	57800.0
2020-07-14	4.6	4.52	4.6	4.56	5400.0
2020-07-15	4.52	4.48	4.56	4.48	60000.0
2020-07-16	4.56	4.54	4.56	4.54	200.0
2020-07-17	4.6	4.48	4.6	4.56	400.0
2020-07-20	4.48	4.48	4.54	4.48	2500.0
2020-07-21	4.52	4.48	4.52	4.48	29600.0
2020-07-22	4.6	4.48	4.6	4.5	44000.0
2020-07-23	4.5	4.48	4.56	4.52	10900.0
2020-07-24	4.56	4.56	4.56	4.56	31000.0
2020-07-29	4.6	4.48	4.6	4.48	146400.0
2020-07-30	4.58	4.48	4.58	4.5	57700.0
2020-07-31	4.48	4.46	4.5	4.5	107900.0
2020-08-03	4.48	4.46	4.48	4.46	80000.0
2020-08-04	4.48	4.46	4.48	4.46	95000.0
2020-08-05	4.48	4.44	4.48	4.48	247500.0
2020-08-06	4.48	4.46	4.48	4.46	40000.0
2020-08-07	4.46	4.46	4.46	4.46	600.0
2020-08-10	4.5	4.5	4.5	4.5	100.0
2020-08-11	4.5	4.46	4.58	4.46	33700.0
2020-08-13	4.6	4.46	4.6	4.6	35700.0
2020-08-14	4.62	4.6	4.62	4.6	200.0
2020-08-17	4.46	4.46	4.6	4.6	500.0
2020-08-18	4.48	4.48	4.48	4.48	15800.0
2020-08-19	4.46	4.44	4.46	4.46	62400.0
2020-08-20	4.46	4.46	4.48	4.46	694000.0
2020-08-21	4.46	4.44	4.48	4.46	295600.0
2020-08-24	4.46	4.42	4.46	4.42	262900.0
2020-08-25	4.44	4.4	4.44	4.4	161100.0
2020-08-26	4.54	4.4	4.54	4.4	133100.0
2020-08-27	4.52	4.42	4.52	4.46	110300.0
2020-08-28	4.42	4.42	4.42	4.42	3000.0
2020-08-31	4.42	4.42	4.48	4.44	15400.0
2020-09-01	4.42	4.42	4.42	4.42	30100.0
2020-09-02	4.4	4.4	4.46	4.46	200.0
2020-09-08	4.4	4.4	4.4	4.4	44500.0
2020-09-09	4.4	4.4	4.46	4.42	3000.0
2020-09-10	4.4	4.4	4.4	4.4	21000.0
2020-09-11	4.4	4.4	4.46	4.4	8000.0
2020-09-14	4.48	4.4	4.5	4.4	33500.0
2020-09-15	4.42	4.4	4.48	4.4	3500.0
2020-09-16	4.48	4.42	4.48	4.48	2100.0
2020-09-18	4.42	4.42	4.42	4.42	300.0
2020-09-21	4.5	4.4	4.5	4.48	300.0
2020-09-22	4.52	4.4	4.52	4.4	37300.0
2020-09-23	4.4	4.4	4.4	4.4	300.0
2020-09-24	4.4	4.4	4.4	4.4	1000.0
2020-09-25	4.42	4.42	4.42	4.42	500.0
2020-09-29	4.4	4.38	4.4	4.4	50100.0
2020-09-30	4.42	4.42	4.42	4.42	100.0
2020-10-02	4.42	4.42	4.42	4.42	3500.0
2020-10-05	4.5	4.5	4.52	4.52	6000.0
2020-10-06	4.52	4.52	4.54	4.54	6000.0
2020-10-07	4.52	4.4	4.52	4.4	23600.0
2020-10-08	4.4	4.4	4.48	4.4	34400.0
2020-10-09	4.42	4.4	4.46	4.46	7600.0
2020-10-12	4.4	4.4	4.4	4.4	5100.0
2020-10-14	4.4	4.4	4.4	4.4	10300.0
2020-10-15	4.4	4.4	4.4	4.4	400.0
2020-10-16	4.4	4.4	4.42	4.4	4100.0
2020-10-19	4.4	4.4	4.44	4.4	18100.0
2020-10-20	4.4	4.4	4.4	4.4	57500.0
2020-10-22	4.4	4.4	4.4	4.4	1500.0
2020-10-26	4.48	4.46	4.48	4.46	200.0
2020-10-27	4.4	4.4	4.42	4.4	2000000.0
2020-10-28	4.42	4.4	4.42	4.4	51500.0
2020-10-29	4.4	4.4	4.4	4.4	20000.0
2020-10-30	4.4	4.4	4.4	4.4	38900.0
2020-11-02	4.4	4.4	4.4	4.4	12400.0
2020-11-03	4.36	4.34	4.36	4.34	2000.0
2020-11-05	4.36	4.36	4.4	4.4	9700.0
2020-11-09	4.4	4.38	4.4	4.4	5000.0
2020-11-10	4.4	4.4	4.42	4.42	11800.0
2020-11-11	4.3	4.3	4.4	4.38	11500.0
2020-11-12	4.38	4.38	4.38	4.38	1600.0
2020-11-13	4.38	4.38	4.38	4.38	400.0
2020-11-16	4.4	4.38	4.42	4.38	11100.0
2020-11-17	4.44	4.4	4.5	4.4	47800.0
2020-11-18	4.42	4.42	4.42	4.42	5100.0
2020-11-19	4.4	4.4	4.42	4.42	5200.0
2020-11-20	4.46	4.44	4.5	4.44	67200.0
2020-11-23	4.44	4.44	4.52	4.5	40600.0
2020-11-24	4.6	4.52	4.6	4.52	37100.0
2020-11-25	4.52	4.52	4.6	4.6	258500.0
2020-11-26	4.54	4.54	4.68	4.66	158100.0
2020-11-27	4.7	4.68	4.86	4.8	87500.0
2020-11-30	4.8	4.72	4.8	4.72	74200.0
2020-12-01	4.72	4.72	4.78	4.74	32500.0
2020-12-02	4.74	4.74	4.76	4.74	23800.0
2020-12-03	4.78	4.76	4.84	4.78	140900.0
2020-12-04	4.78	4.78	4.82	4.82	12800.0
2020-12-08	4.88	4.84	4.88	4.84	14800.0
2020-12-09	4.86	4.82	4.86	4.84	12100.0
2020-12-14	4.82	4.8	4.86	4.84	19100.0
2020-12-15	4.86	4.82	4.96	4.96	54100.0
2020-12-16	4.9	4.9	5.0	4.96	27100.0
2020-12-17	4.98	4.98	5.05	5.05	7600.0
2020-12-18	5.0	5.0	5.1	5.0	16700.0
2020-12-21	4.9	4.7	4.94	4.9	20600.0
2020-12-22	4.88	4.88	4.9	4.9	13100.0
2020-12-23	5.0	5.0	5.0	5.0	600.0
2020-12-24	4.9	4.9	4.98	4.96	6100.0
2020-12-25	4.92	4.7	4.98	4.8	59500.0
2020-12-28	4.8	4.8	4.9	4.8	4700.0
2020-12-29	4.76	4.7	4.78	4.74	108100.0
2020-12-30	4.72	4.7	4.74	4.74	12100.0
2021-01-04	4.74	4.6	4.74	4.72	16700.0
2021-01-05	4.62	4.62	4.7	4.7	9300.0
2021-01-06	4.7	4.66	4.72	4.68	26400.0
2021-01-07	4.68	4.64	4.68	4.64	29700.0
2021-01-08	4.72	4.6	4.72	4.64	24400.0
2021-01-11	4.64	4.64	4.68	4.68	2000.0
2021-01-12	4.68	4.68	4.68	4.68	8700.0
2021-01-13	4.64	4.64	4.68	4.68	66400.0
2021-01-14	4.7	4.62	4.7	4.64	1165100.0
2021-01-15	4.62	4.58	4.64	4.64	43100.0
2021-01-18	4.6	4.6	4.64	4.6	84200.0
2021-01-19	4.62	4.58	4.62	4.58	113400.0
2021-01-20	4.6	4.58	4.64	4.6	35100.0
2021-01-21	4.66	4.6	4.66	4.62	69500.0
2021-01-22	4.62	4.6	4.62	4.6	71600.0
2021-01-25	4.6	4.58	4.62	4.6	245500.0
2021-01-26	4.6	4.6	4.6	4.6	16000.0
2021-01-27	4.6	4.56	4.6	4.56	52900.0
2021-01-28	4.56	4.56	4.6	4.6	12600.0
2021-01-29	4.4	4.4	4.62	4.58	6600.0
2021-02-01	4.56	4.54	4.7	4.66	121700.0
2021-02-02	4.64	4.64	4.64	4.64	1900.0
2021-02-03	4.64	4.62	4.64	4.62	900.0
2021-02-04	4.62	4.58	4.62	4.58	81400.0
2021-02-05	4.58	4.58	4.62	4.62	2600.0
2021-02-08	4.66	4.6	4.66	4.66	105800.0
2021-02-09	4.66	4.62	4.66	4.64	63900.0
2021-02-10	4.68	4.64	4.68	4.66	24700.0
2021-02-11	4.62	4.6	4.64	4.62	6300.0
2021-02-15	4.68	4.6	4.68	4.62	17600.0
2021-02-16	5.5	4.98	5.55	5.05	1229400.0
2021-02-17	5.05	4.9	5.05	4.9	837900.0
2021-02-18	4.94	4.88	4.96	4.92	99500.0
2021-02-19	4.94	4.88	4.94	4.92	71200.0
2021-02-22	4.94	4.72	4.94	4.76	348700.0
2021-02-23	4.76	4.76	4.9	4.9	150600.0
2021-02-24	4.92	4.74	4.92	4.9	63500.0
2021-02-25	4.9	4.9	4.94	4.9	22800.0
2021-03-01	4.86	4.72	4.92	4.86	30200.0
2021-03-02	4.76	4.76	4.88	4.88	51600.0
2021-03-03	4.9	4.66	4.9	4.8	110500.0
2021-03-04	4.84	4.84	4.88	4.86	30600.0
2021-03-05	4.88	4.82	4.88	4.82	218000.0
2021-03-08	4.86	4.74	4.86	4.74	50100.0
2021-03-09	4.76	4.74	4.76	4.76	76300.0
2021-03-10	4.74	4.72	4.8	4.8	118200.0
2021-03-11	4.8	4.8	4.82	4.8	170600.0
2021-03-12	4.84	4.8	4.84	4.82	73700.0
2021-03-15	4.84	4.84	4.9	4.88	97700.0
2021-03-16	4.88	4.88	4.96	4.96	94800.0
2021-03-17	4.96	4.96	5.1	5.1	194300.0
2021-03-18	5.1	5.05	5.1	5.05	160200.0
2021-03-19	5.1	4.98	5.1	5.0	216700.0
2021-03-22	5.0	4.98	5.1	4.98	485500.0
2021-03-23	5.0	5.0	5.05	5.05	96000.0
2021-03-24	5.05	4.96	5.1	5.05	98300.0
2021-03-25	5.1	5.05	5.25	5.2	453200.0
2021-03-26	5.2	5.2	5.35	5.25	267400.0
2021-03-29	5.35	5.25	5.35	5.35	86700.0
2021-03-30	5.4	5.4	5.5	5.4	91500.0
2021-03-31	5.45	5.2	5.45	5.2	356700.0
2021-04-01	5.4	5.3	5.4	5.4	153600.0
2021-04-02	5.4	5.25	5.4	5.35	173300.0
2021-04-05	5.35	5.2	5.4	5.2	226000.0
2021-04-07	5.15	5.1	5.3	5.15	179400.0
2021-04-08	5.2	5.1	5.25	5.15	140300.0
2021-04-09	5.15	5.15	5.25	5.25	71300.0
2021-04-12	5.15	5.05	5.2	5.1	245800.0
2021-04-16	5.15	5.15	5.2	5.2	141500.0
2021-04-19	5.2	5.2	5.3	5.25	268500.0
2021-04-20	5.05	5.05	5.1	5.1	168000.0
2021-04-21	5.05	4.98	5.1	4.98	481400.0
2021-04-22	5.05	4.96	5.05	4.98	230500.0
2021-04-23	4.98	4.9	4.98	4.96	116900.0
2021-04-26	5.0	4.94	5.0	5.0	30300.0
2021-04-27	5.0	4.98	5.05	5.0	227000.0
2021-04-28	4.98	4.98	5.05	5.05	181300.0
2021-04-29	5.05	5.0	5.25	5.25	597800.0
2021-04-30	5.4	5.2	5.4	5.2	585000.0
2021-05-05	5.25	5.2	5.25	5.2	135300.0
2021-05-06	5.2	5.2	5.35	5.35	182000.0
2021-05-07	5.35	5.25	5.45	5.45	549700.0
2021-05-10	5.45	5.3	5.45	5.35	136100.0
2021-05-11	5.35	5.2	5.35	5.3	98500.0
2021-05-12	5.25	5.05	5.3	5.05	416900.0
2021-05-13	5.05	4.96	5.3	5.05	399400.0
2021-05-14	5.35	5.05	5.35	5.2	215800.0
2021-05-17	5.2	4.98	5.2	5.1	233700.0
2021-05-18	5.15	5.1	5.2	5.1	13800.0
2021-05-19	5.1	5.0	5.1	5.05	91200.0
2021-05-20	5.0	5.0	5.15	5.1	169000.0
2021-05-21	5.05	5.0	5.1	5.0	67000.0
2021-05-24	5.0	4.98	5.45	5.45	651200.0
2021-05-25	5.5	5.25	5.5	5.25	441000.0
2021-05-27	5.4	5.4	5.5	5.4	327900.0
2021-05-28	5.5	5.4	5.55	5.45	267400.0
2021-05-31	5.55	5.45	5.55	5.55	120600.0
2021-06-01	5.5	5.4	5.55	5.4	251100.0
2021-06-02	5.4	5.3	5.45	5.3	71200.0
2021-06-04	5.25	5.0	5.35	5.35	386200.0
2021-06-07	5.25	5.2	5.45	5.4	155500.0
2021-06-08	5.4	5.3	5.45	5.45	30500.0
2021-06-09	5.45	5.4	5.5	5.4	195300.0
2021-06-10	5.4	5.3	5.4	5.3	79600.0
2021-06-11	5.3	5.2	5.3	5.3	70600.0
2021-06-14	5.3	5.25	5.3	5.3	37300.0
2021-06-15	5.35	5.1	5.35	5.3	218700.0
2021-06-16	5.2	5.2	5.3	5.3	34300.0
2021-06-17	5.25	5.25	5.35	5.3	25900.0
2021-06-18	5.35	5.25	5.35	5.35	62900.0
2021-06-21	5.35	5.25	5.35	5.35	114100.0
2021-06-22	5.35	5.35	5.85	5.8	1020000.0
2021-06-23	6.0	5.7	6.0	5.7	346100.0
2021-06-24	5.9	5.6	5.9	5.7	252800.0
2021-06-25	5.8	5.65	5.8	5.7	30300.0
2021-06-28	5.5	5.5	5.65	5.65	91000.0
2021-06-29	5.65	5.65	5.95	5.85	68000.0
2021-06-30	5.85	5.7	5.85	5.8	66900.0
2021-07-01	5.65	5.6	5.65	5.6	119700.0
2021-07-02	5.5	5.5	5.6	5.55	46900.0
2021-07-05	5.55	5.45	5.6	5.5	56200.0
2021-07-06	5.45	5.35	5.5	5.5	200700.0
2021-07-07	5.4	5.35	5.4	5.4	129300.0
2021-07-08	5.3	5.25	5.45	5.3	151300.0
2021-07-09	5.3	5.25	5.3	5.3	27700.0
2021-07-12	5.3	5.3	5.5	5.4	74200.0
2021-07-13	5.5	5.45	5.55	5.45	65900.0
2021-07-14	5.4	5.4	5.5	5.45	18500.0
2021-07-15	5.5	5.45	5.55	5.45	22400.0
2021-07-16	5.65	5.45	5.65	5.5	59700.0
2021-07-19	5.5	5.35	5.5	5.4	61100.0
2021-07-20	5.4	5.4	5.55	5.4	54000.0
2021-07-21	5.4	5.4	5.45	5.4	38700.0
2021-07-22	5.4	5.4	5.55	5.5	35800.0
2021-07-23	5.5	5.45	5.5	5.5	7200.0
2021-07-27	5.45	5.35	5.5	5.4	41100.0
2021-07-29	5.4	5.35	5.4	5.35	51500.0
2021-07-30	5.3	5.15	5.35	5.2	162200.0
2021-08-02	5.15	5.0	5.15	5.1	243400.0
2021-08-03	5.05	5.05	5.15	5.15	44400.0
2021-08-04	5.15	5.15	5.3	5.15	7900.0
2021-08-05	5.2	5.2	5.35	5.35	18600.0
2021-08-06	5.35	5.25	5.4	5.3	48800.0
2021-08-09	5.35	5.25	5.4	5.4	84400.0
2021-08-10	5.65	5.45	5.8	5.7	592900.0
2021-08-11	5.8	5.65	5.85	5.75	484200.0
2021-08-13	5.8	5.5	5.9	5.5	314800.0
2021-08-16	5.55	5.0	5.55	5.4	283900.0
2021-08-17	5.4	5.25	5.4	5.3	129600.0
2021-08-18	5.35	5.35	5.45	5.45	135700.0
2021-08-19	5.5	5.4	5.55	5.5	74100.0
2021-08-20	5.6	5.35	5.6	5.4	117500.0
2021-08-23	5.35	5.35	5.65	5.55	129400.0
2021-08-24	5.6	5.5	5.6	5.55	17500.0
2021-08-25	5.55	5.5	5.55	5.55	26600.0
2021-08-26	5.6	5.45	5.6	5.5	63300.0
2021-08-27	5.55	5.5	5.65	5.55	770800.0
2021-08-30	5.6	5.55	5.65	5.65	15900.0
2021-08-31	5.7	5.6	5.7	5.6	21400.0
2021-09-01	5.55	5.55	5.65	5.55	39700.0
2021-09-02	5.55	5.5	5.65	5.55	183700.0
2021-09-03	5.6	5.5	5.6	5.55	219500.0
2021-09-06	5.55	5.5	5.6	5.6	162900.0
2021-09-07	5.6	5.55	5.65	5.6	215800.0
2021-09-08	5.6	5.5	5.6	5.5	295200.0
2021-09-09	5.55	5.4	5.55	5.5	614900.0
2021-09-10	5.5	5.4	5.5	5.45	231400.0
2021-09-13	5.45	5.3	5.45	5.3	562700.0
2021-09-14	5.3	5.25	5.35	5.35	302100.0
2021-09-15	5.3	5.3	5.35	5.35	71700.0
2021-09-16	5.3	5.3	5.4	5.35	44000.0
2021-09-17	5.35	5.15	5.4	5.3	229500.0
2021-09-20	5.3	5.3	5.35	5.3	45100.0
2021-09-21	5.3	5.25	5.3	5.3	39400.0
2021-09-22	5.35	5.25	5.35	5.3	52800.0
2021-09-23	5.35	5.35	5.4	5.4	81000.0
2021-09-27	5.4	5.25	5.4	5.25	65500.0
2021-09-28	5.3	5.3	5.35	5.3	36200.0
2021-09-29	5.3	5.25	5.4	5.4	154500.0
2021-09-30	5.4	5.35	5.4	5.4	84100.0
2021-10-01	5.4	5.3	5.4	5.35	55600.0
2021-10-04	5.4	5.35	5.4	5.35	19500.0
2021-10-05	5.35	5.3	5.35	5.3	42900.0
2021-10-06	5.3	5.25	5.4	5.3	41700.0
2021-10-07	5.3	5.3	5.35	5.3	10900.0
2021-10-08	5.3	5.3	5.35	5.35	38900.0
2021-10-11	5.4	5.3	5.4	5.4	192400.0
2021-10-12	5.4	5.4	5.45	5.4	77300.0
2021-10-14	5.45	5.4	5.5	5.5	47500.0
2021-10-15	5.5	5.4	5.5	5.45	28400.0
2021-10-18	5.5	5.35	5.5	5.35	81100.0
2021-10-19	5.35	5.35	5.4	5.4	21900.0
2021-10-20	5.55	5.35	5.55	5.4	28500.0
2021-10-21	5.4	5.3	5.4	5.4	64800.0
2021-10-25	5.45	5.4	5.45	5.4	7500.0
2021-10-26	5.45	5.4	5.5	5.4	123500.0
2021-10-27	5.4	5.4	5.45	5.45	36800.0
2021-10-28	5.45	5.45	5.5	5.45	22100.0
2021-10-29	5.45	5.35	5.45	5.4	74100.0
2021-11-01	5.4	5.4	5.5	5.4	27800.0
2021-11-02	5.4	5.35	5.45	5.35	49500.0
2021-11-03	5.35	5.35	5.4	5.35	48100.0
2021-11-04	5.3	5.3	5.4	5.4	38000.0
2021-11-05	5.35	5.35	5.4	5.35	33600.0
2021-11-08	5.4	5.35	5.4	5.35	30000.0
2021-11-09	5.3	5.3	5.35	5.35	25800.0
2021-11-10	5.35	5.35	5.4	5.35	28600.0
2021-11-11	5.35	5.35	5.45	5.35	70500.0
2021-11-12	5.35	5.3	5.4	5.35	88500.0
2021-11-15	5.45	5.35	5.5	5.35	152500.0
2021-11-16	5.4	5.35	5.4	5.4	153000.0
2021-11-17	5.45	5.35	5.45	5.35	33100.0
2021-11-18	5.35	5.35	5.4	5.4	53400.0
2021-11-19	5.4	5.35	5.4	5.35	58200.0
2021-11-22	5.4	5.3	5.4	5.3	159500.0
2021-11-23	5.4	5.35	5.4	5.35	28200.0
2021-11-24	5.35	5.3	5.35	5.35	45000.0
2021-11-25	5.35	5.35	5.4	5.35	125200.0
2021-11-26	5.4	5.3	5.4	5.35	20100.0
2021-11-29	5.3	5.3	5.35	5.35	33400.0
2021-11-30	5.35	5.3	5.4	5.3	49000.0
2021-12-01	5.3	5.25	5.3	5.3	69700.0
2021-12-02	5.3	5.3	5.35	5.35	15000.0
2021-12-03	5.35	5.3	5.4	5.35	26600.0
2021-12-07	5.35	5.3	5.35	5.35	41100.0
2021-12-08	5.4	5.3	5.4	5.3	68900.0
2021-12-09	5.4	5.3	5.4	5.35	61200.0
2021-12-13	5.4	5.35	5.4	5.35	120200.0
2021-12-14	5.35	4.86	5.4	5.1	3369800.0
2021-12-15	5.1	4.96	5.15	4.96	899600.0
2021-12-16	4.96	4.96	5.1	5.1	374500.0
2021-12-17	5.1	5.05	5.1	5.1	150300.0
2021-12-20	5.1	4.98	5.1	4.98	297000.0
2021-12-21	4.98	4.96	5.05	4.96	217100.0
2021-12-22	5.0	4.94	5.0	4.94	278400.0
2021-12-23	4.96	4.9	5.0	4.92	408300.0
2021-12-24	4.9	4.88	4.92	4.9	209700.0
2021-12-27	4.92	4.9	4.96	4.94	63200.0
2021-12-28	4.96	4.96	5.0	4.96	150700.0
2021-12-29	4.98	4.98	5.1	5.05	208400.0
2021-12-30	5.05	5.05	5.1	5.1	35200.0
2022-01-04	5.1	5.05	5.15	5.1	126400.0
2022-01-05	5.15	5.05	5.15	5.15	202200.0
2022-01-06	5.1	5.05	5.1	5.1	45300.0
2022-01-07	5.1	5.05	5.1	5.05	40800.0
2022-01-10	5.05	5.05	5.1	5.1	33000.0
2022-01-11	5.05	5.05	5.1	5.1	139000.0
2022-01-12	5.1	5.05	5.2	5.15	194900.0
2022-01-13	5.2	5.15	5.25	5.25	816200.0
2022-01-14	5.25	5.2	5.25	5.2	41600.0
2022-01-17	5.2	5.1	5.2	5.15	64600.0
2022-01-18	5.2	5.1	5.2	5.15	39500.0
2022-01-19	5.1	5.05	5.1	5.1	649200.0
2022-01-20	5.05	5.05	5.15	5.1	23800.0
2022-01-21	5.0	5.0	5.05	5.05	58500.0
2022-01-24	5.0	5.0	5.05	5.05	43600.0
2022-01-25	5.0	4.98	5.0	4.98	90900.0
2022-01-26	5.0	4.98	5.05	5.0	118200.0
2022-01-27	5.0	4.96	5.0	5.0	157000.0
2022-01-28	5.05	5.0	5.05	5.05	19500.0
2022-01-31	5.05	5.0	5.05	5.05	70800.0
2022-02-01	5.0	5.0	5.1	5.1	61700.0
2022-02-02	5.1	4.98	5.1	5.05	162000.0
2022-02-03	5.05	5.0	5.1	5.1	93000.0
2022-02-04	5.1	5.05	5.1	5.05	44500.0
2022-02-07	5.05	5.05	5.1	5.05	83600.0
2022-02-08	5.1	5.05	5.15	5.15	127900.0
2022-02-09	5.15	5.1	5.15	5.15	118200.0
2022-02-10	5.1	5.1	5.15	5.15	49300.0
2022-02-11	5.15	5.1	5.15	5.15	63200.0
2022-02-14	5.15	5.0	5.15	5.1	63300.0
2022-02-15	5.05	5.05	5.1	5.1	22100.0
2022-02-17	5.15	5.1	5.2	5.15	114400.0
2022-02-18	5.15	5.15	5.2	5.15	81100.0
2022-02-21	5.15	5.1	5.2	5.1	115600.0
2022-02-22	5.1	5.05	5.15	5.15	34100.0
2022-02-23	5.15	5.15	5.25	5.2	48400.0
2022-02-24	5.15	4.98	5.15	5.0	332600.0
2022-02-25	5.05	5.0	5.1	5.05	80500.0
2022-02-28	5.0	5.0	5.05	5.0	91100.0
2022-03-01	5.0	5.0	5.05	5.0	64400.0
2022-03-02	5.0	5.0	5.05	5.05	180400.0
2022-03-03	5.0	5.0	5.1	5.05	27400.0
2022-03-04	5.05	5.05	5.1	5.05	39400.0
2022-03-07	5.05	5.0	5.1	5.05	254200.0
2022-03-08	5.0	4.9	5.05	4.98	89600.0
2022-03-09	5.0	5.0	5.1	5.1	36300.0
2022-03-10	5.1	5.1	5.15	5.15	21700.0
2022-03-11	5.1	5.1	5.15	5.15	358200.0
2022-03-14	5.2	5.1	5.2	5.15	50100.0
2022-03-15	5.2	5.15	5.2	5.15	43200.0
2022-03-16	5.15	5.1	5.15	5.15	8300.0
2022-03-17	5.15	5.1	5.15	5.15	14900.0
2022-03-18	5.1	5.05	5.15	5.15	25100.0
2022-03-21	5.1	5.1	5.15	5.1	13800.0
2022-03-22	5.1	5.05	5.1	5.1	7600.0
2022-03-23	5.1	5.1	5.15	5.1	28500.0
2022-03-24	5.1	5.1	5.2	5.15	44400.0
2022-03-25	5.15	5.1	5.15	5.15	13900.0
2022-03-28	5.2	5.15	5.2	5.15	43600.0
2022-03-29	5.15	5.1	5.15	5.1	35300.0
2022-03-30	5.05	5.05	5.15	5.1	39400.0
2022-03-31	5.1	5.1	5.15	5.15	19500.0
2022-04-01	5.15	5.1	5.15	5.15	27600.0
2022-04-04	5.1	5.05	5.15	5.15	16200.0
2022-04-05	5.1	5.1	5.15	5.15	75900.0
2022-04-07	5.1	5.1	5.15	5.1	61300.0
2022-04-08	5.15	5.1	5.15	5.1	14800.0
2022-04-11	5.1	5.05	5.1	5.1	28500.0
2022-04-12	5.1	5.1	5.15	5.1	14000.0
2022-04-18	5.15	5.1	5.15	5.15	156700.0
2022-04-19	5.05	5.0	5.15	5.05	144600.0
2022-04-20	5.0	5.0	5.1	5.1	11500.0
2022-04-21	5.1	5.05	5.1	5.05	1800.0
2022-04-22	5.05	4.98	5.05	5.05	38600.0
2022-04-25	5.0	5.0	5.15	5.0	63900.0
2022-04-26	5.0	5.0	5.1	5.0	15800.0
2022-04-27	4.96	4.96	5.0	4.98	80000.0
2022-04-28	4.94	4.94	5.0	5.0	12000.0
2022-04-29	4.98	4.98	5.05	5.0	5900.0
2022-05-03	5.0	5.0	5.0	5.0	28900.0
2022-05-05	5.0	4.98	5.0	4.98	1800.0
2022-05-06	4.96	4.96	4.98	4.98	11700.0
2022-05-09	4.92	4.92	5.0	5.0	28400.0
2022-05-10	4.9	4.9	5.0	5.0	24800.0
2022-05-11	5.2	4.96	5.2	5.05	13100.0
2022-05-12	5.05	4.96	5.05	4.98	9000.0
2022-05-13	4.96	4.9	4.98	4.92	49100.0
2022-05-17	5.15	4.98	5.15	5.1	391400.0
2022-05-18	5.1	5.0	5.1	5.0	28300.0
2022-05-19	5.0	5.0	5.0	5.0	18900.0
2022-05-20	5.05	5.0	5.1	5.0	22700.0
2022-05-23	5.05	5.05	5.1	5.1	80300.0
2022-05-24	5.1	5.05	5.15	5.1	31700.0
2022-05-25	5.1	5.1	5.15	5.1	73900.0
2022-05-26	5.15	5.0	5.15	5.1	47200.0
2022-05-27	5.15	5.05	5.15	5.05	36400.0
2022-05-30	5.05	5.05	5.15	5.15	48000.0
2022-05-31	5.1	5.1	5.15	5.1	91600.0
2022-06-01	5.1	5.1	5.3	5.25	237700.0
2022-06-02	5.35	5.1	5.8	5.1	2818800.0
2022-06-06	5.3	5.05	5.35	5.15	344900.0
2022-06-07	5.2	5.2	6.05	5.4	6374600.0
2022-06-08	5.45	5.4	5.6	5.45	1376500.0
2022-06-09	5.5	5.25	5.65	5.3	892600.0
2022-06-10	5.3	5.3	5.45	5.3	221600.0
2022-06-13	5.25	5.1	5.3	5.1	309400.0
2022-06-14	5.1	5.1	5.2	5.2	203200.0
2022-06-15	5.25	5.15	5.35	5.25	91500.0
2022-06-16	5.25	5.15	5.45	5.15	175900.0
2022-06-17	5.1	5.0	5.2	5.2	293400.0
2022-06-20	5.2	5.2	5.4	5.25	159500.0
2022-06-21	5.4	5.3	5.4	5.3	86200.0
2022-06-22	5.35	5.2	5.4	5.2	170800.0
2022-06-23	5.2	5.2	5.3	5.25	26900.0
2022-06-24	5.3	5.2	5.3	5.25	84500.0
2022-06-27	5.25	5.15	5.25	5.15	113200.0
2022-06-28	5.15	5.15	5.25	5.2	75200.0
2022-06-29	5.15	5.15	5.25	5.2	72200.0
2022-06-30	5.2	5.1	5.2	5.1	158500.0
2022-07-01	5.1	4.98	5.1	5.0	366900.0
2022-07-04	5.0	5.0	5.1	5.0	122300.0
2022-07-05	5.0	4.92	5.05	4.94	224500.0
2022-07-06	4.92	4.88	4.94	4.94	252600.0
2022-07-07	4.94	4.94	5.05	5.0	11700.0
2022-07-08	5.05	5.0	5.05	5.05	17600.0
2022-07-11	5.05	4.98	5.1	5.1	35900.0
2022-07-12	5.1	4.98	5.1	5.1	63400.0
2022-07-14	4.98	4.94	5.0	4.94	137600.0
2022-07-15	4.92	4.92	4.98	4.98	90500.0
2022-07-18	4.98	4.94	4.98	4.94	12000.0
2022-07-19	4.94	4.94	4.98	4.96	41100.0
2022-07-20	4.96	4.96	4.98	4.98	3500.0
2022-07-21	4.98	4.96	5.0	4.98	15800.0
2022-07-22	4.98	4.98	5.05	5.05	6600.0
2022-07-25	5.05	5.0	5.05	5.05	29500.0
2022-07-26	5.05	4.96	5.05	5.0	50500.0
2022-07-27	4.98	4.96	5.0	4.98	61300.0
2022-08-01	4.98	4.98	5.0	5.0	7900.0
2022-08-02	5.0	5.0	5.0	5.0	900.0
2022-08-03	4.98	4.98	5.1	5.0	5400.0
2022-08-04	5.0	5.0	5.05	5.05	10000.0
2022-08-05	5.0	5.0	5.05	5.05	2100.0
2022-08-08	5.05	5.0	5.05	5.0	34200.0
2022-08-09	5.0	4.98	5.05	4.98	36300.0
2022-08-10	5.05	5.05	5.2	5.1	374600.0
2022-08-11	5.2	5.1	5.2	5.1	164800.0
2022-08-15	5.15	5.05	5.15	5.1	166000.0
2022-08-16	5.15	5.05	5.15	5.15	93500.0
2022-08-17	5.15	5.1	5.2	5.2	156900.0
2022-08-18	5.2	5.1	5.2	5.15	135000.0
2022-08-19	5.15	5.1	5.2	5.1	35700.0
2022-08-22	5.1	5.1	5.2	5.15	750900.0
2022-08-23	5.0	5.0	5.1	5.0	85800.0
2022-08-24	5.05	5.0	5.1	5.0	107900.0
2022-08-25	5.0	4.86	5.0	4.86	1095300.0
2022-08-26	4.88	4.82	4.92	4.88	356900.0
2022-08-29	4.86	4.86	4.9	4.86	38500.0
2022-08-30	4.9	4.88	4.94	4.9	61100.0
2022-08-31	4.9	4.88	4.92	4.9	90200.0
2022-09-01	4.9	4.9	5.0	4.92	167900.0
2022-09-02	4.94	4.9	4.96	4.92	27200.0
2022-09-05	4.94	4.94	4.96	4.94	27500.0
2022-09-06	4.94	4.94	4.98	4.98	43700.0
2022-09-07	4.98	4.94	4.98	4.96	59800.0
2022-09-08	4.98	4.96	5.0	5.0	51700.0
2022-09-09	4.96	4.96	5.0	5.0	50800.0
2022-09-12	4.98	4.94	4.98	4.96	221700.0
2022-09-13	4.96	4.96	4.98	4.98	93100.0
2022-09-14	4.96	4.94	5.0	5.0	48800.0
2022-09-15	4.98	4.92	5.0	5.0	86000.0
2022-09-16	4.92	4.92	4.96	4.94	154600.0
2022-09-19	4.94	4.92	4.96	4.94	83700.0
2022-09-20	4.94	4.9	4.96	4.9	206100.0
2022-09-21	4.92	4.9	4.94	4.92	5100.0
2022-09-22	4.92	4.92	4.96	4.96	10100.0
2022-09-23	4.96	4.94	4.96	4.96	54000.0
2022-09-26	4.96	4.94	4.96	4.94	35000.0
2022-09-27	4.94	4.9	4.94	4.92	58600.0
2022-09-28	4.88	4.88	4.92	4.92	59100.0
2022-09-29	4.92	4.92	4.94	4.92	34900.0
2022-09-30	4.9	4.9	4.96	4.92	5800.0
2022-10-03	4.92	4.9	4.94	4.9	17900.0
2022-10-04	4.9	4.9	4.92	4.92	16400.0
2022-10-05	4.92	4.88	4.96	4.88	36500.0
2022-10-06	4.88	4.8	4.92	4.88	254600.0
2022-10-07	4.88	4.84	4.9	4.86	80900.0
2022-10-10	4.86	4.84	4.86	4.86	36700.0
2022-10-11	4.86	4.82	4.86	4.84	45100.0
2022-10-12	4.82	4.82	4.86	4.84	46800.0
2022-10-17	4.84	4.82	4.84	4.82	26600.0
2022-10-18	4.9	4.86	4.9	4.86	14700.0
2022-10-19	4.86	4.86	4.88	4.86	16100.0
2022-10-20	4.86	4.84	4.9	4.88	22000.0
2022-10-21	4.9	4.9	4.96	4.96	7700.0
2022-10-25	4.92	4.9	4.94	4.94	28300.0
2022-10-26	4.94	4.88	4.96	4.88	88700.0
2022-10-27	4.9	4.88	4.92	4.92	59400.0
2022-10-28	4.94	4.9	4.94	4.94	14100.0
2022-10-31	4.94	4.94	4.96	4.96	14000.0
2022-11-01	4.98	4.96	5.05	5.0	48700.0
2022-11-02	5.0	4.96	5.0	4.98	16300.0
2022-11-03	4.98	4.88	4.98	4.88	21300.0
2022-11-04	4.9	4.9	4.94	4.94	14100.0
2022-11-07	4.98	4.96	5.0	4.96	17200.0
2022-11-08	4.96	4.96	5.0	5.0	48500.0
2022-11-09	5.0	4.94	5.0	4.94	42700.0
2022-11-10	4.94	4.88	4.98	4.96	61400.0
2022-11-11	4.96	4.92	4.96	4.96	4900.0
2022-11-14	4.92	4.9	4.96	4.92	30300.0
2022-11-15	4.94	4.92	4.96	4.94	9200.0
2022-11-16	4.94	4.94	4.98	4.98	24000.0
2022-11-17	4.96	4.94	4.96	4.94	84600.0
2022-11-18	4.94	4.92	4.96	4.94	71400.0
2022-11-21	4.94	4.94	4.98	4.94	10600.0
2022-11-22	4.94	4.94	4.96	4.94	76000.0
2022-11-23	4.94	4.94	4.96	4.94	48700.0
2022-11-24	4.96	4.96	4.98	4.98	24100.0
2022-11-25	4.98	4.98	5.0	4.98	3300.0
2022-11-28	5.0	5.0	5.05	5.0	50500.0
2022-11-29	5.0	5.0	5.05	5.0	15900.0
2022-11-30	5.0	4.98	5.0	5.0	6800.0
2022-12-01	5.0	5.0	5.1	5.05	117500.0
2022-12-02	5.0	4.96	5.0	5.0	43300.0
2022-12-06	5.0	4.94	5.0	5.0	30800.0
2022-12-07	5.0	4.96	5.0	4.96	42000.0
2022-12-08	5.0	4.94	5.0	4.98	29900.0
2022-12-09	4.98	4.96	4.98	4.96	19600.0
2022-12-13	4.96	4.94	4.98	4.96	38100.0
2022-12-14	4.96	4.96	4.98	4.98	14200.0
2022-12-15	4.96	4.96	4.98	4.98	34900.0
2022-12-16	4.98	4.96	4.98	4.98	23700.0
2022-12-19	4.98	4.94	5.0	4.98	57800.0
2022-12-20	4.96	4.94	4.96	4.94	24400.0
2022-12-21	4.92	4.92	4.94	4.94	113300.0
2022-12-22	4.92	4.92	4.94	4.94	31000.0
2022-12-23	4.92	4.88	4.92	4.88	73500.0
2022-12-26	4.88	4.88	4.96	4.96	44000.0
2022-12-27	4.9	4.9	4.96	4.96	63600.0
2022-12-28	4.94	4.94	5.0	4.98	144500.0
2022-12-29	4.98	4.98	5.05	5.05	103100.0
2022-12-30	5.05	4.96	5.15	5.15	145300.0
