Date	Price Open	Price Low	Price High	Price Close	Volume
2015-05-06	27.5	25.5	33.25	25.75	36637000.0
2015-05-07	25.75	22.0	25.75	22.0	8446700.0
2015-05-08	22.3	20.8	22.5	21.3	3344300.0
2015-05-11	21.4	21.4	24.1	22.4	7975100.0
2015-05-12	22.2	22.0	24.6	23.9	12382200.0
2015-05-13	23.9	23.2	24.3	23.3	3076500.0
2015-05-14	23.3	23.1	25.25	25.0	4657800.0
2015-05-15	24.3	23.4	24.8	23.6	4554500.0
2015-05-18	23.3	22.4	23.9	23.0	1846500.0
2015-05-19	23.1	23.0	23.5	23.3	406900.0
2015-05-20	23.4	23.2	24.3	23.2	2349100.0
2015-05-21	23.5	23.0	23.6	23.3	300900.0
2015-05-22	23.6	23.1	23.7	23.1	315100.0
2015-05-25	23.2	22.8	23.5	22.9	276800.0
2015-05-26	23.0	22.7	23.1	22.7	170300.0
2015-05-27	22.9	22.4	22.9	22.6	123300.0
2015-05-28	22.7	22.5	22.9	22.5	73800.0
2015-05-29	22.7	22.3	22.7	22.3	173800.0
2015-06-02	22.1	21.5	22.4	21.6	261100.0
2015-06-03	21.9	21.5	22.2	21.7	92200.0
2015-06-04	21.4	21.2	21.7	21.6	158700.0
2015-06-05	21.6	20.9	21.9	21.9	1051100.0
2015-06-08	21.6	20.8	21.8	20.9	1139000.0
2015-06-09	21.0	20.8	21.2	20.9	278500.0
2015-06-10	20.9	20.7	21.1	20.7	140900.0
2015-06-11	20.9	20.8	21.0	20.8	71800.0
2015-06-12	20.9	20.8	21.1	20.8	136900.0
2015-06-15	20.9	20.7	21.0	20.8	170700.0
2015-06-16	20.8	20.3	20.8	20.3	225900.0
2015-06-17	20.3	20.3	21.3	21.1	639800.0
2015-06-18	21.1	20.7	21.3	20.7	231000.0
2015-06-19	20.8	20.5	20.8	20.6	58300.0
2015-06-22	20.8	20.5	20.8	20.6	19200.0
2015-06-23	20.6	20.6	21.0	20.8	95300.0
2015-06-24	21.0	20.8	21.1	20.8	119000.0
2015-06-25	20.8	20.7	20.8	20.7	47700.0
2015-06-26	20.7	20.6	20.8	20.7	64700.0
2015-06-29	20.4	20.3	20.5	20.5	54800.0
2015-06-30	20.4	20.0	20.4	20.0	351600.0
2015-07-02	20.0	20.0	20.4	20.3	91900.0
2015-07-03	20.1	19.9	20.2	19.9	63900.0
2015-07-06	19.8	19.7	19.8	19.7	77500.0
2015-07-07	19.7	19.7	20.2	20.0	39600.0
2015-07-08	19.9	19.8	19.9	19.8	30300.0
2015-07-09	19.8	19.5	19.9	19.5	101300.0
2015-07-10	19.6	19.5	20.0	20.0	43300.0
2015-07-13	20.0	19.7	20.0	19.8	8300.0
2015-07-14	19.9	19.8	20.0	19.9	35600.0
2015-07-15	19.9	19.8	19.9	19.8	7100.0
2015-07-16	19.8	19.5	19.9	19.5	87400.0
2015-07-17	19.6	19.1	19.8	19.1	92300.0
2015-07-20	19.1	18.9	19.1	18.9	169000.0
2015-07-21	18.9	18.5	18.9	18.7	59200.0
2015-07-22	18.6	18.5	18.6	18.5	28200.0
2015-07-23	18.7	18.6	19.0	18.6	7400.0
2015-07-24	18.6	18.3	18.7	18.3	79300.0
2015-07-27	18.5	18.0	18.5	18.0	67000.0
2015-07-28	18.2	17.9	18.3	18.0	304000.0
2015-07-29	18.0	17.9	18.2	18.1	29800.0
2015-07-31	18.2	18.1	18.3	18.1	25500.0
2015-08-03	18.3	18.1	18.3	18.1	10000.0
2015-08-04	18.4	17.8	18.8	17.8	105600.0
2015-08-05	17.8	17.8	18.3	18.0	23400.0
2015-08-06	18.1	18.0	18.5	18.5	21700.0
2015-08-07	18.1	18.1	19.5	19.5	173500.0
2015-08-10	19.1	19.0	19.1	19.0	28800.0
2015-08-11	19.1	19.0	19.3	19.0	25800.0
2015-08-13	18.9	18.5	19.0	19.0	10600.0
2015-08-14	19.6	19.0	19.6	19.5	900.0
2015-08-17	19.7	19.1	20.2	20.0	145400.0
2015-08-18	19.5	19.0	19.5	19.4	213600.0
2015-08-19	19.2	19.2	19.6	19.4	25300.0
2015-08-20	19.4	18.9	19.4	19.3	19600.0
2015-08-21	19.3	18.7	19.3	19.0	48900.0
2015-08-24	18.1	15.6	18.3	17.2	71900.0
2015-08-25	16.5	16.3	17.6	17.6	234600.0
2015-08-26	17.6	17.6	18.0	17.6	10500.0
2015-08-27	17.5	16.9	17.6	17.2	60000.0
2015-08-28	17.6	17.0	18.0	17.0	27300.0
2015-08-31	17.3	17.1	17.5	17.4	23100.0
2015-09-01	17.2	17.0	17.3	17.1	22500.0
2015-09-02	17.0	17.0	17.2	17.0	17500.0
2015-09-03	17.3	17.2	17.6	17.2	4600.0
2015-09-04	17.6	17.3	17.7	17.3	26200.0
2015-09-07	17.2	17.2	17.2	17.2	10500.0
2015-09-08	17.1	17.1	17.5	17.1	3900.0
2015-09-09	17.5	17.4	17.6	17.6	9200.0
2015-09-10	17.6	17.6	18.1	18.1	19600.0
2015-09-11	18.1	17.8	18.1	17.8	9600.0
2015-09-14	17.5	17.5	17.6	17.6	400.0
2015-09-15	17.7	17.6	18.0	17.6	11400.0
2015-09-16	17.6	17.6	17.7	17.7	5600.0
2015-09-17	17.7	17.7	17.7	17.7	700.0
2015-09-18	17.7	17.7	18.4	18.0	13100.0
2015-09-21	18.0	18.0	18.4	18.1	11200.0
2015-09-22	18.0	18.0	18.2	18.0	13200.0
2015-09-23	18.0	17.9	18.0	18.0	8500.0
2015-09-24	18.0	17.9	18.0	18.0	6700.0
2015-09-25	17.9	17.9	18.0	18.0	11300.0
2015-09-28	18.2	17.8	18.2	17.8	5600.0
2015-09-29	17.5	17.5	18.0	17.8	7000.0
2015-09-30	18.1	18.1	18.9	18.2	32500.0
2015-10-01	18.4	18.2	18.4	18.3	11500.0
2015-10-02	18.0	18.0	18.4	18.2	22700.0
2015-10-05	18.2	17.9	18.4	18.0	14700.0
2015-10-06	18.3	18.3	18.4	18.3	90000.0
2015-10-07	18.3	18.3	18.7	18.6	64200.0
2015-10-08	18.8	18.6	19.0	18.8	46200.0
2015-10-09	18.8	18.8	19.3	19.2	78700.0
2015-10-12	19.4	19.1	19.4	19.1	87800.0
2015-10-13	19.1	18.9	19.2	19.2	15800.0
2015-10-14	19.2	19.0	19.3	19.1	53100.0
2015-10-15	19.3	19.2	19.9	19.8	32800.0
2015-10-16	19.8	19.6	19.8	19.8	40600.0
2015-10-19	20.0	19.5	20.0	19.5	7100.0
2015-10-20	19.9	19.7	19.9	19.7	600.0
2015-10-21	19.9	19.3	19.9	19.8	1600.0
2015-10-26	19.5	19.5	19.8	19.6	2400.0
2015-10-27	19.7	19.4	19.7	19.6	3800.0
2015-10-28	19.5	19.2	19.6	19.3	9600.0
2015-10-29	19.1	18.9	19.1	18.9	4400.0
2015-10-30	18.7	18.3	18.8	18.3	29300.0
2015-11-02	18.3	18.3	18.5	18.4	16400.0
2015-11-03	18.4	17.8	18.4	18.0	49600.0
2015-11-04	18.5	17.9	18.5	17.9	32700.0
2015-11-05	17.8	17.8	18.3	18.3	8900.0
2015-11-06	18.2	18.2	18.3	18.3	3900.0
2015-11-09	18.2	18.0	18.3	18.0	9100.0
2015-11-10	18.0	17.9	18.0	18.0	5100.0
2015-11-11	18.2	17.8	18.6	18.1	36800.0
2015-11-12	18.0	17.4	18.0	17.5	67800.0
2015-11-13	17.7	17.4	17.8	17.8	7100.0
2015-11-16	17.7	17.7	18.1	18.0	232900.0
2015-11-17	18.3	18.3	19.3	19.2	326000.0
2015-11-18	19.4	18.9	19.4	19.2	119500.0
2015-11-19	19.2	19.2	19.7	19.6	128600.0
2015-11-20	19.7	18.8	19.8	19.7	138500.0
2015-11-23	19.4	19.4	20.0	19.7	31500.0
2015-11-24	19.7	19.5	19.9	19.5	76500.0
2015-11-25	19.0	19.0	19.7	19.7	44200.0
2015-11-26	19.8	19.6	19.8	19.7	20100.0
2015-11-27	19.7	19.6	19.7	19.6	31500.0
2015-11-30	19.7	19.6	19.7	19.7	10900.0
2015-12-02	19.2	18.8	19.5	19.3	87900.0
2015-12-03	19.0	19.0	19.2	19.2	42600.0
2015-12-04	19.2	18.9	19.2	18.9	76500.0
2015-12-08	18.9	18.2	19.1	18.9	43500.0
2015-12-09	19.0	18.8	19.1	19.0	68100.0
2015-12-11	19.0	18.1	19.0	18.1	4500.0
2015-12-14	18.0	17.9	18.2	18.2	30900.0
2015-12-15	18.0	18.0	18.6	18.6	45500.0
2015-12-16	18.2	18.2	18.9	18.9	23000.0
2015-12-17	19.0	19.0	19.3	19.3	59000.0
2015-12-18	18.8	18.8	19.5	19.1	46600.0
2015-12-21	19.3	19.0	19.3	19.1	26700.0
2015-12-22	19.3	18.9	19.3	19.2	52000.0
2015-12-23	18.6	18.3	19.0	19.0	2900.0
2015-12-24	19.3	19.1	19.4	19.1	20200.0
2015-12-25	19.1	19.0	19.1	19.0	3000.0
2015-12-29	19.4	19.4	19.4	19.4	3500.0
2016-01-04	19.4	19.1	19.4	19.1	3300.0
2016-01-05	18.5	17.9	18.8	18.8	11300.0
2016-01-06	19.2	19.0	19.2	19.2	22000.0
2016-01-07	18.5	18.5	19.0	18.6	4400.0
2016-01-08	18.4	18.3	18.8	18.8	10600.0
2016-01-12	18.6	18.4	18.8	18.8	1400.0
2016-01-13	18.9	18.6	19.0	19.0	25700.0
2016-01-15	18.9	18.9	19.0	19.0	5200.0
2016-01-18	18.5	18.4	19.0	18.9	6300.0
2016-01-19	19.0	18.9	19.1	19.1	7700.0
2016-01-20	19.0	18.5	19.0	18.5	5000.0
2016-01-21	18.5	18.5	19.0	18.9	5700.0
2016-01-22	18.8	18.7	19.0	18.8	20300.0
2016-01-25	18.8	18.8	18.9	18.9	15000.0
2016-01-26	18.9	18.9	18.9	18.9	400.0
2016-01-28	18.4	18.4	18.9	18.9	900.0
2016-02-01	18.8	18.8	18.9	18.8	14100.0
2016-02-04	18.6	18.6	18.9	18.9	13500.0
2016-02-05	18.9	18.6	19.0	19.0	21100.0
2016-02-08	18.6	18.6	19.0	19.0	500.0
2016-02-09	18.9	18.9	18.9	18.9	9000.0
2016-02-10	18.9	18.2	18.9	18.7	8500.0
2016-02-11	18.4	18.1	18.4	18.1	3600.0
2016-02-12	18.1	18.1	18.7	18.7	1100.0
2016-02-16	18.5	18.0	18.5	18.0	19900.0
2016-02-17	17.9	17.9	18.0	18.0	7600.0
2016-02-18	18.0	18.0	18.2	18.2	1700.0
2016-02-19	18.0	18.0	18.2	18.2	900.0
2016-02-23	18.1	18.0	18.1	18.0	8000.0
2016-02-24	18.0	18.0	18.2	18.2	6500.0
2016-02-25	18.5	18.5	18.5	18.5	1600.0
2016-02-26	18.3	18.2	18.5	18.5	18000.0
2016-02-29	18.2	18.2	18.3	18.3	17100.0
2016-03-01	19.0	18.8	19.2	19.0	136500.0
2016-03-02	18.9	18.9	19.0	19.0	35500.0
2016-03-03	19.0	18.9	19.0	18.9	26000.0
2016-03-04	18.8	18.8	19.1	19.1	18500.0
2016-03-07	19.2	18.9	19.2	19.2	12200.0
2016-03-08	19.1	18.5	19.1	18.5	47700.0
2016-03-09	18.5	18.5	18.9	18.9	11700.0
2016-03-10	18.9	18.9	19.0	18.9	16500.0
2016-03-11	18.9	18.9	19.1	18.9	51400.0
2016-03-14	19.0	19.0	19.1	19.1	33900.0
2016-03-15	19.1	19.1	19.4	19.2	143200.0
2016-03-16	19.4	19.3	20.3	20.3	149500.0
2016-03-17	20.5	20.1	21.0	20.3	156400.0
2016-03-18	20.8	20.4	20.8	20.4	141800.0
2016-03-21	20.5	20.2	20.5	20.2	37400.0
2016-03-22	20.2	20.1	20.4	20.2	22200.0
2016-03-23	20.5	20.2	20.5	20.3	29300.0
2016-03-24	20.4	20.3	20.4	20.3	48400.0
2016-03-25	20.4	20.4	20.8	20.7	73300.0
2016-03-28	19.1	19.1	19.9	19.5	61100.0
2016-03-29	19.5	19.5	19.6	19.6	15800.0
2016-03-30	19.6	19.6	19.8	19.8	18100.0
2016-03-31	20.3	19.8	20.6	20.6	78800.0
2016-04-01	20.8	20.3	20.8	20.6	64600.0
2016-04-04	20.6	20.4	20.6	20.4	32000.0
2016-04-05	20.3	20.2	20.3	20.2	11500.0
2016-04-07	20.2	20.2	20.2	20.2	5000.0
2016-04-08	20.1	20.1	20.1	20.1	1900.0
2016-04-11	20.1	20.1	20.1	20.1	600.0
2016-04-12	20.0	20.0	20.4	20.4	10400.0
2016-04-18	20.5	20.0	20.7	20.1	7800.0
2016-04-19	20.1	20.1	20.7	20.5	40300.0
2016-04-20	20.7	20.5	21.1	20.8	79300.0
2016-04-21	20.8	20.6	20.9	20.8	33500.0
2016-04-22	20.7	20.7	20.8	20.8	321300.0
2016-04-25	20.9	20.6	20.9	20.6	20200.0
2016-04-26	20.6	20.1	20.6	20.1	31000.0
2016-04-27	20.1	20.1	20.7	20.6	64500.0
2016-04-28	20.7	20.5	20.8	20.8	28100.0
2016-04-29	20.8	20.4	20.8	20.8	13800.0
2016-05-03	20.8	20.7	20.9	20.7	8500.0
2016-05-04	20.9	20.6	20.9	20.9	495500.0
2016-05-06	20.9	20.6	20.9	20.9	495500.0
2016-05-09	21.0	20.7	21.2	20.7	129600.0
2016-05-10	20.7	20.4	20.7	20.4	34300.0
2016-05-11	20.7	20.6	21.1	20.8	69500.0
2016-05-12	20.8	20.5	20.8	20.7	4400.0
2016-05-13	20.5	20.4	20.5	20.5	2700.0
2016-05-16	20.1	19.5	20.1	19.8	193400.0
2016-05-17	19.9	19.6	19.9	19.6	10400.0
2016-05-18	19.6	19.4	19.7	19.4	26300.0
2016-05-19	19.0	19.0	19.4	19.4	44500.0
2016-05-23	18.8	18.8	19.6	19.5	8800.0
2016-05-24	19.1	19.1	19.5	19.2	11400.0
2016-05-25	19.6	19.1	19.6	19.5	8100.0
2016-05-26	19.5	19.4	19.5	19.5	3000.0
2016-05-27	19.5	19.5	19.9	19.9	12900.0
2016-05-30	19.8	19.7	20.0	19.7	8400.0
2016-05-31	19.6	19.5	19.6	19.5	4400.0
2016-06-01	19.5	18.9	19.8	19.5	49500.0
2016-06-02	19.5	19.0	19.5	19.5	20200.0
2016-06-03	19.4	18.9	19.7	19.4	26200.0
2016-06-06	19.4	19.1	19.4	19.1	22900.0
2016-06-07	19.2	18.8	19.6	19.1	132800.0
2016-06-08	19.0	18.9	19.1	19.1	76100.0
2016-06-09	19.1	18.9	19.1	19.1	54800.0
2016-06-10	18.9	18.5	19.2	19.1	34500.0
2016-06-13	19.0	19.0	19.0	19.0	800.0
2016-06-14	18.9	18.9	19.4	19.4	7100.0
2016-06-15	19.1	18.9	19.1	19.1	19400.0
2016-06-16	18.9	18.9	18.9	18.9	4500.0
2016-06-17	18.9	18.9	19.0	19.0	7800.0
2016-06-20	19.2	18.6	19.2	18.9	32100.0
2016-06-21	18.9	18.6	18.9	18.7	15200.0
2016-06-22	18.8	18.8	19.1	18.9	486600.0
2016-06-23	18.8	18.8	18.9	18.9	4700.0
2016-06-24	18.8	18.5	18.8	18.6	15900.0
2016-06-27	18.6	18.6	18.7	18.6	12000.0
2016-06-28	19.0	18.7	19.2	18.7	17200.0
2016-06-29	18.8	18.8	19.3	18.8	53400.0
2016-06-30	18.9	18.9	19.2	19.2	17000.0
2016-07-04	19.2	19.1	19.3	19.1	83700.0
2016-07-05	19.1	19.1	19.2	19.1	10700.0
2016-07-06	19.1	19.1	19.9	19.2	470000.0
2016-07-07	19.8	19.3	19.8	19.7	79800.0
2016-07-08	19.8	19.6	20.1	19.6	86700.0
2016-07-11	19.8	19.5	20.1	19.8	99300.0
2016-07-12	20.2	19.8	20.2	19.8	23200.0
2016-07-13	19.6	19.6	20.2	19.9	44300.0
2016-07-14	20.0	19.7	20.0	19.9	25300.0
2016-07-15	20.1	19.9	20.2	20.0	60800.0
2016-07-20	20.1	20.0	20.1	20.0	45000.0
2016-07-21	20.0	19.8	20.1	20.0	433200.0
2016-07-22	20.0	20.0	20.1	20.1	34100.0
2016-07-25	20.1	20.1	20.2	20.1	37400.0
2016-07-26	20.2	20.1	20.4	20.2	113500.0
2016-07-27	20.1	20.0	20.3	20.0	147700.0
2016-07-28	20.0	20.0	20.2	20.2	146600.0
2016-07-29	20.4	20.0	20.4	20.3	20700.0
2016-08-01	20.2	19.7	20.3	19.9	134000.0
2016-08-02	19.8	19.8	20.1	20.0	15100.0
2016-08-03	20.3	20.0	20.3	20.2	151100.0
2016-08-04	20.5	20.3	20.5	20.3	85100.0
2016-08-05	20.4	20.1	20.4	20.1	700.0
2016-08-08	20.4	20.0	20.4	20.0	10900.0
2016-08-09	20.0	20.0	20.2	20.2	2100.0
2016-08-10	20.1	20.1	20.2	20.1	12700.0
2016-08-11	20.1	19.8	20.1	19.8	47500.0
2016-08-15	20.2	19.8	20.2	19.8	100200.0
2016-08-16	19.8	19.8	20.0	19.8	39100.0
2016-08-17	19.9	19.9	19.9	19.9	5100.0
2016-08-18	19.9	19.8	20.3	19.8	2200.0
2016-08-19	20.0	19.9	20.0	19.9	39000.0
2016-08-22	19.9	19.9	20.1	20.0	69600.0
2016-08-23	20.1	20.1	20.1	20.1	1000.0
2016-08-24	20.0	19.9	20.1	19.9	56100.0
2016-08-25	20.2	19.9	20.3	19.9	58600.0
2016-08-26	20.2	19.9	20.2	20.0	171600.0
2016-08-29	19.9	19.4	19.9	19.9	80100.0
2016-08-30	19.9	19.6	19.9	19.6	7800.0
2016-08-31	19.8	19.8	20.0	19.8	34500.0
2016-09-01	19.5	19.5	19.9	19.8	9900.0
2016-09-02	19.7	19.5	19.8	19.5	7900.0
2016-09-05	19.7	19.4	19.8	19.8	20200.0
2016-09-06	19.5	18.8	19.5	19.1	59000.0
2016-09-07	19.1	19.1	19.7	19.1	8000.0
2016-09-08	19.1	19.0	19.6	19.0	4600.0
2016-09-09	18.0	18.0	19.5	19.0	11100.0
2016-09-13	19.0	19.0	19.0	19.0	1900.0
2016-09-14	18.7	18.5	19.0	19.0	33900.0
2016-09-15	18.8	18.5	18.8	18.5	35000.0
2016-09-16	18.6	18.5	18.9	18.5	24700.0
2016-09-19	18.6	18.6	19.0	18.6	1400.0
2016-09-20	18.7	18.7	18.7	18.7	3400.0
2016-09-21	18.8	18.7	18.8	18.8	400.0
2016-09-22	18.8	18.8	19.1	18.9	2300.0
2016-09-23	18.8	18.8	18.8	18.8	2300.0
2016-09-26	18.8	18.8	18.9	18.9	1400.0
2016-09-27	18.9	18.9	18.9	18.9	3500.0
2016-09-28	18.7	18.7	18.7	18.7	1100.0
2016-09-29	18.9	18.9	19.0	19.0	5100.0
2016-09-30	19.0	19.0	19.0	19.0	2000.0
2016-10-03	18.7	18.7	18.8	18.8	4100.0
2016-10-04	18.9	18.9	18.9	18.9	1000.0
2016-10-05	18.9	18.9	18.9	18.9	10000.0
2016-10-06	18.9	18.8	19.0	19.0	9200.0
2016-10-07	18.9	18.9	18.9	18.9	5000.0
2016-10-10	18.5	18.5	18.6	18.6	15100.0
2016-10-11	18.7	18.4	18.7	18.4	11200.0
2016-10-12	18.3	16.9	18.4	16.9	330500.0
2016-10-13	17.0	16.7	17.5	17.5	179900.0
2016-10-14	17.5	17.5	18.4	18.3	141800.0
2016-10-17	18.7	18.4	18.7	18.4	66700.0
2016-10-18	18.4	18.3	18.6	18.5	200000.0
2016-10-19	18.3	18.2	18.6	18.6	168500.0
2016-10-20	18.5	18.5	19.0	18.9	183000.0
2016-10-21	18.5	18.5	18.5	18.5	10800.0
2016-10-25	18.4	18.4	18.5	18.4	2000.0
2016-10-26	18.4	18.2	18.5	18.3	24700.0
2016-10-28	18.3	18.3	18.3	18.3	100.0
2016-10-31	18.3	17.9	18.3	17.9	81500.0
2016-11-01	18.1	18.0	18.1	18.1	23500.0
2016-11-02	18.1	18.1	18.2	18.2	7900.0
2016-11-03	18.0	17.9	18.1	17.9	56000.0
2016-11-04	17.9	17.9	18.0	17.9	24300.0
2016-11-07	18.0	18.0	18.3	18.0	184000.0
2016-11-08	18.0	18.0	18.1	18.0	34500.0
2016-11-09	18.1	18.1	18.2	18.1	426200.0
2016-11-10	18.2	18.1	18.2	18.1	17900.0
2016-11-11	18.2	18.0	18.4	18.0	24400.0
2016-11-14	18.1	18.0	18.1	18.0	2300.0
2016-11-15	18.2	18.2	18.7	18.5	33000.0
2016-11-16	18.4	18.4	18.9	18.8	30800.0
2016-11-17	18.5	18.5	18.9	18.9	10900.0
2016-11-18	19.0	18.8	19.2	18.8	11300.0
2016-11-21	19.1	18.3	19.1	18.5	79000.0
2016-11-22	18.5	18.5	18.6	18.6	1500.0
2016-11-23	18.5	18.5	18.6	18.6	5300.0
2016-11-24	18.8	18.5	19.0	18.5	44300.0
2016-11-25	18.7	18.6	18.7	18.6	18300.0
2016-11-28	18.7	18.6	18.9	18.7	317800.0
2016-11-29	18.6	18.4	19.1	19.1	97000.0
2016-11-30	19.1	19.0	19.1	19.1	15900.0
2016-12-01	19.0	18.6	19.3	19.2	9700.0
2016-12-02	19.2	18.9	19.3	19.2	203800.0
2016-12-06	19.1	19.1	19.3	19.3	5100.0
2016-12-07	19.3	18.8	19.3	18.8	6300.0
2016-12-08	19.1	18.8	19.2	19.1	6000.0
2016-12-09	18.8	18.8	19.2	19.2	11400.0
2016-12-13	18.9	18.7	19.0	18.7	108900.0
2016-12-14	18.7	18.6	19.0	18.6	40200.0
2016-12-15	18.7	18.6	18.7	18.6	27600.0
2016-12-16	19.2	18.7	19.2	19.1	10800.0
2016-12-19	19.2	19.0	19.2	19.0	2900.0
2016-12-20	18.8	18.8	19.0	18.9	300.0
2016-12-21	18.9	18.8	18.9	18.8	1200.0
2016-12-22	18.8	18.8	18.8	18.8	2500.0
2016-12-23	18.8	18.8	19.2	19.0	93800.0
2016-12-26	19.0	19.0	19.1	19.1	4200.0
2016-12-27	19.1	19.1	19.1	19.1	1400.0
2016-12-28	19.1	19.1	19.4	19.2	16600.0
2016-12-29	19.2	19.0	19.3	19.1	6600.0
2016-12-30	19.0	19.0	19.1	19.1	5500.0
2017-01-04	19.7	19.3	19.7	19.3	21800.0
2017-01-05	19.4	19.4	19.6	19.6	34900.0
2017-01-06	19.5	19.5	19.6	19.5	25600.0
2017-01-09	19.5	19.5	19.6	19.5	41400.0
2017-01-10	19.5	19.5	19.6	19.5	13200.0
2017-01-11	19.6	19.6	20.8	20.7	142500.0
2017-01-12	20.7	20.2	20.8	20.2	26300.0
2017-01-13	20.4	20.4	20.5	20.4	29000.0
2017-01-16	20.4	20.0	20.5	20.2	356000.0
2017-01-17	20.2	20.2	20.9	20.3	101100.0
2017-01-18	20.2	20.0	20.3	20.2	526600.0
2017-01-19	20.2	19.9	20.3	20.0	341800.0
2017-01-20	20.0	20.0	20.0	20.0	28500.0
2017-01-23	20.0	20.0	20.2	20.2	183400.0
2017-01-24	20.2	20.2	20.4	20.4	237700.0
2017-01-25	20.5	20.5	21.4	21.2	171500.0
2017-01-26	21.4	21.2	23.1	22.6	388800.0
2017-01-27	22.9	22.2	23.2	22.6	64000.0
2017-01-30	22.1	22.1	23.5	23.5	131800.0
2017-01-31	23.5	22.8	23.7	22.9	47700.0
2017-02-01	23.2	23.0	23.3	23.0	16500.0
2017-02-02	22.7	22.6	23.2	23.1	14700.0
2017-02-03	22.8	22.8	23.1	23.1	3100.0
2017-02-06	23.2	23.0	23.2	23.0	12400.0
2017-02-07	23.2	23.2	23.5	23.3	30900.0
2017-02-08	23.4	23.3	23.8	23.4	49300.0
2017-02-09	23.3	22.9	23.3	22.9	29700.0
2017-02-10	23.2	22.8	23.2	22.9	13900.0
2017-02-14	22.9	22.9	22.9	22.9	6100.0
2017-02-15	22.7	21.4	22.8	22.5	295400.0
2017-02-16	22.1	22.1	23.0	23.0	38400.0
2017-02-17	22.9	22.7	23.0	22.7	20000.0
2017-02-20	22.7	22.5	22.8	22.5	18100.0
2017-02-21	22.8	22.1	22.8	22.1	34900.0
2017-02-22	21.9	21.9	22.6	22.5	4400.0
2017-02-23	22.4	22.4	23.0	22.4	11500.0
2017-02-24	22.3	22.1	22.8	22.8	18200.0
2017-02-27	24.1	22.9	24.5	23.0	256700.0
2017-02-28	23.9	23.0	23.9	23.0	61900.0
2017-03-01	23.1	22.8	23.3	23.3	200100.0
2017-03-02	23.6	23.5	24.1	24.1	605000.0
2017-03-03	24.5	24.2	24.8	24.4	150300.0
2017-03-06	24.2	24.1	24.3	24.3	103600.0
2017-03-07	24.3	22.9	24.3	23.1	139700.0
2017-03-08	23.0	22.6	23.2	22.8	123800.0
2017-03-09	21.5	21.5	22.0	21.7	66200.0
2017-03-10	21.7	21.7	22.0	22.0	59000.0
2017-03-13	21.7	21.7	22.4	22.0	33200.0
2017-03-14	22.0	20.8	22.3	21.9	454600.0
2017-03-15	21.6	21.6	22.0	22.0	11900.0
2017-03-16	21.9	21.9	22.3	22.3	444100.0
2017-03-17	22.6	22.5	22.8	22.5	145500.0
2017-03-20	22.8	22.7	23.1	23.1	25200.0
2017-03-21	23.4	22.9	23.4	23.0	77000.0
2017-03-22	23.0	22.7	23.1	22.7	126300.0
2017-03-23	22.6	22.6	22.6	22.6	7000.0
2017-03-24	22.6	22.5	22.6	22.5	36000.0
2017-03-27	22.5	22.2	22.6	22.2	72900.0
2017-03-28	22.3	22.3	22.8	22.4	13500.0
2017-03-29	22.4	22.4	22.6	22.4	59500.0
2017-03-30	22.6	22.4	22.8	22.4	139400.0
2017-03-31	22.7	22.3	22.7	22.7	20200.0
2017-04-03	22.7	22.4	22.7	22.6	29100.0
2017-04-04	22.6	22.1	22.6	22.1	98600.0
2017-04-05	22.1	22.0	22.4	22.0	57000.0
2017-04-07	22.1	22.1	22.4	22.4	14700.0
2017-04-10	22.3	22.1	22.3	22.3	48700.0
2017-04-11	22.3	22.1	22.3	22.3	36100.0
2017-04-12	22.2	22.0	22.2	22.1	69200.0
2017-04-17	22.1	21.9	22.1	22.0	42700.0
2017-04-18	22.0	21.8	22.1	21.8	25700.0
2017-04-19	21.8	21.5	21.9	21.7	89800.0
2017-04-20	21.6	21.5	21.7	21.5	80300.0
2017-04-21	21.6	21.5	21.6	21.6	11200.0
2017-04-24	21.6	21.5	21.7	21.7	65800.0
2017-04-25	22.0	21.2	22.0	21.3	64100.0
2017-04-26	21.2	21.1	21.4	21.3	18900.0
2017-04-27	21.4	21.2	21.4	21.4	33200.0
2017-05-02	21.5	21.4	21.9	21.9	58600.0
2017-05-03	21.8	21.3	21.8	21.8	65000.0
2017-05-04	21.5	21.5	21.8	21.8	4400.0
2017-05-05	21.8	21.8	21.9	21.9	7100.0
2017-05-08	22.4	22.1	22.4	22.1	7800.0
2017-05-09	22.0	21.7	22.0	21.7	29200.0
2017-05-11	21.6	21.3	21.7	21.3	99300.0
2017-05-12	21.3	21.3	21.6	21.4	12000.0
2017-05-15	20.1	18.5	20.2	18.6	711500.0
2017-05-16	18.6	18.2	18.8	18.8	69000.0
2017-05-17	18.8	18.5	18.9	18.9	18100.0
2017-05-18	19.1	19.0	19.1	19.1	17500.0
2017-05-19	19.0	18.7	19.0	18.7	63000.0
2017-05-22	18.6	18.6	19.0	18.8	10500.0
2017-05-23	18.9	18.9	19.0	19.0	8300.0
2017-05-24	19.6	19.2	19.6	19.2	5100.0
2017-05-25	19.2	19.1	19.2	19.2	14000.0
2017-05-26	19.2	19.2	19.2	19.2	10300.0
2017-05-29	19.4	19.1	19.4	19.1	3300.0
2017-05-30	19.0	19.0	19.2	19.0	12100.0
2017-05-31	19.0	18.8	19.1	19.1	25200.0
2017-06-01	19.0	19.0	19.3	19.3	2800.0
2017-06-02	19.1	19.1	19.5	19.3	3100.0
2017-06-05	19.1	19.1	19.1	19.1	2000.0
2017-06-06	19.2	19.1	19.2	19.1	20000.0
2017-06-07	19.1	19.1	19.1	19.1	39600.0
2017-06-08	19.2	19.1	19.2	19.2	3000.0
2017-06-09	19.1	19.1	19.1	19.1	200.0
2017-06-12	19.2	19.2	19.2	19.2	100.0
2017-06-13	19.1	19.1	19.1	19.1	2700.0
2017-06-14	19.3	19.3	19.3	19.3	500.0
2017-06-15	19.2	19.1	19.2	19.2	12300.0
2017-06-16	19.2	19.0	19.3	19.2	17700.0
2017-06-19	19.2	19.2	19.3	19.3	15000.0
2017-06-20	19.3	19.3	19.4	19.4	5800.0
2017-06-21	19.4	19.4	19.5	19.5	4300.0
2017-06-22	19.5	19.5	20.9	20.8	38300.0
2017-06-23	20.8	20.6	20.8	20.6	12200.0
2017-06-26	20.8	20.1	20.8	20.1	17600.0
2017-06-27	20.4	20.0	20.4	20.4	3200.0
2017-06-28	20.0	19.8	20.0	20.0	5000.0
2017-06-29	20.0	20.0	20.0	20.0	100.0
2017-06-30	19.8	19.5	20.0	20.0	20300.0
2017-07-03	19.6	19.5	19.6	19.5	2000.0
2017-07-04	19.9	19.5	20.0	20.0	22500.0
2017-07-05	19.3	19.3	19.3	19.3	53700.0
2017-07-06	19.6	19.3	19.6	19.5	12000.0
2017-07-07	19.3	19.3	19.5	19.4	4700.0
2017-07-11	19.2	19.2	19.2	19.2	5100.0
2017-07-12	19.1	19.1	19.3	19.3	2900.0
2017-07-13	19.3	19.0	19.4	19.2	12200.0
2017-07-14	19.9	19.2	19.9	19.2	46500.0
2017-07-17	19.3	19.2	19.3	19.2	12300.0
2017-07-18	19.2	19.1	19.4	19.3	11600.0
2017-07-19	19.2	19.2	19.3	19.2	26100.0
2017-07-20	19.2	19.1	19.3	19.3	43300.0
2017-07-21	19.3	19.0	19.3	19.0	23600.0
2017-07-24	19.2	19.0	19.2	19.0	23400.0
2017-07-25	19.0	19.0	19.0	19.0	5100.0
2017-07-26	19.0	19.0	19.0	19.0	18800.0
2017-07-27	19.0	18.8	19.0	18.8	4700.0
2017-07-31	18.9	18.8	19.0	19.0	12900.0
2017-08-01	19.0	19.0	19.0	19.0	4000.0
2017-08-02	19.0	19.0	19.0	19.0	18700.0
2017-08-03	18.9	18.9	19.0	19.0	1200.0
2017-08-04	18.9	18.8	19.0	19.0	1600.0
2017-08-07	19.2	19.0	19.2	19.0	1200.0
2017-08-08	19.0	18.9	19.0	18.9	31400.0
2017-08-09	18.9	18.8	18.9	18.8	2600.0
2017-08-10	18.8	18.8	18.8	18.8	200.0
2017-08-11	18.8	18.5	18.8	18.5	42000.0
2017-08-15	19.0	19.0	19.3	19.2	15100.0
2017-08-16	19.2	19.2	19.9	19.6	15300.0
2017-08-17	19.5	19.4	19.6	19.4	133000.0
2017-08-18	19.4	19.4	19.5	19.5	5000.0
2017-08-21	19.6	19.5	19.7	19.5	26300.0
2017-08-22	19.9	19.5	19.9	19.5	27300.0
2017-08-23	19.5	19.5	19.6	19.5	5300.0
2017-08-24	19.5	19.5	20.0	19.6	32500.0
2017-08-25	20.0	19.6	20.0	19.9	8300.0
2017-08-28	19.6	19.6	19.8	19.8	2100.0
2017-08-29	19.7	19.6	19.9	19.9	15700.0
2017-08-30	19.9	19.7	19.9	19.9	7200.0
2017-08-31	19.7	19.7	19.7	19.7	5500.0
2017-09-01	19.7	19.7	19.9	19.7	20000.0
2017-09-04	19.7	18.9	19.7	19.4	415200.0
2017-09-05	19.3	19.3	19.3	19.3	600.0
2017-09-06	19.0	19.0	19.1	19.1	8300.0
2017-09-07	19.2	19.2	19.5	19.3	28900.0
2017-09-08	19.3	19.3	19.4	19.4	5800.0
2017-09-11	19.4	19.2	19.4	19.3	9100.0
2017-09-12	19.5	19.5	19.9	19.8	12500.0
2017-09-13	19.8	19.7	19.8	19.7	4500.0
2017-09-14	19.4	19.3	19.5	19.3	13500.0
2017-09-15	19.3	19.3	19.6	19.6	16800.0
2017-09-18	19.5	19.4	19.6	19.5	15300.0
2017-09-19	19.7	19.4	19.7	19.5	2800.0
2017-09-20	19.5	19.5	19.5	19.5	2800.0
2017-09-21	19.5	19.5	19.6	19.6	3000.0
2017-09-22	19.7	19.5	19.7	19.7	12600.0
2017-09-25	19.6	19.6	19.8	19.8	18400.0
2017-09-26	19.8	19.6	19.8	19.6	34900.0
2017-09-27	19.7	19.5	19.7	19.5	25000.0
2017-09-28	19.6	19.5	19.6	19.5	14700.0
2017-09-29	19.5	19.4	19.6	19.4	38600.0
2017-10-02	19.4	19.4	19.8	19.4	4100.0
2017-10-03	19.5	19.5	19.6	19.6	9700.0
2017-10-04	19.6	19.5	19.6	19.5	6300.0
2017-10-05	19.5	19.5	19.5	19.5	3400.0
2017-10-06	19.6	19.5	19.7	19.6	5100.0
2017-10-09	19.5	19.5	19.6	19.5	700.0
2017-10-10	19.5	19.5	19.6	19.5	38200.0
2017-10-11	19.6	19.5	19.7	19.6	9100.0
2017-10-12	19.6	19.5	19.6	19.5	2200.0
2017-10-16	19.5	19.5	19.9	19.8	22400.0
2017-10-17	19.7	19.7	19.8	19.7	1400.0
2017-10-18	19.9	19.8	19.9	19.8	10600.0
2017-10-19	19.8	19.8	20.3	19.8	7300.0
2017-10-20	19.7	19.7	20.2	19.7	2300.0
2017-10-24	19.6	19.5	19.8	19.8	30600.0
2017-10-25	19.6	19.0	19.8	19.5	73900.0
2017-10-27	19.5	19.5	19.7	19.6	18500.0
2017-10-30	19.5	19.5	19.6	19.6	5800.0
2017-10-31	19.5	19.5	19.6	19.5	4400.0
2017-11-01	19.5	19.5	19.8	19.7	19000.0
2017-11-02	19.6	19.6	20.0	20.0	22200.0
2017-11-03	20.0	19.9	20.0	20.0	14300.0
2017-11-06	20.0	19.7	20.0	19.8	14700.0
2017-11-07	19.8	19.8	19.8	19.8	200.0
2017-11-08	19.8	19.7	19.8	19.8	9200.0
2017-11-09	19.7	19.7	20.0	20.0	2400.0
2017-11-10	19.7	19.6	19.7	19.6	13800.0
2017-11-13	19.6	19.6	19.7	19.7	7200.0
2017-11-14	19.4	19.2	19.4	19.4	28200.0
2017-11-15	19.3	19.1	19.3	19.2	20600.0
2017-11-16	19.1	18.0	19.2	18.3	294100.0
2017-11-17	18.2	17.8	18.4	18.2	216500.0
2017-11-20	18.2	18.0	18.3	18.3	659000.0
2017-11-21	18.3	18.3	18.6	18.6	18700.0
2017-11-22	18.5	18.5	18.6	18.6	8800.0
2017-11-23	18.6	18.5	18.6	18.5	4300.0
2017-11-24	18.6	18.0	18.7	18.5	64200.0
2017-11-27	18.5	18.5	18.5	18.5	2100.0
2017-11-28	18.4	18.4	18.8	18.6	25500.0
2017-11-29	18.5	18.5	19.0	19.0	52800.0
2017-11-30	19.0	18.8	19.0	19.0	20400.0
2017-12-01	19.0	18.9	19.1	19.1	2900.0
2017-12-04	18.9	18.7	19.0	19.0	9100.0
2017-12-06	19.0	19.0	19.0	19.0	600.0
2017-12-07	19.0	19.0	19.0	19.0	100.0
2017-12-08	18.8	18.6	19.0	19.0	54000.0
2017-12-12	19.0	18.9	19.0	18.9	6700.0
2017-12-13	18.7	18.5	19.0	19.0	11400.0
2017-12-14	18.7	18.3	18.7	18.4	22400.0
2017-12-15	18.7	18.5	18.7	18.5	500.0
2017-12-18	18.6	18.5	18.6	18.5	10300.0
2017-12-19	18.8	18.6	18.8	18.6	1300.0
2017-12-20	18.6	18.6	18.8	18.8	1200.0
2017-12-21	18.8	18.8	18.9	18.8	13000.0
2017-12-22	18.7	18.7	18.7	18.7	10700.0
2017-12-25	18.7	18.7	18.8	18.7	9900.0
2017-12-26	18.9	18.7	19.0	18.8	3500.0
2017-12-27	18.7	18.7	18.9	18.9	3600.0
2017-12-28	18.9	18.8	18.9	18.8	1100.0
2017-12-29	18.8	18.8	18.9	18.9	1300.0
2018-01-03	18.8	18.8	19.2	18.9	11600.0
2018-01-04	18.8	18.6	18.9	18.9	2700.0
2018-01-05	18.8	18.8	19.3	18.8	8800.0
2018-01-08	18.9	18.7	18.9	18.7	24500.0
2018-01-09	18.7	18.7	18.7	18.7	200.0
2018-01-10	18.7	18.6	18.9	18.9	13600.0
2018-01-11	18.9	18.7	18.9	18.8	4600.0
2018-01-12	18.8	18.5	18.8	18.8	9400.0
2018-01-15	18.6	18.5	18.7	18.5	9700.0
2018-01-16	18.5	18.4	18.7	18.7	11500.0
2018-01-17	18.6	18.6	18.8	18.6	2900.0
2018-01-18	18.6	18.6	18.8	18.6	3100.0
2018-01-19	18.8	18.6	18.8	18.8	5600.0
2018-01-22	19.3	19.0	19.3	19.1	20200.0
2018-01-23	19.0	18.8	19.1	18.8	22800.0
2018-01-24	18.9	18.8	18.9	18.8	500.0
2018-01-25	18.9	18.9	19.0	18.9	6900.0
2018-01-26	18.8	18.8	18.8	18.8	14200.0
2018-01-29	18.9	18.9	18.9	18.9	4600.0
2018-01-30	19.2	19.0	19.2	19.0	10400.0
2018-01-31	19.0	19.0	19.0	19.0	11700.0
2018-02-01	19.0	18.9	19.0	18.9	17100.0
2018-02-02	18.9	18.9	19.0	19.0	1000.0
2018-02-05	19.0	19.0	19.0	19.0	6200.0
2018-02-06	18.3	18.3	18.7	18.7	6500.0
2018-02-07	18.8	18.8	18.9	18.8	2200.0
2018-02-09	19.0	18.8	19.2	19.2	1500.0
2018-02-13	18.9	18.9	19.1	19.1	1000.0
2018-02-14	19.4	18.7	19.4	18.9	29400.0
2018-02-15	18.8	18.8	18.9	18.8	11400.0
2018-02-16	18.8	18.8	19.0	18.9	6600.0
2018-02-19	18.9	18.9	18.9	18.9	2300.0
2018-02-20	18.8	18.8	19.1	19.1	700.0
2018-02-21	18.9	18.9	19.1	19.0	1900.0
2018-02-22	19.1	19.1	19.1	19.1	200.0
2018-02-23	19.0	18.6	19.3	19.3	2300.0
2018-02-26	19.4	18.5	19.4	18.6	51900.0
2018-02-27	18.7	18.4	18.7	18.6	75300.0
2018-02-28	18.7	18.7	18.9	18.8	2300.0
2018-03-02	18.4	18.2	18.8	18.8	8500.0
2018-03-05	18.6	18.5	18.7	18.7	6100.0
2018-03-06	18.6	18.6	18.6	18.6	3500.0
2018-03-07	18.5	18.4	18.5	18.4	39900.0
2018-03-08	18.3	18.3	18.6	18.6	94500.0
2018-03-09	18.3	18.3	18.5	18.5	16100.0
2018-03-12	18.5	18.2	18.5	18.5	56500.0
2018-03-13	18.0	17.6	18.0	17.9	63500.0
2018-03-14	17.8	17.6	17.8	17.6	43300.0
2018-03-15	17.6	17.2	17.6	17.2	60800.0
2018-03-16	17.2	17.2	17.5	17.5	5900.0
2018-03-19	17.5	17.4	17.5	17.5	11600.0
2018-03-20	17.4	17.3	17.4	17.4	6100.0
2018-03-21	17.3	17.3	17.4	17.3	4800.0
2018-03-22	17.3	17.3	17.5	17.4	3100.0
2018-03-23	17.5	17.4	17.5	17.4	10100.0
2018-03-26	17.4	17.3	17.4	17.3	26900.0
2018-03-27	17.4	17.3	17.4	17.3	10400.0
2018-03-28	17.3	17.3	17.4	17.4	6400.0
2018-03-29	17.3	17.3	17.5	17.5	7600.0
2018-03-30	17.4	17.2	17.4	17.4	6400.0
2018-04-02	17.4	17.4	17.4	17.4	300.0
2018-04-03	17.5	17.3	17.5	17.4	2000.0
2018-04-04	17.4	17.2	17.4	17.2	1600.0
2018-04-05	17.3	17.2	17.3	17.3	3300.0
2018-04-09	17.3	17.3	17.4	17.4	5300.0
2018-04-10	17.3	17.2	17.3	17.3	7700.0
2018-04-11	17.3	17.2	17.4	17.4	8500.0
2018-04-12	17.4	17.4	17.4	17.4	4200.0
2018-04-17	17.4	17.4	17.4	17.4	500.0
2018-04-18	17.4	17.3	17.4	17.4	3700.0
2018-04-19	17.4	17.4	17.7	17.7	9200.0
2018-04-20	17.6	17.6	17.6	17.6	6800.0
2018-04-23	17.5	17.5	17.7	17.6	6200.0
2018-04-24	17.7	17.6	17.7	17.6	5000.0
2018-04-25	17.7	17.6	17.7	17.7	9100.0
2018-04-26	17.6	17.6	17.7	17.7	4700.0
2018-04-27	17.7	17.3	17.7	17.7	35800.0
2018-04-30	17.7	17.7	17.8	17.8	3200.0
2018-05-02	17.8	17.6	17.8	17.6	700.0
2018-05-03	17.6	17.5	17.7	17.7	400.0
2018-05-04	17.7	17.7	17.7	17.7	5000.0
2018-05-07	17.8	17.8	17.8	17.8	2600.0
2018-05-08	17.7	17.6	17.7	17.7	9900.0
2018-05-09	17.5	17.5	17.7	17.7	1500.0
2018-05-10	17.6	17.6	17.6	17.6	600.0
2018-05-11	17.6	17.6	17.6	17.6	600.0
2018-05-14	17.4	17.4	17.5	17.5	4500.0
2018-05-15	17.5	17.3	17.5	17.3	36700.0
2018-05-16	17.3	16.7	17.3	17.0	81600.0
2018-05-17	16.7	16.7	17.0	16.8	24800.0
2018-05-18	16.8	16.8	17.0	17.0	3500.0
2018-05-21	17.0	16.6	17.0	16.6	45700.0
2018-05-22	16.7	16.7	16.7	16.7	13800.0
2018-05-23	16.8	16.7	16.8	16.8	9700.0
2018-05-24	16.8	16.8	16.8	16.8	6100.0
2018-05-25	16.8	16.8	17.0	17.0	9700.0
2018-05-28	17.0	16.8	17.0	17.0	8500.0
2018-05-30	16.9	16.7	16.9	16.8	4600.0
2018-05-31	16.8	16.8	16.8	16.8	300.0
2018-06-01	16.8	16.7	16.8	16.8	7000.0
2018-06-04	16.9	16.8	17.0	16.8	31900.0
2018-06-05	16.9	16.9	17.0	17.0	3100.0
2018-06-06	17.0	16.8	17.0	16.8	5400.0
2018-06-07	16.9	16.8	16.9	16.8	700.0
2018-06-08	17.0	16.8	17.0	16.8	9200.0
2018-06-11	16.9	16.8	16.9	16.8	400.0
2018-06-12	16.9	16.8	16.9	16.8	5100.0
2018-06-13	16.8	16.8	16.9	16.9	10900.0
2018-06-14	17.0	16.8	17.0	16.8	1100.0
2018-06-15	16.9	16.9	16.9	16.9	1300.0
2018-06-18	16.9	16.9	16.9	16.9	1100.0
2018-06-19	16.8	16.6	16.9	16.6	4600.0
2018-06-20	16.7	16.5	16.8	16.8	12600.0
2018-06-21	16.7	16.7	16.7	16.7	600.0
2018-06-22	16.6	16.5	16.6	16.5	11500.0
2018-06-25	16.5	16.5	16.6	16.6	5100.0
2018-06-26	16.5	16.5	16.6	16.6	1300.0
2018-06-27	16.7	16.7	17.0	16.7	42600.0
2018-06-28	16.6	16.5	16.6	16.5	1500.0
2018-06-29	16.4	16.3	16.5	16.3	2700.0
2018-07-02	16.3	16.2	16.3	16.3	8200.0
2018-07-03	16.2	15.0	16.3	15.9	42100.0
2018-07-04	15.9	15.9	15.9	15.9	300.0
2018-07-05	15.8	15.4	15.8	15.8	5100.0
2018-07-06	15.4	15.4	15.9	15.8	3500.0
2018-07-09	15.8	15.8	15.9	15.9	300.0
2018-07-10	15.9	15.9	15.9	15.9	600.0
2018-07-11	15.8	15.8	15.9	15.9	800.0
2018-07-12	15.9	15.9	16.2	16.2	2900.0
2018-07-13	16.1	16.1	16.2	16.2	600.0
2018-07-16	16.2	16.2	16.2	16.2	200.0
2018-07-17	16.2	16.1	16.2	16.2	800.0
2018-07-18	16.0	16.0	16.1	16.1	1800.0
2018-07-19	16.1	16.1	16.3	16.3	1600.0
2018-07-20	16.3	16.3	16.3	16.3	800.0
2018-07-23	16.3	16.2	16.3	16.3	1400.0
2018-07-24	16.3	16.3	16.3	16.3	100.0
2018-07-25	16.3	16.2	16.4	16.3	19800.0
2018-07-26	16.3	16.3	16.3	16.3	3600.0
2018-07-31	16.3	16.2	16.4	16.4	3800.0
2018-08-02	16.3	16.3	16.5	16.5	4100.0
2018-08-03	16.5	16.5	16.5	16.5	1100.0
2018-08-06	16.6	16.5	16.6	16.5	15900.0
2018-08-07	16.6	16.6	16.6	16.6	5700.0
2018-08-08	16.6	16.6	16.8	16.7	3900.0
2018-08-09	16.7	16.7	16.8	16.7	4000.0
2018-08-10	16.8	16.7	16.9	16.8	10500.0
2018-08-14	16.0	13.7	16.0	13.8	371400.0
2018-08-15	14.1	13.8	14.1	13.9	26800.0
2018-08-16	13.9	13.8	13.9	13.9	15800.0
2018-08-17	13.9	13.9	13.9	13.9	10100.0
2018-08-20	14.0	13.9	14.0	14.0	4200.0
2018-08-21	14.0	13.8	14.1	13.8	9600.0
2018-08-22	13.8	13.8	13.9	13.9	2500.0
2018-08-23	13.9	13.8	13.9	13.9	2000.0
2018-08-24	13.9	13.8	13.9	13.9	1400.0
2018-08-27	13.9	13.9	14.0	13.9	3800.0
2018-08-28	13.9	13.9	14.1	14.0	9900.0
2018-08-29	13.9	13.9	13.9	13.9	5700.0
2018-08-30	13.9	13.8	14.0	13.9	12400.0
2018-08-31	14.0	14.0	14.1	14.1	5800.0
2018-09-03	14.1	14.0	14.2	14.0	4500.0
2018-09-04	14.1	14.1	14.1	14.1	3700.0
2018-09-05	14.1	14.0	14.1	14.0	4300.0
2018-09-06	14.0	14.0	14.0	14.0	6000.0
2018-09-07	14.0	13.9	14.0	14.0	11100.0
2018-09-10	13.9	13.9	13.9	13.9	1300.0
2018-09-11	14.0	14.0	14.0	14.0	2100.0
2018-09-12	13.8	13.8	13.8	13.8	100.0
2018-09-13	13.9	13.8	14.0	14.0	4500.0
2018-09-14	13.9	13.9	14.0	14.0	3100.0
2018-09-17	14.0	14.0	14.0	14.0	1000.0
2018-09-18	14.0	14.0	14.7	14.3	15700.0
2018-09-19	14.3	14.0	14.3	14.2	3500.0
2018-09-20	14.1	14.1	14.2	14.2	3500.0
2018-09-21	14.2	14.0	14.2	14.0	2700.0
2018-09-24	14.0	13.8	14.0	13.8	10000.0
2018-09-25	14.0	14.0	14.0	14.0	1100.0
2018-09-26	14.0	14.0	14.0	14.0	5800.0
2018-09-28	14.0	14.0	14.0	14.0	100.0
2018-10-01	13.9	13.9	14.0	13.9	1600.0
2018-10-02	13.9	13.8	13.9	13.8	6500.0
2018-10-03	13.9	13.9	13.9	13.9	600.0
2018-10-04	13.8	13.8	13.8	13.8	10000.0
2018-10-05	13.9	13.7	13.9	13.8	9100.0
2018-10-08	14.0	13.8	14.0	13.9	10300.0
2018-10-09	13.9	13.8	13.9	13.8	11300.0
2018-10-10	13.9	13.8	13.9	13.8	1500.0
2018-10-11	13.7	13.7	13.8	13.8	4100.0
2018-10-12	13.7	13.7	13.8	13.8	500.0
2018-10-16	13.7	13.6	13.7	13.6	5800.0
2018-10-17	13.7	13.7	13.7	13.7	800.0
2018-10-18	13.8	13.7	13.8	13.7	15800.0
2018-10-19	13.7	13.6	13.8	13.7	1300.0
2018-10-22	13.8	13.8	13.9	13.9	3800.0
2018-10-24	13.7	13.3	13.9	13.9	3500.0
2018-10-25	13.7	13.7	13.7	13.7	1100.0
2018-10-26	13.7	13.7	13.7	13.7	200.0
2018-10-29	13.8	13.8	13.8	13.8	100.0
2018-10-30	13.8	13.8	13.8	13.8	100.0
2018-10-31	13.6	13.6	13.8	13.8	400.0
2018-11-01	13.5	13.5	13.7	13.7	1900.0
2018-11-02	13.7	13.7	13.8	13.8	4900.0
2018-11-05	13.7	13.7	13.7	13.7	1500.0
2018-11-06	13.7	13.7	13.7	13.7	400.0
2018-11-07	13.7	13.7	13.8	13.8	4800.0
2018-11-08	13.7	13.7	13.8	13.8	2300.0
2018-11-09	12.8	11.6	13.0	12.6	41100.0
2018-11-12	12.5	12.2	12.6	12.4	18800.0
2018-11-13	12.4	12.4	12.5	12.5	1100.0
2018-11-14	12.4	12.2	12.5	12.2	4000.0
2018-11-15	12.2	12.2	12.6	12.5	6600.0
2018-11-19	12.5	12.3	12.5	12.3	400.0
2018-11-20	12.2	12.2	12.2	12.2	6000.0
2018-11-21	12.0	11.9	12.1	12.1	700.0
2018-11-22	12.0	12.0	12.1	12.1	7100.0
2018-11-23	12.0	12.0	12.0	12.0	1200.0
2018-11-26	11.9	11.9	12.0	12.0	2100.0
2018-11-27	12.0	11.9	12.0	11.9	5400.0
2018-11-28	11.9	11.9	11.9	11.9	200.0
2018-11-29	11.8	11.5	11.9	11.9	3200.0
2018-11-30	11.8	11.5	11.9	11.9	33600.0
2018-12-03	11.8	11.7	11.9	11.8	1300.0
2018-12-04	11.8	11.3	11.8	11.5	40600.0
2018-12-06	11.4	11.4	11.4	11.4	4500.0
2018-12-07	11.4	11.4	11.5	11.5	3800.0
2018-12-11	11.4	11.4	11.4	11.4	100.0
2018-12-12	11.6	11.6	11.6	11.6	400.0
2018-12-13	11.5	11.5	11.5	11.5	1200.0
2018-12-14	11.5	11.4	11.5	11.5	900.0
2018-12-17	11.4	11.4	11.4	11.4	100.0
2018-12-18	11.3	11.3	11.4	11.4	600.0
2018-12-19	11.3	11.1	11.4	11.3	9700.0
2018-12-20	11.2	11.2	11.3	11.3	5600.0
2018-12-21	11.2	11.1	11.2	11.1	9800.0
2018-12-24	11.0	10.8	11.0	10.9	8900.0
2018-12-25	10.8	10.5	10.8	10.7	137700.0
2018-12-26	10.6	10.5	10.8	10.8	7400.0
2018-12-27	10.8	10.8	10.9	10.9	5200.0
2018-12-28	10.8	10.7	10.9	10.9	900.0
2019-01-02	10.7	10.0	10.7	10.7	19500.0
2019-01-03	10.2	10.2	10.7	10.7	1200.0
2019-01-04	10.5	10.3	10.6	10.6	600.0
2019-01-07	10.4	10.4	10.6	10.6	400.0
2019-01-08	10.5	10.5	10.9	10.6	1000.0
2019-01-09	10.6	10.5	10.8	10.8	1100.0
2019-01-10	10.5	10.4	10.8	10.8	3700.0
2019-01-11	10.6	10.6	10.9	10.9	2500.0
2019-01-15	10.7	10.7	10.9	10.9	300.0
2019-01-16	10.9	10.9	11.2	11.1	1400.0
2019-01-18	11.1	11.1	12.5	11.8	2200.0
2019-01-21	11.6	11.5	11.6	11.5	2900.0
2019-01-22	11.0	11.0	11.6	11.6	300.0
2019-01-23	11.0	10.7	11.0	11.0	21500.0
2019-01-25	10.7	10.7	10.7	10.7	4400.0
2019-01-28	10.7	10.4	10.8	10.8	2700.0
2019-01-29	10.8	10.7	12.6	10.8	3000.0
2019-01-30	10.7	10.7	10.8	10.8	2600.0
2019-01-31	10.8	10.8	10.8	10.8	600.0
2019-02-01	10.8	10.8	11.4	11.2	600.0
2019-02-04	10.8	10.8	11.2	11.2	200.0
2019-02-06	10.8	10.8	11.0	11.0	4300.0
2019-02-07	11.1	11.1	11.1	11.1	100.0
2019-02-08	11.5	11.5	11.5	11.5	2000.0
2019-02-11	10.8	10.7	10.8	10.7	7100.0
2019-02-12	11.0	10.8	11.0	10.8	51200.0
2019-02-13	10.9	10.9	10.9	10.9	1000.0
2019-02-14	10.9	10.8	11.0	10.8	16300.0
2019-02-15	11.1	10.8	11.1	10.9	5200.0
2019-02-18	10.9	10.6	10.9	10.7	10900.0
2019-02-20	10.6	10.6	10.6	10.6	600.0
2019-02-21	10.6	10.4	10.7	10.6	6600.0
2019-02-22	10.6	10.6	10.9	10.7	400.0
2019-02-25	10.7	10.7	10.8	10.7	3300.0
2019-02-26	10.6	10.6	10.9	10.9	200.0
2019-02-28	10.7	10.3	10.7	10.5	9300.0
2019-03-01	10.5	10.5	10.5	10.5	900.0
2019-03-04	10.4	10.4	10.6	10.6	200.0
2019-03-05	10.5	10.5	10.6	10.5	5300.0
2019-03-06	10.6	10.1	10.6	10.3	80100.0
2019-03-07	10.2	10.2	10.6	10.4	5600.0
2019-03-08	10.5	10.5	10.6	10.5	13600.0
2019-03-11	10.6	10.5	10.8	10.7	27200.0
2019-03-12	10.7	10.3	10.7	10.6	99800.0
2019-03-13	10.0	9.95	10.0	10.0	100100.0
2019-03-14	9.95	9.95	10.1	10.1	21700.0
2019-03-15	10.1	9.95	10.1	10.0	14000.0
2019-03-18	10.0	10.0	10.0	10.0	6700.0
2019-03-19	9.9	9.9	9.95	9.95	5000.0
2019-03-20	9.95	9.9	10.0	10.0	8300.0
2019-03-21	10.0	10.0	10.0	10.0	1100.0
2019-03-22	10.0	9.95	10.0	10.0	3000.0
2019-03-25	9.95	9.85	9.95	9.85	4100.0
2019-03-26	9.85	9.85	9.95	9.9	1400.0
2019-03-27	9.85	9.85	9.9	9.9	900.0
2019-03-28	9.9	9.85	9.9	9.85	12100.0
2019-03-29	9.9	9.8	9.9	9.9	2100.0
2019-04-01	9.9	9.9	9.9	9.9	4600.0
2019-04-02	9.95	9.9	9.95	9.9	1300.0
2019-04-03	9.95	9.95	9.95	9.95	200.0
2019-04-04	9.9	9.9	9.9	9.9	5600.0
2019-04-05	9.95	9.95	10.0	10.0	3000.0
2019-04-09	10.0	10.0	10.1	10.1	400.0
2019-04-10	10.0	10.0	10.0	10.0	300.0
2019-04-11	9.95	9.95	10.1	10.1	800.0
2019-04-12	10.0	9.95	10.1	10.0	5100.0
2019-04-17	10.0	10.0	10.0	10.0	1300.0
2019-04-18	9.95	9.95	10.1	10.1	1400.0
2019-04-19	10.2	10.0	10.2	10.1	2400.0
2019-04-22	10.0	9.85	10.0	9.95	17100.0
2019-04-23	9.9	9.9	9.95	9.9	13500.0
2019-04-24	10.0	10.0	10.0	10.0	1100.0
2019-04-25	10.0	9.9	10.0	10.0	1700.0
2019-04-26	9.9	9.9	10.0	10.0	4800.0
2019-04-29	10.0	10.0	10.0	10.0	300.0
2019-04-30	9.9	9.8	9.9	9.8	22500.0
2019-05-02	9.9	9.9	9.95	9.9	6900.0
2019-05-03	9.95	9.95	9.95	9.95	200.0
2019-05-07	9.85	9.85	9.95	9.95	1000.0
2019-05-09	9.9	9.9	9.9	9.9	1200.0
2019-05-10	9.9	9.9	9.9	9.9	700.0
2019-05-14	9.55	8.9	9.75	8.9	95000.0
2019-05-15	8.8	8.65	8.8	8.7	155800.0
2019-05-16	8.65	8.55	8.65	8.65	18900.0
2019-05-17	8.6	8.5	8.6	8.55	81200.0
2019-05-21	8.5	8.3	8.55	8.5	10300.0
2019-05-22	8.5	8.5	8.55	8.5	4800.0
2019-05-23	8.3	8.3	8.5	8.5	2000.0
2019-05-24	8.5	8.5	8.55	8.55	1100.0
2019-05-27	8.5	8.45	8.5	8.5	21700.0
2019-05-28	8.45	8.45	8.5	8.5	400.0
2019-05-29	8.5	8.45	8.5	8.5	2700.0
2019-05-30	8.75	8.7	8.75	8.7	2300.0
2019-05-31	8.5	8.2	8.75	8.7	3700.0
2019-06-04	8.75	8.65	8.85	8.65	4700.0
2019-06-05	8.65	8.65	8.9	8.75	3400.0
2019-06-06	8.75	8.5	8.8	8.6	46900.0
2019-06-07	8.65	8.65	8.7	8.7	2500.0
2019-06-10	8.7	8.6	8.7	8.65	6400.0
2019-06-11	8.65	8.6	8.7	8.7	3200.0
2019-06-12	8.6	8.6	8.65	8.6	4900.0
2019-06-13	8.7	8.5	8.7	8.6	15300.0
2019-06-14	8.55	8.5	8.7	8.65	3700.0
2019-06-17	8.55	8.45	8.55	8.5	2800.0
2019-06-18	8.55	8.5	8.55	8.5	1200.0
2019-06-19	8.5	8.5	8.55	8.55	700.0
2019-06-20	8.5	8.4	8.5	8.5	19900.0
2019-06-21	8.5	8.4	8.55	8.55	8300.0
2019-06-24	8.45	8.45	8.55	8.5	1200.0
2019-06-25	8.5	8.5	8.5	8.5	100.0
2019-06-26	8.6	8.5	8.6	8.55	1000.0
2019-06-27	8.55	8.55	8.65	8.65	9100.0
2019-06-28	8.5	8.5	8.6	8.6	2600.0
2019-07-01	8.5	8.3	8.65	8.4	19600.0
2019-07-02	8.3	8.3	8.45	8.45	500.0
2019-07-03	8.45	8.35	8.5	8.35	6000.0
2019-07-04	8.35	8.35	8.45	8.35	5700.0
2019-07-05	8.45	8.45	8.5	8.45	1400.0
2019-07-08	8.5	8.4	8.5	8.4	6600.0
2019-07-09	8.5	8.4	8.5	8.4	1700.0
2019-07-10	8.4	8.4	8.45	8.4	3500.0
2019-07-11	8.35	8.35	8.5	8.5	700.0
2019-07-12	8.5	8.35	8.5	8.5	4300.0
2019-07-15	8.45	8.45	8.45	8.45	500.0
2019-07-17	8.3	8.3	8.45	8.4	2600.0
2019-07-18	8.4	8.4	8.45	8.4	900.0
2019-07-19	8.35	8.35	8.65	8.65	11700.0
2019-07-22	8.5	8.5	8.55	8.5	7200.0
2019-07-23	8.6	8.6	8.6	8.6	2900.0
2019-07-24	8.5	8.5	8.5	8.5	1100.0
2019-07-25	8.55	8.45	8.65	8.55	4600.0
2019-07-26	8.7	8.7	8.7	8.7	200.0
2019-07-30	8.7	8.4	8.7	8.55	4300.0
2019-07-31	8.5	8.5	8.5	8.5	2400.0
2019-08-01	8.45	8.35	8.45	8.4	1400.0
2019-08-02	8.3	8.3	8.4	8.4	1000.0
2019-08-05	8.3	8.3	8.45	8.45	900.0
2019-08-06	8.4	8.35	8.4	8.4	25600.0
2019-08-07	8.4	8.3	8.45	8.45	2600.0
2019-08-08	8.45	8.3	8.45	8.3	21100.0
2019-08-09	8.4	8.4	8.4	8.4	700.0
2019-08-14	8.35	8.3	8.35	8.3	1300.0
2019-08-15	8.3	8.15	8.35	8.25	5700.0
2019-08-16	8.15	8.1	8.25	8.25	3600.0
2019-08-19	8.1	8.1	8.2	8.2	2500.0
2019-08-20	8.2	8.2	8.2	8.2	100.0
2019-08-21	8.2	8.15	8.2	8.15	3100.0
2019-08-22	8.15	8.15	8.2	8.2	1400.0
2019-08-23	8.2	8.2	8.2	8.2	200.0
2019-08-26	8.15	8.15	8.2	8.2	1000.0
2019-08-27	8.2	8.1	8.2	8.1	3100.0
2019-08-28	8.15	8.05	8.15	8.15	1100.0
2019-08-29	8.15	8.15	8.15	8.15	300.0
2019-09-02	8.15	8.15	8.3	8.3	4000.0
2019-09-03	8.15	8.15	8.4	8.4	700.0
2019-09-04	8.25	8.25	8.45	8.4	1700.0
2019-09-06	8.3	8.3	8.4	8.4	2900.0
2019-09-09	8.3	8.3	8.5	8.4	500.0
2019-09-10	8.65	8.2	8.65	8.2	200.0
2019-09-12	8.2	8.2	8.4	8.4	2700.0
2019-09-13	8.6	8.3	8.6	8.3	800.0
2019-09-16	8.5	8.5	8.5	8.5	200.0
2019-09-17	8.5	8.5	8.7	8.7	400.0
2019-09-18	8.1	8.1	8.7	8.7	800.0
2019-09-19	8.15	8.1	8.4	8.35	8300.0
2019-09-20	8.3	8.3	8.3	8.3	200.0
2019-09-23	8.2	8.2	8.2	8.2	400.0
2019-09-24	8.2	8.2	8.2	8.2	2100.0
2019-09-25	8.2	7.95	8.2	8.05	9400.0
2019-09-26	8.05	8.05	8.05	8.05	100.0
2019-09-27	8.1	8.1	8.15	8.15	200.0
2019-09-30	8.9	8.1	8.9	8.25	400.0
2019-10-01	8.25	8.25	8.4	8.4	700.0
2019-10-02	7.3	7.3	8.1	8.05	900.0
2019-10-03	8.0	7.9	8.15	8.15	2200.0
2019-10-07	8.25	8.05	8.3	8.3	900.0
2019-10-08	8.2	8.2	8.2	8.2	300.0
2019-10-09	8.05	8.05	8.05	8.05	1000.0
2019-10-10	8.0	8.0	8.3	8.3	3700.0
2019-10-11	8.05	8.05	8.05	8.05	700.0
2019-10-15	8.1	8.0	8.1	8.0	300.0
2019-10-16	8.05	7.95	8.1	7.95	1600.0
2019-10-17	7.9	7.85	7.9	7.85	1500.0
2019-10-18	7.95	7.95	7.95	7.95	300.0
2019-10-21	7.95	7.9	7.95	7.95	900.0
2019-10-22	7.95	7.95	8.15	8.15	1300.0
2019-10-24	8.0	8.0	8.0	8.0	100.0
2019-10-25	7.3	7.3	8.0	8.0	200.0
2019-10-29	7.5	7.5	8.05	8.05	300.0
2019-10-30	8.25	8.1	8.25	8.1	2000.0
2019-11-01	8.1	8.1	8.25	8.2	1600.0
2019-11-05	7.8	7.8	8.15	8.15	500.0
2019-11-07	7.7	7.7	8.0	8.0	2500.0
2019-11-08	7.55	7.55	7.95	7.9	3400.0
2019-11-11	7.8	7.75	7.8	7.75	1100.0
2019-11-12	7.75	7.45	7.8	7.75	9700.0
2019-11-13	7.7	7.5	7.75	7.75	4000.0
2019-11-14	7.75	7.65	7.75	7.75	6100.0
2019-11-15	7.2	7.05	7.8	7.75	3200.0
2019-11-18	7.3	7.1	7.6	7.2	5700.0
2019-11-19	7.4	7.0	7.4	7.0	12600.0
2019-11-20	6.9	6.8	6.95	6.8	42700.0
2019-11-21	6.75	6.6	7.1	7.05	9900.0
2019-11-22	7.2	7.2	7.4	7.2	1100.0
2019-11-25	7.0	6.9	7.35	7.35	1700.0
2019-11-26	6.9	6.9	7.8	7.8	700.0
2019-11-27	7.8	7.5	7.9	7.5	900.0
2019-11-28	8.0	7.5	8.0	7.5	700.0
2019-11-29	8.3	6.95	8.3	6.95	1200.0
2019-12-02	7.05	7.05	7.1	7.1	600.0
2019-12-04	6.95	6.5	7.95	7.95	6000.0
2019-12-12	6.95	6.95	7.75	7.75	700.0
2019-12-16	6.95	6.0	7.6	6.6	16100.0
2019-12-17	6.5	6.5	6.65	6.6	4600.0
2019-12-18	6.45	6.45	6.6	6.6	900.0
2019-12-19	6.6	6.6	7.0	6.65	1700.0
2019-12-20	6.65	6.65	6.65	6.65	200.0
2019-12-23	6.7	6.45	6.95	6.95	6900.0
2019-12-24	6.5	6.5	6.6	6.5	4800.0
2019-12-25	6.55	6.5	7.35	6.65	3100.0
2019-12-26	7.35	6.75	7.75	7.6	4100.0
2019-12-27	7.2	7.0	7.95	7.95	1700.0
2020-01-06	7.95	6.75	7.95	7.4	1000.0
2020-01-07	7.55	7.45	7.55	7.45	1000.0
2020-01-09	6.65	6.45	7.0	7.0	4700.0
2020-01-10	7.0	6.6	7.25	7.25	700.0
2020-01-14	7.0	7.0	7.4	7.3	1700.0
2020-01-15	7.5	7.25	7.5	7.25	200.0
2020-01-17	6.8	6.75	7.2	7.2	400.0
2020-01-21	6.5	6.3	7.0	6.5	8400.0
2020-01-22	6.4	6.4	6.5	6.5	1000.0
2020-01-23	6.25	6.25	6.5	6.5	600.0
2020-01-24	6.5	6.5	6.55	6.55	4700.0
2020-01-27	6.6	6.3	6.75	6.4	3100.0
2020-01-28	6.4	6.4	6.4	6.4	500.0
2020-01-29	6.6	6.4	6.65	6.4	1900.0
2020-01-31	6.4	6.4	6.4	6.4	200.0
2020-02-03	6.45	6.35	6.5	6.35	1000.0
2020-02-04	6.4	6.4	6.4	6.4	4900.0
2020-02-05	6.45	6.4	6.45	6.4	500.0
2020-02-06	6.4	6.35	6.55	6.5	8500.0
2020-02-07	6.65	6.65	6.65	6.65	200.0
2020-02-12	6.75	6.75	6.8	6.8	1000.0
2020-02-13	6.85	6.85	6.85	6.85	1400.0
2020-02-17	6.45	6.45	6.85	6.85	2200.0
2020-02-19	6.9	6.9	6.9	6.9	100.0
2020-02-24	6.85	6.85	6.85	6.85	1000.0
2020-02-25	6.9	6.9	7.35	7.35	64600.0
2020-02-26	7.1	7.05	7.55	7.55	2600.0
2020-02-28	7.0	7.0	7.5	7.5	1400.0
2020-03-02	7.5	7.5	7.6	7.6	800.0
2020-03-03	7.2	7.1	7.6	7.6	5700.0
2020-03-04	7.6	7.6	7.75	7.75	12400.0
2020-03-05	7.65	7.65	7.65	7.65	800.0
2020-03-06	7.65	7.65	7.7	7.7	4100.0
2020-03-09	7.7	7.65	8.0	8.0	14000.0
2020-03-10	7.05	7.05	7.9	7.75	11800.0
2020-03-11	6.65	6.6	7.5	7.35	13100.0
2020-03-12	6.65	6.1	7.75	7.75	9400.0
2020-03-13	6.1	6.1	7.7	7.5	800.0
2020-03-16	6.25	6.25	7.5	7.5	2700.0
2020-03-17	6.4	6.25	7.3	7.0	21000.0
2020-03-18	6.3	5.95	6.65	5.95	75800.0
2020-03-19	5.95	5.15	6.05	5.8	49200.0
2020-03-20	5.8	5.55	5.85	5.85	6100.0
2020-03-23	5.55	5.0	5.9	5.5	27700.0
2020-03-24	5.1	5.1	5.7	5.7	700.0
2020-03-25	5.25	5.15	5.7	5.7	3500.0
2020-03-26	5.25	5.25	5.7	5.7	5500.0
2020-03-27	5.7	5.65	5.7	5.7	7700.0
2020-03-31	5.2	4.9	5.65	5.65	5400.0
2020-04-01	6.2	5.9	6.2	5.9	300.0
2020-04-02	5.8	5.8	5.9	5.9	500.0
2020-04-07	5.95	5.95	6.1	6.1	3400.0
2020-04-09	6.1	6.05	6.2	6.1	12600.0
2020-04-10	6.2	6.2	6.3	6.3	3500.0
2020-04-13	6.2	6.2	6.2	6.2	1900.0
2020-04-14	6.3	6.2	6.3	6.2	1200.0
2020-04-15	6.45	6.3	6.45	6.35	16700.0
2020-04-16	6.4	6.4	6.4	6.4	2200.0
2020-04-20	6.55	6.55	6.75	6.75	300.0
2020-04-21	6.9	6.9	7.25	7.25	4700.0
2020-04-22	7.25	7.25	7.25	7.25	300.0
2020-04-23	7.2	7.2	7.2	7.2	500.0
2020-04-24	7.2	7.2	7.2	7.2	6600.0
2020-04-27	7.0	7.0	7.2	7.2	2300.0
2020-04-28	7.05	7.05	7.65	7.65	5000.0
2020-04-29	7.6	7.6	7.6	7.6	300.0
2020-05-05	7.15	7.15	7.25	7.25	400.0
2020-05-07	7.5	7.45	7.5	7.5	1200.0
2020-05-08	7.5	7.5	7.55	7.55	14700.0
2020-05-13	7.65	7.65	8.45	8.45	8200.0
2020-05-14	8.25	8.25	8.3	8.3	2100.0
2020-05-18	8.3	8.25	8.3	8.25	500.0
2020-05-19	8.25	8.15	8.3	8.15	3500.0
2020-05-20	8.1	8.1	8.3	8.3	400.0
2020-05-21	8.2	8.05	8.2	8.15	16100.0
2020-05-22	8.1	8.05	8.1	8.1	2000.0
2020-05-25	8.1	7.6	8.1	8.1	14300.0
2020-05-26	8.15	8.0	8.15	8.15	2800.0
2020-05-27	8.15	8.15	8.4	8.25	3700.0
2020-05-28	8.2	8.05	8.35	8.05	53600.0
2020-05-29	8.1	8.1	8.2	8.2	3300.0
2020-06-01	8.2	8.2	8.2	8.2	2000.0
2020-06-02	8.25	8.25	8.25	8.25	100.0
2020-06-04	8.1	8.1	8.5	8.5	4300.0
2020-06-05	8.1	8.1	8.55	8.55	1600.0
2020-06-08	8.25	8.25	8.55	8.55	6500.0
2020-06-09	8.55	8.55	8.55	8.55	800.0
2020-06-10	8.4	8.3	8.65	8.65	900.0
2020-06-11	8.3	8.3	8.3	8.3	800.0
2020-06-12	8.0	7.95	8.2	8.1	23600.0
2020-06-15	8.0	8.0	8.2	8.2	19600.0
2020-06-17	8.2	8.2	8.2	8.2	6300.0
2020-06-18	8.0	8.0	8.3	8.3	6100.0
2020-06-19	8.2	8.2	8.4	8.4	4700.0
2020-06-22	8.4	8.4	8.4	8.4	1400.0
2020-06-23	8.5	8.5	8.5	8.5	28400.0
2020-06-24	8.5	8.45	8.5	8.5	5400.0
2020-06-25	8.3	8.3	8.3	8.3	3000.0
2020-06-26	8.5	8.5	8.5	8.5	100.0
2020-06-29	8.2	8.2	8.5	8.5	7300.0
2020-06-30	8.55	8.55	8.55	8.55	500.0
2020-07-01	8.55	8.35	9.0	8.35	3400.0
2020-07-02	8.35	8.25	8.75	8.75	4300.0
2020-07-03	8.45	8.45	8.65	8.65	6000.0
2020-07-07	8.65	8.2	8.65	8.5	2300.0
2020-07-08	8.55	8.55	8.7	8.7	3000.0
2020-07-10	8.6	8.55	8.7	8.7	500.0
2020-07-13	8.95	8.55	8.95	8.55	4000.0
2020-07-14	8.55	8.5	8.85	8.85	5600.0
2020-07-15	8.9	8.55	8.9	8.85	2600.0
2020-07-16	8.75	8.7	8.9	8.9	5300.0
2020-07-17	8.9	8.75	8.9	8.9	2500.0
2020-07-20	8.7	8.7	8.85	8.85	4700.0
2020-07-21	8.95	8.55	8.95	8.55	1100.0
2020-07-22	8.55	8.55	8.55	8.55	400.0
2020-07-23	8.65	8.6	8.9	8.7	1300.0
2020-07-24	8.95	8.95	8.95	8.95	900.0
2020-07-29	8.75	8.6	8.85	8.85	2800.0
2020-07-30	8.7	8.7	8.7	8.7	800.0
2020-07-31	8.7	8.7	8.95	8.95	1000.0
2020-08-03	8.9	8.9	8.9	8.9	100.0
2020-08-04	8.75	8.55	8.95	8.95	4500.0
2020-08-05	8.9	8.9	8.95	8.95	2700.0
2020-08-06	8.75	8.7	9.0	8.85	3800.0
2020-08-07	8.9	8.85	9.1	8.85	2500.0
2020-08-10	8.7	8.7	8.75	8.75	3600.0
2020-08-11	8.75	8.75	8.75	8.75	300.0
2020-08-13	8.9	8.4	8.9	8.8	9600.0
2020-08-17	8.8	8.8	8.85	8.85	1000.0
2020-08-18	8.7	8.7	8.7	8.7	100.0
2020-08-24	8.5	8.0	8.85	8.1	1300.0
2020-08-26	8.3	8.3	8.3	8.3	100.0
2020-08-28	8.4	8.4	8.75	8.75	600.0
2020-08-31	8.5	8.5	8.5	8.5	2000.0
2020-09-02	8.55	8.55	8.8	8.55	1200.0
2020-09-10	8.5	8.5	8.5	8.5	1500.0
2020-09-11	8.75	8.75	8.75	8.75	200.0
2020-09-14	8.9	8.9	8.95	8.95	1000.0
2020-09-16	9.0	9.0	9.0	9.0	5000.0
2020-09-22	9.0	9.0	9.0	9.0	100.0
2020-09-25	8.85	8.85	8.85	8.85	1600.0
2020-09-28	8.7	8.7	8.95	8.95	200.0
2020-09-29	8.7	8.7	8.7	8.7	100.0
2020-10-02	8.65	8.65	8.65	8.65	200.0
2020-10-05	8.65	8.65	9.2	8.75	5600.0
2020-10-06	8.85	8.85	8.95	8.95	700.0
2020-10-08	9.0	9.0	9.0	9.0	800.0
2020-10-09	9.15	9.15	9.15	9.15	100.0
2020-10-12	8.6	8.5	9.0	9.0	500.0
2020-10-14	9.0	8.7	9.0	8.7	2400.0
2020-10-15	8.9	8.9	8.9	8.9	400.0
2020-10-16	8.9	8.55	8.9	8.6	4700.0
2020-10-21	8.95	8.55	8.95	8.7	2200.0
2020-10-22	8.6	8.6	8.8	8.8	200.0
2020-10-26	8.95	8.95	8.95	8.95	400.0
2020-10-27	9.1	8.7	9.1	9.0	3000.0
2020-10-28	8.95	8.95	9.0	9.0	2000.0
2020-10-29	8.8	8.8	8.8	8.8	600.0
2020-10-30	8.7	8.6	8.7	8.6	2000.0
2020-11-02	8.65	8.65	8.65	8.65	2300.0
2020-11-03	8.65	8.6	8.85	8.85	1900.0
2020-11-04	8.6	8.6	8.6	8.6	2000.0
2020-11-05	8.6	8.6	8.6	8.6	43400.0
2020-11-06	8.75	8.7	8.8	8.7	4000.0
2020-11-09	8.7	8.65	8.7	8.7	6100.0
2020-11-10	8.7	8.7	8.7	8.7	100.0
2020-11-11	8.8	8.8	8.8	8.8	600.0
2020-11-12	9.1	8.8	9.1	8.9	18800.0
2020-11-13	8.9	8.9	8.9	8.9	100.0
2020-11-16	8.8	8.7	8.9	8.9	12600.0
2020-11-17	8.9	8.7	8.9	8.7	19200.0
2020-11-18	8.95	8.95	8.95	8.95	100.0
2020-11-19	8.9	8.7	9.0	8.9	9600.0
2020-11-20	8.9	8.75	8.95	8.95	6400.0
2020-11-23	8.8	8.5	9.05	9.05	15300.0
2020-11-24	9.05	8.8	9.05	8.9	11300.0
2020-11-25	8.85	8.75	8.85	8.75	800.0
2020-11-26	9.05	9.0	9.1	9.0	4000.0
2020-11-27	9.0	8.8	9.0	8.95	3500.0
2020-11-30	8.95	8.95	8.95	8.95	1200.0
2020-12-01	9.0	8.9	9.0	9.0	7500.0
2020-12-02	8.95	8.9	9.0	8.9	4300.0
2020-12-03	8.9	8.9	8.9	8.9	9200.0
2020-12-04	8.95	8.8	8.95	8.95	8100.0
2020-12-08	9.0	8.9	9.0	8.9	6200.0
2020-12-09	8.9	8.9	9.1	9.1	1100.0
2020-12-15	9.2	9.1	9.2	9.2	6100.0
2020-12-16	9.2	9.05	9.8	9.05	15700.0
2020-12-17	9.25	9.1	9.25	9.1	500.0
2020-12-18	9.45	9.15	9.45	9.4	29500.0
2020-12-21	9.3	8.95	9.35	8.95	29000.0
2020-12-22	9.05	9.05	9.05	9.05	100.0
2020-12-23	8.85	8.85	9.0	8.95	6900.0
2020-12-25	9.0	9.0	9.0	9.0	100.0
2020-12-28	9.1	8.9	9.1	9.0	15400.0
2020-12-29	9.0	8.95	9.3	9.3	10400.0
2020-12-30	9.25	8.9	9.3	9.15	12400.0
2021-01-04	9.05	9.05	9.05	9.05	5000.0
2021-01-05	9.05	9.05	9.35	9.3	45800.0
2021-01-06	9.3	9.3	9.3	9.3	500.0
2021-01-07	9.55	9.35	9.55	9.5	8700.0
2021-01-08	9.5	9.35	9.5	9.35	1500.0
2021-01-11	9.4	9.2	9.4	9.4	6600.0
2021-01-12	9.4	9.4	9.4	9.4	400.0
2021-01-13	10.3	9.45	10.4	9.5	37400.0
2021-01-14	9.6	9.6	9.85	9.85	1900.0
2021-01-15	9.55	9.55	9.85	9.85	400.0
2021-01-18	9.85	9.85	9.85	9.85	100.0
2021-01-19	9.9	9.9	9.9	9.9	2500.0
2021-01-20	9.9	9.9	10.0	10.0	200.0
2021-01-21	9.65	9.65	10.2	10.2	1800.0
2021-01-22	10.2	10.2	10.4	10.3	1400.0
2021-01-25	10.3	10.2	10.3	10.2	300.0
2021-01-27	10.0	9.9	10.0	10.0	900.0
2021-01-29	10.0	10.0	10.0	10.0	3000.0
2021-02-02	10.1	10.0	10.1	10.0	3400.0
2021-02-03	9.5	9.5	10.2	10.2	5800.0
2021-02-04	9.85	9.85	10.1	10.1	3400.0
2021-02-05	9.85	9.85	10.0	10.0	1000.0
2021-02-08	10.0	10.0	10.3	10.3	2500.0
2021-02-09	10.0	10.0	10.1	10.0	7700.0
2021-02-10	10.0	10.0	10.0	10.0	2000.0
2021-02-11	9.8	9.8	9.8	9.8	900.0
2021-02-15	9.85	9.85	10.1	10.1	400.0
2021-02-17	10.0	9.85	10.0	9.85	10100.0
2021-02-18	9.65	9.65	10.1	10.1	9100.0
2021-02-19	10.1	10.1	10.1	10.1	500.0
2021-02-23	10.2	10.2	10.2	10.2	100.0
2021-02-24	10.2	10.2	10.2	10.2	7200.0
2021-02-25	10.7	10.3	11.0	10.6	72000.0
2021-03-01	10.6	10.2	10.6	10.3	19000.0
2021-03-02	10.2	10.1	10.3	10.3	3200.0
2021-03-03	10.8	10.7	11.7	11.1	304000.0
2021-03-04	11.8	11.2	11.8	11.4	14800.0
2021-03-05	11.4	11.1	11.7	11.2	19900.0
2021-03-08	11.1	11.0	11.7	11.4	8300.0
2021-03-09	11.9	11.7	12.0	12.0	29000.0
2021-03-10	12.0	11.8	12.0	11.9	108100.0
2021-03-11	11.8	11.8	12.1	12.1	191600.0
2021-03-12	11.3	11.0	11.4	11.1	97000.0
2021-03-15	11.1	10.7	11.1	10.9	27600.0
2021-03-16	10.9	10.4	10.9	10.6	75600.0
2021-03-17	10.6	10.1	10.6	10.4	94700.0
2021-03-18	10.3	10.1	10.3	10.3	154300.0
2021-03-19	10.3	10.2	10.3	10.2	84700.0
2021-03-22	10.2	10.1	11.1	10.5	208400.0
2021-03-23	10.6	10.5	11.0	10.7	223100.0
2021-03-24	10.7	10.7	10.9	10.7	203600.0
2021-03-25	10.8	10.7	11.2	10.7	136700.0
2021-03-26	10.8	10.7	10.9	10.9	10400.0
2021-03-29	10.9	10.6	10.9	10.8	22300.0
2021-03-30	10.8	10.6	10.9	10.7	31300.0
2021-03-31	10.6	10.4	10.7	10.6	61400.0
2021-04-01	10.6	10.5	10.6	10.6	10900.0
2021-04-02	10.6	10.6	10.8	10.6	133200.0
2021-04-05	10.6	10.4	10.7	10.6	84400.0
2021-04-07	10.5	10.3	10.7	10.3	33000.0
2021-04-08	10.3	10.3	10.6	10.4	39200.0
2021-04-09	10.6	10.4	10.7	10.4	30100.0
2021-04-12	10.6	10.3	10.7	10.4	18200.0
2021-04-16	10.2	10.2	10.5	10.4	19700.0
2021-04-19	10.3	10.2	10.6	10.4	46200.0
2021-04-20	10.4	10.4	10.5	10.4	21200.0
2021-04-21	10.6	10.5	10.7	10.6	42500.0
2021-04-22	10.6	10.6	10.7	10.6	34000.0
2021-04-23	10.7	10.7	11.6	11.1	113600.0
2021-04-26	11.5	11.5	12.5	12.1	449000.0
2021-04-27	12.6	11.8	12.6	11.8	121500.0
2021-04-28	11.8	11.8	12.1	12.0	298300.0
2021-04-29	12.1	12.0	12.3	12.0	109300.0
2021-04-30	12.0	11.9	12.1	11.9	83000.0
2021-05-05	12.0	12.0	12.6	12.4	131800.0
2021-05-06	12.4	12.4	12.8	12.8	285800.0
2021-05-07	12.7	12.7	13.0	12.8	218100.0
2021-05-10	13.1	13.1	15.2	14.9	598100.0
2021-05-11	14.4	14.1	14.9	14.8	84600.0
2021-05-12	14.4	14.4	15.2	15.0	58600.0
2021-05-13	13.1	12.0	13.2	12.6	414400.0
2021-05-14	12.2	11.8	12.7	12.0	81300.0
2021-05-17	11.7	11.2	12.0	12.0	35500.0
2021-05-18	11.6	11.5	12.0	11.9	96100.0
2021-05-19	11.8	11.3	11.8	11.6	117500.0
2021-05-20	11.4	10.8	11.5	10.8	360400.0
2021-05-21	11.1	10.9	11.1	10.9	94100.0
2021-05-24	10.9	10.9	11.2	10.9	37400.0
2021-05-25	11.0	10.9	11.2	10.9	31000.0
2021-05-27	11.0	10.9	11.0	10.9	34800.0
2021-05-28	10.8	10.8	11.3	10.8	107500.0
2021-05-31	10.8	10.8	11.0	11.0	51900.0
2021-06-01	10.9	10.9	11.1	11.1	5800.0
2021-06-02	11.0	10.9	11.1	11.0	48300.0
2021-06-04	11.0	10.7	11.1	11.0	27300.0
2021-06-07	11.1	11.0	11.2	11.1	48500.0
2021-06-08	11.1	11.1	11.3	11.2	28400.0
2021-06-09	11.2	11.0	11.2	11.1	29300.0
2021-06-10	11.3	11.0	11.3	11.1	18300.0
2021-06-11	11.1	11.1	11.2	11.2	29600.0
2021-06-14	11.2	11.1	11.3	11.2	50500.0
2021-06-15	11.3	11.1	11.3	11.1	32100.0
2021-06-16	11.1	11.0	11.3	11.0	64900.0
2021-06-17	11.1	11.1	11.2	11.1	52400.0
2021-06-18	11.2	11.0	11.2	11.1	37300.0
2021-06-21	11.0	11.0	11.2	11.2	68900.0
2021-06-22	11.3	11.1	11.3	11.1	8700.0
2021-06-23	11.1	11.0	11.1	11.0	15100.0
2021-06-24	10.9	10.9	11.1	11.1	19400.0
2021-06-25	11.1	11.0	11.2	11.1	9500.0
2021-06-28	11.0	11.0	11.2	11.2	12000.0
2021-06-29	11.2	11.2	11.4	11.3	10100.0
2021-06-30	11.2	11.2	11.4	11.3	41600.0
2021-07-01	11.2	11.2	11.3	11.3	13500.0
2021-07-02	11.4	11.3	11.5	11.3	39000.0
2021-07-05	11.4	11.4	11.5	11.5	10700.0
2021-07-06	11.6	11.5	12.0	12.0	60700.0
2021-07-07	12.3	11.5	12.3	11.5	67800.0
2021-07-08	11.9	11.2	11.9	11.6	31900.0
2021-07-09	11.2	11.2	11.5	11.5	32200.0
2021-07-12	11.5	11.3	11.5	11.3	13000.0
2021-07-13	11.2	11.2	11.3	11.3	9000.0
2021-07-14	11.3	11.3	11.4	11.4	1400.0
2021-07-15	11.4	11.4	11.6	11.5	15000.0
2021-07-16	11.6	11.5	11.7	11.5	11300.0
2021-07-19	11.5	11.5	11.5	11.5	600.0
2021-07-20	11.5	11.4	11.5	11.4	2000.0
2021-07-21	11.4	11.4	11.5	11.5	7500.0
2021-07-22	11.5	11.5	11.6	11.5	4300.0
2021-07-23	11.5	11.5	11.5	11.5	1000.0
2021-07-27	11.6	11.3	11.6	11.3	13200.0
2021-07-29	11.1	11.1	11.3	11.2	11000.0
2021-07-30	11.0	11.0	11.2	11.1	130100.0
2021-08-02	10.7	10.7	11.0	11.0	8300.0
2021-08-03	11.1	11.1	11.3	11.3	10500.0
2021-08-04	11.3	11.3	11.4	11.4	700.0
2021-08-05	11.3	11.2	11.3	11.2	2000.0
2021-08-06	11.2	11.2	11.3	11.3	2800.0
2021-08-09	11.4	11.2	11.4	11.3	4800.0
2021-08-10	11.7	11.7	12.0	12.0	84800.0
2021-08-11	11.8	11.4	11.8	11.8	29100.0
2021-08-13	11.7	11.3	11.7	11.5	10800.0
2021-08-16	11.5	11.1	11.5	11.3	34100.0
2021-08-17	11.3	11.2	11.4	11.4	10700.0
2021-08-18	11.4	11.4	11.5	11.5	500.0
2021-08-19	11.2	11.2	11.5	11.5	7500.0
2021-08-20	11.5	11.3	11.5	11.4	3300.0
2021-08-23	11.3	11.2	11.3	11.3	5900.0
2021-08-24	11.3	11.2	11.7	11.4	9000.0
2021-08-25	11.2	11.2	11.4	11.4	22700.0
2021-08-26	11.3	11.2	11.5	11.5	22200.0
2021-08-27	11.5	11.2	11.5	11.5	11800.0
2021-08-30	11.4	11.3	11.6	11.6	14500.0
2021-08-31	11.6	11.5	11.6	11.5	6000.0
2021-09-01	11.4	11.4	11.6	11.6	9600.0
2021-09-02	11.6	11.4	11.6	11.5	10400.0
2021-09-03	11.4	11.4	11.5	11.5	6500.0
2021-09-06	11.5	11.5	11.6	11.5	31700.0
2021-09-07	11.5	11.4	11.6	11.4	17700.0
2021-09-08	11.6	11.3	11.6	11.4	4400.0
2021-09-09	11.3	11.3	11.4	11.4	6200.0
2021-09-10	11.3	11.3	11.4	11.4	16300.0
2021-09-13	11.4	11.3	11.4	11.4	23100.0
2021-09-14	11.6	11.4	11.6	11.5	22300.0
2021-09-15	11.6	11.5	11.6	11.5	17700.0
2021-09-16	11.6	11.5	11.8	11.5	42600.0
2021-09-17	11.5	11.4	11.6	11.4	7600.0
2021-09-20	11.4	11.4	11.5	11.4	11800.0
2021-09-22	11.4	11.3	11.4	11.4	9700.0
2021-09-23	11.4	11.4	11.4	11.4	11400.0
2021-09-27	11.5	11.4	11.6	11.5	17800.0
2021-09-28	11.4	11.3	11.6	11.4	11600.0
2021-09-29	11.4	11.4	11.5	11.4	9700.0
2021-09-30	11.3	11.3	11.3	11.3	9000.0
2021-10-01	11.4	11.4	11.5	11.5	3700.0
2021-10-04	11.5	11.4	11.5	11.5	8200.0
2021-10-05	11.4	11.4	11.5	11.4	5300.0
2021-10-06	11.5	11.4	11.6	11.6	22000.0
2021-10-07	11.6	11.6	11.7	11.6	32800.0
2021-10-08	11.5	11.5	11.7	11.7	59800.0
2021-10-11	11.6	11.5	11.6	11.6	16400.0
2021-10-12	11.6	11.5	11.7	11.7	57000.0
2021-10-14	11.6	11.6	11.6	11.6	2000.0
2021-10-15	11.6	11.5	11.7	11.7	124500.0
2021-10-18	11.5	11.5	11.7	11.6	35200.0
2021-10-19	11.7	11.6	11.7	11.6	86700.0
2021-10-20	11.7	11.6	11.7	11.7	11200.0
2021-10-21	11.8	11.8	11.9	11.8	13600.0
2021-10-25	11.8	11.7	11.8	11.8	15300.0
2021-10-26	11.8	11.7	11.8	11.8	12000.0
2021-10-27	11.6	11.5	11.9	11.7	61700.0
2021-10-28	11.7	11.7	11.8	11.7	2500.0
2021-10-29	11.7	11.7	11.9	11.8	28900.0
2021-11-01	11.8	11.8	11.8	11.8	16000.0
2021-11-02	11.9	11.7	11.9	11.7	6400.0
2021-11-03	11.7	11.5	11.8	11.5	31100.0
2021-11-04	11.5	11.4	11.7	11.7	30500.0
2021-11-05	11.5	11.5	11.7	11.6	2200.0
2021-11-08	11.5	11.5	11.6	11.6	7200.0
2021-11-09	11.9	11.8	11.9	11.8	22700.0
2021-11-10	11.8	11.7	11.8	11.7	16200.0
2021-11-11	11.5	11.5	11.5	11.5	3400.0
2021-11-12	11.7	11.6	11.7	11.6	7300.0
2021-11-15	11.7	11.6	11.7	11.6	32700.0
2021-11-16	11.6	11.5	11.7	11.7	12200.0
2021-11-17	11.7	11.6	11.7	11.7	25400.0
2021-11-18	11.6	11.6	11.7	11.7	15300.0
2021-11-19	11.7	11.7	11.8	11.8	40800.0
2021-11-22	11.9	11.5	12.0	11.8	47700.0
2021-11-23	11.8	11.7	11.8	11.8	2100.0
2021-11-24	11.6	11.6	11.8	11.7	4100.0
2021-11-25	11.6	11.6	11.8	11.8	1700.0
2021-11-26	11.6	11.4	11.8	11.8	22200.0
2021-11-29	11.5	11.5	11.7	11.7	9200.0
2021-11-30	11.7	11.4	11.7	11.5	29400.0
2021-12-01	11.5	11.4	11.6	11.5	4300.0
2021-12-02	11.5	11.5	11.7	11.7	400.0
2021-12-03	11.5	11.5	11.8	11.8	200.0
2021-12-07	11.8	11.6	11.8	11.6	31200.0
2021-12-08	11.6	11.6	11.7	11.7	108600.0
2021-12-09	11.7	11.6	11.8	11.6	11600.0
2021-12-13	11.6	11.6	11.8	11.6	6600.0
2021-12-14	11.6	11.6	11.8	11.7	2200.0
2021-12-15	11.7	11.7	12.0	11.9	18300.0
2021-12-16	11.9	11.7	12.0	11.7	22800.0
2021-12-17	11.8	11.7	11.9	11.7	32600.0
2021-12-20	11.9	11.7	11.9	11.7	10800.0
2021-12-21	11.8	11.8	11.8	11.8	13100.0
2021-12-22	12.0	11.8	12.0	11.8	17200.0
2021-12-23	11.8	11.7	11.8	11.8	5500.0
2021-12-24	12.0	12.0	12.0	12.0	2100.0
2021-12-27	11.7	11.7	11.9	11.9	6000.0
2021-12-28	12.0	11.8	12.0	11.8	16100.0
2021-12-29	11.8	11.8	11.9	11.9	2100.0
2021-12-30	11.9	11.8	12.0	11.9	15900.0
2022-01-04	12.3	12.2	13.2	12.7	161000.0
2022-01-05	13.2	12.8	13.5	13.4	126700.0
2022-01-06	13.6	13.3	13.8	13.7	77700.0
2022-01-07	13.5	13.0	13.8	13.8	63200.0
2022-01-10	13.9	13.7	13.9	13.7	37000.0
2022-01-11	13.3	13.3	13.7	13.7	34800.0
2022-01-12	13.6	13.6	13.9	13.6	15800.0
2022-01-13	13.5	13.3	13.6	13.6	35200.0
2022-01-14	13.5	13.5	13.6	13.5	6200.0
2022-01-17	13.6	13.3	13.6	13.5	2100.0
2022-01-18	13.6	13.5	13.6	13.5	6300.0
2022-01-19	13.4	13.4	13.4	13.4	1300.0
2022-01-20	13.5	13.2	13.5	13.3	31500.0
2022-01-21	13.2	12.8	13.3	13.3	33400.0
2022-01-24	13.0	13.0	13.4	13.0	21400.0
2022-01-25	12.9	12.8	13.0	13.0	23900.0
2022-01-26	12.8	12.6	12.8	12.7	44200.0
2022-01-27	12.6	12.4	12.7	12.7	35200.0
2022-01-28	13.0	13.0	13.0	13.0	700.0
2022-01-31	13.0	13.0	13.2	13.0	3900.0
2022-02-01	13.3	13.3	13.3	13.3	200.0
2022-02-02	13.3	13.3	13.4	13.4	17300.0
2022-02-03	13.3	13.3	13.6	13.6	13300.0
2022-02-04	13.8	13.0	13.8	13.5	1800.0
2022-02-07	13.1	13.1	13.5	13.5	3100.0
2022-02-08	13.5	13.3	13.5	13.3	8800.0
2022-02-09	13.2	13.2	13.2	13.2	6500.0
2022-02-10	13.4	13.2	13.5	13.2	22800.0
2022-02-11	13.6	13.1	13.6	13.1	8100.0
2022-02-14	13.0	12.9	13.3	13.3	15500.0
2022-02-15	13.1	13.1	13.3	13.3	8200.0
2022-02-17	13.2	13.2	13.5	13.5	600.0
2022-02-18	13.0	13.0	13.3	13.1	5700.0
2022-02-21	13.1	13.0	13.1	13.0	14200.0
2022-02-22	13.0	13.0	13.6	13.6	6500.0
2022-02-23	13.6	13.2	13.6	13.2	300.0
2022-02-24	13.1	12.5	13.1	12.9	27300.0
2022-02-25	13.0	13.0	13.5	13.4	42700.0
2022-02-28	13.7	13.0	13.7	13.3	62600.0
2022-03-01	13.1	13.0	13.2	13.0	14600.0
2022-03-02	13.0	12.9	13.2	13.2	2600.0
2022-03-03	13.3	13.0	13.4	13.4	15600.0
2022-03-04	13.3	13.3	13.3	13.3	700.0
2022-03-07	13.5	12.7	14.1	13.2	67400.0
2022-03-08	13.2	12.4	13.2	12.7	48400.0
2022-03-09	12.9	12.9	13.2	13.2	12900.0
2022-03-10	13.3	12.9	13.3	13.1	53900.0
2022-03-11	13.2	12.8	13.2	13.2	118200.0
2022-03-14	12.5	12.5	13.8	13.8	124800.0
2022-03-15	13.7	13.1	13.7	13.7	51500.0
2022-03-16	13.7	13.2	13.7	13.2	4800.0
2022-03-17	13.4	13.3	13.8	13.8	46200.0
2022-03-18	13.8	13.4	13.8	13.6	31600.0
2022-03-21	13.7	13.7	14.8	14.5	209600.0
2022-03-22	14.5	14.2	14.5	14.2	16600.0
2022-03-23	14.5	14.5	15.3	15.0	135800.0
2022-03-24	15.5	15.3	16.3	16.3	230300.0
2022-03-25	16.6	15.5	17.3	16.4	336800.0
2022-03-28	17.1	16.0	17.1	16.4	88500.0
2022-03-29	16.8	16.3	16.8	16.5	28900.0
2022-03-30	16.1	16.1	16.4	16.3	6900.0
2022-03-31	16.0	15.9	16.1	16.1	14200.0
2022-04-01	15.7	15.6	16.4	16.0	15600.0
2022-04-04	15.8	15.5	15.9	15.8	21100.0
2022-04-05	15.6	15.3	15.6	15.3	33000.0
2022-04-07	14.8	14.4	14.9	14.9	80800.0
2022-04-08	15.1	14.8	15.3	14.8	20000.0
2022-04-11	14.8	14.3	14.8	14.5	26900.0
2022-04-12	14.2	14.2	14.4	14.3	12200.0
2022-04-18	14.7	14.4	15.2	15.2	17800.0
2022-04-19	15.2	15.2	16.0	15.4	41800.0
2022-04-20	15.4	15.4	15.5	15.4	4800.0
2022-04-21	15.9	15.4	16.0	15.4	8900.0
2022-04-22	15.5	15.5	16.1	16.1	45700.0
2022-04-25	16.5	15.5	16.5	15.5	17400.0
2022-04-26	15.4	15.4	15.7	15.7	3800.0
2022-04-27	15.5	15.3	15.7	15.4	5400.0
2022-04-28	15.2	15.2	17.5	16.5	87500.0
2022-04-29	16.9	16.1	16.9	16.5	10800.0
2022-05-03	16.2	16.2	16.4	16.4	12900.0
2022-05-05	16.5	16.2	16.5	16.2	4100.0
2022-05-06	16.0	16.0	16.4	16.4	2600.0
2022-05-09	15.8	15.7	16.0	15.9	8900.0
2022-05-10	15.7	15.1	15.9	15.7	3800.0
2022-05-11	14.5	12.7	14.5	13.2	163300.0
2022-05-12	12.8	12.5	12.9	12.6	30400.0
2022-05-13	12.1	11.5	12.7	12.2	95900.0
2022-05-17	11.7	11.7	13.1	12.7	9500.0
2022-05-18	13.0	12.5	13.0	12.8	13800.0
2022-05-19	12.0	12.0	12.6	12.5	6900.0
2022-05-20	12.2	12.2	12.8	12.8	3600.0
2022-05-23	12.1	12.0	12.8	12.7	13700.0
2022-05-24	12.7	12.6	12.8	12.6	9600.0
2022-05-25	12.3	12.3	12.6	12.6	1000.0
2022-05-26	12.5	12.5	12.7	12.7	1600.0
2022-05-27	12.6	12.6	12.7	12.7	1200.0
2022-05-30	12.7	12.7	13.0	12.7	6500.0
2022-05-31	12.5	12.5	13.2	13.1	9600.0
2022-06-01	12.8	12.8	13.5	13.2	17200.0
2022-06-02	12.9	12.9	13.1	13.1	7600.0
2022-06-06	13.1	12.6	13.1	13.1	14300.0
2022-06-07	13.2	12.7	13.2	12.9	3000.0
2022-06-08	13.0	13.0	13.2	13.2	2900.0
2022-06-09	13.0	12.7	13.2	12.9	34500.0
2022-06-10	12.9	12.0	12.9	12.7	28700.0
2022-06-13	12.7	12.1	15.3	13.0	144500.0
2022-06-14	13.4	12.6	13.4	12.7	18700.0
2022-06-15	12.8	12.2	12.8	12.4	23400.0
2022-06-16	12.4	12.0	12.6	12.2	19200.0
2022-06-17	12.5	12.1	12.8	12.6	12000.0
2022-06-20	12.5	12.3	12.5	12.4	1700.0
2022-06-21	12.4	12.2	12.4	12.4	10000.0
2022-06-22	12.5	12.1	12.5	12.4	5500.0
2022-06-23	12.1	12.0	12.2	12.0	15700.0
2022-06-24	12.1	12.1	12.4	12.2	2500.0
2022-06-27	12.0	12.0	12.6	12.2	8200.0
2022-06-29	12.0	12.0	12.4	12.2	1300.0
2022-06-30	12.0	11.5	12.3	12.3	30200.0
2022-07-01	11.9	11.8	12.1	12.0	8200.0
2022-07-04	12.0	11.7	12.6	12.2	11700.0
2022-07-05	12.2	11.3	12.2	12.2	7200.0
2022-07-06	12.2	11.5	12.8	12.0	11800.0
2022-07-07	12.5	11.9	12.5	12.2	400.0
2022-07-08	11.8	11.8	12.2	12.0	3100.0
2022-07-11	11.9	11.9	12.0	12.0	4600.0
2022-07-12	11.8	11.5	11.9	11.7	38600.0
2022-07-14	11.6	11.5	12.0	12.0	7600.0
2022-07-15	11.5	11.5	11.7	11.6	15300.0
2022-07-18	11.5	10.2	11.6	10.5	214300.0
2022-07-19	10.5	10.2	10.8	10.8	68800.0
2022-07-20	10.5	10.4	10.7	10.6	21800.0
2022-07-21	10.6	10.6	10.7	10.6	1700.0
2022-07-22	11.0	10.9	11.0	10.9	5700.0
2022-07-25	10.8	10.6	11.3	11.0	6700.0
2022-07-26	10.6	10.5	10.8	10.7	11600.0
2022-07-27	10.7	10.6	10.7	10.7	2600.0
2022-08-01	10.8	10.7	10.8	10.7	15000.0
2022-08-02	10.8	10.7	10.8	10.7	3500.0
2022-08-03	10.7	10.2	10.8	10.7	14000.0
2022-08-04	10.6	10.6	10.7	10.7	2800.0
2022-08-05	10.7	10.6	10.7	10.7	4200.0
2022-08-08	10.7	10.6	10.7	10.6	6400.0
2022-08-09	10.6	10.1	10.6	10.4	80000.0
2022-08-10	10.3	10.3	10.7	10.4	4800.0
2022-08-11	10.2	10.1	10.8	10.4	104300.0
2022-08-15	10.4	10.2	11.0	10.7	23900.0
2022-08-16	10.9	10.4	10.9	10.7	4500.0
2022-08-17	10.5	10.5	10.6	10.6	2000.0
2022-08-18	10.5	10.4	10.7	10.7	4300.0
2022-08-22	10.4	10.4	10.6	10.6	1900.0
2022-08-23	10.3	10.3	10.6	10.5	2600.0
2022-08-24	10.3	10.3	10.5	10.5	8500.0
2022-08-25	10.5	10.5	10.6	10.6	6600.0
2022-08-26	10.5	10.5	11.9	10.8	32900.0
2022-08-29	10.8	10.8	10.9	10.8	15900.0
2022-08-30	10.6	10.3	10.7	10.7	12900.0
2022-08-31	10.7	10.6	10.7	10.7	1800.0
2022-09-01	10.5	10.5	10.6	10.6	5800.0
2022-09-02	10.5	10.5	10.7	10.7	5600.0
2022-09-05	10.6	10.5	10.9	10.6	9900.0
2022-09-06	10.8	10.6	10.8	10.8	3800.0
2022-09-07	10.8	10.5	10.8	10.5	5400.0
2022-09-08	10.6	10.3	10.6	10.6	10500.0
2022-09-09	10.4	10.4	11.2	11.1	32200.0
2022-09-12	10.9	10.8	11.7	11.2	46300.0
2022-09-13	11.2	11.0	11.2	11.2	12600.0
2022-09-14	11.2	11.0	11.2	11.2	2700.0
2022-09-15	11.2	11.2	11.3	11.2	3700.0
2022-09-16	10.7	10.7	11.1	10.9	2200.0
2022-09-19	10.8	10.4	10.8	10.4	27500.0
2022-09-20	10.7	10.6	10.7	10.7	3800.0
2022-09-21	10.6	10.6	10.6	10.6	1000.0
2022-09-22	10.5	10.2	10.6	10.4	109600.0
2022-09-23	10.4	10.2	10.4	10.3	279800.0
2022-09-26	10.2	10.1	10.3	10.1	21600.0
2022-09-27	10.1	9.9	10.2	10.1	53500.0
2022-09-28	10.0	9.9	10.0	10.0	56900.0
2022-09-29	9.95	9.85	10.0	9.9	65000.0
2022-09-30	9.75	9.75	9.9	9.9	6800.0
2022-10-03	9.85	9.85	9.95	9.95	4400.0
2022-10-04	9.85	9.85	10.0	10.0	10900.0
2022-10-05	10.0	10.0	10.3	10.3	3600.0
2022-10-06	10.0	10.0	10.2	10.2	300.0
2022-10-07	10.2	10.2	10.2	10.2	4900.0
2022-10-10	10.2	10.2	10.2	10.2	2200.0
2022-10-11	10.2	10.2	10.2	10.2	9500.0
2022-10-12	10.1	9.85	10.1	9.85	11600.0
2022-10-17	9.8	9.8	10.2	10.2	2800.0
2022-10-18	10.0	10.0	10.1	10.1	7100.0
2022-10-19	10.1	10.1	10.1	10.1	500.0
2022-10-20	10.0	10.0	10.1	10.1	600.0
2022-10-21	10.1	9.95	10.1	10.1	1000.0
2022-10-25	9.9	9.9	9.95	9.95	2400.0
2022-10-26	10.0	9.95	10.2	10.2	1600.0
2022-10-27	10.2	10.1	10.2	10.1	200.0
2022-10-28	9.95	9.95	10.0	10.0	400.0
2022-10-31	10.0	9.9	10.0	10.0	4000.0
2022-11-01	10.0	9.95	10.0	9.95	2400.0
2022-11-02	9.9	9.9	9.95	9.95	400.0
2022-11-03	10.0	10.0	10.0	10.0	400.0
2022-11-04	11.3	10.6	12.0	11.0	361300.0
2022-11-07	10.9	10.7	11.0	10.9	34400.0
2022-11-08	11.1	10.7	11.1	10.9	12900.0
2022-11-09	10.7	10.6	10.9	10.7	12800.0
2022-11-10	10.7	10.4	10.7	10.6	4900.0
2022-11-11	10.6	10.6	10.7	10.7	2900.0
2022-11-14	10.5	10.3	10.5	10.4	20800.0
2022-11-15	10.4	10.4	10.5	10.4	4400.0
2022-11-16	10.4	10.3	10.5	10.4	10200.0
2022-11-17	10.5	10.4	10.5	10.5	7000.0
2022-11-18	10.5	10.3	10.5	10.3	4300.0
2022-11-21	10.3	10.3	10.5	10.4	8700.0
2022-11-22	10.3	10.3	10.4	10.4	5600.0
2022-11-23	10.3	10.3	10.4	10.4	1100.0
2022-11-24	10.4	10.4	10.4	10.4	2000.0
2022-11-25	10.4	10.4	10.6	10.6	4900.0
2022-11-28	10.6	10.6	10.6	10.6	12500.0
2022-11-29	10.6	10.5	10.6	10.6	2700.0
2022-11-30	10.4	10.4	10.5	10.5	3000.0
2022-12-01	10.5	10.5	10.6	10.5	10600.0
2022-12-02	10.5	10.4	10.5	10.5	1500.0
2022-12-06	10.5	10.5	10.5	10.5	700.0
2022-12-08	10.6	10.6	10.6	10.6	500.0
2022-12-09	10.7	10.6	10.7	10.6	2800.0
2022-12-13	10.5	10.5	10.5	10.5	1200.0
2022-12-14	10.4	10.4	10.6	10.6	800.0
2022-12-15	10.5	10.5	10.6	10.6	3800.0
2022-12-16	10.3	10.3	10.6	10.6	1000.0
2022-12-19	10.2	10.2	10.5	10.5	700.0
2022-12-22	10.4	10.4	10.4	10.4	1100.0
2022-12-23	10.4	10.4	10.4	10.4	1000.0
2022-12-26	10.4	10.1	10.4	10.3	9200.0
2022-12-27	10.2	10.1	10.3	10.3	5700.0
2022-12-28	10.2	10.2	10.4	10.4	8500.0
2022-12-29	10.3	10.3	10.4	10.4	4000.0
2022-12-30	10.4	10.3	10.5	10.4	12300.0
