Date	Price Open	Price Low	Price High	Price Close	Volume
2013-02-14	14.0	11.6	14.9	12.3	138005800.0
2013-02-15	11.8	9.7	11.8	9.7	51228100.0
2013-02-18	9.55	8.0	9.55	8.05	29989800.0
2013-02-19	8.3	8.25	8.95	8.4	28599400.0
2013-02-20	8.4	7.95	8.45	8.05	11383200.0
2013-02-21	8.15	8.0	8.65	8.45	16621000.0
2013-02-22	8.45	8.15	8.5	8.25	3922600.0
2013-02-26	8.0	7.75	8.35	8.3	1980600.0
2013-02-27	8.3	8.0	8.3	8.0	759000.0
2013-02-28	8.1	7.85	8.1	7.9	723300.0
2013-03-01	8.0	8.0	8.25	8.0	709800.0
2013-03-04	8.1	8.0	8.25	8.05	962300.0
2013-03-05	8.05	7.9	8.1	8.0	1035000.0
2013-03-06	8.0	7.95	8.1	8.0	569400.0
2013-03-07	8.05	8.0	8.35	8.1	2674600.0
2013-03-08	8.1	8.05	8.15	8.1	1042300.0
2013-03-11	8.15	8.1	8.15	8.15	419800.0
2013-03-12	8.15	7.95	8.2	7.95	1498700.0
2013-03-13	8.0	7.9	8.1	7.95	926000.0
2013-03-14	8.0	8.0	8.15	8.15	2378200.0
2013-03-15	8.2	7.85	8.25	8.0	5199100.0
2013-03-18	8.0	7.9	10.1	9.2	108557300.0
2013-03-19	9.4	8.3	9.45	8.4	17096400.0
2013-03-20	8.55	8.05	8.6	8.05	8118800.0
2013-03-21	8.2	7.85	8.4	7.95	7328100.0
2013-03-22	7.9	7.15	8.05	7.35	4676900.0
2013-03-25	7.5	7.35	7.8	7.55	3691700.0
2013-03-26	7.5	7.4	7.8	7.55	3470500.0
2013-03-27	7.7	7.6	8.2	7.85	6229000.0
2013-03-28	7.8	7.6	8.4	7.85	15831900.0
2013-03-29	8.0	7.9	8.05	7.95	2638300.0
2013-04-01	7.95	7.8	7.95	7.8	1449200.0
2013-04-02	7.85	7.6	7.9	7.6	2078100.0
2013-04-03	7.75	7.35	8.0	7.35	2834900.0
2013-04-04	7.1	6.9	7.15	7.0	6120300.0
2013-04-05	7.05	6.95	7.6	7.05	18637800.0
2013-04-09	7.15	6.9	7.15	6.9	1986400.0
2013-04-10	6.95	6.8	7.05	7.05	1712100.0
2013-04-11	7.15	7.05	7.15	7.1	970100.0
2013-04-12	7.1	7.05	7.3	7.1	2243700.0
2013-04-17	7.0	6.9	7.2	7.0	763600.0
2013-04-18	7.0	6.95	7.05	7.0	509400.0
2013-04-19	7.05	7.0	7.15	7.05	964100.0
2013-04-22	7.15	7.0	7.15	7.05	828000.0
2013-04-23	7.05	7.05	7.45	7.2	6498900.0
2013-04-24	7.25	7.25	7.75	7.6	11010400.0
2013-04-25	7.6	7.45	7.65	7.6	3455400.0
2013-04-26	7.7	7.5	7.85	7.5	4451900.0
2013-04-29	7.55	7.35	7.6	7.4	1471800.0
2013-04-30	7.4	7.3	7.45	7.3	514800.0
2013-05-02	7.35	7.2	7.35	7.2	585500.0
2013-05-03	7.25	7.05	7.35	7.1	1211400.0
2013-05-07	7.15	7.1	7.2	7.1	392600.0
2013-05-08	7.2	7.2	7.35	7.2	1067600.0
2013-05-09	7.35	7.2	7.35	7.2	573000.0
2013-05-10	7.2	7.15	7.35	7.15	951700.0
2013-05-13	7.35	7.05	7.4	7.1	1490500.0
2013-05-14	7.15	7.1	7.2	7.1	583000.0
2013-05-15	7.1	7.05	7.15	7.1	500500.0
2013-05-16	7.1	6.95	7.1	6.95	612200.0
2013-05-17	6.95	6.95	7.05	7.0	269800.0
2013-05-20	7.0	7.0	7.1	7.05	249200.0
2013-05-21	7.0	6.95	7.05	6.95	498500.0
2013-05-22	7.0	6.95	7.4	7.2	2908000.0
2013-05-23	7.4	7.4	8.95	8.3	119866000.0
2013-05-27	8.25	8.15	8.75	8.2	37930300.0
2013-05-28	8.25	7.8	8.35	7.85	10350100.0
2013-05-29	7.95	7.95	8.85	8.65	44697400.0
2013-05-30	8.6	8.05	8.6	8.2	16731500.0
2013-05-31	8.3	8.05	8.4	8.35	10135000.0
2013-06-03	8.4	8.1	8.65	8.4	20500600.0
2013-06-04	8.45	8.4	9.5	9.4	81120600.0
2013-06-05	9.2	8.6	9.3	8.65	30251000.0
2013-06-06	8.55	7.75	8.65	7.85	17983100.0
2013-06-07	7.8	7.55	8.05	7.9	16064800.0
2013-06-10	8.0	7.7	8.2	7.7	9620200.0
2013-06-11	7.75	6.95	7.75	6.95	8458500.0
2013-06-12	7.0	6.85	7.3	7.0	5245400.0
2013-06-13	6.7	5.7	6.75	6.05	8734700.0
2013-06-14	6.4	6.2	6.6	6.35	6492800.0
2013-06-17	6.4	6.3	7.0	6.85	15094700.0
2013-06-18	6.8	6.3	7.05	6.35	9220400.0
2013-06-19	6.45	6.15	6.45	6.25	1929200.0
2013-06-20	5.95	5.9	6.15	6.0	3977300.0
2013-06-21	5.9	5.65	6.05	5.85	1996000.0
2013-06-24	5.85	5.4	5.9	5.45	2050900.0
2013-06-25	5.5	5.1	5.65	5.6	2028700.0
2013-06-26	5.7	5.6	6.05	5.8	2826400.0
2013-06-27	6.05	5.75	6.1	5.9	1561600.0
2013-06-28	6.0	5.85	6.2	5.9	2937800.0
2013-07-02	6.0	6.0	6.4	6.15	4407900.0
2013-07-03	6.1	6.0	6.2	6.0	802300.0
2013-07-04	6.1	5.9	6.15	5.9	1208300.0
2013-07-05	6.0	5.85	6.05	5.85	598600.0
2013-07-08	5.85	5.6	5.85	5.65	971100.0
2013-07-09	5.65	5.45	5.7	5.55	512500.0
2013-07-10	5.7	5.35	5.7	5.35	867200.0
2013-07-11	5.5	5.5	5.65	5.6	567900.0
2013-07-12	5.6	5.6	5.95	5.75	2552000.0
2013-07-15	5.75	5.7	5.9	5.8	1034500.0
2013-07-16	5.85	5.7	6.05	5.8	1850100.0
2013-07-17	5.85	5.85	6.3	6.2	7131100.0
2013-07-18	6.2	6.15	6.45	6.3	4490600.0
2013-07-19	6.3	6.2	6.4	6.25	1800100.0
2013-07-23	6.3	6.3	6.9	6.5	12250400.0
2013-07-24	6.5	6.35	6.6	6.35	1662900.0
2013-07-25	6.35	6.05	6.35	6.05	1061000.0
2013-07-26	6.05	5.9	6.05	6.05	418400.0
2013-07-29	5.95	5.9	6.35	6.1	1134200.0
2013-07-30	6.2	6.0	6.25	6.05	705000.0
2013-07-31	6.1	5.9	6.1	6.0	648900.0
2013-08-01	6.05	5.95	6.05	6.0	392800.0
2013-08-02	6.05	5.8	6.05	5.85	1144400.0
2013-08-05	5.8	5.75	5.9	5.8	308500.0
2013-08-06	5.8	5.75	6.0	5.9	566500.0
2013-08-07	6.0	5.85	6.0	5.9	9600.0
2013-08-08	5.95	5.85	6.1	6.05	466800.0
2013-08-09	6.1	6.0	6.1	6.1	150900.0
2013-08-13	6.0	6.0	6.15	6.1	205800.0
2013-08-14	6.4	6.05	6.4	6.1	914800.0
2013-08-15	6.1	5.95	6.1	5.95	555200.0
2013-08-16	5.95	5.95	6.1	5.95	386500.0
2013-08-19	6.0	5.75	6.0	5.75	690700.0
2013-08-20	5.8	5.5	5.8	5.55	839300.0
2013-08-21	5.45	5.45	5.6	5.5	282700.0
2013-08-22	5.45	5.35	5.5	5.5	336000.0
2013-08-23	5.7	5.25	5.7	5.5	427400.0
2013-08-26	5.45	5.25	5.5	5.25	151600.0
2013-08-27	5.2	4.84	5.25	4.88	713000.0
2013-08-28	4.88	4.34	4.88	4.74	158500.0
2013-08-29	4.7	4.7	4.98	4.74	31600.0
2013-08-30	4.74	4.7	4.8	4.78	45000.0
2013-09-02	4.78	4.78	5.05	4.98	27000.0
2013-09-03	5.05	4.84	5.05	4.9	52600.0
2013-09-04	4.8	4.8	5.6	5.05	1862300.0
2013-09-05	5.1	5.05	5.35	5.1	541100.0
2013-09-06	5.15	5.05	5.2	5.1	521200.0
2013-09-09	5.15	5.1	5.2	5.15	227300.0
2013-09-10	5.2	5.1	5.4	5.1	1886800.0
2013-09-11	5.15	5.1	5.15	5.15	417300.0
2013-09-12	5.25	5.1	5.35	5.1	481600.0
2013-09-13	5.15	5.1	5.15	5.1	154100.0
2013-09-16	5.15	5.15	5.35	5.3	582400.0
2013-09-17	5.3	5.2	5.3	5.2	348000.0
2013-09-18	5.25	5.2	5.6	5.4	2015100.0
2013-09-19	5.6	5.5	5.7	5.5	1149600.0
2013-09-20	5.5	5.45	5.85	5.8	6116200.0
2013-09-23	5.8	5.3	5.8	5.35	2149500.0
2013-09-24	5.3	5.25	5.4	5.4	568000.0
2013-09-25	5.4	5.15	5.4	5.35	1267800.0
2013-09-26	5.3	5.2	5.35	5.25	350000.0
2013-09-27	5.3	5.15	5.3	5.25	394100.0
2013-09-30	5.15	4.88	5.15	5.0	1600800.0
2013-10-01	5.05	4.96	5.05	5.05	346200.0
2013-10-02	5.05	5.0	5.05	5.05	135600.0
2013-10-03	5.05	5.05	5.15	5.05	277800.0
2013-10-04	5.1	5.0	5.1	5.1	153700.0
2013-10-07	5.05	5.0	5.4	5.1	1958700.0
2013-10-08	5.15	5.1	5.25	5.2	697900.0
2013-10-09	5.3	5.3	5.7	5.4	12488600.0
2013-10-10	5.4	5.3	5.5	5.3	2393100.0
2013-10-11	5.5	5.25	5.5	5.25	1288000.0
2013-10-14	5.25	5.2	5.3	5.25	467400.0
2013-10-15	5.3	5.3	5.5	5.35	2088100.0
2013-10-16	5.4	5.3	5.45	5.35	936100.0
2013-10-17	5.45	5.25	5.45	5.3	745600.0
2013-10-18	5.35	5.3	5.45	5.35	941000.0
2013-10-21	5.35	5.1	5.4	5.1	494400.0
2013-10-22	5.15	5.0	5.15	5.15	678200.0
2013-10-24	5.05	5.05	5.3	5.25	400700.0
2013-10-25	5.25	5.1	5.25	5.1	473600.0
2013-10-28	5.2	5.05	5.3	5.1	1526200.0
2013-10-29	5.1	5.05	5.15	5.15	162300.0
2013-10-30	5.15	4.98	5.15	4.98	1660200.0
2013-10-31	4.98	4.96	5.05	4.98	320900.0
2013-11-01	4.98	4.94	5.0	4.94	515500.0
2013-11-04	4.94	4.84	4.94	4.84	291100.0
2013-11-05	4.88	4.84	4.98	4.92	217200.0
2013-11-06	4.9	4.9	5.05	4.98	78200.0
2013-11-07	5.0	4.94	5.0	4.96	97900.0
2013-11-08	4.96	4.94	5.0	4.96	108400.0
2013-11-11	4.8	4.8	4.96	4.96	80400.0
2013-11-12	5.0	4.96	5.05	4.98	155600.0
2013-11-13	5.1	4.98	5.2	5.0	1153600.0
2013-11-14	5.05	5.0	5.15	5.05	586800.0
2013-11-15	5.05	4.94	5.1	4.94	450900.0
2013-11-18	4.96	4.92	5.0	4.92	202800.0
2013-11-19	4.96	4.92	4.98	4.94	253300.0
2013-11-20	4.96	4.9	5.0	4.96	180800.0
2013-11-21	4.96	4.8	4.96	4.8	270800.0
2013-11-22	4.82	4.8	4.88	4.8	216800.0
2013-11-25	4.8	4.78	4.82	4.8	113300.0
2013-11-26	4.8	4.8	4.86	4.84	43900.0
2013-11-27	4.84	4.84	4.92	4.9	58800.0
2013-11-28	4.94	4.8	4.94	4.82	148600.0
2013-11-29	4.82	4.82	4.84	4.84	18800.0
2013-12-02	4.82	4.82	4.92	4.82	43600.0
2013-12-03	4.9	4.86	4.92	4.92	66000.0
2013-12-04	4.92	4.82	4.92	4.88	25400.0
2013-12-06	4.86	4.82	4.9	4.82	55600.0
2013-12-09	4.86	4.78	4.9	4.8	240400.0
2013-12-11	4.78	4.76	4.82	4.8	175600.0
2013-12-12	4.76	4.76	4.8	4.8	189300.0
2013-12-13	4.78	4.7	4.78	4.72	215900.0
2013-12-16	4.78	4.68	4.8	4.68	340200.0
2013-12-17	4.64	4.64	4.72	4.66	146300.0
2013-12-18	4.7	4.68	4.7	4.7	111100.0
2013-12-19	4.66	4.66	4.66	4.66	7000.0
2013-12-20	4.66	4.64	4.72	4.7	135300.0
2013-12-23	4.7	4.56	4.7	4.56	188000.0
2013-12-24	4.56	4.54	4.9	4.74	45700.0
2013-12-25	4.72	4.62	4.74	4.7	13400.0
2013-12-26	4.7	4.6	4.7	4.66	6300.0
2013-12-27	4.68	4.52	4.7	4.68	86300.0
2014-01-02	4.5	4.46	4.66	4.46	245100.0
2014-01-03	4.3	4.3	4.46	4.42	94100.0
2014-01-06	4.42	4.1	4.42	4.32	155200.0
2014-01-07	4.38	4.3	4.38	4.3	59600.0
2014-01-08	4.3	4.28	4.34	4.3	111400.0
2014-01-09	4.26	4.26	4.62	4.38	78000.0
2014-01-10	4.32	4.28	4.52	4.36	63900.0
2014-01-13	4.4	4.2	4.4	4.28	90100.0
2014-01-14	4.26	4.2	4.3	4.2	372200.0
2014-01-15	4.2	4.2	4.32	4.26	390400.0
2014-01-16	4.3	4.28	4.76	4.5	7390600.0
2014-01-17	4.5	4.4	4.66	4.44	2092400.0
2014-01-20	4.38	4.38	4.64	4.5	1132600.0
2014-01-21	4.48	4.38	4.58	4.46	489800.0
2014-01-22	4.4	4.36	4.46	4.4	99800.0
2014-01-23	4.38	4.38	4.6	4.5	1379500.0
2014-01-24	4.52	4.4	4.62	4.44	932400.0
2014-01-27	4.44	4.36	4.52	4.36	129400.0
2014-01-28	4.4	4.36	4.46	4.36	54400.0
2014-01-29	4.36	4.36	4.42	4.38	45800.0
2014-01-30	4.44	4.34	4.44	4.38	10700.0
2014-01-31	4.34	4.34	4.46	4.36	35500.0
2014-02-03	4.44	4.4	4.54	4.44	322300.0
2014-02-04	4.4	4.4	4.52	4.44	229900.0
2014-02-05	4.42	4.42	4.52	4.48	87000.0
2014-02-06	4.46	4.44	4.72	4.64	6350300.0
2014-02-07	4.66	4.5	4.72	4.5	3272000.0
2014-02-10	4.54	4.52	4.64	4.56	707400.0
2014-02-11	4.6	4.58	4.68	4.58	2448600.0
2014-02-12	4.6	4.54	4.64	4.58	659600.0
2014-02-13	4.6	4.58	4.66	4.6	1219400.0
2014-02-17	4.6	4.6	4.72	4.68	1576600.0
2014-02-18	4.64	4.58	4.72	4.58	562800.0
2014-02-19	4.6	4.58	4.66	4.58	264600.0
2014-02-20	4.58	4.46	4.62	4.5	661800.0
2014-02-21	4.52	4.44	4.54	4.48	477300.0
2014-02-24	4.44	4.4	4.5	4.42	145400.0
2014-02-25	4.42	4.38	4.52	4.48	627600.0
2014-02-26	4.52	4.52	4.66	4.54	2885400.0
2014-02-27	4.54	4.54	4.62	4.56	270900.0
2014-02-28	4.52	4.5	4.6	4.5	292500.0
2014-03-03	4.5	4.46	4.56	4.52	187900.0
2014-03-04	4.46	4.46	4.54	4.5	275000.0
2014-03-05	4.56	4.48	4.58	4.56	890000.0
2014-03-06	4.58	4.52	4.58	4.56	622400.0
2014-03-07	4.58	4.56	4.8	4.68	8854600.0
2014-03-10	4.68	4.68	4.88	4.8	10823400.0
2014-03-11	4.9	4.76	4.9	4.78	5574100.0
2014-03-12	4.76	4.7	4.8	4.7	1560100.0
2014-03-13	4.72	4.72	4.82	4.8	2343500.0
2014-03-14	4.84	4.78	4.94	4.78	6498000.0
2014-03-17	4.82	4.78	4.84	4.82	438300.0
2014-03-18	4.82	4.68	4.84	4.68	1730700.0
2014-03-19	4.68	4.58	4.72	4.58	848700.0
2014-03-20	4.58	4.58	4.7	4.7	1373500.0
2014-03-21	4.74	4.7	4.8	4.8	4766500.0
2014-03-24	4.82	4.8	4.94	4.8	7587300.0
2014-03-25	4.84	4.74	4.84	4.74	1227400.0
2014-03-26	4.76	4.76	4.84	4.8	735700.0
2014-03-27	4.78	4.68	4.8	4.68	672400.0
2014-03-28	4.68	4.66	4.72	4.7	458100.0
2014-03-31	4.74	4.66	4.76	4.68	261400.0
2014-04-01	4.68	4.68	4.78	4.72	263400.0
2014-04-02	4.76	4.72	4.78	4.76	510000.0
2014-04-03	4.76	4.74	4.8	4.76	238100.0
2014-04-04	4.76	4.7	4.76	4.76	190700.0
2014-04-08	4.72	4.68	4.76	4.68	257600.0
2014-04-09	4.68	4.68	4.76	4.74	371700.0
2014-04-10	4.72	4.7	4.76	4.7	183200.0
2014-04-11	4.68	4.68	4.74	4.74	204800.0
2014-04-16	4.76	4.72	4.76	4.74	295200.0
2014-04-17	4.72	4.72	4.86	4.8	3413300.0
2014-04-18	4.82	4.78	4.86	4.78	1364000.0
2014-04-21	4.78	4.74	4.78	4.78	346800.0
2014-04-22	4.78	4.74	4.8	4.8	473500.0
2014-04-23	4.8	4.72	4.8	4.78	501400.0
2014-04-24	4.8	4.74	4.82	4.78	509900.0
2014-04-25	4.76	4.7	4.78	4.7	339400.0
2014-04-28	4.7	4.7	4.76	4.76	82400.0
2014-04-29	4.76	4.7	4.76	4.74	247600.0
2014-04-30	4.72	4.72	4.76	4.74	430900.0
2014-05-02	4.74	4.64	4.74	4.66	718500.0
2014-05-06	4.64	4.6	4.7	4.6	561400.0
2014-05-07	4.56	4.56	4.64	4.6	182600.0
2014-05-08	4.58	4.5	4.58	4.56	346200.0
2014-05-09	4.52	4.52	4.56	4.54	16600.0
2014-05-12	4.5	4.46	4.54	4.52	272100.0
2014-05-14	4.5	4.5	4.56	4.52	108000.0
2014-05-15	4.58	4.58	4.82	4.68	3959400.0
2014-05-16	4.68	4.66	4.74	4.7	429700.0
2014-05-19	4.7	4.66	4.74	4.66	431500.0
2014-05-20	4.62	4.5	4.7	4.66	379000.0
2014-05-21	4.68	4.68	4.8	4.74	1682900.0
2014-05-22	4.78	4.76	5.1	5.1	11046400.0
2014-05-23	4.9	4.86	5.75	5.55	42689200.0
2014-05-26	5.7	5.2	5.9	5.25	24000300.0
2014-05-27	5.3	5.2	5.5	5.25	7634400.0
2014-05-28	5.3	5.0	5.5	5.15	10530900.0
2014-05-29	5.2	5.1	5.4	5.4	6809700.0
2014-05-30	5.45	5.3	5.55	5.35	4598100.0
2014-06-02	5.4	5.25	5.45	5.3	2911600.0
2014-06-03	5.35	5.35	5.85	5.85	15230500.0
2014-06-04	5.8	5.6	5.85	5.65	6435100.0
2014-06-05	5.7	5.7	6.4	6.4	29030100.0
2014-06-06	6.4	6.15	6.6	6.4	29179500.0
2014-06-09	6.3	6.15	6.45	6.2	6391200.0
2014-06-10	6.2	6.2	6.45	6.35	6990400.0
2014-06-11	6.35	6.25	6.7	6.25	12528500.0
2014-06-12	6.25	6.2	6.45	6.25	5187000.0
2014-06-13	6.35	6.15	6.4	6.2	4002200.0
2014-06-16	6.25	6.2	6.4	6.35	5692500.0
2014-06-17	6.4	6.2	6.4	6.2	3371700.0
2014-06-18	6.25	5.75	6.35	5.75	6795800.0
2014-06-19	5.85	5.7	5.9	5.85	4325500.0
2014-06-20	5.85	5.8	6.2	6.1	11229200.0
2014-06-23	6.15	5.9	6.15	5.95	5753000.0
2014-06-24	6.0	5.8	6.05	6.0	1882200.0
2014-06-25	5.95	5.9	6.05	6.0	2155000.0
2014-06-26	6.05	5.95	6.15	5.95	5218100.0
2014-06-27	6.0	5.75	6.05	5.85	4063200.0
2014-06-30	5.9	5.75	5.95	5.85	2267600.0
2014-07-02	5.85	5.85	5.95	5.9	1728300.0
2014-07-03	5.95	5.85	6.1	6.05	5342700.0
2014-07-04	6.1	5.95	6.15	5.95	2841100.0
2014-07-07	6.0	5.9	6.2	6.15	6419700.0
2014-07-08	6.25	6.0	6.3	6.0	4550600.0
2014-07-09	6.0	6.0	6.1	6.1	1865800.0
2014-07-10	6.1	5.95	6.15	6.0	1460300.0
2014-07-14	6.15	6.0	6.15	6.0	897600.0
2014-07-15	6.05	5.9	6.05	5.95	797000.0
2014-07-16	6.0	5.9	6.05	5.95	924900.0
2014-07-17	5.9	5.9	6.1	6.1	2397900.0
2014-07-18	6.05	5.95	6.25	6.0	8253200.0
2014-07-21	6.05	6.05	6.2	6.2	4972100.0
2014-07-22	6.3	6.0	6.35	6.05	6326200.0
2014-07-23	6.05	6.05	6.3	6.3	3951300.0
2014-07-24	6.35	6.25	6.85	6.7	15042300.0
2014-07-25	6.8	6.35	6.8	6.4	6931400.0
2014-07-28	6.4	6.3	6.75	6.7	5837500.0
2014-07-29	6.6	6.3	6.65	6.4	4137900.0
2014-07-30	6.35	5.85	6.5	6.1	3902100.0
2014-07-31	6.0	5.9	6.2	5.95	2649100.0
2014-08-01	5.75	5.65	6.05	5.95	2766300.0
2014-08-04	5.95	5.9	6.05	6.0	1061300.0
2014-08-05	6.05	6.0	6.15	6.1	938200.0
2014-08-06	6.1	6.05	6.2	6.1	1011500.0
2014-08-07	6.15	6.05	6.25	6.05	2440300.0
2014-08-08	6.05	6.0	6.5	6.45	17720200.0
2014-08-13	6.5	6.35	6.55	6.35	5472200.0
2014-08-14	6.35	6.1	6.35	6.15	2919800.0
2014-08-15	6.2	6.15	6.35	6.25	2786500.0
2014-08-18	6.3	6.25	6.8	6.75	19345300.0
2014-08-19	7.15	7.0	7.55	7.05	34304900.0
2014-08-20	7.0	6.9	7.0	6.95	4455500.0
2014-08-21	6.95	6.95	7.45	7.1	14018700.0
2014-08-22	7.15	7.0	7.35	7.35	5802700.0
2014-08-25	7.45	7.1	7.55	7.1	5945700.0
2014-08-26	7.1	6.85	7.1	6.9	4787900.0
2014-08-27	6.95	6.95	7.25	7.0	4162700.0
2014-08-28	7.05	6.9	7.1	6.9	2927300.0
2014-08-29	7.0	6.85	7.1	6.9	3202300.0
2014-09-01	6.9	6.9	7.25	7.25	7258600.0
2014-09-02	7.3	7.0	7.3	7.0	4295700.0
2014-09-03	7.0	7.0	7.4	7.15	9964600.0
2014-09-04	7.15	6.95	7.15	6.95	4901200.0
2014-09-05	7.05	6.8	7.05	6.85	3140000.0
2014-09-08	6.9	6.8	6.95	6.8	1520300.0
2014-09-09	6.8	6.8	7.0	7.0	1384600.0
2014-09-10	6.95	6.55	7.0	6.75	3850800.0
2014-09-11	6.65	6.5	6.8	6.6	2782400.0
2014-09-12	6.65	6.5	6.8	6.6	999600.0
2014-09-15	6.7	6.65	7.2	7.1	12391700.0
2014-09-16	7.05	6.8	7.1	6.8	4222800.0
2014-09-17	6.9	6.6	7.0	6.75	3853700.0
2014-09-18	6.85	6.8	7.4	7.15	23356400.0
2014-09-19	7.15	7.05	7.2	7.05	4460100.0
2014-09-22	7.05	7.05	7.2	7.1	1971500.0
2014-09-23	7.15	6.85	7.15	6.9	3011100.0
2014-09-24	6.95	6.85	7.0	6.9	1401000.0
2014-09-25	6.95	6.85	7.1	7.0	2033500.0
2014-09-26	7.05	6.9	7.05	7.05	1027400.0
2014-09-29	7.1	6.7	7.1	6.85	2631600.0
2014-09-30	6.75	6.75	6.95	6.9	915700.0
2014-10-01	6.95	6.85	7.15	6.9	6034600.0
2014-10-03	6.65	6.55	6.8	6.6	1746900.0
2014-10-06	6.6	6.45	7.05	6.7	22863600.0
2014-10-07	6.85	6.45	6.85	6.45	7055700.0
2014-10-08	6.45	6.2	6.65	6.4	1809000.0
2014-10-09	6.55	6.45	6.6	6.6	1358800.0
2014-10-10	6.45	6.35	6.55	6.5	2487300.0
2014-10-13	6.45	6.35	6.55	6.4	889800.0
2014-10-14	6.45	6.45	6.6	6.5	1204200.0
2014-10-15	6.6	6.5	6.6	6.5	857800.0
2014-10-16	6.45	6.25	6.5	6.35	2305800.0
2014-10-17	6.35	6.2	6.45	6.35	939500.0
2014-10-20	6.35	6.2	6.45	6.3	426700.0
2014-10-21	6.35	6.1	6.35	6.1	885100.0
2014-10-22	6.2	6.15	6.3	6.2	791700.0
2014-10-24	6.25	6.25	6.35	6.25	368800.0
2014-10-27	6.35	6.25	6.4	6.4	1619000.0
2014-10-28	6.4	6.3	6.5	6.4	1306300.0
2014-10-29	6.4	6.35	6.55	6.5	1036300.0
2014-10-30	6.6	6.4	6.6	6.5	1997500.0
2014-10-31	6.55	6.45	6.55	6.45	519100.0
2014-11-03	6.45	6.4	6.7	6.55	4434200.0
2014-11-04	6.65	6.55	7.1	6.7	12699500.0
2014-11-05	6.8	6.55	6.9	6.65	3319100.0
2014-11-06	6.65	6.6	6.75	6.65	1117700.0
2014-11-07	6.65	6.6	6.85	6.8	2841200.0
2014-11-10	6.85	6.75	7.3	7.1	25087600.0
2014-11-11	7.2	6.8	7.25	6.8	10041000.0
2014-11-12	6.75	6.35	6.8	6.45	5303000.0
2014-11-13	6.4	6.35	6.6	6.6	1355900.0
2014-11-14	6.6	6.45	6.65	6.6	945000.0
2014-11-17	6.6	6.4	6.65	6.4	1051400.0
2014-11-18	6.5	6.4	6.65	6.6	1172800.0
2014-11-19	6.6	6.45	6.6	6.5	806000.0
2014-11-20	6.55	6.35	6.6	6.4	1822700.0
2014-11-21	6.35	6.35	6.5	6.35	909200.0
2014-11-24	6.4	6.35	6.55	6.5	927100.0
2014-11-25	6.5	6.35	6.5	6.5	1368200.0
2014-11-26	6.45	6.35	6.5	6.35	925700.0
2014-11-27	6.4	6.35	6.45	6.4	288300.0
2014-11-28	6.45	6.35	6.45	6.4	187800.0
2014-12-01	6.35	6.3	6.45	6.35	495900.0
2014-12-02	6.4	6.25	6.45	6.35	472900.0
2014-12-03	6.35	6.3	6.4	6.35	111500.0
2014-12-04	6.4	6.3	6.4	6.35	225800.0
2014-12-08	6.4	6.25	6.5	6.35	1151600.0
2014-12-09	6.3	6.2	6.4	6.35	734600.0
2014-12-11	6.3	5.9	6.3	6.1	1283700.0
2014-12-12	6.2	6.1	6.4	6.25	654900.0
2014-12-15	6.25	5.4	6.25	5.85	1274900.0
2014-12-16	5.85	5.7	6.1	5.85	552700.0
2014-12-17	6.0	5.75	6.05	5.75	4099400.0
2014-12-18	5.85	5.8	6.1	5.9	2814500.0
2014-12-19	5.95	5.9	6.1	5.95	2470800.0
2014-12-22	6.0	5.95	6.3	6.25	4061600.0
2014-12-23	6.35	6.2	6.35	6.2	1355500.0
2014-12-24	6.1	6.1	6.35	6.15	966300.0
2014-12-25	6.15	6.0	6.15	6.1	730800.0
2014-12-26	6.05	6.0	6.15	6.1	186500.0
2014-12-29	6.15	6.0	6.15	6.15	168400.0
2014-12-30	6.15	6.0	6.15	6.05	262600.0
2015-01-05	6.05	6.0	6.15	6.1	130500.0
2015-01-06	5.9	5.9	6.2	6.05	746300.0
2015-01-07	6.05	6.05	6.3	6.15	2452800.0
2015-01-08	6.2	6.15	6.35	6.15	1169000.0
2015-01-09	6.2	6.15	6.35	6.3	1227500.0
2015-01-12	6.35	6.25	6.65	6.4	8551100.0
2015-01-13	6.4	6.25	6.5	6.35	2714400.0
2015-01-14	6.4	6.2	6.5	6.2	1726600.0
2015-01-15	6.25	6.2	6.35	6.3	827100.0
2015-01-16	6.3	6.2	6.6	6.5	8377300.0
2015-01-19	6.5	6.4	6.55	6.4	1681000.0
2015-01-20	6.45	6.35	6.7	6.6	6851100.0
2015-01-21	6.65	6.55	6.8	6.8	13035700.0
2015-01-22	6.95	6.8	7.15	6.8	20476000.0
2015-01-23	6.75	6.55	6.9	6.6	9994800.0
2015-01-26	6.6	6.5	6.9	6.8	7071500.0
2015-01-27	6.95	6.85	7.25	6.9	17217200.0
2015-01-28	6.9	6.65	6.95	6.7	4341900.0
2015-01-29	6.75	6.6	6.85	6.75	1983700.0
2015-01-30	6.75	6.55	6.75	6.55	1723400.0
2015-02-02	6.55	6.4	6.55	6.5	1499200.0
2015-02-03	6.6	6.5	6.65	6.55	660900.0
2015-02-04	6.6	6.55	6.75	6.65	1333900.0
2015-02-05	6.6	6.6	6.8	6.7	1392500.0
2015-02-06	6.8	6.7	6.9	6.8	1196000.0
2015-02-09	6.9	6.7	6.9	6.75	1304100.0
2015-02-10	6.7	6.65	6.8	6.65	547500.0
2015-02-11	6.65	6.6	6.8	6.75	675900.0
2015-02-12	6.8	6.7	6.8	6.8	524500.0
2015-02-13	6.85	6.7	6.9	6.8	1845900.0
2015-02-16	6.75	6.75	8.7	8.6	84490000.0
2015-02-17	8.6	7.85	8.6	8.0	20427700.0
2015-02-18	8.05	7.85	8.65	8.0	33096500.0
2015-02-19	8.1	7.75	8.25	8.2	9508200.0
2015-02-20	8.3	8.1	8.8	8.3	26731400.0
2015-02-23	8.35	8.0	8.4	8.3	5381900.0
2015-02-24	8.4	8.25	10.1	8.95	84006700.0
2015-02-25	8.95	8.9	9.55	9.3	17667200.0
2015-02-26	9.5	9.0	9.65	9.4	13994800.0
2015-02-27	9.55	9.2	9.55	9.2	4186800.0
2015-03-02	9.25	8.9	9.35	9.1	6972800.0
2015-03-03	9.15	8.95	10.2	9.4	55266000.0
2015-03-05	9.3	8.9	9.5	8.9	14782700.0
2015-03-06	8.95	8.85	9.1	8.95	4911600.0
2015-03-09	9.0	9.0	9.5	9.3	20666000.0
2015-03-10	9.35	8.8	9.45	8.85	11609600.0
2015-03-11	8.8	8.8	9.05	9.0	2666900.0
2015-03-12	9.1	9.0	9.3	9.15	3423500.0
2015-03-13	9.25	9.0	9.6	9.4	16833700.0
2015-03-16	9.55	8.95	9.7	8.95	12476100.0
2015-03-17	9.1	8.85	9.15	8.9	3770800.0
2015-03-18	8.8	8.8	9.05	9.0	2191000.0
2015-03-19	9.15	9.0	9.3	9.0	3840400.0
2015-03-20	9.0	8.8	9.1	8.95	2340000.0
2015-03-23	9.0	8.7	9.1	8.7	2848100.0
2015-03-24	8.65	8.15	8.8	8.15	4914400.0
2015-03-25	8.3	8.25	8.85	8.6	5583000.0
2015-03-26	8.7	8.25	9.05	8.25	10168300.0
2015-03-27	8.3	8.2	8.4	8.35	2438900.0
2015-03-30	8.4	8.2	8.4	8.2	699600.0
2015-03-31	8.3	8.2	8.4	8.25	1329700.0
2015-04-01	8.25	8.25	8.65	8.55	3509500.0
2015-04-02	8.55	8.5	8.75	8.5	2673300.0
2015-04-03	8.55	8.5	8.9	8.65	2935600.0
2015-04-07	8.7	8.5	8.8	8.7	1124400.0
2015-04-08	8.8	8.55	8.8	8.55	859200.0
2015-04-09	8.6	8.6	8.75	8.6	991000.0
2015-04-10	8.65	8.6	8.75	8.7	828400.0
2015-04-16	8.8	8.75	9.2	9.2	5861800.0
2015-04-17	9.1	8.9	9.4	9.4	10609900.0
2015-04-20	9.25	9.1	9.4	9.1	5263600.0
2015-04-21	9.25	9.2	9.75	9.5	19259200.0
2015-04-22	9.6	9.6	10.5	10.2	36677800.0
2015-04-23	10.3	10.0	11.0	10.2	29104400.0
2015-04-24	10.3	9.8	10.5	9.9	10430800.0
2015-04-27	10.0	9.85	10.4	10.0	9303900.0
2015-04-28	10.1	9.3	10.1	9.35	10514200.0
2015-04-29	9.05	8.95	9.4	8.95	11195900.0
2015-04-30	8.8	8.55	9.05	8.65	8480900.0
2015-05-06	8.7	8.35	8.9	8.4	4298100.0
2015-05-07	8.3	8.25	8.7	8.3	5089300.0
2015-05-08	8.4	8.2	8.5	8.35	2075600.0
2015-05-11	8.4	8.25	8.75	8.3	5995400.0
2015-05-12	8.35	7.7	8.35	7.7	5159800.0
2015-05-13	7.6	7.6	8.0	7.95	2999000.0
2015-05-14	7.85	7.35	7.95	7.35	4445500.0
2015-05-15	7.6	7.35	7.7	7.6	5514000.0
2015-05-18	7.55	7.1	7.7	7.2	4369400.0
2015-05-19	7.3	7.25	7.8	7.6	9729100.0
2015-05-20	7.65	7.4	7.8	7.45	4844700.0
2015-05-21	7.55	7.5	8.0	8.0	5755300.0
2015-05-22	8.15	7.85	8.15	7.9	3835400.0
2015-05-25	7.95	7.6	7.95	7.6	1973400.0
2015-05-26	7.55	7.45	7.8	7.45	2486900.0
2015-05-27	7.45	7.45	7.7	7.7	1327500.0
2015-05-28	7.75	7.6	7.8	7.7	807600.0
2015-05-29	7.65	7.5	7.7	7.65	601900.0
2015-06-02	7.7	7.4	7.7	7.45	1472400.0
2015-06-03	7.45	7.35	7.55	7.45	1516100.0
2015-06-04	7.55	7.4	7.75	7.55	1855700.0
2015-06-05	7.55	7.5	7.7	7.6	686700.0
2015-06-08	7.6	7.55	7.7	7.6	745000.0
2015-06-09	7.6	7.45	7.7	7.45	1049200.0
2015-06-10	7.45	7.45	7.6	7.55	325700.0
2015-06-11	7.6	7.5	7.75	7.6	1542300.0
2015-06-12	7.7	7.65	7.9	7.7	2556400.0
2015-06-15	7.7	7.55	7.7	7.55	950300.0
2015-06-16	7.55	7.55	7.7	7.6	775200.0
2015-06-17	7.6	7.55	7.95	7.85	2764200.0
2015-06-18	7.9	7.7	7.9	7.75	2001100.0
2015-06-19	7.8	7.5	7.95	7.55	1089200.0
2015-06-22	7.55	7.3	7.7	7.6	3980500.0
2015-06-23	7.65	7.45	7.65	7.5	2370000.0
2015-06-24	7.55	7.5	7.75	7.65	3864200.0
2015-06-25	7.7	7.55	7.75	7.55	1394500.0
2015-06-26	7.55	7.5	7.6	7.55	451500.0
2015-06-29	7.5	7.4	7.55	7.45	532700.0
2015-06-30	7.4	7.4	7.5	7.45	313800.0
2015-07-02	7.45	7.45	7.55	7.5	366700.0
2015-07-03	7.45	7.35	7.5	7.35	452000.0
2015-07-06	7.45	7.25	7.5	7.3	375600.0
2015-07-07	7.3	7.3	7.45	7.4	208800.0
2015-07-08	7.3	7.2	7.45	7.25	895700.0
2015-07-09	7.3	7.1	7.3	7.15	568400.0
2015-07-10	7.15	7.15	7.4	7.35	374000.0
2015-07-13	7.4	7.3	7.5	7.4	982900.0
2015-07-14	7.45	7.35	7.5	7.45	433000.0
2015-07-15	7.5	7.4	7.75	7.55	4225200.0
2015-07-16	7.6	7.55	7.85	7.6	5553200.0
2015-07-17	7.6	7.55	7.75	7.7	2412000.0
2015-07-20	7.7	7.65	7.85	7.65	13235700.0
2015-07-21	7.65	7.0	7.65	7.0	7004500.0
2015-07-22	7.0	6.8	7.1	6.95	1570500.0
2015-07-23	6.95	6.8	7.05	6.8	1494100.0
2015-07-24	6.8	6.6	6.85	6.6	899100.0
2015-07-27	6.6	6.35	6.75	6.35	1164800.0
2015-07-28	6.3	6.15	6.45	6.4	787700.0
2015-07-29	6.4	5.95	6.5	6.1	2147300.0
2015-07-31	6.1	6.05	6.2	6.15	405900.0
2015-08-03	6.1	6.1	6.3	6.2	556400.0
2015-08-04	6.25	6.15	6.4	6.35	773300.0
2015-08-05	6.35	6.35	6.55	6.45	350300.0
2015-08-06	6.45	6.35	6.75	6.6	5733600.0
2015-08-07	6.6	6.5	6.7	6.6	899700.0
2015-08-10	6.55	6.5	6.7	6.6	621300.0
2015-08-11	6.65	6.2	6.65	6.2	1411500.0
2015-08-13	6.2	5.9	6.2	6.05	908300.0
2015-08-14	6.15	6.05	6.2	6.2	211000.0
2015-08-17	6.25	6.15	6.35	6.25	264100.0
2015-08-18	5.9	5.9	6.45	6.05	679900.0
2015-08-19	6.1	6.05	6.2	6.05	215400.0
2015-08-20	6.1	6.05	6.2	6.1	220900.0
2015-08-21	6.0	6.0	6.1	6.0	275400.0
2015-08-24	5.9	5.7	5.9	5.8	518700.0
2015-08-25	5.75	5.6	6.0	5.85	528000.0
2015-08-26	5.85	5.75	5.9	5.9	403000.0
2015-08-27	5.95	5.85	6.05	6.05	496400.0
2015-08-28	6.1	5.9	6.2	6.0	536100.0
2015-08-31	6.0	5.95	6.25	6.15	507000.0
2015-09-01	6.15	5.95	6.15	6.0	290000.0
2015-09-02	6.0	6.0	6.15	6.15	258500.0
2015-09-03	6.15	6.15	6.45	6.4	2137900.0
2015-09-04	6.45	6.3	6.65	6.45	4852400.0
2015-09-07	6.45	6.3	6.45	6.35	638800.0
2015-09-08	6.4	6.3	6.65	6.6	4344500.0
2015-09-09	6.65	6.45	6.8	6.5	6638700.0
2015-09-10	6.5	6.45	6.7	6.65	909500.0
2015-09-11	6.7	6.4	6.8	6.4	1423200.0
2015-09-14	6.5	6.4	6.6	6.5	766500.0
2015-09-15	6.55	6.15	6.6	6.2	1394300.0
2015-09-16	6.25	6.2	6.35	6.3	662400.0
2015-09-17	6.35	6.2	6.35	6.3	406700.0
2015-09-18	6.35	6.3	6.45	6.3	627300.0
2015-09-21	6.2	6.2	6.4	6.35	267200.0
2015-09-22	6.4	6.35	6.7	6.45	3159300.0
2015-09-23	6.45	6.4	6.5	6.45	462200.0
2015-09-24	6.5	6.35	6.55	6.45	675200.0
2015-09-25	6.4	6.4	6.55	6.45	286700.0
2015-09-28	6.45	6.3	6.55	6.45	417400.0
2015-09-29	6.45	6.3	6.45	6.4	285000.0
2015-09-30	6.35	6.3	6.5	6.4	1067400.0
2015-10-01	6.45	6.15	6.7	6.2	4978100.0
2015-10-02	6.2	6.1	6.3	6.15	783900.0
2015-10-05	6.15	6.15	6.3	6.3	500500.0
2015-10-06	6.3	6.2	6.3	6.25	182200.0
2015-10-07	6.3	6.2	6.45	6.35	597100.0
2015-10-08	6.4	6.35	6.5	6.5	714400.0
2015-10-09	6.5	6.45	6.6	6.5	599000.0
2015-10-12	6.55	6.4	6.55	6.5	251300.0
2015-10-13	6.5	6.3	6.5	6.4	426700.0
2015-10-14	6.35	6.2	6.45	6.35	1339300.0
2015-10-15	6.4	6.2	6.4	6.35	900500.0
2015-10-16	6.4	6.3	6.5	6.45	866800.0
2015-10-19	6.5	6.35	6.5	6.35	228900.0
2015-10-20	6.35	6.3	6.5	6.4	725600.0
2015-10-21	6.4	6.3	6.4	6.35	441900.0
2015-10-22	6.35	6.35	7.0	6.9	23103400.0
2015-10-26	6.75	6.65	6.95	6.85	6063000.0
2015-10-27	6.9	6.75	7.3	7.1	13857600.0
2015-10-28	7.1	6.6	7.1	6.6	5921000.0
2015-10-29	6.7	6.4	6.7	6.4	2158200.0
2015-10-30	6.4	6.4	6.5	6.45	720400.0
2015-11-02	6.5	6.45	6.65	6.6	1395900.0
2015-11-03	6.65	6.5	6.7	6.5	535300.0
2015-11-04	6.55	6.55	6.7	6.65	1032300.0
2015-11-05	6.7	6.55	6.8	6.55	1320800.0
2015-11-06	6.5	6.5	6.65	6.65	260100.0
2015-11-09	6.6	6.45	6.65	6.5	782800.0
2015-11-10	6.45	6.45	6.65	6.5	407700.0
2015-11-11	6.55	6.2	6.65	6.25	1446900.0
2015-11-12	6.3	5.95	6.3	6.05	1567100.0
2015-11-13	5.95	5.95	6.1	6.0	425400.0
2015-11-16	5.95	5.9	6.05	6.0	423100.0
2015-11-17	6.05	6.0	6.1	6.0	231000.0
2015-11-18	6.0	5.95	6.1	5.95	393900.0
2015-11-19	5.95	5.95	6.05	6.0	120300.0
2015-11-20	6.0	6.0	6.1	6.0	116400.0
2015-11-23	6.0	6.0	6.1	6.05	102200.0
2015-11-24	6.05	5.85	6.05	5.85	1102400.0
2015-11-25	5.85	5.8	5.95	5.85	241200.0
2015-11-26	5.85	5.8	5.95	5.8	184900.0
2015-11-27	5.85	5.75	5.95	5.8	172700.0
2015-11-30	5.85	5.75	5.85	5.75	214700.0
2015-12-01	5.7	5.5	5.8	5.5	793500.0
2015-12-02	5.55	5.4	5.65	5.45	879200.0
2015-12-03	5.45	5.25	5.45	5.35	678400.0
2015-12-04	5.35	5.35	5.4	5.35	93400.0
2015-12-08	5.3	5.15	5.35	5.25	222200.0
2015-12-09	5.2	4.98	5.25	5.05	1190200.0
2015-12-11	5.0	4.94	5.0	5.0	185900.0
2015-12-14	4.9	4.9	5.0	5.0	146700.0
2015-12-15	4.94	4.94	5.05	5.0	607300.0
2015-12-16	5.05	5.0	5.15	5.1	241000.0
2015-12-17	5.15	5.1	5.35	5.25	599000.0
2015-12-18	5.25	5.0	5.25	5.05	320600.0
2015-12-21	5.0	4.78	5.05	4.82	368700.0
2015-12-22	4.82	4.82	5.0	4.88	176000.0
2015-12-23	4.88	4.88	4.98	4.9	185200.0
2015-12-24	4.9	4.9	4.96	4.92	92600.0
2015-12-25	4.94	4.94	4.98	4.96	218800.0
2015-12-28	4.96	4.94	4.98	4.98	27800.0
2015-12-29	5.1	4.98	5.1	5.05	447700.0
2015-12-30	5.1	5.1	5.3	5.1	503100.0
2016-01-04	5.05	4.96	5.1	4.96	133100.0
2016-01-05	4.94	4.9	5.0	4.96	140800.0
2016-01-06	4.94	4.94	5.2	5.15	1170600.0
2016-01-07	5.0	4.94	5.1	4.98	469300.0
2016-01-08	5.0	4.98	5.05	5.0	362000.0
2016-01-11	5.0	4.92	5.0	4.94	242300.0
2016-01-12	4.96	4.96	5.05	5.0	385800.0
2016-01-13	5.05	5.0	5.3	5.1	2119700.0
2016-01-14	5.1	5.1	5.45	5.3	4633800.0
2016-01-15	5.4	5.0	5.45	5.05	2075100.0
2016-01-18	5.0	4.96	5.1	5.05	340600.0
2016-01-19	5.05	5.0	5.2	5.1	551700.0
2016-01-20	5.1	4.98	5.15	5.0	497100.0
2016-01-21	5.0	5.0	5.1	5.0	477900.0
2016-01-22	5.0	5.0	5.1	5.05	184000.0
2016-01-25	5.1	5.0	5.1	5.0	105100.0
2016-01-26	5.0	4.96	5.05	5.0	351000.0
2016-01-27	5.0	5.0	5.35	5.05	2649700.0
2016-01-28	5.1	5.0	5.1	5.0	308300.0
2016-01-29	5.05	5.05	5.15	5.05	153000.0
2016-02-01	5.1	5.05	5.1	5.05	246800.0
2016-02-02	5.05	5.0	5.05	5.0	138900.0
2016-02-03	5.05	5.05	5.15	5.05	94600.0
2016-02-04	5.15	5.05	5.15	5.1	230500.0
2016-02-05	5.05	5.05	5.25	5.15	994100.0
2016-02-08	5.2	5.05	5.3	5.3	736400.0
2016-02-09	5.25	5.15	5.3	5.15	455800.0
2016-02-10	5.25	5.2	5.45	5.3	2347600.0
2016-02-11	5.35	5.1	5.55	5.1	3124000.0
2016-02-12	5.15	5.1	5.2	5.15	346600.0
2016-02-15	5.15	5.15	5.3	5.15	361500.0
2016-02-16	5.2	5.1	5.3	5.2	477500.0
2016-02-17	5.15	4.98	5.15	5.05	1135600.0
2016-02-18	5.05	5.0	5.1	5.05	77700.0
2016-02-19	5.0	5.0	5.1	5.05	113500.0
2016-02-23	5.0	5.0	5.15	5.0	300700.0
2016-02-24	5.0	5.0	5.1	5.0	380500.0
2016-02-25	5.05	5.0	5.1	5.0	270200.0
2016-02-26	5.05	4.98	5.1	5.0	322600.0
2016-02-29	5.0	4.94	5.05	4.94	407100.0
2016-03-01	4.94	4.92	5.05	4.98	545000.0
2016-03-02	5.05	4.98	5.05	5.0	78700.0
2016-03-03	5.0	4.96	5.0	4.98	120700.0
2016-03-04	5.0	4.98	5.1	5.05	895300.0
2016-03-07	5.05	4.96	5.05	4.96	650900.0
2016-03-08	4.98	4.9	5.0	4.9	591200.0
2016-03-09	4.92	4.92	4.98	4.96	295100.0
2016-03-10	5.0	4.94	5.0	4.96	121000.0
2016-03-11	5.0	4.98	5.25	5.2	5157500.0
2016-03-14	5.2	5.0	5.2	5.05	1728100.0
2016-03-15	5.05	4.96	5.05	4.98	621600.0
2016-03-16	4.98	4.98	5.1	4.98	468200.0
2016-03-17	5.0	4.96	5.05	4.96	456200.0
2016-03-18	5.0	4.96	5.0	4.96	310400.0
2016-03-21	5.0	4.98	5.05	5.0	213100.0
2016-03-22	5.0	4.98	5.3	5.15	6702700.0
2016-03-23	5.2	5.15	5.25	5.2	2439900.0
2016-03-24	5.25	5.2	5.4	5.3	5203400.0
2016-03-25	5.35	5.25	5.35	5.3	1844400.0
2016-03-28	5.35	5.35	5.4	5.4	948700.0
2016-03-29	5.4	5.3	5.4	5.35	685800.0
2016-03-30	5.3	5.3	5.4	5.3	679400.0
2016-03-31	5.3	5.2	5.35	5.25	1025300.0
2016-04-01	5.25	5.25	5.3	5.25	220800.0
2016-04-04	5.25	5.2	5.3	5.25	104800.0
2016-04-05	5.25	5.2	5.3	5.25	287400.0
2016-04-07	5.2	5.1	5.2	5.1	576400.0
2016-04-08	5.05	5.05	5.1	5.1	306900.0
2016-04-11	5.05	5.05	5.1	5.1	80900.0
2016-04-12	5.15	5.1	5.15	5.1	109200.0
2016-04-18	5.1	5.1	5.2	5.2	127700.0
2016-04-19	5.2	5.2	5.3	5.25	249900.0
2016-04-20	5.3	5.2	5.3	5.3	175000.0
2016-04-21	5.25	5.2	5.25	5.25	351700.0
2016-04-22	5.25	5.2	5.3	5.2	213800.0
2016-04-25	5.2	5.15	5.2	5.15	107700.0
2016-04-26	5.2	5.1	5.2	5.2	300700.0
2016-04-27	5.2	5.15	5.4	5.35	1113000.0
2016-04-28	5.35	5.35	5.55	5.35	2012000.0
2016-04-29	5.4	5.3	5.4	5.35	256200.0
2016-05-03	5.35	5.3	5.45	5.35	355300.0
2016-05-04	5.35	5.3	5.35	5.3	151000.0
2016-05-06	5.35	5.3	5.35	5.3	151000.0
2016-05-09	5.3	5.25	5.35	5.3	154800.0
2016-05-10	5.25	5.25	5.3	5.3	121000.0
2016-05-11	5.35	5.0	5.4	5.1	1281300.0
2016-05-12	5.1	5.1	5.25	5.1	807900.0
2016-05-13	5.1	5.1	5.2	5.2	681300.0
2016-05-16	5.15	5.1	5.15	5.1	147900.0
2016-05-17	5.1	5.1	5.15	5.1	143800.0
2016-05-18	5.1	5.05	5.1	5.1	238600.0
2016-05-19	5.05	5.05	5.15	5.05	214700.0
2016-05-23	5.05	5.05	5.15	5.05	274800.0
2016-05-24	5.05	4.94	5.2	5.0	1957500.0
2016-05-25	5.0	5.0	5.05	5.05	185200.0
2016-05-26	5.05	5.0	5.1	5.05	149200.0
2016-05-27	5.05	5.05	5.15	5.1	375300.0
2016-05-30	5.15	5.1	5.15	5.1	95100.0
2016-05-31	5.1	5.05	5.1	5.1	78000.0
2016-06-01	5.1	5.0	5.15	5.1	164900.0
2016-06-02	5.05	5.05	5.15	5.15	363200.0
2016-06-03	5.15	5.1	5.15	5.15	285200.0
2016-06-06	5.15	5.1	5.3	5.15	1199100.0
2016-06-07	5.15	5.1	5.2	5.1	568900.0
2016-06-08	5.15	5.05	5.2	5.15	227400.0
2016-06-09	5.15	5.1	5.25	5.1	706100.0
2016-06-10	5.1	5.1	5.2	5.1	173900.0
2016-06-13	5.05	5.05	5.15	5.05	166800.0
2016-06-14	5.1	5.1	5.15	5.1	127100.0
2016-06-15	5.05	5.05	5.15	5.1	142200.0
2016-06-16	5.1	4.98	5.1	4.98	751500.0
2016-06-17	4.98	4.98	5.05	5.0	135900.0
2016-06-20	5.05	5.0	5.05	5.0	186100.0
2016-06-21	5.0	5.0	5.1	5.05	401300.0
2016-06-22	5.05	5.0	5.05	5.05	226400.0
2016-06-23	5.05	4.98	5.05	5.0	160600.0
2016-06-24	4.96	4.92	4.98	4.96	314900.0
2016-06-27	4.92	4.92	5.05	5.05	133400.0
2016-06-28	5.05	4.96	5.05	5.0	31500.0
2016-06-29	5.05	5.0	5.1	5.1	567600.0
2016-06-30	5.1	5.0	5.1	5.1	126000.0
2016-07-04	5.1	5.05	5.1	5.05	65400.0
2016-07-05	5.1	5.05	5.35	5.2	6995100.0
2016-07-06	5.25	5.15	5.35	5.15	3868400.0
2016-07-07	5.25	5.15	5.25	5.2	942500.0
2016-07-08	5.2	5.1	5.2	5.1	482200.0
2016-07-11	5.2	5.15	5.25	5.2	661300.0
2016-07-12	5.25	5.1	5.25	5.2	334500.0
2016-07-13	5.2	5.1	5.35	5.25	2659600.0
2016-07-14	5.3	5.3	5.5	5.3	6269600.0
2016-07-15	5.35	5.25	5.4	5.3	1229500.0
2016-07-20	5.35	5.3	5.45	5.35	917300.0
2016-07-21	5.4	5.3	6.05	5.95	19974300.0
2016-07-22	6.05	5.75	6.45	5.75	22019000.0
2016-07-25	5.8	5.8	6.1	6.0	4584800.0
2016-07-26	6.0	5.85	6.0	6.0	2223100.0
2016-07-27	6.05	5.9	6.2	5.9	4263600.0
2016-07-28	5.95	5.8	5.95	5.8	1179800.0
2016-07-29	5.85	5.8	5.95	5.95	891800.0
2016-08-01	5.95	5.8	6.25	5.8	5567800.0
2016-08-02	5.8	5.55	5.85	5.55	2192000.0
2016-08-03	5.5	5.45	5.7	5.7	996200.0
2016-08-04	5.7	5.55	5.8	5.6	609600.0
2016-08-05	5.65	5.65	5.8	5.75	1071700.0
2016-08-08	5.95	5.85	6.15	6.1	6106400.0
2016-08-09	6.1	5.95	6.1	5.95	2667800.0
2016-08-10	6.0	5.85	6.15	6.05	4904100.0
2016-08-11	6.05	5.9	6.1	5.95	2602300.0
2016-08-15	5.9	5.8	5.95	5.8	709500.0
2016-08-16	5.8	5.6	5.85	5.65	1447600.0
2016-08-17	5.65	5.65	5.75	5.75	816900.0
2016-08-18	5.8	5.7	6.0	5.75	2000900.0
2016-08-19	5.65	5.55	5.7	5.55	550700.0
2016-08-22	5.5	5.5	5.7	5.7	560700.0
2016-08-23	5.7	5.6	5.75	5.75	258500.0
2016-08-24	5.8	5.75	5.95	5.75	1350700.0
2016-08-25	5.75	5.6	5.85	5.6	834700.0
2016-08-26	5.65	5.65	5.75	5.7	456200.0
2016-08-29	5.75	5.65	5.75	5.75	196000.0
2016-08-30	5.75	5.65	5.75	5.7	279800.0
2016-08-31	5.75	5.65	5.75	5.65	187700.0
2016-09-01	5.65	5.6	5.75	5.65	532600.0
2016-09-02	5.7	5.55	5.75	5.55	548700.0
2016-09-05	5.55	5.15	5.55	5.25	2046000.0
2016-09-06	5.15	5.15	5.35	5.3	212100.0
2016-09-07	5.35	5.2	5.45	5.2	578800.0
2016-09-08	5.2	4.94	5.25	4.98	2206800.0
2016-09-09	5.05	4.88	5.05	5.0	1138600.0
2016-09-12	4.88	4.82	4.98	4.82	776600.0
2016-09-13	4.88	4.84	4.96	4.88	548700.0
2016-09-14	4.9	4.9	5.05	5.05	817500.0
2016-09-15	5.05	4.98	5.05	5.0	582500.0
2016-09-16	5.05	4.98	5.1	5.05	491600.0
2016-09-19	5.05	5.05	5.15	5.05	348500.0
2016-09-20	5.05	4.94	5.05	5.0	775300.0
2016-09-21	5.0	4.94	5.15	4.98	1939800.0
2016-09-22	4.98	4.98	5.1	5.0	1003800.0
2016-09-23	5.05	4.9	5.05	4.98	1068900.0
2016-09-26	5.0	4.98	5.4	5.4	4540500.0
2016-09-27	5.4	5.3	5.5	5.3	1816400.0
2016-09-28	5.3	5.25	5.4	5.3	514200.0
2016-09-29	5.35	5.3	5.4	5.3	304300.0
2016-09-30	5.25	5.2	5.3	5.2	219300.0
2016-10-03	5.2	5.2	5.35	5.2	145200.0
2016-10-04	5.2	5.2	5.35	5.25	279200.0
2016-10-05	5.3	5.25	5.55	5.5	5559900.0
2016-10-06	5.5	5.35	5.55	5.35	2685100.0
2016-10-07	5.4	5.3	5.5	5.35	663200.0
2016-10-10	4.9	4.9	5.15	5.05	1566800.0
2016-10-11	5.05	4.9	5.05	4.96	1792900.0
2016-10-12	4.9	4.5	5.0	4.64	1828300.0
2016-10-13	4.6	4.44	4.7	4.7	1327500.0
2016-10-14	4.82	4.74	4.94	4.92	1878100.0
2016-10-17	4.94	4.88	4.96	4.96	617100.0
2016-10-18	5.0	4.94	5.05	4.98	107500.0
2016-10-19	5.05	4.98	5.15	5.0	923300.0
2016-10-20	5.1	5.05	5.1	5.1	293500.0
2016-10-21	5.1	5.05	5.15	5.1	186600.0
2016-10-25	5.1	5.1	5.35	5.25	1709600.0
2016-10-26	5.25	5.05	5.3	5.05	658000.0
2016-10-27	5.2	5.05	5.25	5.2	874000.0
2016-10-28	5.2	5.1	5.2	5.15	266500.0
2016-10-31	5.1	5.1	5.3	5.3	550300.0
2016-11-01	5.35	5.2	5.35	5.35	389000.0
2016-11-02	5.35	5.2	5.35	5.25	445000.0
2016-11-03	5.3	5.3	5.5	5.4	1949900.0
2016-11-04	5.45	5.3	5.45	5.4	304700.0
2016-11-07	5.5	5.45	5.65	5.6	1717700.0
2016-11-08	5.6	5.55	5.8	5.7	2009500.0
2016-11-09	5.65	5.4	5.8	5.8	1825900.0
2016-11-10	5.85	5.6	5.85	5.8	399700.0
2016-11-11	5.7	5.5	5.7	5.6	794200.0
2016-11-14	5.5	5.4	5.6	5.55	619400.0
2016-11-15	5.55	5.4	5.6	5.6	793500.0
2016-11-16	5.6	5.5	5.65	5.6	301400.0
2016-11-17	5.6	5.55	5.7	5.65	1976200.0
2016-11-18	5.7	5.6	5.85	5.6	3291800.0
2016-11-21	5.65	5.55	5.7	5.6	583100.0
2016-11-22	5.55	5.55	5.7	5.65	869600.0
2016-11-23	5.65	5.6	5.85	5.75	2348000.0
2016-11-24	5.75	5.7	5.85	5.8	732300.0
2016-11-25	5.75	5.75	5.95	5.85	1820400.0
2016-11-28	5.85	5.85	6.05	5.9	2441400.0
2016-11-29	5.95	5.85	6.0	5.9	447900.0
2016-11-30	5.9	5.8	5.9	5.9	269200.0
2016-12-01	5.9	5.8	5.9	5.85	406900.0
2016-12-02	5.9	5.8	6.0	5.85	786500.0
2016-12-06	5.85	5.8	5.95	5.95	500300.0
2016-12-07	6.0	5.9	6.1	6.0	1371900.0
2016-12-08	6.0	6.0	6.15	6.05	838800.0
2016-12-09	6.1	6.0	6.1	6.05	318800.0
2016-12-13	6.05	5.9	6.1	6.05	806200.0
2016-12-14	6.05	5.95	6.15	6.05	1052000.0
2016-12-15	6.05	6.0	6.2	6.2	2129600.0
2016-12-16	6.2	6.1	6.2	6.15	687800.0
2016-12-19	6.15	6.0	6.2	6.05	623700.0
2016-12-20	6.1	5.95	6.1	6.05	704200.0
2016-12-21	6.05	6.0	6.15	6.15	489000.0
2016-12-22	6.15	6.05	6.15	6.1	269800.0
2016-12-23	6.05	6.05	6.25	6.15	1129100.0
2016-12-26	6.15	6.15	6.4	6.4	1437100.0
2016-12-27	6.5	6.4	6.65	6.5	3332300.0
2016-12-28	6.55	6.4	6.6	6.4	660400.0
2016-12-29	6.35	6.2	6.5	6.45	1235700.0
2016-12-30	6.35	6.35	6.5	6.45	458300.0
2017-01-04	6.5	6.45	6.6	6.55	348100.0
2017-01-05	6.5	6.4	6.55	6.5	326000.0
2017-01-06	6.5	6.45	6.6	6.45	485600.0
2017-01-09	6.4	6.4	6.5	6.5	309100.0
2017-01-10	6.5	6.45	6.5	6.5	345300.0
2017-01-11	6.5	6.4	6.6	6.5	1541200.0
2017-01-12	6.5	6.4	6.6	6.45	559000.0
2017-01-13	6.45	6.1	6.55	6.15	1408900.0
2017-01-16	6.05	5.95	6.15	5.95	2997600.0
2017-01-17	5.95	5.8	6.15	6.15	4931600.0
2017-01-18	6.25	6.05	6.45	6.15	5887200.0
2017-01-19	6.2	5.95	6.25	6.1	1336500.0
2017-01-20	6.1	5.95	6.15	6.05	1561400.0
2017-01-23	6.05	5.9	6.15	6.0	5420800.0
2017-01-24	6.05	5.95	6.1	6.05	6099300.0
2017-01-25	6.05	5.95	6.1	6.0	4385400.0
2017-01-26	6.05	5.95	6.1	6.05	1029200.0
2017-01-27	6.05	5.95	6.05	6.0	852200.0
2017-01-30	6.05	5.95	6.1	6.0	2136100.0
2017-01-31	6.0	5.95	6.05	6.0	2097700.0
2017-02-01	5.95	5.95	6.0	6.0	606100.0
2017-02-02	5.95	5.9	6.0	5.95	863900.0
2017-02-03	5.95	5.9	6.0	5.9	1035000.0
2017-02-06	5.9	5.85	6.0	5.95	693300.0
2017-02-07	5.9	5.85	6.0	5.95	1053100.0
2017-02-08	5.9	5.9	5.95	5.9	640300.0
2017-02-09	5.9	5.85	6.0	5.9	830100.0
2017-02-10	5.9	5.85	5.95	5.95	925700.0
2017-02-14	5.95	5.85	5.95	5.9	568100.0
2017-02-15	5.85	5.8	5.9	5.9	615000.0
2017-02-16	5.9	5.9	6.15	6.15	5384000.0
2017-02-17	6.15	5.95	6.15	6.05	2601000.0
2017-02-20	6.2	6.1	6.25	6.15	2166900.0
2017-02-21	6.15	6.05	6.15	6.05	1083200.0
2017-02-22	6.1	6.0	6.1	6.05	486900.0
2017-02-23	6.1	6.05	6.3	6.2	3871800.0
2017-02-24	6.25	6.2	6.3	6.3	2459600.0
2017-02-27	6.3	6.15	6.3	6.25	1161100.0
2017-02-28	6.25	6.1	6.35	6.1	2776900.0
2017-03-01	6.1	6.0	6.2	6.15	2848700.0
2017-03-02	6.15	6.1	6.2	6.1	2852400.0
2017-03-03	5.9	5.8	5.95	5.9	1996800.0
2017-03-06	5.85	5.75	5.9	5.8	1012100.0
2017-03-07	5.75	5.7	5.85	5.7	1035500.0
2017-03-08	5.65	5.35	5.8	5.6	3543800.0
2017-03-09	5.6	5.35	5.6	5.55	941000.0
2017-03-10	5.55	5.5	5.6	5.5	395900.0
2017-03-13	5.5	5.35	5.6	5.5	994100.0
2017-03-14	5.4	5.4	5.6	5.55	719600.0
2017-03-15	5.5	5.5	5.65	5.65	1134900.0
2017-03-16	5.65	5.6	5.75	5.7	726200.0
2017-03-17	5.65	5.6	5.75	5.65	772800.0
2017-03-20	5.65	5.55	5.7	5.6	1266500.0
2017-03-21	5.6	5.6	5.7	5.65	237900.0
2017-03-22	5.6	5.6	5.7	5.7	321800.0
2017-03-23	5.7	5.7	5.85	5.8	732400.0
2017-03-24	5.8	5.7	5.8	5.8	202400.0
2017-03-27	5.75	5.7	5.8	5.8	153000.0
2017-03-28	5.75	5.7	5.8	5.8	1074600.0
2017-03-29	5.75	5.75	5.95	5.9	2920200.0
2017-03-30	5.95	5.9	6.3	5.95	32053200.0
2017-03-31	5.95	5.9	6.05	5.9	3964000.0
2017-04-03	5.9	5.85	5.95	5.9	2107800.0
2017-04-04	5.95	5.95	6.15	6.1	4604700.0
2017-04-05	6.05	5.95	6.1	5.95	1642500.0
2017-04-07	5.95	5.9	6.05	5.95	1308000.0
2017-04-10	5.95	5.8	5.95	5.8	1491000.0
2017-04-11	5.8	5.7	5.85	5.8	1118900.0
2017-04-12	5.85	5.85	6.05	6.0	2226200.0
2017-04-17	6.0	5.95	6.05	5.95	1867000.0
2017-04-18	5.95	5.85	6.05	5.85	1145500.0
2017-04-19	5.85	5.8	5.9	5.85	621800.0
2017-04-20	5.85	5.8	5.9	5.8	314100.0
2017-04-21	5.8	5.8	5.9	5.85	388500.0
2017-04-24	5.9	5.65	5.9	5.75	1262200.0
2017-04-25	5.8	5.75	6.15	6.15	9944800.0
2017-04-26	6.3	6.05	6.3	6.05	6507800.0
2017-04-27	6.05	6.0	6.15	6.05	1546800.0
2017-04-28	6.1	6.05	6.35	6.2	7198400.0
2017-05-02	6.25	6.2	6.4	6.3	5289600.0
2017-05-03	6.3	6.1	6.3	6.1	2993400.0
2017-05-04	6.15	6.1	6.25	6.2	1307600.0
2017-05-05	6.2	6.05	6.2	6.1	1555300.0
2017-05-08	6.15	6.1	6.2	6.2	876500.0
2017-05-09	6.25	5.9	6.25	5.95	3178000.0
2017-05-11	5.95	5.75	6.0	5.8	2186700.0
2017-05-12	5.5	5.2	5.6	5.2	9307200.0
2017-05-15	5.2	5.2	5.4	5.35	2030700.0
2017-05-16	5.3	5.3	5.45	5.3	803100.0
2017-05-17	5.35	5.35	5.45	5.45	941400.0
2017-05-18	5.45	5.35	5.45	5.4	249000.0
2017-05-19	5.45	5.45	5.6	5.5	2475800.0
2017-05-22	5.55	5.5	5.65	5.55	1283000.0
2017-05-23	5.55	5.55	5.65	5.55	386200.0
2017-05-24	5.6	5.55	5.7	5.65	683700.0
2017-05-25	5.65	5.55	5.65	5.6	426800.0
2017-05-26	5.6	5.55	5.65	5.6	277400.0
2017-05-29	5.55	5.55	5.7	5.7	616300.0
2017-05-30	5.7	5.65	5.75	5.65	924100.0
2017-05-31	5.7	5.55	5.7	5.6	370500.0
2017-06-01	5.55	5.5	5.75	5.65	1848400.0
2017-06-02	5.65	5.6	5.7	5.7	292600.0
2017-06-05	5.65	5.6	5.65	5.65	297500.0
2017-06-06	5.65	5.55	5.7	5.65	212500.0
2017-06-07	5.65	5.6	5.65	5.6	139400.0
2017-06-08	5.6	5.6	5.8	5.75	2248100.0
2017-06-09	5.8	5.65	5.8	5.65	718800.0
2017-06-12	5.65	5.65	5.75	5.65	557800.0
2017-06-13	5.7	5.6	5.7	5.65	171700.0
2017-06-14	5.65	5.6	5.75	5.7	404300.0
2017-06-15	5.7	5.65	5.8	5.7	609600.0
2017-06-16	5.7	5.7	5.85	5.8	1496200.0
2017-06-19	5.8	5.75	5.95	5.95	1526400.0
2017-06-20	6.0	5.85	6.0	5.85	737900.0
2017-06-21	5.85	5.7	5.85	5.7	409600.0
2017-06-22	5.7	5.7	5.8	5.75	251200.0
2017-06-23	5.75	5.75	5.85	5.75	466400.0
2017-06-26	5.7	5.7	5.75	5.7	268700.0
2017-06-27	5.75	5.7	5.8	5.75	444800.0
2017-06-28	5.8	5.7	5.8	5.7	334300.0
2017-06-29	5.75	5.6	5.8	5.7	545600.0
2017-06-30	5.65	5.55	5.75	5.55	713800.0
2017-07-03	5.55	5.5	5.6	5.6	157800.0
2017-07-04	5.6	5.5	5.6	5.5	681500.0
2017-07-05	5.45	5.4	5.5	5.5	1092500.0
2017-07-06	5.45	5.35	5.5	5.35	696700.0
2017-07-07	5.35	5.35	5.45	5.4	270900.0
2017-07-11	5.45	5.35	5.45	5.35	328500.0
2017-07-12	5.4	5.35	5.5	5.45	208600.0
2017-07-13	5.5	5.45	5.55	5.5	437400.0
2017-07-14	5.5	5.4	5.5	5.5	182000.0
2017-07-17	5.45	5.45	5.5	5.5	97800.0
2017-07-18	5.5	5.4	5.5	5.45	177300.0
2017-07-19	5.4	5.4	5.45	5.4	216800.0
2017-07-20	5.4	5.4	5.5	5.5	342900.0
2017-07-21	5.45	5.4	5.5	5.45	125300.0
2017-07-24	5.45	5.4	5.45	5.45	162100.0
2017-07-25	5.45	5.35	5.45	5.4	273800.0
2017-07-26	5.4	5.35	5.45	5.4	222600.0
2017-07-27	5.4	5.25	5.4	5.35	1073400.0
2017-07-31	5.35	5.3	5.4	5.35	107300.0
2017-08-01	5.35	5.25	5.4	5.35	194200.0
2017-08-02	5.4	5.3	5.4	5.4	79000.0
2017-08-03	5.4	5.3	5.4	5.35	168300.0
2017-08-04	5.4	5.35	5.4	5.35	152000.0
2017-08-07	5.35	5.35	5.4	5.35	270600.0
2017-08-08	5.2	5.0	5.25	5.0	3436900.0
2017-08-09	5.0	4.84	5.0	4.84	3068500.0
2017-08-10	4.84	4.84	4.94	4.9	560600.0
2017-08-11	4.92	4.82	4.92	4.86	528600.0
2017-08-15	4.84	4.82	4.9	4.9	379800.0
2017-08-16	4.9	4.88	4.92	4.92	136800.0
2017-08-17	4.9	4.9	4.98	4.98	387600.0
2017-08-18	4.9	4.86	4.94	4.94	341600.0
2017-08-21	4.94	4.88	4.94	4.92	83900.0
2017-08-22	4.9	4.9	4.94	4.92	258300.0
2017-08-23	4.92	4.9	4.94	4.94	68900.0
2017-08-24	4.94	4.92	4.96	4.96	116100.0
2017-08-25	4.96	4.9	4.98	4.92	72500.0
2017-08-28	4.92	4.92	4.98	4.98	52300.0
2017-08-29	4.98	4.96	5.0	5.0	84400.0
2017-08-30	5.0	4.98	5.05	4.98	256900.0
2017-08-31	5.0	4.98	5.2	5.1	1314200.0
2017-09-01	5.15	5.05	5.15	5.15	211900.0
2017-09-04	5.15	5.05	5.15	5.1	225200.0
2017-09-05	5.1	5.05	5.1	5.05	79000.0
2017-09-06	5.1	5.05	5.15	5.15	405500.0
2017-09-07	5.15	5.05	5.2	5.2	125700.0
2017-09-08	5.2	5.1	5.2	5.15	132500.0
2017-09-11	5.15	5.1	5.15	5.1	122000.0
2017-09-12	5.15	5.05	5.15	5.1	52800.0
2017-09-13	5.1	5.1	5.15	5.15	55200.0
2017-09-14	5.15	5.05	5.15	5.1	105600.0
2017-09-15	5.1	5.1	5.3	5.25	1133300.0
2017-09-18	5.35	5.3	5.4	5.35	577200.0
2017-09-19	5.35	5.3	5.5	5.45	1553500.0
2017-09-20	5.45	5.3	5.45	5.4	421000.0
2017-09-21	5.35	5.3	5.4	5.4	197500.0
2017-09-22	5.4	5.3	5.4	5.35	127200.0
2017-09-25	5.35	5.25	5.4	5.35	367200.0
2017-09-26	5.35	5.3	5.4	5.3	99700.0
2017-09-27	5.35	5.25	5.35	5.35	246600.0
2017-09-28	5.35	5.2	5.35	5.3	246700.0
2017-09-29	5.25	5.25	5.3	5.3	132200.0
2017-10-02	5.3	5.2	5.35	5.35	274200.0
2017-10-03	5.3	5.25	5.35	5.3	92700.0
2017-10-04	5.3	5.2	5.35	5.3	66000.0
2017-10-05	5.25	5.25	5.3	5.3	61000.0
2017-10-06	5.25	5.25	5.35	5.3	95400.0
2017-10-09	5.35	5.25	5.35	5.3	130000.0
2017-10-10	5.25	5.25	5.3	5.3	101200.0
2017-10-11	5.25	5.2	5.3	5.3	232800.0
2017-10-12	5.3	5.2	5.3	5.2	130000.0
2017-10-16	5.15	5.15	5.35	5.3	230000.0
2017-10-17	5.3	5.2	5.3	5.25	79800.0
2017-10-18	5.25	5.1	5.25	5.15	407600.0
2017-10-19	5.15	5.0	5.15	5.1	458600.0
2017-10-20	5.0	5.0	5.1	5.1	302500.0
2017-10-24	5.1	5.1	5.25	5.2	359400.0
2017-10-25	5.2	5.15	5.25	5.15	18700.0
2017-10-27	5.1	5.1	5.15	5.15	66300.0
2017-10-30	5.15	5.0	5.2	5.15	194700.0
2017-10-31	5.15	5.15	5.25	5.25	411900.0
2017-11-01	5.25	5.15	5.4	5.25	2131500.0
2017-11-02	5.2	5.15	5.3	5.25	130200.0
2017-11-03	5.2	5.15	5.2	5.2	115100.0
2017-11-06	5.15	5.1	5.2	5.2	73300.0
2017-11-07	5.15	5.15	5.3	5.25	185200.0
2017-11-08	5.25	5.0	5.3	5.1	839700.0
2017-11-09	5.0	5.0	5.05	5.05	286400.0
2017-11-10	5.0	5.0	5.05	5.05	210700.0
2017-11-13	5.0	5.0	5.1	5.0	281900.0
2017-11-14	5.0	4.98	5.1	5.05	626400.0
2017-11-15	5.0	5.0	5.1	5.05	168900.0
2017-11-16	5.0	4.98	5.05	5.05	130400.0
2017-11-17	5.05	5.0	5.2	5.05	432500.0
2017-11-20	5.05	5.0	5.05	5.05	122000.0
2017-11-21	5.0	4.98	5.05	4.98	395900.0
2017-11-22	4.98	4.98	5.05	4.98	146200.0
2017-11-23	5.0	4.94	5.0	4.98	83800.0
2017-11-24	5.0	4.94	5.0	4.98	177000.0
2017-11-27	4.96	4.94	4.98	4.96	67500.0
2017-11-28	4.94	4.94	5.0	4.96	178000.0
2017-11-29	5.0	4.96	5.0	4.98	38500.0
2017-11-30	4.98	4.92	4.98	4.96	166300.0
2017-12-01	4.96	4.94	4.98	4.96	82300.0
2017-12-04	4.96	4.96	4.98	4.98	25100.0
2017-12-06	4.98	4.9	4.98	4.92	102400.0
2017-12-07	4.92	4.92	4.96	4.94	6400.0
2017-12-08	4.92	4.88	4.92	4.9	109500.0
2017-12-12	4.92	4.9	4.94	4.9	27400.0
2017-12-13	4.9	4.88	4.96	4.9	258400.0
2017-12-14	4.9	4.86	4.9	4.88	149800.0
2017-12-15	4.88	4.88	4.96	4.92	95700.0
2017-12-18	4.9	4.88	4.92	4.92	108900.0
2017-12-19	4.92	4.88	4.92	4.92	109700.0
2017-12-20	4.9	4.82	4.94	4.86	531600.0
2017-12-21	4.86	4.84	4.88	4.86	36800.0
2017-12-22	4.84	4.82	4.9	4.9	231500.0
2017-12-25	4.9	4.86	4.9	4.9	4000.0
2017-12-26	4.86	4.84	4.9	4.86	121900.0
2017-12-27	4.88	4.84	4.9	4.9	45500.0
2017-12-28	4.84	4.84	4.9	4.9	46700.0
2017-12-29	4.9	4.84	4.9	4.9	215500.0
2018-01-03	4.84	4.8	4.86	4.8	167300.0
2018-01-04	4.8	4.76	4.86	4.8	244200.0
2018-01-05	4.8	4.8	4.9	4.86	207500.0
2018-01-08	4.84	4.8	4.9	4.84	137800.0
2018-01-09	4.84	4.78	4.84	4.84	258800.0
2018-01-10	4.82	4.78	4.88	4.84	209500.0
2018-01-11	4.84	4.8	4.84	4.82	61500.0
2018-01-12	4.84	4.7	4.86	4.8	992300.0
2018-01-15	4.74	4.7	4.78	4.78	300700.0
2018-01-16	4.74	4.64	4.74	4.64	473700.0
2018-01-17	4.64	4.58	4.68	4.62	490300.0
2018-01-18	4.58	4.58	4.62	4.62	118600.0
2018-01-19	4.62	4.6	4.64	4.64	73400.0
2018-01-22	4.6	4.6	4.6	4.6	62400.0
2018-01-23	4.6	4.6	4.7	4.66	186400.0
2018-01-24	4.7	4.66	4.74	4.72	223700.0
2018-01-25	4.74	4.72	4.78	4.78	194800.0
2018-01-26	4.78	4.74	4.8	4.8	114800.0
2018-01-29	4.78	4.76	4.82	4.82	50200.0
2018-01-30	4.82	4.78	4.84	4.84	144700.0
2018-01-31	4.84	4.8	4.88	4.88	138600.0
2018-02-01	4.88	4.88	4.9	4.9	187200.0
2018-02-02	4.9	4.84	4.9	4.88	411600.0
2018-02-05	4.86	4.82	4.88	4.86	139800.0
2018-02-06	4.86	4.74	4.86	4.8	156800.0
2018-02-07	4.76	4.76	4.84	4.8	105300.0
2018-02-08	4.76	4.76	4.8	4.8	40500.0
2018-02-09	4.76	4.74	4.8	4.8	324700.0
2018-02-12	4.78	4.78	4.8	4.8	25900.0
2018-02-13	4.8	4.76	4.84	4.76	37500.0
2018-02-14	4.8	4.76	4.82	4.8	103800.0
2018-02-15	4.8	4.78	4.8	4.8	10700.0
2018-02-16	4.76	4.76	4.8	4.78	22300.0
2018-02-19	4.76	4.76	4.8	4.8	308300.0
2018-02-20	4.76	4.76	4.8	4.78	99400.0
2018-02-21	4.74	4.72	4.78	4.76	112900.0
2018-02-22	4.74	4.68	4.74	4.7	302900.0
2018-02-23	4.66	4.66	4.72	4.72	86500.0
2018-02-26	4.72	4.7	4.76	4.7	61400.0
2018-02-27	4.7	4.7	4.76	4.76	404300.0
2018-02-28	4.74	4.74	4.76	4.76	5600.0
2018-03-02	4.74	4.7	4.76	4.76	56300.0
2018-03-05	4.76	4.7	4.76	4.76	91200.0
2018-03-06	4.6	4.6	4.72	4.64	400200.0
2018-03-07	4.64	4.58	4.64	4.64	46400.0
2018-03-08	4.62	4.5	4.64	4.58	100100.0
2018-03-09	4.56	4.48	4.56	4.5	232400.0
2018-03-12	4.48	4.46	4.52	4.52	100100.0
2018-03-13	4.52	4.46	4.54	4.54	101200.0
2018-03-14	4.54	4.48	4.54	4.54	35400.0
2018-03-15	4.52	4.46	4.52	4.5	94900.0
2018-03-16	4.5	4.42	4.52	4.5	114800.0
2018-03-19	4.48	4.44	4.54	4.48	95300.0
2018-03-20	4.5	4.5	4.5	4.5	400.0
2018-03-21	4.5	4.46	4.5	4.48	61400.0
2018-03-22	4.46	4.46	4.48	4.48	47700.0
2018-03-23	4.48	4.44	4.48	4.46	28000.0
2018-03-26	4.46	4.46	4.48	4.48	79600.0
2018-03-27	4.5	4.48	4.5	4.48	11100.0
2018-03-28	4.46	4.46	4.48	4.48	25400.0
2018-03-29	4.48	4.46	4.5	4.5	24300.0
2018-03-30	4.5	4.44	4.52	4.5	28100.0
2018-04-03	4.46	4.46	4.5	4.5	7300.0
2018-04-04	4.48	4.42	4.48	4.48	57600.0
2018-04-05	4.4	4.4	4.48	4.48	38300.0
2018-04-09	4.46	4.38	4.48	4.46	64200.0
2018-04-10	4.44	4.4	4.46	4.42	57700.0
2018-04-11	4.42	4.4	4.46	4.44	59000.0
2018-04-12	4.46	4.38	4.48	4.44	104100.0
2018-04-17	4.4	4.4	4.46	4.44	52700.0
2018-04-18	4.44	4.42	4.48	4.48	64400.0
2018-04-19	4.5	4.44	4.52	4.48	67300.0
2018-04-20	4.44	4.44	4.46	4.46	29400.0
2018-04-23	4.44	4.4	4.5	4.5	90000.0
2018-04-24	4.5	4.46	4.5	4.46	15300.0
2018-04-25	4.44	4.4	4.46	4.44	119200.0
2018-04-26	4.44	4.44	4.46	4.46	15600.0
2018-04-27	4.48	4.34	4.48	4.4	100000.0
2018-04-30	4.44	4.44	4.46	4.46	29500.0
2018-05-02	4.44	4.42	4.48	4.48	29900.0
2018-05-03	4.46	4.4	4.48	4.46	17200.0
2018-05-04	4.46	4.44	4.48	4.48	8300.0
2018-05-07	4.46	4.46	4.5	4.5	20800.0
2018-05-08	4.4	4.26	4.52	4.34	576100.0
2018-05-09	4.3	4.26	4.32	4.28	191800.0
2018-05-10	4.28	4.24	4.3	4.26	205100.0
2018-05-11	4.24	4.12	4.26	4.12	364200.0
2018-05-14	4.14	3.96	4.14	4.12	348700.0
2018-05-15	4.12	3.92	4.12	4.0	256700.0
2018-05-16	3.96	3.86	4.0	3.98	464300.0
2018-05-17	3.92	3.9	3.98	3.96	59400.0
2018-05-18	3.94	3.92	3.98	3.98	53800.0
2018-05-21	3.98	3.9	3.98	3.98	102700.0
2018-05-22	3.96	3.94	3.98	3.98	35300.0
2018-05-23	3.96	3.92	3.98	3.98	92200.0
2018-05-24	3.98	3.96	3.98	3.98	8400.0
2018-05-25	3.96	3.92	4.0	4.0	221100.0
2018-05-28	4.0	3.96	4.0	3.98	66900.0
2018-05-30	3.98	3.96	4.0	4.0	22900.0
2018-05-31	3.98	3.96	4.0	4.0	12600.0
2018-06-01	3.98	3.98	4.0	4.0	30500.0
2018-06-04	3.94	3.9	4.0	3.96	69400.0
2018-06-05	3.96	3.9	3.98	3.96	84800.0
2018-06-06	3.94	3.8	3.98	3.92	363800.0
2018-06-07	3.92	3.86	3.92	3.88	44600.0
2018-06-08	3.86	3.82	3.88	3.86	37200.0
2018-06-11	3.86	3.82	3.92	3.88	62800.0
2018-06-12	3.9	3.86	3.9	3.88	11200.0
2018-06-13	3.88	3.84	3.88	3.84	32100.0
2018-06-14	3.84	3.78	3.84	3.82	116600.0
2018-06-15	3.76	3.76	3.84	3.78	96400.0
2018-06-18	3.78	3.74	3.82	3.76	17300.0
2018-06-19	3.74	3.66	3.74	3.7	268500.0
2018-06-20	3.68	3.68	3.72	3.72	13500.0
2018-06-21	3.72	3.68	3.72	3.72	58400.0
2018-06-22	3.7	3.68	3.74	3.74	13400.0
2018-06-25	3.76	3.68	3.76	3.7	18000.0
2018-06-26	3.7	3.64	3.7	3.7	55300.0
2018-06-27	3.68	3.66	3.74	3.7	69700.0
2018-06-28	3.62	3.58	3.7	3.6	63900.0
2018-06-29	3.56	3.5	3.64	3.6	75400.0
2018-07-02	3.58	3.54	3.62	3.6	18400.0
2018-07-03	3.58	3.56	3.6	3.6	26300.0
2018-07-04	3.6	3.54	3.6	3.58	14400.0
2018-07-05	3.54	3.0	3.54	3.54	61200.0
2018-07-06	3.38	3.38	3.54	3.5	67200.0
2018-07-09	3.48	3.44	3.5	3.46	31000.0
2018-07-10	3.44	3.42	3.6	3.6	100900.0
2018-07-11	3.58	3.56	3.6	3.6	16400.0
2018-07-12	3.6	3.58	3.6	3.6	26200.0
2018-07-13	3.58	3.58	3.62	3.6	35500.0
2018-07-16	3.58	3.58	3.6	3.6	2000.0
2018-07-17	3.58	3.56	3.6	3.6	7700.0
2018-07-18	3.58	3.5	3.6	3.58	38000.0
2018-07-19	3.56	3.46	3.58	3.58	88100.0
2018-07-20	3.58	3.54	3.62	3.62	78100.0
2018-07-23	3.66	3.58	3.66	3.64	49200.0
2018-07-24	3.58	3.54	3.64	3.62	43500.0
2018-07-25	3.62	3.62	3.64	3.64	8900.0
2018-07-26	3.64	3.58	3.64	3.62	29100.0
2018-07-31	3.6	3.58	3.62	3.62	5800.0
2018-08-01	3.6	3.6	3.64	3.64	23200.0
2018-08-02	3.58	3.58	3.64	3.62	19200.0
2018-08-03	3.6	3.58	3.64	3.62	69300.0
2018-08-06	3.6	3.58	3.66	3.62	86100.0
2018-08-07	3.62	3.6	3.62	3.62	34800.0
2018-08-08	3.62	3.6	3.64	3.62	83800.0
2018-08-09	3.6	3.54	3.62	3.6	76600.0
2018-08-10	3.6	3.56	3.6	3.6	15400.0
2018-08-14	3.58	3.4	3.58	3.42	185700.0
2018-08-15	3.42	3.4	3.46	3.44	51600.0
2018-08-16	3.46	3.42	3.46	3.44	23000.0
2018-08-17	3.42	3.42	3.44	3.44	13000.0
2018-08-20	3.44	3.42	3.46	3.42	12100.0
2018-08-21	3.44	3.4	3.44	3.44	3900.0
2018-08-22	3.44	3.42	3.44	3.44	17700.0
2018-08-23	3.44	3.44	3.5	3.48	132800.0
2018-08-24	3.48	3.46	3.48	3.48	30300.0
2018-08-27	3.46	3.46	3.5	3.5	64300.0
2018-08-28	3.5	3.48	3.52	3.52	55600.0
2018-08-29	3.52	3.5	3.52	3.5	12900.0
2018-08-30	3.5	3.5	3.52	3.52	120000.0
2018-08-31	3.5	3.5	3.52	3.52	12100.0
2018-09-03	3.52	3.48	3.52	3.52	48300.0
2018-09-05	3.5	3.46	3.5	3.5	39100.0
2018-09-06	3.5	3.46	3.5	3.5	25800.0
2018-09-07	3.48	3.46	3.5	3.5	8100.0
2018-09-10	3.5	3.5	3.52	3.5	10300.0
2018-09-11	3.52	3.5	3.52	3.52	4900.0
2018-09-12	3.5	3.5	3.5	3.5	7600.0
2018-09-13	3.48	3.48	3.52	3.5	10500.0
2018-09-14	3.48	3.44	3.52	3.52	45300.0
2018-09-17	3.5	3.48	3.5	3.48	11400.0
2018-09-18	3.48	3.46	3.5	3.48	37700.0
2018-09-19	3.5	3.44	3.5	3.48	22400.0
2018-09-20	3.5	3.48	3.5	3.48	1800.0
2018-09-21	3.48	3.46	3.48	3.48	26000.0
2018-09-24	3.46	3.46	3.48	3.48	21800.0
2018-09-25	3.48	3.44	3.48	3.48	35100.0
2018-09-26	3.48	3.46	3.5	3.5	86800.0
2018-09-27	3.48	3.44	3.5	3.5	41500.0
2018-09-28	3.48	3.48	3.5	3.5	52100.0
2018-10-01	3.48	3.48	3.48	3.48	13800.0
2018-10-02	3.48	3.46	3.5	3.5	87300.0
2018-10-03	3.48	3.46	3.5	3.5	18500.0
2018-10-04	3.48	3.44	3.48	3.48	42100.0
2018-10-05	3.48	3.44	3.5	3.5	13300.0
2018-10-08	3.48	3.44	3.48	3.46	22400.0
2018-10-09	3.46	3.44	3.48	3.48	11600.0
2018-10-10	3.46	3.46	3.54	3.54	92000.0
2018-10-11	3.52	3.38	3.52	3.46	89400.0
2018-10-12	3.46	3.44	3.48	3.48	17900.0
2018-10-16	3.46	3.4	3.48	3.48	19100.0
2018-10-17	3.48	3.46	3.48	3.48	12000.0
2018-10-18	3.46	3.46	3.48	3.48	2500.0
2018-10-19	3.46	3.44	3.48	3.48	3500.0
2018-10-22	3.46	3.42	3.48	3.48	26300.0
2018-10-24	3.46	3.4	3.46	3.44	17500.0
2018-10-25	3.44	3.34	3.44	3.42	28800.0
2018-10-26	3.44	3.4	3.44	3.44	17500.0
2018-10-29	3.4	3.4	3.42	3.42	3100.0
2018-10-30	3.44	3.4	3.44	3.44	4000.0
2018-10-31	3.44	3.44	3.46	3.46	8100.0
2018-11-02	3.44	3.44	3.44	3.44	1200.0
2018-11-05	3.46	3.46	3.46	3.46	1000.0
2018-11-06	3.42	3.42	3.42	3.42	2000.0
2018-11-07	3.46	3.42	3.46	3.44	26400.0
2018-11-08	3.42	3.42	3.44	3.44	25700.0
2018-11-12	3.4	3.3	3.42	3.36	88200.0
2018-11-13	3.34	3.16	3.34	3.18	136500.0
2018-11-14	3.18	3.14	3.18	3.16	23300.0
2018-11-15	3.18	3.08	3.18	3.1	13200.0
2018-11-16	3.12	3.0	3.14	3.06	121800.0
2018-11-19	3.04	2.84	3.1	2.94	354100.0
2018-11-20	2.94	2.9	2.94	2.92	70800.0
2018-11-21	2.86	2.84	2.92	2.88	82100.0
2018-11-22	2.88	2.82	2.9	2.82	137200.0
2018-11-23	2.82	2.82	2.86	2.86	14600.0
2018-11-26	2.84	2.84	2.9	2.9	16300.0
2018-11-27	2.88	2.84	3.0	2.98	132700.0
2018-11-28	2.96	2.88	2.98	2.88	126200.0
2018-11-29	2.9	2.86	2.94	2.94	9200.0
2018-11-30	2.94	2.88	2.94	2.92	16800.0
2018-12-03	2.9	2.86	2.92	2.9	123500.0
2018-12-04	2.9	2.9	2.92	2.9	30900.0
2018-12-06	2.88	2.82	2.9	2.9	20000.0
2018-12-07	2.88	2.88	2.92	2.88	24600.0
2018-12-11	2.88	2.82	2.88	2.86	24400.0
2018-12-14	2.86	2.8	2.86	2.82	10200.0
2018-12-17	2.78	2.78	2.8	2.8	27100.0
2018-12-18	2.78	2.72	2.78	2.76	27200.0
2018-12-19	2.76	2.7	2.78	2.78	56100.0
2018-12-20	2.78	2.74	2.78	2.74	4200.0
2018-12-21	2.72	2.7	2.8	2.8	137900.0
2018-12-24	2.8	2.7	2.84	2.74	62100.0
2018-12-25	2.72	2.64	2.74	2.7	85600.0
2018-12-26	2.66	2.58	2.7	2.7	59100.0
2018-12-27	2.66	2.66	2.7	2.7	3300.0
2018-12-28	2.7	2.7	2.7	2.7	100.0
2019-01-02	2.62	2.6	2.7	2.6	97000.0
2019-01-03	2.6	2.56	2.64	2.64	24900.0
2019-01-04	2.6	2.54	2.62	2.56	30300.0
2019-01-07	2.54	2.54	2.62	2.62	39600.0
2019-01-08	2.62	2.58	2.62	2.62	11400.0
2019-01-09	2.6	2.58	2.62	2.58	12800.0
2019-01-10	2.58	2.54	2.58	2.58	13300.0
2019-01-11	2.56	2.56	2.62	2.6	23900.0
2019-01-14	2.58	2.56	2.58	2.56	9700.0
2019-01-15	2.58	2.58	2.7	2.62	29700.0
2019-01-16	2.6	2.58	2.62	2.62	95200.0
2019-01-17	2.64	2.62	2.64	2.64	2100.0
2019-01-18	2.64	2.64	2.64	2.64	14900.0
2019-01-21	2.66	2.64	2.66	2.66	2500.0
2019-01-22	2.64	2.6	2.66	2.66	33900.0
2019-01-23	2.64	2.62	2.66	2.64	20900.0
2019-01-24	2.68	2.62	2.7	2.68	62200.0
2019-01-25	2.7	2.68	2.74	2.72	48200.0
2019-01-28	2.72	2.72	2.74	2.74	34000.0
2019-01-29	2.72	2.7	2.74	2.72	12900.0
2019-01-30	2.7	2.7	2.98	2.84	747400.0
2019-01-31	2.84	2.78	2.88	2.88	41400.0
2019-02-01	2.84	2.82	2.88	2.88	20600.0
2019-02-04	2.86	2.82	2.86	2.84	11100.0
2019-02-05	2.84	2.82	2.86	2.86	12100.0
2019-02-06	2.82	2.82	2.86	2.84	19700.0
2019-02-07	2.82	2.8	2.84	2.82	80000.0
2019-02-08	2.8	2.78	2.82	2.8	11900.0
2019-02-11	2.8	2.74	2.8	2.76	46200.0
2019-02-12	2.8	2.76	2.82	2.82	30600.0
2019-02-14	2.82	2.8	2.82	2.82	54700.0
2019-02-15	2.82	2.8	2.82	2.8	138500.0
2019-02-18	2.8	2.8	2.82	2.82	39000.0
2019-02-20	2.82	2.8	2.82	2.8	27000.0
2019-02-21	2.8	2.78	2.82	2.82	23800.0
2019-02-22	2.8	2.78	2.82	2.82	26000.0
2019-02-25	2.8	2.8	2.82	2.82	8100.0
2019-02-26	2.8	2.78	2.82	2.8	49900.0
2019-02-27	2.8	2.78	2.86	2.86	57300.0
2019-02-28	2.84	2.8	2.86	2.86	54500.0
2019-03-01	2.86	2.8	2.86	2.86	73100.0
2019-03-04	2.8	2.8	2.82	2.82	11900.0
2019-03-05	2.84	2.82	2.84	2.84	1300.0
2019-03-06	2.82	2.72	2.82	2.82	43900.0
2019-03-07	2.8	2.8	2.8	2.8	1000.0
2019-03-08	2.78	2.78	2.8	2.8	1300.0
2019-03-11	2.62	2.62	2.74	2.68	521500.0
2019-03-12	2.72	2.7	2.76	2.74	102900.0
2019-03-13	2.74	2.7	2.74	2.74	2600.0
2019-03-14	2.72	2.68	2.72	2.72	70500.0
2019-03-15	2.74	2.72	2.74	2.74	12300.0
2019-03-18	2.74	2.74	2.74	2.74	26000.0
2019-03-19	2.7	2.66	2.72	2.66	82800.0
2019-03-20	2.68	2.66	2.68	2.68	10000.0
2019-03-21	2.7	2.66	2.7	2.68	6600.0
2019-03-22	2.68	2.68	2.68	2.68	200.0
2019-03-25	2.68	2.62	2.68	2.68	21700.0
2019-03-26	2.64	2.62	2.68	2.66	29100.0
2019-03-27	2.64	2.62	2.66	2.66	30400.0
2019-03-28	2.66	2.6	2.66	2.64	37100.0
2019-03-29	2.62	2.62	2.66	2.64	6000.0
2019-04-01	2.62	2.62	2.68	2.66	5900.0
2019-04-02	2.68	2.66	2.68	2.68	21500.0
2019-04-03	2.68	2.62	2.68	2.68	7200.0
2019-04-04	2.68	2.64	2.68	2.68	7400.0
2019-04-05	2.68	2.62	2.68	2.66	95100.0
2019-04-09	2.66	2.66	2.66	2.66	6900.0
2019-04-10	2.68	2.68	2.68	2.68	1000.0
2019-04-11	2.68	2.64	2.68	2.68	1800.0
2019-04-12	2.66	2.66	2.68	2.68	900.0
2019-04-17	2.68	2.64	2.68	2.64	49200.0
2019-04-18	2.68	2.62	2.68	2.62	69100.0
2019-04-19	2.64	2.62	2.64	2.64	37600.0
2019-04-22	2.64	2.62	2.64	2.64	14700.0
2019-04-23	2.62	2.56	2.66	2.66	36000.0
2019-04-24	2.64	2.62	2.68	2.66	26700.0
2019-04-25	2.66	2.64	2.68	2.68	17500.0
2019-04-26	2.68	2.64	2.68	2.66	9900.0
2019-04-29	2.66	2.64	2.66	2.66	22400.0
2019-04-30	2.64	2.64	2.68	2.68	25800.0
2019-05-02	2.68	2.66	2.68	2.68	39700.0
2019-05-03	2.66	2.66	2.68	2.68	46600.0
2019-05-07	2.66	2.66	2.68	2.68	91800.0
2019-05-08	2.66	2.66	2.68	2.68	129200.0
2019-05-09	2.68	2.68	2.68	2.68	9100.0
2019-05-10	2.66	2.64	2.68	2.68	60600.0
2019-05-13	2.66	2.64	2.86	2.78	662700.0
2019-05-14	2.76	2.72	2.8	2.76	204400.0
2019-05-15	2.74	2.72	2.78	2.74	85200.0
2019-05-16	2.76	2.76	2.82	2.8	213500.0
2019-05-17	2.8	2.8	2.88	2.86	252200.0
2019-05-21	2.88	2.88	2.94	2.94	283200.0
2019-05-22	2.94	2.94	3.02	3.02	593100.0
2019-05-23	3.02	3.02	3.1	3.08	588500.0
2019-05-24	3.1	3.1	3.16	3.16	220100.0
2019-05-27	3.14	3.14	3.2	3.18	112100.0
2019-05-28	3.16	3.1	3.18	3.16	198600.0
2019-05-29	3.18	3.12	3.18	3.16	152900.0
2019-05-30	3.14	3.08	3.14	3.12	221800.0
2019-05-31	3.08	3.06	3.12	3.12	86100.0
2019-06-04	3.1	2.8	3.12	2.9	1306000.0
2019-06-05	2.9	2.82	2.9	2.88	115300.0
2019-06-06	2.86	2.8	2.86	2.84	48100.0
2019-06-07	2.86	2.86	2.9	2.9	73800.0
2019-06-10	2.9	2.86	2.9	2.9	83200.0
2019-06-11	2.88	2.88	2.9	2.9	14800.0
2019-06-12	2.88	2.86	2.9	2.9	17300.0
2019-06-13	2.86	2.84	2.88	2.88	33500.0
2019-06-14	2.92	2.9	2.94	2.9	28600.0
2019-06-17	2.9	2.9	2.92	2.92	15000.0
2019-06-18	2.9	2.88	2.92	2.92	25400.0
2019-06-19	2.9	2.9	3.02	3.02	95800.0
2019-06-20	3.0	2.96	3.0	3.0	42200.0
2019-06-21	3.0	2.98	3.0	3.0	24600.0
2019-06-24	2.98	2.96	3.0	3.0	7500.0
2019-06-25	3.0	2.96	3.0	3.0	12400.0
2019-06-26	3.0	2.96	3.0	3.0	36500.0
2019-06-27	2.98	2.94	3.02	3.02	63000.0
2019-06-28	2.98	2.94	3.02	3.02	63900.0
2019-07-01	2.98	2.98	3.02	3.02	35400.0
2019-07-02	3.0	2.88	3.02	3.0	131700.0
2019-07-03	3.0	2.98	3.02	3.0	17400.0
2019-07-04	2.98	2.9	3.0	2.96	95200.0
2019-07-05	2.94	2.86	2.96	2.94	126200.0
2019-07-08	2.92	2.86	2.92	2.86	146500.0
2019-07-09	2.86	2.8	2.9	2.84	185200.0
2019-07-10	2.84	2.8	2.86	2.86	73900.0
2019-07-11	2.82	2.78	2.86	2.78	227100.0
2019-07-12	2.82	2.78	2.82	2.8	99900.0
2019-07-15	2.78	2.76	2.8	2.78	139100.0
2019-07-17	2.78	2.74	2.8	2.78	164300.0
2019-07-18	2.78	2.76	2.78	2.78	175200.0
2019-07-19	2.78	2.78	2.82	2.8	114900.0
2019-07-22	2.8	2.76	2.8	2.8	187500.0
2019-07-23	2.78	2.76	2.82	2.8	168500.0
2019-07-24	2.8	2.8	2.86	2.86	186600.0
2019-07-25	2.86	2.86	2.88	2.88	113000.0
2019-07-26	2.88	2.86	2.9	2.88	178100.0
2019-07-30	2.86	2.84	2.88	2.86	154900.0
2019-07-31	2.86	2.84	2.86	2.86	106600.0
2019-08-01	2.84	2.82	2.86	2.84	66800.0
2019-08-02	2.82	2.76	2.84	2.8	179300.0
2019-08-05	2.8	2.78	2.8	2.8	24600.0
2019-08-06	2.8	2.76	2.8	2.78	4500.0
2019-08-07	2.76	2.76	2.8	2.8	65900.0
2019-08-08	2.76	2.76	2.82	2.78	83000.0
2019-08-09	2.78	2.76	2.84	2.82	46900.0
2019-08-13	2.78	2.72	2.82	2.8	23700.0
2019-08-14	2.74	2.58	2.74	2.68	337300.0
2019-08-15	2.64	2.54	2.64	2.62	117100.0
2019-08-16	2.5	2.5	2.64	2.64	327200.0
2019-08-19	2.64	2.64	2.66	2.66	79100.0
2019-08-20	2.66	2.66	2.68	2.68	5900.0
2019-08-21	2.72	2.66	2.72	2.7	10500.0
2019-08-22	2.72	2.7	2.72	2.7	10300.0
2019-08-23	2.7	2.7	2.7	2.7	1500.0
2019-08-26	2.7	2.62	2.7	2.64	81800.0
2019-08-27	2.64	2.62	2.66	2.64	65000.0
2019-08-28	2.62	2.62	2.64	2.64	31500.0
2019-08-29	2.62	2.62	2.72	2.7	46700.0
2019-08-30	2.68	2.64	2.7	2.7	5400.0
2019-09-02	2.6	2.6	2.68	2.68	28000.0
2019-09-03	2.68	2.58	2.68	2.66	52300.0
2019-09-04	2.6	2.6	2.66	2.66	7600.0
2019-09-05	2.64	2.64	2.66	2.66	22300.0
2019-09-06	2.64	2.64	2.64	2.64	15100.0
2019-09-09	2.64	2.62	2.64	2.64	28800.0
2019-09-10	2.62	2.62	2.64	2.64	25600.0
2019-09-11	2.64	2.64	2.66	2.64	20500.0
2019-09-13	2.64	2.62	2.66	2.66	32600.0
2019-09-16	2.64	2.64	2.66	2.66	13500.0
2019-09-17	2.64	2.64	2.64	2.64	13700.0
2019-09-18	2.62	2.62	2.64	2.64	10200.0
2019-09-19	2.62	2.62	2.64	2.64	24000.0
2019-09-20	2.62	2.62	2.62	2.62	10300.0
2019-09-23	2.62	2.6	2.66	2.64	21000.0
2019-09-24	2.64	2.6	2.66	2.66	87600.0
2019-09-25	2.62	2.58	2.64	2.64	6900.0
2019-09-26	2.66	2.66	2.7	2.7	11000.0
2019-09-27	2.66	2.64	2.66	2.66	2200.0
2019-09-30	2.66	2.64	2.66	2.66	10300.0
2019-10-01	2.64	2.62	2.64	2.64	10300.0
2019-10-03	2.62	2.6	2.62	2.62	12800.0
2019-10-04	2.6	2.6	2.64	2.64	1100.0
2019-10-07	2.6	2.58	2.6	2.6	2500.0
2019-10-08	2.6	2.56	2.6	2.6	4300.0
2019-10-09	2.58	2.58	2.58	2.58	800.0
2019-10-10	2.56	2.5	2.56	2.52	31100.0
2019-10-11	2.5	2.46	2.52	2.52	28300.0
2019-10-15	2.5	2.38	2.56	2.56	23600.0
2019-10-16	2.42	2.4	2.56	2.46	120500.0
2019-10-17	2.44	2.44	2.5	2.46	32000.0
2019-10-18	2.46	2.38	2.46	2.44	29900.0
2019-10-21	2.42	2.4	2.44	2.42	4500.0
2019-10-22	2.4	2.4	2.44	2.42	6600.0
2019-10-24	2.4	2.3	2.42	2.32	51600.0
2019-10-25	2.32	2.28	2.32	2.32	9600.0
2019-10-28	2.28	2.0	2.32	2.26	287900.0
2019-10-29	2.22	2.08	2.28	2.22	91200.0
2019-10-30	2.16	2.12	2.22	2.2	84300.0
2019-10-31	2.2	2.18	2.2	2.18	11400.0
2019-11-01	2.16	2.16	2.2	2.2	41000.0
2019-11-04	2.18	2.18	2.2	2.2	600.0
2019-11-05	2.16	2.16	2.22	2.22	49500.0
2019-11-06	2.2	2.2	2.26	2.26	6300.0
2019-11-07	2.26	2.22	2.26	2.22	1600.0
2019-11-08	2.22	2.16	2.22	2.18	15700.0
2019-11-11	2.18	2.14	2.18	2.18	11100.0
2019-11-12	2.18	2.18	2.18	2.18	500.0
2019-11-13	2.18	2.14	2.18	2.18	15300.0
2019-11-14	2.14	2.12	2.16	2.16	51500.0
2019-11-15	2.14	2.06	2.18	2.16	116600.0
2019-11-18	2.14	2.02	2.16	2.16	35000.0
2019-11-19	2.12	2.04	2.18	2.18	5800.0
2019-11-20	2.08	2.08	2.16	2.16	8400.0
2019-11-21	2.16	2.12	2.16	2.14	900.0
2019-11-22	2.12	2.12	2.16	2.16	31200.0
2019-11-25	2.14	2.14	2.16	2.16	2400.0
2019-11-26	2.16	2.14	2.18	2.18	34400.0
2019-11-27	2.16	2.12	2.18	2.18	7900.0
2019-11-28	2.16	2.12	2.18	2.18	96600.0
2019-11-29	2.18	2.18	2.2	2.2	300.0
2019-12-02	2.2	2.18	2.22	2.2	30700.0
2019-12-03	2.2	2.16	2.2	2.2	7700.0
2019-12-04	2.16	2.16	2.18	2.18	2200.0
2019-12-06	2.16	2.16	2.22	2.22	81000.0
2019-12-09	2.2	2.2	2.34	2.32	709600.0
2019-12-11	2.32	2.08	2.44	2.12	2188900.0
2019-12-12	2.14	2.1	2.14	2.14	22300.0
2019-12-13	2.18	2.08	2.18	2.12	98400.0
2019-12-16	2.1	2.1	2.14	2.12	1300.0
2019-12-17	2.1	2.1	2.1	2.1	2100.0
2019-12-18	2.08	2.06	2.1	2.08	74300.0
2019-12-19	2.08	2.06	2.08	2.06	4900.0
2019-12-20	2.06	2.04	2.06	2.06	17700.0
2019-12-23	2.04	2.04	2.08	2.06	3400.0
2019-12-24	2.04	2.04	2.06	2.06	28700.0
2019-12-25	2.06	2.06	2.14	2.14	23400.0
2019-12-26	2.12	2.04	2.12	2.1	71800.0
2019-12-27	2.08	2.08	2.1	2.1	10400.0
2019-12-30	2.08	2.08	2.1	2.1	20300.0
2020-01-02	2.1	2.1	2.1	2.1	300.0
2020-01-03	2.1	2.08	2.1	2.1	27100.0
2020-01-06	2.08	2.06	2.1	2.08	8200.0
2020-01-07	2.04	1.8	2.1	2.06	92900.0
2020-01-08	2.0	1.99	2.02	2.02	28100.0
2020-01-09	2.0	1.98	2.04	2.0	83300.0
2020-01-10	2.0	1.96	2.02	2.0	93400.0
2020-01-13	2.0	1.99	2.02	2.02	7400.0
2020-01-14	2.02	1.99	2.04	2.04	4800.0
2020-01-15	2.04	2.0	2.04	2.04	8600.0
2020-01-16	2.04	2.0	2.1	2.1	70400.0
2020-01-17	2.08	2.04	2.08	2.08	34000.0
2020-01-20	2.06	2.04	2.08	2.06	11600.0
2020-01-21	2.06	2.0	2.06	2.06	30200.0
2020-01-22	2.04	2.0	2.04	2.04	20900.0
2020-01-23	2.04	2.02	2.04	2.04	23000.0
2020-01-24	2.04	2.02	2.04	2.04	500.0
2020-01-27	2.02	1.98	2.02	2.02	46300.0
2020-01-28	2.0	1.99	2.04	2.04	11600.0
2020-01-29	2.02	2.0	2.04	2.04	3100.0
2020-01-30	2.02	1.99	2.02	2.02	57500.0
2020-01-31	2.0	2.0	2.02	2.02	10600.0
2020-02-03	2.0	2.0	2.04	2.02	6400.0
2020-02-04	2.0	2.0	2.02	2.02	16900.0
2020-02-05	2.0	1.99	2.04	2.04	12500.0
2020-02-06	2.04	2.02	2.04	2.04	13700.0
2020-02-07	2.04	2.04	2.04	2.04	100.0
2020-02-11	2.04	2.04	2.06	2.04	58300.0
2020-02-12	2.04	2.0	2.04	2.04	34800.0
2020-02-13	2.02	2.0	2.02	2.02	46200.0
2020-02-14	2.02	1.99	2.02	2.02	37500.0
2020-02-17	2.14	2.08	2.18	2.1	914700.0
2020-02-18	2.16	2.16	2.22	2.2	2022900.0
2020-02-19	2.24	2.18	2.26	2.18	1857000.0
2020-02-20	2.2	2.16	2.24	2.18	1151300.0
2020-02-21	2.18	2.18	2.22	2.22	470000.0
2020-02-24	2.2	2.14	2.22	2.18	806200.0
2020-02-25	2.18	2.16	2.2	2.2	851600.0
2020-02-26	2.18	2.14	2.2	2.18	761000.0
2020-02-27	2.18	2.12	2.2	2.2	1221600.0
2020-02-28	1.86	1.86	1.95	1.9	825200.0
2020-03-02	1.9	1.76	1.9	1.83	419400.0
2020-03-03	1.86	1.81	1.86	1.83	97500.0
2020-03-04	1.83	1.77	1.83	1.8	256900.0
2020-03-05	1.8	1.78	1.82	1.78	178100.0
2020-03-06	1.78	1.74	1.78	1.77	164900.0
2020-03-09	1.76	1.59	1.76	1.69	512300.0
2020-03-10	1.64	1.64	1.72	1.68	111400.0
2020-03-11	1.67	1.64	1.7	1.68	143000.0
2020-03-12	1.65	1.3	1.65	1.56	241400.0
2020-03-13	1.42	1.42	1.52	1.52	101800.0
2020-03-16	1.64	1.49	1.64	1.49	80500.0
2020-03-17	1.5	1.45	1.51	1.48	86900.0
2020-03-18	1.48	1.45	1.51	1.48	180400.0
2020-03-19	1.48	1.4	1.48	1.46	66900.0
2020-03-20	1.46	1.44	1.48	1.45	186000.0
2020-03-23	1.44	1.39	1.45	1.41	94100.0
2020-03-24	1.41	1.3	1.41	1.31	340900.0
2020-03-25	1.31	1.27	1.37	1.3	602500.0
2020-03-26	1.4	1.27	1.4	1.29	751900.0
2020-03-27	1.29	1.29	1.32	1.3	749900.0
2020-03-30	1.3	1.29	1.32	1.32	135600.0
2020-03-31	1.31	1.31	1.34	1.33	53400.0
2020-04-01	1.33	1.3	1.33	1.33	82200.0
2020-04-02	1.31	1.3	1.33	1.32	66900.0
2020-04-03	1.32	1.32	1.33	1.33	172700.0
2020-04-07	1.33	1.33	1.44	1.43	1159300.0
2020-04-08	1.43	1.43	1.48	1.48	123600.0
2020-04-09	1.52	1.48	1.59	1.5	409700.0
2020-04-10	1.52	1.48	1.55	1.52	407400.0
2020-04-13	1.56	1.54	1.56	1.54	10600.0
2020-04-14	1.54	1.52	1.59	1.57	240200.0
2020-04-15	1.57	1.55	1.7	1.62	156200.0
2020-04-16	1.62	1.55	1.69	1.64	114200.0
2020-04-17	1.64	1.6	1.65	1.64	45500.0
2020-04-20	1.64	1.64	1.7	1.7	235500.0
2020-04-21	1.7	1.69	1.78	1.78	191600.0
2020-04-22	1.77	1.73	1.78	1.76	157600.0
2020-04-23	1.76	1.73	1.81	1.81	177600.0
2020-04-24	1.81	1.77	1.82	1.82	193200.0
2020-04-27	1.82	1.77	1.82	1.79	40200.0
2020-04-28	1.79	1.74	1.79	1.75	62400.0
2020-04-29	1.75	1.75	1.81	1.81	117000.0
2020-04-30	1.81	1.81	1.86	1.84	131000.0
2020-05-05	1.84	1.79	1.9	1.87	76900.0
2020-05-07	1.86	1.81	1.86	1.85	33100.0
2020-05-08	1.85	1.82	1.85	1.83	34800.0
2020-05-11	1.83	1.82	1.85	1.83	119100.0
2020-05-12	1.83	1.83	1.94	1.9	536800.0
2020-05-13	1.95	1.89	1.95	1.94	106100.0
2020-05-14	1.94	1.9	2.0	1.98	259300.0
2020-05-15	1.98	1.94	1.98	1.97	112200.0
2020-05-18	1.96	1.91	2.0	1.97	316800.0
2020-05-19	1.97	1.9	1.97	1.97	263400.0
2020-05-20	1.96	1.92	1.96	1.94	90100.0
2020-05-21	1.93	1.93	2.0	1.98	536600.0
2020-05-22	2.0	1.92	2.0	1.96	233900.0
2020-05-25	1.97	1.95	1.98	1.98	51200.0
2020-05-26	1.98	1.94	1.98	1.96	115100.0
2020-05-27	1.97	1.93	1.97	1.96	211200.0
2020-05-28	1.94	1.92	1.96	1.96	51300.0
2020-05-29	1.96	1.95	1.96	1.96	26600.0
2020-06-01	1.96	1.95	2.0	1.99	510000.0
2020-06-02	1.96	1.96	1.99	1.98	156800.0
2020-06-04	2.0	1.93	2.0	1.96	197600.0
2020-06-05	1.96	1.96	2.02	1.98	526900.0
2020-06-08	2.0	1.96	2.0	1.97	351800.0
2020-06-09	1.95	1.93	1.99	1.97	302000.0
2020-06-10	1.99	1.97	1.99	1.97	35500.0
2020-06-11	1.97	1.94	2.0	1.99	141100.0
2020-06-12	1.99	1.94	2.0	1.98	605500.0
2020-06-15	2.0	1.96	2.0	1.99	218700.0
2020-06-16	2.0	1.97	2.0	1.98	32700.0
2020-06-17	1.99	1.97	1.99	1.97	108000.0
2020-06-18	1.95	1.95	1.99	1.99	151800.0
2020-06-19	1.99	1.99	2.22	2.14	4662100.0
2020-06-22	2.14	2.08	2.26	2.08	3496400.0
2020-06-23	2.1	2.06	2.22	2.1	9595100.0
2020-06-24	2.14	2.06	2.16	2.08	1107200.0
2020-06-25	2.08	2.0	2.1	2.02	1293700.0
2020-06-26	2.08	2.02	2.08	2.08	669400.0
2020-06-29	2.08	2.02	2.1	2.1	98500.0
2020-06-30	2.12	2.02	2.12	2.08	248900.0
2020-07-01	2.08	2.02	2.1	2.1	191700.0
2020-07-02	2.1	2.06	2.1	2.08	51100.0
2020-07-03	2.08	2.04	2.08	2.06	173500.0
2020-07-07	2.1	2.02	2.1	2.06	126400.0
2020-07-08	2.06	2.0	2.08	2.04	107000.0
2020-07-09	2.04	2.02	2.08	2.06	50500.0
2020-07-10	2.06	2.04	2.06	2.06	13900.0
2020-07-13	2.06	2.02	2.06	2.02	37300.0
2020-07-14	2.0	1.95	2.02	2.0	244500.0
2020-07-15	2.0	1.94	2.0	1.98	237500.0
2020-07-16	1.99	1.97	1.99	1.98	286200.0
2020-07-17	1.98	1.98	1.98	1.98	12900.0
2020-07-20	1.98	1.96	1.99	1.96	225300.0
2020-07-21	1.98	1.95	1.98	1.96	112500.0
2020-07-22	1.97	1.95	2.0	1.98	438700.0
2020-07-23	1.99	1.96	1.99	1.96	286500.0
2020-07-24	1.97	1.94	1.98	1.97	120900.0
2020-07-29	1.97	1.96	1.97	1.97	83500.0
2020-07-30	1.97	1.94	1.97	1.96	57800.0
2020-07-31	1.95	1.95	1.98	1.98	294200.0
2020-08-03	1.98	1.98	2.04	2.04	460800.0
2020-08-04	2.04	2.0	2.1	2.04	134000.0
2020-08-05	2.02	2.02	2.04	2.02	68800.0
2020-08-06	2.02	1.98	2.04	2.02	269800.0
2020-08-07	2.0	1.95	2.02	2.0	285700.0
2020-08-10	1.97	1.97	2.0	2.0	17300.0
2020-08-11	2.0	1.99	2.02	2.02	68900.0
2020-08-13	2.02	1.96	2.02	1.98	31900.0
2020-08-14	1.99	1.95	1.99	1.97	80600.0
2020-08-17	1.96	1.95	1.96	1.96	123700.0
2020-08-18	1.96	1.95	1.96	1.96	108600.0
2020-08-19	1.9	1.9	1.95	1.95	70900.0
2020-08-20	1.94	1.93	1.98	1.96	2900.0
2020-08-21	1.97	1.9	1.97	1.93	74800.0
2020-08-24	1.98	1.92	1.98	1.98	5200.0
2020-08-25	2.04	1.95	2.04	1.96	24200.0
2020-08-26	1.97	1.96	2.0	1.98	124600.0
2020-08-27	2.04	1.96	2.04	1.99	14800.0
2020-08-28	1.97	1.96	2.0	1.98	24000.0
2020-08-31	1.97	1.9	1.98	1.98	31600.0
2020-09-01	1.98	1.96	1.98	1.98	10600.0
2020-09-02	2.04	1.98	2.04	1.98	32400.0
2020-09-03	1.98	1.96	2.02	2.0	43200.0
2020-09-08	2.04	1.98	2.06	1.99	21400.0
2020-09-09	1.98	1.98	1.99	1.99	3000.0
2020-09-10	1.98	1.98	1.99	1.99	2100.0
2020-09-11	1.99	1.98	1.99	1.98	37000.0
2020-09-14	1.97	1.97	2.04	2.02	541700.0
2020-09-15	2.04	1.99	2.2	2.04	2955400.0
2020-09-16	2.06	2.06	2.2	2.08	980500.0
2020-09-17	2.12	2.02	2.12	2.08	638500.0
2020-09-18	2.1	2.0	2.1	2.08	168200.0
2020-09-21	2.06	2.02	2.1	2.04	193700.0
2020-09-22	2.06	2.02	2.08	2.06	14500.0
2020-09-23	2.04	2.0	2.04	2.04	149100.0
2020-09-24	2.04	2.0	2.06	2.06	22100.0
2020-09-25	2.04	2.02	2.04	2.04	54300.0
2020-09-28	2.0	2.0	2.06	2.02	61300.0
2020-09-29	2.06	2.06	2.08	2.08	32200.0
2020-09-30	2.08	2.04	2.08	2.08	1700.0
2020-10-01	2.04	2.02	2.1	2.08	16500.0
2020-10-02	2.06	2.04	2.1	2.04	16300.0
2020-10-05	2.04	2.04	2.06	2.06	7400.0
2020-10-06	2.04	1.98	2.06	2.06	74600.0
2020-10-07	2.04	2.04	2.08	2.08	87600.0
2020-10-08	2.08	2.06	2.1	2.08	118100.0
2020-10-09	2.08	2.06	2.08	2.08	83100.0
2020-10-12	2.1	2.04	2.1	2.08	45800.0
2020-10-14	2.08	2.06	2.08	2.06	16900.0
2020-10-15	2.06	2.04	2.08	2.06	9500.0
2020-10-16	2.08	2.04	2.08	2.08	13400.0
2020-10-19	2.08	1.99	2.08	2.04	37200.0
2020-10-20	2.08	2.08	2.08	2.08	1000.0
2020-10-21	2.08	2.08	2.08	2.08	1000.0
2020-10-22	2.04	2.02	2.06	2.06	24300.0
2020-10-26	2.04	2.04	2.06	2.06	4600.0
2020-10-27	2.04	2.04	2.08	2.08	13100.0
2020-10-28	2.06	2.0	2.06	2.06	46300.0
2020-10-29	2.04	2.04	2.08	2.08	19400.0
2020-10-30	2.06	2.04	2.08	2.06	10000.0
2020-11-02	2.04	2.04	2.06	2.06	2800.0
2020-11-03	2.04	2.0	2.08	2.0	86700.0
2020-11-04	2.02	2.0	2.04	2.02	13900.0
2020-11-05	2.0	2.0	2.04	2.04	38900.0
2020-11-06	2.04	2.02	2.04	2.04	29600.0
2020-11-09	2.02	2.0	2.04	2.04	19800.0
2020-11-10	2.02	2.02	2.04	2.04	12700.0
2020-11-11	2.0	1.98	2.06	2.04	51100.0
2020-11-12	2.02	1.99	2.02	2.0	36100.0
2020-11-13	2.02	1.98	2.02	2.0	115800.0
2020-11-16	2.0	1.98	2.02	2.02	58600.0
2020-11-17	2.0	1.96	2.0	1.97	36100.0
2020-11-18	1.99	1.99	2.0	2.0	5600.0
2020-11-19	2.0	1.98	2.0	2.0	55600.0
2020-11-20	2.0	1.97	2.0	1.98	159300.0
2020-11-23	1.99	1.94	1.99	1.98	116500.0
2020-11-24	1.98	1.98	2.0	2.0	56200.0
2020-11-25	2.0	2.0	2.0	2.0	15900.0
2020-11-26	1.99	1.99	2.0	2.0	5100.0
2020-11-27	2.0	1.98	2.08	2.0	227000.0
2020-11-30	2.0	1.96	2.02	2.0	126400.0
2020-12-01	2.0	1.99	2.0	2.0	6600.0
2020-12-02	2.0	2.0	2.0	2.0	50500.0
2020-12-03	2.0	1.98	2.0	2.0	32300.0
2020-12-04	2.0	1.99	2.0	2.0	60100.0
2020-12-08	2.0	1.99	2.02	2.0	167900.0
2020-12-09	1.99	1.99	2.02	2.0	404100.0
2020-12-14	2.0	1.97	2.0	1.98	75300.0
2020-12-15	2.0	2.0	2.12	2.04	2042000.0
2020-12-16	2.04	2.02	2.08	2.04	1062000.0
2020-12-17	2.04	2.04	2.14	2.1	1722900.0
2020-12-18	2.1	2.08	2.12	2.08	323000.0
2020-12-21	1.99	1.99	2.04	1.99	310200.0
2020-12-22	1.99	1.99	2.02	2.02	67400.0
2020-12-23	2.0	2.0	2.04	2.0	141100.0
2020-12-24	2.0	2.0	2.06	2.02	153800.0
2020-12-25	2.02	2.0	2.02	2.02	120100.0
2020-12-28	2.02	2.02	2.02	2.02	24200.0
2020-12-29	2.0	2.0	2.08	2.04	291800.0
2020-12-30	2.06	2.02	2.06	2.04	59600.0
2021-01-04	2.04	2.02	2.06	2.06	64900.0
2021-01-05	2.04	2.02	2.04	2.04	131900.0
2021-01-06	2.06	2.0	2.08	2.0	482800.0
2021-01-07	2.04	2.0	2.04	2.02	202100.0
2021-01-08	2.06	2.0	2.06	2.02	449400.0
2021-01-11	1.99	1.99	2.08	2.06	298300.0
2021-01-12	2.06	2.04	2.06	2.04	97700.0
2021-01-13	2.06	2.06	2.12	2.1	273700.0
2021-01-14	2.1	2.06	2.1	2.1	118300.0
2021-01-15	2.1	2.06	2.1	2.1	131000.0
2021-01-18	2.1	2.04	2.1	2.08	128900.0
2021-01-19	2.08	2.04	2.1	2.08	97200.0
2021-01-20	2.08	2.06	2.08	2.08	50300.0
2021-01-21	2.08	2.06	2.16	2.14	673700.0
2021-01-22	2.16	2.14	2.3	2.18	4398400.0
2021-01-25	2.2	2.14	2.24	2.2	714900.0
2021-01-26	2.22	2.12	2.22	2.2	582300.0
2021-01-27	2.2	2.18	2.22	2.2	141900.0
2021-01-28	2.2	2.18	2.24	2.24	441300.0
2021-01-29	2.28	2.18	2.28	2.22	658200.0
2021-02-01	2.22	2.16	2.24	2.18	323000.0
2021-02-02	2.2	2.16	2.24	2.18	142600.0
2021-02-03	2.18	2.14	2.22	2.2	35100.0
2021-02-04	2.2	2.18	2.26	2.2	113200.0
2021-02-05	2.18	2.16	2.2	2.2	115500.0
2021-02-08	2.2	2.14	2.22	2.2	96800.0
2021-02-09	2.2	2.16	2.2	2.18	128100.0
2021-02-10	2.16	2.16	2.24	2.2	479200.0
2021-02-11	2.16	2.1	2.18	2.18	129200.0
2021-02-15	2.16	2.1	2.16	2.14	250000.0
2021-02-16	2.12	1.99	2.12	2.02	1247300.0
2021-02-17	2.02	1.94	2.02	1.97	654100.0
2021-02-18	1.97	1.95	2.0	1.95	510800.0
2021-02-19	1.97	1.89	2.0	1.93	703900.0
2021-02-22	1.93	1.8	1.95	1.85	480000.0
2021-02-23	1.9	1.84	1.9	1.88	135600.0
2021-02-24	1.9	1.88	1.94	1.92	191100.0
2021-02-25	1.92	1.8	1.95	1.9	152600.0
2021-03-01	1.91	1.89	1.94	1.9	140100.0
2021-03-02	1.9	1.86	1.91	1.87	94300.0
2021-03-03	1.87	1.87	1.91	1.91	191500.0
2021-03-04	1.91	1.89	1.93	1.91	46300.0
2021-03-05	1.91	1.86	1.91	1.9	219300.0
2021-03-08	1.92	1.9	1.93	1.9	64300.0
2021-03-09	1.9	1.9	1.95	1.93	207900.0
2021-03-10	1.95	1.93	1.95	1.95	54700.0
2021-03-11	1.95	1.94	1.98	1.98	266000.0
2021-03-12	1.98	1.96	1.98	1.97	20200.0
2021-03-15	1.96	1.94	1.96	1.96	65100.0
2021-03-16	1.95	1.93	1.97	1.97	192100.0
2021-03-17	1.97	1.95	1.97	1.96	138200.0
2021-03-18	1.96	1.92	1.99	1.96	220500.0
2021-03-19	1.98	1.86	1.98	1.95	380700.0
2021-03-22	1.96	1.79	1.96	1.9	1004900.0
2021-03-23	1.89	1.88	1.93	1.93	530200.0
2021-03-24	1.93	1.89	1.96	1.94	490000.0
2021-03-25	1.97	1.93	2.06	2.06	1290300.0
2021-03-26	2.06	2.0	2.2	2.1	8441700.0
2021-03-29	2.16	2.1	2.22	2.14	7444300.0
2021-03-30	2.16	2.14	2.24	2.16	3105100.0
2021-03-31	2.2	2.14	2.26	2.14	3052200.0
2021-04-01	2.18	2.14	2.2	2.14	476800.0
2021-04-02	2.18	2.14	2.18	2.16	495700.0
2021-04-05	2.16	2.1	2.18	2.12	1293200.0
2021-04-07	2.1	2.04	2.12	2.04	511400.0
2021-04-08	2.02	2.02	2.1	2.06	300500.0
2021-04-09	2.04	2.04	2.1	2.1	176900.0
2021-04-12	2.08	2.0	2.08	2.0	505200.0
2021-04-16	1.98	1.96	2.06	2.04	195600.0
2021-04-19	2.06	2.02	2.08	2.08	128900.0
2021-04-20	2.1	2.04	2.1	2.06	130000.0
2021-04-21	2.06	2.06	2.12	2.1	314600.0
2021-04-22	2.12	2.08	2.18	2.1	546200.0
2021-04-23	2.12	2.1	2.16	2.16	415700.0
2021-04-26	2.16	2.16	2.24	2.18	3903700.0
2021-04-27	2.2	2.14	2.22	2.16	791800.0
2021-04-28	2.16	2.14	2.18	2.16	444900.0
2021-04-29	2.18	2.16	2.38	2.16	5247700.0
2021-04-30	2.2	2.2	2.26	2.22	1185300.0
2021-05-05	2.24	2.16	2.26	2.16	840600.0
2021-05-06	2.2	2.18	2.28	2.2	1853600.0
2021-05-07	2.22	2.2	2.3	2.26	2180500.0
2021-05-10	2.28	2.26	2.32	2.26	1414100.0
2021-05-11	2.24	2.12	2.24	2.18	1308800.0
2021-05-12	2.18	2.1	2.28	2.2	3449800.0
2021-05-13	2.22	1.96	2.3	2.18	5409500.0
2021-05-14	2.2	2.12	2.22	2.16	706100.0
2021-05-17	2.2	2.06	2.2	2.12	261900.0
2021-05-18	2.08	2.08	2.18	2.1	508600.0
2021-05-19	2.14	2.14	2.18	2.16	603600.0
2021-05-20	2.18	2.1	2.18	2.16	303600.0
2021-05-21	2.12	2.12	2.16	2.16	168200.0
2021-05-24	2.12	2.1	2.18	2.12	385100.0
2021-05-25	2.12	2.1	2.14	2.1	153800.0
2021-05-27	2.1	2.1	2.14	2.1	174600.0
2021-05-28	2.12	2.08	2.12	2.08	369300.0
2021-05-31	2.1	2.1	2.16	2.14	153400.0
2021-06-01	2.16	2.1	2.16	2.14	226300.0
2021-06-02	2.14	2.12	2.16	2.16	385000.0
2021-06-04	2.2	2.14	2.2	2.16	244100.0
2021-06-07	2.14	2.14	2.18	2.16	186400.0
2021-06-08	2.18	2.12	2.18	2.16	118200.0
2021-06-09	2.14	2.08	2.16	2.1	543300.0
2021-06-10	2.12	2.1	2.16	2.12	305100.0
2021-06-11	2.14	2.12	2.16	2.14	623900.0
2021-06-14	2.16	2.1	2.16	2.12	418300.0
2021-06-15	2.12	2.08	2.12	2.12	292200.0
2021-06-16	2.12	2.1	2.12	2.12	98800.0
2021-06-17	2.1	2.1	2.12	2.12	232800.0
2021-06-18	2.12	2.1	2.12	2.12	199200.0
2021-06-21	2.12	2.0	2.12	2.04	513300.0
2021-06-22	2.04	2.04	2.12	2.1	434200.0
2021-06-23	2.08	2.08	2.22	2.12	1493000.0
2021-06-24	2.16	2.06	2.16	2.16	529900.0
2021-06-25	2.16	2.08	2.16	2.12	278900.0
2021-06-28	2.1	2.1	2.14	2.1	160600.0
2021-06-29	2.1	2.08	2.12	2.12	65400.0
2021-06-30	2.14	2.1	2.14	2.14	41200.0
2021-07-01	2.12	2.06	2.12	2.12	59300.0
2021-07-02	2.1	2.08	2.16	2.14	79200.0
2021-07-05	2.14	2.1	2.14	2.12	112000.0
2021-07-06	2.14	2.12	2.18	2.16	467400.0
2021-07-07	2.16	2.1	2.16	2.14	579300.0
2021-07-08	2.12	2.04	2.12	2.12	270500.0
2021-07-09	2.06	1.98	2.1	2.08	613700.0
2021-07-12	2.08	2.04	2.08	2.08	22100.0
2021-07-13	2.08	2.08	2.16	2.1	382600.0
2021-07-14	2.1	2.06	2.16	2.12	584800.0
2021-07-15	2.12	2.06	2.12	2.12	273300.0
2021-07-16	2.12	2.1	2.12	2.12	25400.0
2021-07-19	2.1	2.08	2.1	2.1	60000.0
2021-07-20	2.1	2.0	2.1	2.08	336100.0
2021-07-21	2.06	2.04	2.08	2.08	39100.0
2021-07-22	2.06	2.02	2.1	2.06	231700.0
2021-07-23	2.1	2.04	2.1	2.08	322800.0
2021-07-27	2.06	2.02	2.1	2.08	114100.0
2021-07-29	2.08	2.06	2.1	2.08	128100.0
2021-07-30	2.06	2.04	2.08	2.06	28100.0
2021-08-02	2.02	1.98	2.06	2.04	154300.0
2021-08-03	2.06	2.06	2.1	2.08	78300.0
2021-08-04	2.1	2.06	2.1	2.1	446700.0
2021-08-05	2.08	2.06	2.1	2.08	26700.0
2021-08-06	2.1	1.99	2.1	2.06	167800.0
2021-08-09	2.08	2.02	2.08	2.06	34700.0
2021-08-10	2.08	2.0	2.08	2.04	454900.0
2021-08-11	2.0	1.98	2.06	2.0	542500.0
2021-08-13	2.0	1.97	2.0	2.0	419900.0
2021-08-16	1.98	1.89	2.0	1.98	615700.0
2021-08-17	1.98	1.94	1.98	1.96	176200.0
2021-08-18	1.96	1.96	1.99	1.98	86000.0
2021-08-19	1.98	1.97	2.02	2.0	271100.0
2021-08-20	2.0	1.98	2.02	2.02	271400.0
2021-08-23	2.02	2.0	2.04	2.04	342100.0
2021-08-24	1.99	1.99	2.04	2.04	52000.0
2021-08-25	2.02	2.0	2.06	2.04	159600.0
2021-08-26	2.08	2.0	2.08	2.02	360800.0
2021-08-27	2.02	2.02	2.06	2.06	214600.0
2021-08-30	2.04	2.04	2.1	2.08	142500.0
2021-08-31	2.08	2.02	2.08	2.04	248000.0
2021-09-01	2.08	2.04	2.08	2.04	142400.0
2021-09-02	2.06	2.02	2.06	2.04	11100.0
2021-09-03	2.02	2.02	2.08	2.02	105800.0
2021-09-06	2.06	2.0	2.06	2.04	68700.0
2021-09-07	2.04	2.02	2.04	2.04	73500.0
2021-09-08	2.08	2.0	2.1	2.04	390700.0
2021-09-09	2.06	2.04	2.08	2.06	26600.0
2021-09-10	2.06	2.0	2.08	2.02	268700.0
2021-09-13	2.02	2.02	2.06	2.04	52300.0
2021-09-14	2.06	2.06	2.08	2.08	109800.0
2021-09-15	2.08	2.06	2.22	2.18	2866200.0
2021-09-16	2.14	2.1	2.18	2.14	740100.0
2021-09-17	2.12	2.06	2.14	2.1	424200.0
2021-09-20	2.1	2.08	2.14	2.1	310500.0
2021-09-21	2.14	2.06	2.14	2.1	142400.0
2021-09-22	2.02	2.02	2.14	2.08	767800.0
2021-09-23	2.14	2.1	2.24	2.16	2494900.0
2021-09-27	2.14	2.12	2.2	2.12	893000.0
2021-09-28	2.16	2.12	2.44	2.2	12156500.0
2021-09-29	2.22	2.14	2.26	2.2	2129300.0
2021-09-30	2.2	2.2	2.58	2.52	11164000.0
2021-10-01	2.56	2.4	2.62	2.54	5866800.0
2021-10-04	2.66	2.44	2.68	2.44	2422800.0
2021-10-05	2.48	2.46	2.78	2.74	7935300.0
2021-10-06	2.74	2.58	2.76	2.6	2495300.0
2021-10-07	2.64	2.48	2.64	2.54	1996200.0
2021-10-08	2.54	2.4	2.56	2.42	2712700.0
2021-10-11	2.4	2.4	2.54	2.48	1430500.0
2021-10-12	2.52	2.34	2.52	2.38	1542200.0
2021-10-14	2.38	2.34	2.5	2.44	1316200.0
2021-10-15	2.42	2.34	2.48	2.38	750100.0
2021-10-18	2.38	2.36	2.48	2.4	598700.0
2021-10-19	2.4	2.38	2.46	2.38	238900.0
2021-10-20	2.4	2.4	2.52	2.48	1398400.0
2021-10-21	2.52	2.44	2.54	2.48	584700.0
2021-10-25	2.5	2.44	2.52	2.5	879600.0
2021-10-26	2.5	2.36	2.5	2.42	757200.0
2021-10-27	2.42	2.36	2.46	2.42	488300.0
2021-10-28	2.42	2.3	2.42	2.3	857300.0
2021-10-29	2.3	2.24	2.38	2.28	767200.0
2021-11-01	2.28	2.28	2.34	2.3	459000.0
2021-11-02	2.28	2.16	2.28	2.16	740100.0
2021-11-03	2.1	2.08	2.14	2.08	1139500.0
2021-11-04	2.08	2.06	2.16	2.12	132200.0
2021-11-05	2.1	2.08	2.12	2.1	175000.0
2021-11-08	2.08	2.06	2.12	2.08	238300.0
2021-11-09	2.08	2.08	2.14	2.14	162700.0
2021-11-10	2.16	2.1	2.24	2.22	368900.0
2021-11-11	2.22	2.18	2.22	2.2	38200.0
2021-11-12	2.22	2.12	2.22	2.14	133900.0
2021-11-15	2.14	2.14	2.2	2.14	106100.0
2021-11-16	2.14	2.14	2.2	2.18	63900.0
2021-11-17	2.18	2.16	2.18	2.16	63300.0
2021-11-18	2.14	2.14	2.18	2.16	153600.0
2021-11-19	2.16	2.16	2.22	2.2	117700.0
2021-11-22	2.2	2.2	2.26	2.24	315900.0
2021-11-23	2.28	2.22	2.3	2.24	227300.0
2021-11-24	2.22	2.22	2.26	2.22	90000.0
2021-11-25	2.22	2.22	2.26	2.24	207900.0
2021-11-26	2.2	2.16	2.22	2.2	146200.0
2021-11-29	2.22	2.12	2.26	2.16	208200.0
2021-11-30	2.16	2.12	2.2	2.12	79800.0
2021-12-01	2.1	2.1	2.2	2.2	148900.0
2021-12-02	2.24	2.2	2.24	2.22	84000.0
2021-12-03	2.2	2.14	2.24	2.18	60600.0
2021-12-07	2.24	2.18	2.24	2.22	136800.0
2021-12-08	2.2	2.2	2.22	2.22	22400.0
2021-12-09	2.24	2.2	2.24	2.2	3200.0
2021-12-13	2.24	2.2	2.24	2.2	11000.0
2021-12-14	2.24	2.2	2.24	2.22	90700.0
2021-12-15	2.24	2.22	2.26	2.24	88400.0
2021-12-16	2.26	2.24	2.32	2.28	320000.0
2021-12-17	2.3	2.3	2.38	2.3	569100.0
2021-12-20	2.34	2.24	2.34	2.24	105500.0
2021-12-21	2.24	2.24	2.28	2.28	37800.0
2021-12-22	2.28	2.24	2.28	2.24	31900.0
2021-12-23	2.26	2.24	2.26	2.26	54900.0
2021-12-24	2.22	2.14	2.26	2.26	47500.0
2021-12-27	2.26	2.24	2.3	2.28	80500.0
2021-12-28	2.26	2.18	2.26	2.18	155500.0
2021-12-29	2.16	2.16	2.26	2.22	63300.0
2021-12-30	2.28	2.22	2.28	2.24	68100.0
2022-01-04	2.22	2.22	2.28	2.24	64600.0
2022-01-05	2.22	2.18	2.26	2.24	412600.0
2022-01-06	2.24	2.18	2.24	2.24	36200.0
2022-01-07	2.24	2.2	2.26	2.24	48900.0
2022-01-10	2.26	2.24	2.28	2.26	210400.0
2022-01-11	2.3	2.28	2.36	2.34	185500.0
2022-01-12	2.34	2.28	2.36	2.32	68200.0
2022-01-13	2.32	2.3	2.34	2.34	92900.0
2022-01-14	2.34	2.3	2.34	2.3	94600.0
2022-01-17	2.3	2.26	2.32	2.3	85800.0
2022-01-18	2.3	2.26	2.3	2.26	28400.0
2022-01-19	2.24	2.22	2.3	2.3	132200.0
2022-01-20	2.26	2.24	2.3	2.26	80000.0
2022-01-21	2.22	2.22	2.28	2.26	56600.0
2022-01-24	2.28	2.22	2.28	2.26	109400.0
2022-01-25	2.2	2.14	2.24	2.24	100300.0
2022-01-26	2.26	2.22	2.26	2.26	36900.0
2022-01-27	2.2	2.16	2.2	2.2	17900.0
2022-01-28	2.12	2.08	2.2	2.18	196800.0
2022-01-31	2.18	2.16	2.2	2.18	33900.0
2022-02-01	2.24	2.18	2.24	2.24	18800.0
2022-02-02	2.24	2.2	2.24	2.22	121300.0
2022-02-03	2.22	2.22	2.26	2.22	20700.0
2022-02-04	2.24	2.22	2.26	2.22	52600.0
2022-02-07	2.26	2.22	2.26	2.22	37800.0
2022-02-08	2.2	2.2	2.24	2.24	25000.0
2022-02-09	2.22	2.2	2.24	2.2	33900.0
2022-02-10	2.2	2.2	2.22	2.22	26800.0
2022-02-11	2.22	2.18	2.24	2.22	19800.0
2022-02-14	2.2	2.16	2.22	2.22	52900.0
2022-02-15	2.22	2.18	2.22	2.22	51300.0
2022-02-17	2.24	2.18	2.28	2.26	292000.0
2022-02-18	2.24	2.24	2.32	2.3	179900.0
2022-02-21	2.32	2.18	2.32	2.26	192600.0
2022-02-22	2.24	2.22	2.3	2.3	240200.0
2022-02-23	2.3	2.18	2.3	2.28	139000.0
2022-02-24	2.24	1.89	2.26	1.9	4333700.0
2022-02-25	1.9	1.83	1.92	1.87	1574800.0
2022-02-28	1.9	1.87	1.9	1.87	313000.0
2022-03-01	1.88	1.87	1.9	1.9	163400.0
2022-03-02	1.9	1.8	1.9	1.82	236400.0
2022-03-03	1.8	1.8	1.9	1.87	485200.0
2022-03-04	1.85	1.83	1.89	1.87	89500.0
2022-03-07	1.84	1.7	1.88	1.82	673000.0
2022-03-08	1.69	1.69	1.84	1.81	658400.0
2022-03-09	1.81	1.75	1.81	1.78	90600.0
2022-03-10	1.78	1.76	1.89	1.89	55900.0
2022-03-11	1.8	1.79	1.88	1.84	111400.0
2022-03-14	1.85	1.85	1.91	1.88	179800.0
2022-03-15	1.9	1.87	1.9	1.87	47500.0
2022-03-16	1.9	1.85	1.9	1.86	221000.0
2022-03-17	1.86	1.85	1.88	1.85	513100.0
2022-03-18	1.85	1.85	1.89	1.87	319400.0
2022-03-21	1.87	1.86	1.89	1.86	32600.0
2022-03-22	1.84	1.83	1.87	1.87	423700.0
2022-03-23	1.85	1.84	1.87	1.87	189500.0
2022-03-24	1.85	1.85	1.87	1.85	45300.0
2022-03-25	1.87	1.82	1.87	1.85	53200.0
2022-03-28	1.86	1.83	1.87	1.85	11800.0
2022-03-29	1.84	1.84	1.85	1.85	130900.0
2022-03-30	1.87	1.84	1.87	1.85	42500.0
2022-03-31	1.85	1.85	1.89	1.85	153600.0
2022-04-01	1.86	1.86	1.87	1.86	33800.0
2022-04-04	1.86	1.84	2.0	1.9	831500.0
2022-04-05	1.9	1.84	1.9	1.86	147500.0
2022-04-07	1.85	1.84	1.87	1.84	23800.0
2022-04-08	1.84	1.84	1.88	1.85	78400.0
2022-04-11	1.8	1.8	1.83	1.83	234700.0
2022-04-12	1.83	1.8	1.84	1.83	3000.0
2022-04-18	1.85	1.82	1.87	1.82	18500.0
2022-04-19	1.86	1.83	1.86	1.86	29200.0
2022-04-20	1.83	1.83	1.86	1.86	8800.0
2022-04-21	1.86	1.85	1.87	1.86	71000.0
2022-04-22	1.86	1.86	1.87	1.86	24900.0
2022-04-25	1.85	1.85	1.87	1.86	21400.0
2022-04-26	1.84	1.84	1.87	1.86	20200.0
2022-04-27	1.84	1.83	1.85	1.84	34600.0
2022-04-28	1.83	1.82	1.85	1.84	29800.0
2022-04-29	1.83	1.82	1.86	1.84	363800.0
2022-05-03	1.84	1.8	1.84	1.83	53600.0
2022-05-05	1.81	1.8	1.82	1.8	63500.0
2022-05-06	1.8	1.74	1.8	1.74	33800.0
2022-05-09	1.74	1.73	1.77	1.77	4400.0
2022-05-10	1.74	1.7	1.78	1.76	23100.0
2022-05-11	1.76	1.76	1.79	1.76	39200.0
2022-05-12	1.76	1.73	1.76	1.74	18400.0
2022-05-13	1.75	1.65	1.81	1.65	33600.0
2022-05-17	1.69	1.68	1.81	1.77	31300.0
2022-05-18	1.77	1.77	1.83	1.82	19600.0
2022-05-19	1.79	1.77	1.83	1.8	26300.0
2022-05-20	1.83	1.77	1.9	1.84	46200.0
2022-05-23	1.85	1.83	1.85	1.83	75400.0
2022-05-24	1.84	1.83	1.85	1.83	48000.0
2022-05-25	1.88	1.84	1.88	1.87	28300.0
2022-05-26	1.85	1.81	1.86	1.85	54100.0
2022-05-27	1.85	1.83	1.87	1.85	19700.0
2022-05-30	1.86	1.85	1.87	1.87	89400.0
2022-05-31	1.88	1.87	1.88	1.88	73900.0
2022-06-01	1.89	1.88	1.97	1.9	255700.0
2022-06-02	1.9	1.88	1.93	1.89	91800.0
2022-06-06	1.88	1.88	2.02	1.9	396200.0
2022-06-07	1.91	1.91	2.16	2.02	2462700.0
2022-06-08	2.06	2.02	2.2	2.2	2584500.0
2022-06-09	2.26	2.08	2.42	2.08	6088400.0
2022-06-10	2.14	2.06	2.28	2.18	5141200.0
2022-06-13	2.16	2.06	2.24	2.08	2915800.0
2022-06-14	2.14	2.08	2.14	2.08	724500.0
2022-06-15	2.1	2.08	2.32	2.1	2535700.0
2022-06-16	2.12	1.99	2.28	2.0	6489900.0
2022-06-17	2.0	2.0	2.1	2.02	790200.0
2022-06-20	2.02	2.0	2.1	2.1	534700.0
2022-06-21	2.14	1.97	2.14	1.97	2069100.0
2022-06-22	1.98	1.92	1.98	1.96	592800.0
2022-06-23	2.0	1.93	2.0	1.98	264000.0
2022-06-24	1.97	1.91	1.98	1.93	546900.0
2022-06-27	1.92	1.9	1.93	1.91	410400.0
2022-06-28	1.94	1.9	1.95	1.9	248000.0
2022-06-29	1.9	1.9	1.94	1.94	118100.0
2022-06-30	1.94	1.9	1.95	1.94	152200.0
2022-07-01	1.91	1.91	1.94	1.92	54800.0
2022-07-04	1.92	1.88	1.93	1.9	85900.0
2022-07-05	1.93	1.84	2.0	1.84	254500.0
2022-07-06	1.83	1.81	1.9	1.87	205500.0
2022-07-07	1.83	1.83	1.9	1.88	9400.0
2022-07-08	1.9	1.84	2.02	1.88	522800.0
2022-07-11	1.88	1.8	1.88	1.85	71900.0
2022-07-12	1.87	1.85	1.9	1.86	71400.0
2022-07-14	1.83	1.83	1.89	1.85	41000.0
2022-07-15	1.87	1.82	1.87	1.83	245200.0
2022-07-18	1.87	1.84	1.9	1.88	18500.0
2022-07-19	1.86	1.86	1.92	1.87	62500.0
2022-07-20	1.87	1.86	1.98	1.89	331500.0
2022-07-21	1.92	1.89	1.92	1.9	7900.0
2022-07-22	1.9	1.89	1.92	1.92	29800.0
2022-07-25	1.87	1.86	1.92	1.9	9400.0
2022-07-26	1.87	1.85	1.9	1.88	57200.0
2022-07-27	1.88	1.84	1.89	1.89	10800.0
2022-08-01	1.87	1.86	1.9	1.87	39900.0
2022-08-02	1.86	1.86	1.89	1.87	10900.0
2022-08-03	1.86	1.85	1.9	1.9	42900.0
2022-08-04	1.9	1.85	1.91	1.89	23300.0
2022-08-05	1.87	1.86	1.91	1.9	84300.0
2022-08-08	1.9	1.88	1.91	1.91	11200.0
2022-08-09	1.92	1.92	2.02	1.98	786900.0
2022-08-10	2.0	1.94	2.0	1.98	134500.0
2022-08-11	1.98	1.97	1.99	1.98	7000.0
2022-08-15	2.0	1.93	2.0	1.96	34700.0
2022-08-16	1.96	1.94	2.02	1.96	124200.0
2022-08-17	1.98	1.98	2.02	2.0	49400.0
2022-08-18	2.0	1.97	2.0	1.97	50600.0
2022-08-19	1.99	1.96	1.99	1.99	57000.0
2022-08-22	1.99	1.95	1.99	1.98	20700.0
2022-08-23	1.98	1.98	2.0	2.0	66900.0
2022-08-24	2.0	1.98	2.0	2.0	31800.0
2022-08-25	2.0	1.97	2.02	2.02	36400.0
2022-08-26	2.0	1.96	2.0	1.96	71700.0
2022-08-29	1.99	1.99	2.04	2.0	237900.0
2022-08-30	2.02	1.99	2.02	2.02	161900.0
2022-08-31	2.0	2.0	2.06	2.02	230000.0
2022-09-01	2.02	1.98	2.06	2.0	181100.0
2022-09-02	2.02	1.96	2.02	2.0	75900.0
2022-09-05	2.0	2.0	2.16	2.0	1636400.0
2022-09-06	2.02	2.02	2.08	2.08	609300.0
2022-09-07	2.14	2.08	2.16	2.12	1406000.0
2022-09-08	2.1	2.1	2.18	2.16	1712600.0
2022-09-09	2.18	2.1	2.2	2.16	369800.0
2022-09-12	2.2	2.08	2.2	2.14	615100.0
2022-09-13	2.14	2.1	2.14	2.12	196300.0
2022-09-14	2.1	2.08	2.14	2.14	186000.0
2022-09-15	2.14	2.12	2.18	2.14	385600.0
2022-09-16	2.14	2.08	2.14	2.12	537700.0
2022-09-19	2.16	2.08	2.28	2.12	3233400.0
2022-09-20	2.12	2.04	2.16	2.06	890200.0
2022-09-21	2.08	2.06	2.14	2.1	297600.0
2022-09-22	2.1	2.08	2.12	2.12	160500.0
2022-09-23	2.12	2.06	2.16	2.12	156600.0
2022-09-26	2.1	2.08	2.12	2.08	273900.0
2022-09-27	2.06	2.06	2.14	2.14	292300.0
2022-09-28	2.16	2.08	2.16	2.1	76900.0
2022-09-29	2.1	2.08	2.36	2.2	11373700.0
2022-09-30	2.2	2.1	2.2	2.16	801900.0
2022-10-03	2.2	2.14	2.32	2.2	2109600.0
2022-10-04	2.22	2.18	2.28	2.2	519400.0
2022-10-05	2.22	2.22	2.36	2.24	2582300.0
2022-10-06	2.28	2.22	2.32	2.22	884000.0
2022-10-07	2.28	2.22	2.3	2.26	296400.0
2022-10-10	2.26	2.2	2.26	2.22	457700.0
2022-10-11	2.26	2.2	2.26	2.24	261000.0
2022-10-12	2.26	2.18	2.26	2.22	119300.0
2022-10-17	2.22	2.18	2.24	2.22	134700.0
2022-10-18	2.18	2.18	2.22	2.2	62400.0
2022-10-19	2.2	2.2	2.24	2.24	106800.0
2022-10-20	2.22	2.2	2.22	2.22	159700.0
2022-10-21	2.2	2.2	2.24	2.24	219900.0
2022-10-25	2.24	2.2	2.24	2.22	56300.0
2022-10-26	2.22	2.2	2.22	2.22	157100.0
2022-10-27	2.16	2.16	2.22	2.2	98900.0
2022-10-28	2.2	2.12	2.2	2.18	104700.0
2022-10-31	2.2	2.14	2.2	2.2	29100.0
2022-11-01	2.16	2.16	2.22	2.2	122300.0
2022-11-02	2.2	2.16	2.2	2.18	68600.0
2022-11-03	2.16	2.16	2.2	2.18	37000.0
2022-11-04	2.14	2.14	2.22	2.22	192000.0
2022-11-07	2.2	2.16	2.26	2.24	58200.0
2022-11-08	2.26	2.18	2.26	2.22	140000.0
2022-11-09	2.22	2.18	2.22	2.2	32900.0
2022-11-10	2.18	2.18	2.26	2.22	85300.0
2022-11-11	2.2	2.18	2.26	2.26	164200.0
2022-11-14	2.24	2.1	2.24	2.12	319300.0
2022-11-15	2.12	2.06	2.14	2.12	120500.0
2022-11-16	2.12	2.12	2.16	2.16	17000.0
2022-11-17	2.14	2.1	2.16	2.16	30300.0
2022-11-18	2.18	2.12	2.18	2.16	8900.0
2022-11-21	2.14	2.12	2.18	2.18	49800.0
2022-11-22	2.18	2.12	2.18	2.18	38200.0
2022-11-23	2.12	2.12	2.14	2.14	8900.0
2022-11-24	2.14	2.1	2.14	2.14	43000.0
2022-11-25	2.1	2.02	2.14	2.14	109900.0
2022-11-28	2.12	2.04	2.12	2.12	17700.0
2022-11-29	2.12	2.06	2.12	2.12	43200.0
2022-11-30	2.08	2.08	2.12	2.12	21500.0
2022-12-01	2.12	2.08	2.12	2.12	83700.0
2022-12-02	2.08	2.08	2.1	2.1	75000.0
2022-12-06	2.1	2.06	2.1	2.08	123900.0
2022-12-07	2.08	2.06	2.08	2.08	91500.0
2022-12-08	2.1	2.06	2.1	2.08	186300.0
2022-12-09	2.08	2.06	2.1	2.08	103000.0
2022-12-13	2.08	2.08	2.12	2.08	180500.0
2022-12-14	2.14	2.08	2.16	2.08	103500.0
2022-12-15	2.08	2.06	2.1	2.1	115300.0
2022-12-16	2.08	2.06	2.12	2.1	232500.0
2022-12-19	2.12	2.06	2.12	2.06	266000.0
2022-12-20	2.06	2.04	2.06	2.04	349200.0
2022-12-21	2.1	2.04	2.1	2.04	27400.0
2022-12-22	2.06	2.04	2.06	2.04	49600.0
2022-12-23	2.06	2.02	2.06	2.02	104200.0
2022-12-26	2.02	2.02	2.12	2.04	73100.0
2022-12-27	2.04	2.02	2.06	2.04	138600.0
2022-12-28	2.04	2.04	2.08	2.06	31900.0
2022-12-29	2.04	2.04	2.08	2.04	86300.0
2022-12-30	2.08	2.06	2.12	2.08	228200.0
