Date	Price Open	Price Low	Price High	Price Close	Volume
2018-10-30	11.7	11.5	12.3	11.6	158168500
2018-10-31	11.8	11.7	12.1	11.8	69722600
2018-11-01	11.9	11.9	12.6	12.4	105114800
2018-11-02	12.5	12.3	12.6	12.3	36237800
2018-11-05	12.2	12.1	12.4	12.2	19584900
2018-11-06	12.3	12.3	12.8	12.6	27620000
2018-11-07	12.5	12.1	12.6	12.3	18959900
2018-11-08	12.4	12.2	12.4	12.2	6246500
2018-11-09	12.2	11.9	12.2	11.9	10529500
2018-11-12	12.0	11.9	12.2	11.9	7530300
2018-11-13	11.9	11.8	12.1	12.0	6427200
2018-11-14	12.0	11.7	12.1	11.7	10921900
2018-11-15	11.7	11.7	11.9	11.8	5014900
2018-11-16	11.7	11.5	11.8	11.6	9792200
2018-11-19	11.6	11.6	11.7	11.6	1187600
2018-11-20	11.6	11.5	11.6	11.6	2738800
2018-11-21	11.6	11.5	11.8	11.7	2686200
2018-11-22	11.7	11.6	12.0	11.6	5236400
2018-11-23	11.6	11.6	11.9	11.6	2326000
2018-11-26	11.7	11.5	11.7	11.6	1680200
2018-11-27	11.7	11.6	11.7	11.6	758000
2018-11-28	11.6	11.6	11.9	11.7	3885100
2018-11-29	11.7	11.6	11.8	11.6	3078500
2018-11-30	11.6	11.5	11.7	11.5	1141800
2018-12-03	11.6	11.5	11.6	11.5	1631300
2018-12-04	11.6	11.6	12.0	11.9	12683600
2018-12-06	11.7	11.7	11.8	11.8	2489700
2018-12-07	11.7	11.7	11.9	11.8	1796300
2018-12-11	11.8	11.8	12.1	12.0	8896200
2018-12-12	12.0	12.0	12.3	12.1	7124200
2018-12-13	12.1	11.9	12.2	12.0	3999900
2018-12-14	11.9	11.8	12.0	11.8	2002900
2018-12-17	11.8	11.8	11.9	11.8	703100
2018-12-18	11.8	11.6	11.9	11.7	3733700
2018-12-19	11.7	11.6	11.8	11.7	1371900
2018-12-20	11.7	11.6	11.8	11.8	2442300
2018-12-21	11.7	11.6	11.8	11.6	1179400
2018-12-24	11.7	11.5	11.7	11.7	998100
2018-12-25	11.6	11.5	11.6	11.5	3102200
2018-12-26	11.5	11.5	11.6	11.5	403000
2018-12-27	11.6	11.1	11.6	11.2	2886200
2018-12-28	11.2	11.1	11.3	11.2	868200
2019-01-02	11.2	11.2	11.5	11.2	225700
2019-01-03	11.3	11.2	11.4	11.2	147400
2019-01-04	11.2	11.2	11.3	11.2	193800
2019-01-07	11.3	11.2	11.4	11.3	676500
2019-01-08	11.3	11.3	11.4	11.4	437300
2019-01-09	11.4	11.2	11.4	11.3	1207900
2019-01-10	11.0	10.6	11.2	10.8	2476000
2019-01-11	10.7	10.5	10.7	10.6	1614600
2019-01-14	10.7	10.5	10.7	10.5	997100
2019-01-15	10.5	10.0	10.5	10.1	1363500
2019-01-16	10.1	9.95	10.1	10.0	925400
2019-01-17	10.0	10.0	10.2	10.0	483600
2019-01-18	10.0	10.0	10.2	10.1	155000
2019-01-21	10.1	10.0	10.1	10.0	340500
2019-01-22	10.0	9.95	10.6	10.5	2354000
2019-01-23	10.5	10.4	10.9	10.9	1679500
2019-01-24	10.9	10.7	10.9	10.9	494300
2019-01-25	10.8	10.7	10.9	10.7	558300
2019-01-28	10.7	10.6	10.8	10.6	244500
2019-01-29	10.6	10.5	10.7	10.6	235800
2019-01-30	10.4	10.4	10.6	10.5	293400
2019-01-31	10.5	10.5	10.8	10.6	557500
2019-02-01	10.7	10.6	10.9	10.7	407900
2019-02-04	10.9	10.7	10.9	10.9	221100
2019-02-05	10.8	10.7	10.9	10.8	214000
2019-02-06	10.8	10.7	11.3	11.2	1686100
2019-02-07	11.3	11.3	11.6	11.6	3236800
2019-02-08	12.0	11.7	12.2	12.0	13989900
2019-02-11	11.3	11.2	11.6	11.6	3195900
2019-02-12	11.4	11.4	11.6	11.6	1308400
2019-02-13	11.6	11.4	11.7	11.7	1183000
2019-02-14	11.6	11.5	11.7	11.5	961100
2019-02-15	11.6	11.4	11.6	11.4	426400
2019-02-18	11.5	11.4	11.5	11.4	139600
2019-02-20	11.4	11.2	11.5	11.4	893300
2019-02-21	11.4	11.3	11.5	11.4	360000
2019-02-22	11.4	11.2	11.4	11.4	352100
2019-02-25	11.4	11.3	11.8	11.6	1838300
2019-02-26	11.6	11.3	11.6	11.3	1123600
2019-02-27	11.4	11.1	11.4	11.3	1657400
2019-02-28	11.3	11.2	11.4	11.2	298400
2019-03-01	11.2	10.9	11.2	11.1	752600
2019-03-04	11.1	10.8	11.1	11.0	626100
2019-03-05	11.0	10.8	11.1	11.0	950800
2019-03-06	11.0	10.9	11.0	10.9	258300
2019-03-07	11.0	10.8	11.0	11.0	240300
2019-03-08	11.1	11.0	11.2	11.0	145300
2019-03-11	11.2	11.0	11.2	11.1	351700
2019-03-12	11.1	11.0	11.2	11.1	285600
2019-03-13	11.1	10.9	11.2	11.1	1410500
2019-03-14	11.1	11.1	11.4	11.3	767900
2019-03-15	11.4	11.1	11.4	11.1	127700
2019-03-18	11.2	11.1	11.2	11.1	237500
2019-03-19	11.1	11.1	11.4	11.3	212600
2019-03-20	11.3	11.1	11.3	11.2	157100
2019-03-21	11.1	11.1	11.4	11.3	1557400
2019-03-22	11.4	11.1	11.4	11.2	380000
2019-03-25	11.0	10.6	11.2	10.9	2105000
2019-03-26	10.8	10.7	10.9	10.9	189400
2019-03-27	10.9	10.8	11.0	10.8	237700
2019-03-28	10.9	10.8	10.9	10.9	446300
2019-03-29	10.9	10.9	11.0	10.9	38800
2019-04-01	10.9	10.9	11.0	11.0	44400
2019-04-02	11.0	10.9	11.0	10.9	211000
2019-04-03	11.0	10.9	11.0	11.0	83500
2019-04-04	10.9	10.9	11.0	10.9	205800
2019-04-05	10.9	10.9	11.0	10.9	128800
2019-04-09	10.9	10.8	11.0	10.9	151600
2019-04-10	10.9	10.9	11.0	10.9	68400
2019-04-11	11.0	10.9	11.0	10.9	59100
2019-04-12	10.9	10.9	11.0	10.9	68000
2019-04-17	11.0	10.8	11.0	10.9	329900
2019-04-18	10.9	10.8	11.0	10.9	585200
2019-04-19	10.9	10.8	10.9	10.8	357200
2019-04-22	10.8	10.7	10.9	10.8	203300
2019-04-23	10.8	10.8	10.9	10.8	276000
2019-04-24	10.8	10.8	10.9	10.9	108100
2019-04-25	10.8	10.8	10.9	10.9	70200
2019-04-26	10.8	10.8	10.9	10.8	279400
2019-04-29	10.8	10.8	10.9	10.8	409400
2019-04-30	10.8	10.7	10.8	10.7	598500
2019-05-02	10.8	10.5	10.8	10.6	2030300
2019-05-03	10.6	10.5	10.6	10.5	280500
2019-05-07	10.5	10.3	10.5	10.4	481600
2019-05-08	10.4	10.2	10.5	10.4	1816200
2019-05-09	10.4	10.3	10.4	10.4	302700
2019-05-10	10.5	10.4	10.6	10.5	388400
2019-05-13	10.5	10.4	10.6	10.6	828100
2019-05-14	10.5	10.4	10.6	10.5	600300
2019-05-15	10.9	10.6	10.9	10.7	1017300
2019-05-16	10.7	10.6	10.8	10.6	864000
2019-05-17	10.7	10.6	10.7	10.6	115900
2019-05-21	10.5	10.5	10.6	10.6	145600
2019-05-22	10.5	10.5	10.6	10.5	141000
2019-05-23	10.6	10.5	10.6	10.5	240900
2019-05-24	10.5	10.4	10.5	10.4	393100
2019-05-27	10.5	10.4	10.5	10.4	191100
2019-05-28	10.5	10.3	10.5	10.4	397400
2019-05-29	10.4	10.4	10.5	10.4	128700
2019-05-30	10.5	10.4	10.5	10.4	25300
2019-05-31	10.4	10.3	10.5	10.4	94300
2019-06-04	10.5	10.3	10.5	10.3	528300
2019-06-05	10.4	10.2	10.4	10.3	1357500
2019-06-06	10.4	10.3	10.8	10.6	2332800
2019-06-07	10.6	10.4	10.7	10.6	2152000
2019-06-10	10.6	10.5	10.7	10.5	697500
2019-06-11	10.5	10.5	10.7	10.7	533800
2019-06-12	10.7	10.5	10.7	10.6	398800
2019-06-13	10.6	10.4	10.6	10.5	649600
2019-06-14	10.5	10.5	10.8	10.8	1368900
2019-06-17	10.7	10.7	10.8	10.8	1178400
2019-06-18	10.8	10.7	11.0	10.9	1233300
2019-06-19	11.0	10.8	11.1	10.9	1683100
2019-06-20	10.9	10.8	11.1	11.0	859300
2019-06-21	11.0	10.9	11.1	10.9	1072500
2019-06-24	11.0	10.8	11.0	10.8	260200
2019-06-25	10.9	10.8	10.9	10.8	383600
2019-06-26	10.8	10.7	10.9	10.7	428800
2019-06-27	10.7	10.6	10.8	10.6	483500
2019-06-28	10.6	10.6	10.7	10.7	855500
2019-07-01	10.7	10.6	10.7	10.7	621500
2019-07-02	10.6	10.6	10.7	10.7	573000
2019-07-03	10.8	10.7	10.8	10.8	458100
2019-07-04	10.9	10.6	10.9	10.6	635000
2019-07-05	10.6	10.6	10.7	10.7	649400
2019-07-08	10.7	10.6	10.8	10.7	295700
2019-07-09	10.7	10.7	10.8	10.7	327500
2019-07-10	10.7	10.7	10.8	10.7	426900
2019-07-11	10.8	10.8	10.9	10.8	168400
2019-07-12	10.9	10.8	11.0	10.8	682300
2019-07-15	10.8	10.7	10.9	10.9	190400
2019-07-17	10.8	10.7	10.9	10.8	148400
2019-07-18	10.8	10.7	10.8	10.8	69400
2019-07-19	10.9	10.9	11.2	10.9	1513500
2019-07-22	10.9	10.8	10.9	10.9	360700
2019-07-23	10.8	10.8	10.9	10.8	72200
2019-07-24	10.9	10.7	11.4	11.4	2318700
2019-07-25	11.3	11.2	11.4	11.3	2028800
2019-07-26	11.4	11.2	11.6	11.5	2711200
2019-07-30	11.5	11.3	11.5	11.3	911600
2019-07-31	11.3	11.2	11.4	11.3	385400
2019-08-01	11.2	11.0	11.2	11.1	598200
2019-08-02	10.8	10.8	11.1	11.1	791500
2019-08-05	11.0	10.8	11.0	10.8	725100
2019-08-06	10.8	10.7	11.0	11.0	439700
2019-08-07	10.9	10.8	11.0	11.0	313900
2019-08-08	10.9	10.9	11.0	10.9	335800
2019-08-09	10.9	10.7	10.9	10.7	1101900
2019-08-13	10.7	10.5	10.7	10.6	540000
2019-08-14	10.6	10.1	10.6	10.3	1598500
2019-08-15	10.2	10.1	10.4	10.2	566100
2019-08-16	10.3	10.2	10.4	10.4	344300
2019-08-19	10.4	10.2	10.4	10.3	288300
2019-08-20	10.4	10.2	10.4	10.2	229900
2019-08-21	10.2	10.2	10.4	10.3	471500
2019-08-22	10.3	10.2	10.4	10.3	222000
2019-08-23	10.3	10.3	10.4	10.4	121000
2019-08-26	10.2	10.1	10.2	10.2	556200
2019-08-27	10.3	10.1	10.3	10.2	462600
2019-08-28	10.2	10.1	10.3	10.1	395400
2019-08-29	10.2	10.1	10.2	10.2	414600
2019-08-30	10.2	10.2	10.3	10.2	364500
2019-09-02	10.3	10.2	10.3	10.3	204900
2019-09-03	10.3	10.1	10.3	10.2	1448600
2019-09-04	10.2	10.1	10.2	10.1	986200
2019-09-05	10.1	9.9	10.2	9.95	4002900
2019-09-06	9.95	9.9	10.0	9.95	1014600
2019-09-09	9.95	9.6	9.95	9.65	2331400
2019-09-10	9.65	9.55	9.8	9.65	1132700
2019-09-11	9.75	9.6	9.75	9.7	1198400
2019-09-12	9.8	9.55	9.8	9.55	1373700
2019-09-13	9.55	9.5	9.65	9.5	1465100
2019-09-16	9.5	9.4	9.65	9.5	1090800
2019-09-17	9.5	9.5	9.7	9.55	766700
2019-09-18	9.6	9.5	9.6	9.55	221700
2019-09-19	9.55	9.35	9.55	9.35	1344400
2019-09-20	9.35	9.35	9.45	9.35	380000
2019-09-23	9.35	9.1	9.35	9.1	626600
2019-09-24	9.2	8.9	9.2	8.9	1654000
2019-09-25	8.95	8.85	9.0	8.9	315900
2019-09-26	8.95	8.75	9.05	8.85	1170600
2019-09-27	8.85	8.8	9.0	8.85	529900
2019-09-30	8.9	8.85	8.95	8.85	577100
2019-10-01	8.9	8.75	8.9	8.8	497400
2019-10-02	8.8	8.8	8.9	8.8	582700
2019-10-03	8.8	8.65	8.8	8.75	330200
2019-10-04	8.7	8.4	8.8	8.5	1438200
2019-10-07	8.5	8.5	8.55	8.5	337800
2019-10-08	8.55	8.45	8.55	8.5	339100
2019-10-09	8.55	8.4	8.55	8.45	450800
2019-10-10	8.45	8.45	8.55	8.5	292200
2019-10-11	8.5	8.45	8.65	8.65	438700
2019-10-15	8.7	8.65	8.7	8.65	188700
2019-10-16	8.65	8.45	8.7	8.55	717600
2019-10-17	8.6	8.55	8.65	8.6	285200
2019-10-18	8.6	8.4	8.6	8.5	1093400
2019-10-21	8.45	8.45	8.5	8.45	81800
2019-10-22	8.45	8.45	8.65	8.65	310300
2019-10-24	8.65	8.5	8.65	8.5	431400
2019-10-25	8.55	8.35	8.55	8.4	402200
2019-10-28	8.4	8.3	8.45	8.4	284400
2019-10-29	8.4	8.35	8.45	8.4	373000
2019-10-30	8.4	8.35	8.45	8.4	231900
2019-10-31	8.4	8.35	8.6	8.35	609400
2019-11-01	8.4	8.35	8.45	8.35	174900
2019-11-04	8.35	8.35	8.5	8.45	319700
2019-11-05	8.45	8.4	8.55	8.45	136800
2019-11-06	8.45	8.45	8.7	8.6	648000
2019-11-07	8.7	8.65	9.2	9.1	2523900
2019-11-08	9.05	9.05	9.45	9.1	1644500
2019-11-11	9.2	9.1	9.3	9.1	523600
2019-11-12	9.25	9.15	9.3	9.2	505900
2019-11-13	9.2	9.05	9.2	9.1	661100
2019-11-14	9.15	9.05	9.2	9.05	130500
2019-11-15	9.15	8.75	9.15	8.75	442700
2019-11-18	8.75	8.7	8.8	8.8	195300
2019-11-19	8.8	8.75	8.8	8.75	126900
2019-11-20	8.8	8.65	8.85	8.65	195400
2019-11-21	8.65	8.6	8.75	8.6	117300
2019-11-22	8.6	8.55	8.7	8.7	162200
2019-11-25	8.7	8.65	8.8	8.7	516000
2019-11-26	8.75	8.6	8.75	8.65	101500
2019-11-27	8.7	8.65	8.8	8.7	203500
2019-11-28	8.7	8.6	8.7	8.65	576800
2019-11-29	8.6	8.6	8.7	8.6	239300
2019-12-02	8.6	8.55	8.65	8.6	382400
2019-12-03	8.6	8.5	8.6	8.5	255200
2019-12-04	8.55	8.45	8.55	8.55	152500
2019-12-06	8.5	8.5	8.55	8.5	58300
2019-12-09	8.5	8.35	8.5	8.35	492000
2019-12-11	8.35	8.3	8.35	8.35	486300
2019-12-12	8.35	8.3	8.4	8.35	565200
2019-12-13	8.35	8.35	8.45	8.4	160700
2019-12-16	8.4	8.3	8.4	8.35	174400
2019-12-17	8.4	8.3	8.4	8.3	557400
2019-12-18	8.3	8.25	8.4	8.3	364500
2019-12-19	8.3	8.05	8.3	8.1	1700400
2019-12-20	8.1	8.05	8.15	8.1	167200
2019-12-23	8.1	7.95	8.1	8.0	1991700
2019-12-24	8.0	7.95	8.05	8.0	295500
2019-12-25	8.0	7.95	8.05	8.0	154700
2019-12-26	8.0	7.8	8.0	7.9	1214300
2019-12-27	7.9	7.85	8.0	7.9	503000
2019-12-30	7.95	7.85	8.0	7.85	349800
2020-01-02	8.0	7.95	8.25	8.2	494400
2020-01-03	8.3	8.3	8.45	8.3	802600
2020-01-06	8.25	8.15	8.3	8.15	773900
2020-01-07	8.15	8.15	8.35	8.35	274100
2020-01-08	8.15	8.15	8.25	8.15	198400
2020-01-09	8.2	8.2	8.25	8.2	104700
2020-01-10	8.25	8.2	8.25	8.2	123400
2020-01-13	8.2	8.2	8.25	8.25	273800
2020-01-14	8.25	8.15	8.25	8.2	375500
2020-01-15	8.2	8.05	8.2	8.1	385700
2020-01-16	8.15	8.05	8.2	8.1	148600
2020-01-17	8.1	8.05	8.1	8.05	354500
2020-01-20	8.05	8.0	8.15	8.0	222700
2020-01-21	8.0	8.0	8.1	8.05	141900
2020-01-22	8.05	8.0	8.1	8.05	22400
2020-01-23	8.1	8.0	8.1	8.0	168500
2020-01-24	8.1	8.05	8.15	8.1	104600
2020-01-27	8.05	8.0	8.05	8.0	453800
2020-01-28	7.95	7.95	8.05	7.95	139800
2020-01-29	8.0	7.95	8.05	8.0	111000
2020-01-30	7.95	7.95	8.0	8.0	62100
2020-01-31	8.0	7.95	8.0	7.95	138500
2020-02-03	7.95	7.85	8.0	7.85	190300
2020-02-04	7.85	7.85	8.0	8.0	65800
2020-02-05	7.95	7.9	8.0	7.9	176300
2020-02-06	7.9	7.9	8.0	8.0	113900
2020-02-07	8.0	7.95	8.05	8.0	101900
2020-02-11	8.05	7.9	8.05	7.9	120200
2020-02-12	8.0	7.95	8.05	8.0	88500
2020-02-13	8.05	7.85	8.05	7.85	383400
2020-02-14	7.9	7.8	7.95	7.9	1051400
2020-02-17	7.9	7.85	7.95	7.9	106100
2020-02-18	7.85	7.8	7.9	7.9	179800
2020-02-19	7.95	7.85	8.0	7.9	557500
2020-02-20	7.95	7.8	7.95	7.85	294400
2020-02-21	7.85	7.85	7.9	7.9	191700
2020-02-24	7.85	7.65	7.9	7.7	657000
2020-02-25	7.6	7.3	7.65	7.6	597300
2020-02-26	7.6	7.3	7.6	7.35	433800
2020-02-27	7.15	7.05	7.3	7.25	619300
2020-02-28	7.1	7.05	7.35	7.25	217200
2020-03-02	7.2	7.2	7.4	7.3	797100
2020-03-03	7.5	7.4	7.55	7.55	830100
2020-03-04	7.55	7.5	7.65	7.6	109600
2020-03-05	7.55	7.55	7.7	7.65	114900
2020-03-06	7.6	7.3	7.6	7.55	284800
2020-03-09	7.45	7.45	7.55	7.55	1121800
2020-03-10	7.45	7.45	7.6	7.55	191300
2020-03-11	7.5	7.3	7.55	7.3	501300
2020-03-12	7.1	6.7	7.3	6.7	1452700
2020-03-13	6.2	5.5	6.55	6.35	1572100
2020-03-16	6.45	6.1	6.5	6.15	487900
2020-03-17	6.15	6.05	6.15	6.15	431500
2020-03-18	6.2	6.2	6.45	6.2	121400
2020-03-19	6.1	6.05	6.25	6.2	185800
2020-03-20	6.2	6.15	6.7	6.35	450600
2020-03-23	6.15	6.1	6.4	6.1	259700
2020-03-24	6.2	6.0	6.2	6.05	375500
2020-03-25	6.1	6.1	6.3	6.2	282700
2020-03-26	6.25	6.15	6.25	6.2	271100
2020-03-27	6.15	6.15	6.25	6.2	319900
2020-03-30	6.2	6.15	6.2	6.2	55000
2020-03-31	6.2	6.15	6.25	6.25	240400
2020-04-01	6.25	6.2	6.25	6.25	117800
2020-04-02	6.25	6.15	6.25	6.2	197300
2020-04-03	6.2	6.15	6.2	6.2	141500
2020-04-07	6.25	6.2	6.55	6.4	483400
2020-04-08	6.4	6.2	6.4	6.3	545400
2020-04-09	6.3	6.05	6.35	6.25	5847800
2020-04-10	6.25	6.15	6.3	6.2	919800
2020-04-13	6.25	6.25	6.95	6.95	1903200
2020-04-14	7.05	6.85	7.25	7.25	1403300
2020-04-15	7.25	6.9	7.25	6.95	1938200
2020-04-16	6.9	6.6	6.9	6.6	563700
2020-04-17	6.7	6.55	6.8	6.7	681500
2020-04-20	6.75	6.6	6.75	6.6	733600
2020-04-21	6.65	6.55	6.9	6.75	372800
2020-04-22	6.8	6.65	6.8	6.75	171300
2020-04-23	6.7	6.65	6.75	6.7	533500
2020-04-24	6.7	6.55	6.7	6.65	913300
2020-04-27	6.65	6.6	6.7	6.6	1076800
2020-04-28	6.65	6.65	6.85	6.75	479400
2020-04-29	6.8	6.75	7.0	6.9	1059500
2020-04-30	6.95	6.7	6.95	6.9	1844400
2020-05-05	6.9	6.65	6.95	6.8	1599800
2020-05-07	6.75	6.5	6.8	6.6	1011200
2020-05-08	6.6	6.5	6.65	6.6	572400
2020-05-11	6.6	6.6	6.95	6.75	782900
2020-05-12	6.8	6.75	6.85	6.8	666500
2020-05-13	6.75	6.75	6.85	6.8	344000
2020-05-14	6.8	6.75	6.9	6.75	192500
2020-05-15	6.75	6.7	6.75	6.75	253100
2020-05-18	6.75	6.6	6.75	6.65	404200
2020-05-19	6.65	6.55	6.7	6.55	751500
2020-05-20	6.65	6.65	6.7	6.7	558700
2020-05-21	6.7	6.65	6.75	6.7	369200
2020-05-22	6.7	6.6	6.7	6.7	1074100
2020-05-25	6.65	6.65	6.75	6.7	897500
2020-05-26	6.7	6.65	6.75	6.7	1276200
2020-05-27	6.7	6.7	6.8	6.75	1561700
2020-05-28	6.8	6.8	7.05	6.95	3218800
2020-05-29	6.95	6.8	6.95	6.8	780800
2020-06-01	6.8	6.8	7.3	7.0	3982100
2020-06-02	7.0	6.95	7.1	7.05	1595600
2020-06-04	7.2	7.05	7.2	7.1	1836100
2020-06-05	7.1	7.05	7.2	7.1	1681100
2020-06-08	7.05	7.05	7.25	7.1	2100200
2020-06-09	7.15	7.1	7.4	7.1	2410800
2020-06-10	7.2	7.05	7.2	7.1	609500
2020-06-11	7.1	6.95	7.15	6.95	1089500
2020-06-12	6.8	6.75	6.95	6.9	770100
2020-06-15	6.9	6.7	6.9	6.7	823400
2020-06-16	6.75	6.75	6.85	6.8	298000
2020-06-17	6.75	6.75	6.9	6.9	309600
2020-06-18	6.9	6.85	7.0	7.0	210800
2020-06-19	7.05	7.0	7.05	7.0	168900
2020-06-22	7.0	7.0	7.1	7.0	790300
2020-06-23	7.05	6.95	7.05	7.0	274900
2020-06-24	7.05	6.8	7.05	6.8	713900
2020-06-25	6.75	6.7	6.95	6.95	413900
2020-06-26	6.9	6.85	6.95	6.85	596700
2020-06-29	6.8	6.8	6.9	6.9	100000
2020-06-30	6.9	6.85	6.95	6.9	178900
2020-07-01	6.9	6.85	6.9	6.9	94600
2020-07-02	6.9	6.85	7.0	6.9	82800
2020-07-03	6.9	6.85	7.0	6.9	286500
2020-07-07	6.95	6.85	6.95	6.85	323300
2020-07-08	6.85	6.8	6.85	6.85	287300
2020-07-09	6.85	6.8	6.85	6.85	112800
2020-07-10	6.85	6.75	6.85	6.8	243100
2020-07-13	6.85	6.75	6.9	6.8	328200
2020-07-14	6.8	6.75	6.85	6.75	261300
2020-07-15	6.75	6.75	6.8	6.8	321300
2020-07-16	6.8	6.7	6.8	6.75	645600
2020-07-17	6.75	6.65	6.75	6.75	284000
2020-07-20	6.75	6.75	6.85	6.8	363100
2020-07-21	6.8	6.7	6.9	6.9	524500
2020-07-22	6.9	6.8	6.9	6.85	114300
2020-07-23	6.85	6.8	6.9	6.85	252500
2020-07-24	6.85	6.8	6.85	6.8	192900
2020-07-29	6.85	6.75	6.85	6.8	144900
2020-07-30	6.8	6.7	6.8	6.75	271800
2020-07-31	6.75	6.7	6.75	6.75	156400
2020-08-03	6.75	6.65	6.8	6.75	293200
2020-08-04	6.75	6.75	6.8	6.75	64800
2020-08-05	6.75	6.7	6.8	6.75	34200
2020-08-06	6.75	6.55	6.75	6.6	1352800
2020-08-07	6.6	6.55	6.65	6.6	105700
2020-08-10	6.6	6.5	6.6	6.5	344800
2020-08-11	6.5	6.5	6.6	6.5	492700
2020-08-13	6.65	6.55	6.8	6.6	1341100
2020-08-14	6.65	6.45	6.65	6.55	1525700
2020-08-17	6.5	6.45	6.55	6.5	245400
2020-08-18	6.5	6.5	6.55	6.55	155200
2020-08-19	6.5	6.45	6.55	6.45	316800
2020-08-20	6.45	6.35	6.45	6.35	600100
2020-08-21	6.35	6.3	6.45	6.4	378600
2020-08-24	6.45	6.45	6.55	6.55	395700
2020-08-25	6.6	6.55	6.7	6.65	360900
2020-08-26	6.65	6.6	6.7	6.6	213800
2020-08-27	6.6	6.6	6.75	6.6	651700
2020-08-28	6.6	6.6	6.75	6.6	363000
2020-08-31	6.65	6.6	6.8	6.6	738000
2020-09-01	6.65	6.65	6.75	6.65	497100
2020-09-02	6.7	6.6	6.7	6.65	94800
2020-09-03	6.7	6.65	6.7	6.7	268700
2020-09-08	6.65	6.6	6.7	6.6	186300
2020-09-09	6.65	6.55	6.65	6.65	208500
2020-09-10	6.7	6.65	6.75	6.65	381400
2020-09-11	6.65	6.45	6.65	6.55	922600
2020-09-14	6.5	6.5	6.6	6.5	277200
2020-09-15	6.55	6.5	6.6	6.5	147700
2020-09-16	6.55	6.55	6.6	6.6	186800
2020-09-17	6.6	6.6	6.65	6.65	32100
2020-09-18	6.6	6.55	6.7	6.6	190600
2020-09-21	6.6	6.6	6.65	6.6	205400
2020-09-22	6.6	6.6	6.65	6.65	114100
2020-09-23	6.65	6.6	6.65	6.65	63100
2020-09-24	6.65	6.5	6.65	6.55	362100
2020-09-25	6.55	6.45	6.6	6.45	519600
2020-09-28	6.5	6.45	6.55	6.5	247300
2020-09-29	6.55	6.45	6.55	6.55	163800
2020-09-30	6.6	6.6	7.15	7.0	2486800
2020-10-01	7.05	6.95	7.15	7.1	1012500
2020-10-02	7.1	6.85	7.1	6.85	667000
2020-10-05	6.95	6.9	7.05	6.95	752700
2020-10-06	7.0	6.95	7.05	6.95	597500
2020-10-07	7.1	6.95	7.1	7.05	371100
2020-10-08	7.05	6.95	7.05	7.0	337200
2020-10-09	7.0	6.65	7.4	7.35	6689700
2020-10-12	7.5	7.35	7.55	7.45	2310100
2020-10-14	7.45	7.1	7.45	7.3	1073200
2020-10-15	7.25	7.15	7.3	7.2	673700
2020-10-16	7.2	6.95	7.25	7.05	904800
2020-10-19	6.9	6.8	7.0	6.8	672100
2020-10-20	6.8	6.8	6.95	6.85	272200
2020-10-21	6.95	6.95	7.25	7.25	798900
2020-10-22	7.25	7.15	7.95	7.75	6363700
2020-10-26	7.75	7.55	7.85	7.7	1409300
2020-10-27	7.65	7.55	7.95	7.95	1149700
2020-10-28	7.95	7.95	8.5	8.35	7992200
2020-10-29	8.3	8.25	8.5	8.5	3407800
2020-10-30	8.65	8.3	8.7	8.45	2086000
2020-11-02	8.45	8.35	8.5	8.35	481200
2020-11-03	8.35	8.1	8.45	8.1	681000
2020-11-04	8.15	7.85	8.2	8.2	1503000
2020-11-05	8.25	8.2	8.4	8.4	2018800
2020-11-06	8.45	8.1	8.45	8.2	750300
2020-11-09	8.2	8.15	8.3	8.25	504000
2020-11-10	8.35	8.2	8.4	8.4	1271100
2020-11-11	8.4	8.4	8.85	8.65	5101500
2020-11-12	8.7	8.65	8.9	8.85	3473500
2020-11-13	8.7	8.5	8.7	8.55	3366800
2020-11-16	8.6	8.5	8.7	8.5	1414800
2020-11-17	8.7	8.55	8.8	8.75	1448800
2020-11-18	8.75	8.65	8.8	8.75	547600
2020-11-19	8.85	8.7	9.1	9.1	3712200
2020-11-20	9.35	9.15	9.4	9.15	5247700
2020-11-23	9.3	9.2	9.45	9.3	3170200
2020-11-24	9.35	9.2	9.4	9.25	814600
2020-11-25	9.3	9.1	9.4	9.4	1557400
2020-11-26	9.4	9.35	9.9	9.85	3735100
2020-11-27	9.9	9.7	9.9	9.7	913800
2020-11-30	9.7	9.6	9.85	9.65	1468300
2020-12-01	9.65	9.6	9.85	9.7	1799600
2020-12-02	9.75	9.5	9.8	9.5	861000
2020-12-03	9.55	9.3	9.6	9.4	1351600
2020-12-04	9.35	9.25	9.5	9.3	2168900
2020-12-08	9.45	9.35	9.6	9.6	523600
2020-12-09	9.55	9.15	9.6	9.2	2319000
2020-12-14	9.5	9.25	9.5	9.25	792000
2020-12-15	9.4	9.3	9.6	9.6	1340600
2020-12-16	9.7	9.45	9.7	9.45	1611200
2020-12-17	9.5	9.4	9.5	9.4	465100
2020-12-18	9.4	9.35	9.55	9.35	618100
2020-12-21	9.25	8.75	9.7	8.75	2491400
2020-12-22	8.7	8.7	9.2	9.05	841200
2020-12-23	9.0	8.85	9.4	9.4	2258900
2020-12-24	9.4	9.25	9.6	9.25	2635500
2020-12-25	9.3	9.15	9.4	9.2	407900
2020-12-28	9.25	9.05	9.4	9.1	1019200
2020-12-29	8.95	8.95	9.15	9.15	248300
2020-12-30	9.15	8.95	9.2	9.0	467300
2021-01-04	8.9	8.85	9.0	8.9	541300
2021-01-05	8.9	8.9	9.3	9.3	1718800
2021-01-06	9.35	9.1	9.4	9.25	589900
2021-01-07	9.15	8.95	9.2	9.15	1156300
2021-01-08	9.15	8.95	9.35	9.05	1089500
2021-01-11	9.25	9.15	9.6	9.35	4344000
2021-01-12	9.35	9.2	9.55	9.45	2928300
2021-01-13	9.55	9.3	9.55	9.3	558000
2021-01-14	9.3	9.15	9.35	9.3	676300
2021-01-15	9.4	9.15	9.4	9.3	517300
2021-01-18	9.25	9.2	9.3	9.25	220200
2021-01-19	9.25	9.1	9.3	9.15	501500
2021-01-20	9.25	9.15	9.4	9.3	1503800
2021-01-21	9.35	9.25	9.4	9.35	531700
2021-01-22	9.4	9.15	9.5	9.35	1918400
2021-01-25	9.45	9.2	9.45	9.25	343200
2021-01-26	9.25	9.15	9.25	9.2	219300
2021-01-27	9.2	9.2	9.45	9.4	1797100
2021-01-28	9.35	9.25	9.35	9.25	841600
2021-01-29	9.25	9.2	10.1	10.1	12410200
2021-02-01	10.1	9.9	10.1	9.95	2924500
2021-02-02	9.95	9.45	10.0	9.7	6203000
2021-02-03	9.7	9.7	10.2	9.95	4597100
2021-02-04	9.9	9.9	10.4	10.2	5278200
2021-02-05	10.2	9.85	10.3	9.85	2620100
2021-02-08	9.95	9.95	10.2	10.0	1629300
2021-02-09	10.2	9.95	10.2	9.95	1666100
2021-02-10	9.95	9.95	10.1	9.95	563000
2021-02-11	10.0	9.95	10.1	10.0	577700
2021-02-15	10.1	9.75	10.1	9.9	955900
2021-02-16	9.9	9.65	9.9	9.75	1338500
2021-02-17	10.0	9.85	10.1	9.9	2636600
2021-02-18	9.9	9.8	9.9	9.8	405000
2021-02-19	9.9	9.7	9.9	9.85	904200
2021-02-22	9.85	9.55	9.9	9.55	1563700
2021-02-23	9.6	9.6	9.75	9.7	630200
2021-02-24	9.8	9.6	9.85	9.6	936800
2021-02-25	9.6	9.6	9.75	9.6	393500
2021-03-01	9.5	9.4	9.65	9.6	740900
2021-03-02	9.6	9.35	9.75	9.5	876200
2021-03-03	9.5	9.45	9.6	9.6	217400
2021-03-04	9.6	9.6	9.75	9.7	342800
2021-03-05	9.75	9.5	9.95	9.85	4232300
2021-03-08	9.95	9.8	10.0	9.85	1776900
2021-03-09	9.85	9.7	9.85	9.8	828800
2021-03-10	9.8	9.8	10.1	9.85	4100800
2021-03-11	9.95	9.7	9.95	9.75	1002300
2021-03-12	9.75	9.7	9.85	9.7	775400
2021-03-15	9.7	9.7	9.8	9.8	283600
2021-03-16	9.85	9.75	9.9	9.8	322500
2021-03-17	9.8	9.8	10.3	10.2	5460800
2021-03-18	10.4	10.0	10.5	10.0	2591200
2021-03-19	10.0	9.9	10.1	10.0	870500
2021-03-22	10.0	9.85	10.1	9.85	1055300
2021-03-23	9.9	9.75	9.9	9.75	1169500
2021-03-24	9.75	9.7	9.85	9.75	470800
2021-03-25	9.8	9.65	9.85	9.7	925600
2021-03-26	9.7	9.6	9.75	9.65	1542200
2021-03-29	9.65	9.6	9.7	9.65	1354300
2021-03-30	9.65	9.6	9.75	9.7	643900
2021-03-31	9.7	9.65	9.75	9.7	290900
2021-04-01	9.65	9.65	9.75	9.65	1118100
2021-04-02	9.7	9.65	9.8	9.8	780400
2021-04-05	9.85	9.65	9.9	9.8	498800
2021-04-07	9.6	9.55	9.65	9.6	806600
2021-04-08	9.7	9.65	9.85	9.8	1538200
2021-04-09	9.95	9.7	10.6	10.3	13219200
2021-04-12	10.6	9.95	10.7	9.95	6089500
2021-04-16	9.8	9.7	9.95	9.85	1491000
2021-04-19	9.9	9.8	9.95	9.85	576600
2021-04-20	9.85	9.8	9.9	9.9	957800
2021-04-21	9.9	9.9	10.0	9.9	1060300
2021-04-22	9.9	9.8	9.95	9.8	603600
2021-04-23	9.8	9.8	10.5	10.3	7963600
2021-04-26	10.1	10.1	11.0	11.0	9535000
2021-04-27	10.8	10.3	10.8	10.7	3980200
2021-04-28	10.8	10.4	10.8	10.7	3039100
2021-04-29	10.6	10.4	10.8	10.5	2819200
2021-04-30	10.4	10.3	10.5	10.4	1260900
2021-05-05	10.4	10.4	10.7	10.4	2413200
2021-05-06	10.3	10.2	10.5	10.3	983900
2021-05-07	10.3	10.3	10.5	10.3	373800
2021-05-10	10.3	10.1	10.4	10.1	765200
2021-05-11	10.1	10.0	10.2	10.0	806100
2021-05-12	10.0	9.95	10.1	10.1	373200
2021-05-13	9.9	9.6	10.0	9.85	1263500
2021-05-14	9.9	9.8	10.1	10.0	1049800
2021-05-17	10.0	9.7	10.0	9.75	475000
2021-05-18	9.85	9.5	9.85	9.75	2229200
2021-05-19	9.65	9.6	10.2	10.1	1974000
2021-05-20	10.3	10.1	10.7	10.6	3935600
2021-05-21	10.6	10.2	10.6	10.3	711800
2021-05-24	10.3	10.0	10.3	10.1	361400
2021-05-25	10.2	10.0	10.2	10.1	722100
2021-05-27	10.1	10.0	10.2	10.1	433800
2021-05-28	10.1	9.85	10.1	9.9	1243500
2021-05-31	9.9	9.9	10.0	10.0	249200
2021-06-01	10.0	9.9	10.0	10.0	1051900
2021-06-02	10.0	9.9	10.0	10.0	441800
2021-06-04	10.0	9.9	10.0	9.95	214800
2021-06-07	9.95	9.9	10.0	9.95	573600
2021-06-08	10.0	9.95	10.1	9.95	521400
2021-06-09	10.0	9.9	10.2	9.95	1029000
2021-06-10	10.0	9.95	10.2	10.2	4201100
2021-06-11	10.3	10.2	10.4	10.2	4098100
2021-06-14	10.2	10.0	10.3	10.0	759600
2021-06-15	10.0	9.95	10.1	10.0	520100
2021-06-16	10.0	9.95	10.0	10.0	245900
2021-06-17	10.0	9.95	10.0	10.0	155100
2021-06-18	10.0	9.95	10.4	10.3	3626300
2021-06-21	10.2	10.1	10.4	10.2	939400
2021-06-22	10.2	10.1	10.5	10.4	2360400
2021-06-23	10.4	10.2	10.7	10.6	7587100
2021-06-24	10.5	10.3	10.9	10.8	4862700
2021-06-25	10.8	10.5	10.8	10.7	1557200
2021-06-28	10.7	10.6	11.3	10.6	5665500
2021-06-29	10.6	10.4	10.8	10.7	1121500
2021-06-30	10.7	10.5	11.0	11.0	3070200
2021-07-01	11.1	10.8	11.1	10.9	757800
2021-07-02	11.0	10.8	11.0	10.9	1285800
2021-07-05	10.9	10.9	11.5	11.3	5225300
2021-07-06	11.4	10.9	11.4	10.9	3615600
2021-07-07	10.8	10.8	11.2	11.1	2275000
2021-07-08	11.0	11.0	11.8	11.4	13689900
2021-07-09	11.6	11.2	11.9	11.6	6950000
2021-07-12	11.8	10.6	11.9	10.7	7783200
2021-07-13	10.7	10.7	10.9	10.9	2358900
2021-07-14	10.9	10.9	11.1	11.0	1150600
2021-07-15	11.0	10.8	11.1	10.9	952700
2021-07-16	10.9	10.8	11.1	11.1	975800
2021-07-19	11.0	10.9	11.2	10.9	535700
2021-07-20	10.8	10.7	11.0	10.7	763100
2021-07-21	10.7	10.5	10.8	10.5	1491400
2021-07-22	10.6	10.6	11.1	11.0	1705200
2021-07-23	10.9	10.7	10.9	10.9	235200
2021-07-27	11.0	10.6	11.0	10.7	327900
2021-07-29	10.7	10.6	11.3	11.3	3186000
2021-07-30	11.3	10.9	11.3	11.0	558600
2021-08-02	11.0	10.7	11.0	10.7	988100
2021-08-03	10.7	10.7	10.8	10.8	465200
2021-08-04	10.7	10.6	10.7	10.7	829400
2021-08-05	10.7	10.5	10.7	10.5	389800
2021-08-06	10.5	10.4	10.6	10.5	246900
2021-08-09	10.4	10.4	10.5	10.4	320900
2021-08-10	10.4	10.3	10.6	10.4	634400
2021-08-11	10.2	9.85	10.3	10.2	9038900
2021-08-13	9.95	9.95	10.1	10.0	1156300
2021-08-16	9.95	9.8	10.1	10.0	555000
2021-08-17	10.0	9.85	10.0	9.95	666900
2021-08-18	9.95	9.9	10.2	10.1	1289700
2021-08-19	10.1	9.9	10.2	10.0	1100000
2021-08-20	10.0	9.95	10.1	10.0	875300
2021-08-23	9.95	9.85	10.1	10.0	2901100
2021-08-24	10.0	9.85	10.1	10.0	2348200
2021-08-25	10.1	10.0	10.2	10.2	979800
2021-08-26	10.3	10.2	11.0	10.9	6514600
2021-08-27	10.5	10.5	11.0	11.0	2150100
2021-08-30	10.9	10.7	11.0	11.0	1640500
2021-08-31	11.1	10.6	11.1	11.1	921500
2021-09-01	11.1	10.7	11.1	10.8	337800
2021-09-02	10.6	10.6	10.9	10.7	360400
2021-09-03	10.9	10.7	11.1	10.8	2660100
2021-09-06	10.8	10.5	10.8	10.5	581800
2021-09-07	10.5	10.5	10.9	10.8	1892300
2021-09-08	10.9	10.5	10.9	10.5	365800
2021-09-09	10.7	10.6	10.8	10.7	401900
2021-09-10	10.8	10.5	10.8	10.6	305900
2021-09-13	10.7	10.5	10.7	10.5	125100
2021-09-14	10.5	10.3	10.6	10.3	785600
2021-09-15	10.3	10.3	10.5	10.4	446200
2021-09-16	10.4	10.3	11.0	11.0	2057900
2021-09-17	10.9	10.7	10.9	10.8	114000
2021-09-20	10.6	10.5	10.8	10.5	259000
2021-09-21	10.4	10.4	10.6	10.5	181500
2021-09-22	10.6	10.4	10.6	10.4	1316300
2021-09-23	10.4	10.3	10.5	10.4	204800
2021-09-27	10.5	10.3	10.5	10.4	773800
2021-09-28	10.3	10.3	10.4	10.3	527500
2021-09-29	10.4	10.3	10.5	10.4	346400
2021-09-30	10.4	10.3	10.7	10.7	1671000
2021-10-01	10.7	10.3	10.8	10.3	2577500
2021-10-04	10.4	10.4	10.7	10.5	3471800
2021-10-05	10.7	10.4	10.7	10.5	351300
2021-10-06	10.6	10.4	10.6	10.6	1556600
2021-10-07	10.5	10.5	10.6	10.6	35000
2021-10-08	10.5	10.5	10.6	10.6	39400
2021-10-11	10.6	10.6	10.8	10.7	491900
2021-10-12	10.8	10.7	10.8	10.8	315100
2021-10-14	10.8	10.7	10.9	10.8	1071200
2021-10-15	10.8	10.8	11.3	11.3	2517300
2021-10-18	11.3	11.0	11.3	11.0	640400
2021-10-19	11.0	10.9	11.1	11.0	234500
2021-10-20	11.0	10.9	11.2	11.2	241100
2021-10-21	11.2	11.2	11.5	11.5	2024000
2021-10-25	11.5	11.1	11.5	11.3	603900
2021-10-26	11.2	11.1	11.2	11.2	145300
2021-10-27	11.2	11.1	11.2	11.2	160100
2021-10-28	11.1	11.1	11.4	11.3	533200
2021-10-29	11.2	11.1	11.3	11.3	300000
2021-11-01	11.1	11.0	11.3	11.3	731600
2021-11-02	11.2	11.1	11.3	11.3	291500
2021-11-03	11.3	10.9	11.3	10.9	377200
2021-11-04	10.9	10.9	11.1	11.1	192100
2021-11-05	11.2	11.0	11.2	11.0	72100
2021-11-08	11.1	10.8	11.1	11.0	667000
2021-11-09	10.9	10.9	11.1	11.1	94500
2021-11-10	11.2	10.9	11.2	11.1	38900
2021-11-11	11.0	11.0	11.3	11.2	520100
2021-11-12	11.1	11.0	11.1	11.1	203200
2021-11-15	11.1	10.8	11.2	10.9	438700
2021-11-16	10.9	10.7	11.0	10.9	1721100
2021-11-17	11.0	10.8	11.0	10.9	280100
2021-11-18	10.9	10.8	11.1	11.0	134800
2021-11-19	11.1	10.9	11.1	11.0	234200
2021-11-22	11.1	10.9	11.2	11.2	335900
2021-11-23	11.1	11.1	11.2	11.2	234500
2021-11-24	11.3	11.1	11.3	11.2	294900
2021-11-25	11.2	10.9	11.2	11.0	214900
2021-11-26	10.9	10.7	11.1	10.8	620900
2021-11-29	11.0	10.7	11.0	10.9	259400
2021-11-30	10.9	10.6	10.9	10.7	770400
2021-12-01	10.6	10.6	11.0	10.7	468400
2021-12-02	10.8	10.7	10.8	10.8	757400
2021-12-03	10.8	10.7	10.9	10.8	131100
2021-12-07	10.8	10.6	10.8	10.6	457000
2021-12-08	10.7	10.7	10.8	10.7	115100
2021-12-09	10.7	10.7	10.9	10.8	216100
2021-12-13	10.9	10.6	10.9	10.8	195000
2021-12-14	10.8	10.7	11.1	11.0	338400
2021-12-15	11.0	10.8	11.0	10.9	244300
2021-12-16	10.9	10.8	11.0	10.9	212700
2021-12-17	11.0	10.8	11.0	10.9	156800
2021-12-20	11.0	10.8	11.0	10.9	185900
2021-12-21	10.8	10.8	11.0	10.9	122300
2021-12-22	10.9	10.9	10.9	10.9	173200
2021-12-23	10.9	10.6	10.9	10.7	413000
2021-12-24	10.8	10.7	10.9	10.8	221500
2021-12-27	10.8	10.8	10.9	10.8	72600
2021-12-28	10.9	10.8	11.0	10.8	711900
2021-12-29	10.9	10.9	11.1	11.0	361800
2021-12-30	11.1	10.9	11.1	11.0	926100
2022-01-04	10.8	10.8	10.9	10.8	133500
2022-01-05	10.8	10.8	11.0	11.0	270200
2022-01-06	11.0	10.9	11.1	10.9	356800
2022-01-07	11.0	10.8	11.0	10.8	1637100
2022-01-10	10.9	10.9	11.2	11.0	1277300
2022-01-11	11.1	11.1	11.6	11.5	3292500
2022-01-12	11.5	11.0	11.5	11.5	1246700
2022-01-13	11.5	11.2	11.5	11.3	215100
2022-01-14	11.3	11.3	11.8	11.8	1835500
2022-01-17	11.8	11.4	11.8	11.6	388100
2022-01-18	11.6	11.2	11.7	11.2	273600
2022-01-19	11.2	11.1	11.3	11.1	123600
2022-01-20	11.1	11.1	11.5	11.4	511500
2022-01-21	11.4	11.2	11.5	11.2	197300
2022-01-24	11.1	11.1	11.6	11.5	848100
2022-01-25	11.8	11.2	11.8	11.5	625600
2022-01-26	11.4	11.2	11.5	11.2	407700
2022-01-27	11.3	10.9	11.3	10.9	1061700
2022-01-28	10.9	10.9	11.5	11.2	693200
2022-01-31	11.4	11.3	11.5	11.4	288000
2022-02-01	11.4	11.4	11.5	11.4	163700
2022-02-02	11.4	11.2	11.5	11.3	269900
2022-02-03	11.4	11.4	11.8	11.6	1812600
2022-02-04	11.6	11.4	11.6	11.5	212400
2022-02-07	11.4	11.4	11.7	11.5	999900
2022-02-08	11.5	11.4	11.5	11.5	210200
2022-02-09	11.4	11.2	11.4	11.2	892200
2022-02-10	11.2	11.0	11.3	11.0	2147400
2022-02-11	11.0	10.9	11.2	11.0	636600
2022-02-14	10.9	10.8	11.1	11.0	409500
2022-02-15	10.9	10.9	11.3	11.3	460900
2022-02-17	11.4	11.1	11.4	11.2	427600
2022-02-18	11.8	11.5	11.9	11.6	5113200
2022-02-21	11.6	11.4	11.9	11.9	1672100
2022-02-22	11.8	11.7	11.9	11.7	662800
2022-02-23	11.7	11.7	11.9	11.8	327600
2022-02-24	11.8	11.4	11.8	11.6	1072900
2022-02-25	11.4	11.4	11.8	11.6	1285400
2022-02-28	11.5	11.4	11.9	11.9	1111200
2022-03-01	11.9	11.8	12.2	12.2	8487400
2022-03-02	12.1	11.9	12.2	11.9	2218100
2022-03-03	12.1	12.0	12.2	12.2	947300
2022-03-04	12.2	11.9	12.3	12.2	2032400
2022-03-07	12.2	11.8	12.2	11.8	1954300
2022-03-08	11.8	11.6	12.0	12.0	2838500
2022-03-09	12.1	11.9	12.1	12.0	1917800
2022-03-10	12.1	11.7	12.1	11.8	792800
2022-03-11	11.7	11.7	11.9	11.8	906100
2022-03-14	11.9	11.7	12.0	11.7	1208800
2022-03-15	11.7	11.6	11.9	11.8	1191800
2022-03-16	11.9	11.7	12.0	11.8	1422700
2022-03-17	11.9	11.8	12.0	11.8	373300
2022-03-18	11.9	11.8	12.5	12.5	6039900
2022-03-21	12.6	11.9	12.7	12.0	5223400
2022-03-22	12.0	11.9	12.5	12.2	1749100
2022-03-23	12.2	12.1	12.3	12.2	735700
2022-03-24	12.2	12.1	12.5	12.3	2176900
2022-03-25	12.3	11.9	12.5	12.1	1368600
2022-03-28	12.0	12.0	12.3	12.3	668100
2022-03-29	12.3	12.0	12.3	12.0	914800
2022-03-30	12.0	12.0	12.5	12.0	3174300
2022-03-31	12.0	12.0	12.3	12.2	373100
2022-04-01	12.2	12.1	12.2	12.1	684400
2022-04-04	12.2	12.1	12.3	12.1	1327000
2022-04-05	12.1	12.1	12.2	12.1	353700
2022-04-07	12.1	12.1	12.3	12.3	2259100
2022-04-08	12.3	12.3	12.6	12.6	3453100
2022-04-11	12.6	12.1	13.7	12.5	19706100
2022-04-12	12.7	12.4	13.0	12.9	3292700
2022-04-18	13.1	12.9	13.4	13.1	4426100
2022-04-19	13.2	12.9	13.2	12.9	2026700
2022-04-20	13.0	13.0	13.9	13.6	14090500
2022-04-21	13.5	13.4	13.6	13.6	2409200
2022-04-22	13.6	13.4	13.6	13.4	1275000
2022-04-25	13.4	13.1	14.3	14.3	8328500
2022-04-26	14.3	13.5	14.7	14.3	9321300
2022-04-27	14.2	13.7	14.2	13.9	3395800
2022-04-28	13.9	13.6	14.0	13.8	3274400
2022-04-29	13.8	13.7	14.0	14.0	714300
2022-05-03	14.1	13.7	14.1	13.8	2333300
2022-05-05	13.6	13.0	13.7	13.2	2922700
2022-05-06	12.7	12.7	13.4	13.4	1149800
2022-05-09	13.2	13.1	13.4	13.3	1789100
2022-05-10	13.0	12.8	13.5	13.5	2010800
2022-05-11	13.5	13.2	13.5	13.5	282300
2022-05-12	13.4	12.4	13.4	12.8	5102200
2022-05-13	12.9	12.8	13.1	12.9	3041700
2022-05-17	12.8	12.8	14.1	13.6	9819200
2022-05-18	13.4	13.4	14.5	14.5	4661300
2022-05-19	14.1	14.1	14.7	14.6	4983400
2022-05-20	14.8	14.3	15.2	14.6	8376200
2022-05-23	14.6	14.4	15.2	15.2	5468500
2022-05-24	15.4	15.1	15.6	15.2	6744800
2022-05-25	15.4	15.2	15.5	15.3	2819900
2022-05-26	15.2	14.4	15.3	14.5	4022700
2022-05-27	14.7	14.5	14.9	14.5	1575900
2022-05-30	14.7	14.4	14.9	14.5	3163300
2022-05-31	14.6	14.2	14.7	14.5	2773700
2022-06-01	14.5	14.3	14.7	14.3	1568000
2022-06-02	14.4	14.2	14.6	14.2	1349800
2022-06-06	14.2	13.8	14.3	14.0	2655000
2022-06-07	13.9	13.8	14.4	14.4	2714200
2022-06-08	14.5	14.2	14.5	14.2	1115800
2022-06-09	14.3	14.3	14.8	14.6	2243700
2022-06-10	14.6	14.2	14.6	14.3	1554800
2022-06-13	14.1	14.0	14.2	14.0	1211200
2022-06-14	13.8	13.8	14.2	14.1	1044700
2022-06-15	14.0	14.0	14.3	14.2	1048900
2022-06-16	14.2	13.9	14.5	14.1	3126400
2022-06-17	14.1	13.9	14.5	14.4	1541500
2022-06-20	14.4	14.4	14.6	14.5	853500
2022-06-21	14.5	14.4	14.6	14.5	534100
2022-06-22	14.5	14.3	14.6	14.6	1144400
2022-06-23	14.6	14.3	14.6	14.3	730200
2022-06-24	14.3	14.3	14.5	14.4	410600
2022-06-27	14.5	14.4	14.9	14.7	1274100
2022-06-28	14.8	14.6	15.5	15.2	4155800
2022-06-29	15.1	14.6	15.2	14.9	3533900
2022-06-30	14.8	14.7	15.4	15.4	3620800
2022-07-01	15.4	15.2	16.0	15.9	6209200
2022-07-04	16.0	15.8	16.1	15.9	2228200
2022-07-05	16.0	15.7	16.6	16.1	5862500
2022-07-06	16.1	15.8	16.3	16.0	2183200
2022-07-07	16.1	15.9	16.3	16.0	875300
2022-07-08	16.0	15.7	16.1	15.7	1378200
2022-07-11	15.7	15.5	15.9	15.8	1909500
2022-07-12	15.7	15.6	16.4	16.2	4319100
2022-07-14	16.1	15.9	16.5	16.0	6779200
2022-07-15	16.0	15.7	16.3	16.2	5969900
2022-07-18	16.3	15.6	16.4	15.7	3702200
2022-07-19	15.6	15.6	16.0	15.7	2657700
2022-07-20	15.7	15.7	16.2	16.1	2421100
2022-07-21	16.1	16.0	16.8	16.8	7008700
2022-07-22	16.9	16.3	17.0	16.5	3939400
2022-07-25	16.5	16.4	16.9	16.5	3739800
2022-07-26	16.6	16.5	16.8	16.5	2316900
2022-07-27	16.7	16.4	17.1	17.1	5172700
2022-08-01	17.3	16.7	17.4	16.7	6101700
2022-08-02	16.9	16.8	17.6	17.0	7931800
2022-08-03	17.1	16.8	17.2	17.2	2804900
2022-08-04	17.4	17.0	17.5	17.1	2430500
2022-08-05	17.0	16.9	17.1	17.1	1132300
2022-08-08	17.1	16.9	17.1	16.9	957800
2022-08-09	16.9	16.6	17.0	16.6	1467200
2022-08-10	16.6	16.0	16.7	16.6	3171100
2022-08-11	16.7	16.4	17.0	16.6	2595400
2022-08-15	16.4	16.1	17.0	17.0	5117200
2022-08-16	17.0	16.7	17.1	16.8	3030900
2022-08-17	16.8	16.7	17.3	17.1	3998700
2022-08-18	17.1	16.8	17.2	16.8	2399100
2022-08-19	16.9	16.8	17.0	16.9	2323800
2022-08-22	16.9	16.9	17.3	17.1	3069200
2022-08-23	17.2	17.1	17.8	17.8	5993400
2022-08-24	17.9	17.6	18.0	18.0	2159300
2022-08-25	17.9	17.7	18.0	18.0	1810700
2022-08-26	18.1	17.6	18.1	17.6	2422900
2022-08-29	17.4	17.4	17.8	17.5	2022200
2022-08-30	17.5	17.5	17.8	17.6	1840000
2022-08-31	17.5	17.2	17.8	17.8	3017300
2022-09-01	17.7	17.6	18.0	18.0	3293400
2022-09-02	17.9	17.8	18.4	18.4	2170800
2022-09-05	18.5	18.2	19.0	19.0	2981400
2022-09-06	19.1	18.8	19.2	18.9	2351300
2022-09-07	18.8	18.2	18.9	18.4	4048900
2022-09-08	18.5	18.2	18.5	18.3	2491600
2022-09-09	18.4	18.3	18.5	18.3	1463100
2022-09-12	18.5	18.4	18.6	18.6	815700
2022-09-13	18.5	18.2	18.6	18.2	1043500
2022-09-14	18.0	18.0	18.3	18.1	1351300
2022-09-15	18.2	17.5	18.2	17.8	4023800
2022-09-16	17.5	17.5	17.7	17.5	1234200
2022-09-19	17.5	17.4	18.0	18.0	1450900
2022-09-20	18.0	17.5	18.0	17.5	1532300
2022-09-21	17.5	17.5	17.7	17.6	859800
2022-09-22	17.6	17.5	17.8	17.7	685600
2022-09-23	17.7	17.6	18.2	18.1	3246600
2022-09-26	18.0	17.8	18.0	18.0	1520800
2022-09-27	17.9	17.5	18.0	17.5	1919500
2022-09-28	17.5	17.5	17.9	17.9	1066100
2022-09-29	17.8	17.2	17.9	17.2	1750800
2022-09-30	16.7	16.6	17.7	17.7	3615100
2022-10-03	17.6	16.8	17.6	16.8	3448000
2022-10-04	16.8	16.7	17.7	17.5	2937000
2022-10-05	17.6	17.4	17.8	17.8	2214400
2022-10-06	17.7	17.7	18.0	17.8	756800
2022-10-07	17.8	17.4	17.8	17.4	500200
2022-10-10	17.2	16.9	17.3	16.9	1436800
2022-10-11	16.8	16.7	17.0	16.8	1977700
2022-10-12	16.8	16.8	17.6	17.4	2957700
2022-10-17	17.4	17.0	17.6	17.3	3755300
2022-10-18	17.3	17.0	17.4	17.3	3555100
2022-10-19	17.4	17.3	17.8	17.6	3553500
2022-10-20	17.7	17.5	18.0	17.9	1333500
2022-10-21	17.9	17.8	18.0	17.8	523700
2022-10-25	17.9	17.7	18.1	17.9	1443000
2022-10-26	18.0	17.8	18.1	17.9	1513900
2022-10-27	18.0	17.8	18.0	17.8	736500
2022-10-28	17.9	17.0	17.9	17.7	2695600
2022-10-31	17.9	17.8	18.6	18.0	6138300
2022-11-01	18.1	17.9	18.2	18.0	1246500
2022-11-02	18.1	18.0	18.2	18.0	900400
2022-11-03	18.0	18.0	18.2	18.2	1430800
2022-11-04	18.3	18.1	18.4	18.3	1702700
2022-11-07	18.3	17.8	18.3	18.0	1678600
2022-11-08	17.9	17.5	17.9	17.6	2319400
2022-11-09	17.5	17.3	17.6	17.5	1269000
2022-11-10	17.4	17.4	17.9	17.8	1121500
2022-11-11	18.0	17.4	18.0	17.6	3696700
2022-11-14	17.7	17.6	18.0	17.9	1470000
2022-11-15	17.9	17.5	18.0	17.7	1702200
2022-11-16	17.7	17.6	18.0	17.8	1052700
2022-11-17	17.8	17.5	17.8	17.6	1782400
2022-11-18	17.5	17.5	17.7	17.6	385400
2022-11-21	17.5	17.5	17.9	17.7	651200
2022-11-22	17.8	17.4	17.8	17.5	732600
2022-11-23	17.5	17.1	17.6	17.2	1469800
2022-11-24	17.1	17.0	17.4	17.1	1981300
2022-11-25	16.8	16.5	17.0	16.6	6107800
2022-11-28	16.5	16.5	17.5	17.5	4081000
2022-11-29	17.6	17.1	17.8	17.5	4757400
2022-11-30	17.6	17.3	17.6	17.5	864800
2022-12-01	17.5	17.3	18.2	18.0	5219700
2022-12-02	17.9	17.5	18.0	17.6	866000
2022-12-06	17.6	17.2	17.6	17.3	1544300
2022-12-07	17.3	17.1	17.4	17.1	1526000
2022-12-08	17.0	16.9	17.1	16.9	533300
2022-12-09	16.9	16.8	17.4	17.3	1911800
2022-12-13	17.2	16.8	17.3	16.8	1252100
2022-12-14	16.8	16.7	17.1	17.0	817500
2022-12-15	16.9	16.6	17.1	16.8	2135800
2022-12-16	16.9	16.7	16.9	16.8	575900
2022-12-19	16.8	16.7	17.1	16.9	562800
2022-12-20	16.9	16.7	17.0	17.0	628200
2022-12-21	17.0	16.3	17.0	16.3	2993300
2022-12-22	16.3	16.2	16.5	16.3	670200
2022-12-23	16.3	16.1	16.4	16.2	962900
2022-12-26	16.2	16.1	16.4	16.3	261400
2022-12-27	16.5	16.4	17.3	17.3	3511500
2022-12-28	17.0	16.7	17.1	16.9	2646200
2022-12-29	16.8	16.7	17.3	17.3	1922600
2022-12-30	17.2	16.9	17.3	16.9	1016800
