Date	Price Open	Price Low	Price High	Price Close	Volume
2016-09-01	22.0	18.4	22.1	18.5	138531800
2016-09-02	18.8	18.7	19.9	19.8	59023200
2016-09-05	19.7	18.0	19.7	19.1	36007400
2016-09-06	19.4	19.4	20.2	19.6	32748800
2016-09-07	19.8	19.1	19.9	19.2	21552200
2016-09-08	19.4	18.8	19.5	19.0	10489200
2016-09-09	19.0	18.8	19.7	19.6	7591800
2016-09-12	19.2	18.9	19.4	18.9	2082300
2016-09-13	19.2	18.9	19.7	19.6	2833000
2016-09-14	19.6	19.4	20.6	20.4	8326000
2016-09-15	20.6	19.8	21.1	20.2	16666800
2016-09-16	20.0	20.0	20.4	20.3	1372600
2016-09-19	20.2	20.2	21.0	20.9	3688300
2016-09-20	20.9	20.1	20.9	20.6	3398600
2016-09-21	20.7	20.7	22.0	21.7	13656800
2016-09-22	21.8	21.5	21.9	21.8	2600000
2016-09-23	21.8	21.1	21.8	21.6	5826800
2016-09-26	21.4	21.4	22.7	22.7	13064900
2016-09-27	22.4	22.2	22.8	22.4	6341400
2016-09-28	22.6	22.4	23.3	23.3	11245800
2016-09-29	23.4	23.1	23.9	23.3	9479200
2016-09-30	23.1	22.7	23.3	23.3	4084300
2016-10-03	23.3	23.1	23.7	23.4	4656400
2016-10-04	23.4	23.4	24.0	23.9	5563400
2016-10-05	24.0	23.5	24.0	23.9	3783700
2016-10-06	23.9	23.3	23.9	23.6	2569900
2016-10-07	23.6	23.2	23.8	23.5	2526200
2016-10-10	21.2	21.2	22.9	22.2	4823400
2016-10-11	22.4	20.4	22.6	21.3	9342700
2016-10-12	20.8	18.6	21.2	21.0	13457200
2016-10-13	20.4	20.1	21.6	21.4	2842300
2016-10-14	21.7	21.3	23.4	23.0	8976000
2016-10-17	22.9	22.7	23.5	23.5	4996400
2016-10-18	23.7	23.2	23.7	23.5	1583100
2016-10-19	23.3	23.3	23.6	23.6	1046800
2016-10-20	23.8	23.6	24.0	23.8	1961300
2016-10-21	23.9	23.6	23.9	23.9	2082100
2016-10-25	23.8	23.5	23.9	23.8	1039200
2016-10-26	23.8	23.8	24.4	23.8	3255100
2016-10-27	24.0	23.0	24.0	23.9	3675800
2016-10-28	23.6	23.1	23.8	23.7	2448300
2016-10-31	23.7	23.6	23.8	23.7	129700
2016-11-01	23.7	23.7	24.1	24.0	1053900
2016-11-02	23.8	23.6	24.0	23.7	811400
2016-11-03	23.9	23.5	23.9	23.6	331300
2016-11-04	23.5	23.1	23.6	23.5	1081700
2016-11-07	23.6	23.3	23.6	23.6	771000
2016-11-08	23.6	23.2	23.6	23.5	754300
2016-11-09	23.1	23.0	23.3	23.2	2545300
2016-11-10	23.3	23.3	24.3	24.0	3599900
2016-11-11	24.1	23.5	24.1	23.8	1077900
2016-11-14	23.6	23.2	23.7	23.7	754100
2016-11-15	23.7	23.2	23.7	23.5	569400
2016-11-16	23.5	23.3	23.8	23.7	1121200
2016-11-17	23.6	23.5	23.6	23.6	316500
2016-11-18	23.5	23.4	23.6	23.6	217100
2016-11-21	23.6	23.4	23.6	23.6	169800
2016-11-22	23.7	23.6	23.8	23.7	203500
2016-11-23	23.7	23.7	25.0	25.0	6728400
2016-11-24	25.25	24.8	25.25	25.0	980700
2016-11-25	25.0	24.7	25.25	25.0	1066300
2016-11-28	25.0	24.8	26.0	26.0	2300600
2016-11-29	26.25	24.9	26.25	25.25	2663000
2016-11-30	25.0	24.5	25.0	24.8	1981700
2016-12-01	24.8	24.8	25.25	25.0	1341600
2016-12-02	25.0	24.7	25.5	25.25	2859500
2016-12-06	25.75	25.5	26.75	26.0	5516700
2016-12-07	26.25	25.5	26.25	25.75	1822100
2016-12-08	26.0	25.5	26.5	26.0	3235100
2016-12-09	26.0	26.0	26.5	26.5	1409900
2016-12-13	26.5	26.0	26.75	26.0	1061700
2016-12-14	26.0	25.5	26.0	25.5	767000
2016-12-15	25.5	25.5	26.25	25.5	1003800
2016-12-16	25.75	25.5	26.25	25.75	539300
2016-12-19	25.75	25.25	26.0	25.25	1078700
2016-12-20	25.5	25.25	26.25	26.0	3005800
2016-12-21	26.0	25.5	26.25	25.5	410700
2016-12-22	25.75	25.0	25.75	25.0	849000
2016-12-23	25.0	24.8	25.25	25.25	2289700
2016-12-26	25.0	24.8	25.25	24.9	1097500
2016-12-27	25.0	24.8	25.0	24.9	1208000
2016-12-28	24.9	24.8	25.0	24.9	921600
2016-12-29	25.0	24.9	25.25	25.0	364300
2016-12-30	25.25	25.25	25.5	25.5	966700
2017-01-04	25.25	25.25	25.75	25.25	296700
2017-01-05	25.75	25.25	26.25	26.25	6132800
2017-01-06	26.25	26.0	26.75	26.75	2581200
2017-01-09	26.75	26.0	26.75	26.75	1579800
2017-01-10	26.25	26.25	27.0	27.0	931400
2017-01-11	26.75	26.75	27.25	26.75	864600
2017-01-12	26.75	26.25	26.75	26.25	262200
2017-01-13	26.5	26.25	27.5	27.0	2860600
2017-01-16	27.25	26.75	27.5	26.75	693200
2017-01-17	27.0	26.75	27.75	27.75	1642400
2017-01-18	28.0	27.5	28.0	27.5	1802800
2017-01-19	27.5	26.5	27.5	26.75	2211400
2017-01-20	26.75	26.5	28.0	27.75	1126500
2017-01-23	27.75	27.75	28.5	27.75	1169100
2017-01-24	28.0	27.5	28.25	27.5	387900
2017-01-25	27.5	27.0	28.0	27.25	765000
2017-01-26	27.25	27.0	27.5	27.0	482400
2017-01-27	27.0	26.5	27.0	26.5	1115400
2017-01-30	26.5	26.5	28.0	28.0	1091500
2017-01-31	28.0	27.0	28.0	27.5	362900
2017-02-01	27.75	27.25	28.0	27.75	1269000
2017-02-02	27.5	27.0	27.5	27.25	816000
2017-02-03	27.25	27.25	27.75	27.5	236600
2017-02-06	27.25	27.0	27.5	27.0	252400
2017-02-07	27.0	27.0	27.5	27.5	108500
2017-02-08	27.5	26.0	27.5	26.25	1735300
2017-02-09	26.0	24.7	26.5	26.5	4267000
2017-02-10	26.5	26.0	26.5	26.5	424600
2017-02-14	26.5	25.5	26.5	25.75	526000
2017-02-15	25.75	25.5	26.0	26.0	662700
2017-02-16	25.75	25.75	26.5	26.25	492600
2017-02-17	26.0	25.25	26.0	25.75	907500
2017-02-20	26.0	24.9	26.0	25.0	916700
2017-02-21	25.25	24.3	25.25	24.3	1821500
2017-02-22	24.3	24.0	24.6	24.6	817500
2017-02-23	24.6	24.6	25.25	25.0	1075800
2017-02-24	25.0	24.9	25.5	24.9	1082900
2017-02-27	24.8	24.3	24.9	24.4	626100
2017-02-28	24.3	24.1	24.5	24.2	574900
2017-03-01	24.2	24.2	25.25	24.7	1077600
2017-03-02	24.8	24.7	25.25	24.9	829100
2017-03-03	24.9	24.5	25.25	24.9	217000
2017-03-06	24.9	24.4	24.9	24.7	224800
2017-03-07	24.7	24.2	24.7	24.5	333400
2017-03-08	24.5	23.5	24.5	23.8	1067600
2017-03-09	23.6	23.6	24.0	23.8	433000
2017-03-10	23.7	23.1	24.0	23.4	501800
2017-03-13	23.0	22.5	23.3	22.5	766800
2017-03-14	22.5	22.5	23.5	23.5	270600
2017-03-15	23.5	22.9	23.5	23.0	354400
2017-03-16	23.1	22.6	23.3	22.8	1783500
2017-03-17	22.6	22.4	22.7	22.5	1412100
2017-03-20	22.5	22.2	22.6	22.4	3327700
2017-03-21	22.6	22.4	22.7	22.5	2241400
2017-03-22	22.5	22.5	23.1	22.9	1520400
2017-03-23	23.0	22.6	23.1	22.7	1102700
2017-03-24	22.7	22.6	22.8	22.8	150100
2017-03-27	22.8	22.5	22.8	22.6	727900
2017-03-28	22.6	22.6	23.2	23.0	1320700
2017-03-29	23.2	22.9	23.3	23.0	1754900
2017-03-30	23.2	23.0	23.2	23.0	582900
2017-03-31	23.1	22.9	23.1	22.9	360100
2017-04-03	22.9	22.6	22.9	22.7	540000
2017-04-04	22.7	22.6	22.9	22.9	582100
2017-04-05	22.8	22.7	22.8	22.7	573700
2017-04-07	22.7	22.5	22.7	22.5	171000
2017-04-10	22.5	22.3	22.6	22.5	352700
2017-04-11	22.7	22.5	22.7	22.6	370600
2017-04-12	22.7	22.4	22.7	22.6	167900
2017-04-17	22.5	22.2	22.6	22.2	203600
2017-04-18	22.2	22.2	22.4	22.2	133300
2017-04-19	22.2	21.8	22.3	21.9	485600
2017-04-20	21.7	21.6	21.9	21.6	283500
2017-04-21	21.7	21.6	22.0	22.0	355800
2017-04-24	22.0	21.5	22.0	21.6	322600
2017-04-25	21.8	21.2	21.9	21.9	207800
2017-04-26	21.7	21.6	21.7	21.7	35500
2017-04-27	21.7	21.7	22.3	22.3	414200
2017-04-28	22.4	22.2	22.4	22.3	223200
2017-05-02	22.3	22.2	22.9	22.7	503800
2017-05-03	22.7	22.4	22.7	22.4	119000
2017-05-04	22.6	22.5	22.8	22.6	320300
2017-05-05	22.6	22.2	22.6	22.2	203200
2017-05-08	22.2	21.7	22.4	21.7	353100
2017-05-09	21.7	21.7	22.1	21.9	265600
2017-05-11	21.9	21.6	21.9	21.7	191500
2017-05-12	21.7	21.2	21.7	21.2	424700
2017-05-15	21.2	21.0	21.2	21.1	238800
2017-05-16	21.3	20.9	21.3	21.0	414200
2017-05-17	21.0	19.8	21.0	20.5	1547700
2017-05-18	20.4	19.9	20.5	20.1	1306800
2017-05-19	20.1	20.0	20.3	20.3	612500
2017-05-22	20.3	20.2	20.6	20.3	1317500
2017-05-23	20.4	20.4	20.6	20.4	953900
2017-05-24	20.6	20.5	20.8	20.7	782300
2017-05-25	20.6	20.6	21.1	21.0	580700
2017-05-26	21.1	20.8	21.2	21.0	734200
2017-05-29	21.0	20.7	21.1	21.0	340900
2017-05-30	21.1	21.1	21.6	21.5	807000
2017-05-31	21.5	21.4	21.7	21.5	425300
2017-06-01	21.6	21.5	21.9	21.8	306900
2017-06-02	21.8	21.8	22.6	22.6	1268000
2017-06-05	22.5	22.3	22.6	22.5	454400
2017-06-06	22.6	22.2	22.6	22.3	160500
2017-06-07	22.7	22.7	23.2	22.9	2342400
2017-06-08	23.1	22.8	23.1	22.9	395400
2017-06-09	23.0	22.7	23.0	22.8	197100
2017-06-12	22.7	22.5	22.9	22.6	164100
2017-06-13	22.6	22.6	22.8	22.7	294600
2017-06-14	22.7	22.6	22.9	22.9	187100
2017-06-15	22.9	22.9	23.6	23.1	1660300
2017-06-16	23.3	23.2	23.4	23.3	324600
2017-06-19	23.4	23.3	23.7	23.3	1146900
2017-06-20	23.5	23.3	23.5	23.5	351000
2017-06-21	23.6	23.3	23.6	23.6	190500
2017-06-22	23.6	23.5	23.7	23.7	498000
2017-06-23	23.6	23.5	23.7	23.7	389600
2017-06-26	23.7	23.5	23.7	23.5	150400
2017-06-27	23.6	23.4	23.6	23.4	208200
2017-06-28	23.4	23.0	23.5	23.1	460800
2017-06-29	23.1	22.9	23.1	23.1	158300
2017-06-30	22.9	22.3	22.9	22.5	704600
2017-07-03	22.5	21.7	22.5	22.2	381300
2017-07-04	22.2	22.2	22.7	22.6	581900
2017-07-05	22.7	22.4	22.7	22.5	16300
2017-07-06	22.4	21.9	22.4	22.0	90600
2017-07-07	21.9	21.9	22.4	22.4	25200
2017-07-11	22.4	22.2	22.4	22.4	48700
2017-07-12	22.4	22.2	22.4	22.3	84600
2017-07-13	22.4	22.1	22.4	22.2	82100
2017-07-14	22.2	22.1	22.2	22.2	14000
2017-07-17	22.3	22.1	22.7	22.7	314400
2017-07-18	22.5	22.3	22.6	22.4	47600
2017-07-19	22.4	22.4	22.6	22.6	89000
2017-07-20	22.7	22.5	22.7	22.5	228300
2017-07-21	22.4	22.4	22.7	22.7	156100
2017-07-24	22.7	22.7	23.6	23.6	1295800
2017-07-25	23.7	23.3	23.7	23.5	252000
2017-07-26	23.6	23.4	23.9	23.5	595900
2017-07-27	23.5	23.3	23.7	23.3	264600
2017-07-31	23.4	22.9	23.6	22.9	267800
2017-08-01	23.0	22.4	23.1	22.5	649300
2017-08-02	22.5	22.5	23.1	23.1	246100
2017-08-03	23.2	23.1	23.3	23.3	321000
2017-08-04	23.4	23.2	23.5	23.5	347400
2017-08-07	23.6	23.2	23.6	23.2	164900
2017-08-08	23.2	22.8	23.2	22.9	352300
2017-08-09	22.8	22.8	23.1	23.1	427300
2017-08-10	23.0	22.7	23.0	22.8	231500
2017-08-11	22.8	22.3	22.8	22.3	349200
2017-08-15	22.6	22.6	23.6	23.5	1488900
2017-08-16	23.6	23.1	23.6	23.2	381800
2017-08-17	23.2	23.1	23.9	23.7	1153400
2017-08-18	23.7	23.4	24.3	24.3	1957600
2017-08-21	24.3	24.1	24.8	24.7	2875300
2017-08-22	24.7	24.5	24.7	24.5	1676900
2017-08-23	24.6	24.2	24.6	24.4	423300
2017-08-24	24.5	24.5	25.25	24.9	2252500
2017-08-25	24.9	24.6	24.9	24.8	853300
2017-08-28	25.0	24.8	25.0	24.9	345100
2017-08-29	24.9	24.7	25.0	24.9	535900
2017-08-30	25.0	24.7	25.25	24.7	957300
2017-08-31	24.7	24.7	25.25	25.0	323600
2017-09-01	25.25	25.0	25.5	25.25	1080900
2017-09-04	25.25	25.25	26.0	25.75	1067600
2017-09-05	25.75	25.0	26.0	25.25	783100
2017-09-06	25.0	25.0	25.25	25.0	951500
2017-09-07	25.0	25.0	25.75	25.75	543900
2017-09-08	25.75	24.9	25.75	25.0	415300
2017-09-11	25.0	24.6	25.0	24.8	459300
2017-09-12	24.8	24.8	25.25	25.25	341300
2017-09-13	25.25	25.0	25.5	25.25	522100
2017-09-14	25.25	24.9	25.25	25.25	203000
2017-09-15	25.25	24.9	25.25	25.0	393200
2017-09-18	25.0	25.0	25.25	25.0	88500
2017-09-19	25.0	24.8	25.25	25.0	262400
2017-09-20	25.0	24.9	25.0	24.9	170200
2017-09-21	24.9	24.8	26.0	25.75	1024600
2017-09-22	26.0	25.75	26.25	25.75	1019200
2017-09-25	25.75	25.25	25.75	25.75	216300
2017-09-26	25.75	25.5	26.0	25.75	101500
2017-09-27	25.75	25.5	26.5	26.25	1673400
2017-09-28	26.25	25.25	26.5	26.5	1184700
2017-09-29	26.0	26.0	27.25	27.25	1958200
2017-10-02	27.25	26.5	27.25	27.25	438100
2017-10-03	26.75	26.75	27.25	27.25	312600
2017-10-04	27.25	27.0	27.5	27.25	552600
2017-10-05	27.25	27.0	27.75	27.75	1183600
2017-10-06	27.25	27.25	27.75	27.5	611700
2017-10-09	27.25	27.0	27.25	27.0	407800
2017-10-10	27.0	26.5	27.5	27.5	526700
2017-10-11	27.5	27.25	27.75	27.5	314700
2017-10-12	27.5	27.0	27.5	27.25	494800
2017-10-16	26.75	26.75	27.25	27.25	697500
2017-10-17	27.25	26.75	27.25	27.0	219700
2017-10-18	27.0	26.75	27.0	27.0	115300
2017-10-19	27.0	26.25	27.0	26.25	428100
2017-10-20	26.0	25.75	26.25	26.25	263500
2017-10-24	26.25	26.25	26.75	26.75	365900
2017-10-25	26.5	26.5	27.0	27.0	506300
2017-10-27	27.0	26.5	27.0	27.0	190100
2017-10-30	27.0	26.25	27.0	26.5	309400
2017-10-31	26.5	25.75	26.5	26.25	592400
2017-11-01	26.25	25.75	26.25	26.0	253300
2017-11-02	26.0	25.75	26.0	26.0	166000
2017-11-03	26.0	25.75	26.5	26.25	1077300
2017-11-06	26.25	26.25	26.75	26.75	198100
2017-11-07	26.5	26.5	27.25	27.0	732800
2017-11-08	27.0	27.0	28.0	28.0	1296900
2017-11-09	28.0	27.25	28.25	28.0	2382700
2017-11-10	28.0	27.25	28.0	28.0	785000
2017-11-13	28.0	27.75	28.75	28.75	3096600
2017-11-14	28.75	27.75	28.75	28.75	2529500
2017-11-15	28.5	28.0	28.5	28.5	424400
2017-11-16	28.5	28.0	28.5	28.25	593300
2017-11-17	28.0	26.5	28.0	27.5	1621100
2017-11-20	27.5	26.0	27.5	26.0	2451400
2017-11-21	25.75	25.0	25.75	25.25	2904600
2017-11-22	25.25	25.25	26.0	25.75	638300
2017-11-23	25.75	25.0	25.75	25.0	992000
2017-11-24	25.0	24.8	25.25	24.9	696100
2017-11-27	24.9	24.7	25.25	24.9	422500
2017-11-28	25.0	25.0	26.0	25.25	1333500
2017-11-29	25.75	25.5	26.0	25.5	342100
2017-11-30	25.25	25.0	25.5	25.0	210000
2017-12-01	25.25	24.5	25.25	24.5	1279000
2017-12-04	24.6	24.3	24.6	24.3	362000
2017-12-06	24.2	24.0	24.4	24.3	270800
2017-12-07	24.5	24.0	24.5	24.0	258600
2017-12-08	24.0	24.0	24.3	24.2	201800
2017-12-12	24.1	23.9	24.2	24.2	153700
2017-12-13	24.2	24.2	24.7	24.7	296600
2017-12-14	24.6	24.6	24.9	24.7	89800
2017-12-15	24.7	24.4	24.7	24.7	121400
2017-12-18	24.7	24.5	24.8	24.7	365400
2017-12-19	24.8	24.7	25.25	25.25	201200
2017-12-20	25.25	24.7	25.25	24.8	483400
2017-12-21	24.8	24.8	25.25	25.0	314900
2017-12-22	24.9	24.9	25.25	25.25	163700
2017-12-25	25.0	25.0	25.25	25.25	121200
2017-12-26	25.25	24.9	25.5	25.0	692000
2017-12-27	25.0	25.0	25.5	25.0	407900
2017-12-28	25.0	24.9	25.5	25.25	695400
2017-12-29	25.0	24.9	25.5	25.0	195700
2018-01-03	25.25	24.7	25.5	24.7	259000
2018-01-04	24.8	24.8	25.25	25.0	560800
2018-01-05	25.25	24.8	25.25	24.9	512300
2018-01-08	24.9	24.5	25.25	24.6	947600
2018-01-09	24.6	24.6	25.25	25.0	805200
2018-01-10	25.0	24.9	25.25	25.25	391100
2018-01-11	25.25	24.9	25.25	24.9	397700
2018-01-12	25.0	24.4	25.25	24.4	847500
2018-01-15	24.5	24.5	25.5	25.0	670900
2018-01-16	25.0	24.8	25.25	25.0	116700
2018-01-17	25.0	24.6	25.0	24.9	305500
2018-01-18	24.9	24.7	25.25	25.0	336600
2018-01-19	25.25	24.6	25.25	24.7	290800
2018-01-22	24.8	24.6	25.0	24.9	227600
2018-01-23	24.8	24.6	25.0	24.9	442500
2018-01-24	24.7	24.7	24.9	24.8	301000
2018-01-25	24.9	24.5	24.9	24.5	421800
2018-01-26	24.5	24.4	25.0	24.9	205700
2018-01-29	24.9	24.6	24.9	24.6	176900
2018-01-30	24.7	24.6	24.9	24.6	237300
2018-01-31	24.6	24.4	24.7	24.4	271100
2018-02-01	24.4	24.4	25.0	24.9	396900
2018-02-02	25.0	24.8	25.25	24.8	687800
2018-02-05	24.5	24.5	24.7	24.5	167300
2018-02-06	24.4	24.3	24.8	24.3	291600
2018-02-07	24.6	24.5	24.7	24.6	367500
2018-02-08	24.5	24.5	24.9	24.7	293500
2018-02-09	24.4	24.4	24.7	24.7	166300
2018-02-12	24.7	24.5	24.9	24.8	316400
2018-02-13	24.8	24.8	25.5	25.0	618500
2018-02-14	25.0	24.9	25.25	25.0	526700
2018-02-15	24.9	24.8	25.25	25.0	258400
2018-02-16	25.0	24.9	26.0	26.0	1003300
2018-02-19	26.0	25.5	26.25	25.5	512500
2018-02-20	26.0	25.25	26.0	25.5	290200
2018-02-21	25.5	25.25	25.5	25.25	391300
2018-02-22	25.0	24.6	25.25	25.0	607400
2018-02-23	25.0	24.6	25.0	24.9	554700
2018-02-26	24.8	24.8	25.5	25.25	410800
2018-02-27	25.5	25.25	26.0	25.5	895400
2018-02-28	25.5	24.8	25.5	24.8	552300
2018-03-02	24.8	24.8	25.25	25.25	471300
2018-03-05	25.25	24.9	25.25	25.0	115700
2018-03-06	25.0	25.0	25.25	25.0	583000
2018-03-07	25.0	24.9	25.0	25.0	113000
2018-03-08	25.0	24.7	25.0	24.7	443400
2018-03-09	24.7	24.5	24.8	24.7	566500
2018-03-12	24.6	24.2	24.6	24.2	771200
2018-03-13	24.2	24.1	24.2	24.1	340700
2018-03-14	24.1	23.9	24.2	23.9	556300
2018-03-15	23.9	23.9	24.5	24.2	719400
2018-03-16	24.3	24.1	24.3	24.1	702900
2018-03-19	24.3	24.2	24.7	24.6	859700
2018-03-20	24.7	24.7	25.75	25.25	1963400
2018-03-21	25.5	25.0	25.5	25.0	1152800
2018-03-22	25.25	24.9	25.5	25.0	1531300
2018-03-23	24.9	24.7	24.9	24.9	929700
2018-03-26	24.9	24.7	25.0	25.0	133200
2018-03-27	25.0	24.8	25.5	25.25	422400
2018-03-28	25.0	25.0	25.25	25.25	353600
2018-03-29	25.25	25.25	25.75	25.5	1166200
2018-03-30	25.5	25.25	25.5	25.5	404700
2018-04-02	25.5	25.25	25.75	25.75	164700
2018-04-03	25.75	25.5	25.75	25.5	194300
2018-04-04	25.75	25.0	25.75	25.25	319100
2018-04-05	25.5	25.0	25.5	25.25	56600
2018-04-09	25.0	25.0	25.5	25.5	350400
2018-04-10	25.5	25.25	25.5	25.5	241600
2018-04-11	25.5	25.25	25.75	25.25	449200
2018-04-12	25.5	25.25	25.75	25.75	334800
2018-04-17	25.5	25.25	25.75	25.25	504600
2018-04-18	25.0	25.0	25.5	25.25	175800
2018-04-19	25.25	25.0	25.5	25.25	231600
2018-04-20	25.25	25.0	25.5	25.5	79300
2018-04-23	25.5	25.0	25.5	25.25	306900
2018-04-24	25.0	25.0	25.25	25.0	191300
2018-04-25	25.0	25.0	25.5	25.25	306900
2018-04-26	25.25	25.25	25.5	25.25	364900
2018-04-27	25.5	25.0	25.5	25.0	92800
2018-04-30	25.0	25.0	25.25	25.25	35900
2018-05-02	25.0	25.0	25.25	25.25	56300
2018-05-03	25.0	25.0	25.5	25.5	653300
2018-05-04	25.5	25.0	25.5	25.0	757200
2018-05-07	25.0	24.9	25.0	24.9	388700
2018-05-08	24.8	24.6	24.9	24.6	185600
2018-05-09	24.6	24.3	24.8	24.4	558200
2018-05-10	24.4	24.4	24.8	24.7	368100
2018-05-11	24.6	24.6	25.5	25.5	172700
2018-05-14	25.5	24.9	25.5	25.25	628900
2018-05-15	25.25	24.9	25.25	25.0	528200
2018-05-16	24.9	24.7	25.0	24.9	142300
2018-05-17	24.9	24.6	24.9	24.8	135100
2018-05-18	24.7	24.7	25.0	24.7	177600
2018-05-21	24.7	24.7	25.25	25.25	858000
2018-05-22	25.0	24.8	25.0	24.8	235800
2018-05-23	24.8	24.6	24.9	24.6	510500
2018-05-24	24.6	24.4	24.8	24.8	313600
2018-05-25	24.6	24.5	24.8	24.8	239000
2018-05-28	24.7	24.5	24.7	24.5	111900
2018-05-30	24.4	24.1	24.4	24.4	306900
2018-05-31	24.3	23.9	24.3	23.9	619700
2018-06-01	23.9	23.7	24.0	24.0	298800
2018-06-04	24.0	23.8	24.2	24.2	197200
2018-06-05	24.2	24.1	24.4	24.2	487600
2018-06-06	24.4	24.0	24.5	24.1	323700
2018-06-07	24.0	23.7	24.0	23.8	365200
2018-06-08	23.6	23.6	24.0	23.8	25800
2018-06-11	23.7	23.7	24.0	24.0	27600
2018-06-12	23.8	23.7	23.9	23.9	87600
2018-06-13	23.9	23.7	23.9	23.7	67400
2018-06-14	23.7	23.4	23.8	23.6	145100
2018-06-15	23.6	23.2	23.6	23.2	207800
2018-06-18	23.2	22.7	23.2	22.8	178800
2018-06-19	22.6	22.1	22.6	22.2	310400
2018-06-20	22.2	22.0	22.8	22.6	172200
2018-06-21	22.4	21.7	22.4	22.1	633300
2018-06-22	22.0	21.9	22.3	22.0	187000
2018-06-25	22.0	21.8	22.0	21.9	130000
2018-06-26	21.9	21.6	22.0	22.0	66500
2018-06-27	22.0	21.7	22.1	21.8	91700
2018-06-28	21.8	21.2	21.8	21.4	152300
2018-06-29	21.6	21.0	21.6	21.0	126500
2018-07-02	21.0	21.0	21.3	21.2	63500
2018-07-03	21.2	21.0	21.5	21.2	369600
2018-07-04	21.3	21.3	23.1	23.1	427900
2018-07-05	23.0	22.4	23.3	22.6	236700
2018-07-06	22.6	22.2	22.8	22.8	88400
2018-07-09	22.6	22.6	22.8	22.6	48200
2018-07-10	22.7	22.5	22.8	22.6	61100
2018-07-11	22.6	22.5	22.8	22.6	148800
2018-07-12	22.6	22.5	22.8	22.5	47600
2018-07-13	22.6	22.5	22.8	22.5	222100
2018-07-16	22.6	22.1	22.6	22.2	148200
2018-07-17	22.1	21.9	22.2	22.0	128600
2018-07-18	22.0	22.0	22.4	22.2	29900
2018-07-19	22.2	22.0	22.4	22.4	51100
2018-07-20	22.3	22.2	22.5	22.4	112900
2018-07-23	22.2	22.2	22.5	22.4	56500
2018-07-24	22.4	22.2	22.4	22.4	70700
2018-07-25	22.3	22.3	22.5	22.3	209200
2018-07-26	22.3	22.1	22.5	22.4	179700
2018-07-31	22.4	22.4	22.9	22.6	470700
2018-08-01	22.8	22.5	22.8	22.5	162200
2018-08-02	22.5	22.2	22.5	22.3	84200
2018-08-03	22.3	22.2	22.4	22.3	181200
2018-08-06	22.6	22.0	22.6	22.1	78200
2018-08-07	22.1	21.8	22.1	21.8	244100
2018-08-08	21.8	21.8	22.2	22.2	59000
2018-08-09	22.3	22.1	22.3	22.1	73500
2018-08-10	22.0	21.3	22.0	21.7	509700
2018-08-14	21.7	21.5	21.7	21.7	169300
2018-08-15	21.7	21.6	21.9	21.6	83000
2018-08-16	21.8	21.8	22.1	22.0	82000
2018-08-17	22.0	21.6	22.0	21.8	70300
2018-08-20	21.9	21.9	21.9	21.9	6300
2018-08-21	22.1	21.9	22.1	22.0	49200
2018-08-22	21.9	21.8	22.0	21.9	59900
2018-08-23	21.9	21.7	21.9	21.8	15700
2018-08-24	21.7	21.6	21.9	21.8	25900
2018-08-27	21.8	21.8	23.0	23.0	211800
2018-08-28	22.6	22.5	22.8	22.8	109900
2018-08-29	24.9	23.8	25.5	24.4	8355000
2018-08-30	24.4	24.2	24.6	24.2	1206500
2018-08-31	24.0	23.8	24.7	24.7	1173700
2018-09-03	24.7	24.6	24.8	24.7	310300
2018-09-04	24.8	24.4	24.8	24.4	158000
2018-09-05	24.4	23.5	24.4	23.5	1187900
2018-09-06	23.9	23.5	24.1	24.0	352700
2018-09-07	23.8	23.8	24.3	24.3	265600
2018-09-10	24.3	24.1	24.9	24.8	739200
2018-09-11	24.9	24.5	24.9	24.6	550900
2018-09-12	24.7	24.5	24.8	24.6	138500
2018-09-13	24.6	24.5	24.9	24.8	361500
2018-09-14	24.8	24.8	25.0	25.0	439900
2018-09-17	25.0	24.6	25.0	24.6	246700
2018-09-18	24.7	24.6	25.0	25.0	945900
2018-09-19	25.0	24.9	25.25	24.9	1607700
2018-09-20	24.9	24.7	24.9	24.7	107600
2018-09-21	25.0	24.8	25.0	24.9	178400
2018-09-24	24.9	24.8	24.9	24.8	43800
2018-09-25	24.8	24.7	24.9	24.8	113000
2018-09-26	24.8	24.6	24.8	24.7	94000
2018-09-27	24.7	24.5	24.7	24.6	65200
2018-09-28	24.5	24.5	24.7	24.5	415300
2018-10-01	24.7	24.6	24.7	24.7	220300
2018-10-02	24.6	24.6	24.8	24.7	571000
2018-10-03	24.6	24.6	24.8	24.8	110000
2018-10-04	24.6	24.6	24.8	24.7	186700
2018-10-05	24.7	24.5	24.7	24.7	93400
2018-10-08	24.7	24.4	24.7	24.4	91100
2018-10-09	24.3	24.2	24.6	24.2	142100
2018-10-10	24.5	24.2	24.5	24.4	74400
2018-10-11	24.1	24.0	24.2	24.1	202100
2018-10-12	24.2	24.0	24.2	24.1	34100
2018-10-16	24.2	24.1	24.4	24.1	40500
2018-10-17	24.1	24.0	24.2	24.2	57000
2018-10-18	24.0	23.9	24.2	23.9	53500
2018-10-19	23.9	23.5	23.9	23.5	318100
2018-10-22	23.5	23.3	23.5	23.3	137200
2018-10-24	23.3	23.1	23.4	23.2	95000
2018-10-25	22.7	22.7	23.1	22.9	131200
2018-10-26	23.1	22.8	23.3	22.8	90800
2018-10-29	22.8	22.7	23.0	23.0	82300
2018-10-30	22.8	22.7	23.0	22.9	97800
2018-10-31	22.9	22.9	23.3	23.3	76500
2018-11-01	23.3	23.1	23.4	23.2	20500
2018-11-02	23.2	23.0	23.2	23.2	38300
2018-11-05	23.1	22.8	23.1	23.0	42000
2018-11-06	23.0	22.9	23.1	23.0	18100
2018-11-07	22.9	22.5	22.9	22.7	71400
2018-11-08	22.7	22.7	23.4	23.1	81500
2018-11-09	22.7	22.7	22.9	22.8	121300
2018-11-12	22.8	22.5	22.8	22.8	44700
2018-11-13	22.5	21.9	22.5	22.5	391900
2018-11-14	22.5	22.0	22.5	22.5	248800
2018-11-15	22.5	22.1	22.5	22.3	13800
2018-11-16	22.2	22.1	22.3	22.3	41300
2018-11-19	22.1	21.7	22.1	21.8	141600
2018-11-20	21.7	21.4	21.8	21.4	148100
2018-11-21	21.3	21.1	21.6	21.5	99800
2018-11-22	21.5	21.3	21.5	21.3	23600
2018-11-23	21.3	21.3	21.7	21.7	20100
2018-11-26	21.6	21.4	21.6	21.6	25800
2018-11-27	21.6	21.4	21.6	21.5	187200
2018-11-28	21.5	21.4	21.7	21.4	195700
2018-11-29	21.4	21.2	21.5	21.3	217000
2018-11-30	21.3	21.1	21.3	21.3	156700
2018-12-03	21.3	21.2	21.4	21.2	258100
2018-12-04	21.2	21.1	21.2	21.2	78100
2018-12-06	21.0	20.9	21.2	20.9	165900
2018-12-07	20.9	20.8	21.1	21.0	174800
2018-12-11	20.9	20.8	21.0	21.0	25200
2018-12-12	21.0	20.9	21.0	21.0	13200
2018-12-13	21.0	20.7	21.1	20.8	113800
2018-12-14	20.7	20.7	21.0	21.0	118700
2018-12-17	21.0	20.8	21.0	21.0	27900
2018-12-18	20.8	20.6	20.8	20.7	39500
2018-12-19	20.8	20.8	21.0	21.0	21100
2018-12-20	21.0	20.6	21.0	20.7	17900
2018-12-21	20.7	20.6	20.8	20.6	27100
2018-12-24	20.8	20.5	20.8	20.6	42200
2018-12-25	20.6	20.4	20.6	20.5	37800
2018-12-26	20.5	19.7	20.5	19.8	165900
2018-12-27	20.0	19.8	20.0	19.8	95400
2018-12-28	19.8	18.6	19.8	18.6	319000
2019-01-02	18.7	18.6	19.1	18.8	968700
2019-01-03	18.8	18.3	18.8	18.6	691000
2019-01-04	18.6	18.4	18.7	18.7	248200
2019-01-07	18.9	18.9	19.1	19.0	76500
2019-01-08	19.0	19.0	19.6	19.6	116500
2019-01-09	19.4	19.0	19.5	19.3	930800
2019-01-10	19.2	18.1	19.2	18.3	2373300
2019-01-11	18.5	18.5	19.2	19.1	361300
2019-01-14	19.2	18.9	19.3	19.0	96100
2019-01-15	19.1	18.8	19.2	19.1	76700
2019-01-16	19.1	18.9	19.2	19.1	80600
2019-01-17	19.0	19.0	19.2	19.0	37200
2019-01-18	19.0	18.7	19.0	18.7	152900
2019-01-21	18.8	18.6	19.0	18.8	90900
2019-01-22	18.8	18.7	19.1	19.0	82100
2019-01-23	19.0	19.0	19.7	19.7	247300
2019-01-24	19.7	19.4	19.8	19.4	98400
2019-01-25	19.4	19.2	19.4	19.2	108000
2019-01-28	19.5	19.3	19.5	19.3	6700
2019-01-29	19.3	18.9	19.3	19.1	172300
2019-01-30	19.0	19.0	19.1	19.1	36300
2019-01-31	19.2	19.0	19.2	19.0	115500
2019-02-01	19.0	19.0	19.2	19.1	124900
2019-02-04	19.1	18.9	19.2	18.9	82600
2019-02-05	19.0	18.8	19.1	18.9	175500
2019-02-06	18.9	18.9	19.1	19.0	170400
2019-02-07	19.0	18.7	19.2	18.9	446600
2019-02-08	18.9	18.9	19.1	19.1	134800
2019-02-11	19.2	18.9	19.2	19.0	119300
2019-02-12	19.0	18.8	19.0	18.8	282800
2019-02-13	19.0	19.0	19.5	19.3	648500
2019-02-14	19.5	19.3	20.1	20.0	769600
2019-02-15	20.1	19.9	20.1	19.9	373100
2019-02-18	20.1	20.1	20.4	20.1	102700
2019-02-20	20.2	20.1	20.7	20.7	431900
2019-02-21	20.7	20.4	21.3	21.3	680800
2019-02-22	21.3	21.0	21.4	21.0	262700
2019-02-25	21.2	20.9	21.2	21.2	330100
2019-02-26	21.3	21.0	21.4	21.4	179000
2019-02-27	21.4	21.3	22.3	22.0	1272100
2019-02-28	22.1	21.9	22.1	22.0	631700
2019-03-01	22.0	21.7	22.0	21.7	86300
2019-03-04	21.6	21.3	21.6	21.3	85900
2019-03-05	21.3	21.3	21.8	21.8	93100
2019-03-06	21.7	21.6	21.7	21.6	188100
2019-03-07	21.6	21.5	21.6	21.6	58400
2019-03-08	21.6	21.5	21.6	21.5	31700
2019-03-11	21.6	21.5	21.6	21.5	14500
2019-03-12	21.6	21.5	22.0	21.5	128700
2019-03-13	21.5	21.5	21.9	21.9	87600
2019-03-14	21.9	21.8	22.4	22.3	807800
2019-03-15	22.6	22.1	22.6	22.2	724600
2019-03-18	22.3	22.3	22.5	22.3	688900
2019-03-19	21.9	21.9	22.1	22.1	89400
2019-03-20	22.1	21.6	22.1	21.8	180000
2019-03-21	21.8	21.8	22.0	22.0	348600
2019-03-22	22.0	21.8	22.0	21.8	98400
2019-03-25	21.7	21.3	21.7	21.7	318400
2019-03-26	21.8	21.8	22.2	22.1	912300
2019-03-27	22.1	22.0	22.2	22.0	94500
2019-03-28	22.1	22.0	22.3	22.2	57100
2019-03-29	22.2	22.2	22.4	22.3	96100
2019-04-01	22.3	22.3	22.5	22.3	215400
2019-04-02	22.5	22.3	22.5	22.4	158600
2019-04-03	22.4	22.4	22.5	22.4	29600
2019-04-04	22.4	22.2	22.5	22.4	47200
2019-04-05	22.3	22.2	22.3	22.3	74800
2019-04-09	22.2	22.2	22.3	22.3	12700
2019-04-10	22.3	22.3	23.1	23.1	323800
2019-04-11	23.0	22.7	23.0	22.8	230400
2019-04-12	22.6	22.5	22.8	22.6	239700
2019-04-17	22.6	22.6	23.7	23.5	517000
2019-04-18	23.5	23.4	24.0	24.0	578600
2019-04-19	24.0	23.6	24.1	23.8	254600
2019-04-22	23.8	23.5	23.8	23.6	259100
2019-04-23	23.6	23.4	23.6	23.5	214200
2019-04-24	23.5	23.0	23.5	23.5	1313700
2019-04-25	23.5	23.3	23.7	23.6	321900
2019-04-26	23.7	23.6	23.9	23.8	303000
2019-04-29	23.9	23.8	24.2	24.1	277500
2019-04-30	23.9	23.9	24.1	24.0	32600
2019-05-02	24.0	23.9	24.2	24.0	323900
2019-05-03	24.0	24.0	24.3	24.2	665900
2019-05-07	24.1	23.7	24.1	24.0	82400
2019-05-08	23.8	23.7	23.9	23.7	289200
2019-05-09	23.8	23.4	23.9	23.7	272800
2019-05-10	23.7	23.4	23.7	23.5	355900
2019-05-13	23.6	23.5	24.1	24.1	394800
2019-05-14	24.7	23.7	24.8	24.0	1856000
2019-05-15	24.0	23.3	24.1	23.3	598900
2019-05-16	23.1	22.7	23.3	22.8	377200
2019-05-17	22.9	22.5	23.2	23.0	776100
2019-05-21	23.3	22.8	23.4	23.3	340400
2019-05-22	23.2	23.1	23.5	23.2	694400
2019-05-23	23.4	23.3	23.5	23.4	199900
2019-05-24	23.2	23.1	23.3	23.3	69500
2019-05-27	23.4	23.3	23.5	23.4	124000
2019-05-28	23.4	23.4	23.8	23.7	114800
2019-05-29	23.7	23.2	23.7	23.4	218400
2019-05-30	23.3	23.3	23.6	23.6	117800
2019-05-31	23.4	23.3	23.5	23.5	148300
2019-06-04	23.3	23.3	23.7	23.7	168900
2019-06-05	23.8	23.5	23.8	23.7	83700
2019-06-06	23.8	23.3	23.8	23.4	208700
2019-06-07	23.3	23.3	23.5	23.5	71400
2019-06-10	23.6	23.3	23.6	23.5	133500
2019-06-11	23.5	23.3	23.5	23.4	126800
2019-06-12	23.3	23.1	23.4	23.1	70800
2019-06-13	23.3	23.2	23.4	23.3	72000
2019-06-14	23.3	23.3	23.5	23.5	75200
2019-06-17	23.5	23.3	23.5	23.4	88100
2019-06-18	23.3	23.3	23.5	23.4	50400
2019-06-19	23.4	23.4	23.5	23.5	121300
2019-06-20	23.4	23.4	23.6	23.6	122500
2019-06-21	23.7	23.6	24.6	24.5	1272700
2019-06-24	24.8	24.7	25.25	25.25	2123100
2019-06-25	25.5	25.0	26.0	26.0	2717000
2019-06-26	25.75	25.5	26.0	26.0	699900
2019-06-27	25.75	25.5	26.0	25.75	754300
2019-06-28	25.5	25.5	26.0	25.75	449700
2019-07-01	25.75	25.75	26.0	26.0	325200
2019-07-02	25.75	24.7	25.75	24.8	1130600
2019-07-03	24.7	24.7	25.5	25.5	309900
2019-07-04	25.75	25.25	26.0	25.5	1047500
2019-07-05	25.75	25.25	25.75	25.5	79600
2019-07-08	25.5	24.7	25.5	24.9	648200
2019-07-09	24.9	24.9	25.25	25.0	210500
2019-07-10	25.0	25.0	26.25	26.25	1457000
2019-07-11	26.25	25.75	26.25	25.75	515700
2019-07-12	25.75	25.75	26.5	26.25	1005500
2019-07-15	26.25	26.0	26.75	26.75	1421400
2019-07-17	26.75	26.25	27.0	26.25	691400
2019-07-18	26.0	26.0	26.75	26.5	525000
2019-07-19	26.5	26.0	26.75	26.25	589300
2019-07-22	26.5	26.25	26.75	26.75	446000
2019-07-23	26.75	26.5	26.75	26.5	258500
2019-07-24	26.75	26.5	27.0	26.75	566100
2019-07-25	26.75	26.75	27.25	27.25	1181700
2019-07-26	27.25	26.75	27.25	27.25	574600
2019-07-30	27.25	26.75	27.25	27.0	260600
2019-07-31	27.25	26.75	27.25	27.25	229200
2019-08-01	27.0	25.75	27.0	26.25	667900
2019-08-02	26.0	25.75	26.5	26.5	367200
2019-08-05	26.5	26.25	26.75	26.75	79500
2019-08-06	26.25	26.0	26.5	26.0	748900
2019-08-07	26.0	26.0	26.75	26.75	334500
2019-08-08	26.75	26.5	27.0	27.0	353000
2019-08-09	27.0	26.5	27.0	26.5	467900
2019-08-13	26.5	26.0	26.5	26.5	440900
2019-08-14	26.5	25.0	26.5	26.0	1873900
2019-08-15	25.5	25.0	26.0	25.25	1311800
2019-08-16	25.25	24.9	25.5	24.9	921000
2019-08-19	24.8	23.9	24.8	24.0	2101400
2019-08-20	24.2	24.1	24.7	24.5	1105000
2019-08-21	24.6	24.4	24.8	24.5	814500
2019-08-22	24.7	24.7	25.25	24.9	830300
2019-08-23	25.25	25.0	25.75	25.75	340500
2019-08-26	25.25	25.0	25.5	25.5	380200
2019-08-27	25.5	25.5	26.25	26.0	629900
2019-08-28	25.75	25.25	25.75	25.75	579000
2019-08-29	25.75	25.5	26.0	25.5	167400
2019-08-30	25.75	25.5	25.75	25.75	107600
2019-09-02	25.75	24.9	25.75	25.0	563200
2019-09-03	25.0	24.8	25.5	25.0	440900
2019-09-04	25.0	24.7	25.0	24.8	208000
2019-09-05	24.6	24.6	25.0	24.9	710600
2019-09-06	25.25	25.0	25.75	25.0	1644700
2019-09-09	25.0	25.0	25.75	25.25	696700
2019-09-10	25.5	25.25	25.75	25.5	773500
2019-09-11	25.5	25.0	25.75	25.5	615800
2019-09-12	25.5	25.25	26.25	26.25	690500
2019-09-13	26.25	25.75	26.5	26.0	898500
2019-09-16	26.25	26.0	26.75	26.5	747800
2019-09-17	26.5	26.5	27.0	26.75	458000
2019-09-18	26.75	26.0	27.0	26.25	550800
2019-09-19	26.0	26.0	26.75	26.25	285300
2019-09-20	26.25	25.5	26.25	26.0	179200
2019-09-23	26.25	25.5	26.25	26.0	95700
2019-09-24	25.75	25.5	26.0	26.0	159400
2019-09-25	25.75	25.25	26.0	25.5	161900
2019-09-26	25.75	25.5	25.75	25.75	65900
2019-09-27	25.75	25.75	26.0	25.75	93600
2019-09-30	25.75	25.75	26.0	26.0	29800
2019-10-01	26.25	25.25	26.25	25.5	71900
2019-10-02	25.5	25.0	25.5	25.25	417300
2019-10-03	25.25	25.0	25.5	25.5	61200
2019-10-04	25.5	25.0	25.75	25.75	135000
2019-10-07	25.75	25.0	25.75	25.0	448400
2019-10-08	25.25	25.0	25.5	25.0	163900
2019-10-09	25.0	24.8	25.25	24.9	266200
2019-10-10	24.8	24.8	25.25	25.25	320900
2019-10-11	25.0	25.0	25.5	25.0	288700
2019-10-15	25.0	24.9	25.25	24.9	148200
2019-10-16	24.9	24.9	25.5	25.25	108700
2019-10-17	25.25	24.8	25.5	24.9	162700
2019-10-18	25.25	25.0	26.0	26.0	1418200
2019-10-21	26.25	25.75	26.25	25.75	327300
2019-10-22	26.0	25.75	26.25	26.0	267800
2019-10-24	26.25	25.75	26.25	26.0	563200
2019-10-25	26.25	25.75	26.25	26.0	313800
2019-10-28	26.0	25.5	26.0	25.5	179700
2019-10-29	25.5	25.0	25.75	25.5	110100
2019-10-30	25.5	25.25	25.75	25.25	89800
2019-10-31	25.25	25.25	25.75	25.5	187400
2019-11-01	25.5	25.25	25.75	25.5	104900
2019-11-04	25.5	25.0	25.75	25.25	683800
2019-11-05	25.25	24.7	25.25	24.9	720600
2019-11-06	24.7	24.6	24.9	24.7	579800
2019-11-07	24.6	24.6	25.5	25.25	384300
2019-11-08	25.25	25.0	25.5	25.0	375800
2019-11-11	25.0	24.7	25.0	25.0	317900
2019-11-12	25.0	24.7	25.25	25.25	1021600
2019-11-13	25.0	24.8	25.25	24.9	847700
2019-11-14	24.7	24.6	24.9	24.8	331600
2019-11-15	24.7	24.3	24.8	24.6	473200
2019-11-18	24.5	24.0	24.8	24.2	613300
2019-11-19	24.1	24.0	24.3	24.2	400500
2019-11-20	24.1	24.1	24.4	24.2	113800
2019-11-21	24.2	24.0	24.3	24.2	556200
2019-11-22	24.2	24.1	24.3	24.3	99000
2019-11-25	24.3	24.2	24.5	24.5	132100
2019-11-26	24.5	24.5	24.7	24.7	182200
2019-11-27	24.7	24.6	24.9	24.8	135500
2019-11-28	24.8	24.7	24.9	24.9	397600
2019-11-29	24.9	24.8	25.0	24.9	216300
2019-12-02	24.9	24.7	25.0	24.9	368900
2019-12-03	24.8	24.6	24.8	24.7	547000
2019-12-04	24.7	24.5	24.8	24.6	100700
2019-12-06	24.7	24.7	24.9	24.8	223100
2019-12-09	25.0	24.9	25.25	25.25	476400
2019-12-11	25.25	25.25	26.25	26.25	1537400
2019-12-12	26.0	25.75	26.25	26.0	723000
2019-12-13	25.75	25.75	26.25	26.25	612400
2019-12-16	26.0	25.75	26.25	25.75	360000
2019-12-17	25.75	25.25	26.0	26.0	738100
2019-12-18	26.0	25.25	26.25	25.25	239200
2019-12-19	25.5	25.5	26.0	25.75	731800
2019-12-20	25.75	25.5	26.0	26.0	414200
2019-12-23	25.75	25.75	26.25	26.0	247500
2019-12-24	26.0	26.0	26.25	26.0	1595300
2019-12-25	26.0	25.25	26.0	25.5	456200
2019-12-26	24.5	24.5	25.25	25.25	676800
2019-12-27	25.0	25.0	25.5	25.0	147200
2019-12-30	25.25	24.8	25.5	25.25	83200
2020-01-02	25.25	25.0	25.75	25.25	379700
2020-01-03	25.0	24.9	25.25	25.0	174600
2020-01-06	24.8	24.4	24.9	24.4	496800
2020-01-07	24.5	24.4	24.9	24.8	293900
2020-01-08	24.6	24.5	24.8	24.6	104100
2020-01-09	24.5	24.1	24.6	24.3	800200
2020-01-10	24.4	24.3	24.5	24.4	153600
2020-01-13	24.3	24.2	24.5	24.4	355600
2020-01-14	24.4	24.2	24.7	24.7	528800
2020-01-15	25.0	24.7	25.25	24.7	1249800
2020-01-16	24.9	24.8	25.0	24.8	204500
2020-01-17	24.9	24.7	24.9	24.8	181300
2020-01-20	24.9	24.7	24.9	24.7	60400
2020-01-21	24.8	24.4	24.8	24.5	230100
2020-01-22	24.5	23.9	24.5	24.3	949800
2020-01-23	24.4	24.4	24.7	24.7	303900
2020-01-24	24.7	24.7	25.5	25.25	709300
2020-01-27	25.25	24.9	25.5	25.25	596500
2020-01-28	25.25	24.7	25.25	24.9	216100
2020-01-29	24.7	24.7	25.0	25.0	141500
2020-01-30	24.8	24.8	25.0	25.0	12200
2020-01-31	25.0	24.8	25.25	24.8	132200
2020-02-03	24.8	24.6	24.9	24.6	117700
2020-02-04	24.8	24.6	24.8	24.8	96700
2020-02-05	24.8	24.7	25.0	25.0	242800
2020-02-06	25.25	24.8	25.25	24.9	60900
2020-02-07	25.0	24.9	25.25	25.25	204200
2020-02-11	25.0	24.9	25.25	24.9	163700
2020-02-12	24.9	24.7	25.0	24.9	152800
2020-02-13	24.9	24.8	25.0	24.8	88400
2020-02-14	24.8	24.3	24.8	24.5	310700
2020-02-17	24.4	24.3	24.5	24.4	172300
2020-02-18	24.5	24.4	24.6	24.6	111500
2020-02-19	24.6	24.6	24.8	24.7	295800
2020-02-20	24.6	24.6	24.8	24.6	236500
2020-02-21	24.6	24.4	24.8	24.6	215300
2020-02-24	24.9	24.2	24.9	24.2	273500
2020-02-25	24.7	23.8	24.9	24.0	818100
2020-02-26	24.0	23.2	24.3	23.2	745300
2020-02-27	23.3	23.3	23.7	23.5	709000
2020-02-28	23.4	22.7	23.5	22.9	1469800
2020-03-02	23.4	22.4	23.4	23.0	733300
2020-03-03	23.8	23.3	23.8	23.5	277100
2020-03-04	23.6	23.2	23.7	23.5	356600
2020-03-05	23.8	23.4	24.1	23.7	736000
2020-03-06	23.2	23.2	23.8	23.8	223600
2020-03-09	23.8	23.0	23.8	23.0	555600
2020-03-10	24.0	23.0	24.0	23.4	229400
2020-03-11	23.9	23.1	23.9	23.5	224400
2020-03-12	23.0	22.0	23.0	22.0	715600
2020-03-13	20.8	19.4	21.3	20.9	809100
2020-03-16	20.7	20.3	21.1	20.3	197200
2020-03-17	20.0	19.7	20.9	19.7	295900
2020-03-18	19.7	19.0	20.0	19.0	448900
2020-03-19	19.0	18.5	19.1	19.1	311300
2020-03-20	19.2	19.0	20.1	20.0	417700
2020-03-23	19.1	18.5	19.4	18.7	307700
2020-03-24	19.4	18.6	19.4	18.8	165000
2020-03-25	19.0	19.0	19.3	19.1	701400
2020-03-26	19.0	18.8	19.1	19.0	283900
2020-03-27	19.1	18.8	19.5	18.9	488400
2020-03-30	18.9	18.6	19.0	18.8	303800
2020-03-31	18.8	18.7	19.0	18.8	834900
2020-04-01	18.8	18.6	18.8	18.7	336800
2020-04-02	18.6	18.6	18.7	18.7	159400
2020-04-03	18.7	18.7	19.0	18.9	358000
2020-04-07	19.3	19.3	20.5	20.3	905400
2020-04-08	20.1	19.9	20.4	20.1	313200
2020-04-09	20.1	19.9	20.6	20.1	485700
2020-04-10	20.2	20.0	20.2	20.2	104700
2020-04-13	20.2	20.0	20.3	20.2	177300
2020-04-14	20.2	20.2	21.5	21.4	491200
2020-04-15	21.8	21.2	21.8	21.2	335600
2020-04-16	21.2	20.6	21.2	20.6	203000
2020-04-17	20.8	20.7	21.1	21.1	142500
2020-04-20	21.4	21.2	21.7	21.6	118700
2020-04-21	21.5	21.4	21.7	21.5	25700
2020-04-22	21.5	21.3	21.7	21.5	79200
2020-04-23	21.6	21.5	21.8	21.7	219100
2020-04-24	21.8	21.8	22.5	22.5	344000
2020-04-27	22.8	22.7	23.0	22.7	183900
2020-04-28	22.9	22.6	22.9	22.7	102400
2020-04-29	22.7	22.6	22.9	22.6	79800
2020-04-30	22.8	22.5	22.9	22.8	152300
2020-05-05	22.7	22.4	22.7	22.4	167100
2020-05-07	22.3	22.0	22.5	22.2	206900
2020-05-08	22.2	21.9	22.2	22.0	140600
2020-05-11	21.9	21.9	22.6	22.5	54300
2020-05-12	22.2	22.2	22.7	22.5	154500
2020-05-13	22.5	22.3	22.6	22.3	70400
2020-05-14	22.2	21.5	22.2	21.9	293400
2020-05-15	21.9	21.8	22.0	22.0	14400
2020-05-18	22.5	21.9	22.5	22.0	44300
2020-05-19	22.0	22.0	22.3	22.1	69400
2020-05-20	22.3	21.7	22.3	21.9	127400
2020-05-21	21.9	21.6	21.9	21.6	255900
2020-05-22	21.9	21.5	21.9	21.5	219200
2020-05-25	21.7	21.6	21.9	21.8	60200
2020-05-26	21.8	21.7	22.0	21.8	137600
2020-05-27	22.1	21.9	22.1	22.1	128300
2020-05-28	22.2	21.8	22.3	22.0	298600
2020-05-29	21.8	21.8	22.0	22.0	74000
2020-06-01	22.0	21.9	22.3	22.1	237000
2020-06-02	22.3	22.3	22.5	22.5	461600
2020-06-04	23.0	22.6	23.0	22.8	324400
2020-06-05	22.9	22.5	22.9	22.6	172300
2020-06-08	22.8	22.5	22.9	22.8	349500
2020-06-09	22.8	22.4	22.8	22.7	461500
2020-06-10	22.7	22.4	22.9	22.5	178800
2020-06-11	22.5	22.2	22.7	22.3	163600
2020-06-12	21.8	21.5	22.5	22.3	230900
2020-06-15	22.4	21.6	22.4	21.6	233800
2020-06-16	21.7	21.6	21.8	21.7	88000
2020-06-17	21.7	21.6	22.0	21.9	109700
2020-06-18	21.9	21.7	22.0	21.9	15700
2020-06-19	21.8	21.8	22.1	21.9	27400
2020-06-22	21.8	21.7	21.9	21.7	41700
2020-06-23	22.0	22.0	22.3	22.1	124200
2020-06-24	22.4	21.7	22.4	21.8	64100
2020-06-25	21.2	21.1	21.5	21.1	334700
2020-06-26	21.3	21.3	21.5	21.3	16200
2020-06-29	21.1	20.8	21.2	21.0	91800
2020-06-30	21.0	21.0	21.3	21.3	65900
2020-07-01	21.3	21.1	21.3	21.1	35700
2020-07-02	21.1	21.0	21.2	21.1	276900
2020-07-03	21.1	21.0	21.3	21.2	67700
2020-07-07	21.4	21.2	21.6	21.5	148100
2020-07-08	21.6	21.3	21.6	21.5	116400
2020-07-09	21.4	21.4	21.9	21.9	183400
2020-07-10	21.9	21.4	21.9	21.4	274100
2020-07-13	21.4	21.4	22.0	21.8	149100
2020-07-14	21.5	21.5	22.4	22.3	290500
2020-07-15	22.5	22.0	22.5	22.3	294900
2020-07-16	22.5	22.1	22.5	22.4	230800
2020-07-17	22.4	21.7	22.4	22.1	561800
2020-07-20	22.2	21.9	22.2	21.9	14600
2020-07-21	21.9	21.9	22.4	22.3	75300
2020-07-22	22.5	21.9	22.5	21.9	87000
2020-07-23	22.0	21.7	22.0	21.8	180700
2020-07-24	21.8	21.7	21.8	21.7	57700
2020-07-29	21.8	21.6	22.0	21.6	28200
2020-07-30	21.6	21.4	21.7	21.6	64400
2020-07-31	21.6	21.4	21.8	21.6	35600
2020-08-03	21.8	21.6	22.2	22.0	109400
2020-08-04	22.2	21.7	22.3	22.2	127100
2020-08-05	22.2	22.1	22.5	22.4	171200
2020-08-06	22.4	22.1	22.4	22.2	89300
2020-08-07	21.7	21.7	22.2	22.2	98500
2020-08-10	22.3	22.2	22.7	22.2	178800
2020-08-11	22.7	22.6	23.0	22.7	563100
2020-08-13	23.0	22.7	23.2	22.8	230900
2020-08-14	23.1	22.3	23.1	22.6	98200
2020-08-17	22.8	22.4	22.8	22.8	35700
2020-08-18	22.9	22.7	23.1	22.9	115200
2020-08-19	23.3	22.5	23.4	22.8	146800
2020-08-20	22.4	22.3	22.7	22.4	136700
2020-08-21	22.3	22.3	22.7	22.7	76900
2020-08-24	22.0	21.8	22.3	22.2	148700
2020-08-25	21.9	21.9	22.2	21.9	50000
2020-08-26	21.8	21.7	21.9	21.9	162800
2020-08-27	21.8	21.6	21.9	21.6	130200
2020-08-28	21.7	21.4	21.8	21.5	327800
2020-08-31	21.5	21.4	22.1	21.5	217800
2020-09-01	21.6	21.5	22.0	21.7	51700
2020-09-02	21.7	21.7	21.9	21.9	14900
2020-09-03	21.8	21.7	22.0	22.0	94100
2020-09-08	21.9	21.7	22.0	21.8	66900
2020-09-09	21.7	21.5	22.6	22.5	484200
2020-09-10	22.3	22.3	22.5	22.4	186500
2020-09-11	22.5	22.2	22.7	22.4	456300
2020-09-14	22.5	22.4	22.6	22.5	106100
2020-09-15	22.6	22.1	22.6	22.4	77500
2020-09-16	22.2	22.1	22.5	22.4	46300
2020-09-17	22.4	22.2	22.5	22.4	56600
2020-09-18	22.5	21.8	22.5	21.9	109700
2020-09-21	22.3	21.7	22.3	21.9	234700
2020-09-22	21.8	21.8	22.0	22.0	170400
2020-09-23	22.0	22.0	22.2	22.2	137000
2020-09-24	22.2	22.0	22.5	22.0	286000
2020-09-25	22.3	22.0	22.4	22.3	106000
2020-09-28	22.4	22.2	22.5	22.3	106400
2020-09-29	22.3	22.3	22.6	22.3	179700
2020-09-30	22.2	22.2	22.5	22.4	143100
2020-10-01	22.4	21.9	22.4	22.1	151300
2020-10-02	22.4	22.0	22.4	22.2	52700
2020-10-05	21.9	21.9	22.3	22.2	115200
2020-10-06	22.3	21.9	22.3	22.0	52600
2020-10-07	22.1	21.9	22.1	22.0	56400
2020-10-08	22.0	22.0	22.1	22.1	65100
2020-10-09	22.1	22.0	22.3	22.0	13900
2020-10-12	22.1	22.0	22.3	22.0	59100
2020-10-14	22.1	22.1	22.4	22.2	101600
2020-10-15	22.2	22.2	22.5	22.4	257000
2020-10-16	22.4	22.2	22.4	22.4	50000
2020-10-19	22.1	21.9	22.2	22.2	108800
2020-10-20	22.2	21.7	22.2	22.1	392600
2020-10-21	22.2	22.2	22.3	22.2	16100
2020-10-22	22.2	21.2	22.2	21.2	865600
2020-10-26	21.4	21.2	21.6	21.3	195100
2020-10-27	21.3	21.2	21.5	21.4	397300
2020-10-28	21.7	21.5	21.8	21.5	112500
2020-10-29	21.5	21.3	21.6	21.3	70800
2020-10-30	21.3	21.3	21.6	21.5	83900
2020-11-02	21.5	21.3	21.6	21.4	56500
2020-11-03	21.4	21.3	21.6	21.3	221400
2020-11-04	21.4	21.3	21.5	21.5	15400
2020-11-05	21.5	21.4	22.0	21.7	230600
2020-11-06	21.9	21.3	21.9	21.6	129600
2020-11-09	21.8	21.6	22.0	21.9	74700
2020-11-10	22.7	22.3	22.9	22.6	1060200
2020-11-11	22.6	22.2	22.8	22.6	390700
2020-11-12	22.7	22.3	22.7	22.6	94500
2020-11-13	22.4	22.3	22.6	22.3	298900
2020-11-16	22.6	22.4	23.2	22.9	487500
2020-11-17	22.9	22.6	23.0	22.7	312900
2020-11-18	22.5	22.4	22.7	22.7	199900
2020-11-19	22.9	22.6	23.0	22.7	120800
2020-11-20	22.6	22.5	22.8	22.7	101900
2020-11-23	22.8	22.8	23.3	23.3	333500
2020-11-24	23.5	22.7	23.5	22.7	374800
2020-11-25	22.7	22.4	23.0	22.6	273600
2020-11-26	22.8	22.8	23.1	22.9	151100
2020-11-27	22.9	22.9	23.3	23.1	172000
2020-11-30	23.2	23.0	23.3	23.1	247000
2020-12-01	23.2	22.9	23.2	23.0	81400
2020-12-02	23.0	22.9	24.2	23.9	667700
2020-12-03	24.0	23.6	24.0	23.6	330800
2020-12-04	23.7	23.7	24.0	23.9	149200
2020-12-08	24.0	23.6	24.0	23.6	285100
2020-12-09	23.7	23.5	23.9	23.6	96700
2020-12-14	23.6	23.5	23.8	23.6	63000
2020-12-15	23.7	23.6	23.8	23.6	112300
2020-12-16	23.9	23.5	23.9	23.5	132200
2020-12-17	23.5	23.5	24.0	23.8	246100
2020-12-18	24.1	23.9	24.2	24.1	165400
2020-12-21	23.3	23.0	23.9	23.1	339900
2020-12-22	23.0	22.9	23.3	23.3	203400
2020-12-23	23.4	23.2	23.5	23.2	126300
2020-12-24	23.3	22.8	23.5	23.2	85500
2020-12-25	23.3	23.2	23.5	23.4	87700
2020-12-28	23.4	23.1	23.4	23.4	82500
2020-12-29	23.4	23.2	23.7	23.7	115300
2020-12-30	23.8	23.6	24.0	23.7	255500
2021-01-04	23.2	23.2	23.6	23.6	74900
2021-01-05	23.9	23.3	23.9	23.6	152800
2021-01-06	23.6	23.3	23.7	23.5	138100
2021-01-07	23.6	23.4	23.7	23.7	252900
2021-01-08	24.0	24.0	26.25	25.75	3053400
2021-01-11	26.0	25.75	27.5	26.25	2259300
2021-01-12	27.0	25.75	27.0	26.0	350600
2021-01-13	26.25	25.5	26.25	26.0	268400
2021-01-14	25.5	25.25	26.0	25.5	527800
2021-01-15	25.5	24.9	25.5	25.25	550900
2021-01-18	25.25	24.8	25.25	25.25	254600
2021-01-19	25.0	25.0	25.75	25.5	171000
2021-01-20	25.75	25.0	25.75	25.25	354900
2021-01-21	25.25	24.3	25.5	24.3	1106900
2021-01-22	24.4	24.1	24.6	24.3	406500
2021-01-25	24.5	23.9	24.5	24.5	348000
2021-01-26	24.4	24.3	25.0	25.0	250300
2021-01-27	25.25	24.7	25.5	25.0	427600
2021-01-28	24.8	24.6	25.0	24.7	202300
2021-01-29	24.9	24.4	25.0	24.6	226800
2021-02-01	24.7	24.6	24.9	24.6	162100
2021-02-02	24.9	24.7	24.9	24.8	214100
2021-02-03	24.9	24.8	25.25	25.25	372400
2021-02-04	25.25	24.9	25.25	24.9	171900
2021-02-05	25.0	24.8	25.25	25.0	253300
2021-02-08	25.0	24.9	25.5	25.0	295000
2021-02-09	25.0	25.0	25.25	25.0	123800
2021-02-10	25.0	25.0	26.0	26.0	752400
2021-02-11	26.0	25.25	26.0	25.25	275600
2021-02-15	25.5	25.0	25.5	25.25	168600
2021-02-16	25.25	25.0	25.5	25.25	115900
2021-02-17	25.25	25.0	25.5	25.5	216500
2021-02-18	25.5	25.25	25.75	25.5	175800
2021-02-19	25.5	25.0	25.75	25.75	402300
2021-02-22	25.75	25.0	25.75	25.25	280000
2021-02-23	25.25	24.9	25.75	25.0	953900
2021-02-24	25.25	25.0	25.75	25.0	884700
2021-02-25	25.25	25.0	25.5	25.25	430300
2021-03-01	25.25	24.8	25.25	24.8	392000
2021-03-02	24.8	24.8	25.25	24.9	174000
2021-03-03	25.0	25.0	25.75	25.75	366200
2021-03-04	25.75	25.5	26.25	26.0	551200
2021-03-05	26.25	26.0	26.5	26.25	531700
2021-03-08	26.5	26.25	26.75	26.75	514700
2021-03-09	26.75	26.25	27.0	26.75	503000
2021-03-10	26.5	26.0	27.0	26.5	805300
2021-03-11	26.75	26.0	27.0	26.5	618000
2021-03-12	26.25	26.25	26.75	26.5	283800
2021-03-15	26.5	25.0	26.5	25.5	1929500
2021-03-16	25.5	25.5	26.5	26.5	825000
2021-03-17	26.5	26.0	26.5	26.0	319400
2021-03-18	26.0	26.0	26.5	26.25	399700
2021-03-19	26.25	25.75	26.5	25.75	172500
2021-03-22	26.0	25.75	26.5	25.75	341100
2021-03-23	26.25	26.0	26.5	26.25	482000
2021-03-24	26.5	26.0	28.5	26.75	1608400
2021-03-25	26.75	26.75	28.75	28.25	2027100
2021-03-26	28.25	27.0	28.25	28.0	1056700
2021-03-29	28.0	26.5	28.0	27.0	1006900
2021-03-30	27.0	26.75	27.25	27.0	408500
2021-03-31	27.25	25.75	27.25	26.25	1649500
2021-04-01	26.25	26.0	26.5	26.0	348400
2021-04-02	26.0	26.0	26.75	26.5	379500
2021-04-05	26.5	26.0	29.25	29.0	3186600
2021-04-07	28.5	28.0	28.75	28.0	735500
2021-04-08	27.75	27.25	28.0	27.75	378100
2021-04-09	27.5	27.5	29.0	28.75	1593700
2021-04-12	29.0	28.25	29.75	28.5	1363300
2021-04-16	29.0	27.5	29.0	28.5	546300
2021-04-19	29.0	28.75	29.25	29.25	355100
2021-04-20	29.25	28.75	29.75	28.75	387800
2021-04-21	28.75	28.5	29.0	29.0	193400
2021-04-22	28.75	28.5	29.0	28.5	188100
2021-04-23	28.25	28.25	28.75	28.75	238800
2021-04-26	28.75	28.25	29.75	29.75	749600
2021-04-27	30.0	29.5	30.75	30.25	951300
2021-04-28	30.25	29.5	30.75	30.0	419700
2021-04-29	30.0	29.75	30.25	30.0	256200
2021-04-30	30.0	30.0	31.5	31.5	677300
2021-05-05	32.0	31.25	32.25	31.25	596800
2021-05-06	30.75	30.0	31.25	31.0	656500
2021-05-07	30.25	29.75	30.5	30.0	502000
2021-05-10	29.25	29.0	30.0	29.5	433700
2021-05-11	29.5	28.0	29.5	28.0	1559200
2021-05-12	28.0	28.0	29.25	29.0	715100
2021-05-13	28.5	27.0	29.0	28.5	584300
2021-05-14	28.5	28.5	29.75	29.5	562500
2021-05-17	29.5	28.25	29.75	28.75	563900
2021-05-18	28.75	28.5	29.25	29.0	400900
2021-05-19	29.0	28.5	29.25	29.25	248700
2021-05-20	29.25	28.75	29.5	29.25	313900
2021-05-21	29.0	28.5	29.0	28.75	278700
2021-05-24	28.75	28.5	29.0	29.0	169600
2021-05-25	29.0	28.0	29.0	28.0	529600
2021-05-27	28.0	28.0	28.75	28.75	337000
2021-05-28	28.75	28.25	29.0	28.25	227500
2021-05-31	28.25	28.0	28.75	28.0	328300
2021-06-01	28.0	28.0	28.75	28.5	205600
2021-06-02	28.75	28.25	29.0	28.25	222100
2021-06-04	28.25	28.25	29.0	28.25	253700
2021-06-07	28.5	28.0	29.0	28.25	421200
2021-06-08	28.25	27.75	28.5	28.0	666400
2021-06-09	28.0	27.75	29.5	29.25	1725900
2021-06-10	29.5	29.5	30.25	30.0	1375100
2021-06-11	30.75	29.75	30.75	30.0	143300
2021-06-14	30.0	29.25	30.25	29.75	236400
2021-06-15	29.5	29.25	30.25	29.75	697800
2021-06-16	29.5	29.5	31.5	31.0	1960200
2021-06-17	30.75	30.0	31.25	30.25	536300
2021-06-18	30.25	29.75	30.5	30.25	134100
2021-06-21	29.5	29.5	31.5	31.5	1222100
2021-06-22	31.5	30.5	31.5	30.5	167500
2021-06-23	31.0	30.0	31.0	30.0	222100
2021-06-24	30.0	30.0	31.25	30.5	376600
2021-06-25	30.5	30.0	31.0	30.75	96300
2021-06-28	30.75	30.5	32.5	31.75	1453600
2021-06-29	32.0	31.0	32.0	31.5	346500
2021-06-30	31.5	30.75	31.75	31.0	284200
2021-07-01	31.0	30.75	31.5	31.0	96200
2021-07-02	31.5	31.0	31.5	31.5	284400
2021-07-05	31.5	31.0	32.0	31.25	415500
2021-07-06	31.25	31.0	31.5	31.25	156600
2021-07-07	31.5	31.0	31.5	31.25	160900
2021-07-08	30.75	30.75	33.25	31.25	1876800
2021-07-09	32.0	31.25	33.0	33.0	1264000
2021-07-12	34.0	30.25	34.5	30.75	3556200
2021-07-13	30.75	30.75	32.25	31.25	1080600
2021-07-14	31.25	31.25	32.75	32.75	695800
2021-07-15	33.25	32.0	33.25	32.5	746900
2021-07-16	33.0	32.25	33.0	32.5	182500
2021-07-19	32.5	32.25	33.25	32.75	453400
2021-07-20	32.25	32.25	33.0	33.0	802300
2021-07-21	33.0	32.5	33.75	32.75	1633800
2021-07-22	32.75	32.75	33.5	33.0	922600
2021-07-23	32.75	32.75	33.75	33.75	689900
2021-07-27	34.0	33.25	34.25	34.0	980900
2021-07-29	34.0	34.0	37.75	37.25	4791700
2021-07-30	37.25	36.25	37.75	37.0	1128100
2021-08-02	38.0	36.0	38.25	36.25	2298600
2021-08-03	36.25	35.25	39.0	38.25	4379500
2021-08-04	39.0	37.0	39.0	37.75	2328900
2021-08-05	38.0	36.75	38.0	37.75	994700
2021-08-06	38.0	36.75	38.5	37.75	1913000
2021-08-09	37.0	36.75	38.25	37.0	838000
2021-08-10	37.75	36.5	38.75	37.0	1829500
2021-08-11	37.25	36.0	37.75	36.0	1828800
2021-08-13	36.0	36.0	37.25	37.25	1543500
2021-08-16	36.75	36.25	37.5	37.5	976000
2021-08-17	37.0	36.75	38.0	37.5	392600
2021-08-18	37.75	35.5	37.75	35.5	1815900
2021-08-19	35.5	34.25	36.0	34.75	2505000
2021-08-20	34.75	34.25	35.5	35.5	2180900
2021-08-23	34.5	32.75	34.5	33.0	3425900
2021-08-24	33.0	33.0	35.0	34.25	2178800
2021-08-25	34.0	33.75	34.5	34.25	377400
2021-08-26	34.5	33.75	34.5	34.25	183900
2021-08-27	34.75	33.75	34.75	34.0	259500
2021-08-30	34.0	33.0	34.0	33.25	1643800
2021-08-31	33.0	33.0	33.5	33.25	165300
2021-09-01	33.25	33.0	33.75	33.0	401300
2021-09-02	33.25	33.0	34.5	34.25	1062200
2021-09-03	34.5	33.5	34.5	33.75	477300
2021-09-06	33.5	33.25	34.0	33.75	408000
2021-09-07	33.25	33.25	33.75	33.25	175000
2021-09-08	33.25	33.0	33.5	33.5	216700
2021-09-09	33.5	33.0	33.5	33.25	289700
2021-09-10	33.25	33.0	33.5	33.5	229900
2021-09-13	33.5	31.75	33.5	31.75	1567600
2021-09-14	31.75	31.25	32.0	31.5	614400
2021-09-15	31.25	31.25	31.75	31.5	210600
2021-09-16	31.5	31.5	32.75	32.75	427800
2021-09-17	32.75	32.0	33.0	32.5	578200
2021-09-20	32.25	31.75	32.75	32.0	429400
2021-09-21	32.0	31.75	32.5	32.25	173000
2021-09-22	32.5	32.0	32.5	32.5	177100
2021-09-23	32.75	32.0	32.75	32.0	387300
2021-09-27	32.0	31.0	32.0	31.0	1043000
2021-09-28	30.5	30.5	31.0	30.75	303300
2021-09-29	30.75	30.75	31.5	31.25	263600
2021-09-30	30.75	30.25	31.25	30.5	439600
2021-10-01	30.5	30.25	31.0	30.25	550500
2021-10-04	30.25	30.25	31.0	30.75	159800
2021-10-05	30.75	30.25	31.0	30.25	495500
2021-10-06	30.25	30.25	31.25	31.0	444800
2021-10-07	31.25	31.0	31.75	31.25	309200
2021-10-08	31.25	31.25	32.0	31.75	398500
2021-10-11	32.0	31.25	32.0	31.75	324300
2021-10-12	32.0	32.0	32.5	32.5	605400
2021-10-14	32.5	32.5	33.25	32.5	1101500
2021-10-15	33.0	32.25	33.0	32.75	749600
2021-10-18	32.75	32.5	33.25	33.25	322200
2021-10-19	33.25	32.75	33.5	33.0	436300
2021-10-20	33.0	32.75	33.25	33.25	159000
2021-10-21	33.75	33.0	35.0	35.0	1663600
2021-10-25	34.75	33.5	34.75	34.25	480200
2021-10-26	34.0	33.0	34.25	33.25	989300
2021-10-27	33.25	33.25	33.75	33.25	471100
2021-10-28	33.5	32.75	33.5	33.25	530000
2021-10-29	33.0	33.0	33.25	33.25	160100
2021-11-01	33.25	33.25	33.75	33.5	512700
2021-11-02	33.75	33.0	33.75	33.0	341900
2021-11-03	33.0	31.75	33.5	31.75	1122300
2021-11-04	32.25	31.5	32.5	31.5	1003400
2021-11-05	31.75	31.75	32.75	32.25	285600
2021-11-08	32.25	31.5	32.5	32.25	641000
2021-11-09	33.0	32.5	34.0	33.0	1950100
2021-11-10	33.5	33.25	34.0	34.0	787000
2021-11-11	34.5	33.75	34.5	34.0	585700
2021-11-12	33.75	33.5	34.25	34.0	412000
2021-11-15	34.5	34.0	34.5	34.5	765800
2021-11-16	34.25	34.0	34.5	34.25	526400
2021-11-17	34.5	34.0	34.5	34.5	368300
2021-11-18	34.5	34.0	34.5	34.5	350700
2021-11-19	34.5	34.25	34.75	34.75	1307600
2021-11-22	33.25	33.25	34.25	34.25	861800
2021-11-23	34.0	33.75	34.75	34.5	1055900
2021-11-24	34.5	34.0	34.75	34.25	436600
2021-11-25	34.25	34.0	34.25	34.25	301400
2021-11-26	34.25	34.0	34.75	34.5	647300
2021-11-29	34.75	34.25	35.0	34.5	518700
2021-11-30	34.5	33.5	34.5	34.0	771200
2021-12-01	34.0	33.75	34.25	34.0	275900
2021-12-02	34.25	33.75	34.25	34.0	426800
2021-12-03	34.0	33.75	34.25	34.0	207500
2021-12-07	33.75	33.75	34.25	34.0	304300
2021-12-08	34.0	33.75	34.0	33.75	764100
2021-12-09	34.0	33.75	34.25	34.25	237000
2021-12-13	34.25	33.75	34.25	33.75	487600
2021-12-14	33.75	33.5	34.25	33.75	507900
2021-12-15	34.0	33.5	34.0	34.0	236100
2021-12-16	34.0	33.75	34.0	33.75	230800
2021-12-17	33.75	33.75	34.0	34.0	175600
2021-12-20	34.0	33.75	34.25	34.25	400300
2021-12-21	34.25	34.0	34.25	34.25	163500
2021-12-22	34.25	33.5	34.25	33.75	805900
2021-12-23	33.75	32.5	34.0	33.0	2264700
2021-12-24	32.75	32.5	33.0	32.75	331100
2021-12-27	32.5	32.25	32.75	32.5	393100
2021-12-28	32.75	32.5	33.0	32.75	439100
2021-12-29	32.75	32.75	33.0	33.0	141500
2021-12-30	33.0	32.75	33.0	32.75	210200
2022-01-04	32.75	32.75	33.75	33.75	1044600
2022-01-05	33.5	32.75	33.5	33.0	787700
2022-01-06	33.0	32.75	34.0	33.5	2316000
2022-01-07	33.5	33.0	33.75	33.25	617500
2022-01-10	33.25	33.0	33.5	33.5	164300
2022-01-11	33.25	33.0	33.5	33.25	233300
2022-01-12	33.5	33.0	33.75	33.25	382600
2022-01-13	33.5	33.25	33.5	33.25	156000
2022-01-14	33.5	32.75	33.5	33.0	1001000
2022-01-17	33.0	33.0	33.25	33.0	258800
2022-01-18	33.0	32.75	33.25	33.0	193800
2022-01-19	33.0	32.75	33.25	32.75	440700
2022-01-20	32.75	32.75	33.0	32.75	337300
2022-01-21	33.0	32.5	33.0	33.0	401600
2022-01-24	33.0	32.5	33.0	32.5	277300
2022-01-25	32.5	32.25	32.75	32.5	256200
2022-01-26	32.5	32.0	32.5	32.25	358500
2022-01-27	32.5	32.0	32.5	32.5	137900
2022-01-28	32.25	32.25	32.75	32.75	114200
2022-01-31	32.25	32.0	32.75	32.75	143200
2022-02-01	32.5	32.5	33.0	32.75	108200
2022-02-02	33.0	32.5	33.0	33.0	121700
2022-02-03	32.75	32.5	32.75	32.75	111100
2022-02-04	32.75	32.25	32.75	32.75	383800
2022-02-07	32.75	32.5	32.75	32.75	70800
2022-02-08	32.75	32.25	32.75	32.25	284700
2022-02-09	32.25	32.25	33.0	32.5	311600
2022-02-10	32.5	32.25	32.75	32.5	198000
2022-02-11	32.75	32.25	32.75	32.25	199400
2022-02-14	32.25	32.0	32.5	32.5	164900
2022-02-15	32.25	32.25	32.75	32.5	139900
2022-02-17	32.75	32.0	32.75	32.5	539800
2022-02-18	32.5	32.25	32.75	32.5	354700
2022-02-21	32.5	32.25	33.0	32.25	587600
2022-02-22	33.25	32.5	33.25	33.0	1258300
2022-02-23	33.0	32.25	33.25	32.5	849900
2022-02-24	32.75	32.25	33.0	32.25	734700
2022-02-25	32.5	32.25	32.75	32.5	333500
2022-02-28	32.5	32.5	33.0	32.5	460300
2022-03-01	32.75	32.25	33.0	32.25	452100
2022-03-02	32.5	32.25	32.75	32.25	204200
2022-03-03	32.5	32.25	33.0	32.5	311500
2022-03-04	32.5	32.25	32.75	32.25	1137600
2022-03-07	32.25	31.75	32.5	32.25	669200
2022-03-08	32.0	31.0	32.25	31.75	957800
2022-03-09	32.0	31.25	32.25	32.0	400800
2022-03-10	32.25	31.75	32.5	32.25	234000
2022-03-11	32.25	32.0	32.75	32.25	379000
2022-03-14	32.25	32.0	32.5	32.5	214200
2022-03-15	32.5	32.25	32.5	32.5	189100
2022-03-16	32.5	32.25	32.75	32.5	314100
2022-03-17	32.25	32.0	32.75	32.25	384500
2022-03-18	32.25	32.0	32.5	32.25	672100
2022-03-21	32.25	32.0	32.75	32.5	459300
2022-03-22	32.5	32.0	32.5	32.25	243800
2022-03-23	32.5	32.0	32.5	32.25	123500
2022-03-24	32.0	31.75	32.25	32.0	360000
2022-03-25	32.25	32.0	32.25	32.0	135800
2022-03-28	32.0	32.0	32.25	32.25	98800
2022-03-29	32.25	32.0	32.25	32.0	87600
2022-03-30	32.25	32.0	32.5	32.25	347400
2022-03-31	32.25	32.0	32.25	32.0	118200
2022-04-01	32.25	32.0	32.25	32.0	304200
2022-04-04	32.0	31.75	32.25	32.0	329800
2022-04-05	32.0	31.75	32.25	31.75	293400
2022-04-07	32.0	31.5	32.0	31.75	434700
2022-04-08	31.5	31.5	32.0	31.75	335000
2022-04-11	32.0	32.0	32.75	32.25	752300
2022-04-12	32.5	32.5	33.5	33.0	2176300
2022-04-18	33.25	33.0	34.0	33.75	1614400
2022-04-19	33.75	33.0	33.75	33.5	975400
2022-04-20	33.5	33.0	33.5	33.5	402100
2022-04-21	33.5	33.25	33.75	33.25	645300
2022-04-22	33.25	33.25	33.75	33.5	621500
2022-04-25	33.25	33.0	33.5	33.5	589200
2022-04-26	33.5	33.0	33.75	33.75	875800
2022-04-27	33.75	33.25	33.75	33.5	496200
2022-04-28	33.25	33.25	33.75	33.75	225100
2022-04-29	33.75	33.25	33.75	33.5	531000
2022-05-03	33.5	33.0	33.75	33.5	784100
2022-05-05	33.75	33.5	34.0	33.75	1152400
2022-05-06	33.5	33.25	34.0	33.75	1720800
2022-05-09	32.75	31.5	32.75	31.75	1645100
2022-05-10	32.75	31.75	33.0	32.5	933400
2022-05-11	32.0	31.75	32.5	31.75	991600
2022-05-12	32.0	31.75	32.25	32.0	846200
2022-05-13	32.0	31.75	33.0	33.0	941600
2022-05-17	33.0	32.0	33.0	32.0	953700
2022-05-18	32.5	32.25	32.5	32.5	417500
2022-05-19	32.25	32.25	33.0	33.0	996800
2022-05-20	32.75	32.5	33.5	33.25	1801000
2022-05-23	33.5	33.0	34.25	34.25	1784500
2022-05-24	34.25	34.25	35.5	35.25	2397300
2022-05-25	35.5	34.75	35.5	34.75	850200
2022-05-26	35.25	34.75	35.5	35.5	638100
2022-05-27	35.25	34.5	35.5	35.5	680300
2022-05-30	36.0	35.25	36.0	35.75	680200
2022-05-31	35.75	35.25	35.75	35.5	338100
2022-06-01	35.0	34.75	35.5	35.0	407900
2022-06-02	35.0	34.5	35.25	35.0	360600
2022-06-06	34.75	34.0	35.0	34.25	387200
2022-06-07	34.0	33.75	34.5	34.0	440300
2022-06-08	33.75	33.5	34.25	34.25	362900
2022-06-09	33.75	33.25	34.0	33.5	531200
2022-06-10	33.25	33.25	33.5	33.25	118000
2022-06-13	33.0	32.5	33.25	33.0	700900
2022-06-14	32.75	32.75	33.25	33.0	649500
2022-06-15	33.0	32.75	33.25	32.75	334500
2022-06-16	32.75	32.5	33.0	32.5	483800
2022-06-17	32.5	32.0	32.75	32.5	771400
2022-06-20	32.75	32.5	33.5	33.5	578400
2022-06-21	33.5	33.5	34.25	34.0	779400
2022-06-22	33.75	33.5	34.0	33.75	1154400
2022-06-23	34.0	33.75	34.5	34.0	1114300
2022-06-24	34.0	34.0	34.5	34.5	595000
2022-06-27	34.5	34.25	35.0	34.75	551300
2022-06-28	35.0	34.5	35.0	35.0	340000
2022-06-29	35.0	34.75	35.5	35.0	743300
2022-06-30	35.0	35.0	36.25	36.25	2931100
2022-07-01	36.25	36.0	37.25	37.0	2426700
2022-07-04	37.25	36.5	37.25	37.0	988700
2022-07-05	36.75	35.0	38.0	36.5	4733800
2022-07-06	36.25	35.75	36.75	36.5	903700
2022-07-07	36.5	36.0	36.75	36.5	484600
2022-07-08	36.5	35.75	36.5	36.0	230700
2022-07-11	36.0	35.0	36.0	35.5	459100
2022-07-12	35.25	34.75	35.5	35.25	954700
2022-07-14	35.0	34.75	36.0	35.75	819200
2022-07-15	35.75	35.5	36.75	36.75	451000
2022-07-18	36.75	36.75	38.5	38.0	2364900
2022-07-19	38.25	37.5	38.75	38.0	617100
2022-07-20	38.25	37.75	39.25	39.25	3018100
2022-07-21	39.25	38.5	39.25	39.0	876500
2022-07-22	39.0	38.75	39.5	39.5	1663600
2022-07-25	39.75	37.75	39.75	38.25	1561300
2022-07-26	38.25	37.5	38.5	38.0	938200
2022-07-27	38.0	37.75	38.25	38.0	217800
2022-08-01	38.25	38.25	39.5	39.5	1633300
2022-08-02	39.75	39.5	40.5	40.25	2313700
2022-08-03	40.75	40.5	41.25	41.0	1396100
2022-08-04	41.25	40.0	41.25	40.5	907800
2022-08-05	40.25	40.25	41.0	41.0	405500
2022-08-08	41.0	40.5	41.0	40.75	656600
2022-08-09	41.75	40.75	42.25	41.0	1932800
2022-08-10	41.25	40.75	41.25	41.0	737000
2022-08-11	41.25	41.0	42.25	42.25	1516600
2022-08-15	42.25	41.75	42.5	42.25	1832600
2022-08-16	42.0	41.75	42.5	42.25	1067100
2022-08-17	42.25	41.25	42.25	41.5	2401400
2022-08-18	41.75	41.25	41.75	41.5	1051500
2022-08-19	41.25	41.25	41.75	41.75	2249700
2022-08-22	38.75	38.25	39.5	38.5	2278000
2022-08-23	37.75	37.0	38.25	38.0	1665700
2022-08-24	38.0	37.25	38.25	37.5	1061000
2022-08-25	37.25	37.0	37.75	37.25	1646700
2022-08-26	37.0	36.75	37.75	36.75	907100
2022-08-29	36.5	36.0	36.75	36.25	1614400
2022-08-30	36.25	36.25	37.25	37.0	649800
2022-08-31	37.0	36.0	37.0	36.0	740800
2022-09-01	36.0	35.5	36.5	35.75	1074700
2022-09-02	35.5	35.25	36.0	35.75	639000
2022-09-05	36.25	35.5	36.25	36.0	478600
2022-09-06	36.25	35.75	36.25	36.0	247200
2022-09-07	36.0	35.75	36.25	36.0	380000
2022-09-08	36.0	35.5	36.25	36.0	292400
2022-09-09	36.0	35.75	36.25	36.25	431800
2022-09-12	36.0	36.0	36.5	36.0	257600
2022-09-13	36.25	36.0	36.5	36.25	252200
2022-09-14	36.0	35.75	36.25	36.25	404300
2022-09-15	36.25	35.25	36.25	35.5	1000100
2022-09-16	35.25	35.0	35.5	35.0	569100
2022-09-19	35.0	34.75	35.25	35.25	394200
2022-09-20	35.25	34.75	35.25	34.75	353100
2022-09-21	34.75	34.5	35.0	35.0	620100
2022-09-22	34.5	34.5	35.0	34.5	272900
2022-09-23	34.5	34.25	34.75	34.5	336900
2022-09-26	34.5	33.75	34.5	34.0	785400
2022-09-27	34.0	33.5	34.25	33.75	392200
2022-09-28	33.75	33.5	34.25	34.0	662800
2022-09-29	34.25	34.0	34.5	34.25	225600
2022-09-30	34.0	33.5	34.0	33.75	551500
2022-10-03	33.75	33.25	34.0	33.5	634500
2022-10-04	33.75	33.25	33.75	33.75	184500
2022-10-05	34.0	33.5	34.0	33.5	184800
2022-10-06	33.5	33.5	34.25	33.75	265400
2022-10-07	34.0	33.5	34.25	33.75	242200
2022-10-10	33.75	33.25	34.0	33.75	258300
2022-10-11	33.75	33.0	33.75	33.0	508000
2022-10-12	33.25	33.25	33.75	33.25	179300
2022-10-17	33.25	33.0	33.5	33.0	333300
2022-10-18	33.5	33.0	33.75	33.5	174400
2022-10-19	33.5	33.25	34.0	33.75	235000
2022-10-20	33.75	33.5	35.25	35.25	746400
2022-10-21	35.0	34.0	35.0	34.75	433200
2022-10-25	34.75	34.0	34.75	34.5	232700
2022-10-26	34.5	34.25	34.5	34.25	174300
2022-10-27	34.0	34.0	34.5	34.5	130600
2022-10-28	34.5	34.25	34.5	34.5	103000
2022-10-31	34.5	34.25	34.75	34.5	143200
2022-11-01	34.5	34.25	35.0	34.75	252800
2022-11-02	35.0	34.5	35.0	34.5	174000
2022-11-03	34.5	34.25	34.5	34.5	181600
2022-11-04	34.5	34.25	34.75	34.75	127700
2022-11-07	34.75	34.5	34.75	34.5	342200
2022-11-08	33.25	33.0	33.75	33.25	1815700
2022-11-09	33.0	32.0	33.25	32.5	1771000
2022-11-10	32.25	32.0	32.75	32.25	711400
2022-11-11	32.0	31.75	32.25	32.25	705500
2022-11-14	32.0	31.5	32.0	31.75	619700
2022-11-15	31.75	31.25	31.75	31.5	355500
2022-11-16	31.25	31.0	31.5	31.25	475100
2022-11-17	31.25	31.0	31.75	31.0	282700
2022-11-18	31.0	30.75	31.25	31.0	325300
2022-11-21	31.25	30.25	31.5	30.25	1087400
2022-11-22	30.5	30.0	30.75	30.25	542800
2022-11-23	30.0	29.75	30.25	29.75	500600
2022-11-24	29.5	29.5	30.0	30.0	497400
2022-11-25	30.0	30.0	30.75	30.5	222000
2022-11-28	30.75	30.0	31.0	30.5	498700
2022-11-29	30.5	30.0	30.5	30.5	256100
2022-11-30	30.5	30.25	30.75	30.5	223000
2022-12-01	30.25	30.0	30.5	30.25	508000
2022-12-02	30.0	29.75	30.25	30.25	269100
2022-12-06	30.25	29.75	30.25	30.0	468600
2022-12-07	30.0	29.75	30.25	30.25	390600
2022-12-08	30.25	29.75	30.25	30.0	369500
2022-12-09	30.25	29.75	30.25	30.25	396900
2022-12-13	30.25	29.75	30.5	30.0	474600
2022-12-14	30.0	29.75	30.25	30.25	431500
2022-12-15	30.25	29.75	30.25	30.0	266700
2022-12-16	30.0	29.75	30.0	30.0	231800
2022-12-19	29.75	29.75	30.0	29.75	107500
2022-12-20	30.0	29.75	30.0	29.75	192700
2022-12-21	29.75	29.75	30.25	30.25	132000
2022-12-22	30.25	29.75	30.25	29.75	265200
2022-12-23	30.0	29.75	30.0	29.75	272400
2022-12-26	30.0	29.75	30.0	29.75	164600
2022-12-27	30.0	29.75	30.0	30.0	155200
2022-12-28	30.0	29.75	30.25	30.0	383500
2022-12-29	30.0	30.0	30.25	30.25	178600
2022-12-30	30.25	30.0	30.5	30.25	321400
