Date	Price Open	Price Low	Price High	Price Close	Volume
2000-01-06	1.9440864	1.9440864	2.1263445	2.1263445	11357.0
2000-01-10	2.1263445	2.1263445	2.1263445	2.1263445	987.0
2000-01-12	2.1263445	2.1263445	2.7338715	2.7338715	5102.0
2000-01-13	2.5516134	2.430108	2.6123661	2.430108	32591.0
2000-01-17	2.3086026	2.0655918	2.3086026	2.0655918	8230.0
2000-01-20	2.2478499	2.2478499	2.3086026	2.3086026	8230.0
2000-01-21	2.3086026	2.3086026	2.3086026	2.3086026	7407.0
2000-01-25	2.2478499	2.2478499	2.2478499	2.2478499	9876.0
2000-01-26	2.0655918	2.0655918	2.0655918	2.0655918	4938.0
2000-01-27	2.1263445	2.1263445	2.430108	2.430108	6090.0
2000-01-28	2.3086026	2.3086026	2.3086026	2.3086026	6090.0
2000-01-31	2.2478499	2.2478499	2.2478499	2.2478499	1481.0
2000-02-01	2.430108	2.430108	2.430108	2.430108	16460.0
2000-02-09	2.1263445	2.1263445	2.1263445	2.1263445	3292.0
2000-02-10	2.1870972	2.1870972	2.1870972	2.1870972	26665.0
2000-02-11	2.0655918	2.0655918	2.3693553	2.3693553	31438.0
2000-02-15	2.2478499	2.1870972	2.2478499	2.2478499	47899.0
2000-02-16	2.2478499	2.2478499	2.2478499	2.2478499	41150.0
2000-02-17	2.1263445	2.1263445	2.2478499	2.2478499	13168.0
2000-02-18	2.3086026	2.3086026	2.430108	2.3086026	254145.0
2000-02-22	2.2478499	2.1870972	2.2478499	2.1870972	32920.0
2000-02-24	2.2478499	2.2478499	2.2478499	2.2478499	20575.0
2000-02-25	2.6731188	2.6731188	2.6731188	2.6731188	164.0
2000-02-28	2.1263445	1.9440864	2.8553769	2.8553769	7736.0
2000-03-01	3.0983877	3.0983877	3.0983877	3.0983877	164.0
2000-03-16	2.3086026	2.3086026	2.3086026	2.3086026	9876.0
2000-03-17	2.1263445	2.0655918	2.1263445	2.1263445	7242.0
2000-03-20	2.1263445	2.1263445	2.4908607	2.3086026	59585.0
2000-03-22	2.1263445	2.0655918	2.1263445	2.0655918	11851.0
2000-03-27	2.2478499	2.2478499	2.2478499	2.2478499	26336.0
2000-03-29	2.2478499	2.2478499	2.2478499	2.2478499	16460.0
2000-03-31	2.1870972	2.1870972	2.1870972	2.1870972	4444.0
2000-04-07	2.2478499	2.2478499	2.2478499	2.2478499	11357.0
2000-04-20	2.1870972	2.1870972	2.1870972	2.1870972	3292.0
2000-04-25	2.3693553	2.3693553	2.3693553	2.3693553	12509.0
2000-04-26	2.1870972	2.1870972	2.430108	2.430108	38516.0
2000-04-27	2.3693553	2.3693553	2.3693553	2.3693553	164.0
2000-04-28	2.3693553	2.3693553	2.3693553	2.3693553	3127.0
2000-05-04	2.3693553	2.3693553	2.430108	2.430108	4279.0
2000-05-08	2.3693553	2.3693553	2.3693553	2.3693553	4115.0
2000-05-09	2.430108	2.430108	2.430108	2.430108	32920.0
2000-05-10	2.3693553	2.3693553	2.3693553	2.3693553	31274.0
2000-05-11	2.3693553	2.3693553	2.3693553	2.3693553	10534.0
2000-06-09	1.7010756	1.7010756	1.7010756	1.7010756	658.0
2000-06-15	2.1870972	2.1870972	2.1870972	2.1870972	5596.0
2000-06-19	2.3086026	2.3086026	2.3086026	2.3086026	4938.0
2000-07-07	1.822581	1.822581	1.822581	1.822581	1152.0
2000-07-12	2.0655918	2.0655918	2.0655918	2.0655918	1152.0
2000-07-26	2.3086026	2.1263445	2.3086026	2.1263445	37858.0
2000-07-27	2.1263445	2.1263445	2.1263445	2.1263445	16460.0
2000-07-28	1.8833337	1.822581	1.8833337	1.822581	32920.0
2000-07-31	1.822581	1.822581	1.9440864	1.9440864	18270.0
2000-08-03	1.822581	1.822581	1.822581	1.822581	658.0
2000-08-04	1.9440864	1.9440864	1.9440864	1.9440864	27159.0
2000-08-07	2.0048391	2.0048391	2.0048391	2.0048391	6584.0
2000-08-11	1.8833337	1.8833337	2.0048391	2.0048391	22056.0
2000-08-16	1.9440864	1.9440864	1.9440864	1.9440864	658.0
2000-08-17	2.0048391	2.0048391	2.0048391	2.0048391	19752.0
2000-08-18	2.0048391	2.0048391	2.0048391	2.0048391	18106.0
2000-08-30	1.9440864	1.9440864	1.9440864	1.9440864	164.0
2000-08-31	2.1263445	2.1263445	2.1263445	2.1263445	10205.0
2000-09-11	2.5516134	2.5516134	2.5516134	2.5516134	8230.0
2000-09-14	2.3693553	2.3693553	2.3693553	2.3693553	11522.0
2000-09-27	2.2478499	2.2478499	2.2478499	2.2478499	9876.0
2000-10-10	2.1263445	2.1263445	2.1263445	2.1263445	493.0
2000-10-26	2.1263445	2.1263445	2.1263445	2.1263445	1646.0
2000-11-02	2.1263445	2.1263445	2.1263445	2.1263445	1646.0
2000-12-19	2.3086026	2.3086026	2.3086026	2.3086026	8230.0
2000-12-20	2.3086026	2.3086026	2.3086026	2.3086026	164.0
2000-12-21	2.3086026	2.3086026	2.3086026	2.3086026	14484.0
2000-12-29	2.430108	2.430108	2.5516134	2.5516134	67651.0
2001-01-03	2.5516134	2.5516134	2.5516134	2.5516134	10863.0
2001-01-04	2.6123661	2.6123661	2.9768823	2.9161296	118513.0
2001-01-05	2.9161296	2.7338715	3.037635	2.7946242	137442.0
2001-01-08	2.6731188	2.6731188	2.6731188	2.6731188	6419.0
2001-01-09	2.5516134	2.5516134	2.5516134	2.5516134	1810.0
2001-01-10	2.6123661	2.6123661	2.6123661	2.6123661	8230.0
2001-01-17	2.0655918	2.0048391	3.2806458	3.2806458	5102.0
2001-01-18	2.6123661	2.6123661	2.6123661	2.6123661	13003.0
2001-01-19	2.3693553	2.3693553	2.3693553	2.3693553	6584.0
2001-01-22	2.6123661	2.5516134	2.6123661	2.5516134	54318.0
2001-01-23	2.5516134	2.5516134	2.5516134	2.5516134	9876.0
2001-01-26	2.5516134	2.5516134	2.5516134	2.5516134	2798.0
2001-01-30	2.5516134	2.5516134	2.5516134	2.5516134	13168.0
2001-01-31	2.4908607	2.4908607	2.4908607	2.4908607	658.0
2001-02-01	2.430108	2.430108	2.430108	2.430108	1646.0
2001-02-02	2.430108	2.430108	2.430108	2.430108	67486.0
2001-02-05	2.430108	2.430108	2.430108	2.430108	23208.0
2001-02-06	2.430108	2.430108	2.430108	2.430108	17283.0
2001-02-09	2.430108	2.430108	2.430108	2.430108	9053.0
2001-02-13	2.430108	2.430108	2.430108	2.430108	8230.0
2001-02-14	2.3086026	2.3086026	2.430108	2.430108	13168.0
2001-02-15	2.430108	2.430108	2.430108	2.430108	8230.0
2001-02-19	2.3086026	2.3086026	2.3086026	2.3086026	4938.0
2001-02-21	2.430108	2.430108	2.430108	2.430108	9876.0
2001-02-26	2.430108	2.430108	2.430108	2.430108	2139.0
2001-02-27	3.1591404	3.1591404	3.1591404	3.1591404	329.0
2001-03-08	3.8881728	3.8881728	3.8881728	3.8881728	329.0
2001-03-14	3.8881728	3.8881728	3.8881728	3.8881728	164.0
2001-03-20	2.8553769	2.7338715	4.4956998	2.8553769	57939.0
2001-03-23	2.8553769	2.8553769	2.8553769	2.8553769	1646.0
2001-03-26	2.8553769	2.8553769	2.8553769	2.8553769	8230.0
2001-03-27	2.8553769	2.8553769	2.8553769	2.8553769	31932.0
2001-04-11	2.8553769	2.8553769	2.8553769	2.8553769	18106.0
2001-05-09	2.8553769	2.8553769	2.8553769	2.8553769	3785.0
2001-05-11	2.8553769	2.8553769	2.8553769	2.8553769	164.0
2001-05-15	2.9768823	2.9768823	2.9768823	2.9768823	5102.0
2001-05-16	2.9768823	2.9768823	2.9768823	2.9768823	3292.0
2001-05-22	2.9768823	2.9768823	2.9768823	2.9768823	4938.0
2001-05-23	2.9768823	2.9768823	2.9768823	2.9768823	4938.0
2001-05-24	2.9768823	2.9768823	2.9768823	2.9768823	4938.0
2001-05-25	2.9768823	2.7338715	2.9768823	2.7338715	5267.0
2001-05-28	2.9768823	2.9768823	2.9768823	2.9768823	4773.0
2001-05-30	2.9768823	2.430108	2.9768823	2.430108	19916.0
2001-05-31	2.9161296	2.9161296	2.9161296	2.9161296	4938.0
2001-06-01	2.9161296	2.9161296	2.9768823	2.9161296	67815.0
2001-06-04	2.9768823	2.9768823	3.1591404	3.0983877	313730.0
2001-06-05	3.3413985	3.037635	3.3413985	3.037635	105345.0
2001-06-06	3.2198931	3.2198931	3.3413985	3.2806458	104686.0
2001-06-07	3.2806458	3.1591404	3.2806458	3.1591404	11028.0
2001-06-08	3.1591404	3.1591404	3.1591404	3.1591404	49380.0
2001-06-11	3.037635	3.037635	3.037635	3.037635	18106.0
2001-06-12	3.0983877	3.037635	3.0983877	3.037635	56787.0
2001-06-13	3.1591404	3.0983877	3.1591404	3.0983877	6584.0
2001-06-14	3.0983877	3.0983877	3.0983877	3.0983877	3292.0
2001-06-28	3.5236566	3.5236566	3.5236566	3.5236566	329.0
2001-07-03	2.7338715	2.7338715	3.037635	3.037635	3292.0
2001-07-04	3.645162	3.0983877	3.645162	3.0983877	19093.0
2001-07-05	3.7666674	3.7666674	3.7666674	3.7666674	329.0
2001-07-09	2.7338715	2.7338715	2.7338715	2.7338715	8230.0
2001-07-10	3.037635	3.037635	3.037635	3.037635	1646.0
2001-07-11	2.4908607	2.430108	2.5516134	2.5516134	12180.0
2001-07-12	2.5516134	2.5516134	2.8553769	2.8553769	8230.0
2001-07-24	2.9161296	2.9161296	2.9161296	2.9161296	6584.0
2001-07-25	3.5844093	3.5844093	3.7666674	3.7666674	200978.0
2001-07-26	3.9489255	3.9489255	4.4349471	4.252689	465658.0
2001-07-27	4.4349471	4.1919363	4.860216	4.1919363	1447672.0
2001-07-30	4.1919363	3.7666674	4.4349471	3.7666674	255132.0
2001-07-31	3.8881728	3.8881728	4.4349471	4.0704309	1022176.0
2001-08-01	4.1919363	3.9489255	4.252689	3.9489255	100242.0
2001-08-02	4.1311836	4.0704309	4.252689	4.0704309	140240.0
2001-08-03	4.0096782	3.7666674	4.1919363	3.7666674	20081.0
2001-08-06	3.8881728	3.645162	3.8881728	3.645162	11028.0
2001-08-07	3.8881728	3.8881728	4.0096782	3.8881728	21398.0
2001-08-08	4.1311836	4.0704309	4.4956998	4.4349471	546642.0
2001-08-09	4.4349471	4.1311836	4.6172052	4.1919363	718815.0
2001-08-10	4.1311836	3.9489255	4.252689	4.0704309	93164.0
2001-08-14	4.1311836	3.9489255	4.1311836	3.9489255	64194.0
2001-08-15	4.0096782	4.0096782	4.252689	4.1919363	37529.0
2001-08-16	4.1919363	4.1919363	4.4349471	4.1919363	194559.0
2001-08-17	4.3134417	4.1311836	4.3134417	4.1311836	41150.0
2001-08-20	4.3741944	4.1919363	4.3741944	4.1919363	37858.0
2001-08-21	4.3134417	4.1919363	4.4956998	4.1919363	545983.0
2001-08-22	4.3134417	4.1919363	4.3134417	4.1919363	123945.0
2001-08-23	4.1311836	4.1311836	4.1919363	4.1919363	14814.0
2001-08-24	4.252689	4.1311836	4.4349471	4.1311836	91353.0
2001-08-27	4.0704309	4.0704309	4.1311836	4.0704309	16295.0
2001-08-28	4.0704309	4.0704309	4.1919363	4.1919363	17612.0
2001-08-29	4.0704309	4.0704309	4.0704309	4.0704309	14814.0
2001-08-30	4.252689	4.0704309	4.252689	4.0704309	10369.0
2001-08-31	4.0704309	3.9489255	4.0704309	3.9489255	8230.0
2001-09-03	4.0704309	3.9489255	4.0704309	3.9489255	18106.0
2001-09-05	4.1311836	3.9489255	4.1311836	3.9489255	19587.0
2001-09-10	3.9489255	3.9489255	3.9489255	3.9489255	8230.0
2001-09-11	3.9489255	3.9489255	4.1311836	4.1311836	122957.0
2001-09-13	3.5844093	3.5844093	4.1311836	4.1311836	4115.0
2001-09-14	4.1919363	3.5236566	4.1919363	4.0096782	48557.0
2001-09-18	4.0096782	2.8553769	4.0704309	2.8553769	192584.0
2001-09-19	3.037635	2.9768823	3.037635	2.9768823	9876.0
2001-09-26	2.7338715	2.7338715	3.0983877	3.0983877	62548.0
2001-09-27	3.0983877	2.9161296	3.1591404	2.9161296	135961.0
2001-10-01	2.9161296	2.8553769	2.9161296	2.8553769	28969.0
2001-10-03	3.037635	3.037635	3.1591404	3.1591404	49380.0
2001-10-04	3.1591404	3.1591404	3.4629039	3.2806458	354222.0
2001-10-05	3.2806458	3.2198931	3.2806458	3.2198931	65840.0
2001-10-08	2.9161296	2.9161296	3.2806458	3.2806458	16624.0
2001-10-09	3.2198931	3.037635	3.3413985	3.037635	117196.0
2001-10-10	3.1591404	3.037635	3.1591404	3.037635	26336.0
2001-10-11	3.0983877	3.037635	3.1591404	3.037635	46417.0
2001-10-15	3.1591404	3.1591404	3.1591404	3.1591404	2139.0
2001-10-16	3.1591404	3.1591404	3.1591404	3.1591404	164.0
2001-10-17	3.1591404	3.1591404	3.1591404	3.1591404	164.0
2001-10-18	3.1591404	3.037635	3.1591404	3.037635	21398.0
2001-10-19	3.0983877	3.0983877	3.0983877	3.0983877	1646.0
2001-10-25	3.2198931	3.1591404	3.2806458	3.1591404	41150.0
2001-11-02	3.0983877	3.0983877	3.0983877	3.0983877	493.0
2001-11-06	2.9768823	2.9768823	2.9768823	2.9768823	8559.0
2001-11-13	3.4629039	3.037635	3.4629039	3.4629039	5267.0
2001-11-14	3.61478565	3.1591404	3.61478565	3.2198931	26336.0
2001-11-15	3.2806458	3.2806458	3.2806458	3.2806458	164.0
2001-11-20	3.1591404	3.1591404	3.1591404	3.1591404	29463.0
2001-11-21	3.5236566	3.5236566	3.5236566	3.5236566	164.0
2001-11-26	3.2198931	3.2198931	4.4956998	4.4956998	19752.0
2001-11-27	3.2806458	3.2806458	3.2806458	3.2806458	1152.0
2001-12-03	3.5844093	3.5844093	3.5844093	3.5844093	13168.0
2001-12-06	4.5564525	3.5844093	4.5564525	3.5844093	16789.0
2001-12-07	3.2198931	3.2198931	3.2198931	3.2198931	17283.0
2001-12-25	4.0704309	4.0704309	4.0704309	4.0704309	329.0
2002-01-08	4.1311836	4.1311836	4.1311836	4.1311836	164.0
2002-01-10	4.252689	4.252689	4.252689	4.252689	1316.0
2002-01-11	4.5564525	4.5564525	4.5564525	4.5564525	823.0
2002-01-17	3.4629039	3.4629039	3.4629039	3.4629039	1316.0
2002-01-18	4.252689	4.252689	4.252689	4.252689	164.0
2002-01-22	3.55403295	3.55403295	3.55403295	3.55403295	14484.0
2002-01-23	3.55403295	3.55403295	3.61478565	3.61478565	11522.0
2002-01-24	3.645162	3.645162	3.645162	3.645162	6584.0
2002-01-25	3.645162	3.645162	3.645162	3.645162	4938.0
2002-01-30	3.61478565	3.5236566	3.61478565	3.5236566	5267.0
2002-01-31	3.645162	3.645162	3.645162	3.645162	987.0
2002-02-01	3.645162	3.645162	3.645162	3.645162	9876.0
2002-02-06	3.61478565	3.5844093	3.61478565	3.5844093	7571.0
2002-02-07	4.64758155	3.645162	4.64758155	4.5564525	8394.0
2002-02-08	4.5564525	4.5564525	4.5564525	4.5564525	8230.0
2002-02-12	3.9489255	3.9489255	3.9489255	3.9489255	3621.0
2002-02-13	4.46532345	4.46532345	4.4956998	4.4956998	493.0
2002-02-19	3.645162	3.645162	3.645162	3.645162	5102.0
2002-02-21	3.7059147	3.7059147	3.7059147	3.7059147	329.0
2002-02-22	3.645162	3.645162	3.645162	3.645162	16460.0
2002-02-27	4.3741944	4.3741944	4.3741944	4.3741944	6584.0
2002-02-28	4.3741944	3.645162	4.3741944	3.645162	2469.0
2002-03-01	3.645162	3.645162	3.645162	3.645162	52507.0
2002-03-04	3.5844093	3.5844093	3.5844093	3.5844093	329.0
2002-03-07	3.645162	3.645162	3.8274201	3.8274201	11851.0
2002-03-11	3.645162	3.645162	3.645162	3.645162	3292.0
2002-03-12	3.7666674	3.7666674	3.7666674	3.7666674	8230.0
2002-03-15	3.7666674	3.7666674	3.7666674	3.7666674	329.0
2002-03-21	3.645162	3.645162	3.645162	3.645162	493.0
2002-03-22	2.5516134	2.5516134	3.645162	3.645162	3127.0
2002-03-25	2.5516134	2.5516134	3.8881728	3.8881728	33084.0
2002-04-02	2.72172096	2.72172096	2.72172096	2.72172096	2962.0
2002-04-03	3.037635	3.037635	3.037635	3.037635	164.0
2002-04-09	3.7666674	3.7666674	3.7666674	3.7666674	14814.0
2002-04-12	2.9768823	2.9768823	2.9768823	2.9768823	2962.0
2002-04-18	2.13849504	2.13849504	2.13849504	2.13849504	2962.0
2002-04-19	2.77032312	2.77032312	2.77032312	2.77032312	164.0
2002-04-22	2.80677474	2.80677474	2.80677474	2.80677474	1646.0
2002-04-23	2.9768823	2.9768823	3.645162	3.645162	5102.0
2002-04-24	3.4629039	3.4629039	3.4629039	3.4629039	329.0
2002-04-30	3.645162	3.645162	3.645162	3.645162	4938.0
2002-05-02	3.4629039	3.4629039	3.4629039	3.4629039	3292.0
2002-05-07	3.9489255	3.9489255	3.9489255	3.9489255	8230.0
2002-05-08	3.7059147	3.7059147	4.3741944	4.252689	27817.0
2002-05-09	4.252689	4.252689	4.252689	4.252689	11522.0
2002-05-10	4.3134417	4.3134417	4.3134417	4.3134417	12838.0
2002-05-20	3.9489255	3.9489255	4.0704309	4.0704309	29628.0
2002-05-21	4.1919363	4.1919363	4.1919363	4.1919363	329.0
2002-05-22	4.1311836	4.1311836	4.1919363	4.1919363	8230.0
2002-05-28	4.1311836	3.645162	4.28306535	4.252689	175300.0
2002-05-31	4.252689	4.252689	4.252689	4.252689	8230.0
2002-06-06	4.28306535	3.9489255	4.28306535	4.0096782	10863.0
2002-06-07	4.1311836	4.1311836	4.1311836	4.1311836	16460.0
2002-06-13	4.1919363	4.1919363	4.252689	4.252689	2139.0
2002-06-14	3.9489255	3.9489255	3.9489255	3.9489255	16460.0
2002-07-11	3.85779645	3.85779645	3.8881728	3.8881728	4773.0
2002-07-17	4.252689	4.252689	4.252689	4.252689	164.0
2002-07-19	4.34381805	4.34381805	4.5564525	4.4349471	48063.0
2002-07-22	4.28306535	4.252689	4.3741944	4.252689	15637.0
2002-07-23	4.3741944	4.3741944	4.3741944	4.3741944	164.0
2002-08-01	4.3741944	4.3741944	4.3741944	4.3741944	1646.0
2002-08-28	3.645162	3.645162	4.3741944	4.3741944	39504.0
2002-08-29	4.1311836	3.97930185	4.34381805	4.34381805	94152.0
2002-08-30	3.91854915	3.67553835	4.252689	3.85779645	66663.0
2002-09-02	3.85779645	3.645162	3.8881728	3.8881728	4279.0
2002-09-03	3.5236566	3.5236566	4.16155995	4.16155995	329.0
2002-09-05	3.037635	3.037635	4.1919363	4.1919363	2139.0
2002-09-10	4.1919363	3.67553835	4.3741944	3.67553835	175300.0
2002-09-11	3.5236566	3.49328025	3.645162	3.645162	11851.0
2002-09-16	3.645162	3.645162	3.645162	3.645162	164.0
2002-09-24	2.57591448	2.57591448	2.57591448	2.57591448	1646.0
2002-09-25	3.037635	3.037635	3.037635	3.037635	1646.0
2002-10-02	2.7338715	2.7338715	2.7338715	2.7338715	329.0
2002-10-09	3.037635	3.037635	3.037635	3.037635	164.0
2002-10-16	2.16279612	2.16279612	2.16279612	2.16279612	164.0
2002-10-18	2.80677474	2.80677474	2.80677474	2.80677474	164.0
2002-11-05	3.5844093	3.5844093	3.5844093	3.5844093	164.0
2002-11-21	2.57591448	2.57591448	3.037635	3.037635	658.0
2002-12-09	3.645162	3.645162	3.645162	3.645162	164.0
2002-12-11	3.645162	3.645162	3.645162	3.645162	164.0
2002-12-20	3.645162	3.645162	3.645162	3.645162	164.0
2002-12-26	3.61478565	3.61478565	3.61478565	3.61478565	493.0
2003-01-09	3.645162	3.645162	3.645162	3.645162	164.0
2003-01-14	3.61478565	3.61478565	3.67553835	3.67553835	2798.0
2003-01-24	3.7666674	2.63666718	3.7666674	2.63666718	329.0
2003-01-29	3.037635	3.037635	3.037635	3.037635	19916.0
2003-02-06	3.645162	3.645162	3.645162	3.645162	164.0
2003-02-14	2.64881772	2.64881772	2.64881772	2.64881772	823.0
2003-03-14	3.37177485	3.37177485	3.37177485	3.37177485	1316.0
2003-03-19	2.38150584	2.38150584	2.38150584	2.38150584	1646.0
2003-03-24	2.38150584	2.38150584	2.38150584	2.38150584	164.0
2003-03-26	2.78247366	2.78247366	3.037635	3.037635	6090.0
2003-03-28	3.037635	3.037635	3.037635	3.037635	493.0
2003-04-03	3.8881728	3.8881728	3.8881728	3.8881728	658.0
2003-04-11	4.0704309	4.0704309	4.1311836	4.1311836	1646.0
2003-04-29	3.037635	3.037635	3.037635	3.037635	3292.0
2003-05-07	3.9489255	3.645162	3.9489255	3.645162	4115.0
2003-05-08	4.6779579	3.7666674	4.6779579	3.7666674	823.0
2003-05-09	3.9489255	3.645162	3.9489255	3.645162	17447.0
2003-05-14	3.645162	3.645162	3.645162	3.645162	32920.0
2003-05-16	3.645162	3.645162	3.645162	3.645162	8230.0
2003-05-23	3.645162	3.645162	3.645162	3.645162	166906.0
2003-05-30	3.5236566	3.5236566	3.5236566	3.5236566	12509.0
2003-06-05	3.9489255	3.9489255	4.3741944	3.9489255	3456.0
2003-06-11	3.9489255	3.645162	3.9489255	3.9489255	62713.0
2003-06-12	3.8274201	3.8274201	3.9489255	3.9489255	27323.0
2003-06-13	3.9489255	3.9489255	3.9489255	3.9489255	4938.0
2003-06-17	3.8881728	3.8881728	3.8881728	3.8881728	4938.0
2003-06-18	3.8274201	3.8274201	3.8274201	3.8274201	658.0
2003-06-19	3.8274201	3.7666674	3.8274201	3.7666674	5596.0
2003-06-23	3.7666674	3.7666674	3.8274201	3.8274201	8559.0
2003-06-25	4.1919363	4.1919363	4.252689	4.252689	11192.0
2003-07-04	4.252689	4.252689	4.252689	4.252689	35224.0
2003-07-07	4.252689	4.252689	4.252689	4.252689	10863.0
2003-07-09	4.3134417	4.3134417	4.3134417	4.3134417	3292.0
2003-07-11	4.252689	4.252689	4.252689	4.252689	1646.0
2003-07-15	4.0704309	4.0704309	4.0704309	4.0704309	8065.0
2003-07-18	4.4956998	4.4956998	4.4956998	4.4956998	658.0
2003-07-21	4.10080725	4.10080725	4.3134417	4.3134417	5761.0
2003-07-23	4.252689	4.252689	4.4956998	4.4956998	1646.0
2003-07-24	3.645162	3.645162	4.4956998	4.4956998	2469.0
2003-07-25	4.1311836	4.1311836	4.1919363	4.1919363	4279.0
2003-07-31	4.252689	4.252689	4.252689	4.252689	9876.0
2003-08-01	4.1919363	4.1919363	4.1919363	4.1919363	14978.0
2003-08-04	4.3741944	4.3741944	4.3741944	4.3741944	329.0
2003-08-05	4.3134417	4.1919363	4.3741944	4.1919363	11028.0
2003-08-06	4.3134417	4.3134417	4.4349471	4.3741944	13332.0
2003-08-07	4.1919363	4.1919363	4.3741944	4.3741944	8394.0
2003-08-08	4.3741944	4.28306535	4.3741944	4.28306535	2304.0
2003-08-11	4.3134417	4.3134417	4.34381805	4.34381805	11192.0
2003-08-13	4.3741944	4.3741944	4.40457075	4.3741944	17283.0
2003-08-14	3.645162	3.645162	4.3741944	4.3741944	13826.0
2003-08-15	4.3741944	4.3741944	4.3741944	4.3741944	1975.0
2003-08-18	4.6779579	4.6779579	5.467743	4.6779579	6748.0
2003-08-19	5.7715065	5.7715065	5.7715065	5.7715065	164.0
2003-08-20	4.4956998	4.4956998	7.4725821	7.4725821	7242.0
2003-08-21	7.4725821	7.4725821	7.5333348	7.5333348	10040.0
2003-08-22	5.2854849	5.2854849	7.5940875	7.5940875	4279.0
2003-08-25	5.49811935	5.49811935	5.49811935	5.49811935	823.0
2003-08-28	5.49811935	5.49811935	5.7715065	5.7715065	32920.0
2003-08-29	5.5892484	5.5892484	5.6500011	5.6500011	8394.0
2003-09-03	5.7107538	5.7107538	5.7715065	5.74113015	23867.0
2003-09-04	5.80188285	5.6500011	5.8322592	5.6500011	23867.0
2003-09-05	5.7107538	5.7107538	5.7107538	5.7107538	164.0
2003-09-08	5.9537646	5.9537646	5.9537646	5.9537646	8230.0
2003-09-09	5.9537646	5.9537646	5.9537646	5.9537646	2469.0
2003-09-10	6.0145173	6.0145173	6.0145173	6.0145173	16460.0
2003-09-11	6.0145173	6.0145173	6.0145173	6.0145173	1646.0
2003-09-16	5.9537646	5.9537646	5.9537646	5.9537646	20739.0
2003-09-17	6.0145173	5.9537646	6.0145173	5.9537646	10534.0
2003-09-18	5.9537646	5.9537646	5.9537646	5.9537646	8230.0
2003-09-19	5.9537646	5.9537646	5.9537646	5.9537646	5267.0
2003-09-22	5.9537646	5.9537646	5.9537646	5.9537646	8230.0
2003-09-25	5.9537646	5.9537646	5.9537646	5.9537646	32920.0
2003-09-26	6.0145173	6.0145173	6.07527	6.07527	41479.0
2003-09-30	5.7715065	5.7715065	5.7715065	5.7715065	164.0
2003-10-01	5.7715065	5.7715065	5.7715065	5.7715065	6008292.0
2003-11-25	7.5940875	7.5940875	7.6548402	7.6548402	3550624.0
2004-01-05	9.4166685	9.4166685	9.4166685	9.4166685	3116569.0
2004-02-11	10.935486	10.935486	10.935486	10.935486	2304424.0
2004-03-03	10.3887117	10.3887117	12.15054	12.15054	1035674.0
2004-03-15	13.1833359	13.1833359	13.1833359	13.1833359	47076.0
2004-03-25	14.580648	14.580648	14.580648	14.580648	64194.0
2004-03-29	14.580648	14.580648	15.188175	15.188175	42961.0
2004-04-23	14.580648	14.580648	16.403229	16.403229	166412.0
2004-06-30	10.6317225	10.6317225	10.6317225	10.6317225	287394.0
2004-07-08	9.4166685	9.4166685	9.5989266	9.4166685	118513.0
2004-07-09	9.4774212	9.4774212	9.4774212	9.4774212	672398.0
2004-07-12	9.4774212	9.4774212	9.4774212	9.4774212	132504.0
2004-07-14	9.4774212	9.4774212	9.4774212	9.4774212	144355.0
2004-07-21	6.8650551	6.8650551	7.290324	7.290324	116867.0
2004-07-22	9.4774212	7.5940875	9.4774212	7.897851	9053.0
2004-07-23	8.2016145	8.2016145	8.2016145	8.2016145	36376.0
2004-07-29	7.5940875	7.5940875	7.5940875	7.5940875	109624.0
2004-07-30	9.4166685	9.4166685	9.4166685	9.4166685	571661.0
2004-08-02	9.4166685	9.4166685	9.4166685	9.4166685	1.0
2004-08-09	9.4774212	9.4774212	9.4774212	9.4774212	85757.0
2004-08-11	9.4774212	9.4774212	9.4774212	9.4774212	145837.0
2004-08-12	9.4774212	9.4774212	9.4774212	9.4774212	27.0
2004-08-18	9.112905	9.112905	9.112905	9.112905	311591.0
2004-08-19	8.505378	8.505378	8.505378	8.505378	20575.0
2004-09-17	7.5940875	6.07527	7.5940875	7.5940875	24690.0
2004-09-22	6.07527	6.07527	6.07527	6.07527	43948.0
2004-10-05	10.0849482	10.0849482	10.0849482	10.0849482	77198.0
2004-10-07	10.0241955	10.0241955	10.0241955	10.0241955	23538.0
2004-10-12	10.0241955	10.0241955	10.0241955	10.0241955	26007.0
2004-10-14	10.0241955	10.0241955	10.0241955	10.0241955	1646.0
2004-10-19	9.112905	9.112905	9.112905	9.112905	52672.0
2004-11-04	9.720432	9.720432	10.2672063	10.2672063	535449.0
2004-11-08	10.327959	10.327959	10.327959	10.327959	3292.0
2004-11-09	10.327959	10.327959	10.935486	10.935486	32920.0
2004-11-10	10.935486	10.935486	10.935486	10.935486	212830.0
2004-11-11	10.935486	10.935486	10.935486	10.935486	47076.0
2004-11-12	10.935486	10.935486	10.935486	10.935486	190279.0
2004-11-16	7.6548402	7.6548402	10.935486	10.935486	8230.0
2004-11-22	9.720432	9.720432	9.720432	9.720432	2798.0
2004-12-22	9.720432	9.720432	9.720432	9.720432	34566.0
2004-12-28	9.4166685	9.4166685	9.4166685	9.4166685	823.0
2005-01-06	9.4166685	9.4166685	9.5989266	9.5989266	162955.0
2005-01-12	9.112905	9.112905	9.112905	9.112905	4608.0
2005-01-14	9.112905	8.8091415	9.112905	9.112905	18106.0
2005-01-19	8.2016145	8.2016145	8.2016145	8.2016145	5925.0
2005-01-24	8.505378	8.505378	8.505378	8.505378	8230.0
2005-01-27	7.290324	7.290324	7.290324	7.290324	21398.0
2005-02-02	7.3510767	7.3510767	7.3510767	7.3510767	57281.0
2005-02-04	7.5940875	7.5940875	7.5940875	7.5940875	103534.0
2005-02-15	7.5940875	7.5940875	7.5940875	7.5940875	18106.0
2005-02-21	7.5940875	7.5940875	7.5940875	7.5940875	68309.0
2005-02-25	7.5940875	7.5940875	7.5940875	7.5940875	68145.0
2005-03-08	8.3838726	8.3838726	8.3838726	8.3838726	213982.0
2005-03-18	8.8091415	8.505378	8.8091415	8.505378	199826.0
2005-04-04	8.8091415	8.8091415	8.8091415	8.8091415	14978.0
2005-05-04	9.720432	9.720432	9.720432	9.720432	131681.0
2005-08-15	10.327959	10.327959	10.327959	10.327959	16460.0
2005-09-07	10.5102171	10.5102171	10.5102171	10.5102171	6584.0
2005-09-29	10.6317225	10.327959	10.6317225	10.327959	2962.0
2005-10-13	8.505378	8.505378	8.505378	8.505378	4938.0
2005-10-31	9.720432	9.720432	9.720432	9.720432	1646.0
2005-12-07	9.112905	9.112905	9.112905	9.112905	24690.0
2006-01-10	9.112905	9.112905	9.112905	9.112905	205752.0
2006-02-28	8.8091415	8.8091415	8.8091415	8.8091415	64194.0
2006-03-07	9.2344104	9.2344104	9.2344104	9.2344104	164601.0
2006-03-16	11.543013	11.543013	13.0010778	13.0010778	28969.0
2006-03-17	12.15054	11.543013	12.15054	11.543013	658.0
2006-03-22	11.8467765	11.543013	11.8467765	11.543013	1646.0
2006-04-12	12.758067	12.15054	12.758067	12.15054	1646.0
2006-05-02	12.15054	12.15054	12.15054	12.15054	88061.0
2006-05-04	12.15054	12.15054	12.15054	12.15054	3292.0
2006-05-08	12.15054	11.543013	12.15054	11.543013	8230.0
2006-05-15	12.758067	12.758067	12.758067	12.758067	34895.0
2006-05-16	12.15054	12.15054	12.15054	12.15054	253486.0
2006-06-06	11.543013	11.543013	11.543013	11.543013	42631.0
2006-06-07	11.543013	11.543013	11.543013	11.543013	1316.0
2006-06-08	11.543013	11.543013	11.543013	11.543013	202460.0
2006-06-09	11.543013	11.543013	11.543013	11.543013	19423.0
2006-09-21	10.327959	10.327959	10.327959	10.327959	13991.0
2006-09-27	10.327959	10.327959	10.327959	10.327959	51026.0
2006-10-31	10.2672063	10.2672063	10.935486	10.935486	8230.0
2006-11-01	10.327959	9.720432	10.327959	9.720432	32920.0
2006-11-03	9.720432	9.720432	9.720432	9.720432	18106.0
2006-11-16	10.935486	10.935486	11.0569914	10.935486	9546.0
2006-11-22	10.935486	10.935486	11.0569914	11.0569914	3292.0
2006-11-29	11.543013	11.543013	11.543013	11.543013	91353.0
2006-11-30	12.15054	12.15054	12.15054	12.15054	493.0
2006-12-01	12.15054	12.15054	12.15054	12.15054	82300.0
2006-12-04	12.15054	12.15054	12.15054	12.15054	17776.0
2006-12-06	12.15054	12.15054	12.15054	12.15054	1646.0
2007-01-26	12.15054	12.15054	12.15054	12.15054	164.0
2007-02-05	11.543013	11.543013	11.543013	11.543013	5761.0
2007-02-07	11.543013	11.543013	11.543013	11.543013	1975.0
2007-02-12	11.543013	11.543013	11.543013	11.543013	6584.0
2007-02-13	11.2392495	11.2392495	11.2392495	11.2392495	8230.0
2007-02-14	11.2392495	11.2392495	11.2392495	11.2392495	11522.0
2007-02-20	11.2392495	11.2392495	11.2392495	11.2392495	1646.0
2007-02-28	11.543013	11.543013	11.543013	11.543013	1646.0
2007-03-01	11.543013	11.543013	11.543013	11.543013	823.0
2007-03-02	11.543013	11.543013	11.543013	11.543013	823.0
2007-03-08	11.6037657	11.2392495	11.6037657	11.2392495	1152.0
2007-03-12	12.15054	12.15054	12.15054	12.15054	329.0
2007-03-20	13.365594	11.543013	13.365594	11.543013	1152.0
2007-03-28	11.8467765	11.8467765	11.8467765	11.8467765	823.0
2007-03-30	11.543013	11.543013	11.543013	11.543013	1646.0
2007-04-11	11.2392495	11.2392495	11.2392495	11.2392495	164.0
2007-05-03	11.2392495	11.2392495	11.2392495	11.2392495	164.0
2007-05-08	8.2623672	8.2623672	10.935486	10.935486	823.0
2007-05-09	9.4166685	9.4166685	9.4166685	9.4166685	1646.0
2007-05-11	10.935486	10.935486	12.15054	12.15054	658.0
2007-05-14	12.15054	12.15054	12.15054	12.15054	3292.0
2007-05-15	10.327959	8.8091415	10.327959	8.8091415	25184.0
2007-05-16	9.2344104	8.8091415	11.4215076	11.4215076	15966.0
2007-05-17	10.327959	10.0241955	10.327959	10.327959	14978.0
2007-05-21	10.327959	10.327959	10.935486	10.935486	5761.0
2007-05-25	10.935486	10.935486	10.935486	10.935486	164.0
2007-06-14	8.9913996	8.9306469	10.8747333	10.8747333	10699.0
2007-06-15	9.4774212	9.4774212	9.7811847	9.7811847	9382.0
2007-06-18	8.9913996	8.9913996	8.9913996	8.9913996	4115.0
2007-06-19	8.8698942	8.8091415	8.8698942	8.8091415	6584.0
2007-06-20	8.8091415	8.8091415	8.8091415	8.8091415	164.0
2007-06-21	9.2951631	9.2951631	9.720432	9.720432	2304.0
2007-06-22	10.0241955	10.0241955	10.0241955	10.0241955	823.0
2007-06-26	7.5333348	7.5333348	10.0241955	10.0241955	5431.0
2007-06-28	9.4166685	9.4166685	10.0241955	10.0241955	658.0
2007-07-11	12.758067	12.758067	12.758067	12.758067	329.0
2007-07-13	9.0521523	9.0521523	10.8747333	10.8747333	1975.0
2007-07-27	9.1736577	9.112905	9.1736577	9.112905	493.0
2007-07-31	9.0521523	9.0521523	9.0521523	9.0521523	164.0
2007-08-06	11.543013	11.543013	11.543013	11.543013	329.0
2007-09-10	8.8091415	8.8091415	8.8091415	8.8091415	164.0
2007-09-12	8.7483888	8.7483888	8.7483888	8.7483888	823.0
2007-09-17	9.4166685	9.4166685	9.4166685	9.4166685	164.0
2007-09-18	9.2951631	9.2951631	9.2951631	9.2951631	164.0
2007-09-24	9.112905	9.112905	12.0290346	12.0290346	823.0
2007-09-26	9.720432	9.720432	10.0241955	10.0241955	2469.0
2007-10-02	8.2623672	8.2016145	8.3231199	8.3231199	3785.0
2007-10-03	8.3838726	8.3838726	8.3838726	8.3838726	164.0
2007-10-08	8.2623672	8.2016145	8.2623672	8.2016145	658.0
2007-10-09	8.505378	8.505378	8.505378	8.505378	658.0
2007-10-15	8.6876361	8.5661307	8.6876361	8.5661307	329.0
2007-10-29	8.5661307	8.5661307	8.5661307	8.5661307	164.0
2007-10-31	8.5661307	8.505378	8.5661307	8.505378	987.0
2007-11-02	8.505378	8.505378	8.505378	8.505378	493.0
2007-11-06	7.897851	7.897851	8.3231199	8.3231199	329.0
2007-11-08	9.112905	8.8091415	9.112905	8.8091415	493.0
2007-11-12	8.8091415	8.8091415	8.8091415	8.8091415	164.0
2007-11-13	9.112905	9.112905	9.112905	9.112905	329.0
2007-11-15	9.112905	9.112905	9.720432	9.720432	1810.0
2007-11-21	9.112905	8.8698942	9.112905	8.8698942	2139.0
2007-11-22	8.8698942	8.8698942	8.8698942	8.8698942	2139.0
2007-11-23	8.505378	8.505378	8.505378	8.505378	823.0
2007-11-26	8.505378	8.505378	8.505378	8.505378	164.0
2007-12-13	8.8091415	8.8091415	8.8091415	8.8091415	658.0
2007-12-17	8.505378	8.505378	8.505378	8.505378	823.0
2007-12-18	8.505378	8.505378	8.505378	8.505378	658.0
2008-01-03	9.112905	9.0521523	9.112905	9.0521523	823.0
2008-01-07	6.5612916	6.5612916	8.505378	8.505378	493.0
2008-01-09	8.505378	8.505378	8.505378	8.505378	164.0
2008-01-16	9.112905	9.112905	9.112905	9.112905	658.0
2008-01-25	8.505378	8.505378	8.505378	8.505378	823.0
2008-01-29	8.5661307	8.505378	8.5661307	8.505378	1152.0
2008-01-30	8.505378	8.505378	8.505378	8.505378	493.0
2008-01-31	8.505378	8.505378	8.505378	8.505378	493.0
2008-02-12	8.505378	8.505378	8.505378	8.505378	823.0
2008-02-13	8.505378	8.505378	8.505378	8.505378	658.0
2008-02-14	8.505378	8.505378	8.505378	8.505378	164.0
2008-02-19	8.505378	8.505378	8.505378	8.505378	823.0
2008-02-20	8.505378	8.505378	8.505378	8.505378	823.0
2008-02-22	8.505378	8.505378	8.505378	8.505378	987.0
2008-02-25	8.505378	8.505378	8.505378	8.505378	823.0
2008-02-26	8.505378	8.505378	8.8091415	8.8091415	9053.0
2008-02-27	8.8091415	8.8091415	8.8091415	8.8091415	164.0
2008-03-06	8.505378	8.505378	8.505378	8.505378	3456.0
2008-03-07	8.505378	8.505378	8.505378	8.505378	31109.0
2008-03-10	8.505378	8.505378	8.505378	8.505378	1646.0
2008-03-11	8.505378	8.505378	8.505378	8.505378	164.0
2008-03-12	8.505378	8.505378	8.505378	8.505378	3785.0
2008-03-13	8.505378	8.505378	8.505378	8.505378	823.0
2008-03-14	8.505378	8.505378	8.505378	8.505378	823.0
2008-03-17	8.505378	8.505378	8.505378	8.505378	823.0
2008-03-18	8.505378	8.505378	8.505378	8.505378	823.0
2008-03-20	8.505378	8.505378	8.505378	8.505378	1810.0
2008-03-28	8.505378	8.505378	8.505378	8.505378	164.0
2008-04-09	8.505378	8.505378	8.505378	8.505378	164.0
2008-04-10	8.505378	8.505378	8.505378	8.505378	1481.0
2008-04-11	8.505378	8.505378	8.505378	8.505378	4938.0
2008-04-24	9.112905	9.112905	9.112905	9.112905	164.0
2008-04-25	9.112905	9.112905	9.112905	9.112905	987.0
2008-05-02	11.4215076	11.4215076	11.4215076	11.4215076	164.0
2008-05-06	9.112905	8.9913996	9.112905	8.9913996	3621.0
2008-05-07	8.9913996	8.8091415	8.9913996	8.8091415	9711.0
2008-05-08	11.4215076	8.8091415	11.4215076	8.8091415	9546.0
2008-05-09	8.8698942	8.505378	8.8698942	8.505378	3127.0
2008-05-12	8.5661307	8.505378	8.5661307	8.505378	2469.0
2008-05-13	8.5661307	8.5661307	8.5661307	8.5661307	164.0
2008-05-14	8.505378	7.8370983	8.505378	7.8370983	10534.0
2008-05-15	8.0193564	7.8370983	8.2016145	7.8370983	3456.0
2008-05-16	7.6548402	7.4725821	8.3231199	8.3231199	15801.0
2008-05-22	7.7155929	7.7155929	8.1408618	8.1408618	3785.0
2008-05-23	7.897851	7.897851	7.9586037	7.9586037	8394.0
2008-05-26	7.897851	7.897851	7.897851	7.897851	493.0
2008-05-30	9.0521523	9.0521523	9.0521523	9.0521523	329.0
2008-06-03	8.8698942	8.8698942	8.9306469	8.9306469	493.0
2008-06-09	9.0521523	8.505378	9.0521523	8.505378	1646.0
2008-07-02	6.9258078	6.7435497	8.2623672	8.2623672	11686.0
2008-07-03	7.6548402	7.290324	8.2016145	8.2016145	2962.0
2008-07-11	7.1688186	6.9865605	8.3838726	8.3838726	1152.0
2008-07-16	6.9865605	6.9865605	6.9865605	6.9865605	1646.0
2008-07-18	6.9865605	6.9865605	6.9865605	6.9865605	493.0
2008-07-21	6.9865605	6.9865605	6.9865605	6.9865605	1646.0
2008-07-24	7.0473132	7.0473132	7.0473132	7.0473132	823.0
2008-07-29	6.9865605	6.9865605	6.9865605	6.9865605	987.0
2008-07-30	6.07527	6.07527	6.8043024	6.8043024	987.0
2008-07-31	6.8043024	6.8043024	6.8650551	6.8650551	1152.0
2008-08-05	6.7435497	6.1967754	6.7435497	6.1967754	1152.0
2008-08-08	6.9865605	6.9865605	6.9865605	6.9865605	1316.0
2008-08-25	7.290324	7.290324	7.290324	7.290324	1646.0
2008-08-27	7.290324	7.290324	7.290324	7.290324	1646.0
2008-08-28	7.290324	7.290324	7.290324	7.290324	823.0
2008-09-03	7.1688186	7.1688186	7.1688186	7.1688186	823.0
2008-09-16	6.9865605	6.9865605	6.9865605	6.9865605	658.0
2008-09-24	6.9865605	6.9865605	6.9865605	6.9865605	823.0
2008-10-08	6.682797	6.682797	6.682797	6.682797	658.0
2008-10-22	6.682797	6.682797	6.682797	6.682797	1646.0
2008-10-27	6.682797	6.682797	6.682797	6.682797	1646.0
2008-10-29	6.682797	6.682797	6.682797	6.682797	823.0
2008-10-30	6.682797	6.682797	6.682797	6.682797	1646.0
2009-07-29	6.682797	6.682797	6.682797	6.682797	329.0
2009-07-30	6.682797	6.682797	6.682797	6.682797	823.0
2009-07-31	6.682797	6.682797	6.682797	6.682797	823.0
2009-08-03	6.682797	6.682797	6.682797	6.682797	823.0
2009-08-04	6.682797	6.682797	6.682797	6.682797	823.0
2009-08-06	6.682797	6.682797	6.682797	6.682797	823.0
2009-08-14	7.5940875	7.5940875	7.5940875	7.5940875	164.0
2009-09-11	7.5940875	7.5940875	7.5940875	7.5940875	329.0
2009-09-15	7.6548402	7.5940875	7.6548402	7.5940875	2798.0
2009-09-17	7.5940875	7.5940875	7.5940875	7.5940875	1646.0
2009-09-28	7.5940875	7.5940875	7.5940875	7.5940875	1810.0
2009-10-05	7.5940875	7.5940875	7.5940875	7.5940875	164.0
2009-10-07	7.5940875	7.5940875	7.5940875	7.5940875	329.0
2009-10-08	7.5940875	7.5940875	7.5940875	7.5940875	1152.0
2009-10-09	7.5940875	7.5940875	7.5940875	7.5940875	987.0
2009-11-02	9.8419374	9.8419374	9.8419374	9.8419374	164.0
2009-11-05	9.4166685	6.9865605	9.4166685	6.9865605	1646.0
2009-11-06	8.9913996	7.0473132	8.9913996	7.0473132	658.0
2009-11-10	6.9865605	6.9865605	6.9865605	6.9865605	823.0
2009-12-01	6.7435497	6.5612916	6.7435497	6.5612916	4938.0
2009-12-02	5.80188285	5.80188285	6.682797	6.682797	987.0
2009-12-03	6.682797	6.682797	6.682797	6.682797	1481.0
2009-12-04	6.682797	6.682797	6.682797	6.682797	823.0
2009-12-16	6.4397862	6.4397862	6.4397862	6.4397862	1152.0
2009-12-24	6.4397862	6.4397862	6.4397862	6.4397862	1646.0
2009-12-25	6.4397862	6.4397862	7.0473132	7.0473132	1316.0
2010-01-05	6.682797	6.682797	6.682797	6.682797	823.0
2010-01-25	6.682797	6.682797	6.682797	6.682797	1152.0
2010-01-27	8.3231199	8.3231199	8.4446253	8.3231199	2304.0
2010-01-29	8.2016145	8.2016145	8.3231199	8.3231199	2469.0
2010-02-09	6.7435497	6.7435497	6.7435497	6.7435497	329.0
2010-02-11	8.2623672	8.2623672	8.2623672	8.2623672	493.0
2010-02-24	6.7435497	6.7435497	6.7435497	6.7435497	164.0
2010-03-03	6.2575281	6.2575281	6.2575281	6.2575281	164.0
2010-03-05	6.3182808	6.3182808	6.3182808	6.3182808	164.0
2010-03-31	6.2575281	6.07527	6.2575281	6.07527	1975.0
2010-04-12	6.07527	6.07527	6.07527	6.07527	164.0
2010-04-16	7.5940875	7.5940875	7.5940875	7.5940875	329.0
2010-04-23	6.3182808	6.3182808	6.3182808	6.3182808	329.0
2010-05-04	7.897851	7.897851	7.897851	7.897851	823.0
2010-05-12	6.1360227	6.07527	6.1360227	6.07527	1646.0
2010-05-25	6.1360227	6.07527	6.1360227	6.07527	1316.0
2010-06-10	6.3790335	6.3790335	6.3790335	6.3790335	1152.0
2010-06-24	6.07527	6.07527	6.07527	6.07527	823.0
2010-06-29	7.1688186	7.1688186	7.290324	7.290324	3292.0
2010-06-30	7.2295713	7.2295713	7.290324	7.290324	3621.0
2010-07-06	7.290324	7.290324	7.290324	7.290324	2633.0
2010-07-13	8.2016145	8.2016145	8.505378	8.505378	6584.0
2010-07-14	8.505378	8.505378	8.505378	8.505378	823.0
2010-07-19	8.505378	8.505378	8.505378	8.505378	823.0
2010-07-20	8.505378	8.505378	8.505378	8.505378	1481.0
2010-07-22	9.112905	9.112905	9.112905	9.112905	5925.0
2010-07-27	8.505378	8.505378	8.505378	8.505378	823.0
2010-08-05	8.505378	8.505378	8.505378	8.505378	1646.0
2010-08-06	8.505378	8.505378	9.112905	9.112905	3292.0
2010-08-09	9.112905	9.112905	9.112905	9.112905	3292.0
2010-08-10	9.112905	9.112905	9.1736577	9.1736577	5761.0
2010-08-11	9.112905	9.112905	9.112905	9.112905	2469.0
2010-08-16	10.935486	10.935486	11.8467765	11.8467765	19916.0
2010-08-19	11.8467765	11.8467765	11.8467765	11.8467765	14978.0
2010-09-22	10.327959	10.327959	10.6317225	10.327959	3292.0
2010-09-27	9.5381739	9.5381739	9.5381739	9.5381739	329.0
2010-09-29	9.720432	9.720432	9.720432	9.720432	164.0
2010-09-30	10.4494644	10.4494644	10.7532279	10.7532279	1481.0
2010-10-08	10.8747333	10.8747333	10.8747333	10.8747333	164.0
2010-10-12	11.543013	11.543013	11.543013	11.543013	1646.0
2010-11-11	12.758067	12.758067	15.0059169	15.0059169	3292.0
2010-11-12	15.188175	15.188175	17.010756	16.403229	23373.0
2010-11-15	16.403229	16.403229	17.010756	17.010756	28640.0
2010-11-16	17.46640125	17.46640125	17.618283	17.618283	6584.0
2010-11-17	17.3145195	17.3145195	17.3145195	17.3145195	823.0
2010-11-19	18.22581	18.22581	22.478499	21.41532675	45100.0
2010-12-03	18.22581	18.22581	18.833337	18.833337	6913.0
2010-12-08	18.22581	17.618283	18.22581	17.618283	24690.0
2010-12-09	18.22581	18.22581	18.22581	18.22581	8230.0
2010-12-13	18.833337	18.833337	19.440864	18.833337	26171.0
2010-12-16	18.833337	18.22581	18.833337	18.22581	17283.0
2010-12-20	18.22581	18.22581	19.440864	19.440864	14814.0
2010-12-21	18.833337	18.833337	18.833337	18.833337	8230.0
2010-12-27	18.22581	18.22581	18.22581	18.22581	329.0
2011-01-13	12.8795724	12.8795724	17.618283	17.618283	1975.0
2011-01-14	17.618283	17.618283	18.22581	18.22581	658.0
2011-01-17	14.0338737	14.0338737	17.010756	17.010756	1152.0
2011-01-19	18.833337	18.833337	19.440864	19.440864	16460.0
2011-01-20	18.833337	18.833337	19.440864	19.440864	17118.0
2011-01-21	17.010756	17.010756	17.010756	17.010756	493.0
2011-01-27	17.010756	17.010756	17.010756	17.010756	3950.0
2011-02-10	17.010756	17.010756	17.010756	17.010756	823.0
2011-02-11	17.010756	17.010756	17.010756	17.010756	1646.0
2011-02-16	18.833337	18.833337	19.440864	19.440864	16460.0
2011-02-17	17.16263775	17.16263775	17.16263775	17.16263775	193736.0
2011-02-22	18.833337	18.833337	19.440864	18.833337	11357.0
2011-02-23	19.440864	18.833337	19.440864	18.833337	21398.0
2011-02-25	18.98521875	18.98521875	18.98521875	18.98521875	823.0
2011-02-28	18.98521875	18.98521875	18.98521875	18.98521875	3785.0
2011-03-01	19.1371005	19.1371005	19.1371005	19.1371005	6584.0
2011-03-02	19.440864	19.440864	19.440864	19.440864	4115.0
2011-03-03	19.440864	19.440864	19.440864	19.440864	3292.0
2011-03-08	19.59274575	19.59274575	19.59274575	19.59274575	823.0
2011-03-11	19.440864	19.440864	19.440864	19.440864	6584.0
2011-03-24	19.440864	19.440864	19.440864	19.440864	6584.0
2011-03-31	19.1371005	19.1371005	19.440864	19.440864	6748.0
2011-04-04	23.086026	19.440864	23.086026	19.440864	8230.0
2011-04-18	19.7446275	19.7446275	19.7446275	19.7446275	658.0
2011-04-26	19.440864	19.440864	19.440864	19.440864	8230.0
2011-04-27	21.263445	21.263445	21.263445	21.263445	823.0
2011-05-06	20.048391	20.048391	20.048391	20.048391	3292.0
2011-05-09	19.440864	19.440864	19.440864	19.440864	4938.0
2011-05-10	20.048391	19.7446275	20.048391	19.7446275	2469.0
2011-05-11	20.048391	20.048391	20.048391	20.048391	1646.0
2011-05-12	20.3521545	20.3521545	20.3521545	20.3521545	1152.0
2011-05-13	18.833337	18.833337	18.833337	18.833337	823.0
2011-05-19	18.833337	18.833337	18.833337	18.833337	493.0
2011-05-23	18.98521875	18.833337	18.98521875	18.833337	6584.0
2011-06-01	17.010756	17.010756	17.010756	17.010756	823.0
2011-06-02	20.9596815	19.7446275	20.9596815	19.7446275	1152.0
2011-06-03	14.580648	14.580648	20.048391	20.048391	1646.0
2011-06-06	20.048391	20.048391	20.048391	20.048391	987.0
2011-06-10	20.655918	20.655918	20.655918	20.655918	987.0
2011-06-14	20.048391	20.048391	20.048391	20.048391	6254.0
2011-06-15	20.3521545	20.3521545	20.3521545	20.3521545	329.0
2011-06-16	20.3521545	20.3521545	20.3521545	20.3521545	5596.0
2011-07-05	20.655918	20.655918	20.655918	20.655918	4938.0
2011-07-11	20.655918	20.655918	20.655918	20.655918	8230.0
2011-07-12	20.655918	20.655918	20.655918	20.655918	8230.0
2011-07-13	20.655918	20.655918	20.655918	20.655918	8230.0
2011-07-14	20.655918	20.655918	20.655918	20.655918	8230.0
2011-07-18	20.655918	20.655918	20.655918	20.655918	8230.0
2011-07-19	20.655918	20.655918	20.655918	20.655918	11522.0
2011-07-20	20.655918	20.655918	20.655918	20.655918	24690.0
2011-07-21	20.655918	20.655918	20.655918	20.655918	24690.0
2011-07-22	20.655918	20.655918	20.655918	20.655918	8230.0
2011-07-25	20.655918	20.3521545	20.655918	20.3521545	9053.0
2011-07-26	20.3521545	20.3521545	20.3521545	20.3521545	8230.0
2011-07-27	20.3521545	20.3521545	20.655918	20.655918	24196.0
2011-07-28	20.3521545	20.3521545	20.3521545	20.3521545	13168.0
2011-08-01	20.3521545	20.3521545	20.3521545	20.3521545	8230.0
2011-08-02	20.655918	20.50403625	21.5672085	20.50403625	32920.0
2011-08-03	20.50403625	20.50403625	20.50403625	20.50403625	9876.0
2011-08-04	20.50403625	20.3521545	20.655918	20.655918	21398.0
2011-08-05	20.3521545	19.440864	20.3521545	19.440864	21562.0
2011-08-18	20.655918	20.655918	20.655918	20.655918	8230.0
2011-08-23	20.655918	20.655918	20.655918	20.655918	3292.0
2011-08-29	22.478499	20.655918	23.086026	20.655918	51026.0
2011-08-30	20.9596815	20.9596815	20.9596815	20.9596815	3292.0
2011-08-31	21.5672085	21.263445	21.5672085	21.263445	3292.0
2011-09-01	21.5672085	21.5672085	21.5672085	21.5672085	3292.0
2011-09-02	21.870972	21.870972	21.870972	21.870972	3292.0
2011-09-05	23.086026	23.086026	23.086026	23.086026	13661.0
2011-09-08	22.7822625	22.7822625	22.7822625	22.7822625	164.0
2011-09-13	23.3897895	23.086026	23.3897895	23.086026	8559.0
2011-09-15	23.3897895	23.3897895	23.693553	23.693553	14814.0
2011-09-16	23.693553	23.3897895	24.30108	24.30108	36376.0
2011-09-19	24.30108	24.30108	24.30108	24.30108	2469.0
2011-09-20	23.9973165	23.9973165	24.6048435	24.6048435	1975.0
2011-09-26	21.870972	21.870972	21.870972	21.870972	1646.0
2011-10-03	20.048391	20.048391	20.048391	20.048391	1646.0
2011-10-04	24.908607	24.908607	24.908607	24.908607	823.0
2011-12-01	23.086026	23.086026	23.086026	23.086026	7900.0
2011-12-22	23.086026	23.086026	23.086026	23.086026	6584.0
2012-01-05	23.3897895	23.3897895	23.3897895	23.3897895	1646.0
2012-01-19	23.693553	23.693553	23.693553	23.693553	4115.0
2012-01-30	24.908607	24.908607	24.908607	24.908607	1646.0
2012-01-31	24.30108	24.30108	24.30108	24.30108	1646.0
2012-02-06	24.30108	24.30108	24.30108	24.30108	1646.0
2012-02-08	24.30108	24.30108	24.30108	24.30108	1646.0
2012-02-14	24.30108	24.30108	24.30108	24.30108	1646.0
2012-02-17	19.440864	19.440864	24.30108	24.30108	49380.0
2012-02-21	24.30108	24.30108	24.30108	24.30108	4608.0
2012-02-23	24.30108	24.30108	24.30108	24.30108	8559.0
2012-02-24	24.30108	24.30108	24.30108	24.30108	6913.0
2012-03-09	24.30108	24.30108	24.30108	24.30108	7407.0
2012-03-15	24.30108	24.30108	24.30108	24.30108	8230.0
2012-03-19	24.30108	24.30108	24.30108	24.30108	8230.0
2012-03-21	23.9973165	23.9973165	23.9973165	23.9973165	8230.0
2012-03-28	23.693553	23.693553	23.693553	23.693553	8888.0
2012-04-03	23.693553	23.693553	23.693553	23.693553	6584.0
2012-04-05	23.693553	23.693553	23.693553	23.693553	4938.0
2012-04-10	23.693553	23.54167125	23.693553	23.54167125	19752.0
2012-04-11	23.54167125	23.54167125	23.54167125	23.54167125	8559.0
2012-04-18	23.54167125	23.54167125	23.54167125	23.54167125	3950.0
2012-04-24	23.086026	23.086026	23.086026	23.086026	823.0
2012-04-27	23.086026	23.086026	23.086026	23.086026	164.0
2012-05-03	23.693553	23.693553	23.693553	23.693553	8230.0
2012-05-04	23.693553	23.693553	23.693553	23.693553	8230.0
2012-05-10	23.9973165	23.9973165	23.9973165	23.9973165	1646.0
2012-05-30	23.693553	23.693553	23.693553	23.693553	8559.0
2012-06-13	21.41532675	21.263445	21.41532675	21.263445	1975.0
2012-06-14	21.263445	21.263445	21.263445	21.263445	493.0
2012-06-15	21.263445	21.263445	21.5672085	21.5672085	658.0
2012-06-28	21.5672085	21.5672085	24.908607	24.908607	17283.0
2012-07-13	21.263445	21.263445	24.30108	23.693553	24854.0
2012-07-17	23.693553	23.693553	23.693553	23.693553	329.0
2012-08-22	23.086026	23.086026	23.086026	23.086026	13497.0
2012-09-06	23.086026	22.478499	23.086026	22.478499	24690.0
2012-09-10	22.478499	22.478499	22.478499	22.478499	329.0
2012-09-13	22.7822625	21.870972	22.7822625	21.870972	30286.0
2012-09-14	22.478499	22.02285375	22.478499	22.02285375	2469.0
2012-09-19	21.263445	21.263445	21.263445	21.263445	823.0
2012-09-24	20.655918	20.655918	20.655918	20.655918	987.0
2012-09-26	20.655918	20.048391	20.655918	20.048391	24690.0
2012-10-02	19.59274575	19.59274575	19.59274575	19.59274575	8230.0
2012-10-04	19.1371005	19.1371005	19.440864	19.440864	23208.0
2012-10-08	18.833337	18.833337	18.833337	18.833337	8230.0
2012-10-09	18.833337	18.833337	18.833337	18.833337	4938.0
2012-10-12	18.833337	18.833337	18.833337	18.833337	7736.0
2012-10-15	18.833337	18.833337	18.833337	18.833337	4938.0
2012-10-16	19.1371005	19.1371005	20.80779975	20.20027275	15307.0
2012-10-17	19.7446275	19.440864	21.263445	19.59274575	12838.0
2012-10-22	20.655918	20.655918	22.63038075	22.63038075	987.0
2012-10-24	23.086026	23.086026	23.086026	23.086026	329.0
2012-10-25	21.870972	21.870972	21.870972	21.870972	164.0
2012-10-26	21.263445	19.7446275	21.870972	19.7446275	10534.0
2012-10-29	19.7446275	19.7446275	21.11156325	20.048391	13826.0
2012-10-30	21.41532675	21.263445	21.41532675	21.263445	493.0
2012-10-31	20.20027275	20.048391	20.20027275	20.048391	16460.0
2012-11-01	20.655918	20.048391	20.655918	20.048391	12180.0
2012-11-02	20.048391	19.1371005	20.048391	19.1371005	3621.0
2012-11-06	19.59274575	19.59274575	19.59274575	19.59274575	987.0
2012-11-07	19.89650925	19.89650925	19.89650925	19.89650925	658.0
2012-11-08	20.048391	20.048391	20.048391	20.048391	17283.0
2012-11-13	20.048391	19.440864	20.048391	19.440864	37858.0
2012-11-19	22.1747355	22.1747355	22.1747355	22.1747355	164.0
2012-11-22	20.048391	20.048391	20.048391	20.048391	2633.0
2012-11-23	19.440864	19.440864	19.440864	19.440864	164.0
2012-11-26	18.833337	18.833337	20.048391	20.048391	7242.0
2012-11-27	18.98521875	18.833337	19.1371005	19.1371005	9711.0
2012-11-28	18.833337	18.833337	18.833337	18.833337	6584.0
2012-11-30	18.833337	18.833337	18.833337	18.833337	8230.0
2012-12-03	18.833337	18.833337	18.833337	18.833337	8230.0
2012-12-07	19.1371005	19.1371005	19.1371005	19.1371005	1646.0
2012-12-13	19.1371005	18.833337	20.9596815	20.9596815	13826.0
2012-12-17	19.28898225	19.28898225	19.28898225	19.28898225	164.0
2012-12-20	18.22581	18.22581	19.28898225	19.28898225	12838.0
2012-12-21	19.28898225	19.28898225	19.440864	19.440864	3785.0
2012-12-24	18.833337	18.833337	19.59274575	19.59274575	16789.0
2013-01-04	19.89650925	19.89650925	19.89650925	19.89650925	5761.0
2013-01-08	18.37769175	18.22581	19.1371005	19.1371005	1975.0
2013-01-10	19.89650925	19.89650925	20.048391	20.048391	7077.0
2013-01-15	20.048391	20.048391	20.048391	20.048391	1810.0
2013-01-17	20.048391	20.048391	20.048391	20.048391	16460.0
2013-01-18	25.97177925	20.20027275	25.97177925	20.20027275	1646.0
2013-01-23	20.20027275	20.048391	20.20027275	20.048391	3950.0
2013-01-30	20.048391	20.048391	20.048391	20.048391	8230.0
2013-02-05	18.22581	18.22581	19.440864	19.440864	329.0
2013-03-01	25.2123705	22.02285375	25.2123705	22.1747355	22385.0
2013-03-04	21.870972	21.870972	22.478499	21.870972	11522.0
2013-03-05	22.478499	22.1747355	22.478499	22.1747355	6419.0
2013-03-06	22.478499	22.478499	22.478499	22.478499	4115.0
2013-03-11	22.478499	22.478499	22.478499	22.478499	987.0
2013-03-12	22.478499	22.478499	22.478499	22.478499	329.0
2013-03-15	22.7822625	22.7822625	22.7822625	22.7822625	2304.0
2013-03-19	22.7822625	22.7822625	22.7822625	22.7822625	13826.0
2013-03-26	22.7822625	22.7822625	22.7822625	22.7822625	1975.0
2013-04-01	19.1371005	18.833337	19.7446275	19.440864	3950.0
2013-04-02	20.048391	20.048391	20.20027275	20.20027275	1316.0
2013-04-03	19.7446275	19.7446275	20.50403625	20.048391	6090.0
2013-04-04	20.655918	20.655918	22.63038075	22.1747355	31109.0
2013-04-05	22.63038075	22.478499	25.516134	25.516134	9546.0
2013-04-09	23.693553	23.693553	25.36425225	24.908607	35224.0
2013-04-10	24.908607	24.30108	24.908607	24.6048435	23044.0
2013-04-11	25.2123705	24.6048435	25.2123705	24.75672525	6254.0
2013-04-12	24.6048435	24.45296175	24.6048435	24.6048435	16953.0
2013-04-17	25.36425225	24.6048435	25.36425225	24.6048435	3785.0
2013-04-19	25.2123705	25.2123705	25.2123705	25.2123705	164.0
2013-04-22	25.516134	25.516134	25.516134	25.516134	14814.0
2013-04-23	26.123661	26.123661	26.123661	26.123661	164.0
2013-04-24	26.123661	25.516134	26.731188	26.731188	19258.0
2013-04-25	26.731188	26.123661	26.731188	26.123661	3621.0
2013-04-26	27.338715	25.516134	27.338715	25.516134	5102.0
2013-04-29	25.8198975	25.8198975	25.8198975	25.8198975	8230.0
2013-04-30	27.338715	27.338715	29.768823	29.768823	9876.0
2013-05-09	26.57930625	26.4274245	26.57930625	26.4274245	17283.0
2013-05-10	29.161296	26.57930625	29.161296	28.40188725	16789.0
2013-05-13	28.553769	28.553769	28.553769	28.553769	329.0
2013-05-14	28.553769	28.553769	28.553769	28.553769	329.0
2013-05-15	28.70565075	28.70565075	31.591404	31.591404	84276.0
2013-05-16	34.021512	30.983877	34.021512	30.983877	4773.0
2013-05-17	30.983877	30.983877	30.983877	30.983877	8230.0
2013-05-20	30.6801135	30.6801135	34.021512	34.021512	10205.0
2013-05-21	34.021512	30.983877	34.021512	30.983877	2633.0
2013-05-22	30.6801135	30.37635	30.6801135	30.37635	6419.0
2013-05-23	30.37635	29.161296	31.591404	30.983877	15143.0
2013-05-27	30.983877	25.516134	30.983877	30.37635	493.0
2013-05-28	29.161296	29.161296	32.806458	31.43952225	5267.0
2013-05-29	29.92070475	29.161296	29.92070475	29.161296	4279.0
2013-05-30	31.43952225	29.768823	32.5026945	29.768823	3621.0
2013-05-31	31.8951675	29.92070475	32.5026945	32.198931	19587.0
2013-06-03	31.591404	29.768823	31.591404	30.983877	2469.0
2013-06-04	31.2876405	31.2876405	31.2876405	31.2876405	164.0
2013-06-05	30.6801135	30.37635	31.591404	30.37635	21892.0
2013-06-06	29.768823	29.768823	30.37635	29.768823	3292.0
2013-06-07	29.768823	29.161296	30.37635	29.768823	2962.0
2013-06-10	29.768823	29.4650595	30.0725865	30.0725865	7077.0
2013-06-11	29.768823	29.4650595	30.37635	29.768823	4773.0
2013-06-12	30.0725865	29.92070475	30.6801135	29.92070475	10369.0
2013-06-13	29.768823	29.00941425	29.768823	29.00941425	12509.0
2013-06-17	27.79436025	26.88306975	29.161296	26.88306975	9876.0
2013-06-18	27.0349515	27.0349515	28.40188725	27.946242	5431.0
2013-06-19	27.946242	27.946242	29.768823	28.2500055	15307.0
2013-06-20	29.0	29.0	36.25	29.75	8400.0
2013-06-21	29.75	29.75	30.0	30.0	800.0
2013-06-24	29.5	29.5	29.5	29.5	600.0
2013-06-26	29.0	29.0	29.0	29.0	300.0
2013-06-27	28.75	21.2	28.75	26.0	5400.0
2013-06-28	28.0	25.0	28.0	25.5	2500.0
2013-07-03	21.3	20.0	24.6	23.0	14800.0
2013-07-04	22.0	22.0	23.0	23.0	10500.0
2013-07-05	21.1	21.1	21.1	21.1	900.0
2013-07-08	21.0	20.0	23.6	21.0	5500.0
2013-07-09	19.3	19.2	19.5	19.5	11700.0
2013-07-10	19.5	19.5	19.8	19.7	600.0
2013-07-11	20.0	19.1	20.0	19.5	19200.0
2013-07-12	19.2	19.2	19.5	19.5	400.0
2013-07-15	19.5	19.4	19.5	19.4	500.0
2013-07-16	19.9	19.8	21.0	19.8	2700.0
2013-07-17	20.5	19.9	20.5	19.9	7500.0
2013-07-18	20.0	20.0	20.3	20.0	6500.0
2013-07-19	19.9	19.9	19.9	19.9	200.0
2013-07-23	23.0	21.0	23.0	21.0	6500.0
2013-07-24	20.9	20.9	21.0	20.9	3000.0
2013-07-25	20.6	20.6	20.6	20.6	800.0
2013-07-26	20.8	20.5	21.0	21.0	7200.0
2013-07-29	19.9	18.0	20.0	19.6	13800.0
2013-07-30	22.9	20.0	22.9	20.7	23500.0
2013-07-31	19.2	19.1	19.2	19.2	1000.0
2013-08-02	19.0	19.0	19.0	19.0	10400.0
2013-08-05	20.0	19.0	20.0	19.0	30800.0
2013-08-06	20.0	20.0	20.0	20.0	10000.0
2013-08-07	20.0	20.0	26.0	26.0	439900.0
2013-08-08	25.5	23.4	26.5	24.5	88000.0
2013-08-09	23.1	21.5	23.1	21.5	25300.0
2013-08-13	21.6	21.5	21.6	21.6	26300.0
2013-08-14	24.0	22.4	24.4	22.9	33200.0
2013-08-15	23.0	23.0	23.1	23.0	32200.0
2013-08-16	23.0	23.0	23.2	23.1	9800.0
2013-08-19	23.1	23.0	23.1	23.0	21600.0
2013-08-20	23.0	22.9	23.0	22.9	20300.0
2013-08-21	22.9	22.8	22.9	22.8	23400.0
2013-08-22	22.8	22.8	22.9	22.9	24300.0
2013-08-23	22.9	22.8	22.9	22.8	26500.0
2013-08-26	22.8	22.7	22.9	22.9	35300.0
2013-08-27	22.7	22.7	22.7	22.7	1400.0
2013-08-28	22.6	22.6	22.7	22.7	2100.0
2013-08-30	24.0	24.0	24.0	24.0	1000.0
2013-09-04	21.6	21.6	22.9	22.8	2000.0
2013-09-05	22.8	22.8	22.8	22.8	700.0
2013-09-09	23.0	23.0	23.0	23.0	8500.0
2013-09-10	21.1	20.5	22.0	22.0	16400.0
2013-09-11	22.1	22.1	22.6	22.6	1700.0
2013-09-12	23.0	23.0	23.0	23.0	100.0
2013-09-13	23.5	23.5	23.5	23.5	100.0
2013-09-16	22.3	22.2	22.9	22.8	16200.0
2013-09-17	22.8	22.0	22.8	22.1	81400.0
2013-09-18	23.5	21.0	23.5	21.0	12300.0
2013-09-19	21.7	21.5	21.7	21.5	8100.0
2013-09-20	21.6	21.3	21.6	21.3	32100.0
2013-09-23	21.6	21.4	21.8	21.4	56700.0
2013-09-24	21.5	21.5	21.5	21.5	600.0
2013-09-25	21.5	21.5	22.0	22.0	3600.0
2013-09-26	21.8	21.8	21.8	21.8	100.0
2013-09-27	21.9	21.9	21.9	21.9	100.0
2013-09-30	22.0	22.0	22.0	22.0	2000.0
2013-10-01	21.8	21.8	22.1	22.1	300.0
2013-10-03	21.9	21.9	21.9	21.9	100.0
2013-10-08	22.0	22.0	22.0	22.0	1000.0
2013-10-10	21.6	21.5	21.6	21.5	3000.0
2013-10-11	22.0	22.0	22.0	22.0	2000.0
2013-10-14	21.7	21.6	22.5	22.2	7500.0
2013-10-17	22.1	22.1	22.2	22.1	9600.0
2013-10-18	22.6	22.6	22.6	22.6	1200.0
2013-10-24	22.6	22.6	22.6	22.6	500.0
2013-10-25	22.7	22.7	22.7	22.7	400.0
2013-10-28	23.0	23.0	23.5	23.0	4400.0
2013-10-29	23.2	23.1	23.3	23.1	2400.0
2013-10-30	23.3	23.3	24.0	24.0	15200.0
2013-10-31	24.0	24.0	24.3	24.3	1700.0
2013-11-04	24.1	24.1	24.1	24.1	1200.0
2013-11-05	24.2	24.2	25.0	25.0	4200.0
2013-11-07	25.0	25.0	27.0	27.0	51900.0
2013-11-08	27.25	25.75	27.25	27.0	7900.0
2013-11-12	27.0	27.0	27.5	27.0	36600.0
2013-11-13	27.5	27.25	27.75	27.25	2800.0
2013-11-14	27.75	27.75	28.5	28.0	2600.0
2013-11-15	28.0	27.5	28.0	27.5	4000.0
2013-11-18	27.5	27.25	28.75	28.25	29200.0
2013-11-19	29.0	29.0	31.5	31.0	48700.0
2013-11-20	31.0	31.0	33.75	33.25	26900.0
2013-11-21	33.75	33.5	37.0	34.5	56100.0
2013-11-22	33.0	31.0	34.75	33.25	17900.0
2013-11-25	33.5	33.25	34.25	34.0	7600.0
2013-11-26	32.5	32.25	34.25	34.25	2400.0
2013-11-27	34.25	34.25	34.5	34.5	1200.0
2013-11-29	31.25	31.25	31.25	31.25	2900.0
2013-12-03	31.75	31.75	34.0	33.0	8000.0
2013-12-04	35.0	32.0	35.0	32.0	4600.0
2013-12-06	30.25	30.25	32.0	31.0	1700.0
2013-12-09	32.25	32.25	32.25	32.25	500.0
2013-12-11	36.0	34.75	38.25	34.75	29800.0
2013-12-12	38.0	35.25	38.0	35.25	500.0
2013-12-13	37.25	37.25	37.75	37.5	2700.0
2013-12-16	38.0	35.0	38.25	35.0	1200.0
2013-12-17	35.0	34.5	35.25	34.75	10500.0
2013-12-18	34.75	34.5	35.0	34.5	2400.0
2013-12-24	33.25	33.0	33.25	33.0	5000.0
2013-12-25	28.0	28.0	35.0	35.0	200.0
2013-12-26	35.5	35.5	36.25	35.5	40000.0
2013-12-27	35.5	32.0	36.0	33.75	12300.0
2014-01-06	35.0	35.0	35.0	35.0	100.0
2014-01-07	30.5	30.25	31.75	31.75	9000.0
2014-01-08	30.5	30.5	30.5	30.5	200.0
2014-01-09	30.25	30.25	31.5	30.5	3500.0
2014-01-10	32.0	30.0	32.0	30.0	1200.0
2014-01-13	31.5	31.5	31.5	31.5	100.0
2014-01-14	31.0	30.0	33.0	30.5	9400.0
2014-01-16	30.0	30.0	30.0	30.0	1400.0
2014-01-20	30.25	30.25	31.5	30.25	6500.0
2014-01-21	30.25	30.25	30.25	30.25	2600.0
2014-01-22	30.0	30.0	30.0	30.0	2000.0
2014-01-28	30.25	29.75	30.25	29.75	15800.0
2014-01-29	30.0	30.0	30.0	30.0	7200.0
2014-01-30	30.0	30.0	30.0	30.0	2500.0
2014-01-31	32.0	32.0	33.0	33.0	2700.0
2014-02-03	33.0	30.25	33.0	32.0	3700.0
2014-02-04	30.5	30.25	30.5	30.25	700.0
2014-02-05	30.25	30.0	30.25	30.0	1700.0
2014-02-07	30.0	29.75	30.0	29.75	1300.0
2014-02-11	29.75	29.75	30.0	29.75	4200.0
2014-02-12	30.0	30.0	32.0	32.0	4600.0
2014-02-13	30.5	30.0	30.5	30.0	6500.0
2014-02-17	30.0	30.0	30.0	30.0	2200.0
2014-02-18	30.25	30.0	30.25	30.0	2900.0
2014-02-20	30.25	30.0	30.25	30.0	1100.0
2014-02-21	30.0	30.0	30.0	30.0	1300.0
2014-02-25	30.25	30.0	31.0	31.0	7900.0
2014-02-26	30.75	30.75	31.0	31.0	3400.0
2014-02-27	30.0	28.0	30.0	28.75	83300.0
2014-02-28	28.75	27.25	28.75	27.25	24600.0
2014-03-03	27.75	27.0	27.75	27.25	11500.0
2014-03-04	26.75	26.75	27.0	27.0	2900.0
2014-03-05	27.0	27.0	27.0	27.0	5500.0
2014-03-06	26.75	26.75	27.0	27.0	500.0
2014-03-07	26.75	26.75	27.0	26.75	2900.0
2014-03-10	25.75	24.9	25.75	24.9	9900.0
2014-03-11	25.0	25.0	25.25	25.0	11500.0
2014-03-12	25.0	25.0	25.0	25.0	1600.0
2014-03-13	24.9	24.5	25.25	24.5	9600.0
2014-03-14	24.9	24.5	24.9	24.5	600.0
2014-03-17	24.5	24.1	24.5	24.1	1800.0
2014-03-19	23.7	23.7	24.0	24.0	2500.0
2014-03-21	24.0	24.0	24.0	24.0	200.0
2014-03-25	23.5	23.5	23.5	23.5	5700.0
2014-03-26	23.6	23.6	24.2	24.2	58500.0
2014-03-27	23.9	23.8	24.3	24.3	4600.0
2014-03-28	24.4	24.4	27.0	27.0	700.0
2014-03-31	26.75	26.75	26.75	26.75	2000.0
2014-04-01	26.0	26.0	26.5	26.0	5400.0
2014-04-02	25.75	25.75	25.75	25.75	5000.0
2014-04-03	24.1	24.1	24.4	24.4	3000.0
2014-04-04	24.5	24.5	24.9	24.9	6800.0
2014-04-09	25.25	24.9	25.75	24.9	7800.0
2014-04-16	25.25	24.6	25.25	25.25	2500.0
2014-04-17	25.25	25.0	25.75	25.75	3600.0
2014-04-18	25.25	25.25	25.75	25.75	700.0
2014-04-21	25.5	25.25	25.75	25.25	1400.0
2014-04-22	25.25	25.0	25.25	25.0	7200.0
2014-04-23	25.0	25.0	25.0	25.0	1000.0
2014-04-24	25.0	25.0	25.0	25.0	4600.0
2014-04-25	25.0	25.0	25.0	25.0	2000.0
2014-04-28	25.0	25.0	27.0	25.0	7400.0
2014-04-29	25.0	25.0	25.0	25.0	3800.0
2014-04-30	26.0	26.0	26.0	26.0	100.0
2014-05-02	26.75	25.0	26.75	25.5	12000.0
2014-05-07	26.0	25.75	26.0	25.75	600.0
2014-05-08	26.75	25.75	27.25	26.0	18700.0
2014-05-09	25.75	25.75	25.75	25.75	600.0
2014-05-15	26.0	26.0	26.25	26.25	3000.0
2014-05-16	25.0	25.0	25.0	25.0	300.0
2014-05-20	24.5	24.5	25.0	25.0	700.0
2014-05-26	26.25	26.0	26.25	26.0	1000.0
2014-05-27	26.0	26.0	26.0	26.0	1000.0
2014-05-28	26.5	26.5	26.5	26.5	200.0
2014-05-30	26.0	26.0	26.0	26.0	1000.0
2014-06-02	25.5	25.0	26.0	26.0	2600.0
2014-06-03	26.0	25.25	26.0	26.0	10200.0
2014-06-04	27.0	25.75	27.0	25.75	3100.0
2014-06-06	26.75	25.5	26.75	26.5	2500.0
2014-06-09	25.75	25.75	26.0	26.0	2800.0
2014-06-13	25.5	25.5	25.75	25.75	1600.0
2014-06-19	26.0	26.0	26.0	26.0	1000.0
2014-06-20	25.75	25.5	25.75	25.5	1500.0
2014-06-24	26.0	25.0	26.0	25.0	1700.0
2014-06-25	26.0	25.25	26.0	25.25	1500.0
2014-06-26	25.0	25.0	25.25	25.25	2000.0
2014-06-30	24.5	24.5	26.0	25.5	500.0
2014-07-03	25.5	25.5	28.0	28.0	1000.0
2014-07-04	25.5	25.5	26.0	26.0	600.0
2014-07-23	29.75	29.75	29.75	29.75	200.0
2014-07-28	27.25	27.25	29.5	28.5	17500.0
2014-07-29	28.5	26.75	28.5	26.75	18900.0
2014-07-30	27.0	26.25	27.0	26.5	24800.0
2014-08-01	26.75	26.5	26.75	26.5	4000.0
2014-08-04	26.0	26.0	26.0	26.0	100.0
2014-08-05	26.25	26.25	26.25	26.25	600.0
2014-08-06	26.5	26.5	26.5	26.5	1500.0
2014-08-08	26.75	26.75	27.0	26.75	4000.0
2014-08-13	26.75	26.75	26.75	26.75	500.0
2014-08-14	26.25	26.25	26.25	26.25	500.0
2014-08-15	27.0	26.75	27.0	26.75	800.0
2014-08-19	27.0	27.0	27.0	27.0	700.0
2014-08-20	26.75	26.75	28.0	28.0	400.0
2014-08-22	33.75	27.0	33.75	29.0	2400.0
2014-08-27	28.5	28.5	29.75	29.75	1900.0
2014-08-29	30.0	29.0	30.0	29.25	1500.0
2014-09-02	29.0	29.0	29.0	29.0	1000.0
2014-09-03	29.25	28.5	29.75	28.5	6800.0
2014-09-05	29.0	28.0	29.25	28.0	4500.0
2014-09-08	28.25	28.0	28.5	28.0	700.0
2014-09-09	28.5	28.5	28.5	28.5	300.0
2014-09-10	28.75	28.75	28.75	28.75	2000.0
2014-09-11	30.0	28.0	30.0	28.0	1400.0
2014-09-15	28.0	27.75	28.0	27.75	1000.0
2014-09-16	25.0	25.0	28.25	27.0	14400.0
2014-09-17	26.5	26.25	26.5	26.25	4600.0
2014-09-18	26.5	26.5	26.5	26.5	1000.0
2014-09-19	28.0	28.0	28.75	28.75	400.0
2014-09-22	27.5	26.5	28.0	27.25	11600.0
2014-09-23	27.25	26.75	27.25	26.75	5000.0
2014-09-24	26.75	26.75	26.75	26.75	400.0
2014-09-26	29.0	26.75	29.0	27.0	2800.0
2014-09-29	28.25	27.25	28.25	27.25	2900.0
2014-09-30	26.5	26.5	26.5	26.5	2000.0
2014-10-01	27.0	26.75	27.0	26.75	4200.0
2014-10-03	26.25	26.25	26.25	26.25	2500.0
2014-10-06	26.25	26.0	26.25	26.0	2200.0
2014-10-07	26.0	26.0	26.0	26.0	800.0
2014-10-09	25.75	25.75	27.0	27.0	4600.0
2014-10-10	26.75	26.75	26.75	26.75	1500.0
2014-10-17	26.0	26.0	26.5	26.5	2000.0
2014-10-20	26.0	26.0	26.0	26.0	2100.0
2014-10-21	25.5	24.0	26.0	24.3	10800.0
2014-10-22	24.4	24.4	24.4	24.4	100.0
2014-10-27	24.3	24.3	24.4	24.4	1600.0
2014-10-30	24.5	24.5	25.25	25.0	1900.0
2014-11-10	24.0	24.0	26.0	26.0	2900.0
2014-11-11	25.0	25.0	26.25	26.25	1900.0
2014-11-14	24.8	24.5	24.8	24.5	2200.0
2014-11-17	24.3	24.2	24.3	24.3	1500.0
2014-11-18	24.2	24.0	24.7	24.6	9400.0
2014-11-19	24.6	24.0	24.6	24.0	4700.0
2014-11-20	24.8	24.8	24.9	24.9	1500.0
2014-11-21	25.0	25.0	25.75	25.0	25100.0
2014-11-24	25.75	25.25	25.75	25.25	4500.0
2014-11-26	26.5	26.5	26.5	26.5	100.0
2014-11-28	25.75	25.25	25.75	25.5	39800.0
2014-12-01	26.0	26.0	26.75	26.5	59700.0
2014-12-12	25.0	25.0	26.5	26.5	600.0
2014-12-18	26.5	25.0	29.0	29.0	143200.0
2014-12-19	26.25	24.0	29.0	28.75	65400.0
2014-12-22	25.75	25.75	27.0	27.0	1800.0
2014-12-23	26.75	26.75	27.25	27.25	1900.0
2014-12-24	27.5	27.5	27.5	27.5	1000.0
2015-01-08	26.75	26.75	28.0	28.0	57300.0
2015-01-09	25.5	25.5	28.0	28.0	2500.0
2015-01-13	28.0	27.75	29.0	29.0	37700.0
2015-01-14	28.75	28.75	29.5	29.5	13100.0
2015-01-15	29.25	29.25	30.0	30.0	12600.0
2015-01-16	30.25	30.0	31.25	31.0	9200.0
2015-01-19	30.5	30.5	31.5	31.5	700.0
2015-01-21	31.5	31.5	31.5	31.5	100.0
2015-01-23	29.5	29.25	29.5	29.25	300.0
2015-01-26	29.0	28.75	29.0	29.0	1600.0
2015-01-27	29.5	29.5	29.5	29.5	100.0
2015-02-04	31.0	27.75	31.0	28.0	3200.0
2015-02-05	27.0	27.0	28.0	28.0	7000.0
2015-02-06	27.25	27.25	27.25	27.25	7100.0
2015-02-09	27.0	26.5	27.75	27.0	15800.0
2015-02-12	26.0	26.0	27.25	27.25	12600.0
2015-02-13	27.5	27.5	28.0	28.0	2100.0
2015-02-16	28.5	27.0	28.5	28.5	13400.0
2015-02-18	27.25	27.25	28.5	28.5	2500.0
2015-02-19	27.0	27.0	28.5	28.5	2100.0
2015-02-20	27.0	27.0	28.5	28.5	3100.0
2015-02-23	30.0	26.25	30.0	27.5	4500.0
2015-02-24	27.25	26.75	28.0	27.5	3300.0
2015-02-25	28.0	27.0	28.25	27.0	1300.0
2015-03-05	26.0	26.0	26.25	26.25	10800.0
2015-03-09	26.25	26.25	26.25	26.25	5100.0
2015-03-11	26.0	26.0	28.25	28.25	9100.0
2015-03-12	26.5	26.5	26.5	26.5	100.0
2015-03-13	26.5	26.5	26.5	26.5	200.0
2015-03-16	26.5	26.0	26.5	26.0	2100.0
2015-03-17	28.5	26.25	28.5	26.25	8200.0
2015-03-18	26.5	26.5	28.5	26.5	20300.0
2015-03-23	27.25	26.25	27.25	26.25	2400.0
2015-03-24	26.25	26.25	27.0	27.0	3500.0
2015-03-25	27.75	27.75	27.75	27.75	300.0
2015-03-27	26.5	26.5	26.5	26.5	2000.0
2015-03-30	26.5	26.5	28.0	28.0	6600.0
2015-04-01	26.25	26.25	27.75	27.75	11500.0
2015-04-02	27.75	27.75	28.0	28.0	10300.0
2015-04-08	26.5	26.5	26.5	26.5	4200.0
2015-04-09	26.5	26.5	26.5	26.5	5000.0
2015-04-10	26.5	26.5	28.0	28.0	18500.0
2015-04-16	27.75	27.75	27.75	27.75	200.0
2015-04-17	28.0	28.0	28.25	28.25	400.0
2015-04-20	26.75	26.75	28.25	27.0	12900.0
2015-04-21	26.75	26.75	29.0	28.0	35400.0
2015-04-22	28.25	27.75	28.5	27.75	6000.0
2015-04-23	28.5	27.75	28.5	27.75	14200.0
2015-04-24	28.0	28.0	28.0	28.0	5000.0
2015-04-28	27.0	27.0	27.0	27.0	10200.0
2015-04-29	27.25	27.25	28.0	28.0	56800.0
2015-04-30	28.0	28.0	28.0	28.0	10900.0
2015-05-06	27.75	27.75	28.0	28.0	6000.0
2015-05-07	27.75	27.75	27.75	27.75	15000.0
2015-05-08	28.0	27.75	28.5	28.5	9800.0
2015-05-12	27.75	27.75	27.75	27.75	31800.0
2015-05-13	27.5	27.5	29.5	29.5	24100.0
2015-05-14	29.5	29.5	30.25	30.25	5200.0
2015-05-15	29.25	29.25	29.25	29.25	5000.0
2015-05-18	29.5	29.25	29.75	29.25	3100.0
2015-05-20	29.5	29.5	29.5	29.5	100.0
2015-05-21	27.25	27.0	27.75	27.75	70200.0
2015-05-22	28.0	27.5	28.0	27.5	7100.0
2015-05-25	27.0	26.75	27.5	27.25	14500.0
2015-05-26	27.5	27.25	27.75	27.75	70200.0
2015-05-27	28.0	27.75	28.5	28.5	241500.0
2015-05-28	28.25	27.0	28.25	27.0	9400.0
2015-06-02	27.0	26.25	27.0	26.25	9700.0
2015-06-03	26.25	26.0	26.25	26.0	2300.0
2015-06-04	27.75	26.0	27.75	27.75	29400.0
2015-06-05	26.25	26.25	27.5	27.5	48700.0
2015-06-08	26.5	26.25	26.75	26.75	50000.0
2015-06-09	26.5	26.5	26.5	26.5	15000.0
2015-06-10	26.0	26.0	26.5	26.5	13000.0
2015-06-11	26.5	26.5	26.5	26.5	11000.0
2015-06-15	26.0	26.0	26.25	26.25	15200.0
2015-06-16	26.25	26.0	27.5	27.5	63100.0
2015-06-17	26.75	26.5	26.75	26.5	36600.0
2015-06-18	26.25	26.25	26.25	26.25	10000.0
2015-06-19	26.5	26.5	26.75	26.75	90000.0
2015-06-22	26.5	26.5	26.5	26.5	149000.0
2015-06-23	26.5	26.25	26.5	26.25	82600.0
2015-06-24	26.5	26.5	26.5	26.5	46000.0
2015-06-25	26.5	26.5	26.5	26.5	70000.0
2015-06-26	26.5	26.5	26.5	26.5	80300.0
2015-06-29	26.0	26.0	26.0	26.0	7000.0
2015-06-30	26.5	26.5	26.5	26.5	20000.0
2015-07-02	26.5	26.5	26.5	26.5	78000.0
2015-07-03	26.0	26.0	26.5	26.5	100100.0
2015-07-06	26.25	26.25	26.25	26.25	7000.0
2015-07-07	26.25	26.25	26.25	26.25	500.0
2015-07-08	26.25	25.75	26.25	26.0	8500.0
2015-07-09	26.25	26.25	27.0	27.0	5200.0
2015-07-10	26.5	26.5	26.5	26.5	5000.0
2015-07-14	26.5	26.5	26.5	26.5	5100.0
2015-07-15	26.5	26.5	26.5	26.5	800.0
2015-07-20	26.0	26.0	26.0	26.0	1000.0
2015-07-21	25.75	25.75	26.5	26.0	700.0
2015-07-28	25.0	25.0	26.5	26.5	81800.0
2015-07-31	25.75	25.75	27.0	27.0	1300.0
2015-08-03	26.0	25.5	27.0	27.0	3000.0
2015-08-06	26.25	26.25	26.75	26.75	5600.0
2015-08-11	26.5	26.5	26.5	26.5	400.0
2015-08-17	26.75	26.75	26.75	26.75	100.0
2015-08-27	25.0	25.0	26.75	26.75	500.0
2015-09-01	26.75	26.75	26.75	26.75	2000.0
2015-09-03	26.75	26.75	26.75	26.75	400.0
2015-09-04	26.75	26.75	27.5	27.0	35000.0
2015-09-07	27.0	27.0	27.0	27.0	1600.0
2015-09-09	27.0	27.0	27.0	27.0	2000.0
2015-09-10	26.75	26.75	28.0	28.0	12100.0
2015-09-11	27.5	27.5	27.5	27.5	12000.0
2015-09-14	28.0	27.75	28.25	27.75	4100.0
2015-09-17	27.75	27.75	28.25	28.25	8100.0
2015-09-18	28.5	28.5	29.0	29.0	8000.0
2015-09-22	27.75	27.75	27.75	27.75	100.0
2015-09-24	28.25	28.25	28.25	28.25	2000.0
2015-09-25	28.25	28.25	28.25	28.25	20800.0
2015-09-29	27.75	27.5	27.75	27.5	3500.0
2015-10-01	27.75	27.5	27.75	27.5	2700.0
2015-10-07	27.25	27.25	27.5	27.25	2800.0
2015-10-09	27.25	27.0	27.25	27.0	2000.0
2015-10-13	27.5	27.5	28.0	28.0	2500.0
2015-10-14	27.5	27.5	27.5	27.5	1000.0
2015-10-26	27.5	27.0	27.5	27.0	2000.0
2015-10-27	27.0	26.5	27.0	26.5	2000.0
2015-10-28	34.25	28.0	34.25	28.0	400.0
2015-11-09	26.0	25.75	26.5	26.0	60500.0
2015-11-10	25.75	25.75	26.25	26.25	22100.0
2015-11-11	26.0	25.5	26.5	26.5	16500.0
2015-11-12	25.75	25.75	25.75	25.75	8400.0
2015-11-13	25.75	25.75	26.0	26.0	5600.0
2015-11-17	25.75	25.5	25.75	25.75	2500.0
2015-11-18	26.5	26.5	26.5	26.5	100.0
2015-11-19	25.5	25.5	25.75	25.75	9700.0
2015-11-20	25.75	25.75	25.75	25.75	1000.0
2015-11-23	27.25	27.25	27.25	27.25	100.0
2015-11-27	25.5	25.0	26.5	26.5	5100.0
2015-11-30	25.25	25.25	26.75	26.75	800.0
2015-12-09	25.0	24.4	25.0	24.4	12600.0
2015-12-11	24.0	23.5	24.9	24.9	2100.0
2015-12-16	23.6	23.0	25.0	24.4	4500.0
2015-12-18	23.6	23.5	24.5	24.5	5900.0
2015-12-21	23.6	23.0	24.5	23.0	7100.0
2015-12-22	24.0	24.0	24.0	24.0	1700.0
2015-12-23	25.0	23.2	25.0	24.0	300.0
2015-12-28	23.3	23.1	24.9	24.9	2400.0
2015-12-30	23.7	23.2	23.9	23.9	2600.0
2016-01-05	23.2	23.0	23.2	23.1	2200.0
2016-01-07	23.0	22.0	23.5	23.5	7000.0
2016-01-08	22.5	22.5	22.5	22.5	1000.0
2016-01-11	23.2	22.0	24.0	24.0	2200.0
2016-01-12	23.2	23.0	23.4	23.3	1500.0
2016-01-13	23.2	21.9	23.2	22.0	68200.0
2016-01-14	22.0	22.0	22.1	22.1	3000.0
2016-01-15	22.1	21.9	24.0	21.9	11400.0
2016-01-18	22.8	22.8	22.8	22.8	100.0
2016-01-19	22.0	21.9	22.5	22.5	110200.0
2016-01-20	22.0	21.6	22.0	21.8	14000.0
2016-01-25	21.9	21.9	22.0	22.0	500.0
2016-01-26	22.0	19.8	22.1	20.2	372500.0
2016-01-27	20.2	20.1	20.2	20.1	20700.0
2016-01-28	20.2	20.0	20.4	20.0	1800.0
2016-01-29	20.0	19.9	20.4	20.0	19000.0
2016-02-01	25.0	20.4	25.0	21.0	49800.0
2016-02-02	20.7	20.1	20.8	20.6	20100.0
2016-02-03	20.6	20.3	20.6	20.3	32200.0
2016-02-04	20.3	20.2	20.3	20.3	22100.0
2016-02-05	20.3	20.0	20.4	20.3	42400.0
2016-02-08	20.3	20.1	20.3	20.3	11000.0
2016-02-09	20.1	20.0	20.2	20.1	54600.0
2016-02-10	20.2	20.1	20.3	20.2	8800.0
2016-02-11	20.3	20.1	20.3	20.2	8400.0
2016-02-12	20.1	20.0	20.1	20.0	548100.0
2016-02-15	20.0	19.9	20.2	20.0	5400.0
2016-02-16	19.9	19.7	19.9	19.8	20900.0
2016-02-17	20.2	20.2	20.2	20.2	100.0
2016-02-18	19.9	19.7	20.1	19.7	51900.0
2016-02-19	19.8	19.8	19.8	19.8	500.0
2016-02-23	19.2	18.6	20.1	20.0	700.0
2016-02-24	20.0	19.9	20.1	19.9	5000.0
2016-02-26	20.5	19.9	20.5	20.4	400.0
2016-02-29	20.0	20.0	20.0	20.0	200.0
2016-03-01	19.9	19.9	20.0	19.9	7400.0
2016-03-02	20.0	20.0	20.1	20.1	15100.0
2016-03-03	20.0	20.0	20.0	20.0	10500.0
2016-03-04	20.2	20.0	20.2	20.0	18900.0
2016-03-07	20.0	19.9	20.0	19.9	22700.0
2016-03-08	20.0	20.0	20.0	20.0	1300.0
2016-03-09	19.9	19.8	19.9	19.8	3900.0
2016-03-10	20.0	20.0	20.0	20.0	5000.0
2016-03-11	20.0	20.0	20.0	20.0	2400.0
2016-03-14	19.9	19.9	20.0	20.0	5900.0
2016-03-15	20.0	20.0	20.3	20.2	5600.0
2016-03-16	20.0	20.0	20.0	20.0	5000.0
2016-03-17	20.1	20.0	20.1	20.0	6000.0
2016-03-18	20.0	20.0	20.1	20.0	4200.0
2016-03-21	19.8	19.8	20.2	20.2	2500.0
2016-03-22	20.1	20.1	20.1	20.1	100.0
2016-03-23	20.1	20.1	20.1	20.1	100.0
2016-03-24	20.0	20.0	20.0	20.0	5000.0
2016-03-25	20.0	20.0	20.0	20.0	83500.0
2016-03-28	20.5	20.0	20.5	20.0	15900.0
2016-03-29	20.0	20.0	20.1	20.0	166100.0
2016-03-30	20.0	20.0	20.0	20.0	73000.0
2016-03-31	20.0	20.0	20.0	20.0	20000.0
2016-04-01	20.0	20.0	20.0	20.0	10000.0
2016-04-04	20.0	20.0	20.0	20.0	92500.0
2016-04-05	20.0	20.0	20.0	20.0	63800.0
2016-04-07	20.0	20.0	20.0	20.0	2100.0
2016-04-08	19.8	19.8	19.8	19.8	500.0
2016-04-12	20.0	20.0	20.0	20.0	2000.0
2016-04-19	20.1	19.8	20.9	20.1	6200.0
2016-04-21	20.0	20.0	20.0	20.0	100.0
2016-04-22	20.5	20.1	20.9	20.1	12800.0
2016-04-26	20.5	20.5	20.5	20.5	2000.0
2016-04-27	20.4	20.4	20.4	20.4	100.0
2016-05-09	20.0	20.0	20.0	20.0	3900.0
2016-05-10	20.6	20.6	20.6	20.6	3700.0
2016-05-11	20.3	20.3	20.3	20.3	100.0
2016-05-13	19.6	19.6	19.6	19.6	100.0
2016-05-16	19.4	19.0	19.6	19.0	4100.0
2016-05-17	19.6	19.0	19.6	19.3	11200.0
2016-05-18	18.5	18.5	19.2	19.2	3100.0
2016-05-19	19.0	19.0	19.0	19.0	100.0
2016-05-23	19.0	19.0	19.0	19.0	200.0
2016-05-24	18.5	18.5	19.4	19.4	4200.0
2016-05-25	19.1	19.1	19.3	19.3	4400.0
2016-05-27	19.0	19.0	19.7	19.7	6500.0
2016-05-30	18.6	18.6	20.0	19.7	2900.0
2016-05-31	18.5	18.5	19.4	19.4	5800.0
2016-06-01	19.1	19.1	19.1	19.1	1700.0
2016-06-02	19.0	19.0	19.0	19.0	800.0
2016-06-06	19.2	19.2	19.2	19.2	1000.0
2016-06-07	19.1	19.1	19.1	19.1	3000.0
2016-06-09	19.5	19.4	21.0	19.8	4100.0
2016-06-15	19.1	19.1	19.1	19.1	900.0
2016-06-16	18.7	18.7	18.7	18.7	100.0
2016-06-20	18.8	18.8	18.8	18.8	1000.0
2016-06-23	18.5	18.5	18.5	18.5	100.0
2016-06-24	18.6	18.6	19.3	19.3	300.0
2016-06-27	17.8	17.8	17.8	17.8	134600.0
2016-06-28	18.5	18.5	19.0	19.0	600.0
2016-06-29	18.2	18.2	18.2	18.2	100.0
2016-06-30	20.0	20.0	20.0	20.0	100.0
2016-07-04	18.1	18.1	19.5	19.5	300.0
2016-07-05	18.1	18.1	19.5	19.5	800.0
2016-07-06	20.0	20.0	20.0	20.0	100.0
2016-07-11	18.1	18.1	19.5	19.5	800.0
2016-07-12	18.1	18.1	19.5	18.8	800.0
2016-07-13	19.9	18.3	19.9	19.0	300.0
2016-07-14	18.3	18.3	19.9	19.9	200.0
2016-07-15	18.3	18.3	19.6	19.6	600.0
2016-07-20	18.4	18.1	19.1	19.1	1200.0
2016-07-21	19.2	18.3	19.2	18.3	200.0
2016-07-22	19.0	18.5	19.0	19.0	99200.0
2016-07-25	18.3	18.3	19.0	19.0	200.0
2016-07-27	18.4	18.4	18.8	18.8	200.0
2016-07-28	19.0	19.0	19.0	19.0	100.0
2016-08-02	19.6	19.6	19.6	19.6	100.0
2016-08-03	19.5	19.5	19.5	19.5	100.0
2016-08-04	18.4	18.4	19.5	19.5	1700.0
2016-08-10	19.9	19.9	19.9	19.9	100.0
2016-08-22	18.2	18.2	18.2	18.2	100.0
2016-08-23	19.8	19.5	19.8	19.5	200.0
2016-08-24	19.9	19.9	20.5	20.5	600.0
2016-08-31	18.3	18.3	20.0	20.0	200.0
2016-09-01	21.0	21.0	21.0	21.0	100.0
2016-10-04	19.9	19.9	20.0	20.0	6500.0
2016-10-05	19.8	19.8	20.0	20.0	500.0
2016-10-06	20.3	20.3	20.3	20.3	100.0
2016-10-10	21.0	18.3	21.0	20.4	800.0
2016-10-11	20.2	18.6	20.4	20.0	7200.0
2016-10-12	19.8	18.6	20.2	19.7	2300.0
2016-10-13	17.5	17.5	19.6	19.6	500.0
2016-10-14	19.5	19.0	19.8	19.8	1400.0
2016-10-18	19.7	19.7	19.8	19.8	400.0
2016-10-19	20.0	20.0	20.0	20.0	100.0
2016-10-25	19.2	19.2	19.2	19.2	10500.0
2016-10-26	18.7	18.7	18.9	18.7	300.0
2016-10-27	18.6	18.6	18.6	18.6	100.0
2016-10-28	19.6	18.6	19.6	18.6	400.0
2016-11-01	20.5	19.0	20.5	19.0	400.0
2016-11-02	18.6	18.6	18.6	18.6	100.0
2016-11-03	18.6	18.6	18.6	18.6	100.0
2016-11-04	18.6	18.5	18.6	18.5	200.0
2016-11-07	18.5	18.5	18.5	18.5	400.0
2016-11-09	18.2	17.8	18.2	17.8	900.0
2016-11-10	17.7	17.7	17.7	17.7	100.0
2016-11-11	17.7	17.7	17.7	17.7	300.0
2016-11-14	17.8	17.8	18.4	18.4	500.0
2016-11-15	18.0	18.0	18.0	18.0	5500.0
2016-11-16	18.0	18.0	18.0	18.0	6000.0
2016-11-17	18.6	18.6	18.6	18.6	200.0
2016-11-18	18.5	18.5	18.5	18.5	12100.0
2016-11-21	17.8	17.2	18.5	18.5	1600.0
2016-11-23	19.5	18.2	19.5	18.4	300.0
2016-11-24	18.1	17.9	18.1	17.9	1200.0
2016-11-25	18.5	18.5	18.5	18.5	3100.0
2016-11-29	18.2	18.2	18.2	18.2	100.0
2016-11-30	18.0	18.0	18.0	18.0	100.0
2016-12-01	17.9	17.6	18.0	18.0	4600.0
2016-12-07	17.7	17.5	17.9	17.9	600.0
2016-12-08	18.0	18.0	18.0	18.0	200.0
2016-12-09	19.0	18.0	19.0	18.0	2100.0
2016-12-13	18.5	18.5	18.5	18.5	300.0
2016-12-14	19.0	19.0	19.0	19.0	100.0
2016-12-16	19.0	19.0	19.0	19.0	1000.0
2016-12-19	19.0	18.0	19.0	18.8	1300.0
2016-12-21	18.0	18.0	18.0	18.0	100.0
2016-12-22	18.9	18.9	18.9	18.9	100.0
2016-12-23	18.9	18.9	19.0	19.0	800.0
2016-12-28	18.0	18.0	18.8	18.0	21700.0
2016-12-29	18.0	17.6	18.0	18.0	5200.0
2016-12-30	18.0	18.0	18.0	18.0	800.0
2017-01-04	17.8	17.8	18.9	18.9	300.0
2017-01-05	17.8	17.8	17.8	17.8	100.0
2017-01-06	18.9	18.9	18.9	18.9	100.0
2017-01-09	18.0	18.0	18.0	18.0	200.0
2017-01-10	17.8	17.8	18.8	18.2	1200.0
2017-01-11	18.0	18.0	18.0	18.0	100.0
2017-01-12	18.7	18.7	18.8	18.7	500.0
2017-01-13	18.1	18.1	18.7	18.7	200.0
2017-01-16	18.1	18.1	18.6	18.6	500.0
2017-01-17	18.7	18.7	18.8	18.8	200.0
2017-01-18	18.8	18.8	18.9	18.9	1200.0
2017-01-19	18.1	18.1	18.1	18.1	100.0
2017-01-20	18.9	18.8	23.5	18.8	13300.0
2017-01-23	18.3	18.3	18.8	18.8	1100.0
2017-01-24	18.5	18.4	18.5	18.4	200.0
2017-01-26	19.0	18.8	19.0	18.8	6900.0
2017-01-27	18.6	18.6	18.6	18.6	3300.0
2017-01-30	18.9	18.9	18.9	18.9	1500.0
2017-01-31	18.6	18.6	18.6	18.6	100.0
2017-02-02	18.6	18.6	18.6	18.6	2500.0
2017-02-03	18.5	18.5	18.5	18.5	100.0
2017-02-07	18.5	17.9	18.7	18.7	3400.0
2017-02-09	18.1	18.1	18.3	18.3	200.0
2017-02-10	18.3	18.3	18.9	18.9	300.0
2017-02-14	18.1	18.0	18.9	18.9	900.0
2017-02-15	21.0	18.0	21.0	20.0	11900.0
2017-02-16	18.2	17.5	18.5	18.4	7200.0
2017-02-17	18.4	18.1	18.4	18.4	3200.0
2017-02-20	18.2	18.2	18.4	18.4	1600.0
2017-02-21	18.2	18.2	18.9	18.4	500.0
2017-02-22	18.1	18.1	18.5	18.5	500.0
2017-02-23	18.0	18.0	18.7	18.1	2800.0
2017-02-24	19.0	18.2	19.0	18.2	1200.0
2017-02-28	18.1	18.1	18.1	18.1	100.0
2017-03-03	18.0	18.0	18.9	18.1	1100.0
2017-03-10	19.0	19.0	19.0	19.0	100.0
2017-03-15	19.0	19.0	19.0	19.0	100.0
2017-03-17	18.2	18.2	18.2	18.2	100.0
2017-03-20	18.2	18.1	18.2	18.1	300.0
2017-03-21	18.0	18.0	18.5	18.0	300.0
2017-03-27	18.1	18.0	18.8	18.8	400.0
2017-03-28	19.0	18.7	19.0	18.9	400.0
2017-04-04	18.1	18.1	18.1	18.1	100.0
2017-04-07	18.9	18.8	19.0	19.0	1200.0
2017-04-18	18.1	18.1	18.1	18.1	100.0
2017-04-21	18.0	18.0	18.0	18.0	100.0
2017-05-04	18.0	17.7	18.0	17.7	1000.0
2017-05-05	18.2	18.2	18.2	18.2	100.0
2017-05-11	17.7	17.7	17.7	17.7	100.0
2017-05-12	17.6	17.6	17.6	17.6	100.0
2017-05-15	19.0	19.0	19.0	19.0	100.0
2017-05-16	18.0	18.0	18.0	18.0	100.0
2017-05-17	17.9	17.9	17.9	17.9	100.0
2017-05-18	17.6	17.6	18.0	18.0	1700.0
2017-05-19	17.7	17.7	18.0	18.0	2200.0
2017-05-23	19.0	19.0	19.0	19.0	100.0
2017-05-24	17.9	17.9	17.9	17.9	100.0
2017-05-31	19.0	19.0	19.0	19.0	200.0
2017-06-02	18.7	18.5	22.0	22.0	1400.0
2017-06-05	21.6	21.6	21.6	21.6	500.0
2017-06-14	20.5	20.5	20.5	20.5	1000.0
2017-06-15	20.5	20.5	20.5	20.5	200.0
2017-06-16	19.0	18.1	19.5	19.5	2000.0
2017-06-21	18.1	18.1	19.4	19.4	200.0
2017-06-23	18.5	18.3	18.5	18.3	200.0
2017-06-26	19.0	19.0	20.0	20.0	500.0
2017-07-11	18.3	18.1	18.3	18.1	2300.0
2017-07-12	18.3	18.3	18.3	18.3	100.0
2017-07-13	18.5	18.5	18.5	18.5	300.0
2017-07-19	18.8	18.1	18.8	18.8	500.0
2017-07-20	18.5	18.5	18.5	18.5	300.0
2017-07-25	18.1	18.1	18.1	18.1	100.0
2017-07-26	19.7	19.4	19.7	19.4	500.0
2017-08-01	18.6	18.5	18.6	18.5	400.0
2017-08-03	18.9	18.9	18.9	18.9	300.0
2017-08-07	18.4	18.4	18.4	18.4	300.0
2017-08-15	17.2	17.2	17.3	17.2	10000.0
2017-08-16	17.9	17.9	19.6	19.6	1600.0
2017-08-17	18.4	17.4	18.5	17.6	6100.0
2017-08-21	17.5	17.5	17.5	17.5	100.0
2017-08-22	17.6	17.6	17.7	17.7	300.0
2017-08-28	17.4	17.0	17.4	17.2	17600.0
2017-08-29	17.4	17.4	17.7	17.7	800.0
2017-09-01	17.1	17.1	17.3	17.1	13100.0
2017-09-04	17.1	17.1	17.4	17.4	4300.0
2017-09-06	17.2	17.2	17.2	17.2	2100.0
2017-09-07	17.2	17.1	17.2	17.2	20700.0
2017-09-08	17.2	17.2	17.2	17.2	20100.0
2017-09-11	17.2	17.2	17.2	17.2	15000.0
2017-09-12	17.2	17.2	17.2	17.2	100.0
2017-09-14	17.2	17.2	17.2	17.2	100.0
2017-09-15	17.1	17.1	17.2	17.2	17600.0
2017-09-19	17.1	17.1	17.1	17.1	100.0
2017-09-22	17.1	17.1	17.1	17.1	200.0
2017-09-27	17.0	17.0	17.0	17.0	100.0
2017-10-02	17.3	17.3	17.3	17.3	100.0
2017-10-03	17.0	17.0	17.0	17.0	100.0
2017-10-05	17.0	17.0	17.0	17.0	200.0
2017-10-11	17.2	17.2	17.2	17.2	100.0
2017-10-16	17.0	17.0	17.2	17.2	3600.0
2017-10-27	22.0	19.0	22.0	19.0	14400.0
2017-10-31	17.1	17.1	17.1	17.1	1000.0
2017-11-01	18.0	17.9	18.0	17.9	500.0
2017-11-03	17.9	17.9	17.9	17.9	1400.0
2017-11-06	19.4	19.3	19.4	19.3	200.0
2017-11-08	19.3	19.3	19.3	19.3	100.0
2017-11-09	18.0	18.0	21.4	21.4	10000.0
2017-11-10	18.1	18.0	21.0	21.0	400.0
2017-11-15	17.4	17.2	17.9	17.2	3700.0
2017-11-22	17.5	17.5	17.5	17.5	100.0
2017-11-29	17.9	17.9	17.9	17.9	4000.0
2017-12-01	21.9	21.9	21.9	21.9	100.0
2017-12-06	17.8	17.8	17.8	17.8	100.0
2017-12-08	17.0	17.0	17.2	17.0	15000.0
2017-12-12	17.2	17.1	18.0	17.1	20100.0
2017-12-13	17.7	17.7	18.0	18.0	8800.0
2017-12-14	18.0	18.0	18.0	18.0	5000.0
2017-12-15	18.0	18.0	18.0	18.0	100.0
2017-12-22	18.0	18.0	18.0	18.0	100.0
2017-12-25	18.0	18.0	19.5	18.0	6500.0
2017-12-26	17.2	17.2	18.0	18.0	700.0
2017-12-27	22.9	22.9	22.9	22.9	400.0
2017-12-28	17.7	17.7	18.3	18.2	600.0
2017-12-29	17.6	17.6	17.6	17.6	300.0
2018-01-05	18.4	18.4	18.4	18.4	100.0
2018-01-15	17.2	17.0	17.2	17.0	3000.0
2018-01-17	17.2	17.2	17.2	17.2	2800.0
2018-01-18	20.4	20.4	20.4	20.4	100.0
2018-01-19	17.8	17.8	17.8	17.8	100.0
2018-01-23	17.2	17.1	17.2	17.1	500.0
2018-01-26	17.7	17.7	18.0	18.0	500.0
2018-01-29	19.2	19.2	19.2	19.2	100.0
2018-02-01	17.4	17.4	17.4	17.4	100.0
2018-02-07	19.0	19.0	19.0	19.0	100.0
2018-02-16	20.3	19.6	20.3	19.6	200.0
2018-02-23	17.7	17.0	18.0	18.0	1000.0
2018-02-26	17.6	17.1	17.6	17.2	8300.0
2018-02-27	17.0	17.0	17.4	17.4	12600.0
2018-02-28	17.9	17.4	17.9	17.4	4800.0
2018-03-09	17.6	17.6	17.6	17.6	100.0
2018-03-12	17.6	17.6	17.6	17.6	100.0
2018-03-16	17.2	17.0	17.2	17.0	500.0
2018-03-19	17.4	17.1	17.4	17.1	200.0
2018-03-20	17.2	17.2	17.4	17.4	400.0
2018-04-03	18.8	18.8	18.8	18.8	100.0
2018-04-30	15.1	15.1	15.6	15.6	600.0
2018-05-03	15.8	15.8	17.8	17.7	1200.0
2018-05-23	17.2	17.2	17.2	17.2	100.0
2018-05-25	17.0	16.0	17.0	16.0	1800.0
2018-06-01	17.0	17.0	17.0	17.0	200.0
2018-06-11	17.0	17.0	17.0	17.0	21500.0
2018-06-14	16.0	16.0	16.1	16.1	4100.0
2018-06-15	16.2	16.0	16.2	16.0	1000.0
2018-06-18	17.0	17.0	17.0	17.0	4900.0
2018-06-20	16.1	16.1	16.1	16.1	400.0
2018-06-29	17.1	17.1	17.1	17.1	1100.0
2018-07-02	16.1	16.1	17.1	17.1	1100.0
2018-07-09	16.1	16.1	16.1	16.1	100.0
2018-07-11	17.4	17.4	17.4	17.4	100.0
2018-07-13	17.0	17.0	17.1	17.0	6400.0
2018-07-26	16.1	16.0	16.9	16.9	3100.0
2018-08-14	16.2	16.0	16.2	16.0	3000.0
2018-08-16	16.8	16.8	16.8	16.8	100.0
2018-08-22	17.0	17.0	17.0	17.0	9200.0
2018-08-28	16.3	16.3	16.3	16.3	100.0
2018-08-31	17.0	17.0	17.0	17.0	100.0
2018-09-07	16.5	16.4	17.0	17.0	1100.0
2018-09-11	16.2	16.2	16.9	16.9	200.0
2018-09-18	16.2	16.2	16.4	16.4	300.0
2018-09-19	16.9	16.9	16.9	16.9	100.0
2018-09-28	16.5	16.5	16.5	16.5	200.0
2018-10-02	17.0	17.0	17.0	17.0	100.0
2018-10-24	20.0	20.0	20.0	20.0	100.0
2019-01-03	15.6	15.5	17.5	17.5	50700.0
2019-01-04	16.0	15.0	16.1	15.9	14200.0
2019-01-07	15.1	15.0	20.3	15.6	26200.0
2019-01-08	15.5	15.5	16.5	16.0	13100.0
2019-01-09	15.5	15.5	16.0	16.0	8000.0
2019-01-10	15.6	15.6	17.0	17.0	10200.0
2019-01-11	15.7	15.7	16.0	15.7	4700.0
2019-01-14	15.6	15.5	19.8	16.5	8400.0
2019-01-15	15.9	15.7	15.9	15.7	400.0
2019-01-16	15.6	15.5	15.9	15.6	2500.0
2019-01-17	16.1	16.1	16.1	16.1	10000.0
2019-01-21	16.3	16.3	16.3	16.3	100.0
2019-01-29	16.4	16.4	16.5	16.5	10000.0
2019-02-07	20.3	20.3	20.3	20.3	100.0
2019-03-15	19.3	17.8	19.3	17.8	200.0
2019-03-20	19.8	19.8	19.8	19.8	200.0
2019-03-21	19.8	19.8	19.8	19.8	200.0
2019-03-26	19.8	19.8	19.8	19.8	200.0
2019-03-27	16.8	16.6	16.8	16.8	400.0
2019-03-28	16.8	16.2	16.8	16.2	2000.0
2019-03-29	15.9	15.5	15.9	15.7	6500.0
2019-04-01	15.5	15.5	15.7	15.7	200.0
2019-04-02	15.7	15.7	15.7	15.7	100.0
2019-04-03	15.7	15.7	15.7	15.7	1100.0
2019-04-04	15.7	15.7	16.0	16.0	200.0
2019-04-05	16.0	16.0	16.0	16.0	100.0
2019-04-10	15.9	15.9	16.0	15.9	800.0
2019-04-22	15.9	15.9	19.0	19.0	15500.0
2019-04-23	19.1	19.0	20.0	19.9	7000.0
2019-04-24	19.8	19.5	19.9	19.5	19800.0
2019-04-25	19.5	19.5	19.5	19.5	11600.0
2019-04-26	19.4	19.4	19.5	19.5	20000.0
2019-04-29	19.3	19.3	19.5	19.5	41300.0
2019-04-30	19.4	19.4	19.5	19.5	9300.0
2019-05-13	19.2	19.2	19.2	19.2	100.0
2019-07-02	19.4	19.4	19.5	19.5	7000.0
2019-07-03	19.5	19.5	19.5	19.5	16700.0
2019-07-04	19.5	19.5	19.5	19.5	15300.0
2019-07-08	19.5	19.5	22.0	19.5	25700.0
2019-07-09	16.1	16.1	19.5	19.5	26200.0
2019-07-10	16.9	16.9	19.5	19.5	9500.0
2019-07-11	19.5	19.5	19.6	19.6	4800.0
2019-07-12	19.5	19.5	19.5	19.5	11600.0
2019-07-15	19.5	19.5	19.5	19.5	2600.0
2019-07-17	19.5	19.5	19.5	19.5	3000.0
2019-07-18	19.5	19.5	19.5	19.5	3000.0
2019-07-22	19.5	19.5	19.5	19.5	7600.0
2019-07-23	19.5	19.5	19.5	19.5	1100.0
2019-07-24	16.0	16.0	18.6	17.0	25600.0
2019-07-25	18.0	18.0	19.4	19.4	700.0
2019-07-26	19.2	19.2	19.5	19.5	14400.0
2019-07-30	17.0	17.0	17.0	17.0	100.0
2019-07-31	19.5	18.8	19.5	19.2	12000.0
2019-08-01	19.1	19.1	19.5	19.5	2400.0
2019-08-05	19.5	19.5	19.5	19.5	9100.0
2019-08-06	19.5	19.5	19.5	19.5	3800.0
2019-08-07	19.5	19.5	19.5	19.5	2300.0
2019-08-08	18.9	18.9	19.5	19.5	2800.0
2019-08-09	23.9	19.5	23.9	19.5	20800.0
2019-08-19	19.5	19.5	19.5	19.5	3000.0
2019-08-20	19.5	19.5	19.5	19.5	7500.0
2019-08-21	19.5	19.5	19.5	19.5	5000.0
2019-08-22	19.5	19.5	19.5	19.5	2000.0
2019-08-26	19.5	19.5	19.5	19.5	3800.0
2019-08-28	19.5	19.4	19.5	19.5	7300.0
2019-08-30	19.5	19.5	19.5	19.5	3000.0
2019-09-02	19.5	19.5	19.5	19.5	5900.0
2019-09-03	17.1	17.0	19.4	19.4	6500.0
2019-09-04	19.5	19.2	19.5	19.5	5800.0
2019-09-06	19.5	19.5	19.5	19.5	1000.0
2019-09-09	19.5	19.5	19.5	19.5	3500.0
2019-09-10	19.5	19.5	19.5	19.5	3500.0
2019-09-11	19.5	19.5	19.5	19.5	4200.0
2019-09-16	19.5	19.5	19.5	19.5	800.0
2019-09-17	19.5	19.5	19.5	19.5	2000.0
2019-09-18	19.5	19.5	19.5	19.5	600.0
2019-09-19	19.5	19.5	19.5	19.5	1000.0
2019-09-23	19.5	19.5	19.5	19.5	400.0
2019-10-01	18.5	18.5	18.5	18.5	1000.0
2019-10-03	18.9	18.9	18.9	18.9	600.0
2019-10-15	18.7	18.7	18.7	18.7	1000.0
2019-11-29	15.3	15.2	15.6	15.6	400.0
2020-02-24	15.0	15.0	15.0	15.0	100.0
2020-02-27	12.7	12.6	12.7	12.6	1700.0
2020-03-06	12.4	12.4	12.4	12.4	100.0
2020-04-27	12.0	12.0	12.0	12.0	200.0
2020-05-14	11.7	11.7	11.7	11.7	4200.0
2020-05-19	12.6	12.6	12.8	12.8	7000.0
2020-05-20	12.8	12.6	12.8	12.6	6000.0
2020-05-21	12.8	12.6	12.8	12.6	7000.0
2020-05-22	12.8	12.6	12.8	12.6	1000.0
2020-05-25	12.6	11.0	12.6	11.7	800.0
2020-05-28	11.8	11.8	11.8	11.8	200.0
2020-05-29	11.2	11.0	11.2	11.0	7000.0
2020-06-02	10.5	10.0	10.5	10.0	3000.0
2020-06-04	10.3	10.3	10.3	10.3	100.0
2020-06-05	10.3	10.3	10.3	10.3	200.0
2020-06-30	11.0	11.0	11.0	11.0	21200.0
2020-07-24	11.0	11.0	11.0	11.0	300.0
2020-08-03	10.0	10.0	10.0	10.0	2200.0
2020-08-06	10.8	10.0	10.8	10.0	200.0
2020-08-14	10.0	10.0	10.0	10.0	1000.0
2020-08-18	9.8	9.8	9.95	9.95	300.0
2020-08-28	9.3	9.3	10.3	10.3	300.0
2020-10-21	10.0	10.0	10.0	10.0	100.0
2020-11-10	10.0	10.0	10.0	10.0	100.0
2020-11-25	10.3	10.3	10.3	10.3	200.0
2020-12-08	10.0	10.0	10.0	10.0	100.0
2020-12-16	10.3	10.3	10.3	10.3	100.0
2020-12-18	10.2	10.2	10.3	10.3	1200.0
2020-12-22	9.05	9.05	9.85	9.85	6500.0
2020-12-23	9.9	9.9	9.9	9.9	300.0
2020-12-25	10.0	10.0	10.0	10.0	300.0
2020-12-28	10.0	10.0	10.0	10.0	500.0
2021-01-07	8.65	8.65	8.65	8.65	100.0
2021-01-08	10.0	10.0	10.0	10.0	100.0
2021-01-21	10.0	10.0	10.0	10.0	300.0
2021-01-25	10.0	10.0	10.3	10.3	700.0
2021-01-26	9.3	9.3	9.3	9.3	3900.0
2021-01-28	9.25	9.25	9.25	9.25	500.0
2021-01-29	9.25	9.25	9.25	9.25	100.0
2021-02-15	8.8	8.8	8.8	8.8	600.0
2021-02-16	8.8	8.8	8.8	8.8	100.0
2021-02-17	10.9	10.9	10.9	10.9	4400.0
2021-02-18	10.8	10.1	10.8	10.1	1100.0
2021-02-19	10.0	8.7	10.0	8.8	3700.0
2021-02-24	8.4	8.4	8.4	8.4	100.0
2021-03-08	8.25	8.25	8.25	8.25	100.0
2021-03-12	8.3	8.3	9.1	9.1	200.0
2021-03-15	8.95	8.1	9.1	9.1	3400.0
2021-03-17	8.35	8.35	9.4	9.4	3800.0
2021-03-18	9.3	9.3	9.3	9.3	1000.0
2021-03-22	9.35	9.3	9.35	9.3	500.0
2021-03-25	9.1	9.1	9.1	9.1	200.0
2021-04-02	8.95	8.95	8.95	8.95	400.0
2021-04-05	8.25	8.25	9.95	8.55	31700.0
2021-04-07	8.55	8.25	8.55	8.5	2400.0
2021-04-09	8.5	8.5	8.5	8.5	1500.0
2021-04-12	8.55	8.55	8.55	8.55	300.0
2021-04-19	8.55	8.55	8.55	8.55	21800.0
2021-04-21	8.25	8.25	8.5	8.5	1700.0
2021-04-22	9.0	8.5	9.0	9.0	600.0
2021-04-26	8.9	8.9	9.0	9.0	400.0
2021-04-27	9.0	9.0	9.0	9.0	1700.0
2021-04-30	8.85	8.85	9.0	9.0	2000.0
2021-05-05	9.5	9.5	9.5	9.5	3100.0
2021-05-06	9.5	9.5	9.5	9.5	200.0
2021-05-07	9.05	9.05	9.05	9.05	200.0
2021-05-10	9.05	9.05	9.05	9.05	200.0
2021-05-11	9.35	9.05	9.35	9.05	1200.0
2021-05-12	9.0	9.0	9.1	9.0	23600.0
2021-05-13	9.0	9.0	9.0	9.0	15000.0
2021-05-14	9.0	9.0	9.0	9.0	3500.0
2021-05-17	9.0	9.0	9.0	9.0	100.0
2021-05-18	9.0	9.0	9.0	9.0	200.0
2021-05-20	9.05	9.05	9.05	9.05	100.0
2021-05-27	9.0	9.0	9.0	9.0	200.0
2021-06-04	9.0	9.0	9.0	9.0	100.0
2021-06-08	9.0	9.0	9.0	9.0	1000.0
2021-06-10	11.7	11.0	11.7	11.0	1600.0
2021-06-11	11.0	9.2	11.0	9.7	3700.0
2021-06-14	9.5	9.45	9.5	9.45	200.0
2021-06-15	9.05	9.05	9.45	9.2	1100.0
2021-06-17	9.95	9.95	9.95	9.95	1100.0
2021-06-18	9.95	9.0	9.95	9.1	4600.0
2021-06-21	9.6	9.6	11.4	11.4	15300.0
2021-06-22	11.4	11.3	11.9	11.6	11700.0
2021-06-23	11.6	10.4	11.9	11.4	6500.0
2021-06-25	11.4	11.4	11.4	11.4	2000.0
2021-07-01	11.4	11.4	11.4	11.4	100.0
2021-07-02	11.4	11.4	11.4	11.4	7300.0
2021-07-05	11.4	11.4	13.0	12.8	11900.0
2021-07-06	12.6	12.6	12.6	12.6	200.0
2021-07-07	12.6	12.5	12.7	12.7	8200.0
2021-07-08	12.5	12.5	12.5	12.5	100.0
2021-07-09	12.0	12.0	12.0	12.0	1000.0
2021-07-12	12.0	12.0	12.6	12.6	3400.0
2021-07-13	12.1	12.1	12.1	12.1	600.0
2021-07-14	12.0	12.0	12.0	12.0	600.0
2021-07-16	12.0	12.0	12.0	12.0	200.0
2021-07-20	9.5	9.5	9.5	9.5	100.0
2021-07-21	9.6	9.6	9.6	9.6	100.0
2021-07-22	10.0	10.0	10.0	10.0	200.0
2021-07-29	9.9	9.9	11.0	11.0	3000.0
2021-07-30	10.0	10.0	12.0	12.0	9200.0
2021-08-02	11.0	11.0	13.0	13.0	6300.0
2021-08-03	14.9	13.0	14.9	13.4	12800.0
2021-08-04	13.4	13.1	15.5	13.1	3100.0
2021-08-05	14.0	13.0	16.1	13.6	2800.0
2021-08-06	13.0	12.8	13.8	13.8	1100.0
2021-08-10	13.8	13.8	13.8	13.8	100.0
2021-08-17	13.9	13.9	14.0	14.0	2100.0
2021-08-18	14.0	14.0	14.0	14.0	400.0
2021-08-20	15.0	13.0	16.0	15.8	23300.0
2021-08-23	15.7	15.6	15.7	15.6	21300.0
2021-08-24	15.6	15.6	15.6	15.6	400.0
2021-08-26	12.0	12.0	15.5	15.5	700.0
2021-08-30	15.4	15.4	15.4	15.4	100.0
2021-08-31	15.0	15.0	15.8	15.8	20700.0
2021-09-13	15.8	14.0	16.0	16.0	23700.0
2021-09-14	16.0	16.0	16.0	16.0	100.0
2021-09-15	16.0	16.0	16.0	16.0	200.0
2021-09-17	16.0	16.0	16.2	16.2	5000.0
2021-09-29	16.0	16.0	16.2	16.2	39800.0
2021-09-30	16.2	16.2	16.2	16.2	5500.0
2021-10-01	12.5	12.5	15.7	15.7	500.0
2021-10-04	16.3	15.7	16.3	15.7	5200.0
2021-10-05	15.7	15.7	16.1	16.1	13000.0
2021-10-06	15.7	15.7	15.7	15.7	2500.0
2021-10-07	15.7	15.7	15.7	15.7	7500.0
2021-10-11	15.7	15.7	15.7	15.7	1400.0
2021-10-19	15.7	12.8	15.7	15.7	300.0
2021-10-20	13.7	13.7	15.0	15.0	300.0
2021-10-21	14.1	14.1	15.2	15.2	700.0
2021-11-01	12.0	12.0	15.7	15.7	300.0
2021-11-02	15.6	15.6	15.6	15.6	100.0
2021-11-03	13.5	13.5	15.6	15.6	200.0
2021-11-05	15.4	15.4	15.4	15.4	100.0
2021-11-25	11.2	11.2	15.2	15.2	200.0
2021-11-26	14.0	14.0	14.0	14.0	500.0
2021-11-29	14.0	14.0	14.0	14.0	100.0
2021-12-02	14.0	14.0	14.0	14.0	100.0
2021-12-15	10.5	10.4	11.7	11.2	81900.0
2021-12-16	11.2	10.4	11.2	11.2	22000.0
2021-12-17	11.0	10.7	11.2	11.2	8500.0
2021-12-20	11.2	10.1	11.2	10.6	4900.0
2021-12-21	10.6	10.6	10.7	10.7	400.0
2021-12-22	10.3	10.3	10.3	10.3	2000.0
2021-12-23	10.3	10.1	10.3	10.1	18100.0
2021-12-24	10.2	10.0	10.5	10.3	2600.0
2021-12-27	10.8	10.6	10.8	10.6	600.0
2021-12-28	10.1	10.0	10.1	10.0	1800.0
2021-12-29	10.0	10.0	10.0	10.0	2000.0
2021-12-30	10.1	10.0	10.7	10.0	10800.0
2022-01-05	10.0	9.95	10.1	9.95	4900.0
2022-01-06	9.9	9.9	9.9	9.9	1000.0
2022-01-07	9.8	9.6	9.8	9.7	8200.0
2022-01-10	9.7	9.7	9.7	9.7	500.0
2022-01-11	9.7	9.5	9.7	9.6	2000.0
2022-01-12	9.6	9.6	9.8	9.8	1200.0
2022-01-13	9.75	9.65	9.8	9.8	2000.0
2022-01-14	9.8	9.8	9.8	9.8	200.0
2022-01-17	9.7	9.55	9.7	9.65	3200.0
2022-01-19	9.5	9.35	9.5	9.45	2700.0
2022-01-20	9.4	9.4	10.4	10.3	8000.0
2022-01-21	10.4	10.3	10.4	10.3	101100.0
2022-01-26	9.1	9.1	10.2	10.2	300.0
2022-01-27	11.0	9.35	11.0	9.35	700.0
2022-01-28	9.35	9.35	9.35	9.35	100.0
2022-02-02	9.3	9.3	9.3	9.3	100.0
2022-02-04	9.35	9.35	9.35	9.35	200.0
2022-02-07	9.55	9.55	9.55	9.55	100.0
2022-02-08	9.35	9.35	9.35	9.35	300.0
2022-02-09	9.35	9.35	9.35	9.35	100.0
2022-02-10	9.55	9.55	9.55	9.55	100.0
2022-02-22	9.35	9.2	9.35	9.3	1100.0
2022-03-02	9.2	9.0	9.2	9.0	700.0
2022-03-03	9.0	8.9	9.0	8.9	1400.0
2022-03-04	11.5	9.2	11.5	9.2	6800.0
2022-03-08	9.0	9.0	9.0	9.0	200.0
2022-03-09	8.65	8.65	9.1	9.1	300.0
2022-03-14	8.8	8.8	9.0	9.0	500.0
2022-03-16	9.0	9.0	9.3	9.3	200.0
2022-03-23	8.7	8.7	9.5	8.7	7200.0
2022-03-24	8.7	8.7	8.7	8.7	200.0
2022-03-25	8.7	8.4	8.7	8.4	2500.0
2022-03-28	8.4	8.4	8.7	8.7	500.0
2022-03-30	8.7	8.7	9.0	9.0	1000.0
2022-04-01	8.25	8.2	8.75	8.75	5100.0
2022-04-04	8.75	8.75	8.75	8.75	100.0
2022-04-05	8.75	8.2	10.5	9.0	3500.0
2022-04-07	8.8	8.75	8.8	8.75	200.0
2022-04-08	8.3	8.3	8.6	8.6	5100.0
2022-04-12	8.8	8.45	8.8	8.45	10300.0
2022-04-19	8.75	8.75	8.9	8.9	1000.0
2022-04-20	8.6	8.6	8.6	8.6	2100.0
2022-04-25	8.15	8.0	8.15	8.0	24900.0
2022-04-26	8.0	8.0	8.2	8.0	14600.0
2022-04-27	8.0	8.0	8.0	8.0	100.0
2022-04-29	7.75	7.75	8.3	8.3	500.0
2022-05-03	7.7	7.7	8.0	8.0	39700.0
2022-05-05	8.0	8.0	8.2	8.2	19600.0
2022-05-09	8.0	8.0	8.0	8.0	14000.0
2022-05-10	8.0	8.0	8.1	8.0	27900.0
2022-05-11	8.0	8.0	8.0	8.0	5000.0
2022-05-12	8.0	8.0	8.0	8.0	9000.0
2022-05-13	8.0	8.0	8.0	8.0	900.0
2022-05-24	8.05	8.0	8.05	8.0	15000.0
2022-05-25	8.5	8.5	8.5	8.5	500.0
2022-05-26	9.3	9.25	11.0	11.0	257000.0
2022-05-27	11.0	9.1	11.0	9.5	157200.0
2022-05-30	9.75	9.0	9.75	9.35	28500.0
2022-05-31	9.3	9.1	10.3	10.0	32600.0
2022-06-01	12.0	10.2	12.0	10.4	102300.0
2022-06-02	10.2	10.0	10.4	10.0	10000.0
2022-06-06	10.1	10.0	10.1	10.0	800.0
2022-06-07	10.0	9.5	10.0	9.6	6700.0
2022-06-08	9.4	9.1	10.6	9.9	21200.0
2022-06-09	9.9	9.45	9.9	9.6	6100.0
2022-06-10	9.6	9.5	10.0	10.0	4500.0
2022-06-13	10.0	9.9	10.6	9.9	7800.0
2022-06-14	9.25	9.25	10.4	10.2	3800.0
2022-06-15	10.0	10.0	10.1	10.1	1100.0
2022-06-16	10.1	10.1	10.1	10.1	100.0
2022-06-21	8.7	8.7	9.5	9.5	6400.0
2022-06-22	9.1	9.1	9.15	9.15	900.0
2022-06-23	10.0	10.0	10.0	10.0	500.0
2022-06-24	10.9	10.1	10.9	10.1	1200.0
2022-06-27	10.9	9.7	11.7	10.4	18500.0
2022-06-28	10.4	9.7	10.4	10.2	1200.0
2022-06-29	9.7	9.7	9.7	9.7	2300.0
2022-06-30	9.7	9.1	9.9	9.9	3600.0
2022-07-01	9.1	9.05	9.1	9.05	6400.0
2022-07-04	9.15	9.1	9.15	9.1	4100.0
2022-07-05	8.6	8.6	8.9	8.85	1000.0
2022-07-06	8.5	6.2	8.5	8.0	44300.0
2022-07-07	8.2	8.0	8.2	8.0	24600.0
2022-07-08	8.1	8.1	8.15	8.15	1000.0
2022-07-11	8.0	7.9	8.0	7.9	2200.0
2022-07-12	8.5	8.0	8.8	8.0	3600.0
2022-07-14	8.7	8.7	8.7	8.7	200.0
2022-07-19	8.7	8.7	8.7	8.7	500.0
2022-07-22	8.4	8.4	8.4	8.4	200.0
2022-07-27	9.3	9.05	9.3	9.05	3300.0
2022-08-01	8.5	8.5	10.0	9.8	300.0
2022-08-02	9.7	9.5	9.7	9.5	3500.0
2022-08-04	9.6	9.5	9.6	9.5	2000.0
2022-08-05	9.5	9.5	9.5	9.5	3000.0
2022-08-09	9.5	9.5	9.5	9.5	2500.0
2022-08-10	8.2	8.2	9.5	8.8	6700.0
2022-08-11	8.25	8.0	8.4	8.4	5100.0
2022-08-15	8.4	8.4	8.4	8.4	300.0
2022-08-17	8.2	8.2	8.35	8.35	800.0
2022-08-23	8.35	8.35	8.35	8.35	100.0
2022-08-24	8.4	8.4	8.4	8.4	100.0
2022-08-29	9.5	9.5	9.5	9.5	300.0
2022-08-31	8.25	8.2	9.35	9.35	50300.0
2022-09-01	8.6	8.55	8.6	8.6	4700.0
2022-09-02	8.6	8.55	8.6	8.6	1800.0
2022-09-05	8.35	8.35	8.55	8.55	300.0
2022-09-06	8.4	8.4	8.4	8.4	1100.0
2022-09-07	9.85	8.5	9.85	8.95	6700.0
2022-09-08	8.6	8.45	8.65	8.45	5800.0
2022-09-09	8.5	8.4	8.5	8.45	3200.0
2022-09-12	8.4	8.35	8.4	8.4	7700.0
2022-09-13	8.4	8.4	8.4	8.4	4300.0
2022-09-14	8.4	8.4	9.75	9.75	3900.0
2022-09-15	8.6	8.35	8.6	8.5	26800.0
2022-09-16	8.5	8.5	8.55	8.55	200.0
2022-09-19	8.25	8.25	8.45	8.3	1300.0
2022-09-20	8.3	8.15	8.3	8.15	3100.0
2022-09-21	8.2	8.2	8.2	8.2	100.0
2022-09-22	8.45	8.35	8.45	8.35	300.0
2022-09-23	8.4	8.4	8.4	8.4	100.0
2022-09-26	8.45	8.45	8.45	8.45	200.0
2022-09-28	8.45	8.1	8.45	8.1	400.0
2022-09-29	8.3	8.3	8.3	8.3	1300.0
2022-10-03	8.9	8.15	8.9	8.15	1100.0
2022-10-04	8.3	8.3	8.3	8.3	2000.0
2022-10-05	8.15	8.15	8.35	8.35	200.0
2022-10-06	8.2	8.2	8.5	8.5	700.0
2022-10-10	8.85	8.1	8.85	8.1	600.0
2022-10-18	8.15	8.1	8.25	8.25	1200.0
2022-10-20	8.15	8.15	8.15	8.15	1300.0
2022-10-25	8.1	8.1	8.1	8.1	1000.0
2022-10-26	8.1	8.05	8.1	8.05	1000.0
2022-10-27	8.9	8.05	8.9	8.05	600.0
2022-10-28	8.05	8.05	8.05	8.05	2000.0
2022-10-31	8.5	8.5	8.5	8.5	100.0
2022-11-01	8.95	8.1	8.95	8.1	700.0
2022-11-02	8.1	8.1	8.1	8.1	1100.0
2022-11-03	8.6	8.15	8.8	8.2	1500.0
2022-11-04	8.25	8.05	8.25	8.05	1000.0
2022-11-07	8.4	8.1	8.4	8.1	600.0
2022-11-09	9.1	8.7	9.45	8.7	3800.0
2022-11-10	8.55	8.1	8.55	8.1	2100.0
2022-11-11	8.1	8.05	8.1	8.05	2100.0
2022-11-14	7.85	7.85	8.65	8.5	2300.0
2022-11-15	8.5	8.5	8.5	8.5	500.0
2022-11-18	8.15	8.15	8.15	8.15	1100.0
2022-11-22	8.15	8.15	8.15	8.15	400.0
2022-11-23	8.15	8.05	8.15	8.15	2100.0
2022-11-30	8.15	7.95	8.15	7.95	2000.0
2022-12-01	7.95	7.95	7.95	7.95	2200.0
2022-12-02	8.15	8.15	8.15	8.15	500.0
2022-12-07	8.0	7.85	8.0	7.85	2000.0
2022-12-08	8.5	8.5	8.5	8.5	100.0
2022-12-13	8.15	8.15	8.2	8.2	200.0
2022-12-16	7.9	7.9	8.2	8.2	400.0
2022-12-19	8.15	8.15	8.15	8.15	100.0
2022-12-20	8.0	8.0	8.0	8.0	100.0
2022-12-21	8.0	8.0	8.0	8.0	100.0
2022-12-22	8.0	8.0	8.0	8.0	1000.0
2022-12-23	7.8	7.8	8.0	8.0	4200.0
2022-12-26	8.0	8.0	8.0	8.0	2000.0
2022-12-29	8.05	8.05	8.05	8.05	100.0
