Date	Price Open	Price Low	Price High	Price Close	Volume
2020-11-11	1.887561281	1.374144613	1.978164223	1.411895838	426567800
2020-11-12	1.411895838	1.343943632	1.457197309	1.351493877	162374300
2020-11-13	1.359044123	1.343943632	1.419446084	1.381694858	113773500
2020-11-16	1.389245103	1.366594368	1.411895838	1.366594368	45492000
2020-11-17	1.374144613	1.351493877	1.389245103	1.359044123	20134200
2020-11-18	1.359044123	1.359044123	1.479848045	1.479848045	206907700
2020-11-19	1.464747554	1.464747554	1.600651967	1.540250006	175422400
2020-11-20	1.555350496	1.525149515	1.585551476	1.540250006	74562100
2020-11-23	1.555350496	1.479848045	1.570450986	1.510049025	58732100
2020-11-24	1.525149515	1.510049025	1.570450986	1.525149515	45740500
2020-11-25	1.555350496	1.525149515	1.615752457	1.540250006	99981400
2020-11-26	1.555350496	1.510049025	1.555350496	1.525149515	20489200
2020-11-27	1.525149515	1.479848045	1.555350496	1.48739829	32021900
2020-11-30	1.494948535	1.479848045	1.540250006	1.494948535	32706800
2020-12-01	1.50249878	1.494948535	1.540250006	1.525149515	47661100
2020-12-02	1.555350496	1.50249878	1.570450986	1.50249878	41076000
2020-12-03	1.525149515	1.50249878	1.525149515	1.50249878	13194000
2020-12-04	1.50249878	1.50249878	1.540250006	1.510049025	21306100
2020-12-08	1.510049025	1.48739829	1.510049025	1.510049025	24185700
2020-12-09	1.50249878	1.472297799	1.525149515	1.472297799	21873600
2020-12-14	1.472297799	1.396795348	1.48739829	1.396795348	34947300
2020-12-15	1.404345593	1.396795348	1.449647064	1.426996329	15965300
2020-12-16	1.426996329	1.411895838	1.442096819	1.426996329	6549100
2020-12-17	1.426996329	1.426996329	1.479848045	1.449647064	25320300
2020-12-18	1.449647064	1.434546574	1.472297799	1.434546574	10472000
2020-12-21	1.374144613	1.336393387	1.411895838	1.336393387	21701400
2020-12-22	1.328843142	1.313742652	1.366594368	1.343943632	14373300
2020-12-23	1.343943632	1.336393387	1.374144613	1.343943632	6441900
2020-12-24	1.343943632	1.336393387	1.359044123	1.359044123	8037900
2020-12-25	1.359044123	1.343943632	1.374144613	1.359044123	3711700
2020-12-28	1.351493877	1.298642162	1.389245103	1.298642162	10187500
2020-12-29	1.306192407	1.306192407	1.336393387	1.321292897	4649000
2020-12-30	1.328843142	1.321292897	1.374144613	1.366594368	16350200
2021-01-04	1.328843142	1.328843142	1.366594368	1.343943632	5987400
2021-01-05	1.343943632	1.321292897	1.351493877	1.328843142	9154000
2021-01-06	1.336393387	1.321292897	1.343943632	1.321292897	5979000
2021-01-07	1.328843142	1.321292897	1.343943632	1.336393387	9803100
2021-01-08	1.343943632	1.328843142	1.374144613	1.351493877	15841300
2021-01-11	1.359044123	1.351493877	1.419446084	1.419446084	40184100
2021-01-12	1.434546574	1.434546574	1.50249878	1.48739829	68904000
2021-01-13	1.494948535	1.494948535	1.540250006	1.510049025	38651300
2021-01-14	1.510049025	1.510049025	1.555350496	1.540250006	28007600
2021-01-15	1.540250006	1.494948535	1.555350496	1.540250006	18795500
2021-01-18	1.525149515	1.50249878	1.555350496	1.510049025	14580000
2021-01-19	1.525149515	1.50249878	1.540250006	1.525149515	9632400
2021-01-20	1.525149515	1.494948535	1.540250006	1.525149515	14394600
2021-01-21	1.525149515	1.494948535	1.525149515	1.494948535	10731500
2021-01-22	1.48739829	1.472297799	1.525149515	1.494948535	13682200
2021-01-25	1.50249878	1.472297799	1.50249878	1.472297799	3418300
2021-01-26	1.479848045	1.449647064	1.479848045	1.449647064	8967400
2021-01-27	1.457197309	1.434546574	1.464747554	1.434546574	4448400
2021-01-28	1.442096819	1.442096819	1.50249878	1.494948535	36392600
2021-01-29	1.525149515	1.479848045	1.540250006	1.494948535	33362800
2021-02-01	1.48739829	1.479848045	1.510049025	1.48739829	17264000
2021-02-02	1.48739829	1.479848045	1.525149515	1.525149515	19190000
2021-02-03	1.525149515	1.510049025	1.570450986	1.525149515	42659000
2021-02-04	1.555350496	1.540250006	1.645953437	1.630852947	93559100
2021-02-05	1.676154418	1.661053928	1.706355398	1.676154418	53730900
2021-02-08	1.661053928	1.555350496	1.676154418	1.585551476	40532800
2021-02-09	1.600651967	1.570450986	1.645953437	1.630852947	22633000
2021-02-10	1.645953437	1.615752457	1.721455889	1.615752457	42507900
2021-02-11	1.645953437	1.585551476	1.661053928	1.615752457	16368500
2021-02-15	1.630852947	1.585551476	1.661053928	1.630852947	14894600
2021-02-16	1.615752457	1.570450986	1.615752457	1.570450986	8845200
2021-02-17	1.570450986	1.540250006	1.615752457	1.600651967	14276200
2021-02-18	1.600651967	1.585551476	1.645953437	1.585551476	17336900
2021-02-19	1.585551476	1.570450986	1.751656869	1.706355398	78153300
2021-02-22	1.751656869	1.630852947	1.766757359	1.661053928	29259300
2021-02-23	1.721455889	1.721455889	2.159370106	2.159370106	180743600
2021-02-24	2.355676479	2.189571086	2.582183833	2.234872557	260887800
2021-02-25	2.280174028	2.098968145	2.325475499	2.129169125	40623100
2021-03-01	2.129169125	2.053666674	2.446279421	2.370776969	101075500
2021-03-02	2.310375008	2.310375008	2.43117893	2.340575989	47213600
2021-03-03	2.370776969	2.280174028	2.41607844	2.355676479	44800700
2021-03-04	2.340575989	2.325475499	2.40097795	2.340575989	22415800
2021-03-05	2.340575989	2.325475499	2.521781872	2.38587746	82517700
2021-03-08	2.41607844	2.310375008	2.612384813	2.38587746	97986500
2021-03-09	2.40097795	2.355676479	2.476480401	2.355676479	43065000
2021-03-10	2.43117893	2.340575989	2.446279421	2.40097795	21444000
2021-03-11	2.41607844	2.370776969	2.446279421	2.38587746	18994100
2021-03-12	2.40097795	2.38587746	2.41607844	2.40097795	10090500
2021-03-15	2.41607844	2.41607844	2.491580891	2.491580891	33765900
2021-03-16	2.582183833	2.567083343	3.156002462	2.98989707	212837600
2021-03-17	3.125801482	2.959696089	3.246605404	2.98989707	117180000
2021-03-18	3.095600501	3.050299031	3.140901972	3.065399521	34181200
2021-03-19	3.050299031	3.02009805	3.110700992	3.065399521	24349900
2021-03-22	3.080500011	2.98989707	3.125801482	3.050299031	43599400
2021-03-23	3.065399521	3.00499756	3.095600501	3.00499756	13413700
2021-03-24	3.02009805	3.00499756	3.065399521	3.02009805	18202000
2021-03-25	3.03519854	3.02009805	3.261705894	3.065399521	110496400
2021-03-26	3.140901972	3.080500011	3.760022072	3.760022072	221200500
2021-03-29	3.62411766	3.246605404	3.699620111	3.473112758	45495400
2021-03-30	3.473112758	3.412710797	3.488213248	3.442911777	7025800
2021-03-31	3.442911777	3.442911777	3.59391668	3.488213248	15907400
2021-04-01	3.488213248	3.473112758	4.265888496	4.152634819	43506200
2021-04-02	4.001629916	3.812873788	4.22813727	4.22813727	21279300
2021-04-05	4.265888496	3.926127465	4.303639721	4.114883593	14444600
2021-04-07	4.001629916	3.926127465	4.077132368	4.077132368	7541000
2021-04-08	4.039381142	4.001629916	4.265888496	4.152634819	8394200
2021-04-09	4.114883593	3.714720602	4.190386045	3.850625014	21157900
2021-04-12	3.850625014	3.563715699	3.926127465	3.669419131	12238200
2021-04-16	3.60901717	3.473112758	3.684519621	3.684519621	9585200
2021-04-19	3.760022072	3.744921582	4.114883593	4.114883593	15274700
2021-04-20	4.152634819	3.88837624	4.303639721	4.077132368	15422800
2021-04-21	4.001629916	4.001629916	4.643400752	4.530147075	35988000
2021-04-22	4.567898301	4.454644624	4.869908106	4.83215688	19373000
2021-04-23	4.681151978	4.49239585	4.756654429	4.643400752	16024700
2021-04-26	4.605649526	4.379142173	4.718903203	4.718903203	16916000
2021-04-27	4.5789492	4.5394755	4.7763177	4.5789492	9819300
2021-04-28	4.5789492	4.5789492	4.8552651	4.8157914	5456200
2021-04-29	4.8157914	4.6578966	4.8157914	4.736844	3621700
2021-04-30	4.6973703	4.6184229	4.6973703	4.6578966	2057000
2021-05-05	4.5789492	4.1447385	4.6184229	4.3815807	12147100
2021-05-06	4.342107	4.3026333	4.6184229	4.5394755	5722900
2021-05-07	4.5789492	4.4605281	4.5789492	4.4605281	2674100
2021-05-10	4.4605281	4.3815807	4.5394755	4.5000018	2201900
2021-05-11	4.5394755	4.3815807	4.5789492	4.5789492	4884500
2021-05-12	4.6578966	4.4605281	4.8552651	4.5789492	18046400
2021-05-13	4.6184229	4.0657911	4.6184229	4.5789492	11958000
2021-05-14	4.8947388	4.5000018	4.9342125	4.736844	24886500
2021-05-17	4.7763177	4.5789492	4.7763177	4.6578966	9223900
2021-05-18	4.7763177	4.736844	5.8421076	5.526318	67889400
2021-05-19	5.2105284	5.0921073	5.4473706	5.2894758	8494100
2021-05-20	5.3289495	5.1710547	5.3289495	5.2894758	2696200
2021-05-21	5.2500021	5.131581	5.2500021	5.2105284	4430900
2021-05-24	5.1710547	5.131581	5.2105284	5.1710547	2145900
2021-05-25	5.131581	5.0921073	5.3684232	5.2105284	6378400
2021-05-27	5.2105284	5.2105284	5.3289495	5.2894758	2476500
2021-05-28	5.3289495	5.1710547	5.3289495	5.2894758	2956400
2021-05-31	5.2894758	5.2105284	5.2894758	5.2500021	2748000
2021-06-01	5.2500021	5.2105284	5.7631602	5.6842128	12172600
2021-06-02	5.8421076	5.7236865	6.0000024	5.921055	11276100
2021-06-04	5.921055	5.8026339	6.5526342	6.5131605	14796700
2021-06-07	6.5526342	6.5526342	7.3815819	7.105266	16338900
2021-06-08	7.2236871	6.8684238	7.3421082	6.9473712	8625300
2021-06-09	6.9473712	6.9078975	7.1842134	7.105266	4640800
2021-06-10	7.0657923	7.0657923	7.7368452	7.4210556	16867200
2021-06-11	7.500003	7.4605293	7.7368452	7.6578978	5051400
2021-06-14	7.9736874	7.8552663	8.6052666	8.6052666	15613600
2021-06-15	8.684214	6.710529	8.9210562	7.6973715	46925000
2021-06-16	7.5789504	7.3026345	7.89474	7.8157926	12086000
2021-06-17	7.8157926	7.6578978	8.1315822	7.89474	5985600
2021-06-18	7.89474	7.6184241	7.89474	7.6973715	4410000
2021-06-21	7.5394767	7.500003	7.89474	7.8157926	3139400
2021-06-22	7.89474	7.8157926	8.4473718	8.3684244	10204200
2021-06-23	8.289477	8.2105296	8.5263192	8.3684244	6198000
2021-06-24	8.4473718	7.6578978	8.4473718	8.1315822	9354900
2021-06-25	8.289477	7.9736874	8.5263192	8.2105296	9666300
2021-06-28	7.89474	7.8157926	8.1315822	8.0526348	6658400
2021-06-29	7.9736874	7.9736874	8.1315822	8.0526348	2912200
2021-06-30	7.9736874	7.89474	8.0526348	7.9736874	1789800
2021-07-01	7.9736874	7.6184241	8.0526348	7.89474	7140200
2021-07-02	7.89474	7.7368452	7.9736874	7.89474	3051700
2021-07-05	7.8552663	7.7368452	7.89474	7.8552663	1481200
2021-07-06	7.8552663	7.6578978	7.8552663	7.8157926	2735200
2021-07-07	7.8552663	7.6973715	8.0526348	7.89474	6157700
2021-07-08	7.7368452	7.3421082	7.8552663	7.5394767	6174800
2021-07-09	7.3026345	7.0657923	7.5789504	7.4605293	3703800
2021-07-12	7.3026345	7.3026345	7.4605293	7.4605293	1268500
2021-07-13	7.3421082	7.3026345	7.5789504	7.3815819	2421600
2021-07-14	7.3421082	7.1447397	7.3815819	7.3026345	2859200
2021-07-15	7.2631608	7.2236871	7.8157926	7.8157926	6088000
2021-07-16	7.89474	7.6578978	7.89474	7.8157926	4621300
2021-07-19	7.6578978	7.6184241	7.7763189	7.7763189	1680600
2021-07-20	7.6184241	7.3421082	7.6973715	7.500003	4725400
2021-07-21	7.3815819	7.0657923	7.3815819	7.2236871	4799000
2021-07-22	7.1447397	7.105266	7.3421082	7.3421082	2489700
2021-07-23	7.3815819	7.105266	7.3815819	7.2236871	2365400
2021-07-27	7.1842134	7.105266	7.2236871	7.1842134	1242200
2021-07-29	6.8684238	6.8684238	7.0657923	6.9473712	3476900
2021-07-30	6.8289501	6.2763183	6.9078975	6.4342131	6375300
2021-08-02	6.4736868	6.2368446	6.7894764	6.710529	3963400
2021-08-03	6.7894764	6.6315816	6.9868449	6.9868449	2876000
2021-08-04	7.0657923	6.9473712	7.3421082	7.3026345	4075500
2021-08-05	7.5789504	7.3421082	7.5789504	7.4605293	4326200
2021-08-06	7.500003	7.2236871	7.7368452	7.7368452	7042800
2021-08-09	7.89474	7.6973715	7.9736874	7.8157926	6662400
2021-08-10	7.8157926	7.5394767	7.8552663	7.6184241	3511600
2021-08-11	8.0526348	7.6578978	8.0526348	7.6578978	8357400
2021-08-13	7.7368452	7.1842134	7.7368452	7.2631608	6362500
2021-08-16	7.2631608	6.7500027	7.3421082	7.0263186	9397000
2021-08-17	7.0657923	6.9078975	7.105266	7.0657923	4117900
2021-08-18	7.0263186	6.9078975	7.2236871	7.1447397	3906600
2021-08-19	7.2631608	7.2631608	7.89474	7.500003	22560100
2021-08-20	7.5789504	7.3421082	7.7368452	7.4210556	9479100
2021-08-23	7.5789504	7.500003	8.6052666	8.3684244	48285200
2021-08-24	8.4473718	8.2105296	8.6052666	8.4473718	22682400
2021-08-25	8.3684244	8.289477	8.7631614	8.4473718	24358100
2021-08-26	8.5263192	8.3684244	8.8421088	8.684214	22625200
2021-08-27	8.684214	8.4473718	9.0000036	8.4473718	18450100
2021-08-30	8.684214	8.0526348	8.8421088	8.2105296	23079600
2021-08-31	8.289477	8.0526348	8.3684244	8.2105296	7683500
2021-09-01	8.3684244	8.2105296	8.8421088	8.8421088	18384000
2021-09-02	8.8421088	8.684214	9.078951	8.684214	19012900
2021-09-03	8.7631614	8.5263192	8.9210562	8.6052666	10172700
2021-09-06	8.6052666	8.5263192	8.8421088	8.5263192	6128100
2021-09-07	8.5263192	8.0526348	8.6052666	8.0526348	11238700
2021-09-08	8.289477	8.2105296	9.1578984	9.1578984	46108000
2021-09-09	9.3157932	9.0000036	9.473688	9.3157932	25620800
2021-09-10	9.3157932	9.1578984	9.6315828	9.2368458	14528000
2021-09-13	9.2368458	9.2368458	9.7105302	9.5526354	19562200
2021-09-14	9.6315828	9.473688	9.7105302	9.473688	4688100
2021-09-15	9.5526354	9.2368458	9.9473724	9.473688	24841900
2021-09-16	9.473688	9.3157932	9.6315828	9.3157932	7642800
2021-09-17	9.473688	9.1578984	9.6315828	9.3947406	7689200
2021-09-20	9.473688	9.2368458	9.6315828	9.3947406	11637900
2021-09-21	9.3947406	8.9210562	9.473688	9.3157932	6170100
2021-09-22	9.2368458	9.2368458	9.3947406	9.3157932	3280600
2021-09-23	9.3157932	9.1578984	9.3947406	9.1578984	3771900
2021-09-27	9.1578984	8.9210562	9.2368458	9.0000036	4798200
2021-09-28	9.0000036	8.8421088	9.2368458	9.2368458	6615900
2021-09-29	9.1578984	9.0000036	9.2368458	9.2368458	3242300
2021-09-30	9.1578984	9.0000036	9.1578984	9.0000036	1572300
2021-10-01	9.0000036	8.5263192	9.2368458	8.684214	7758100
2021-10-04	8.684214	8.684214	9.078951	9.078951	4186000
2021-10-05	9.078951	8.8421088	9.1578984	8.8421088	4441500
2021-10-06	8.8421088	8.5263192	8.9210562	8.684214	7107200
2021-10-07	8.684214	8.3684244	8.7631614	8.5263192	7376200
2021-10-08	8.6052666	8.5263192	8.7631614	8.6052666	3503900
2021-10-11	8.684214	8.4473718	8.7631614	8.6052666	2502100
2021-10-12	8.684214	8.5263192	8.8421088	8.6052666	4863900
2021-10-14	8.684214	8.6052666	9.2368458	8.684214	8032400
2021-10-15	8.684214	8.3684244	8.684214	8.4473718	4805800
2021-10-18	8.4473718	8.3684244	8.684214	8.684214	5956000
2021-10-19	8.684214	8.5263192	8.7631614	8.6052666	2047200
2021-10-20	8.6052666	8.5263192	8.8421088	8.684214	3336200
2021-10-21	8.684214	8.6052666	8.7631614	8.684214	1644000
2021-10-25	8.684214	8.4473718	8.684214	8.6052666	1807100
2021-10-26	8.684214	8.5263192	8.684214	8.684214	1006100
2021-10-27	8.6052666	8.5263192	8.684214	8.6052666	1112000
2021-10-28	8.6052666	8.5263192	8.684214	8.5263192	1939900
2021-10-29	8.6052666	8.3684244	8.6052666	8.3684244	1151700
2021-11-01	8.3684244	8.289477	8.6052666	8.289477	5321300
2021-11-02	8.289477	8.289477	8.4473718	8.289477	2252800
2021-11-03	8.289477	8.289477	8.4473718	8.3684244	2163300
2021-11-04	8.5263192	8.3684244	8.9210562	8.8421088	9113300
2021-11-05	8.8421088	8.7631614	9.2368458	9.1578984	15196600
2021-11-08	9.3157932	8.8421088	9.3947406	8.9210562	21252800
2021-11-09	9.2368458	9.078951	9.6315828	9.5526354	35850900
2021-11-10	9.3947406	9.3157932	9.7105302	9.3947406	12785800
2021-11-11	9.473688	9.3947406	9.5526354	9.473688	3158900
2021-11-12	9.473688	9.473688	10.1842146	9.7105302	26666700
2021-11-15	9.868425	9.7894776	10.8947412	10.7368464	25334700
2021-11-16	10.8157938	10.5789516	11.1315834	11.052636	14059500
2021-11-17	11.2105308	11.052636	11.7631626	11.6842152	20193400
2021-11-18	11.6842152	11.3684256	11.9210574	11.5263204	11085000
2021-11-19	11.3684256	11.1315834	11.6052678	11.5263204	9345400
2021-11-22	11.5263204	11.2894782	11.7631626	11.5263204	6231200
2021-11-23	11.5263204	11.5263204	11.9210574	11.84211	12758400
2021-11-24	12.0000048	11.6842152	12.3947418	11.9210574	38099800
2021-11-25	12.0789522	12.0000048	13.815795	13.3421106	81362300
2021-11-26	13.3421106	13.1052684	13.815795	13.421058	38654400
2021-11-29	13.5789528	12.8684262	13.8947424	13.026321	33617300
2021-11-30	13.2631632	12.9473736	13.421058	13.1842158	17536700
2021-12-01	13.2631632	13.026321	13.6579002	13.5000054	13824200
2021-12-02	13.5000054	13.5000054	15.4736904	13.6579002	71173600
2021-12-03	13.7368476	12.0789522	13.815795	12.0789522	58175500
2021-12-07	11.84211	11.2894782	12.631584	12.5526366	16561200
2021-12-08	12.7105314	12.236847	12.7105314	12.5526366	7130500
2021-12-09	12.5526366	12.3947418	12.7894788	12.5526366	4443000
2021-12-13	12.5526366	12.4736892	13.1052684	13.1052684	8473400
2021-12-14	13.026321	12.9473736	13.3421106	13.3421106	8646700
2021-12-15	13.1842158	13.1842158	13.5000054	13.5000054	7924200
2021-12-16	13.5000054	13.1842158	13.5789528	13.421058	4270900
2021-12-17	13.5789528	13.5000054	14.8421112	14.6842164	31336400
2021-12-20	14.8421112	14.5263216	15.1579008	14.9210586	11944300
2021-12-21	14.9210586	14.4473742	15.000006	14.7631638	6026300
2021-12-22	14.6842164	14.605269	15.6315852	15.6315852	20364900
2021-12-23	15.6315852	15.3157956	16.0263222	16.0263222	21302500
2021-12-24	16.0263222	15.9473748	17.1315858	17.1315858	16558300
2021-12-27	17.2105332	15.78948	18.0000072	18.0000072	31674600
2021-12-28	18.0789546	17.6052702	18.4736916	17.8421124	22239500
2021-12-29	17.9210598	17.763165	18.3947442	18.3157968	11258600
2021-12-30	18.3157968	18.0789546	19.6579026	19.5000078	16936400
2022-01-04	19.9342185	19.73685	22.3026405	22.3026405	22483900
2022-01-05	22.6973775	21.710535	23.0921145	22.894746	18174000
2022-01-06	22.105272	22.105272	23.4868515	23.0921145	8200500
2022-01-07	23.0921145	22.500009	23.4868515	23.0921145	5675700
2022-01-10	23.0921145	22.3026405	23.0921145	22.894746	5524900
2022-01-11	22.894746	22.500009	24.868431	24.6710625	18141400
2022-01-12	24.868431	24.2763255	25.657905	25.4605365	8916300
2022-01-13	25.657905	25.4605365	27.4342215	27.4342215	12171900
2022-01-14	27.63159	23.4868515	28.2236955	25.657905	35170900
2022-01-17	26.2500105	25.657905	28.815801	28.6184325	27669700
2022-01-18	29.0131695	28.6184325	30.000012	29.0131695	19642100
2022-01-19	29.4079065	27.236853	29.4079065	27.63159	23388000
2022-01-20	28.2236955	25.8552735	28.815801	26.2500105	19587900
2022-01-21	25.4605365	25.263168	27.4342215	26.447379	18822000
2022-01-24	26.2500105	24.473694	26.447379	25.0657995	21411900
2022-01-25	25.0657995	23.8815885	25.657905	24.473694	11035600
2022-01-26	24.473694	23.0921145	25.0657995	24.6710625	14201100
2022-01-27	24.473694	23.4868515	24.6710625	24.078957	13365800
2022-01-28	24.473694	23.289483	25.4605365	23.4868515	16224000
2022-01-31	23.68422	23.4868515	24.868431	24.473694	5819500
2022-02-01	24.473694	23.8815885	25.0657995	24.473694	4149000
2022-02-02	24.6710625	23.4868515	24.6710625	23.8815885	5847800
2022-02-03	23.8815885	23.68422	24.2763255	23.8815885	3637600
2022-02-04	23.8815885	23.4868515	24.6710625	23.68422	8127400
2022-02-07	23.8815885	23.289483	24.2763255	24.078957	6943900
2022-02-08	24.2763255	23.8815885	25.4605365	24.2763255	18082100
2022-02-09	24.2763255	22.500009	24.6710625	22.500009	14022000
2022-02-10	22.500009	20.7236925	24.078957	24.078957	25250100
2022-02-11	23.8815885	22.6973775	24.078957	23.8815885	6686500
2022-02-14	23.4868515	23.289483	25.0657995	24.473694	9509200
2022-02-15	24.473694	23.8815885	24.6710625	24.473694	3775300
2022-02-17	24.6710625	24.6710625	27.0394845	26.447379	19222200
2022-02-18	26.6447475	25.657905	27.0394845	26.447379	7902500
2022-02-21	26.6447475	26.447379	27.8289585	26.842116	18116000
2022-02-22	27.0394845	26.2500105	27.8289585	27.236853	12663100
2022-02-23	27.63159	26.842116	28.421064	27.4342215	24452300
2022-02-24	27.4342215	24.078957	27.4342215	24.2763255	24984600
2022-02-25	25.263168	24.2763255	25.657905	24.473694	12773200
2022-02-28	24.868431	23.68422	24.868431	23.8815885	6326500
2022-03-01	24.078957	23.8815885	24.473694	24.078957	2823400
2022-03-02	24.2763255	23.68422	24.868431	24.6710625	4224400
2022-03-03	24.868431	24.2763255	25.0657995	24.2763255	3614100
2022-03-04	23.8815885	23.68422	24.2763255	23.8815885	2871200
2022-03-07	23.68422	20.921061	23.68422	21.315798	20841500
2022-03-08	20.526324	19.9342185	21.710535	20.921061	28428300
2022-03-09	21.315798	20.131587	21.9079035	20.7236925	20047100
2022-03-10	20.921061	20.921061	21.9079035	20.921061	10475300
2022-03-11	20.921061	20.3289555	21.1184295	20.921061	6376400
2022-03-14	20.7236925	20.526324	21.1184295	20.526324	2234200
2022-03-15	20.7236925	20.7236925	21.710535	20.921061	6552000
2022-03-16	20.921061	19.73685	21.1184295	20.131587	8918800
2022-03-17	20.526324	20.3289555	20.921061	20.7236925	4551300
2022-03-18	21.315798	20.7236925	21.5131665	21.315798	4680900
2022-03-21	21.1184295	21.1184295	21.710535	21.5131665	4553200
2022-03-22	21.315798	20.7236925	23.0921145	21.5131665	25463800
2022-03-23	21.5131665	20.7236925	21.9079035	20.921061	10598200
2022-03-24	21.315798	20.921061	21.710535	21.1184295	7830400
2022-03-25	21.315798	20.3289555	21.315798	20.526324	7310700
2022-03-28	20.526324	19.73685	20.921061	19.9342185	8679700
2022-03-29	20.131587	20.131587	20.921061	20.921061	5325000
2022-03-30	20.921061	20.526324	21.5131665	20.921061	8311800
2022-03-31	21.1184295	19.2631656	21.1184295	20.3289555	29723200
2022-04-01	20.3289555	19.9342185	20.7236925	20.3289555	4766600
2022-04-04	20.526324	20.3289555	21.9079035	21.710535	14170200
2022-04-05	22.3026405	21.9079035	23.0921145	22.6973775	23032100
2022-04-07	22.500009	21.5131665	22.6973775	22.3026405	12300100
2022-04-08	22.105272	21.9079035	22.500009	21.9079035	3638200
2022-04-11	22.105272	21.5131665	22.3026405	21.5131665	2965700
2022-04-12	21.315798	21.1184295	21.9079035	21.315798	4776200
2022-04-18	21.5131665	21.1184295	21.9079035	21.315798	3432700
2022-04-19	21.5131665	21.5131665	23.0921145	21.9079035	18363500
2022-04-20	22.500009	21.315798	22.500009	21.5131665	10768500
2022-04-21	21.9079035	21.315798	22.105272	21.5131665	7412200
2022-04-22	21.5131665	21.1184295	22.105272	21.710535	6036400
2022-04-25	21.315798	21.1184295	22.105272	22.105272	7848200
2022-04-26	22.3026405	21.5131665	22.894746	21.9079035	11755400
2022-04-27	21.710535	21.315798	22.105272	21.710535	5134300
2022-04-28	21.5131665	20.3289555	22.105272	22.105272	17309600
2022-04-29	22.3026405	21.710535	22.3026405	21.9079035	4853200
2022-05-03	21.9079035	20.921061	22.105272	21.315798	10848400
2022-05-05	21.5131665	21.5131665	22.500009	22.105272	14859300
2022-05-06	21.710535	20.921061	22.105272	21.1184295	15273900
2022-05-09	21.1184295	20.526324	21.710535	21.710535	10237600
2022-05-10	21.710535	20.921061	22.105272	21.1184295	12414300
2022-05-11	21.5131665	19.73685	21.5131665	19.73685	17196400
2022-05-12	19.73685	18.6315864	20.3289555	19.2631656	25131000
2022-05-13	19.5000078	19.2631656	19.9342185	19.5000078	6813000
2022-05-17	19.6579026	19.5000078	20.131587	19.5789552	7057400
2022-05-18	19.73685	19.342113	19.9342185	19.4210604	3775900
2022-05-19	19.1842182	19.1052708	19.5789552	19.5000078	6879000
2022-05-20	19.6579026	19.5789552	20.526324	20.526324	12122200
2022-05-23	20.526324	19.73685	20.7236925	20.3289555	6574400
2022-05-24	20.3289555	19.4210604	20.3289555	19.4210604	11984100
2022-05-25	19.5789552	19.1842182	19.6579026	19.1842182	7654200
2022-05-26	19.4210604	19.4210604	20.131587	19.5000078	14210300
2022-05-27	19.6579026	19.5000078	19.9342185	19.6579026	7657800
2022-05-30	19.73685	19.6579026	20.131587	19.9342185	3034100
2022-05-31	19.73685	19.73685	20.131587	20.131587	9592000
2022-06-01	19.9342185	19.5789552	20.131587	19.9342185	4056300
2022-06-02	19.73685	19.6579026	19.9342185	19.9342185	4170900
2022-06-06	19.9342185	19.5000078	20.131587	19.5789552	6677700
2022-06-07	19.6579026	19.2631656	19.73685	19.2631656	5356200
2022-06-08	19.4210604	19.1842182	19.5000078	19.1842182	3369500
2022-06-09	19.1842182	18.947376	19.5000078	19.0263234	5223500
2022-06-10	19.0263234	17.9210598	19.1842182	18.2368494	19669100
2022-06-13	17.763165	17.368428	18.0000072	17.8421124	14350700
2022-06-14	17.763165	17.5263228	18.157902	17.8421124	8474900
2022-06-15	17.9210598	17.368428	17.9210598	17.368428	5244200
2022-06-16	17.5263228	16.4210592	17.763165	16.5000066	17189200
2022-06-17	16.3421118	15.9473748	16.8157962	16.184217	19048600
2022-06-20	16.184217	15.78948	16.4210592	16.1052696	8354700
2022-06-21	16.184217	16.0263222	16.2631644	16.184217	3412800
2022-06-22	16.5000066	14.7631638	16.6579014	14.7631638	36144100
2022-06-23	14.7631638	14.1315846	15.000006	14.5263216	19549700
2022-06-24	15.0789534	15.000006	16.6579014	16.1052696	59100700
2022-06-27	16.578954	16.1052696	16.8947436	16.1052696	31884000
2022-06-28	16.184217	15.4736904	16.3421118	15.9473748	18940100
2022-06-29	15.9473748	15.7105326	16.184217	15.7105326	7922400
2022-06-30	15.8684274	15.0789534	15.8684274	15.1579008	9172000
2022-07-01	15.3157956	14.8421112	15.4736904	15.000006	8112300
2022-07-04	15.0789534	14.6842164	15.3157956	14.7631638	11813300
2022-07-05	14.8421112	14.1315846	14.9210586	14.210532	11445200
2022-07-06	14.0526372	13.815795	14.5263216	14.3684268	11042800
2022-07-07	14.3684268	13.8947424	14.9210586	14.9210586	16904300
2022-07-08	14.7631638	13.9736898	15.0789534	13.9736898	16268500
2022-07-11	13.8947424	13.6579002	14.0526372	13.8947424	7837100
2022-07-12	13.815795	13.815795	14.605269	14.210532	10882600
2022-07-14	14.210532	14.1315846	14.8421112	14.1315846	15848600
2022-07-15	14.210532	13.421058	14.210532	13.815795	10980700
2022-07-18	13.8947424	13.5789528	14.0526372	13.6579002	16052500
2022-07-19	13.6579002	12.4736892	13.6579002	12.4736892	23023100
2022-07-20	12.7105314	12.7105314	13.1842158	12.9473736	14409300
2022-07-21	13.1052684	13.026321	13.8947424	13.7368476	20006700
2022-07-22	13.815795	13.5000054	14.0526372	13.7368476	9773700
2022-07-25	13.815795	13.5000054	14.0526372	13.9736898	5627600
2022-07-26	13.9736898	13.7368476	14.210532	13.7368476	5453700
2022-07-27	13.815795	13.7368476	14.5263216	14.3684268	11194900
2022-08-01	14.5263216	13.8947424	14.6842164	14.0526372	12035000
2022-08-02	13.9736898	13.7368476	14.4473742	13.815795	10383900
2022-08-03	13.815795	13.7368476	14.1315846	13.8947424	6270200
2022-08-04	14.1315846	14.1315846	15.3157956	14.9210586	38645000
2022-08-05	14.9210586	14.6842164	15.4736904	14.9210586	24162600
2022-08-08	15.3157956	15.2368482	15.9473748	15.9473748	26353500
2022-08-09	16.7368488	16.1052696	17.1315858	16.184217	81454300
2022-08-10	16.4210592	15.394743	16.5000066	15.4736904	36710100
2022-08-11	15.394743	15.1579008	15.9473748	15.5526378	22395400
2022-08-15	15.6315852	14.8421112	15.6315852	14.9210586	19661600
2022-08-16	15.0789534	14.1315846	15.0789534	14.1315846	32302700
2022-08-17	14.3684268	14.1315846	14.7631638	14.5263216	29093900
2022-08-18	14.5263216	14.5263216	14.8421112	14.605269	17395300
2022-08-19	14.605269	14.2894794	14.6842164	14.2894794	8839200
2022-08-22	14.2894794	14.1315846	14.3684268	14.2894794	7325500
2022-08-23	14.210532	14.210532	14.605269	14.4473742	9591900
2022-08-24	14.3684268	14.2894794	14.5263216	14.2894794	7723100
2022-08-25	14.4473742	14.4473742	15.394743	15.000006	44370600
2022-08-26	15.0789534	14.7631638	15.0789534	14.9210586	13496400
2022-08-29	14.6842164	14.5263216	14.8421112	14.605269	15834100
2022-08-30	14.6842164	14.6842164	14.9210586	14.7631638	14148300
2022-08-31	14.7631638	14.4473742	15.000006	15.000006	17822000
2022-09-01	15.7	15.6	16.6	15.9	39818900
2022-09-02	16.0	15.6	16.1	15.8	15290600
2022-09-05	15.8	15.6	15.9	15.7	5047300
2022-09-06	15.8	15.3	15.8	15.5	11897500
2022-09-07	15.8	15.7	16.1	16.0	15722700
2022-09-08	16.1	15.7	16.2	15.9	9119200
2022-09-09	15.9	15.7	15.9	15.7	5250500
2022-09-12	15.9	15.7	16.1	16.1	9431800
2022-09-13	16.1	15.9	16.1	15.9	4604600
2022-09-14	15.8	15.8	16.4	16.3	11138500
2022-09-15	16.4	16.0	16.4	16.0	6164900
2022-09-16	16.1	16.0	16.3	16.0	4243700
2022-09-19	16.0	15.8	16.1	15.9	2491100
2022-09-20	16.0	15.6	16.3	15.6	11363900
2022-09-21	15.7	15.7	15.9	15.7	4041300
2022-09-22	15.8	15.6	16.2	16.0	6250800
2022-09-23	16.0	15.7	16.1	15.8	4037000
2022-09-26	15.6	14.2	15.6	14.2	35019800
2022-09-27	14.5	13.2	14.6	13.4	27821800
2022-09-28	13.2	12.9	13.5	13.3	18419400
2022-09-29	13.3	12.8	13.4	12.9	17641900
2022-09-30	13.0	12.8	13.3	13.1	7374800
2022-10-03	13.1	12.4	13.2	12.5	11913200
2022-10-04	12.8	12.6	13.2	12.8	14028200
2022-10-05	12.9	12.4	12.9	12.4	5960200
2022-10-06	12.5	12.1	12.8	12.2	15348600
2022-10-07	12.3	11.8	12.5	12.0	15799500
2022-10-10	11.9	11.1	11.9	11.2	17414400
2022-10-11	11.2	11.0	11.4	11.2	11443700
2022-10-12	11.2	10.8	11.2	11.0	10718600
2022-10-17	11.0	10.4	11.5	11.3	19720200
2022-10-18	11.4	11.4	12.2	12.0	17040100
2022-10-19	12.0	11.5	12.2	11.7	11840900
2022-10-20	11.6	11.4	11.7	11.4	6084400
2022-10-21	11.4	11.2	11.6	11.4	8540800
2022-10-25	11.4	10.8	11.7	10.9	20841700
2022-10-26	10.9	10.9	11.6	11.3	14443100
2022-10-27	11.4	11.2	12.0	11.8	11451500
2022-10-28	11.7	11.7	12.5	11.8	25929000
2022-10-31	11.9	11.9	12.9	12.7	26927600
2022-11-01	12.8	12.7	13.8	13.7	37538900
2022-11-02	13.9	13.3	14.2	13.4	27580800
2022-11-03	13.3	13.3	13.8	13.5	15590600
2022-11-04	13.6	13.6	14.0	13.6	15915100
2022-11-07	13.7	13.5	14.0	13.7	9741800
2022-11-08	13.7	13.6	14.3	14.1	19261100
2022-11-09	14.1	13.1	14.3	13.1	53071600
2022-11-10	13.1	12.3	13.2	12.4	27703300
2022-11-11	12.6	11.8	12.7	12.7	29583300
2022-11-14	12.6	12.2	12.8	12.3	11284900
2022-11-15	12.3	12.1	12.4	12.3	5400200
2022-11-16	12.4	12.0	12.6	12.1	10487600
2022-11-17	12.1	12.0	12.2	12.1	2553800
2022-11-18	12.1	11.7	12.3	11.7	7315300
2022-11-21	11.6	10.9	11.6	11.0	37796900
2022-11-22	11.1	10.7	11.3	10.8	18563100
2022-11-23	10.9	10.7	11.0	11.0	5645800
2022-11-24	11.1	10.4	11.1	10.8	22875400
2022-11-25	10.9	10.8	11.7	11.6	21395100
2022-11-28	11.7	11.2	11.8	11.3	19607500
2022-11-29	11.4	11.0	11.7	11.2	14885600
2022-11-30	11.2	11.1	11.3	11.2	6902800
2022-12-01	11.3	11.1	11.5	11.2	12971100
2022-12-02	11.2	11.0	11.3	11.0	9248400
2022-12-06	11.0	10.7	11.2	10.8	15486200
2022-12-07	10.8	10.7	10.9	10.7	8001000
2022-12-08	10.8	10.5	10.8	10.6	6489600
2022-12-09	10.7	10.6	10.8	10.6	3444900
2022-12-13	10.7	10.3	10.8	10.3	8062000
2022-12-14	10.4	10.3	10.6	10.5	9937600
2022-12-15	10.4	10.0	10.4	10.0	16204200
2022-12-16	10.0	9.95	10.7	10.4	13800900
2022-12-19	10.3	10.2	10.9	10.7	15089100
2022-12-20	10.6	10.2	10.7	10.3	6522600
2022-12-21	10.6	10.6	11.6	11.4	36899500
2022-12-22	11.5	11.2	11.6	11.3	13880200
2022-12-23	11.3	10.9	11.3	11.0	13431400
2022-12-26	11.2	11.1	11.7	11.2	30243800
2022-12-27	11.3	11.2	11.4	11.3	10982900
2022-12-28	11.3	11.1	11.6	11.3	12374000
2022-12-29	11.3	11.2	11.4	11.3	7531500
2022-12-30	11.4	11.2	11.6	11.3	10744600
