Date	Price Open	Price Low	Price High	Price Close	Volume
2014-06-25	25.5	23.7	27.75	27.75	163612500
2014-06-26	27.25	25.5	27.75	27.25	63529100
2014-06-27	28.0	26.25	28.5	26.25	37386100
2014-06-30	26.5	24.7	26.5	24.7	16484700
2014-07-02	24.9	24.3	25.75	25.25	8790300
2014-07-03	25.5	25.0	26.0	25.5	5102100
2014-07-04	25.5	25.25	26.25	25.75	4863000
2014-07-07	25.75	25.75	26.25	26.25	5985800
2014-07-08	26.25	26.25	30.5	30.5	42807000
2014-07-09	30.25	29.25	33.5	30.25	43507500
2014-07-10	31.0	29.5	31.25	30.0	15582000
2014-07-14	30.0	30.0	32.75	32.5	18952300
2014-07-15	32.75	31.75	32.75	32.0	10888900
2014-07-16	32.25	32.0	33.0	32.25	16183300
2014-07-17	32.25	30.5	32.25	30.75	14318400
2014-07-18	31.0	30.25	31.75	31.25	10315400
2014-07-21	31.25	30.75	32.25	31.75	7313800
2014-07-22	32.0	30.25	32.0	30.75	6136500
2014-07-23	30.75	30.75	32.0	31.5	7692600
2014-07-24	31.5	30.75	31.5	31.0	2559000
2014-07-25	31.0	29.5	31.0	29.5	7664200
2014-07-28	29.5	28.0	30.0	28.0	6710700
2014-07-29	28.0	27.25	28.0	27.25	3253100
2014-07-30	27.25	26.75	29.0	27.75	6715000
2014-07-31	28.5	27.5	29.0	27.5	3505700
2014-08-01	26.75	26.75	27.75	27.75	3335000
2014-08-04	28.25	27.75	28.25	28.25	1623700
2014-08-05	28.0	27.5	28.25	27.5	1664200
2014-08-06	27.75	27.0	27.75	27.0	833800
2014-08-07	27.25	27.25	28.75	27.75	1892200
2014-08-08	27.5	27.25	28.25	27.75	989100
2014-08-13	28.25	28.0	31.25	31.25	15226400
2014-08-14	31.0	29.5	31.25	30.75	9157300
2014-08-15	30.5	30.5	31.75	31.0	6362500
2014-08-18	31.0	29.75	31.25	30.0	1812700
2014-08-19	30.25	29.75	30.5	29.75	1115100
2014-08-20	30.0	29.5	30.25	29.5	796500
2014-08-21	29.75	29.5	30.0	29.75	999200
2014-08-22	30.25	30.0	31.0	30.25	1761700
2014-08-25	30.5	30.5	31.25	31.25	3940100
2014-08-26	32.25	31.5	32.75	31.5	9329000
2014-08-27	32.25	32.25	36.5	35.75	40813300
2014-08-28	35.5	34.5	37.5	36.25	17711900
2014-08-29	36.5	35.0	37.5	35.5	10503700
2014-09-01	36.0	35.25	36.5	36.0	5581700
2014-09-02	36.25	36.25	37.0	36.75	4236200
2014-09-03	37.5	36.0	38.0	36.25	6485600
2014-09-04	36.5	35.5	36.75	35.75	3094500
2014-09-05	35.75	34.75	35.75	35.0	2823800
2014-09-08	35.0	34.0	35.5	34.0	1192500
2014-09-09	34.5	34.0	36.0	36.0	3706400
2014-09-10	36.0	35.25	36.75	35.75	4126200
2014-09-11	36.0	35.25	36.25	35.25	1212500
2014-09-12	35.25	35.25	36.25	35.75	1047000
2014-09-15	35.75	35.5	36.75	36.5	2500900
2014-09-16	36.75	35.25	37.0	35.25	2662000
2014-09-17	36.0	35.75	38.75	38.0	17505000
2014-09-18	38.75	37.75	41.0	38.75	14548400
2014-09-19	39.5	38.75	40.0	39.25	5125400
2014-09-22	39.5	39.25	40.25	39.5	2446700
2014-09-23	39.75	39.0	40.75	39.25	3781000
2014-09-24	39.5	39.5	40.25	39.75	1742600
2014-09-25	39.75	38.5	40.25	38.75	4569700
2014-09-26	38.75	38.25	39.0	38.5	2242100
2014-09-29	38.75	38.5	39.5	39.25	1713400
2014-09-30	39.25	38.75	39.25	38.75	1266400
2014-10-01	39.0	38.75	39.25	39.0	1694200
2014-10-03	37.5	37.25	38.5	38.5	2595900
2014-10-06	39.0	37.5	39.0	37.75	1719200
2014-10-07	37.5	36.25	40.0	40.0	4259600
2014-10-08	39.75	39.75	42.5	42.0	6347500
2014-10-09	42.0	41.5	43.75	42.0	3126600
2014-10-10	41.5	41.0	42.75	41.75	1976000
2014-10-13	41.75	41.5	42.5	41.75	598800
2014-10-14	42.25	41.75	42.25	41.75	682500
2014-10-15	42.0	42.0	44.0	42.25	1316000
2014-10-16	42.5	41.0	42.75	41.25	1392600
2014-10-17	41.25	40.75	41.75	41.25	985700
2014-10-20	41.75	41.25	41.75	41.5	332400
2014-10-21	41.75	41.25	43.0	42.75	1736700
2014-10-22	43.25	42.5	43.25	43.25	746400
2014-10-24	43.25	42.5	43.75	43.75	658100
2014-10-27	44.0	43.75	44.5	44.0	985900
2014-10-28	44.0	43.25	44.75	43.5	930400
2014-10-29	43.5	43.5	44.25	44.0	240800
2014-10-30	44.25	43.0	44.25	43.5	560600
2014-10-31	43.25	42.25	43.5	43.5	1260400
2014-11-03	43.25	42.0	43.25	42.0	749300
2014-11-04	42.5	41.75	42.5	42.25	342300
2014-11-05	42.25	40.5	42.25	42.0	1371000
2014-11-06	42.25	41.75	42.5	42.0	611500
2014-11-07	42.5	42.0	42.75	42.25	639900
2014-11-10	42.5	40.5	42.5	40.5	823000
2014-11-11	40.25	39.25	40.75	39.5	1520700
2014-11-12	39.75	39.75	40.5	40.0	679400
2014-11-13	39.75	38.75	40.0	40.0	1363500
2014-11-14	39.0	39.0	39.75	39.5	1746200
2014-11-17	39.5	37.5	39.75	38.75	2209300
2014-11-18	38.75	36.25	38.75	36.75	1934200
2014-11-19	37.0	36.0	37.0	36.25	1100000
2014-11-20	36.5	36.5	39.5	38.75	2107000
2014-11-21	38.75	38.0	39.0	38.25	665100
2014-11-24	38.25	38.0	38.5	38.25	162700
2014-11-25	38.5	38.25	39.0	39.0	456900
2014-11-26	39.0	38.75	39.75	39.75	486300
2014-11-27	39.75	39.5	41.0	40.75	998400
2014-11-28	40.75	40.0	41.25	40.5	723900
2014-12-01	40.75	40.5	41.25	41.0	673400
2014-12-02	41.0	38.75	41.0	38.75	1410600
2014-12-03	39.5	39.0	39.75	39.5	219600
2014-12-04	39.5	39.0	40.0	39.75	570600
2014-12-08	40.0	38.75	40.0	38.75	551300
2014-12-09	38.75	37.75	39.0	37.75	338400
2014-12-11	36.5	35.25	37.0	36.0	2084200
2014-12-12	36.75	36.0	37.5	36.25	775000
2014-12-15	36.25	32.5	36.25	35.5	920600
2014-12-16	34.5	33.5	35.25	34.5	2182200
2014-12-17	34.5	34.5	35.75	35.0	656000
2014-12-18	35.5	35.25	36.5	35.25	659700
2014-12-19	35.5	35.0	36.0	35.5	679100
2014-12-22	35.5	35.5	36.0	35.75	1002800
2014-12-23	36.25	35.0	36.25	35.0	218200
2014-12-24	35.75	35.25	35.75	35.25	42400
2014-12-25	35.0	33.5	35.0	34.75	382200
2014-12-26	34.5	33.25	34.5	33.75	653400
2014-12-29	33.75	33.0	34.0	33.5	143300
2014-12-30	33.5	32.75	33.5	33.0	374000
2015-01-05	33.0	32.0	33.0	32.75	421500
2015-01-06	32.5	31.75	32.5	32.0	239600
2015-01-07	31.75	30.5	32.0	31.25	1567200
2015-01-08	31.75	31.5	33.25	33.25	1212800
2015-01-09	33.25	33.25	35.25	35.25	1083400
2015-01-12	35.75	33.75	35.75	34.5	974700
2015-01-13	34.25	34.0	35.5	35.0	886700
2015-01-14	35.75	34.5	35.75	34.5	655000
2015-01-15	34.5	34.5	35.25	35.0	259300
2015-01-16	35.25	34.25	35.5	34.25	171500
2015-01-19	34.25	33.0	34.75	33.0	349000
2015-01-20	33.5	32.25	33.5	32.5	441200
2015-01-21	32.5	32.25	32.75	32.5	188800
2015-01-22	32.0	31.75	33.75	33.5	864800
2015-01-23	34.0	33.0	34.25	34.25	1127200
2015-01-26	34.25	32.75	34.25	33.25	579100
2015-01-27	33.0	32.25	35.25	35.0	1701300
2015-01-28	35.0	34.25	37.0	36.5	1781100
2015-01-29	36.5	35.5	37.25	37.0	1472100
2015-01-30	37.25	36.25	38.0	37.5	1553000
2015-02-02	37.5	36.25	37.5	36.5	296000
2015-02-03	36.5	35.75	36.5	36.0	780500
2015-02-04	36.25	35.75	37.25	37.0	1243400
2015-02-05	37.25	36.5	37.25	36.75	483600
2015-02-06	37.0	36.5	39.0	38.5	4316100
2015-02-09	38.75	38.25	39.0	38.75	745500
2015-02-10	39.0	38.0	39.0	38.0	413800
2015-02-11	38.0	37.75	38.75	38.75	822200
2015-02-12	38.25	37.75	38.75	38.75	740200
2015-02-13	38.0	37.75	38.75	37.75	161800
2015-02-16	38.0	37.25	38.0	37.5	451400
2015-02-17	36.75	35.0	37.0	35.0	1969800
2015-02-18	34.5	34.5	35.75	35.5	293000
2015-02-19	36.0	35.25	36.0	35.5	414000
2015-02-20	35.5	35.5	36.0	35.75	263900
2015-02-23	35.75	35.0	36.0	35.0	197900
2015-02-24	35.0	34.25	35.0	34.25	706900
2015-02-25	34.75	32.0	35.25	32.0	2193200
2015-02-26	32.25	31.0	33.0	33.0	3094400
2015-02-27	33.25	32.5	33.25	32.5	850100
2015-03-02	32.5	32.25	32.75	32.75	392800
2015-03-03	32.5	32.25	33.0	32.75	467800
2015-03-05	32.5	32.5	32.75	32.5	173100
2015-03-06	32.5	32.25	33.5	33.5	306800
2015-03-09	33.0	33.0	35.25	35.25	825400
2015-03-10	36.0	35.5	36.5	36.0	1754700
2015-03-11	35.0	34.0	35.0	34.0	1281400
2015-03-12	34.25	32.5	34.5	33.0	1758200
2015-03-13	33.0	32.25	33.25	32.25	1502300
2015-03-16	32.5	31.0	32.5	31.75	1244300
2015-03-17	32.0	31.0	32.0	31.0	866500
2015-03-18	31.25	31.0	32.5	32.5	537200
2015-03-19	33.0	32.25	33.0	32.25	635100
2015-03-20	32.5	31.75	32.5	32.0	245400
2015-03-23	31.5	31.25	32.0	31.25	168200
2015-03-24	31.0	29.5	31.25	29.75	671900
2015-03-25	30.0	29.75	31.5	31.5	814200
2015-03-26	31.25	30.75	32.0	32.0	1509800
2015-03-27	32.0	31.25	32.0	31.75	247900
2015-03-30	31.75	31.75	33.25	32.75	1433400
2015-03-31	32.75	32.5	33.25	32.75	758800
2015-04-01	32.5	32.5	33.25	33.0	375400
2015-04-02	33.25	33.0	33.25	33.0	742900
2015-04-03	33.0	33.0	35.0	33.5	1294100
2015-04-07	33.75	33.0	34.5	34.5	671700
2015-04-08	34.5	33.75	34.5	33.75	579200
2015-04-09	33.75	33.0	34.25	33.75	292600
2015-04-10	33.5	33.5	34.25	33.75	303900
2015-04-16	34.25	34.0	34.5	34.25	487000
2015-04-17	34.75	33.75	34.75	34.0	576600
2015-04-20	34.0	33.25	34.5	34.5	661000
2015-04-21	34.5	34.0	34.75	34.5	284300
2015-04-22	34.5	33.75	35.5	33.75	755400
2015-04-23	33.75	33.75	34.25	34.0	534000
2015-04-24	34.0	33.5	34.5	33.5	259400
2015-04-27	34.0	32.5	34.0	32.75	445900
2015-04-28	32.25	31.0	32.25	31.5	1912900
2015-04-29	31.0	31.0	31.75	31.5	1684000
2015-04-30	31.5	31.0	31.75	31.5	560900
2015-05-06	31.5	31.5	32.0	31.5	352500
2015-05-07	31.25	31.25	32.0	31.75	220000
2015-05-08	31.75	31.25	32.25	32.0	438400
2015-05-11	32.25	32.0	32.25	32.25	261000
2015-05-12	32.25	31.25	32.25	31.5	106600
2015-05-13	31.5	31.25	32.0	31.5	814100
2015-05-14	32.25	32.0	32.5	32.0	608300
2015-05-15	31.75	31.75	32.5	32.5	1228800
2015-05-18	32.25	31.5	32.25	31.75	204700
2015-05-19	31.5	31.25	32.0	31.5	2337100
2015-05-20	31.75	31.75	32.25	32.0	98600
2015-05-21	32.25	31.5	32.25	31.75	821400
2015-05-22	32.0	31.75	32.25	32.0	841200
2015-05-25	32.0	31.5	32.25	31.75	377000
2015-05-26	31.75	31.5	32.0	31.5	67300
2015-05-27	31.25	31.25	32.0	32.0	120700
2015-05-28	31.75	31.75	32.25	32.25	108400
2015-05-29	31.75	31.5	32.0	31.5	51900
2015-06-02	31.5	31.25	31.75	31.5	76700
2015-06-03	31.5	31.25	32.0	32.0	148300
2015-06-04	31.5	31.5	32.25	32.25	164500
2015-06-05	31.75	31.75	32.0	32.0	72000
2015-06-08	32.0	32.0	32.25	32.25	131300
2015-06-09	32.25	31.75	32.25	32.25	226900
2015-06-10	32.0	32.0	32.5	32.0	18000
2015-06-11	32.25	32.0	32.5	32.5	146000
2015-06-12	32.5	32.0	32.5	32.0	79400
2015-06-15	32.5	31.75	32.5	31.75	105700
2015-06-16	32.0	32.0	33.25	32.0	575100
2015-06-17	32.5	31.75	32.75	31.75	456200
2015-06-18	31.75	30.25	32.0	31.0	820500
2015-06-19	31.0	30.5	31.5	30.5	545900
2015-06-22	30.5	30.5	31.25	30.75	241600
2015-06-23	30.75	30.75	31.5	31.25	196900
2015-06-24	30.75	30.75	31.0	30.75	296300
2015-06-25	31.0	31.0	31.5	31.0	329000
2015-06-26	31.0	30.5	31.25	31.0	199000
2015-06-29	30.5	30.25	31.0	30.75	91500
2015-06-30	30.5	30.5	30.75	30.75	323100
2015-07-02	30.75	30.5	31.0	31.0	122600
2015-07-03	30.75	30.25	30.75	30.25	100800
2015-07-06	30.25	30.0	30.5	30.0	69600
2015-07-07	30.25	29.75	30.25	29.75	246000
2015-07-08	30.0	29.25	30.0	29.25	163900
2015-07-09	29.25	28.25	29.25	28.75	172900
2015-07-10	29.25	28.5	29.75	28.5	660700
2015-07-13	29.0	28.5	30.0	28.75	939300
2015-07-14	29.0	27.75	29.25	28.0	1026100
2015-07-15	28.25	28.25	29.0	28.5	587100
2015-07-16	28.75	27.25	28.75	27.5	700700
2015-07-17	27.0	27.0	28.0	28.0	671000
2015-07-20	28.0	26.75	28.0	26.75	1161200
2015-07-21	27.0	25.5	27.0	25.5	1204500
2015-07-22	25.75	25.5	26.5	25.5	1002000
2015-07-23	25.75	25.5	27.25	26.75	754500
2015-07-24	27.0	26.75	27.25	26.75	419400
2015-07-27	26.25	25.75	26.5	25.75	807400
2015-07-28	25.5	25.25	25.75	25.5	409200
2015-07-29	26.5	25.25	26.5	26.5	707400
2015-07-31	27.25	26.25	27.25	27.0	153000
2015-08-03	27.0	26.25	27.25	26.75	148300
2015-08-04	26.75	26.75	27.25	27.0	175800
2015-08-05	27.75	26.75	27.75	27.25	1136700
2015-08-06	27.5	27.25	27.75	27.5	605100
2015-08-07	27.5	27.5	29.25	29.0	1053300
2015-08-10	28.75	27.75	28.75	28.0	497400
2015-08-11	28.25	27.0	28.25	27.0	360200
2015-08-13	26.25	26.0	28.25	28.0	496100
2015-08-14	28.0	28.0	29.0	28.75	475400
2015-08-17	29.0	28.25	29.0	28.5	194300
2015-08-18	27.5	27.5	28.0	27.75	482200
2015-08-19	27.5	27.25	28.0	27.75	91600
2015-08-20	27.75	27.0	28.0	27.75	82200
2015-08-21	27.5	27.0	27.5	27.0	243800
2015-08-24	25.75	25.25	26.25	25.25	359300
2015-08-25	25.25	24.5	25.75	24.9	398300
2015-08-26	25.0	25.0	26.75	26.25	921400
2015-08-27	26.75	26.75	27.75	27.5	310400
2015-08-28	27.75	27.75	29.0	28.75	1042000
2015-08-31	29.0	28.75	29.25	29.0	929500
2015-09-01	29.25	28.75	29.5	29.25	652000
2015-09-02	29.5	28.5	29.5	28.5	623500
2015-09-03	29.25	28.5	30.0	28.75	760900
2015-09-04	28.75	28.25	28.75	28.25	268800
2015-09-07	28.25	27.75	28.5	28.0	274200
2015-09-08	28.25	27.75	28.25	28.0	51200
2015-09-09	28.5	27.75	28.5	28.25	383900
2015-09-10	28.25	27.75	28.5	27.75	242100
2015-09-11	28.0	27.25	28.25	27.25	237800
2015-09-14	27.5	26.75	27.75	26.75	146100
2015-09-15	26.5	26.5	27.0	26.5	244300
2015-09-16	27.0	26.5	27.0	26.5	272400
2015-09-17	27.0	26.75	27.25	27.0	133200
2015-09-18	27.0	27.0	28.25	27.5	759500
2015-09-21	27.5	27.5	28.25	28.25	100700
2015-09-22	28.25	27.5	28.75	27.75	367600
2015-09-23	27.75	27.25	27.75	27.25	123500
2015-09-24	27.25	27.0	28.0	27.0	206800
2015-09-25	27.0	27.0	27.5	27.5	194500
2015-09-28	27.5	26.75	27.5	27.0	130000
2015-09-29	26.5	26.25	26.75	26.25	347300
2015-09-30	26.25	26.0	26.75	26.0	374400
2015-10-01	26.25	25.5	27.5	26.5	440700
2015-10-02	26.5	26.25	28.75	28.75	2008800
2015-10-05	29.0	27.5	29.0	27.5	669900
2015-10-06	28.0	27.75	28.25	28.0	479000
2015-10-07	28.25	27.75	28.5	27.75	645100
2015-10-08	28.0	27.25	28.0	28.0	622600
2015-10-09	28.5	27.75	28.5	28.5	566600
2015-10-12	28.5	27.75	28.5	27.75	612400
2015-10-13	27.5	27.5	28.0	27.5	164400
2015-10-14	27.75	27.25	28.0	27.25	185100
2015-10-15	27.5	27.5	28.0	27.75	308100
2015-10-16	27.75	26.75	27.75	27.0	741200
2015-10-19	26.75	26.25	27.0	26.5	783300
2015-10-20	26.5	26.5	27.25	26.75	393000
2015-10-21	26.75	26.75	27.25	27.25	92000
2015-10-22	27.25	27.0	27.5	27.5	219700
2015-10-26	27.5	26.75	27.75	26.75	361800
2015-10-27	26.75	26.75	27.25	27.25	247900
2015-10-28	27.0	26.75	27.25	26.75	89100
2015-10-29	26.75	26.25	27.25	26.5	188000
2015-10-30	26.5	25.75	26.75	25.75	755000
2015-11-02	25.75	24.2	25.75	24.3	2591000
2015-11-03	24.4	24.0	25.25	24.3	4232000
2015-11-04	24.4	23.5	24.6	23.5	1850600
2015-11-05	23.7	22.6	23.8	22.7	1897700
2015-11-06	22.8	22.8	23.1	22.9	638200
2015-11-09	23.1	22.4	23.1	22.4	729700
2015-11-10	22.4	21.6	22.4	21.6	960700
2015-11-11	21.3	20.3	21.6	20.5	1776900
2015-11-12	20.5	20.2	21.3	20.2	1334700
2015-11-13	20.1	19.9	20.4	19.9	949500
2015-11-16	19.5	18.7	19.7	19.2	2801800
2015-11-17	19.5	19.0	19.7	19.3	930900
2015-11-18	19.4	19.2	19.7	19.3	473900
2015-11-19	19.3	19.1	20.1	19.3	1755400
2015-11-20	19.5	19.3	19.6	19.5	373300
2015-11-23	19.6	19.4	19.7	19.4	513400
2015-11-24	19.5	18.6	19.5	18.7	1123100
2015-11-25	18.7	17.7	18.7	17.8	1470800
2015-11-26	17.8	17.0	17.8	17.5	1345700
2015-11-27	17.4	17.0	17.4	17.0	685400
2015-11-30	17.0	16.4	17.0	16.6	814000
2015-12-01	16.6	16.2	16.9	16.2	918700
2015-12-02	16.2	15.3	16.4	15.3	1338600
2015-12-03	15.3	14.1	15.4	14.5	4090500
2015-12-04	14.5	14.5	15.6	15.4	6339000
2015-12-08	15.4	14.4	15.4	14.4	2132700
2015-12-09	14.5	14.1	14.8	14.1	1551700
2015-12-11	14.2	14.2	15.1	14.7	2820100
2015-12-14	14.6	14.4	17.0	16.7	5475500
2015-12-15	16.9	16.4	17.1	16.4	2638900
2015-12-16	16.6	16.1	16.7	16.3	694800
2015-12-17	16.4	16.4	18.3	18.0	8084400
2015-12-18	17.5	17.5	19.1	18.7	6551900
2015-12-21	18.4	17.9	18.8	18.3	1527700
2015-12-22	18.6	17.7	18.8	17.7	1863000
2015-12-23	17.8	17.8	18.4	17.8	576400
2015-12-24	18.1	17.8	18.1	18.0	244100
2015-12-25	18.1	17.8	18.1	18.0	119600
2015-12-28	18.1	17.4	18.1	17.7	210300
2015-12-29	17.8	17.6	18.2	17.9	936400
2015-12-30	17.9	17.5	17.9	17.6	284900
2016-01-04	17.4	17.2	17.7	17.4	222100
2016-01-05	17.3	17.1	17.4	17.2	385300
2016-01-06	17.2	17.0	18.1	17.9	1013500
2016-01-07	17.7	17.4	17.8	17.5	405700
2016-01-08	17.7	17.5	17.7	17.5	104200
2016-01-11	17.5	17.3	17.6	17.5	164900
2016-01-12	17.6	17.4	18.1	17.9	588800
2016-01-13	18.1	17.6	18.2	17.6	741600
2016-01-14	17.5	17.5	17.8	17.7	398000
2016-01-15	17.8	17.5	17.9	17.5	258800
2016-01-18	17.5	17.4	17.6	17.4	147600
2016-01-19	17.4	17.3	17.8	17.3	148000
2016-01-20	17.3	16.8	17.3	16.9	190000
2016-01-21	16.9	16.2	17.0	16.6	191800
2016-01-22	16.7	16.3	16.8	16.5	113500
2016-01-25	16.5	16.2	16.6	16.4	73500
2016-01-26	16.3	15.8	16.4	15.8	248100
2016-01-27	16.2	15.6	16.2	15.7	227600
2016-01-28	15.7	15.1	15.8	15.3	396400
2016-01-29	15.3	14.9	15.4	15.0	358200
2016-02-01	15.1	15.1	15.8	15.5	597200
2016-02-02	15.6	15.4	15.7	15.5	330400
2016-02-03	15.5	15.3	15.5	15.5	200500
2016-02-04	15.5	15.4	16.6	16.5	940300
2016-02-05	16.7	16.6	17.0	16.6	278900
2016-02-08	16.8	16.8	17.7	17.4	907400
2016-02-09	17.4	16.8	17.4	16.8	298400
2016-02-10	17.0	16.9	17.2	16.9	174200
2016-02-11	16.9	16.4	17.2	16.5	339300
2016-02-12	16.4	16.3	16.7	16.4	150100
2016-02-15	16.6	16.4	16.6	16.4	100200
2016-02-16	16.5	16.4	16.8	16.5	182600
2016-02-17	16.6	16.4	16.8	16.4	83900
2016-02-18	16.4	16.4	16.7	16.4	37600
2016-02-19	16.5	16.3	16.5	16.3	89700
2016-02-23	16.3	16.2	16.6	16.2	322600
2016-02-24	16.2	16.2	16.5	16.5	12600
2016-02-25	16.1	15.7	16.5	15.7	529000
2016-02-26	15.7	15.7	15.9	15.7	191400
2016-02-29	15.7	15.4	15.7	15.4	171300
2016-03-01	15.7	15.4	15.8	15.4	72600
2016-03-02	15.5	15.4	15.6	15.4	214500
2016-03-03	15.8	15.3	15.8	15.7	147000
2016-03-04	15.8	15.5	15.8	15.5	217100
2016-03-07	15.6	15.5	15.9	15.8	377300
2016-03-08	15.9	15.6	16.0	15.8	229200
2016-03-09	15.9	15.5	16.2	15.9	610500
2016-03-10	15.9	15.9	16.2	16.0	346100
2016-03-11	16.2	15.8	16.2	16.0	143100
2016-03-14	16.0	15.8	16.0	15.8	139400
2016-03-15	15.9	15.8	15.9	15.8	64900
2016-03-16	15.9	15.7	15.9	15.8	94600
2016-03-17	15.7	15.7	16.1	16.0	445700
2016-03-18	16.0	15.8	16.0	15.9	94900
2016-03-21	16.0	15.8	16.0	16.0	180400
2016-03-22	16.0	15.8	16.0	15.9	125000
2016-03-23	15.9	15.9	16.2	15.9	948200
2016-03-24	15.8	15.7	15.9	15.7	305000
2016-03-25	15.7	15.7	15.9	15.7	73400
2016-03-28	15.7	15.4	15.7	15.5	246300
2016-03-29	15.5	15.5	15.7	15.7	56300
2016-03-30	15.6	15.6	16.0	15.7	164700
2016-03-31	15.7	15.6	15.9	15.7	227500
2016-04-01	15.7	15.6	15.8	15.8	78000
2016-04-04	15.8	15.8	16.0	16.0	173600
2016-04-05	16.0	15.7	16.0	15.7	141300
2016-04-07	15.7	15.7	16.0	16.0	226200
2016-04-08	15.9	15.6	15.9	15.8	79000
2016-04-11	15.8	15.5	15.8	15.6	151100
2016-04-12	15.6	15.6	15.9	15.7	57400
2016-04-18	15.7	15.6	15.8	15.7	84300
2016-04-19	15.7	15.7	16.0	15.9	360500
2016-04-20	15.9	15.7	16.0	15.7	262100
2016-04-21	15.8	15.8	16.1	15.9	1034200
2016-04-22	16.0	15.7	16.1	15.9	884300
2016-04-25	15.9	15.7	16.0	15.7	160000
2016-04-26	15.9	15.7	15.9	15.9	204300
2016-04-27	15.9	15.4	16.0	15.5	1126800
2016-04-28	15.3	15.2	15.4	15.4	183200
2016-04-29	15.4	15.4	15.5	15.5	110700
2016-05-03	15.6	15.3	15.6	15.4	122900
2016-05-04	15.3	15.3	15.4	15.4	57400
2016-05-06	15.3	15.3	15.4	15.4	57400
2016-05-09	15.4	15.2	15.5	15.3	242300
2016-05-10	15.3	15.0	15.5	15.1	541200
2016-05-11	15.1	14.9	15.1	14.9	220900
2016-05-12	15.0	14.8	15.1	14.8	366000
2016-05-13	15.1	14.6	15.1	14.6	573100
2016-05-16	14.6	14.4	14.7	14.4	307500
2016-05-17	14.4	14.4	14.6	14.6	249600
2016-05-18	14.7	14.3	15.0	15.0	295300
2016-05-19	15.1	14.4	15.1	14.4	1172400
2016-05-23	14.7	14.3	14.7	14.4	194300
2016-05-24	14.4	14.4	14.6	14.5	79300
2016-05-25	14.7	14.5	14.7	14.5	82600
2016-05-26	14.5	14.2	14.6	14.3	347800
2016-05-27	14.4	14.3	14.6	14.3	198800
2016-05-30	14.4	14.2	14.4	14.3	259700
2016-05-31	14.3	14.2	14.5	14.2	436900
2016-06-01	14.3	14.2	15.5	15.0	2915900
2016-06-02	15.1	14.6	15.2	14.8	1004300
2016-06-03	14.8	14.7	14.8	14.7	85300
2016-06-06	14.7	14.7	15.1	15.0	1086100
2016-06-07	15.1	15.1	15.7	15.4	5867800
2016-06-08	15.5	15.3	16.0	15.9	6132800
2016-06-09	16.3	15.8	16.6	15.9	5746300
2016-06-10	15.9	15.8	17.4	17.2	10312100
2016-06-13	17.1	17.0	18.3	18.3	7090200
2016-06-14	18.3	17.7	19.0	18.5	7161500
2016-06-15	18.6	18.2	18.6	18.4	4387800
2016-06-16	18.5	17.9	18.5	18.1	1823000
2016-06-17	18.4	18.3	18.9	18.5	3232100
2016-06-20	18.8	18.1	18.8	18.1	2592800
2016-06-21	18.0	17.4	18.0	17.8	2768600
2016-06-22	17.8	17.3	17.8	17.4	1034200
2016-06-23	17.6	17.5	18.8	18.8	3869800
2016-06-24	18.3	17.8	20.2	20.0	7774000
2016-06-27	20.4	20.2	21.0	21.0	6309800
2016-06-28	21.1	20.6	21.4	21.0	6889300
2016-06-29	21.1	20.6	21.1	20.8	3286700
2016-06-30	20.9	20.5	21.9	21.5	5412300
2016-07-04	21.4	20.8	21.4	21.0	2069700
2016-07-05	20.9	20.5	21.0	20.7	1368500
2016-07-06	20.7	20.4	21.3	20.6	1389000
2016-07-07	20.9	20.5	21.0	20.7	1085600
2016-07-08	20.8	20.5	21.1	20.5	783200
2016-07-11	20.7	20.5	20.9	20.9	780200
2016-07-12	21.0	21.0	22.0	21.4	6729400
2016-07-13	21.7	21.5	22.3	21.5	4316800
2016-07-14	21.6	21.0	21.8	21.0	2108900
2016-07-15	21.4	21.1	21.5	21.3	1504900
2016-07-20	21.3	20.4	21.4	20.5	1796600
2016-07-21	20.7	19.6	20.9	19.8	2033200
2016-07-22	19.8	18.8	20.1	19.0	2771200
2016-07-25	19.0	18.3	19.1	18.8	1755500
2016-07-26	19.1	19.0	19.6	19.2	3609700
2016-07-27	19.4	19.1	19.8	19.4	1233300
2016-07-28	19.7	19.2	19.7	19.3	937300
2016-07-29	19.3	18.6	19.3	18.9	1288100
2016-08-01	18.9	18.3	19.0	18.3	1163200
2016-08-02	18.3	18.0	18.5	18.0	670300
2016-08-03	17.9	17.9	18.5	18.3	669100
2016-08-04	18.5	18.3	18.7	18.3	472600
2016-08-05	18.5	18.5	19.2	18.8	1693800
2016-08-08	18.9	18.4	19.1	18.6	1088700
2016-08-09	18.6	18.6	20.4	20.4	5119900
2016-08-10	20.8	20.2	21.0	20.8	2913700
2016-08-11	21.0	20.7	21.1	20.7	1909300
2016-08-15	20.5	20.4	21.6	20.7	4004400
2016-08-16	21.1	20.6	21.8	20.8	7308700
2016-08-17	20.9	20.9	26.5	25.25	37175800
2016-08-18	26.0	24.4	29.5	25.0	29895400
2016-08-19	25.25	24.3	28.0	26.75	24490200
2016-08-22	26.75	26.25	28.0	27.0	11204000
2016-08-23	27.0	26.5	27.75	26.75	4689100
2016-08-24	27.0	27.0	29.5	28.25	23778300
2016-08-25	28.5	28.0	30.25	29.5	12728100
2016-08-26	30.25	30.25	32.75	31.75	16585000
2016-08-29	32.5	30.75	33.5	31.75	13883200
2016-08-30	32.5	30.25	32.5	30.75	7711000
2016-08-31	31.0	29.0	31.25	30.0	7652700
2016-09-01	30.5	30.0	32.5	32.5	14937900
2016-09-02	32.5	31.25	32.75	32.25	11870600
2016-09-05	32.25	28.25	32.5	30.25	9602100
2016-09-06	30.5	30.25	32.0	30.5	7867300
2016-09-07	31.0	27.5	31.25	27.75	9763900
2016-09-08	27.75	25.25	28.25	25.75	9504500
2016-09-09	25.5	24.4	26.5	26.25	15204900
2016-09-12	25.25	25.25	27.75	27.0	12975200
2016-09-13	28.0	26.25	28.25	27.0	10945400
2016-09-14	27.0	26.5	28.75	28.5	14710100
2016-09-15	28.25	27.75	29.0	28.75	8613900
2016-09-16	29.0	27.5	29.25	27.5	5871600
2016-09-19	27.75	27.25	28.25	28.0	4281300
2016-09-20	28.0	26.5	28.0	26.75	5812000
2016-09-21	27.0	26.5	27.5	26.75	5938000
2016-09-22	27.0	27.0	29.75	29.75	16177700
2016-09-23	29.5	28.25	29.75	29.5	12504200
2016-09-26	29.0	29.0	30.25	29.5	10173900
2016-09-27	29.75	28.75	30.0	28.75	4603000
2016-09-28	29.0	27.75	29.5	28.25	4999400
2016-09-29	28.75	28.0	29.0	28.25	2508400
2016-09-30	28.0	27.0	28.0	27.25	4200700
2016-10-03	27.5	26.25	27.75	26.25	3799300
2016-10-04	26.5	26.5	27.75	27.25	2904400
2016-10-05	27.25	26.75	29.5	29.25	12000000
2016-10-06	29.5	28.75	29.5	29.0	5177800
2016-10-07	29.0	28.0	29.0	28.25	2437300
2016-10-10	26.75	26.25	27.25	26.5	3713100
2016-10-11	26.75	24.9	27.0	25.5	3090800
2016-10-12	25.25	23.9	26.5	25.5	6207900
2016-10-13	25.25	24.7	26.25	25.75	3318900
2016-10-14	26.75	26.0	28.0	27.5	8634500
2016-10-17	27.0	27.0	29.75	29.5	8817600
2016-10-18	29.75	29.25	30.25	29.5	5079500
2016-10-19	29.25	29.25	31.5	31.25	8196700
2016-10-20	31.75	31.0	32.0	31.25	5231100
2016-10-21	31.25	30.75	33.0	33.0	6861300
2016-10-25	33.5	33.5	36.75	36.75	11404600
2016-10-26	36.75	35.25	37.25	35.75	6471300
2016-10-27	36.0	34.75	38.5	35.75	11238600
2016-10-28	36.0	34.25	36.0	35.0	4407800
2016-10-31	35.25	34.75	36.5	36.25	4897600
2016-11-01	36.5	36.0	37.0	36.25	3375500
2016-11-02	36.0	35.75	37.25	35.75	4355300
2016-11-03	36.25	36.0	37.5	36.5	6172500
2016-11-04	36.5	35.0	36.5	35.5	3767400
2016-11-07	36.25	36.0	36.75	36.25	1850800
2016-11-08	36.5	34.75	36.5	35.25	2997900
2016-11-09	34.5	32.75	35.0	35.0	4550500
2016-11-10	35.5	34.25	35.5	34.25	2066600
2016-11-11	34.25	33.25	35.0	34.5	2345200
2016-11-14	34.5	30.0	34.5	32.0	6172700
2016-11-15	31.75	30.25	33.5	30.5	12310100
2016-11-16	31.25	30.25	32.25	31.5	6058500
2016-11-17	31.5	31.0	31.75	31.0	1553800
2016-11-18	31.0	30.75	31.75	31.5	537200
2016-11-21	31.5	31.5	32.75	32.25	933800
2016-11-22	32.75	32.25	33.25	32.5	2548900
2016-11-23	32.5	32.0	33.25	33.25	2456700
2016-11-24	33.75	33.5	34.75	34.5	3466600
2016-11-25	34.75	33.75	35.5	34.25	3926100
2016-11-28	34.5	34.5	35.5	35.5	2588400
2016-11-29	35.75	34.25	35.75	34.25	1818300
2016-11-30	34.5	34.0	35.0	34.0	1736900
2016-12-01	34.25	32.25	34.75	32.25	3281300
2016-12-02	32.75	31.0	32.75	31.25	1993000
2016-12-06	31.5	31.5	33.25	33.25	2315400
2016-12-07	33.0	32.25	33.0	32.25	1488300
2016-12-08	32.25	31.5	32.75	31.75	2137400
2016-12-09	32.0	31.75	32.75	32.5	1514600
2016-12-13	32.5	31.5	33.25	32.0	1639900
2016-12-14	31.75	30.5	32.0	31.25	2193000
2016-12-15	31.25	30.75	31.75	31.0	1540400
2016-12-16	31.0	31.0	33.25	32.75	5197700
2016-12-19	32.75	32.75	34.0	33.25	4964700
2016-12-20	33.25	32.0	33.5	32.25	1622300
2016-12-21	32.25	32.25	32.75	32.75	671200
2016-12-22	32.75	31.75	32.75	32.0	392200
2016-12-23	31.75	30.75	32.5	31.0	2252000
2016-12-26	31.5	30.75	32.0	31.25	1449000
2016-12-27	31.0	31.0	31.5	31.25	439100
2016-12-28	31.25	30.75	31.25	31.25	954600
2016-12-29	31.5	31.0	31.5	31.25	228500
2016-12-30	31.5	31.5	32.25	31.75	1577600
2017-01-04	31.75	31.75	32.5	32.25	620500
2017-01-05	32.0	31.75	32.25	32.0	559200
2017-01-06	32.25	31.5	32.25	31.5	1059200
2017-01-09	31.75	31.25	32.0	31.5	1071200
2017-01-10	31.5	31.5	32.0	31.5	502500
2017-01-11	31.75	31.75	33.75	33.75	3756200
2017-01-12	34.25	33.0	34.5	33.25	4442000
2017-01-13	33.5	32.75	33.5	33.0	685600
2017-01-16	33.0	32.75	33.75	33.0	412100
2017-01-17	33.0	32.75	33.75	32.75	1052200
2017-01-18	33.0	31.0	33.0	31.0	4081700
2017-01-19	31.25	30.5	31.25	30.75	1098800
2017-01-20	30.75	30.75	31.5	31.0	941800
2017-01-23	31.25	31.0	31.75	31.25	275800
2017-01-24	31.5	30.75	31.75	31.0	996700
2017-01-25	31.0	30.5	31.0	30.5	472600
2017-01-26	30.5	29.25	31.0	29.5	1769400
2017-01-27	29.5	28.0	29.5	28.25	2378700
2017-01-30	28.5	28.5	29.5	28.75	2087800
2017-01-31	29.0	28.25	29.75	28.25	2675700
2017-02-01	28.5	27.75	28.5	27.75	808900
2017-02-02	28.25	27.75	28.5	27.75	305700
2017-02-03	28.0	26.25	28.0	26.75	2072500
2017-02-06	27.25	27.25	28.5	28.25	3318200
2017-02-07	28.5	27.75	29.0	28.0	2504400
2017-02-08	28.0	27.0	28.0	27.0	1484300
2017-02-09	27.5	27.5	28.0	27.75	535300
2017-02-10	28.0	27.5	28.0	27.75	233400
2017-02-14	27.75	27.25	27.75	27.25	291900
2017-02-15	27.25	27.25	28.0	27.25	767500
2017-02-16	27.5	26.75	27.5	26.75	713000
2017-02-17	27.0	26.0	27.0	26.25	1475600
2017-02-20	26.75	26.25	27.0	26.75	533600
2017-02-21	26.75	26.5	27.5	26.75	1086400
2017-02-22	26.75	26.75	27.5	27.5	694500
2017-02-23	27.5	27.25	27.75	27.25	733000
2017-02-24	27.25	27.25	28.75	28.5	1224100
2017-02-27	28.75	27.25	28.75	27.5	1166800
2017-02-28	28.0	28.0	28.5	28.0	688000
2017-03-01	28.0	27.25	28.25	27.25	586800
2017-03-02	27.5	27.25	27.75	27.5	336000
2017-03-03	27.5	27.25	27.75	27.25	216500
2017-03-06	27.25	27.25	28.0	27.25	341200
2017-03-07	27.5	27.25	28.25	27.75	783000
2017-03-08	27.75	27.0	28.0	27.5	604900
2017-03-09	27.5	27.25	27.75	27.25	203600
2017-03-10	27.5	27.0	27.5	27.0	152400
2017-03-13	27.0	26.75	27.25	26.75	330700
2017-03-14	26.75	26.75	28.0	28.0	632300
2017-03-15	28.0	27.25	28.25	27.75	783100
2017-03-16	27.75	27.75	29.75	29.5	3834200
2017-03-17	29.75	29.0	30.0	29.0	2452200
2017-03-20	29.25	29.25	30.0	29.75	1867100
2017-03-21	29.75	28.25	29.75	28.75	1865600
2017-03-22	28.5	28.25	28.75	28.75	450800
2017-03-23	29.0	28.25	29.0	28.25	661400
2017-03-24	28.5	28.5	28.75	28.75	225700
2017-03-27	28.75	28.5	28.75	28.75	302200
2017-03-28	28.75	28.75	29.25	29.25	745600
2017-03-29	29.25	28.25	29.25	28.25	797600
2017-03-30	28.0	26.75	28.0	27.25	3049700
2017-03-31	27.25	26.25	27.25	26.5	2904300
2017-04-03	26.5	25.5	26.75	25.75	3205700
2017-04-04	25.75	25.0	26.0	25.5	2620300
2017-04-05	25.5	25.5	26.25	25.75	1262000
2017-04-07	26.0	25.75	27.0	26.75	2319200
2017-04-10	27.0	26.25	27.25	26.25	1470600
2017-04-11	26.25	26.0	26.5	26.25	484100
2017-04-12	26.25	26.0	26.5	26.25	281800
2017-04-17	26.25	25.75	26.5	25.75	436200
2017-04-18	26.0	26.0	26.5	26.0	340600
2017-04-19	26.25	26.0	26.5	26.25	329600
2017-04-20	26.25	25.25	26.5	25.75	774100
2017-04-21	25.75	25.75	26.0	26.0	232300
2017-04-24	26.0	24.9	26.0	25.0	1865500
2017-04-25	25.0	24.6	25.25	24.6	527400
2017-04-26	24.6	24.6	25.25	24.9	269100
2017-04-27	24.8	24.8	25.0	25.0	211300
2017-04-28	25.25	25.0	25.25	25.0	66600
2017-05-02	25.0	25.0	25.5	25.25	213300
2017-05-03	25.25	24.9	25.5	25.0	446900
2017-05-04	24.5	24.5	24.9	24.8	199600
2017-05-05	24.8	24.8	25.25	25.0	189100
2017-05-08	25.0	24.9	25.5	25.0	387500
2017-05-09	25.25	24.8	25.25	24.9	208600
2017-05-11	25.0	24.2	25.0	24.2	345600
2017-05-12	23.3	22.1	23.3	22.3	1554600
2017-05-15	22.4	21.7	22.4	22.1	1130600
2017-05-16	22.1	21.9	22.9	22.8	404600
2017-05-17	22.8	22.5	23.3	22.7	950700
2017-05-18	22.7	22.6	23.0	22.9	114800
2017-05-19	23.2	23.0	23.5	23.4	256800
2017-05-22	23.6	23.5	24.9	24.8	1216600
2017-05-23	24.8	24.1	24.8	24.1	643500
2017-05-24	24.1	24.1	24.4	24.3	231900
2017-05-25	24.3	24.3	24.6	24.4	105300
2017-05-26	24.5	24.2	24.6	24.2	144800
2017-05-29	24.2	24.1	25.0	24.5	1690700
2017-05-30	24.6	24.3	24.9	24.5	799900
2017-05-31	24.4	24.2	24.5	24.5	188700
2017-06-01	24.3	24.3	24.5	24.5	204000
2017-06-02	24.7	24.5	25.0	24.8	392200
2017-06-05	24.9	24.7	25.0	24.8	228600
2017-06-06	24.9	24.7	26.0	26.0	1146000
2017-06-07	26.0	25.5	26.0	25.5	736100
2017-06-08	25.5	25.25	25.75	25.75	318000
2017-06-09	25.75	25.25	25.75	25.75	503000
2017-06-12	25.5	25.5	25.5	25.5	159600
2017-06-13	25.5	25.25	25.75	25.5	63600
2017-06-14	25.5	25.25	25.5	25.5	99200
2017-06-15	25.5	25.25	25.5	25.25	60900
2017-06-16	25.25	25.25	25.25	25.25	147300
2017-06-19	25.25	25.0	25.25	25.25	214600
2017-06-20	25.25	25.0	25.25	25.25	114200
2017-06-21	25.0	24.9	25.25	24.9	144800
2017-06-22	24.9	24.4	24.9	24.6	817600
2017-06-23	24.6	24.3	24.6	24.5	96500
2017-06-26	24.5	24.4	25.25	24.9	378600
2017-06-27	25.0	24.6	25.5	24.6	287600
2017-06-28	24.6	24.6	25.25	24.8	225200
2017-06-29	24.8	24.6	24.9	24.8	71600
2017-06-30	24.8	24.3	24.8	24.5	256600
2017-07-03	24.3	24.3	24.7	24.7	58100
2017-07-04	24.6	24.6	25.5	25.0	464800
2017-07-05	25.0	25.0	27.25	26.5	5173400
2017-07-06	26.75	26.0	26.75	26.25	1520300
2017-07-07	26.25	25.75	26.5	26.0	827100
2017-07-11	26.0	25.0	26.0	25.75	822900
2017-07-12	25.25	25.0	25.75	25.75	258500
2017-07-13	26.0	25.5	26.0	25.5	191600
2017-07-14	25.5	25.25	25.5	25.25	227900
2017-07-17	25.25	25.0	25.25	25.25	89300
2017-07-18	25.0	24.7	25.25	24.8	206800
2017-07-19	24.8	24.2	24.8	24.4	625900
2017-07-20	24.4	24.2	24.5	24.3	162000
2017-07-21	24.3	24.3	24.6	24.3	362100
2017-07-24	24.2	24.2	24.4	24.3	282400
2017-07-25	24.3	24.3	24.8	24.7	318800
2017-07-26	24.9	24.7	24.9	24.7	204700
2017-07-27	24.9	24.6	24.9	24.6	120600
2017-07-31	24.5	24.2	24.7	24.4	195200
2017-08-01	24.1	24.1	24.4	24.2	247900
2017-08-02	24.2	24.2	24.7	24.5	226200
2017-08-03	24.5	24.4	24.7	24.5	80000
2017-08-04	24.4	24.3	24.6	24.4	106000
2017-08-07	24.3	24.1	24.4	24.2	258900
2017-08-08	24.3	24.2	24.3	24.2	106500
2017-08-09	24.2	24.2	24.5	24.4	92800
2017-08-10	24.6	24.3	24.6	24.4	26800
2017-08-11	24.4	24.1	24.4	24.3	161900
2017-08-15	24.3	24.2	25.25	24.5	1488900
2017-08-16	24.6	24.2	24.6	24.2	397900
2017-08-17	24.2	24.2	24.4	24.3	86100
2017-08-18	24.4	24.3	24.4	24.4	61200
2017-08-21	24.3	24.3	24.6	24.5	72700
2017-08-22	24.5	24.4	24.6	24.5	97800
2017-08-23	24.4	24.2	24.4	24.2	156700
2017-08-24	24.3	24.0	24.3	24.2	92900
2017-08-25	24.2	24.2	24.2	24.2	28000
2017-08-28	24.1	24.0	24.3	24.3	162500
2017-08-29	24.2	24.2	24.2	24.2	113200
2017-08-30	24.2	24.1	24.4	24.1	96200
2017-08-31	24.0	24.0	24.2	24.0	268200
2017-09-01	24.0	24.0	24.5	24.1	348800
2017-09-04	24.1	24.1	24.5	24.2	337200
2017-09-05	24.1	24.1	24.7	24.4	639700
2017-09-06	24.6	24.5	25.5	25.0	3241800
2017-09-07	25.25	25.0	26.5	26.5	3467700
2017-09-08	26.5	25.5	26.75	25.5	2854500
2017-09-11	25.75	25.5	26.25	25.75	809900
2017-09-12	26.0	26.0	28.25	28.25	7629900
2017-09-13	28.25	27.75	29.5	29.0	6422900
2017-09-14	29.0	28.75	29.5	29.25	1667200
2017-09-15	29.0	28.75	30.25	29.75	3453900
2017-09-18	30.0	29.25	30.0	29.25	832600
2017-09-19	29.5	28.5	29.5	28.75	741300
2017-09-20	28.5	27.5	28.5	28.25	958300
2017-09-21	28.25	28.25	29.25	28.75	2400000
2017-09-22	29.0	28.5	29.0	28.5	690400
2017-09-25	28.75	28.25	29.0	29.0	261600
2017-09-26	29.5	29.0	30.0	29.0	1397600
2017-09-27	29.0	28.75	29.5	29.0	368000
2017-09-28	29.0	28.25	29.0	28.5	549700
2017-09-29	28.5	28.5	28.75	28.75	196500
2017-10-02	29.0	28.5	29.25	28.75	420400
2017-10-03	29.0	28.5	29.25	28.75	377300
2017-10-04	28.5	28.5	30.25	30.0	4464200
2017-10-05	30.0	29.75	30.75	30.5	2986500
2017-10-06	30.75	29.25	30.75	29.5	1317800
2017-10-09	29.5	28.5	29.5	29.0	456000
2017-10-10	28.75	28.75	29.5	29.0	520900
2017-10-11	28.75	28.75	29.75	29.5	807700
2017-10-12	29.75	29.0	29.75	29.25	225800
2017-10-16	29.25	29.25	30.5	29.75	2019600
2017-10-17	30.0	29.25	30.0	29.5	487600
2017-10-18	29.75	29.25	29.75	29.5	488300
2017-10-19	29.0	28.75	29.75	28.75	1034400
2017-10-20	28.75	28.5	29.25	29.0	235100
2017-10-24	29.0	29.0	29.5	29.5	212900
2017-10-25	29.5	29.5	32.25	32.0	6472300
2017-10-27	32.5	32.0	33.5	32.5	4614600
2017-10-30	32.75	31.5	33.0	32.25	1542400
2017-10-31	32.5	32.25	33.75	33.0	3679900
2017-11-01	33.75	32.5	34.0	32.5	2267700
2017-11-02	32.75	32.25	33.0	32.25	719600
2017-11-03	32.25	31.0	32.5	31.5	2167000
2017-11-06	31.75	31.25	33.0	32.75	1719600
2017-11-07	32.75	31.25	33.0	31.25	1587000
2017-11-08	31.5	29.75	31.5	30.75	2632300
2017-11-09	31.0	30.75	32.5	32.5	1515300
2017-11-10	32.75	31.0	32.75	31.75	1119000
2017-11-13	31.0	30.5	31.5	30.75	734000
2017-11-14	30.75	30.25	31.25	30.5	774700
2017-11-15	30.5	30.25	30.75	30.5	315200
2017-11-16	30.5	28.75	30.5	28.75	1538900
2017-11-17	29.0	28.75	29.75	29.5	1511000
2017-11-20	29.25	29.0	30.5	30.0	683100
2017-11-21	29.75	29.25	30.5	29.25	798900
2017-11-22	29.25	29.25	30.0	29.75	415100
2017-11-23	29.75	28.25	29.75	28.5	723500
2017-11-24	28.75	27.0	29.0	27.25	2049600
2017-11-27	27.5	27.5	29.0	28.0	1168800
2017-11-28	28.5	27.5	28.75	27.75	826100
2017-11-29	27.75	27.0	28.25	27.75	764300
2017-11-30	27.75	25.0	27.75	25.25	3541300
2017-12-01	25.25	24.9	25.5	25.0	1725600
2017-12-04	25.0	24.7	25.5	25.0	1460500
2017-12-06	25.0	25.0	25.75	25.5	983000
2017-12-07	25.5	25.25	26.25	25.75	1577700
2017-12-08	25.5	25.25	25.75	25.25	193000
2017-12-12	25.5	24.9	26.0	25.25	497900
2017-12-13	25.0	25.0	25.75	25.25	327800
2017-12-14	25.5	25.0	25.5	25.25	144700
2017-12-15	25.25	25.0	25.75	25.5	461700
2017-12-18	25.5	25.25	26.0	25.5	542300
2017-12-19	25.75	25.5	26.25	25.75	1723800
2017-12-20	25.75	25.25	26.25	25.5	1021000
2017-12-21	25.5	25.25	25.75	25.5	324700
2017-12-22	25.5	25.25	25.75	25.75	274200
2017-12-25	25.75	25.75	26.0	25.75	308600
2017-12-26	26.0	25.75	26.75	26.5	1301800
2017-12-27	26.75	26.5	27.25	26.75	1019700
2017-12-28	27.0	26.25	27.0	26.75	349600
2017-12-29	26.75	26.25	27.0	27.0	246700
2018-01-03	26.5	26.5	27.0	26.75	276500
2018-01-04	26.75	26.0	26.75	26.5	285100
2018-01-05	27.75	26.25	28.0	26.75	7230700
2018-01-08	26.75	26.25	27.25	26.5	1395200
2018-01-09	26.75	26.25	27.0	26.75	725100
2018-01-10	27.0	26.5	27.25	26.75	671100
2018-01-11	27.0	26.25	27.0	26.25	508800
2018-01-12	26.5	26.0	26.5	26.0	880400
2018-01-15	26.25	25.75	26.25	25.75	878400
2018-01-16	26.0	25.5	26.25	25.75	391000
2018-01-17	26.25	26.25	28.5	28.5	6975600
2018-01-18	28.5	28.0	29.0	28.25	6347000
2018-01-19	28.0	27.5	28.25	28.25	1492200
2018-01-22	28.25	28.0	29.25	29.0	3461100
2018-01-23	29.25	28.5	29.25	28.75	1292500
2018-01-24	28.75	28.5	29.0	28.75	574400
2018-01-25	28.75	28.25	29.5	28.25	2512300
2018-01-26	28.25	27.75	28.5	28.25	779200
2018-01-29	28.0	28.0	28.75	28.0	376100
2018-01-30	28.5	28.0	29.25	29.25	2767400
2018-01-31	29.0	28.75	29.25	28.75	858900
2018-02-01	28.75	28.0	29.0	28.25	926600
2018-02-02	28.75	28.25	28.75	28.25	549800
2018-02-05	27.5	27.25	28.0	27.25	1232200
2018-02-06	26.0	26.0	27.0	26.75	2613800
2018-02-07	26.75	25.75	27.0	25.75	1635000
2018-02-08	26.0	26.0	26.75	26.0	1201600
2018-02-09	25.5	25.5	26.5	26.5	578500
2018-02-12	26.5	26.0	26.5	26.5	782200
2018-02-13	26.5	26.25	27.0	26.25	439500
2018-02-14	26.25	26.25	26.5	26.25	141500
2018-02-15	26.5	26.25	27.25	26.5	988700
2018-02-16	26.75	25.75	26.75	26.0	1236500
2018-02-19	26.25	26.0	26.5	26.0	444000
2018-02-20	26.0	25.5	26.25	25.5	751600
2018-02-21	25.5	24.8	26.25	24.9	1544600
2018-02-22	24.9	23.3	24.9	23.4	2884200
2018-02-23	23.5	23.5	24.4	24.1	1676900
2018-02-26	24.1	23.5	24.3	23.5	2011300
2018-02-27	23.8	23.4	24.3	23.8	1167300
2018-02-28	23.7	23.0	24.0	23.4	1103000
2018-03-02	23.5	23.2	24.0	23.3	831400
2018-03-05	23.3	23.3	23.6	23.3	435600
2018-03-06	23.3	22.4	23.6	22.7	1269800
2018-03-07	22.7	21.6	22.7	21.6	1638000
2018-03-08	21.6	21.5	22.5	22.0	1513400
2018-03-09	21.8	21.0	22.0	21.3	2016500
2018-03-12	21.6	21.3	22.3	22.2	1093700
2018-03-13	22.4	22.3	23.4	23.2	1805600
2018-03-14	23.1	22.9	23.3	23.1	475300
2018-03-15	23.1	23.1	23.7	23.4	831400
2018-03-16	23.5	23.4	24.1	23.7	1292400
2018-03-19	24.0	23.7	24.1	23.8	410000
2018-03-20	23.8	23.7	24.0	23.9	580400
2018-03-21	24.0	23.7	24.1	23.7	446600
2018-03-22	23.8	23.7	24.4	24.1	1100100
2018-03-23	23.8	23.8	24.5	24.3	1051900
2018-03-26	24.2	24.0	24.3	24.1	1010900
2018-03-27	24.1	23.9	24.2	24.0	423000
2018-03-28	24.1	23.8	24.3	23.8	844200
2018-03-29	23.9	23.4	24.1	23.5	486500
2018-03-30	23.9	23.2	23.9	23.6	415800
2018-04-02	23.3	23.3	23.7	23.7	217200
2018-04-03	23.6	23.5	23.7	23.7	207200
2018-04-04	23.5	23.4	23.8	23.6	512200
2018-04-05	23.5	23.2	23.6	23.5	501900
2018-04-09	23.3	23.1	23.6	23.4	1138600
2018-04-10	23.3	22.9	23.4	22.9	936300
2018-04-11	22.9	22.6	23.0	22.7	414300
2018-04-12	22.5	22.5	22.8	22.7	246700
2018-04-17	22.5	22.5	22.7	22.5	476900
2018-04-18	22.6	22.5	22.8	22.8	441600
2018-04-19	22.9	22.6	22.9	22.6	852000
2018-04-20	22.6	22.5	22.8	22.6	184200
2018-04-23	22.6	22.6	24.3	24.1	1296700
2018-04-24	23.8	23.4	24.1	23.7	449300
2018-04-25	23.6	23.2	23.7	23.5	453400
2018-04-26	23.4	23.4	24.3	23.8	1698800
2018-04-27	23.8	23.5	23.9	23.7	291000
2018-04-30	23.8	23.8	24.6	24.5	1200400
2018-05-02	24.5	24.0	24.7	24.2	1039800
2018-05-03	24.2	23.5	24.2	23.7	539100
2018-05-04	23.8	23.8	24.1	24.0	455900
2018-05-07	23.9	23.8	24.4	24.1	736100
2018-05-08	24.2	24.0	24.4	24.1	299800
2018-05-09	24.2	23.9	24.2	24.0	287300
2018-05-10	24.1	24.0	25.0	24.3	2822200
2018-05-11	24.5	23.9	24.5	24.0	859500
2018-05-14	24.1	23.9	24.4	24.2	527600
2018-05-15	26.0	25.5	26.75	26.0	4462900
2018-05-16	26.0	25.75	26.5	25.75	931300
2018-05-17	25.75	25.75	26.25	26.0	660400
2018-05-18	26.0	26.0	28.5	27.5	4531200
2018-05-21	28.0	27.75	28.5	28.0	1125200
2018-05-22	27.75	27.0	28.0	27.5	1015900
2018-05-23	27.5	27.5	28.5	27.75	1695400
2018-05-24	27.75	26.75	28.0	27.5	1409500
2018-05-25	27.75	27.5	27.75	27.75	327300
2018-05-28	27.75	27.5	28.5	28.25	904200
2018-05-30	28.0	27.75	29.5	29.0	3250600
2018-05-31	28.75	28.25	29.25	29.0	967600
2018-06-01	29.0	28.75	29.25	28.75	709600
2018-06-04	29.0	27.5	29.0	27.75	897300
2018-06-05	27.75	27.5	28.25	27.5	653900
2018-06-06	27.75	27.75	29.0	28.5	1320800
2018-06-07	28.5	28.0	29.25	28.5	1120400
2018-06-08	28.5	28.25	29.0	28.75	762600
2018-06-11	28.5	28.0	28.5	28.0	1200300
2018-06-12	28.0	27.75	28.25	27.75	526500
2018-06-13	27.75	27.75	28.0	27.75	222500
2018-06-14	28.0	27.5	28.0	27.75	310800
2018-06-15	27.75	27.5	28.25	27.75	531500
2018-06-18	27.75	26.0	27.75	26.25	1211500
2018-06-19	26.0	25.5	26.25	26.0	1235800
2018-06-20	26.0	26.0	27.0	27.0	754000
2018-06-21	27.0	26.0	27.0	26.5	416400
2018-06-22	26.5	26.25	27.25	26.75	755200
2018-06-25	26.75	26.25	27.25	26.75	636900
2018-06-26	26.5	26.0	26.75	26.5	395100
2018-06-27	26.5	25.75	27.0	26.0	491600
2018-06-28	26.25	25.75	26.25	25.75	445600
2018-06-29	25.75	24.2	26.0	24.4	1360800
2018-07-02	24.3	24.3	25.5	25.25	985400
2018-07-03	25.5	25.25	26.75	26.75	659200
2018-07-04	26.75	25.75	26.75	26.25	360100
2018-07-05	26.0	24.8	26.25	25.25	501900
2018-07-06	25.0	25.0	25.75	25.75	260900
2018-07-09	25.75	25.0	26.0	25.25	430000
2018-07-10	25.5	25.25	26.25	25.75	307400
2018-07-11	25.75	25.25	26.25	25.25	335500
2018-07-12	25.25	24.9	25.75	25.25	419900
2018-07-13	25.5	25.25	26.0	25.25	232900
2018-07-16	25.5	25.0	25.5	25.25	279100
2018-07-17	25.0	24.1	25.25	24.5	893600
2018-07-18	24.6	24.6	25.25	24.6	445400
2018-07-19	24.6	24.2	25.25	24.7	559800
2018-07-20	24.7	24.6	26.25	25.75	1282700
2018-07-23	25.75	25.25	26.0	25.5	511400
2018-07-24	26.0	25.75	27.5	26.75	3939600
2018-07-25	26.5	26.25	27.0	26.25	1748600
2018-07-26	26.0	25.0	26.25	25.5	2286100
2018-07-31	25.5	25.5	26.5	25.75	868800
2018-08-01	25.75	25.5	26.0	26.0	749500
2018-08-02	25.75	25.75	26.0	26.0	276400
2018-08-03	26.25	25.75	26.75	26.0	966000
2018-08-06	26.0	25.25	26.25	25.5	596300
2018-08-07	25.25	25.0	25.5	25.25	526400
2018-08-08	25.75	25.0	25.75	25.5	330300
2018-08-09	25.5	25.25	25.75	25.5	151200
2018-08-10	25.25	24.5	25.25	25.0	1025900
2018-08-14	24.9	24.7	25.25	25.25	211900
2018-08-15	22.8	22.8	24.0	23.3	2267900
2018-08-16	23.1	23.0	23.5	23.4	217600
2018-08-17	23.3	23.3	23.7	23.4	287300
2018-08-20	23.4	23.3	23.7	23.5	138900
2018-08-21	23.4	23.3	23.5	23.3	366700
2018-08-22	23.3	23.3	23.5	23.3	96700
2018-08-23	23.3	23.1	23.4	23.2	484300
2018-08-24	23.2	23.1	23.8	23.2	564100
2018-08-27	23.2	23.1	23.3	23.3	234300
2018-08-28	23.3	23.2	23.6	23.2	422000
2018-08-29	23.3	23.1	23.7	23.2	636000
2018-08-30	23.2	23.2	23.4	23.4	159100
2018-08-31	23.2	23.2	23.4	23.2	142200
2018-09-03	23.2	23.1	23.4	23.2	188600
2018-09-04	23.2	23.1	23.8	23.5	835000
2018-09-05	23.5	23.4	23.6	23.6	603800
2018-09-06	23.5	23.5	23.8	23.8	472500
2018-09-07	23.6	23.6	23.7	23.7	247300
2018-09-10	23.6	23.3	23.6	23.4	226600
2018-09-11	23.2	23.0	23.4	23.2	704800
2018-09-12	23.1	22.9	23.1	22.9	236700
2018-09-13	23.0	23.0	23.3	23.1	184800
2018-09-14	23.2	23.0	23.2	23.0	450200
2018-09-17	23.0	22.9	23.2	23.0	243900
2018-09-18	23.0	22.9	23.3	23.2	240200
2018-09-19	23.2	23.0	23.3	23.2	432700
2018-09-20	23.3	23.1	23.8	23.5	1215800
2018-09-21	23.5	23.5	24.7	24.2	1800100
2018-09-24	24.3	23.8	24.4	24.0	467700
2018-09-25	24.1	23.8	24.4	24.1	285000
2018-09-26	24.2	24.0	24.6	24.0	540500
2018-09-27	24.0	23.9	24.2	24.0	311200
2018-09-28	24.0	24.0	24.5	24.1	812700
2018-10-01	24.3	24.3	24.7	24.6	821800
2018-10-02	24.5	24.3	24.7	24.3	347400
2018-10-03	24.5	24.1	24.5	24.1	236700
2018-10-04	24.0	23.6	24.3	24.3	333900
2018-10-05	24.0	23.7	24.1	23.9	198400
2018-10-08	23.9	23.2	23.9	23.4	349300
2018-10-09	23.4	23.2	23.6	23.6	175800
2018-10-10	23.4	23.4	24.0	23.8	223300
2018-10-11	23.0	23.0	23.3	23.2	204100
2018-10-12	23.1	23.0	23.5	23.4	168500
2018-10-16	23.1	23.0	23.4	23.4	88500
2018-10-17	23.2	23.2	24.1	23.7	3442100
2018-10-18	23.7	23.1	23.7	23.1	336400
2018-10-19	23.0	22.3	23.0	22.3	586700
2018-10-22	22.1	21.8	22.4	21.8	170900
2018-10-24	21.8	21.0	21.8	21.1	562200
2018-10-25	20.7	20.2	21.0	21.0	652300
2018-10-26	21.1	20.6	21.1	20.8	92700
2018-10-29	20.8	20.6	21.1	20.8	145100
2018-10-30	21.0	20.8	21.0	20.8	137800
2018-10-31	21.1	20.9	21.3	21.3	288500
2018-11-01	21.4	21.0	21.7	21.4	320600
2018-11-02	21.5	21.0	21.6	21.3	246500
2018-11-05	21.3	21.0	21.6	21.3	246600
2018-11-06	21.4	21.0	21.4	21.0	81000
2018-11-07	21.4	20.8	21.4	21.2	184400
2018-11-08	21.2	21.0	21.2	21.0	156800
2018-11-09	21.0	20.9	21.1	21.0	102200
2018-11-12	21.0	20.2	21.0	20.6	238200
2018-11-13	19.8	18.1	19.8	18.2	2989500
2018-11-14	18.2	16.7	18.2	16.8	2222900
2018-11-15	16.8	16.8	17.4	17.1	788400
2018-11-16	17.3	17.3	18.3	18.0	943100
2018-11-19	17.8	17.2	18.0	17.7	331600
2018-11-20	17.4	17.1	17.4	17.3	399100
2018-11-21	17.2	16.8	17.2	17.1	173000
2018-11-22	17.3	17.1	17.8	17.1	214800
2018-11-23	17.1	17.1	17.4	17.3	67800
2018-11-26	17.3	17.1	17.3	17.3	110700
2018-11-27	17.5	17.4	17.8	17.5	285200
2018-11-28	17.6	17.6	18.1	17.8	285700
2018-11-29	18.1	17.7	18.1	17.7	88700
2018-11-30	17.6	17.6	18.0	18.0	69900
2018-12-03	18.1	17.5	18.1	17.9	96200
2018-12-04	17.7	17.7	18.0	17.9	43700
2018-12-06	17.7	17.7	17.9	17.9	40200
2018-12-07	17.7	17.5	17.9	17.8	50300
2018-12-11	17.5	16.9	17.5	17.0	812800
2018-12-12	17.0	16.7	17.2	16.8	350600
2018-12-13	16.9	16.4	16.9	16.4	350000
2018-12-14	16.3	15.7	16.4	16.0	784000
2018-12-17	16.1	15.3	16.2	15.6	516100
2018-12-18	15.9	15.0	15.9	15.3	419500
2018-12-19	15.3	15.0	15.6	15.6	525700
2018-12-20	15.5	14.7	15.5	15.1	802800
2018-12-21	15.1	14.7	15.1	14.7	415300
2018-12-24	14.7	13.8	14.7	14.1	1413200
2018-12-25	13.9	13.5	13.9	13.9	1305100
2018-12-26	13.8	13.7	14.0	13.8	297300
2018-12-27	14.2	13.8	14.2	14.0	362200
2018-12-28	13.8	13.6	13.9	13.7	176600
2019-01-02	13.6	13.6	14.2	14.0	183100
2019-01-03	14.0	14.0	14.1	14.0	64500
2019-01-04	13.9	13.8	14.2	14.2	90600
2019-01-07	14.3	14.2	14.8	14.8	566100
2019-01-08	14.9	14.7	15.1	14.9	137700
2019-01-09	15.1	14.8	15.2	14.9	193600
2019-01-10	14.9	14.8	15.0	14.8	159100
2019-01-11	14.7	14.6	14.9	14.9	254400
2019-01-14	14.7	14.7	15.0	15.0	84700
2019-01-15	14.9	14.9	15.1	15.0	187700
2019-01-16	15.1	15.0	15.7	15.1	547600
2019-01-17	15.2	15.2	15.7	15.4	386500
2019-01-18	15.5	15.5	15.9	15.6	334300
2019-01-21	15.8	15.6	16.1	15.8	427500
2019-01-22	15.8	15.8	16.1	16.0	375500
2019-01-23	16.0	15.8	16.3	16.1	400100
2019-01-24	16.3	16.2	16.5	16.3	520900
2019-01-25	16.3	16.3	17.0	16.6	651800
2019-01-28	16.7	16.6	17.2	16.9	670200
2019-01-29	17.0	16.9	17.6	17.5	256600
2019-01-30	17.8	17.8	19.0	18.8	1492900
2019-01-31	18.9	17.6	18.9	17.7	1740400
2019-02-01	17.7	17.6	18.1	17.7	533900
2019-02-04	17.9	17.8	18.1	17.8	464100
2019-02-05	17.8	17.6	18.0	17.8	311900
2019-02-06	17.8	17.6	17.9	17.8	348000
2019-02-07	17.9	17.8	18.0	17.8	272300
2019-02-08	17.6	17.3	17.7	17.5	152000
2019-02-11	17.6	17.3	17.9	17.8	313700
2019-02-12	17.9	17.7	18.0	17.8	400700
2019-02-13	18.0	17.7	18.0	18.0	281100
2019-02-14	17.8	17.7	18.0	17.7	85800
2019-02-15	17.9	17.2	17.9	17.5	442800
2019-02-18	17.7	17.4	17.7	17.5	32400
2019-02-20	17.5	17.4	17.6	17.5	22400
2019-02-21	17.4	17.2	17.5	17.4	164800
2019-02-22	17.5	17.1	17.5	17.3	113300
2019-02-25	17.2	17.0	17.4	17.0	82800
2019-02-26	17.0	16.7	17.1	16.8	164900
2019-02-27	16.9	16.5	16.9	16.7	350800
2019-02-28	16.6	16.5	16.8	16.6	88900
2019-03-01	16.4	16.2	16.7	16.3	203400
2019-03-04	16.3	16.2	16.7	16.3	68600
2019-03-05	16.2	16.2	16.8	16.8	71900
2019-03-06	16.6	16.4	16.8	16.6	74500
2019-03-07	16.5	16.3	16.8	16.8	140800
2019-03-08	16.7	16.4	16.7	16.7	92900
2019-03-11	16.7	16.5	16.7	16.7	57200
2019-03-12	16.8	16.8	17.9	17.6	888500
2019-03-13	17.8	17.7	18.8	18.4	2748600
2019-03-14	18.5	18.2	18.6	18.5	605000
2019-03-15	18.6	18.6	19.5	19.5	2527900
2019-03-18	19.4	18.9	19.4	19.1	1042100
2019-03-19	19.3	19.2	19.7	19.2	1102100
2019-03-20	19.3	19.0	19.4	19.2	328400
2019-03-21	19.3	19.1	19.3	19.1	227900
2019-03-22	19.2	19.0	19.2	19.0	179600
2019-03-25	18.5	18.3	18.8	18.7	797800
2019-03-26	18.6	18.6	19.2	19.0	347500
2019-03-27	19.0	18.8	19.0	19.0	104600
2019-03-28	19.1	18.6	19.1	18.8	121500
2019-03-29	18.8	18.5	18.8	18.6	313700
2019-04-01	18.8	18.8	19.0	18.8	261600
2019-04-02	18.9	18.8	19.4	19.2	2145500
2019-04-03	19.4	19.1	19.5	19.5	909100
2019-04-04	19.6	18.9	19.6	18.9	489800
2019-04-05	19.1	18.9	19.1	19.0	137600
2019-04-09	19.0	18.9	19.1	19.0	118000
2019-04-10	19.0	19.0	19.5	19.0	507600
2019-04-11	19.1	18.9	19.2	19.0	197300
2019-04-12	19.1	19.0	19.2	19.2	40800
2019-04-17	19.2	19.2	19.7	19.5	375600
2019-04-18	19.6	19.6	20.4	19.8	1866700
2019-04-19	19.8	19.5	20.0	19.6	544400
2019-04-22	19.7	19.3	19.8	19.3	530600
2019-04-23	19.3	19.3	19.5	19.4	125000
2019-04-24	19.4	19.2	19.4	19.3	101100
2019-04-25	19.3	19.0	19.3	19.1	108900
2019-04-26	19.3	19.2	19.4	19.2	176700
2019-04-29	18.6	18.3	18.8	18.7	336100
2019-04-30	18.7	18.6	19.0	18.6	56300
2019-05-02	18.7	18.5	18.8	18.7	117700
2019-05-03	18.6	18.5	18.8	18.5	228200
2019-05-07	18.5	18.3	18.7	18.4	424800
2019-05-08	18.2	18.2	18.5	18.3	142100
2019-05-09	18.2	18.2	18.5	18.2	73700
2019-05-10	18.1	17.8	18.4	18.2	215100
2019-05-13	18.1	18.0	18.3	18.2	137800
2019-05-14	18.0	18.0	18.3	18.3	204600
2019-05-15	18.3	18.3	19.4	19.0	1003800
2019-05-16	19.0	18.4	19.0	18.5	677000
2019-05-17	18.6	18.3	18.8	18.4	212000
2019-05-21	18.2	18.0	18.4	18.2	144200
2019-05-22	18.2	18.1	18.6	18.5	244700
2019-05-23	18.7	18.5	18.7	18.5	76700
2019-05-24	18.6	18.4	18.6	18.6	48400
2019-05-27	18.5	18.3	18.6	18.5	183100
2019-05-28	18.7	18.5	18.7	18.5	78000
2019-05-29	18.4	18.3	18.5	18.5	6100
2019-05-30	18.5	18.3	18.5	18.3	12500
2019-05-31	18.3	18.1	18.3	18.2	24600
2019-06-04	18.1	18.1	18.3	18.3	113700
2019-06-05	18.4	18.3	18.8	18.6	150500
2019-06-06	18.4	18.4	19.2	19.0	646200
2019-06-07	19.3	19.0	19.7	19.2	983800
2019-06-10	19.5	19.1	19.5	19.1	167300
2019-06-11	19.1	18.9	19.2	19.0	152700
2019-06-12	19.0	18.8	19.1	18.8	74500
2019-06-13	18.9	18.9	19.5	19.4	312700
2019-06-14	19.6	19.4	19.9	19.8	1062000
2019-06-17	19.8	19.7	20.0	19.9	378300
2019-06-18	19.9	19.8	20.1	19.8	552400
2019-06-19	20.0	19.1	20.0	19.5	855400
2019-06-20	19.4	19.4	19.9	19.9	234200
2019-06-21	19.9	19.5	19.9	19.6	128700
2019-06-24	20.1	19.8	20.7	20.7	3717500
2019-06-25	21.0	21.0	22.2	22.1	4738100
2019-06-26	22.2	21.9	22.3	22.1	879400
2019-06-27	22.3	22.0	23.1	23.1	2063800
2019-06-28	22.8	22.7	23.1	23.1	982600
2019-07-01	23.2	23.2	23.6	23.6	843200
2019-07-02	23.6	22.8	23.6	22.8	791100
2019-07-03	22.7	22.2	22.7	22.6	636600
2019-07-04	22.7	22.3	22.9	22.3	359100
2019-07-05	22.4	22.2	22.5	22.3	121600
2019-07-08	22.1	21.6	22.2	22.2	538800
2019-07-09	22.3	22.3	23.5	23.1	633000
2019-07-10	23.2	23.2	23.6	23.3	864100
2019-07-11	23.3	22.6	23.4	22.6	307900
2019-07-12	22.6	22.0	22.6	22.3	381400
2019-07-15	22.3	21.2	22.3	21.2	526400
2019-07-17	21.1	20.2	21.1	20.5	674900
2019-07-18	20.3	20.3	20.7	20.5	781800
2019-07-19	20.7	20.6	21.2	20.9	1092800
2019-07-22	21.5	20.9	21.6	21.0	1782600
2019-07-23	21.0	20.1	21.0	20.5	840500
2019-07-24	20.7	20.6	22.4	22.2	3735300
2019-07-25	22.7	22.5	23.4	23.0	3677500
2019-07-26	22.9	22.5	23.2	23.0	1239700
2019-07-30	23.1	22.7	23.1	22.9	770600
2019-07-31	22.6	22.1	22.8	22.8	956200
2019-08-01	22.6	22.4	22.9	22.4	460000
2019-08-02	22.5	21.7	22.5	22.2	377000
2019-08-05	21.9	21.4	22.0	21.4	197300
2019-08-06	21.0	20.7	21.2	21.1	667400
2019-08-07	21.3	21.3	22.3	22.0	1176800
2019-08-08	21.8	21.7	22.4	22.2	558800
2019-08-09	22.2	21.1	22.2	21.4	269100
2019-08-13	21.7	20.9	21.7	20.9	190500
2019-08-14	21.1	20.9	21.5	21.4	320500
2019-08-15	21.4	21.2	22.5	22.4	1659100
2019-08-16	22.8	22.3	22.8	22.7	355100
2019-08-19	22.8	22.4	22.9	22.8	572100
2019-08-20	23.0	22.5	23.3	22.5	579800
2019-08-21	22.4	22.4	23.0	22.9	625200
2019-08-22	22.8	22.5	22.9	22.5	247200
2019-08-23	22.6	22.5	22.8	22.5	488800
2019-08-26	22.2	21.7	22.2	22.0	172300
2019-08-27	21.9	21.9	22.3	22.2	195500
2019-08-28	22.3	22.1	22.4	22.4	433200
2019-08-29	22.3	22.0	22.4	22.3	156800
2019-08-30	22.4	22.0	22.7	22.7	571700
2019-09-02	22.9	22.8	24.2	24.1	5295100
2019-09-03	24.1	24.0	24.7	24.4	2590600
2019-09-04	24.5	24.1	25.0	25.0	1560700
2019-09-05	25.25	24.9	25.25	25.25	831000
2019-09-06	25.25	25.0	25.75	25.75	1596600
2019-09-09	26.0	24.3	26.0	24.4	1531400
2019-09-10	24.2	23.8	24.8	24.8	544400
2019-09-11	25.0	24.2	25.0	24.2	496900
2019-09-12	24.6	24.5	25.5	25.5	1429800
2019-09-13	25.25	24.8	25.75	25.5	1675200
2019-09-16	25.25	24.4	25.25	24.5	574100
2019-09-17	24.7	24.3	25.5	25.0	898300
2019-09-18	25.0	24.9	25.5	24.9	183000
2019-09-19	24.9	24.5	25.0	24.5	356800
2019-09-20	24.5	24.3	24.6	24.5	322600
2019-09-23	24.4	24.4	25.25	24.6	433700
2019-09-24	24.7	24.5	24.7	24.7	116000
2019-09-25	25.0	24.2	25.0	24.3	216100
2019-09-26	24.4	23.3	24.4	23.5	612400
2019-09-27	23.3	23.1	23.9	23.7	578900
2019-09-30	23.9	23.8	24.4	23.9	382400
2019-10-01	24.0	23.5	24.2	23.8	501200
2019-10-02	23.5	23.4	23.8	23.5	157700
2019-10-03	23.5	23.4	23.7	23.5	125300
2019-10-04	23.5	23.2	23.7	23.2	151700
2019-10-07	22.7	22.4	23.0	23.0	453800
2019-10-08	22.9	22.9	23.4	23.1	211100
2019-10-09	23.1	23.0	23.5	23.5	140000
2019-10-10	23.5	23.5	25.25	24.9	1050200
2019-10-11	24.9	24.2	24.9	24.5	314100
2019-10-15	24.2	24.2	24.7	24.7	96400
2019-10-16	24.9	24.2	24.9	24.5	825200
2019-10-17	24.5	24.5	25.5	25.25	1068700
2019-10-18	25.5	24.8	26.75	26.75	2368700
2019-10-21	26.75	26.5	27.25	27.25	1758200
2019-10-22	27.25	26.0	27.5	27.25	1052200
2019-10-24	27.25	26.0	27.25	26.5	851500
2019-10-25	26.0	24.0	26.0	24.7	1193500
2019-10-28	24.7	24.0	24.7	24.7	550400
2019-10-29	24.9	24.0	24.9	24.7	856300
2019-10-30	24.7	23.8	24.7	24.2	814500
2019-10-31	24.2	23.5	24.3	23.6	369800
2019-11-01	23.6	23.6	24.0	23.9	299600
2019-11-04	24.1	23.6	24.4	24.2	170000
2019-11-05	24.1	23.8	24.4	24.0	750300
2019-11-06	24.3	23.8	24.3	24.0	269300
2019-11-07	24.3	23.7	24.4	24.1	316400
2019-11-08	24.1	23.6	24.1	23.6	109200
2019-11-11	23.7	22.9	23.8	23.6	581500
2019-11-12	23.3	23.0	23.9	23.8	434100
2019-11-13	24.6	23.5	24.6	23.5	826100
2019-11-14	23.5	22.6	23.5	22.8	290000
2019-11-15	23.0	22.9	23.2	23.0	692700
2019-11-18	23.1	22.1	23.1	22.5	418300
2019-11-19	22.4	22.2	22.9	22.5	744300
2019-11-20	22.6	21.9	22.7	22.0	1359500
2019-11-21	21.9	21.9	22.6	22.3	1112700
2019-11-22	22.4	22.1	22.7	22.5	350300
2019-11-25	22.5	22.0	22.5	22.3	390000
2019-11-26	22.4	21.9	22.5	22.4	971900
2019-11-27	22.5	22.5	22.7	22.5	235500
2019-11-28	22.5	22.5	23.0	22.7	206300
2019-11-29	22.7	22.2	22.7	22.3	310500
2019-12-02	22.3	22.2	22.8	22.4	237200
2019-12-03	22.4	22.2	22.4	22.2	212700
2019-12-04	22.1	21.9	22.3	21.9	101400
2019-12-06	21.9	21.6	22.2	21.6	158800
2019-12-09	21.3	20.6	21.3	20.8	578000
2019-12-11	20.8	20.1	21.0	20.2	294900
2019-12-12	20.2	20.2	20.7	20.4	307000
2019-12-13	20.7	20.4	20.8	20.7	101700
2019-12-16	20.7	19.9	20.7	20.1	139900
2019-12-17	20.0	20.0	20.4	20.3	379700
2019-12-18	20.4	20.4	20.7	20.4	127700
2019-12-19	20.4	20.2	20.6	20.5	191300
2019-12-20	20.5	20.3	20.6	20.6	22100
2019-12-23	20.5	20.1	20.5	20.4	54800
2019-12-24	20.3	20.1	20.4	20.4	76700
2019-12-25	20.4	19.7	20.4	20.0	190400
2019-12-26	20.0	19.8	20.1	19.8	69600
2019-12-27	19.9	19.6	19.9	19.7	179000
2019-12-30	19.7	19.7	20.0	19.9	29800
2020-01-02	20.0	19.1	20.0	19.1	587200
2020-01-03	19.3	19.1	19.5	19.3	389000
2020-01-06	19.2	18.9	19.4	19.2	340000
2020-01-07	19.4	18.8	19.6	19.1	269400
2020-01-08	19.0	17.3	19.0	18.2	1518400
2020-01-09	18.4	18.3	19.1	18.6	1934000
2020-01-10	18.8	18.7	18.8	18.7	247400
2020-01-13	19.0	18.7	19.3	19.1	485800
2020-01-14	19.2	19.2	20.8	20.8	971500
2020-01-15	21.0	20.4	21.0	20.4	175400
2020-01-16	20.6	20.3	20.8	20.5	125800
2020-01-17	20.5	20.5	21.3	21.0	568000
2020-01-20	21.1	20.6	21.2	20.6	195200
2020-01-21	20.8	19.8	20.9	20.0	196000
2020-01-22	20.1	19.4	20.4	19.6	152000
2020-01-23	19.6	19.4	20.1	19.8	117900
2020-01-24	19.7	19.7	20.0	19.7	74800
2020-01-27	19.5	19.0	19.8	19.2	223300
2020-01-28	19.3	19.3	19.9	19.5	283600
2020-01-29	19.9	19.5	19.9	19.8	93600
2020-01-30	19.8	19.6	20.4	20.3	158700
2020-01-31	20.4	19.6	20.4	19.6	78100
2020-02-03	19.5	18.8	19.9	18.8	257900
2020-02-04	18.8	18.8	19.2	18.9	152000
2020-02-05	19.0	19.0	19.2	19.2	176600
2020-02-06	19.1	19.1	19.5	19.4	114800
2020-02-07	19.4	18.7	19.5	18.7	182800
2020-02-11	18.8	18.8	19.1	19.0	273000
2020-02-12	19.2	19.0	19.5	19.4	96500
2020-02-13	19.5	19.2	19.5	19.2	84300
2020-02-14	19.0	18.9	19.1	19.0	275600
2020-02-17	19.0	18.6	19.2	18.8	487500
2020-02-18	18.7	18.3	18.8	18.3	391400
2020-02-19	18.3	17.2	18.6	17.2	1270500
2020-02-20	17.4	16.7	17.4	17.0	860000
2020-02-21	17.2	17.0	17.4	17.4	209300
2020-02-24	17.4	16.9	17.5	17.2	409600
2020-02-25	16.9	16.9	17.4	17.1	292200
2020-02-26	17.1	16.6	17.1	16.6	476800
2020-02-27	16.5	16.5	17.3	16.9	161100
2020-02-28	16.7	16.3	16.9	16.5	279400
2020-03-02	16.5	16.1	16.7	16.6	175500
2020-03-03	16.7	16.7	17.2	17.1	258600
2020-03-04	16.7	16.7	17.6	16.9	405200
2020-03-05	16.9	16.9	17.5	16.9	580300
2020-03-06	16.9	16.8	17.3	17.3	79300
2020-03-09	16.5	16.4	17.3	16.6	315300
2020-03-10	16.6	16.6	17.1	17.0	223400
2020-03-11	17.1	16.7	17.2	16.8	108900
2020-03-12	16.3	15.8	16.6	16.0	375100
2020-03-13	15.5	12.1	15.5	15.2	203100
2020-03-16	15.2	14.7	15.5	14.9	237400
2020-03-17	14.7	14.0	15.0	14.2	139200
2020-03-18	14.3	14.0	14.9	14.2	108500
2020-03-19	14.1	13.6	14.2	14.1	159100
2020-03-20	14.2	14.2	15.1	14.8	204400
2020-03-23	14.9	13.9	14.9	14.3	300300
2020-03-24	14.7	14.1	14.7	14.2	180000
2020-03-25	14.2	14.2	15.1	15.1	223300
2020-03-26	15.1	14.3	15.1	15.0	293500
2020-03-27	15.0	14.9	15.6	15.3	1028600
2020-03-30	15.4	14.9	15.4	15.0	241600
2020-03-31	15.3	14.9	15.3	14.9	464800
2020-04-01	14.9	14.7	15.2	14.7	487300
2020-04-02	14.6	14.6	16.5	16.2	1430600
2020-04-03	16.5	15.8	16.5	16.1	395000
2020-04-07	16.4	16.0	16.9	16.3	1370900
2020-04-08	16.2	15.9	16.4	16.4	372700
2020-04-09	15.6	15.5	16.2	15.7	626700
2020-04-10	15.7	15.6	16.1	15.7	106400
2020-04-13	15.8	15.5	15.8	15.8	128000
2020-04-14	16.0	15.7	17.0	16.3	1614100
2020-04-15	16.3	16.1	16.7	16.1	477000
2020-04-16	16.0	15.2	16.0	15.3	635500
2020-04-17	15.5	15.2	15.6	15.5	226700
2020-04-20	15.5	15.4	16.2	15.9	817900
2020-04-21	16.0	15.6	16.5	16.1	941600
2020-04-22	16.0	15.8	16.4	16.4	235000
2020-04-23	16.5	16.1	16.5	16.2	285100
2020-04-24	16.4	15.8	16.5	15.8	669200
2020-04-27	16.1	15.9	16.4	16.2	312000
2020-04-28	16.2	16.1	16.4	16.1	289100
2020-04-29	16.2	16.1	16.3	16.2	108300
2020-04-30	16.4	16.4	17.0	16.7	1454000
2020-05-05	16.7	16.0	16.7	16.4	692500
2020-05-07	16.5	16.0	16.6	16.0	425700
2020-05-08	16.2	15.9	16.3	16.1	264400
2020-05-11	16.2	16.2	17.6	17.4	2084400
2020-05-12	17.7	17.5	18.2	17.6	630500
2020-05-13	17.5	17.2	17.6	17.5	300400
2020-05-14	17.3	16.9	17.4	17.0	238500
2020-05-15	17.0	17.0	18.5	18.2	1557300
2020-05-18	17.6	16.2	17.8	17.3	1446600
2020-05-19	17.4	17.0	17.6	17.1	445300
2020-05-20	17.2	17.2	17.5	17.4	250100
2020-05-21	17.4	17.2	17.7	17.7	648500
2020-05-22	17.9	17.0	17.9	17.1	548100
2020-05-25	17.2	17.1	17.5	17.1	203700
2020-05-26	17.2	17.0	17.4	17.1	575300
2020-05-27	17.3	16.9	17.3	16.9	251300
2020-05-28	17.1	16.9	17.6	17.1	1319200
2020-05-29	17.1	16.7	17.1	16.9	470600
2020-06-01	16.8	16.8	17.1	16.8	390100
2020-06-02	16.9	16.8	17.1	16.9	342300
2020-06-04	17.1	17.0	17.7	17.5	1814400
2020-06-05	17.4	17.3	17.6	17.6	344900
2020-06-08	17.9	17.5	18.4	17.6	2800700
2020-06-09	17.7	17.7	18.2	17.7	1854300
2020-06-10	17.9	17.9	18.9	18.7	4238400
2020-06-11	18.8	18.0	19.2	18.3	2668400
2020-06-12	17.8	17.5	18.5	18.5	1823500
2020-06-15	19.4	18.7	19.7	18.7	4357100
2020-06-16	19.4	18.7	19.4	19.0	1080600
2020-06-17	19.2	19.2	19.7	19.3	1965500
2020-06-18	19.2	19.0	19.4	19.3	636400
2020-06-19	19.3	19.3	20.2	19.9	2505800
2020-06-22	20.3	19.9	20.6	20.0	1387600
2020-06-23	20.0	19.3	20.2	19.4	733900
2020-06-24	19.5	18.5	19.7	18.5	869200
2020-06-25	18.1	18.1	19.1	19.0	840900
2020-06-26	19.4	18.9	19.4	19.0	614700
2020-06-29	18.7	18.3	19.1	19.1	491900
2020-06-30	19.4	19.0	19.4	19.0	196000
2020-07-01	19.1	19.0	19.5	19.0	318700
2020-07-02	19.1	18.8	19.3	19.3	608200
2020-07-03	19.5	19.2	19.8	19.2	461700
2020-07-07	19.3	18.9	19.4	18.9	200400
2020-07-08	18.9	18.8	19.6	19.3	948100
2020-07-09	19.5	18.8	19.5	18.9	753500
2020-07-10	18.7	18.5	19.0	18.5	231100
2020-07-13	18.4	18.2	18.8	18.5	428700
2020-07-14	18.2	17.7	18.6	18.4	581600
2020-07-15	18.6	18.2	18.7	18.6	253600
2020-07-16	18.7	18.2	18.9	18.4	173800
2020-07-17	18.5	18.3	18.7	18.6	515700
2020-07-20	18.6	18.2	18.6	18.4	147800
2020-07-21	18.4	18.4	18.9	18.7	415200
2020-07-22	18.8	18.8	19.6	19.1	1314000
2020-07-23	19.3	19.0	19.8	19.0	1612200
2020-07-24	18.9	18.8	19.1	18.9	163200
2020-07-29	19.0	18.7	19.2	18.7	400600
2020-07-30	18.8	17.6	18.9	17.6	924800
2020-07-31	17.3	17.0	17.7	17.6	441400
2020-08-03	17.7	17.4	17.7	17.7	503700
2020-08-04	17.8	17.5	17.9	17.5	452300
2020-08-05	17.6	17.1	17.8	17.6	987800
2020-08-06	17.7	17.3	17.7	17.3	380500
2020-08-07	17.4	17.3	17.7	17.3	721900
2020-08-10	17.3	17.2	17.6	17.3	478900
2020-08-11	17.3	17.3	17.7	17.3	698900
2020-08-13	17.4	17.2	17.5	17.3	224000
2020-08-14	17.3	16.6	17.3	16.6	1122700
2020-08-17	16.6	16.6	17.0	16.8	666500
2020-08-18	16.8	16.6	17.0	16.9	970500
2020-08-19	17.0	16.6	17.1	16.8	682100
2020-08-20	16.7	16.6	17.0	16.9	161600
2020-08-21	16.8	16.8	17.4	17.0	827300
2020-08-24	17.1	17.0	17.3	17.1	437000
2020-08-25	17.2	17.0	17.4	17.2	780100
2020-08-26	17.1	17.1	17.9	17.7	1116600
2020-08-27	17.6	17.3	17.7	17.5	897100
2020-08-28	17.5	17.2	17.8	17.3	398300
2020-08-31	17.3	17.1	17.5	17.1	633200
2020-09-01	17.1	17.0	18.9	18.7	3975300
2020-09-02	18.9	18.5	19.1	18.8	1331100
2020-09-03	19.0	18.8	21.2	20.3	6126400
2020-09-08	19.9	19.6	21.7	20.7	4389300
2020-09-09	20.5	20.1	21.2	20.4	2248400
2020-09-10	20.6	20.4	21.1	20.9	2999000
2020-09-11	20.5	19.7	20.8	20.0	2113200
2020-09-14	20.0	19.8	20.4	20.4	651200
2020-09-15	20.7	20.5	21.1	20.8	1645200
2020-09-16	20.9	20.2	21.1	20.3	1157500
2020-09-17	20.3	20.0	20.4	20.1	651800
2020-09-18	20.0	20.0	20.4	20.1	448200
2020-09-21	20.6	20.1	21.0	20.1	786100
2020-09-22	20.2	20.1	21.1	20.8	1802700
2020-09-23	20.9	20.7	22.4	21.9	5247600
2020-09-24	22.2	21.6	22.3	21.6	1782000
2020-09-25	21.8	20.2	22.0	20.5	2480900
2020-09-28	20.8	20.5	20.9	20.6	599500
2020-09-29	20.6	20.6	21.7	21.3	2803300
2020-09-30	21.3	20.8	21.5	21.3	904700
2020-10-01	21.3	20.8	21.4	21.1	541700
2020-10-02	21.0	20.9	21.7	21.7	1242300
2020-10-05	22.0	21.8	23.3	22.7	5278300
2020-10-06	23.0	22.4	23.0	22.9	2225800
2020-10-07	23.4	23.2	24.0	23.4	2831800
2020-10-08	23.3	23.2	24.0	23.8	2085500
2020-10-09	23.9	23.3	23.9	23.3	1027100
2020-10-12	23.5	22.2	23.5	22.5	1696900
2020-10-14	22.5	21.9	22.5	22.0	656700
2020-10-15	22.0	21.4	22.3	22.0	1204000
2020-10-16	22.0	20.5	22.0	21.0	950800
2020-10-19	20.5	19.5	20.6	19.6	1996900
2020-10-20	19.5	19.4	20.0	19.9	366700
2020-10-21	20.3	20.1	20.7	20.1	1167900
2020-10-22	20.4	20.3	20.8	20.5	727700
2020-10-26	20.4	20.2	20.6	20.4	229600
2020-10-27	20.7	20.6	21.8	21.8	993800
2020-10-28	22.0	21.2	22.1	21.2	672300
2020-10-29	21.2	21.1	21.9	21.9	696000
2020-10-30	21.9	21.3	21.9	21.9	521000
2020-11-02	22.0	21.7	22.3	22.1	715600
2020-11-03	22.1	21.8	22.3	21.8	373800
2020-11-04	22.0	21.7	22.0	21.8	142100
2020-11-05	21.8	21.5	21.9	21.5	374300
2020-11-06	21.5	20.7	21.5	20.7	384600
2020-11-09	20.5	20.5	21.3	21.2	920900
2020-11-10	21.6	21.1	21.7	21.3	1103000
2020-11-11	21.1	21.0	21.3	21.3	290300
2020-11-12	22.1	22.0	22.8	22.1	3151600
2020-11-13	22.2	21.7	23.4	23.0	1545200
2020-11-16	23.4	22.8	23.5	23.0	671200
2020-11-17	23.0	22.0	23.0	22.1	548100
2020-11-18	22.2	22.0	22.8	22.7	429000
2020-11-19	22.9	22.6	23.1	22.8	554300
2020-11-20	22.9	22.6	23.2	22.7	752300
2020-11-23	22.7	22.0	23.0	22.2	941600
2020-11-24	22.3	21.5	22.4	21.8	952900
2020-11-25	21.9	21.9	22.9	22.9	1481500
2020-11-26	22.9	22.6	22.9	22.6	647600
2020-11-27	22.7	22.5	22.9	22.5	614800
2020-11-30	22.5	22.2	22.7	22.5	135700
2020-12-01	22.6	22.3	22.8	22.8	332500
2020-12-02	22.8	22.4	22.8	22.6	165600
2020-12-03	22.5	22.5	23.8	23.8	1364200
2020-12-04	23.8	22.9	24.5	23.0	1333700
2020-12-08	23.2	22.9	23.5	22.9	827600
2020-12-09	23.0	22.7	23.1	22.8	290200
2020-12-14	22.9	22.2	22.9	22.2	591600
2020-12-15	22.2	21.3	22.2	21.5	1118200
2020-12-16	21.5	21.5	22.5	22.3	850800
2020-12-17	22.4	21.7	22.5	21.9	622200
2020-12-18	21.7	21.7	22.1	21.8	109500
2020-12-21	21.1	20.7	21.5	21.0	660500
2020-12-22	20.7	20.5	21.2	21.0	469800
2020-12-23	21.1	20.8	21.1	21.0	168000
2020-12-24	21.2	20.9	21.8	21.5	238700
2020-12-25	21.9	21.1	21.9	21.2	294300
2020-12-28	21.3	20.1	21.4	20.1	728800
2020-12-29	20.2	20.0	20.7	20.0	473900
2020-12-30	20.0	19.1	20.2	19.3	1624000
2021-01-04	19.2	19.1	20.1	19.8	1271900
2021-01-05	19.8	19.5	20.5	19.7	1218900
2021-01-06	19.9	19.7	20.3	19.7	571400
2021-01-07	19.8	19.7	20.3	20.2	2076600
2021-01-08	20.3	20.1	20.5	20.2	854900
2021-01-11	20.3	20.2	20.4	20.4	336000
2021-01-12	20.4	20.4	21.2	20.8	1711100
2021-01-13	21.0	20.7	21.1	20.8	791000
2021-01-14	20.9	20.8	21.5	21.2	1903900
2021-01-15	21.6	20.4	21.7	20.4	2376800
2021-01-18	20.4	20.0	20.6	20.2	1020200
2021-01-19	20.4	20.0	20.8	20.1	1519400
2021-01-20	20.4	20.0	20.5	20.2	1394900
2021-01-21	20.2	20.0	20.4	20.0	528300
2021-01-22	20.1	19.8	20.1	20.0	613700
2021-01-25	20.0	19.9	20.7	20.4	1007500
2021-01-26	20.4	20.1	20.6	20.1	1046900
2021-01-27	20.5	20.4	21.5	21.2	9371000
2021-01-28	21.5	20.7	22.2	20.8	13091600
2021-01-29	21.4	21.0	21.5	21.1	4085900
2021-02-01	21.3	20.7	21.7	21.4	3451600
2021-02-02	21.5	21.3	22.0	21.8	3681000
2021-02-03	22.0	21.4	22.2	21.4	3052100
2021-02-04	21.4	21.4	22.0	21.6	9998700
2021-02-05	21.7	21.5	22.2	22.2	4861500
2021-02-08	22.7	22.6	23.2	23.0	4191500
2021-02-09	23.1	22.3	23.2	22.4	3609900
2021-02-10	22.5	22.3	22.9	22.8	1425300
2021-02-11	22.7	22.3	22.8	22.5	1986800
2021-02-15	22.6	21.9	22.6	21.9	1632200
2021-02-16	21.8	21.6	22.3	22.2	1927500
2021-02-17	22.2	21.8	22.4	21.8	885900
2021-02-18	21.9	21.8	22.8	22.7	3377000
2021-02-19	22.7	22.5	23.7	23.1	4056100
2021-02-22	23.5	22.6	23.7	23.1	4123400
2021-02-23	23.3	23.0	25.5	24.5	8949900
2021-02-24	25.0	24.6	26.0	24.8	5234100
2021-02-25	25.0	24.7	25.5	25.5	1604200
2021-03-01	24.7	24.6	27.0	26.75	7652000
2021-03-02	27.0	26.5	27.5	26.75	8556700
2021-03-03	26.75	26.5	27.25	27.0	3738100
2021-03-04	27.25	26.0	27.25	26.25	9819300
2021-03-05	26.25	25.5	26.5	25.75	3102100
2021-03-08	26.0	25.0	26.25	25.25	1660800
2021-03-09	26.0	25.5	26.75	26.5	3855900
2021-03-10	26.25	26.0	27.25	27.0	2804500
2021-03-11	27.25	26.5	28.0	26.5	4145500
2021-03-12	26.25	25.75	26.75	25.75	1899800
2021-03-15	26.25	25.75	26.25	26.0	361800
2021-03-16	26.0	26.0	29.0	28.75	10305400
2021-03-17	29.0	28.0	29.0	28.5	2378900
2021-03-18	28.5	28.0	30.0	30.0	7998900
2021-03-19	29.5	28.75	31.0	30.25	5898000
2021-03-22	29.75	28.5	30.0	28.75	3011600
2021-03-23	29.0	28.75	31.0	30.75	9199600
2021-03-24	30.75	29.75	31.0	30.0	5182100
2021-03-25	30.25	28.25	30.25	28.5	7196300
2021-03-26	28.75	28.25	29.0	28.5	3703700
2021-03-29	28.5	28.25	29.0	28.5	1564500
2021-03-30	28.75	28.75	29.5	28.75	2756200
2021-03-31	28.75	28.25	29.0	28.5	1609800
2021-04-01	28.5	27.75	28.75	28.0	1987200
2021-04-02	28.0	27.75	28.25	28.25	1483800
2021-04-05	28.25	27.5	28.25	27.75	1149600
2021-04-07	27.25	26.25	27.25	26.75	2513400
2021-04-08	26.5	26.5	27.25	26.75	1254200
2021-04-09	27.0	26.75	27.75	27.0	3507500
2021-04-12	26.75	25.75	26.75	26.0	1610300
2021-04-16	25.75	25.75	27.0	26.25	2001300
2021-04-19	26.5	26.5	27.25	26.75	4303200
2021-04-20	27.0	26.75	28.0	27.75	8317200
2021-04-21	27.75	27.25	28.0	27.25	3778600
2021-04-22	27.25	26.25	27.5	26.5	2545700
2021-04-23	26.0	25.75	26.5	26.0	1472400
2021-04-26	25.5	24.9	25.75	25.0	3769400
2021-04-27	25.25	24.9	25.75	25.0	4068900
2021-04-28	25.0	24.9	25.75	25.5	1542100
2021-04-29	25.5	25.5	26.25	26.0	1895300
2021-04-30	26.25	25.75	26.5	26.25	1882800
2021-05-05	26.5	25.5	26.5	25.5	2534300
2021-05-06	25.5	25.25	26.0	25.75	2325600
2021-05-07	25.75	25.5	26.0	25.75	1158200
2021-05-10	24.6	24.4	24.8	24.5	1741600
2021-05-11	24.5	23.6	24.6	23.8	1883300
2021-05-12	23.9	23.5	24.6	24.4	1338900
2021-05-13	24.0	22.3	24.2	23.4	2079100
2021-05-14	23.6	23.2	23.8	23.2	946000
2021-05-17	23.2	22.7	23.9	23.7	1402900
2021-05-18	23.9	23.9	24.4	24.2	1427400
2021-05-19	24.7	24.6	25.5	25.25	3128600
2021-05-20	25.25	24.4	25.25	24.4	3905100
2021-05-21	24.6	24.5	25.0	24.7	1000600
2021-05-24	24.7	24.5	24.8	24.6	461600
2021-05-25	24.5	24.4	24.7	24.5	1096900
2021-05-27	24.7	24.5	25.0	24.6	1327200
2021-05-28	24.8	24.6	24.9	24.7	900400
2021-05-31	24.7	24.4	24.7	24.6	614000
2021-06-01	24.8	24.8	25.5	25.5	1930500
2021-06-02	25.75	25.75	26.75	26.5	7763000
2021-06-04	26.5	26.25	27.0	26.5	2836100
2021-06-07	26.75	26.5	27.0	26.75	1584800
2021-06-08	27.0	26.5	27.5	27.5	3913000
2021-06-09	27.5	27.0	27.5	27.0	1484800
2021-06-10	27.0	26.25	27.0	26.25	1661000
2021-06-11	26.25	26.0	26.5	26.5	860900
2021-06-14	26.5	26.25	26.75	26.5	556800
2021-06-15	26.5	25.75	26.75	26.0	920800
2021-06-16	26.0	26.0	27.25	26.75	2389200
2021-06-17	26.75	26.0	27.0	26.25	1571600
2021-06-18	26.75	26.0	26.75	26.25	785900
2021-06-21	26.0	25.5	26.0	25.75	803800
2021-06-22	26.0	25.75	26.5	26.25	1524100
2021-06-23	26.75	25.75	26.75	26.0	1952700
2021-06-24	25.75	25.0	26.0	25.75	1660500
2021-06-25	26.0	25.25	26.0	25.5	448000
2021-06-28	25.25	25.0	25.5	25.5	439900
2021-06-29	25.5	25.25	26.0	25.75	358100
2021-06-30	25.75	25.25	25.75	25.25	390300
2021-07-01	25.25	24.9	25.5	25.5	968400
2021-07-02	25.5	24.9	25.5	25.25	1071700
2021-07-05	25.5	25.25	26.0	25.75	1671800
2021-07-06	26.0	26.0	26.75	26.75	2688600
2021-07-07	26.75	25.75	26.75	26.0	3560700
2021-07-08	25.25	24.8	25.5	25.0	2463300
2021-07-09	24.6	24.4	25.25	25.25	2079200
2021-07-12	25.25	25.25	26.75	26.75	3447200
2021-07-13	27.5	26.75	28.0	27.75	9395500
2021-07-14	28.0	27.5	28.75	28.5	6439300
2021-07-15	28.75	27.25	28.75	27.75	1908600
2021-07-16	28.0	27.5	28.5	28.25	1794300
2021-07-19	27.5	27.5	28.0	27.75	999800
2021-07-20	27.75	26.25	27.75	26.75	1783300
2021-07-21	26.75	26.5	27.75	27.75	2176300
2021-07-22	28.0	27.5	28.5	28.5	2857100
2021-07-23	28.25	27.5	28.25	27.75	755000
2021-07-27	27.5	27.5	28.0	27.5	846200
2021-07-29	27.5	26.5	27.5	26.5	2137000
2021-07-30	26.0	25.5	26.25	25.5	1335100
2021-08-02	25.5	25.25	25.75	25.75	547300
2021-08-03	25.75	25.75	26.5	26.25	561400
2021-08-04	26.0	26.0	27.75	27.75	1770400
2021-08-05	28.0	27.25	28.5	28.0	2054900
2021-08-06	28.25	27.0	28.25	28.0	1297000
2021-08-09	28.25	27.5	28.25	27.5	658300
2021-08-10	27.5	26.0	27.5	26.25	2562600
2021-08-11	27.25	26.75	27.75	27.0	4271900
2021-08-13	26.75	26.0	27.0	26.25	1187900
2021-08-16	26.0	25.5	26.25	25.75	2053600
2021-08-17	25.75	25.75	26.75	26.5	1067900
2021-08-18	26.75	26.25	27.25	26.5	2586700
2021-08-19	26.5	26.0	26.75	26.25	646500
2021-08-20	26.5	26.0	26.75	26.5	245900
2021-08-23	26.75	26.25	27.0	26.5	1183900
2021-08-24	26.75	26.25	28.0	27.75	3715500
2021-08-25	27.75	26.75	28.25	27.25	4190400
2021-08-26	27.25	26.75	27.5	27.0	748900
2021-08-27	27.25	26.5	27.25	26.75	1409400
2021-08-30	27.0	27.0	27.5	27.25	1014000
2021-08-31	27.25	26.75	27.25	27.0	410400
2021-09-01	27.0	26.5	27.25	27.25	1451500
2021-09-02	27.75	27.5	29.0	29.0	8717700
2021-09-03	29.0	27.25	29.0	27.5	6124200
2021-09-06	27.25	26.75	27.5	27.0	1519200
2021-09-07	27.25	26.5	27.5	26.75	1224800
2021-09-08	26.5	26.5	27.25	27.0	1081000
2021-09-09	27.0	26.75	27.25	26.75	633300
2021-09-10	27.0	26.5	27.0	27.0	1214700
2021-09-13	27.0	26.5	27.0	26.75	622400
2021-09-14	27.0	26.5	27.5	26.75	1626800
2021-09-15	26.75	26.5	26.75	26.75	803300
2021-09-16	26.75	26.25	27.0	26.75	1466900
2021-09-17	26.75	26.25	26.75	26.25	611000
2021-09-20	26.25	26.25	27.5	27.0	3212100
2021-09-21	27.0	26.5	27.0	26.75	610100
2021-09-22	27.0	26.75	27.25	27.0	660300
2021-09-23	27.0	26.25	27.0	26.5	1181200
2021-09-27	26.5	25.75	26.75	25.75	1589100
2021-09-28	25.75	25.25	26.25	25.25	1452500
2021-09-29	25.25	25.0	26.0	25.5	781600
2021-09-30	26.0	25.5	26.0	25.5	236100
2021-10-01	25.5	25.25	26.0	25.5	492000
2021-10-04	26.0	24.8	26.0	24.9	2227300
2021-10-05	24.8	24.6	25.25	25.0	1086500
2021-10-06	25.0	25.0	25.25	25.0	167400
2021-10-07	25.25	25.0	25.5	25.0	838700
2021-10-08	25.0	24.7	25.25	24.8	1965800
2021-10-11	24.9	24.9	25.5	25.0	795400
2021-10-12	25.25	25.0	25.25	25.0	734800
2021-10-14	25.25	25.0	25.25	25.0	197300
2021-10-15	25.25	24.9	25.25	24.9	440000
2021-10-18	25.0	24.9	25.25	25.25	340300
2021-10-19	25.25	25.0	25.5	25.0	278100
2021-10-20	25.25	25.0	25.5	25.25	286300
2021-10-21	25.25	25.0	25.5	25.5	251800
2021-10-25	25.25	25.25	25.5	25.25	230700
2021-10-26	25.5	25.25	25.5	25.25	311700
2021-10-27	25.5	25.25	25.5	25.25	104100
2021-10-28	25.25	25.0	25.5	25.5	332600
2021-10-29	25.5	25.25	25.75	25.5	356600
2021-11-01	25.5	25.25	25.5	25.25	336300
2021-11-02	25.5	24.9	25.5	25.0	788000
2021-11-03	25.0	24.9	25.25	24.9	423500
2021-11-04	25.0	24.8	25.25	25.0	789100
2021-11-05	25.0	24.9	25.0	25.0	83800
2021-11-08	25.0	24.9	25.0	24.9	156100
2021-11-09	24.9	24.7	25.0	25.0	471100
2021-11-10	24.9	24.7	25.0	24.8	1367400
2021-11-11	24.9	24.9	25.5	25.5	711500
2021-11-12	26.0	25.75	27.5	27.25	7446800
2021-11-15	27.5	26.75	27.75	27.25	3017400
2021-11-16	27.5	27.0	28.0	28.0	2445500
2021-11-17	28.0	27.25	28.0	27.75	1737100
2021-11-18	27.75	27.0	27.75	27.5	978200
2021-11-19	27.25	26.75	27.25	27.0	1286000
2021-11-22	27.25	27.0	27.75	27.0	1997500
2021-11-23	27.0	26.5	27.25	27.25	1333400
2021-11-24	27.25	27.0	27.5	27.5	555500
2021-11-25	27.5	27.25	28.5	28.5	6201700
2021-11-26	28.25	27.5	29.0	27.75	7361600
2021-11-29	27.25	26.25	27.75	26.5	2039100
2021-11-30	26.75	26.75	27.75	27.5	2931200
2021-12-01	27.5	27.25	28.75	28.5	2596900
2021-12-02	28.5	27.75	28.5	28.0	253900
2021-12-03	28.0	27.0	28.0	27.25	848800
2021-12-07	27.5	27.25	28.0	27.75	555300
2021-12-08	27.75	27.75	28.5	28.0	1242200
2021-12-09	28.0	27.0	28.0	27.5	857700
2021-12-13	27.5	27.25	27.75	27.75	634300
2021-12-14	28.0	27.5	28.0	28.0	306400
2021-12-15	28.0	27.25	28.0	27.5	992200
2021-12-16	27.5	27.0	27.5	27.5	469900
2021-12-17	27.5	27.0	27.5	27.0	329300
2021-12-20	27.0	26.5	27.0	26.5	589900
2021-12-21	26.5	26.5	27.0	26.5	367500
2021-12-22	27.0	26.75	27.0	27.0	221700
2021-12-23	27.0	26.5	27.0	26.75	422500
2021-12-24	26.75	26.25	26.75	26.5	239900
2021-12-27	26.5	26.25	26.75	26.25	282600
2021-12-28	26.25	26.0	26.5	26.0	464900
2021-12-29	26.25	26.0	26.75	26.5	343800
2021-12-30	26.75	26.0	26.75	26.25	976700
2022-01-04	26.25	26.0	26.75	26.75	1164900
2022-01-05	26.75	26.5	27.25	27.0	714800
2022-01-06	26.75	26.25	26.75	26.5	495500
2022-01-07	26.25	26.0	26.75	26.5	485400
2022-01-10	26.5	26.5	27.25	26.5	1103900
2022-01-11	27.0	26.0	27.0	26.25	1013300
2022-01-12	26.5	26.25	26.5	26.5	1116200
2022-01-13	26.5	26.0	26.75	26.5	1515500
2022-01-14	26.75	26.0	26.75	26.25	1810500
2022-01-17	26.5	25.5	26.5	25.5	2422100
2022-01-18	25.5	25.0	25.75	25.5	904300
2022-01-19	25.25	24.9	25.5	25.0	1552700
2022-01-20	25.25	25.0	25.5	25.25	537900
2022-01-21	25.25	24.9	25.25	25.0	789600
2022-01-24	25.0	24.9	25.5	25.0	407400
2022-01-25	25.0	24.7	25.0	24.9	452700
2022-01-26	25.0	24.8	25.0	24.8	386700
2022-01-27	25.0	24.3	25.0	24.5	1152100
2022-01-28	24.5	24.4	24.9	24.5	611100
2022-01-31	24.5	24.5	25.0	24.9	223500
2022-02-01	25.0	24.9	25.75	25.25	801700
2022-02-02	25.25	25.25	25.5	25.5	83300
2022-02-03	25.5	25.25	25.75	25.5	252400
2022-02-04	25.75	25.25	25.75	25.25	251700
2022-02-07	25.25	25.25	25.75	25.5	319400
2022-02-08	25.5	25.25	25.75	25.25	283300
2022-02-09	25.25	25.0	25.5	25.0	1365100
2022-02-10	25.0	25.0	25.5	25.25	943400
2022-02-11	25.0	24.9	25.25	24.9	549800
2022-02-14	24.9	24.6	25.0	24.7	718900
2022-02-15	24.8	24.5	24.8	24.6	1060200
2022-02-17	24.6	24.2	24.7	24.5	2442600
2022-02-18	24.4	24.2	24.6	24.4	987100
2022-02-21	24.5	24.4	24.9	24.7	751200
2022-02-22	24.6	24.4	24.9	24.9	489300
2022-02-23	24.9	24.7	24.9	24.9	211500
2022-02-24	24.6	24.5	25.25	24.8	1740300
2022-02-25	24.8	24.3	25.75	25.25	2736600
2022-02-28	25.0	24.6	25.25	24.8	1900600
2022-03-01	24.8	24.8	25.5	25.25	1903600
2022-03-02	25.0	24.7	25.5	25.25	1836400
2022-03-03	25.25	25.0	25.5	25.0	1735800
2022-03-04	25.0	25.0	25.5	25.0	652400
2022-03-07	24.9	24.2	24.9	24.5	1920400
2022-03-08	24.4	23.7	24.5	24.1	1164700
2022-03-09	24.2	24.0	24.5	24.5	328400
2022-03-10	24.6	24.5	24.8	24.8	416100
2022-03-11	24.8	24.5	24.9	24.9	322400
2022-03-14	25.0	24.7	25.25	25.0	413700
2022-03-15	25.0	25.0	26.75	26.75	17286000
2022-03-16	27.0	26.25	27.0	26.75	7705100
2022-03-17	26.75	26.5	27.0	26.75	1266200
2022-03-18	26.75	26.5	27.0	26.75	590200
2022-03-21	27.0	26.5	27.0	26.75	863700
2022-03-22	27.0	26.25	27.0	26.5	751000
2022-03-23	26.75	26.25	27.75	27.75	2991800
2022-03-24	28.0	27.5	28.5	27.75	3484800
2022-03-25	27.75	27.75	28.5	28.0	2570100
2022-03-28	28.0	27.5	28.25	28.0	836500
2022-03-29	28.25	27.5	28.5	27.75	1177300
2022-03-30	28.25	27.75	28.25	28.0	2349000
2022-03-31	28.25	27.75	28.25	27.75	262300
2022-04-01	28.0	27.75	28.5	28.0	742500
2022-04-04	28.25	28.25	29.5	28.5	2853100
2022-04-05	28.75	27.5	28.75	28.0	979000
2022-04-07	28.0	27.5	28.25	28.25	742000
2022-04-08	28.25	27.75	28.25	28.0	814900
2022-04-11	28.0	27.5	28.25	27.75	923500
2022-04-12	27.5	27.25	28.0	28.0	421200
2022-04-18	28.0	27.5	28.0	28.0	312400
2022-04-19	28.0	28.0	28.75	28.75	1839900
2022-04-20	29.0	28.75	30.0	29.0	4352100
2022-04-21	29.5	29.0	30.75	30.5	4346600
2022-04-22	30.25	30.25	31.5	31.5	2893000
2022-04-25	32.0	30.0	34.0	32.25	8183300
2022-04-26	32.25	31.0	32.75	32.75	3304400
2022-04-27	32.25	31.75	32.75	32.25	1209100
2022-04-28	32.5	32.25	33.5	33.5	1581900
2022-04-29	33.75	32.5	34.0	33.0	2061300
2022-05-03	33.0	31.0	33.25	31.0	1685800
2022-05-05	31.0	31.0	32.75	32.5	2626600
2022-05-06	30.25	30.25	31.75	31.5	1379800
2022-05-09	31.0	30.5	31.75	30.5	1257300
2022-05-10	30.5	30.25	33.0	32.25	2674400
2022-05-11	32.25	30.75	32.5	31.5	661400
2022-05-12	32.5	29.0	32.5	29.25	4414000
2022-05-13	30.25	29.25	30.75	30.0	2497400
2022-05-17	30.0	29.75	31.5	31.5	2870900
2022-05-18	31.25	31.25	32.5	32.25	2286500
2022-05-19	30.75	30.75	33.0	32.5	1779300
2022-05-20	33.0	32.5	34.0	34.0	2737100
2022-05-23	34.5	33.75	35.75	35.25	4489300
2022-05-24	35.5	34.0	35.75	34.25	1764300
2022-05-25	34.5	34.25	35.25	35.0	1408600
2022-05-26	35.0	34.25	35.0	34.5	563800
2022-05-27	34.5	34.25	35.0	34.5	309900
2022-05-30	34.5	34.5	36.5	36.0	1955800
2022-05-31	35.25	35.25	36.0	35.5	728600
2022-06-01	35.25	35.0	36.0	35.25	770200
2022-06-02	35.0	34.0	35.5	35.0	1902200
2022-06-06	34.75	33.0	35.25	34.25	2267000
2022-06-07	34.25	34.0	35.25	34.25	1330700
2022-06-08	34.5	34.25	34.75	34.75	245500
2022-06-09	34.5	33.75	35.25	35.0	1814300
2022-06-10	34.5	34.5	35.25	35.0	1030400
2022-06-13	34.0	34.0	34.5	34.0	578900
2022-06-14	33.5	33.25	34.25	34.25	460700
2022-06-15	34.5	33.5	35.25	33.5	1604200
2022-06-16	33.75	32.25	34.25	33.25	1352700
2022-06-17	32.75	32.5	34.75	34.25	1163500
2022-06-20	34.0	33.5	34.25	34.25	404400
2022-06-21	34.0	34.0	35.75	35.25	1072400
2022-06-22	35.5	34.25	35.75	35.0	894400
2022-06-23	35.5	35.0	35.75	35.5	1131600
2022-06-24	35.75	35.75	37.5	36.5	3029200
2022-06-27	36.75	35.75	37.0	36.0	722300
2022-06-28	36.0	35.75	37.0	36.0	1416900
2022-06-29	35.5	35.25	36.75	36.5	979200
2022-06-30	36.0	35.25	36.75	35.5	727400
2022-07-01	35.75	34.0	37.0	36.25	2003000
2022-07-04	36.75	36.5	38.5	37.25	3030300
2022-07-05	36.5	35.5	36.75	36.0	2005800
2022-07-06	36.0	35.5	36.5	36.25	621500
2022-07-07	36.25	36.0	37.25	37.0	621500
2022-07-08	37.0	36.5	37.25	36.75	324800
2022-07-11	36.25	36.0	36.75	36.5	410300
2022-07-12	36.75	35.5	36.75	36.0	570200
2022-07-14	36.0	36.0	38.25	36.75	2358400
2022-07-15	36.75	36.75	38.5	37.5	2307200
2022-07-18	38.0	35.5	38.25	36.25	2501200
2022-07-19	36.0	34.75	37.0	36.25	2036900
2022-07-20	36.75	36.25	37.75	37.75	797900
2022-07-21	37.75	37.0	37.75	37.75	744200
2022-07-22	37.25	36.0	37.5	36.25	889500
2022-07-25	36.25	36.25	37.25	37.0	507400
2022-07-26	37.0	36.5	37.0	36.5	435800
2022-07-27	36.5	36.5	37.25	36.75	716900
2022-08-01	37.0	36.75	39.25	39.0	2679100
2022-08-02	39.5	38.0	39.5	38.0	1394600
2022-08-03	38.25	37.5	39.0	38.75	710200
2022-08-04	39.5	36.5	39.5	37.5	1355500
2022-08-05	37.25	37.25	37.75	37.5	310900
2022-08-08	37.5	36.75	37.5	36.75	755000
2022-08-09	36.25	35.25	37.0	36.5	1372900
2022-08-10	36.25	35.5	36.75	36.75	977000
2022-08-11	36.75	36.0	37.25	36.75	2013100
2022-08-15	36.5	36.5	37.5	36.75	682000
2022-08-16	36.5	36.25	37.0	36.25	1133000
2022-08-17	36.25	36.25	37.5	37.5	639100
2022-08-18	37.75	37.25	40.0	39.0	3451100
2022-08-19	40.0	39.25	41.0	41.0	2255400
2022-08-22	41.5	40.5	41.5	41.0	682600
2022-08-23	40.5	40.25	42.0	41.5	776500
2022-08-24	41.0	41.0	42.75	42.0	583700
2022-08-25	42.75	42.5	43.0	42.5	472300
2022-08-26	42.5	42.0	42.75	42.25	675300
2022-08-29	41.5	41.5	44.0	43.0	2491800
2022-08-30	42.75	42.75	45.75	45.0	2213200
2022-08-31	45.5	43.75	45.75	44.5	1891400
2022-09-01	44.5	43.5	45.0	44.25	1082700
2022-09-02	44.0	43.75	45.25	45.0	1161000
2022-09-05	45.0	44.25	45.25	44.75	613900
2022-09-06	45.0	44.75	47.0	47.0	1400000
2022-09-07	46.75	45.5	46.75	45.75	1139900
2022-09-08	45.75	45.75	47.0	46.0	609000
2022-09-09	45.75	45.5	46.5	46.0	542600
2022-09-12	45.75	44.0	46.0	44.5	1831500
2022-09-13	45.0	42.75	45.75	43.0	2180000
2022-09-14	42.0	42.0	45.25	45.0	1438100
2022-09-15	45.25	44.0	45.75	44.0	854300
2022-09-16	44.0	43.5	45.75	45.0	1454600
2022-09-19	44.5	44.5	48.0	47.75	2380500
2022-09-20	48.0	46.5	48.25	47.0	1078600
2022-09-21	46.75	46.0	47.25	46.5	508600
2022-09-22	46.5	46.25	47.5	46.25	649300
2022-09-23	47.25	45.5	47.25	45.5	727700
2022-09-26	46.0	43.75	46.0	43.75	1621300
2022-09-27	44.25	42.75	44.75	43.5	897900
2022-09-28	43.0	43.0	44.25	43.75	391800
2022-09-29	44.25	42.75	44.25	42.75	442900
2022-09-30	42.5	41.25	42.5	41.75	762600
2022-10-03	40.5	40.25	41.75	41.5	1072000
2022-10-04	41.5	41.5	43.5	43.0	490200
2022-10-05	42.5	42.5	44.0	44.0	989300
2022-10-06	44.0	43.5	45.0	44.25	1233200
2022-10-07	44.25	43.0	44.25	44.25	1278200
2022-10-10	43.5	42.25	44.75	42.5	1645800
2022-10-11	42.25	42.25	43.0	42.25	1110000
2022-10-12	42.25	41.5	43.25	43.25	547400
2022-10-17	43.25	42.25	43.25	43.0	377500
2022-10-18	42.75	42.75	43.5	42.75	237200
2022-10-19	43.0	42.75	44.5	44.0	591400
2022-10-20	44.0	43.25	45.5	45.25	800200
2022-10-21	45.25	44.25	46.5	44.25	682900
2022-10-25	44.5	43.25	45.25	43.75	645600
2022-10-26	43.25	43.25	44.0	43.25	225200
2022-10-27	43.75	43.0	43.75	43.25	330700
2022-10-28	43.5	42.5	43.5	42.5	1118700
2022-10-31	42.75	40.5	43.5	40.5	545600
2022-11-01	40.25	40.0	42.75	41.0	1343900
2022-11-02	41.0	40.25	41.25	41.0	722000
2022-11-03	40.5	39.75	41.25	39.75	904100
2022-11-04	39.5	38.25	40.5	40.25	2315100
2022-11-07	39.5	39.5	40.5	39.5	872000
2022-11-08	39.75	39.75	41.75	40.5	2781300
2022-11-09	40.75	39.0	41.0	39.0	862500
2022-11-10	40.5	38.75	41.25	39.0	2395600
2022-11-11	40.0	38.0	40.0	38.5	1648700
2022-11-14	38.25	37.5	38.5	37.5	871100
2022-11-15	37.75	37.25	39.0	38.5	999700
2022-11-16	38.75	38.0	40.5	40.25	2732400
2022-11-17	40.25	39.25	40.5	39.75	1732700
2022-11-18	39.5	38.75	40.25	40.0	1926500
2022-11-21	40.0	39.75	41.25	40.5	870600
2022-11-22	40.5	39.25	40.5	39.5	953900
2022-11-23	39.5	39.25	39.75	39.5	1081100
2022-11-24	39.5	39.5	40.0	39.75	456600
2022-11-25	39.75	39.0	40.0	40.0	492800
2022-11-28	39.75	39.25	40.0	39.75	317900
2022-11-29	39.75	39.0	39.75	39.0	359100
2022-11-30	39.0	38.25	39.25	38.75	986800
2022-12-01	39.0	38.5	39.5	38.75	486100
2022-12-02	39.0	38.0	39.0	38.5	616600
2022-12-06	38.5	38.25	39.25	39.25	437800
2022-12-07	38.75	38.75	39.25	39.0	695600
2022-12-08	39.0	38.75	41.25	40.75	1576000
2022-12-09	41.25	40.5	41.5	40.75	817300
2022-12-13	40.5	40.25	41.5	40.5	627600
2022-12-14	40.75	40.5	41.0	40.5	528500
2022-12-15	40.5	39.5	41.0	40.0	969000
2022-12-16	40.25	39.25	40.5	39.5	724800
2022-12-19	39.75	39.25	40.5	39.75	773600
2022-12-20	40.0	38.75	40.0	38.75	777800
2022-12-21	38.75	38.75	40.0	40.0	614700
2022-12-22	39.75	39.5	41.25	41.0	1110500
2022-12-23	41.0	40.75	41.25	41.25	443400
2022-12-26	41.25	41.25	43.0	42.5	1100800
2022-12-27	42.25	41.5	42.75	42.75	959800
2022-12-28	42.75	42.5	44.0	43.5	879500
2022-12-29	43.5	43.25	44.25	44.25	708000
2022-12-30	44.5	43.5	44.5	44.25	748300
