Date	Price Open	Price Low	Price High	Price Close	Volume
2015-02-23	9.4	9.4	13.2	12.4	976790900
2015-02-24	12.7	11.2	13.1	11.2	236981700
2015-02-25	11.3	11.1	12.4	12.4	186246300
2015-02-26	12.3	11.7	13.4	11.7	267455500
2015-02-27	11.9	11.7	12.3	11.8	49243200
2015-03-02	12.0	11.9	13.4	13.4	191337200
2015-03-03	13.5	12.6	14.0	12.7	165581700
2015-03-05	12.9	12.4	13.2	13.2	114936900
2015-03-06	13.2	13.0	13.7	13.4	117087900
2015-03-09	13.3	13.1	13.8	13.3	91834200
2015-03-10	13.5	12.9	13.7	12.9	105640100
2015-03-11	12.9	12.7	13.3	13.3	46418100
2015-03-12	13.3	13.0	13.3	13.0	28367700
2015-03-13	13.1	13.0	13.6	13.5	65825300
2015-03-16	13.5	12.9	13.5	12.9	37520200
2015-03-17	13.1	12.8	13.2	12.9	49672100
2015-03-18	12.8	12.4	12.9	12.7	29870600
2015-03-19	12.9	12.0	13.1	12.0	51200500
2015-03-20	12.2	11.8	12.3	11.9	22924300
2015-03-23	12.0	11.9	12.2	11.9	13540000
2015-03-24	12.0	11.3	12.0	11.5	14105800
2015-03-25	11.5	11.4	11.9	11.5	7707300
2015-03-26	11.4	11.2	11.6	11.2	6029500
2015-03-27	11.2	10.6	11.2	10.8	10907800
2015-03-30	10.9	10.9	11.7	11.7	14019200
2015-03-31	11.7	11.6	12.1	11.9	15386900
2015-04-01	11.9	11.9	12.5	12.4	20303200
2015-04-02	12.5	12.2	12.8	12.5	16940100
2015-04-03	12.5	12.4	12.7	12.4	4625400
2015-04-07	12.5	12.3	12.6	12.5	15582600
2015-04-08	12.5	12.1	12.6	12.1	7726800
2015-04-09	12.1	11.7	12.1	11.8	5739300
2015-04-10	11.9	11.9	12.1	12.0	1457300
2015-04-16	12.1	12.0	12.4	12.4	6751400
2015-04-17	12.5	12.3	12.8	12.6	18246300
2015-04-20	12.6	12.4	12.7	12.5	3666600
2015-04-21	12.6	12.4	13.2	13.1	22802200
2015-04-22	13.1	12.9	13.3	13.3	21652600
2015-04-23	13.3	12.9	13.3	13.0	11054000
2015-04-24	13.1	12.9	13.4	13.3	16101000
2015-04-27	13.5	13.2	14.1	13.3	82014800
2015-04-28	13.3	12.7	13.4	12.8	25277700
2015-04-29	12.7	12.6	12.9	12.8	11829900
2015-04-30	12.8	12.8	13.2	13.1	12826100
2015-05-06	13.1	12.8	13.1	13.0	7328800
2015-05-07	13.0	12.6	13.1	12.8	11560800
2015-05-08	12.8	12.6	13.0	12.9	5145100
2015-05-11	13.0	12.8	13.0	12.8	3978200
2015-05-12	12.8	12.5	12.9	12.8	10032900
2015-05-13	12.8	12.4	13.1	13.0	14058500
2015-05-14	12.9	12.7	13.0	12.9	6445500
2015-05-15	12.9	12.9	13.4	13.3	19775800
2015-05-18	13.3	13.1	13.4	13.1	6652000
2015-05-19	13.2	13.1	13.7	13.5	36135700
2015-05-20	13.6	13.3	13.7	13.3	24791000
2015-05-21	13.3	13.2	13.4	13.3	6812100
2015-05-22	13.4	13.4	14.2	13.9	77581400
2015-05-25	14.0	13.9	14.6	14.5	45266300
2015-05-26	14.5	13.7	14.7	13.7	24438900
2015-05-27	13.7	13.5	14.0	13.9	17114000
2015-05-28	13.9	13.7	14.0	13.8	8327500
2015-05-29	13.8	13.7	14.3	14.3	8004000
2015-06-02	14.0	13.4	14.0	13.7	6691000
2015-06-03	13.6	13.5	14.0	13.9	4602500
2015-06-04	13.9	13.7	14.3	14.3	5444400
2015-06-05	14.3	14.0	15.0	14.8	12952800
2015-06-08	14.8	14.5	14.9	14.7	4009300
2015-06-09	14.5	14.2	14.6	14.4	5186200
2015-06-10	14.5	14.3	14.6	14.4	2157700
2015-06-11	14.4	14.4	15.0	15.0	9226300
2015-06-12	15.0	14.5	15.0	14.8	7041700
2015-06-15	14.6	14.5	14.8	14.6	1847000
2015-06-16	14.6	14.6	15.2	15.2	8144400
2015-06-17	15.2	14.9	15.2	15.2	6240000
2015-06-18	15.1	15.0	15.2	15.2	1668200
2015-06-19	15.2	14.0	15.5	14.6	13579200
2015-06-22	14.5	14.0	14.6	14.3	7387300
2015-06-23	14.3	14.3	14.6	14.5	2661500
2015-06-24	14.5	14.4	14.7	14.6	3037000
2015-06-25	14.6	14.4	14.8	14.8	2700300
2015-06-26	14.8	14.4	14.8	14.5	1347900
2015-06-29	14.1	14.1	14.5	14.3	2898000
2015-06-30	14.2	14.2	14.4	14.3	536400
2015-07-02	14.3	14.3	14.7	14.4	3349200
2015-07-03	14.4	14.3	14.7	14.5	4892400
2015-07-06	14.5	14.1	14.5	14.2	4757700
2015-07-07	14.2	14.2	14.4	14.3	1502200
2015-07-08	14.2	14.0	14.2	14.2	2814100
2015-07-09	13.9	13.5	14.0	14.0	7225600
2015-07-10	13.9	13.9	14.1	14.0	3332200
2015-07-13	14.1	13.9	14.6	14.6	6891700
2015-07-14	14.6	14.2	14.7	14.3	6315600
2015-07-15	14.3	14.2	14.4	14.2	4796500
2015-07-16	14.3	13.8	14.3	13.8	5020100
2015-07-17	13.8	13.6	14.0	13.7	1636400
2015-07-20	13.6	12.6	13.6	12.7	7713500
2015-07-21	12.8	12.3	13.1	13.1	8115900
2015-07-22	12.9	12.8	13.4	13.3	3031300
2015-07-23	13.3	12.9	13.4	13.0	3129400
2015-07-24	13.0	12.6	13.0	12.8	4539200
2015-07-27	12.8	11.8	12.8	12.2	9764500
2015-07-28	12.0	11.9	12.5	12.0	2540700
2015-07-29	12.1	11.9	12.5	12.3	3839400
2015-07-31	12.3	12.2	12.3	12.2	1514200
2015-08-03	12.2	12.1	12.3	12.2	1236300
2015-08-04	12.2	11.9	12.2	12.0	1622600
2015-08-05	11.9	11.7	12.1	11.7	3503100
2015-08-06	11.7	11.7	12.2	11.9	3231800
2015-08-07	12.0	11.9	13.0	12.7	14456000
2015-08-10	12.7	12.7	13.0	12.8	3651000
2015-08-11	12.8	12.1	12.9	12.3	3541800
2015-08-13	12.0	11.4	12.0	11.9	5854500
2015-08-14	11.9	11.8	12.6	12.4	6487700
2015-08-17	12.4	12.1	12.5	12.2	1439700
2015-08-18	11.6	11.5	12.0	11.6	4639700
2015-08-19	11.6	11.6	12.1	11.7	3427400
2015-08-20	11.7	11.6	11.9	11.6	1372200
2015-08-21	11.7	11.5	11.7	11.6	1624300
2015-08-24	11.0	9.55	11.1	9.65	18497600
2015-08-25	9.85	8.75	10.0	9.95	12118900
2015-08-26	9.8	9.55	10.0	9.55	4858100
2015-08-27	9.8	9.7	10.3	10.0	15127300
2015-08-28	10.2	10.2	10.7	10.5	21014100
2015-08-31	10.5	10.5	11.1	10.8	9394300
2015-09-01	10.9	10.2	10.9	10.4	4514000
2015-09-02	10.4	10.2	10.8	10.7	3208500
2015-09-03	10.8	10.7	10.9	10.7	3148900
2015-09-04	10.7	10.2	10.9	10.3	7503500
2015-09-07	10.2	10.0	10.3	10.1	3434100
2015-09-08	10.2	9.95	10.3	10.1	4707900
2015-09-09	10.2	10.2	10.5	10.4	6503200
2015-09-10	10.3	10.2	10.5	10.2	5664700
2015-09-11	10.3	9.85	10.4	9.9	11649900
2015-09-14	9.95	9.8	10.0	9.85	1903900
2015-09-15	9.9	9.75	10.1	9.9	4292200
2015-09-16	9.9	9.85	10.1	9.95	1880100
2015-09-17	10.0	9.95	10.3	10.1	7740400
2015-09-18	10.2	10.1	10.4	10.1	4063900
2015-09-21	10.1	10.1	10.2	10.1	1686500
2015-09-22	10.2	9.85	10.2	9.9	4299500
2015-09-23	9.85	9.85	10.0	9.9	1759200
2015-09-24	9.9	9.75	9.95	9.75	2931800
2015-09-25	9.8	9.7	9.8	9.75	1621500
2015-09-28	9.75	9.6	9.75	9.6	1045100
2015-09-29	9.5	9.5	9.65	9.6	1844400
2015-09-30	9.6	9.2	9.7	9.3	6984800
2015-10-01	9.3	7.4	9.35	8.25	42117200
2015-10-02	8.4	7.85	8.65	7.9	23567000
2015-10-05	8.05	7.9	8.15	7.95	7621000
2015-10-06	8.0	7.7	8.1	7.75	8076800
2015-10-07	7.8	7.4	7.8	7.5	15524000
2015-10-08	7.55	7.55	7.9	7.6	23589500
2015-10-09	7.75	7.7	9.35	9.2	155209900
2015-10-12	9.15	8.8	9.7	8.95	94201000
2015-10-13	9.15	8.9	9.4	8.95	35733800
2015-10-14	9.05	8.95	9.35	9.3	33471400
2015-10-15	9.45	9.45	10.1	10.1	74345000
2015-10-16	10.0	9.6	10.2	9.7	37648100
2015-10-19	9.75	9.7	10.1	9.8	28914300
2015-10-20	9.85	9.85	10.2	9.85	25323300
2015-10-21	10.0	9.6	10.0	9.6	17969900
2015-10-22	9.7	9.5	9.95	9.65	25639100
2015-10-26	9.75	9.55	9.85	9.65	9944900
2015-10-27	9.65	9.6	10.6	10.6	55790300
2015-10-28	10.6	10.1	10.7	10.4	73091400
2015-10-29	10.5	9.9	10.6	9.9	50305300
2015-10-30	9.85	9.5	9.9	9.6	23452300
2015-11-02	9.6	9.6	9.9	9.75	23370500
2015-11-03	9.9	9.9	10.4	10.1	69134200
2015-11-04	10.2	10.0	10.2	10.0	19238500
2015-11-05	10.0	9.8	10.2	9.85	23752800
2015-11-06	9.85	9.65	10.0	9.75	13892100
2015-11-09	9.85	9.7	9.95	9.75	10839900
2015-11-10	9.75	9.55	9.8	9.55	11945300
2015-11-11	9.55	8.75	9.55	8.75	32883200
2015-11-12	8.85	8.75	9.1	8.85	10672300
2015-11-13	8.9	8.65	8.9	8.8	4064300
2015-11-16	8.65	8.65	8.85	8.8	1907300
2015-11-17	8.9	8.85	9.2	9.0	12104200
2015-11-18	9.0	8.85	9.1	8.85	6468600
2015-11-19	8.95	8.8	9.05	8.9	3417200
2015-11-20	8.85	8.85	9.25	9.15	11937800
2015-11-23	9.15	8.85	9.3	8.9	8503600
2015-11-24	8.9	8.15	9.0	8.4	22733300
2015-11-25	8.4	7.8	8.4	8.1	24332800
2015-11-26	8.05	7.9	8.1	7.95	5261800
2015-11-27	8.0	7.95	8.3	8.15	11032100
2015-11-30	8.2	8.05	8.3	8.15	4913300
2015-12-01	8.2	7.8	8.2	7.8	5965500
2015-12-02	7.9	7.5	7.9	7.55	8221200
2015-12-03	7.6	7.05	7.7	7.7	7870000
2015-12-04	7.55	7.4	7.55	7.5	6549200
2015-12-08	7.4	7.05	7.4	7.05	2868400
2015-12-09	7.1	6.95	7.25	7.0	4799000
2015-12-11	7.0	6.85	7.3	7.3	7903600
2015-12-14	7.15	7.05	7.3	7.1	4194900
2015-12-15	7.2	7.15	7.75	7.7	14617300
2015-12-16	7.65	7.3	7.8	7.35	7191800
2015-12-17	7.35	7.35	7.6	7.55	3734000
2015-12-18	7.5	7.2	7.5	7.2	2915700
2015-12-21	7.15	6.9	7.2	7.0	2826300
2015-12-22	7.05	6.9	7.1	6.9	1933200
2015-12-23	6.95	6.9	7.15	7.05	3839000
2015-12-24	7.15	7.1	7.2	7.1	3098800
2015-12-25	7.15	7.0	7.25	7.1	2542400
2015-12-28	7.1	7.1	7.4	7.15	3635000
2015-12-29	7.2	7.15	7.3	7.2	1662300
2015-12-30	7.25	7.15	7.3	7.15	1446800
2016-01-04	7.15	7.0	7.2	7.0	1234200
2016-01-05	7.0	6.65	7.05	6.7	3571500
2016-01-06	6.7	6.7	6.8	6.7	1522200
2016-01-07	6.7	6.4	6.7	6.45	2530400
2016-01-08	6.5	6.3	6.55	6.45	1365200
2016-01-11	6.4	6.3	6.45	6.4	480100
2016-01-12	6.4	6.4	6.65	6.65	3650400
2016-01-13	6.75	6.65	7.0	6.8	7945200
2016-01-14	6.7	6.55	6.7	6.6	2313500
2016-01-15	6.65	6.6	6.8	6.6	3218600
2016-01-18	6.5	6.45	6.75	6.6	5080100
2016-01-19	6.65	6.65	7.45	7.35	39873100
2016-01-20	7.2	6.9	7.25	7.05	17112100
2016-01-21	7.15	6.95	7.25	7.05	13166800
2016-01-22	7.2	7.05	7.45	7.4	27659300
2016-01-25	7.45	7.2	7.7	7.2	27436100
2016-01-26	7.2	7.05	7.3	7.25	8502200
2016-01-27	7.4	7.2	7.4	7.2	5372600
2016-01-28	7.3	7.15	7.3	7.25	2916600
2016-01-29	7.3	7.2	7.35	7.25	4115000
2016-02-01	7.3	7.15	7.3	7.2	1535300
2016-02-02	7.15	6.9	7.15	6.95	3553500
2016-02-03	6.9	6.7	6.9	6.75	4038000
2016-02-04	6.85	6.8	7.05	6.9	3909200
2016-02-05	7.0	6.85	7.05	6.85	3245800
2016-02-08	6.9	6.8	7.0	6.9	1852500
2016-02-09	6.9	6.8	7.0	6.8	1489700
2016-02-10	6.8	6.7	6.9	6.75	2415700
2016-02-11	6.75	6.6	7.0	6.6	3941800
2016-02-12	6.65	6.55	6.7	6.6	2166000
2016-02-15	6.7	6.55	6.75	6.6	943700
2016-02-16	6.65	6.6	6.7	6.6	748500
2016-02-17	6.55	6.35	6.6	6.4	2681400
2016-02-18	6.55	6.45	6.75	6.65	4348000
2016-02-19	6.65	6.55	6.65	6.55	1522800
2016-02-23	6.6	6.6	6.75	6.7	2058100
2016-02-24	6.6	6.4	6.6	6.45	4158100
2016-02-25	6.5	6.4	6.65	6.5	2843100
2016-02-26	6.55	6.45	6.55	6.5	1719900
2016-02-29	6.5	6.4	6.5	6.45	1817800
2016-03-01	6.45	6.4	6.55	6.45	1006700
2016-03-02	6.5	6.45	6.8	6.7	8060900
2016-03-03	6.75	6.6	6.85	6.7	6022900
2016-03-04	6.75	6.5	6.75	6.6	2527700
2016-03-07	6.65	6.55	6.7	6.6	1741700
2016-03-08	6.55	6.5	6.65	6.55	1563900
2016-03-09	6.55	6.45	6.55	6.45	3220100
2016-03-10	6.55	6.45	6.7	6.6	4627400
2016-03-11	6.65	6.55	6.7	6.65	2463300
2016-03-14	6.7	6.7	7.1	7.0	24210300
2016-03-15	7.0	6.8	7.05	6.85	13880000
2016-03-16	6.9	6.7	7.0	6.75	8813300
2016-03-17	6.85	6.55	6.85	6.6	6303100
2016-03-18	6.6	6.35	6.7	6.45	9720300
2016-03-21	6.45	6.4	6.6	6.5	7723000
2016-03-22	6.6	6.55	6.75	6.55	10927900
2016-03-23	6.6	6.55	6.6	6.6	2956900
2016-03-24	6.65	6.55	6.65	6.55	1939700
2016-03-25	6.55	6.5	6.65	6.55	2961900
2016-03-28	6.55	6.55	6.6	6.55	1911300
2016-03-29	6.55	6.5	6.6	6.55	1645900
2016-03-30	6.6	6.6	6.85	6.8	12969700
2016-03-31	6.8	6.65	6.8	6.75	6128100
2016-04-01	6.7	6.7	6.95	6.95	12526300
2016-04-04	7.0	6.95	7.45	7.3	38301300
2016-04-05	7.3	7.2	7.5	7.3	19086900
2016-04-07	7.35	7.25	7.5	7.35	16246600
2016-04-08	7.35	6.9	7.35	7.1	7848200
2016-04-11	7.15	7.0	7.15	7.05	2562600
2016-04-12	7.05	7.05	7.3	7.3	3658000
2016-04-18	7.3	7.25	7.95	7.9	36621000
2016-04-19	7.9	7.75	8.15	8.15	25773900
2016-04-20	8.2	7.9	8.25	7.95	12844300
2016-04-21	7.9	7.7	7.95	7.9	8046300
2016-04-22	8.0	7.75	8.1	7.75	7147400
2016-04-25	7.75	7.65	7.85	7.85	4745500
2016-04-26	7.85	7.8	8.15	7.85	22300200
2016-04-27	7.95	7.8	8.05	7.8	10635700
2016-04-28	7.85	7.35	7.9	7.35	13571500
2016-04-29	7.35	7.3	7.6	7.35	8130100
2016-05-03	7.35	7.25	7.35	7.25	2484800
2016-05-04	7.25	7.1	7.25	7.1	3045800
2016-05-06	7.25	7.1	7.25	7.1	3045800
2016-05-09	7.1	7.0	7.15	7.1	1726500
2016-05-10	7.1	7.1	7.6	7.5	10154200
2016-05-11	7.5	7.15	7.5	7.2	6953400
2016-05-12	7.2	7.15	7.35	7.25	4266300
2016-05-13	7.3	7.25	7.8	7.7	23675600
2016-05-16	7.75	7.55	7.9	7.55	12209400
2016-05-17	7.65	7.45	7.75	7.5	7410800
2016-05-18	7.4	7.2	7.5	7.3	8605800
2016-05-19	7.25	7.15	7.3	7.15	4340800
2016-05-23	7.25	7.05	7.25	7.05	3582200
2016-05-24	7.05	7.05	7.3	7.3	2794100
2016-05-25	7.35	7.2	7.4	7.25	2903600
2016-05-26	7.25	7.15	7.3	7.2	1797900
2016-05-27	7.15	7.15	7.4	7.3	3954500
2016-05-30	7.4	7.3	7.65	7.65	13294000
2016-05-31	7.75	7.5	7.75	7.55	9668400
2016-06-01	7.6	7.4	7.6	7.45	3649500
2016-06-02	7.5	7.35	7.5	7.35	4538000
2016-06-03	7.4	7.3	7.6	7.55	13309900
2016-06-06	7.6	7.55	7.75	7.55	10528500
2016-06-07	7.6	7.5	7.7	7.5	6414800
2016-06-08	7.55	7.45	7.6	7.6	3819100
2016-06-09	7.65	7.65	8.0	7.7	32328500
2016-06-10	7.7	7.55	7.7	7.6	8221300
2016-06-13	7.55	7.5	7.75	7.7	7860400
2016-06-14	7.75	7.65	7.8	7.65	3940800
2016-06-15	7.7	7.65	7.85	7.75	7092200
2016-06-16	7.8	7.55	7.9	7.6	12289700
2016-06-17	7.7	7.55	7.7	7.6	4788300
2016-06-20	7.65	7.6	7.8	7.65	10395400
2016-06-21	7.65	7.65	7.95	7.85	15525500
2016-06-22	7.9	7.65	7.9	7.7	6718300
2016-06-23	7.7	7.65	7.85	7.75	3158800
2016-06-24	7.6	7.35	7.65	7.55	8567100
2016-06-27	7.5	7.45	7.6	7.55	3587600
2016-06-28	7.6	7.3	7.6	7.45	8672500
2016-06-29	7.45	7.3	7.5	7.35	4903900
2016-06-30	7.4	7.25	7.45	7.35	3528900
2016-07-04	7.4	7.3	7.4	7.35	2054600
2016-07-05	7.3	7.2	7.4	7.25	5355000
2016-07-06	7.2	7.2	7.45	7.3	5876700
2016-07-07	7.3	7.3	7.65	7.5	12911200
2016-07-08	7.5	7.5	7.75	7.5	12785200
2016-07-11	7.5	7.4	7.55	7.4	3597000
2016-07-12	7.4	7.3	7.4	7.3	4878900
2016-07-13	7.3	7.25	7.4	7.3	2033400
2016-07-14	7.35	7.2	7.4	7.3	3022900
2016-07-15	7.3	7.25	7.5	7.35	10833600
2016-07-20	7.35	7.3	7.4	7.3	2139800
2016-07-21	7.35	7.25	7.4	7.25	1921500
2016-07-22	7.25	7.25	7.45	7.35	5812400
2016-07-25	7.35	7.35	7.55	7.45	7059800
2016-07-26	7.5	7.45	7.75	7.6	22018500
2016-07-27	7.65	7.6	7.75	7.65	9493200
2016-07-28	7.75	7.6	7.8	7.75	6786800
2016-07-29	7.85	7.7	7.95	7.75	6304800
2016-08-01	7.8	7.6	7.8	7.65	5167500
2016-08-02	7.65	7.55	7.7	7.6	4402600
2016-08-03	7.6	7.6	7.75	7.65	4342600
2016-08-04	7.7	7.65	7.75	7.65	1626800
2016-08-05	7.7	7.6	7.7	7.65	1230900
2016-08-08	7.7	7.65	7.7	7.65	2443100
2016-08-09	7.65	7.65	7.9	7.8	7664100
2016-08-10	7.85	7.8	8.45	8.45	47910500
2016-08-11	8.45	8.2	8.45	8.35	14293700
2016-08-15	8.25	8.25	8.6	8.45	14200400
2016-08-16	8.5	8.15	8.55	8.25	10911800
2016-08-17	8.35	8.3	8.55	8.3	11389000
2016-08-18	8.3	7.95	8.4	8.05	11488700
2016-08-19	8.05	7.8	8.15	7.85	7777800
2016-08-22	7.85	7.8	7.95	7.85	6092900
2016-08-23	7.85	7.85	8.2	8.05	10345500
2016-08-24	8.05	8.0	8.15	8.0	7169300
2016-08-25	8.05	7.85	8.1	7.9	3835900
2016-08-26	7.9	7.9	8.25	8.25	10323800
2016-08-29	8.3	8.05	8.3	8.05	6803700
2016-08-30	8.15	8.15	8.5	8.45	24225200
2016-08-31	8.55	8.25	8.6	8.4	13257900
2016-09-01	8.25	8.25	8.55	8.3	10499500
2016-09-02	8.3	7.95	8.3	7.95	10642000
2016-09-05	8.0	7.3	8.0	7.65	11457800
2016-09-06	7.6	7.6	7.9	7.8	7304200
2016-09-07	7.85	7.8	8.05	7.8	5884500
2016-09-08	7.8	7.4	7.8	7.5	10387300
2016-09-09	7.4	7.4	7.6	7.5	6057600
2016-09-12	7.15	6.95	7.3	7.2	5126800
2016-09-13	7.3	7.3	7.4	7.35	4378800
2016-09-14	7.3	7.3	7.45	7.45	1059200
2016-09-15	7.45	7.4	7.65	7.55	7741900
2016-09-16	7.55	7.4	7.65	7.45	2104600
2016-09-19	7.4	7.35	7.5	7.45	982900
2016-09-20	7.45	7.35	7.5	7.35	1978400
2016-09-21	7.35	7.35	7.5	7.4	2492100
2016-09-22	7.45	7.4	7.55	7.5	2229700
2016-09-23	7.5	7.4	7.5	7.4	1987400
2016-09-26	7.4	7.35	7.55	7.5	1143100
2016-09-27	7.5	7.5	7.6	7.55	2036400
2016-09-28	7.6	7.45	7.6	7.55	1982200
2016-09-29	7.6	7.5	7.65	7.55	674900
2016-09-30	7.6	7.5	7.6	7.55	1812500
2016-10-03	7.6	7.5	7.6	7.55	741900
2016-10-04	7.6	7.55	7.75	7.7	2791900
2016-10-05	7.75	7.55	7.75	7.6	1141300
2016-10-06	7.65	7.55	7.65	7.6	699100
2016-10-07	7.55	7.55	7.65	7.6	1006900
2016-10-10	7.0	7.0	7.2	7.1	3455200
2016-10-11	7.15	7.05	7.2	7.15	1271500
2016-10-12	7.05	6.0	7.1	6.45	5000000
2016-10-13	6.45	5.9	6.6	6.45	6534500
2016-10-14	6.8	6.65	7.5	7.2	4129700
2016-10-17	7.15	7.15	7.4	7.3	986700
2016-10-18	7.2	7.05	7.3	7.2	1331500
2016-10-19	7.3	7.2	7.4	7.35	2037200
2016-10-20	7.45	7.45	7.55	7.5	2881900
2016-10-21	7.4	7.4	7.5	7.45	270300
2016-10-25	7.5	7.35	7.5	7.4	953600
2016-10-26	7.45	7.35	7.5	7.35	2631500
2016-10-27	7.3	7.25	7.45	7.35	396300
2016-10-28	7.4	7.35	7.45	7.35	410000
2016-10-31	7.4	7.3	7.45	7.4	408700
2016-11-01	7.45	7.35	7.45	7.4	357200
2016-11-02	7.4	7.3	7.4	7.35	425800
2016-11-03	7.35	7.35	7.65	7.45	5514400
2016-11-04	7.55	7.45	7.75	7.5	6017800
2016-11-07	7.5	7.5	7.9	7.65	8890700
2016-11-08	7.75	7.55	7.75	7.65	3170300
2016-11-09	7.55	7.5	7.65	7.65	1733000
2016-11-10	7.65	7.65	7.9	7.8	4917200
2016-11-11	7.75	7.55	7.85	7.6	4756400
2016-11-14	7.6	7.4	7.6	7.4	746200
2016-11-15	7.4	7.3	7.45	7.3	1332300
2016-11-16	7.3	7.3	7.7	7.7	1394500
2016-11-17	7.65	7.6	7.8	7.75	2263800
2016-11-18	7.7	7.7	8.05	7.95	7937000
2016-11-21	8.1	7.85	8.15	8.1	15744200
2016-11-22	8.1	7.85	8.1	7.95	5204500
2016-11-23	7.95	7.85	8.05	7.9	3771400
2016-11-24	7.95	7.85	8.0	7.95	1779200
2016-11-25	8.0	7.95	8.2	8.05	6796600
2016-11-28	8.05	7.8	8.05	7.85	5328600
2016-11-29	7.85	7.8	8.05	7.85	6375600
2016-11-30	7.85	7.8	7.95	7.9	1911000
2016-12-01	7.95	7.75	7.95	7.8	3547400
2016-12-02	7.8	7.6	7.85	7.6	2929600
2016-12-06	7.7	7.7	7.8	7.8	1916500
2016-12-07	7.8	7.75	8.05	7.95	8695300
2016-12-08	8.0	7.9	8.2	8.1	13640900
2016-12-09	8.15	8.0	8.25	8.05	7716700
2016-12-13	8.05	8.05	8.6	8.6	31097500
2016-12-14	8.75	8.55	8.8	8.6	33199900
2016-12-15	8.55	8.55	8.85	8.65	22603500
2016-12-16	8.7	8.55	8.85	8.7	11117000
2016-12-19	8.8	8.4	8.8	8.5	16939600
2016-12-20	8.25	7.95	8.3	8.15	64379000
2016-12-21	8.2	8.2	8.45	8.45	15919600
2016-12-22	8.45	8.3	8.65	8.3	15395700
2016-12-23	8.35	8.35	8.7	8.7	16340300
2016-12-26	8.65	8.55	8.8	8.6	8100100
2016-12-27	8.65	8.6	9.3	9.3	64168000
2016-12-28	9.3	8.85	9.3	8.95	36964000
2016-12-29	9.0	8.95	9.1	8.95	13160900
2016-12-30	9.0	8.9	9.2	9.0	12798200
2017-01-04	9.05	8.9	9.15	9.0	10025000
2017-01-05	9.0	8.65	9.05	8.75	13239000
2017-01-06	8.8	8.75	9.0	8.85	10503200
2017-01-09	8.85	8.55	8.9	8.6	9707100
2017-01-10	8.5	8.5	8.8	8.8	11261100
2017-01-11	8.85	8.7	8.9	8.75	12078200
2017-01-12	8.8	8.75	9.05	8.95	15171500
2017-01-13	8.95	8.85	9.15	8.85	14035600
2017-01-16	8.85	8.75	8.95	8.75	3712800
2017-01-17	8.75	8.7	8.9	8.75	3008200
2017-01-18	8.75	8.6	8.85	8.6	5113600
2017-01-19	8.6	8.5	8.65	8.55	3854200
2017-01-20	8.55	8.55	8.85	8.85	9240000
2017-01-23	8.85	8.8	9.05	8.95	12246100
2017-01-24	9.05	9.0	9.3	9.2	29971000
2017-01-25	9.35	9.3	9.55	9.5	42203000
2017-01-26	9.5	9.3	9.55	9.45	16401600
2017-01-27	9.4	9.25	9.45	9.4	11523300
2017-01-30	9.45	9.45	9.85	9.65	17367100
2017-01-31	9.65	9.45	9.75	9.5	10887900
2017-02-01	9.55	9.3	9.6	9.35	7810200
2017-02-02	9.3	9.3	9.5	9.35	3562700
2017-02-03	9.35	9.15	9.45	9.4	3530900
2017-02-06	9.4	9.25	9.45	9.4	1803100
2017-02-07	9.35	9.15	9.45	9.25	2183000
2017-02-08	9.25	8.6	9.3	8.75	16852600
2017-02-09	8.7	8.5	8.85	8.6	13048800
2017-02-10	8.7	8.6	8.75	8.65	2571200
2017-02-14	8.65	8.2	8.65	8.3	9520400
2017-02-15	8.3	8.05	8.3	8.15	11244600
2017-02-16	8.15	8.1	8.3	8.15	7108600
2017-02-17	8.2	8.1	8.3	8.25	2998100
2017-02-20	8.25	8.05	8.25	8.15	3098200
2017-02-21	8.15	7.9	8.2	8.0	5505700
2017-02-22	8.15	8.1	8.55	8.45	27203600
2017-02-23	8.4	8.25	8.45	8.4	6443000
2017-02-24	8.35	8.1	8.35	8.25	7703500
2017-02-27	8.25	8.1	8.25	8.1	3332700
2017-02-28	8.15	8.05	8.2	8.05	1766000
2017-03-01	8.05	8.0	8.1	8.05	2796300
2017-03-02	8.1	8.0	8.25	8.25	8517300
2017-03-03	8.25	8.1	8.25	8.15	2103400
2017-03-06	8.1	7.95	8.15	8.0	2810600
2017-03-07	8.0	7.7	8.05	7.85	8423400
2017-03-08	7.85	7.55	7.9	7.7	5302100
2017-03-09	7.7	7.65	8.05	8.0	8602200
2017-03-10	8.0	7.85	8.0	7.85	1783100
2017-03-13	7.85	7.6	7.85	7.6	2550600
2017-03-14	7.6	7.6	7.85	7.85	2021100
2017-03-15	7.85	7.75	7.9	7.75	1162100
2017-03-16	7.85	7.75	7.95	7.9	3790000
2017-03-17	7.9	7.8	7.9	7.85	614600
2017-03-20	7.9	7.8	7.95	7.8	2644600
2017-03-21	7.85	7.85	8.15	8.15	13001400
2017-03-22	8.1	7.9	8.1	7.9	5944400
2017-03-23	7.95	7.8	8.05	7.8	6434500
2017-03-24	7.9	7.85	8.05	8.0	6092100
2017-03-27	8.0	8.0	8.15	8.15	4925400
2017-03-28	8.15	8.05	8.15	8.05	2613100
2017-03-29	8.15	8.1	8.4	8.4	18854700
2017-03-30	8.45	8.1	8.55	8.2	25490300
2017-03-31	8.2	8.2	8.4	8.35	6678000
2017-04-03	8.35	8.3	8.5	8.5	8506800
2017-04-04	8.5	8.4	8.5	8.45	4619800
2017-04-05	8.5	8.35	8.5	8.4	2369700
2017-04-07	8.35	8.25	8.4	8.3	4561000
2017-04-10	8.3	8.2	8.35	8.3	2112400
2017-04-11	8.3	8.25	8.35	8.35	658400
2017-04-12	8.35	8.3	8.35	8.3	1180400
2017-04-17	8.3	8.2	8.4	8.3	2608300
2017-04-18	8.3	8.3	8.35	8.3	1037000
2017-04-19	8.3	8.2	8.3	8.2	1435300
2017-04-20	8.15	8.15	8.25	8.2	725200
2017-04-21	8.15	8.1	8.25	8.15	934800
2017-04-24	8.1	7.85	8.2	7.9	5154500
2017-04-25	7.85	7.75	8.0	7.85	2647000
2017-04-26	7.85	7.85	7.95	7.9	850500
2017-04-27	7.9	7.8	7.9	7.85	560800
2017-04-28	7.85	7.8	7.9	7.85	1522100
2017-05-02	7.85	7.8	8.1	7.95	11896300
2017-05-03	8.05	8.0	8.2	8.0	12460900
2017-05-04	8.0	7.95	8.1	8.0	4264500
2017-05-05	8.0	7.85	8.0	7.85	4876900
2017-05-08	7.85	7.65	7.85	7.65	5707300
2017-05-09	7.55	6.95	7.55	7.05	16031800
2017-05-11	7.1	6.35	7.1	6.45	23765700
2017-05-12	6.4	6.1	6.45	6.25	10048900
2017-05-15	6.35	6.15	6.35	6.2	7078600
2017-05-16	6.2	6.15	6.25	6.2	11702900
2017-05-17	6.25	6.15	6.35	6.2	8382900
2017-05-18	6.2	6.15	6.25	6.2	6330900
2017-05-19	6.2	5.95	6.2	5.95	17107300
2017-05-22	6.05	6.0	6.15	6.15	4411200
2017-05-23	6.15	6.1	6.2	6.15	5507500
2017-05-24	6.15	6.1	6.4	6.35	15927600
2017-05-25	6.4	6.15	6.6	6.2	37044300
2017-05-26	6.25	6.0	6.35	6.05	23719700
2017-05-29	6.1	6.0	6.15	6.05	8323800
2017-05-30	6.05	6.05	6.1	6.1	5418000
2017-05-31	6.1	6.0	6.2	6.05	9847300
2017-06-01	6.05	5.95	6.05	5.95	4263400
2017-06-02	6.0	5.95	6.05	5.95	5318300
2017-06-05	6.0	5.65	6.0	5.75	8091400
2017-06-06	5.75	5.65	5.8	5.7	8186000
2017-06-07	5.75	5.75	5.95	5.85	8025500
2017-06-08	5.85	5.7	5.85	5.7	6194500
2017-06-09	5.7	5.6	5.8	5.65	10666600
2017-06-12	5.7	5.55	5.7	5.6	4681000
2017-06-13	5.6	5.6	5.75	5.65	7522700
2017-06-14	5.75	5.7	5.85	5.8	11944500
2017-06-15	5.75	5.7	5.95	5.85	14264600
2017-06-16	5.85	5.8	5.9	5.85	6362200
2017-06-19	5.9	5.7	5.9	5.7	5675100
2017-06-20	5.75	5.65	5.75	5.65	3812900
2017-06-21	5.7	5.65	5.8	5.8	7228500
2017-06-22	5.8	5.75	5.95	5.8	8759500
2017-06-23	5.8	5.75	5.85	5.75	2983000
2017-06-26	5.8	5.75	5.85	5.8	3593500
2017-06-27	5.85	5.75	5.85	5.75	3187100
2017-06-28	5.75	5.5	5.8	5.6	8884900
2017-06-29	5.65	5.5	5.65	5.55	4811100
2017-06-30	5.55	5.2	5.55	5.25	12492000
2017-07-03	5.3	5.25	5.4	5.3	2029000
2017-07-04	5.35	5.2	5.35	5.2	1445100
2017-07-05	5.2	5.2	5.3	5.25	1409100
2017-07-06	5.25	5.05	5.25	5.05	4396200
2017-07-07	5.05	5.0	5.1	5.0	2590100
2017-07-11	5.05	4.86	5.05	4.9	10327400
2017-07-12	4.9	4.88	5.1	5.05	14556200
2017-07-13	5.1	5.05	5.3	5.25	10970000
2017-07-14	5.25	5.15	5.3	5.25	3550700
2017-07-17	5.25	5.15	5.3	5.15	1037600
2017-07-18	5.15	5.0	5.15	5.0	2058700
2017-07-19	5.0	5.0	5.15	5.1	2809300
2017-07-20	5.1	5.05	5.15	5.1	733200
2017-07-21	5.15	5.05	5.15	5.1	616100
2017-07-24	5.1	5.0	5.1	5.0	715800
2017-07-25	5.0	5.0	5.05	5.0	1176700
2017-07-26	5.05	5.0	5.05	5.0	199300
2017-07-27	5.05	4.92	5.1	5.0	2275900
2017-07-31	5.0	4.96	5.05	4.98	779100
2017-08-01	4.96	4.94	4.98	4.96	1265600
2017-08-02	4.98	4.96	5.05	5.05	1407200
2017-08-03	5.1	5.0	5.15	5.0	4390200
2017-08-04	5.0	4.96	5.1	4.96	2204500
2017-08-07	4.98	4.96	5.0	4.96	719600
2017-08-08	4.98	4.92	4.98	4.94	1818600
2017-08-09	4.94	4.86	4.94	4.86	4060700
2017-08-10	4.86	4.7	4.92	4.72	8674300
2017-08-11	4.72	4.64	4.72	4.68	2658000
2017-08-15	4.64	4.64	4.74	4.68	1081400
2017-08-16	4.68	4.58	4.68	4.6	2416900
2017-08-17	4.6	4.52	4.6	4.56	2733800
2017-08-18	4.56	4.52	4.6	4.56	1551900
2017-08-21	4.56	4.52	4.58	4.52	1354400
2017-08-22	4.52	4.44	4.56	4.44	4000000
2017-08-23	4.46	4.36	4.46	4.38	3718700
2017-08-24	4.38	4.36	4.42	4.4	833000
2017-08-25	4.4	4.4	4.52	4.46	4839000
2017-08-28	4.48	4.46	4.6	4.6	12584100
2017-08-29	4.7	4.64	4.86	4.86	35546000
2017-08-30	4.82	4.78	4.88	4.78	6798800
2017-08-31	4.8	4.8	5.0	5.0	15474200
2017-09-01	5.05	5.0	5.25	5.1	15246600
2017-09-04	5.1	4.92	5.1	4.96	9045200
2017-09-05	4.98	4.92	5.1	5.05	5774700
2017-09-06	5.1	5.1	5.45	5.3	21158600
2017-09-07	5.4	5.3	5.4	5.35	5780900
2017-09-08	5.4	5.15	5.4	5.2	6679700
2017-09-11	5.2	5.15	5.45	5.45	7679900
2017-09-12	5.5	5.3	5.6	5.3	13021700
2017-09-13	5.4	5.3	5.45	5.35	3517400
2017-09-14	5.4	5.3	5.45	5.35	6112700
2017-09-15	5.4	5.2	5.4	5.2	3900400
2017-09-18	5.25	5.15	5.3	5.2	1435600
2017-09-19	5.2	5.15	5.25	5.15	1899600
2017-09-20	5.2	5.05	5.2	5.15	2125900
2017-09-21	5.15	5.15	5.35	5.15	4702400
2017-09-22	5.15	5.05	5.2	5.15	2362900
2017-09-25	5.2	5.1	5.2	5.15	1812500
2017-09-26	5.15	5.0	5.15	5.05	4344100
2017-09-27	5.05	5.0	5.1	5.0	2361800
2017-09-28	5.05	4.94	5.05	4.96	3697500
2017-09-29	4.94	4.94	5.2	5.0	6083000
2017-10-02	5.05	4.96	5.05	5.0	3209800
2017-10-03	5.0	4.98	5.05	5.0	961900
2017-10-04	5.0	4.98	5.05	5.0	1177200
2017-10-05	5.0	4.96	5.05	4.98	1267800
2017-10-06	5.0	4.96	5.05	5.0	1518700
2017-10-09	5.0	4.98	5.35	5.25	12528000
2017-10-10	5.3	5.3	5.6	5.6	23312200
2017-10-11	5.6	5.45	5.7	5.5	12879400
2017-10-12	5.5	5.5	5.7	5.6	5098300
2017-10-16	5.7	5.65	5.85	5.85	20052700
2017-10-17	5.8	5.75	5.9	5.8	7631200
2017-10-18	5.75	5.7	6.05	5.95	21395700
2017-10-19	5.95	5.65	6.05	5.7	9139000
2017-10-20	5.65	5.65	5.8	5.75	3141500
2017-10-24	5.75	5.7	5.8	5.7	1987400
2017-10-25	5.7	5.7	5.9	5.8	4454900
2017-10-27	5.85	5.85	6.0	5.9	6762700
2017-10-30	5.9	5.8	5.95	5.9	2666800
2017-10-31	5.9	5.85	5.95	5.85	2444900
2017-11-01	5.85	5.75	5.9	5.9	2968100
2017-11-02	5.9	5.75	5.9	5.75	1503600
2017-11-03	5.8	5.7	5.8	5.7	1131300
2017-11-06	5.7	5.5	5.7	5.7	4279900
2017-11-07	5.95	5.9	6.1	5.95	16027500
2017-11-08	5.95	5.9	6.4	6.25	35675100
2017-11-09	6.2	6.05	6.3	6.25	10850000
2017-11-10	6.1	6.0	6.2	6.15	8772700
2017-11-13	6.1	6.05	6.65	6.6	34315000
2017-11-14	6.6	6.45	6.6	6.55	7693700
2017-11-15	6.55	6.35	6.8	6.4	14783200
2017-11-16	6.4	6.3	6.8	6.8	13721000
2017-11-17	6.75	6.7	7.0	6.8	31829000
2017-11-20	6.75	6.7	6.85	6.8	5356500
2017-11-21	6.85	6.45	6.85	6.45	10303600
2017-11-22	6.5	6.2	6.55	6.25	10908600
2017-11-23	6.2	6.0	6.25	6.0	8904400
2017-11-24	6.05	5.75	6.05	5.95	14228500
2017-11-27	6.05	5.9	6.1	6.0	5837000
2017-11-28	6.0	5.15	6.1	5.5	42378000
2017-11-29	5.45	5.25	5.45	5.25	3512000
2017-11-30	5.25	5.25	5.45	5.25	7630000
2017-12-01	5.3	5.15	5.35	5.2	6964100
2017-12-04	5.2	4.98	5.2	5.0	5185800
2017-12-06	5.0	4.98	5.05	5.0	2950300
2017-12-07	5.0	5.0	5.3	5.25	4238400
2017-12-08	5.3	5.1	5.4	5.1	3821700
2017-12-12	5.15	5.0	5.2	5.05	1437800
2017-12-13	5.05	5.0	5.15	5.05	1828600
2017-12-14	5.05	5.05	5.35	5.15	3169200
2017-12-15	5.15	5.1	5.2	5.2	1012000
2017-12-18	5.2	5.15	5.35	5.25	1619500
2017-12-19	5.25	5.05	5.25	5.15	2963300
2017-12-20	5.45	5.3	5.5	5.35	13590400
2017-12-21	5.4	5.25	5.4	5.25	3356500
2017-12-22	5.25	5.15	5.3	5.15	1627100
2017-12-25	5.2	5.0	5.3	5.05	7283200
2017-12-26	5.1	5.05	5.1	5.05	1427200
2017-12-27	5.25	5.1	5.25	5.1	6091700
2017-12-28	5.1	5.05	5.15	5.1	2594500
2017-12-29	5.1	5.05	5.15	5.05	971200
2018-01-03	5.1	5.0	5.1	5.05	2444500
2018-01-04	5.05	5.05	5.2	5.1	3562900
2018-01-05	5.15	5.05	5.25	5.05	6640900
2018-01-08	5.05	4.92	5.1	4.92	10998600
2018-01-09	4.96	4.88	4.96	4.9	4493500
2018-01-10	4.9	4.86	4.94	4.86	6185900
2018-01-11	4.88	4.74	4.88	4.78	4872700
2018-01-12	4.82	4.78	4.82	4.78	1112400
2018-01-15	4.8	4.76	4.9	4.84	3779600
2018-01-16	4.86	4.82	4.9	4.82	2657100
2018-01-17	4.86	4.82	4.86	4.82	1123000
2018-01-18	4.84	4.8	4.86	4.8	1331500
2018-01-19	4.8	4.78	4.82	4.8	931800
2018-01-22	4.8	4.8	4.88	4.84	1642900
2018-01-23	4.84	4.82	4.88	4.84	1774700
2018-01-24	4.86	4.86	5.0	5.0	7420900
2018-01-25	5.0	4.94	5.0	4.94	2220900
2018-01-26	4.96	4.88	5.1	5.0	4932500
2018-01-29	5.05	5.0	5.15	5.1	4890000
2018-01-30	5.1	5.0	5.15	5.1	2629000
2018-01-31	5.1	5.05	5.1	5.1	539400
2018-02-01	5.1	5.0	5.1	5.0	858200
2018-02-02	5.0	4.96	5.05	4.98	1311000
2018-02-05	4.92	4.9	4.96	4.92	1168200
2018-02-06	4.82	4.82	4.88	4.86	1593700
2018-02-07	4.92	4.86	4.94	4.86	341700
2018-02-08	4.88	4.86	4.92	4.86	649700
2018-02-09	4.84	4.84	4.88	4.88	573000
2018-02-12	4.88	4.8	4.9	4.84	2437800
2018-02-13	4.86	4.84	4.88	4.84	489600
2018-02-14	4.84	4.84	4.86	4.86	354800
2018-02-15	4.86	4.84	4.88	4.86	426300
2018-02-16	4.88	4.86	4.9	4.88	263500
2018-02-19	4.9	4.88	4.98	4.94	802400
2018-02-20	4.96	4.92	4.96	4.94	513000
2018-02-21	4.96	4.84	4.96	4.86	1408900
2018-02-22	4.84	4.8	4.86	4.8	890500
2018-02-23	4.82	4.8	4.88	4.82	1210600
2018-02-26	4.82	4.82	4.88	4.84	560000
2018-02-27	4.84	4.76	4.84	4.8	1055400
2018-02-28	4.8	4.76	4.82	4.78	608100
2018-03-02	4.8	4.56	4.8	4.58	3791900
2018-03-05	4.58	4.54	4.6	4.58	430700
2018-03-06	4.56	4.56	4.68	4.56	394000
2018-03-07	4.56	4.52	4.64	4.52	451900
2018-03-08	4.54	4.5	4.54	4.5	321600
2018-03-09	4.52	4.44	4.52	4.46	274400
2018-03-12	4.46	4.46	4.52	4.52	240500
2018-03-13	4.52	4.38	4.52	4.44	1136900
2018-03-14	4.44	4.4	4.5	4.5	549000
2018-03-15	4.5	4.5	4.54	4.5	485600
2018-03-16	4.54	4.48	4.54	4.48	424700
2018-03-19	4.48	4.46	4.54	4.5	221600
2018-03-20	4.54	4.42	4.54	4.46	542000
2018-03-21	4.46	4.42	4.54	4.42	705800
2018-03-22	4.44	4.2	4.44	4.32	4484100
2018-03-23	4.3	4.28	4.34	4.3	842000
2018-03-26	4.28	4.26	4.4	4.38	2151200
2018-03-27	4.42	4.34	4.44	4.34	1161100
2018-03-28	4.38	4.3	4.4	4.3	446700
2018-03-29	4.3	4.26	4.34	4.28	1082500
2018-03-30	4.28	4.22	4.3	4.22	807700
2018-04-02	4.18	4.08	4.2	4.08	2504600
2018-04-03	4.06	3.84	4.08	3.86	2853900
2018-04-04	3.9	3.66	3.92	3.68	1149900
2018-04-05	3.68	3.48	3.7	3.56	2316500
2018-04-09	3.5	3.28	3.5	3.32	3893300
2018-04-10	3.32	3.32	3.6	3.6	2674400
2018-04-11	3.58	3.34	3.58	3.38	2314800
2018-04-12	3.42	3.42	3.56	3.5	893000
2018-04-17	3.5	3.42	3.52	3.42	389400
2018-04-18	3.42	3.4	4.14	3.94	13754600
2018-04-19	3.92	3.9	4.06	3.94	1958900
2018-04-20	3.98	3.92	4.12	3.94	3612900
2018-04-23	3.96	3.92	4.0	3.96	404700
2018-04-24	4.02	3.92	4.18	3.92	5489600
2018-04-25	3.9	3.86	3.96	3.92	734000
2018-04-26	3.9	3.88	3.92	3.88	507700
2018-04-27	3.9	3.84	3.92	3.9	381300
2018-04-30	3.92	3.8	3.94	3.86	491100
2018-05-02	3.86	3.84	3.92	3.86	200100
2018-05-03	3.9	3.86	3.9	3.86	201700
2018-05-04	3.84	3.74	3.84	3.8	376400
2018-05-07	3.8	3.74	3.82	3.74	369500
2018-05-08	3.74	3.74	4.08	3.78	2336300
2018-05-09	3.78	3.74	3.78	3.74	225600
2018-05-10	3.76	3.76	3.96	3.8	782700
2018-05-11	3.78	3.78	3.88	3.82	225300
2018-05-14	3.88	3.84	4.06	3.92	4090600
2018-05-15	3.92	3.86	3.94	3.88	953300
2018-05-16	3.9	3.88	4.06	4.04	4284900
2018-05-17	4.1	4.06	4.2	4.14	10723900
2018-05-18	4.14	4.12	4.26	4.16	8313300
2018-05-21	4.2	4.1	4.2	4.1	1446300
2018-05-22	4.12	4.12	4.36	4.22	7076300
2018-05-23	4.18	4.16	4.24	4.2	1769600
2018-05-24	4.22	4.16	4.24	4.16	863700
2018-05-25	4.22	4.16	4.24	4.18	932000
2018-05-28	4.16	4.08	4.16	4.1	541000
2018-05-30	4.08	4.06	4.1	4.1	1035100
2018-05-31	4.1	4.08	4.16	4.14	635200
2018-06-01	4.14	4.08	4.2	4.08	701100
2018-06-04	4.16	3.88	4.16	4.04	1558300
2018-06-05	4.0	4.0	4.08	4.06	1056000
2018-06-06	4.12	4.06	4.16	4.1	525600
2018-06-07	4.1	4.06	4.14	4.1	411100
2018-06-08	4.1	4.1	4.14	4.1	240100
2018-06-11	4.12	4.12	4.18	4.14	806400
2018-06-12	4.18	4.18	4.24	4.24	1855000
2018-06-13	4.28	4.22	4.3	4.26	1860300
2018-06-14	4.28	4.18	4.28	4.18	765600
2018-06-15	4.16	4.16	4.22	4.18	201500
2018-06-18	4.18	4.16	4.22	4.18	353600
2018-06-19	4.14	3.98	4.14	4.0	2046000
2018-06-20	3.9	3.9	4.06	4.06	274200
2018-06-21	4.08	4.02	4.08	4.04	350800
2018-06-22	3.98	3.96	4.06	3.96	559700
2018-06-25	3.92	3.92	3.98	3.98	407400
2018-06-26	3.9	3.9	4.1	4.0	1607200
2018-06-27	4.0	3.98	4.06	4.0	604900
2018-06-28	4.02	3.94	4.04	3.96	719200
2018-06-29	3.94	3.76	4.0	3.78	1591800
2018-07-02	3.72	3.72	3.8	3.8	335300
2018-07-03	3.8	3.8	3.86	3.86	450700
2018-07-04	3.88	3.8	3.88	3.8	298500
2018-07-05	3.8	3.74	3.8	3.76	514900
2018-07-06	3.72	3.3	3.78	3.78	447500
2018-07-09	3.8	3.78	3.84	3.78	516700
2018-07-10	3.82	3.8	3.86	3.84	483800
2018-07-11	3.82	3.82	3.96	3.86	895000
2018-07-12	3.94	3.88	3.94	3.88	543900
2018-07-13	3.96	3.88	3.96	3.88	90000
2018-07-16	3.86	3.84	3.96	3.84	383500
2018-07-17	3.8	3.78	3.8	3.8	135000
2018-07-18	3.8	3.8	3.82	3.82	26500
2018-07-19	3.82	3.8	3.82	3.8	466400
2018-07-20	3.8	3.78	3.82	3.8	290800
2018-07-23	3.8	3.8	3.8	3.8	415700
2018-07-24	3.9	3.78	3.9	3.8	314600
2018-07-25	3.8	3.78	3.8	3.8	951500
2018-07-26	3.8	3.78	3.82	3.8	660400
2018-07-31	3.8	3.76	3.8	3.8	216100
2018-08-01	3.8	3.76	3.88	3.8	1208900
2018-08-02	3.8	3.72	3.88	3.76	2076300
2018-08-03	3.78	3.74	3.78	3.78	310500
2018-08-06	3.76	3.74	3.78	3.74	420300
2018-08-07	3.76	3.72	3.76	3.72	318400
2018-08-08	3.74	3.74	3.76	3.74	345100
2018-08-09	3.74	3.72	3.78	3.78	218300
2018-08-10	3.7	3.66	3.72	3.7	801900
2018-08-14	3.7	3.66	3.7	3.7	304700
2018-08-15	3.7	3.66	3.7	3.66	238400
2018-08-16	3.68	3.68	3.86	3.72	1237500
2018-08-17	3.72	3.68	3.74	3.68	387800
2018-08-20	3.68	3.68	3.74	3.7	251200
2018-08-21	3.7	3.66	3.7	3.68	197500
2018-08-22	3.68	3.66	3.7	3.68	233500
2018-08-23	3.68	3.68	3.8	3.72	919200
2018-08-24	3.74	3.7	3.82	3.76	2536500
2018-08-27	3.78	3.76	3.8	3.76	792400
2018-08-28	3.78	3.76	3.88	3.8	1398500
2018-08-29	3.8	3.76	3.86	3.84	2107900
2018-08-30	3.9	3.84	3.92	3.88	1505200
2018-08-31	3.9	3.8	3.9	3.82	1320800
2018-09-03	3.88	3.8	3.88	3.8	1061200
2018-09-04	3.84	3.8	3.86	3.86	454800
2018-09-05	3.84	3.8	3.86	3.8	639900
2018-09-06	3.76	3.76	3.88	3.82	1176600
2018-09-07	3.86	3.82	3.88	3.88	1552300
2018-09-10	3.92	3.84	3.92	3.88	954600
2018-09-11	3.88	3.88	4.1	4.04	9770800
2018-09-12	4.04	4.0	4.08	4.02	5815800
2018-09-13	4.06	3.94	4.06	3.96	4087200
2018-09-14	4.0	3.98	4.16	4.14	11845400
2018-09-17	4.16	4.16	4.3	4.24	13258700
2018-09-18	4.26	4.2	4.3	4.2	6702100
2018-09-19	4.18	4.14	4.28	4.16	6411500
2018-09-20	4.2	4.18	4.26	4.18	3230100
2018-09-21	4.2	4.18	4.26	4.18	2836700
2018-09-24	4.18	4.18	4.38	4.28	13452100
2018-09-25	4.3	4.24	4.36	4.24	8874400
2018-09-26	4.28	4.08	4.28	4.16	8771600
2018-09-27	4.16	4.16	4.42	4.38	29777300
2018-09-28	4.36	4.36	4.52	4.46	23990000
2018-10-01	4.46	4.46	4.54	4.48	5788100
2018-10-02	4.48	4.48	4.68	4.64	21577400
2018-10-03	4.62	4.54	4.64	4.6	6957700
2018-10-04	4.6	4.56	4.8	4.76	16653400
2018-10-05	4.72	4.62	4.76	4.74	11356600
2018-10-08	4.64	4.62	4.88	4.78	22923300
2018-10-09	4.8	4.7	4.8	4.7	5932400
2018-10-10	4.74	4.68	4.78	4.68	7574000
2018-10-11	4.64	4.62	4.7	4.68	5168100
2018-10-12	4.7	4.68	4.78	4.76	4626800
2018-10-16	4.78	4.74	4.84	4.76	6018700
2018-10-17	4.82	4.82	5.05	5.0	27701500
2018-10-18	5.0	4.92	5.05	4.96	8260900
2018-10-19	4.96	4.92	4.96	4.96	3568300
2018-10-22	4.96	4.88	5.05	4.96	7593000
2018-10-24	4.94	4.88	4.96	4.9	4288600
2018-10-25	4.9	4.8	4.94	4.9	9502900
2018-10-26	4.92	4.9	5.0	4.9	4924900
2018-10-29	4.92	4.78	4.92	4.78	4600500
2018-10-30	4.8	4.76	4.84	4.84	3911900
2018-10-31	4.84	4.82	4.9	4.82	1809000
2018-11-01	4.86	4.82	4.92	4.9	3596600
2018-11-02	4.9	4.32	5.05	4.9	63958600
2018-11-05	4.9	4.7	4.9	4.76	6779400
2018-11-06	4.76	4.6	4.78	4.62	2689600
2018-11-07	4.64	4.54	4.66	4.6	1979900
2018-11-08	4.72	4.6	4.76	4.6	3742900
2018-11-09	4.66	4.54	4.68	4.54	2773700
2018-11-12	4.58	4.54	4.66	4.64	2710300
2018-11-13	4.62	4.54	4.64	4.54	2455700
2018-11-14	4.56	4.4	4.56	4.44	1013300
2018-11-15	4.44	4.34	4.44	4.38	3804200
2018-11-16	4.36	4.28	4.42	4.4	4010600
2018-11-19	4.4	4.34	4.44	4.42	3635900
2018-11-20	4.44	4.28	4.44	4.28	1120700
2018-11-21	3.98	3.98	4.28	4.26	961600
2018-11-22	4.32	4.2	4.34	4.22	774900
2018-11-23	4.2	4.14	4.2	4.2	253600
2018-11-26	4.2	4.12	4.22	4.2	568700
2018-11-27	4.2	4.0	4.26	4.06	976600
2018-11-28	4.06	4.06	4.44	4.44	1568600
2018-11-29	4.4	4.3	4.4	4.3	593100
2018-11-30	4.3	4.3	4.4	4.4	1346900
2018-12-03	4.4	4.3	4.44	4.42	763800
2018-12-04	4.44	4.4	4.46	4.44	764900
2018-12-06	4.46	4.38	4.46	4.42	346700
2018-12-07	4.44	4.42	4.5	4.46	1516700
2018-12-11	4.48	4.38	4.48	4.42	209400
2018-12-12	4.42	4.36	4.5	4.46	1760800
2018-12-13	4.48	4.34	4.5	4.4	516100
2018-12-14	4.46	4.3	4.46	4.3	276200
2018-12-17	4.32	4.16	4.38	4.22	309700
2018-12-18	4.22	4.0	4.24	4.1	315000
2018-12-19	4.08	4.06	4.18	4.14	916300
2018-12-20	4.16	4.0	4.16	4.0	730000
2018-12-21	4.02	3.86	4.04	4.0	1624700
2018-12-24	4.06	4.0	4.06	4.02	357700
2018-12-25	4.04	3.92	4.04	4.0	232700
2018-12-26	4.02	3.84	4.02	4.02	102500
2018-12-27	4.04	3.98	4.04	4.04	79900
2018-12-28	4.04	4.0	4.2	4.18	889800
2019-01-02	4.2	4.1	4.22	4.2	1154000
2019-01-03	4.22	4.0	4.26	4.14	990200
2019-01-04	4.16	3.86	4.16	3.98	923500
2019-01-07	3.98	3.9	4.0	3.94	164900
2019-01-08	3.98	3.94	4.0	3.98	135500
2019-01-09	4.0	3.94	4.0	3.96	85700
2019-01-10	3.96	3.86	3.96	3.88	699500
2019-01-11	3.88	3.88	4.02	4.0	482400
2019-01-14	4.0	3.9	4.0	3.98	157700
2019-01-15	4.0	3.9	4.0	3.96	169800
2019-01-16	3.96	3.9	4.0	3.96	216600
2019-01-17	3.96	3.9	4.1	3.9	337600
2019-01-18	3.92	3.86	3.92	3.9	226800
2019-01-21	3.88	3.82	3.94	3.9	276500
2019-01-22	3.92	3.86	3.92	3.9	221600
2019-01-23	3.9	3.84	3.98	3.96	651300
2019-01-24	3.98	3.92	4.0	3.96	431000
2019-01-25	3.96	3.9	4.04	4.04	1430200
2019-01-28	3.98	3.96	4.12	4.12	1290900
2019-01-29	4.14	4.08	4.22	4.1	663100
2019-01-30	4.12	4.04	4.16	4.1	766400
2019-01-31	4.12	4.1	4.18	4.14	1058400
2019-02-01	4.18	4.06	4.22	4.16	2688300
2019-02-04	4.16	4.12	4.2	4.16	2323100
2019-02-05	4.18	4.12	4.24	4.2	3826200
2019-02-06	4.22	4.14	4.22	4.16	1049100
2019-02-07	4.18	4.12	4.2	4.14	1099800
2019-02-08	4.12	4.12	4.2	4.18	1330300
2019-02-11	4.18	4.14	4.22	4.18	2946300
2019-02-12	4.18	4.16	4.22	4.2	1595200
2019-02-13	4.22	4.16	4.24	4.16	1683200
2019-02-14	4.2	4.14	4.22	4.18	3252100
2019-02-15	4.18	4.1	4.2	4.14	1362800
2019-02-18	4.14	4.04	4.14	4.04	354300
2019-02-20	4.04	4.0	4.14	4.06	2831300
2019-02-21	4.08	3.98	4.12	4.02	3040500
2019-02-22	4.02	4.02	4.06	4.06	180600
2019-02-25	4.06	4.02	4.08	4.04	2109400
2019-02-26	4.06	4.0	4.06	4.02	347900
2019-02-27	4.02	3.98	4.06	4.0	726000
2019-02-28	4.04	3.98	4.04	4.02	1604700
2019-03-01	4.02	3.96	4.04	4.0	623700
2019-03-04	4.0	3.9	4.02	4.0	1726300
2019-03-05	4.0	3.92	4.0	4.0	579500
2019-03-06	4.0	3.9	4.0	3.96	342900
2019-03-07	3.96	3.9	3.96	3.94	2329200
2019-03-08	3.96	3.84	3.96	3.92	426500
2019-03-11	3.9	3.84	4.0	3.92	495700
2019-03-12	3.94	3.84	3.94	3.92	1366900
2019-03-13	3.9	3.84	3.9	3.88	1417500
2019-03-14	3.88	3.8	3.9	3.86	598400
2019-03-15	3.84	3.8	3.86	3.82	572600
2019-03-18	3.86	3.82	3.9	3.88	176000
2019-03-19	3.9	3.84	3.9	3.86	52100
2019-03-20	3.88	3.82	3.88	3.88	237000
2019-03-21	3.88	3.84	3.9	3.9	304600
2019-03-22	3.92	3.84	3.92	3.86	312100
2019-03-25	3.86	3.8	3.9	3.82	209700
2019-03-26	3.86	3.8	3.86	3.84	55000
2019-03-27	3.84	3.8	3.84	3.82	128900
2019-03-28	3.82	3.8	3.86	3.86	419000
2019-03-29	3.86	3.82	3.86	3.84	188900
2019-04-01	3.82	3.82	3.88	3.86	412300
2019-04-02	3.88	3.84	3.88	3.86	252900
2019-04-03	3.86	3.82	3.86	3.84	235800
2019-04-04	3.86	3.8	3.88	3.82	540700
2019-04-05	3.82	3.78	3.82	3.82	314500
2019-04-09	3.8	3.74	3.86	3.84	859600
2019-04-10	3.84	3.74	3.86	3.78	1328700
2019-04-11	3.78	3.72	3.8	3.74	432800
2019-04-12	3.68	3.68	3.76	3.74	755200
2019-04-17	3.76	3.68	3.78	3.7	980200
2019-04-18	3.72	3.68	3.76	3.7	1466500
2019-04-19	3.7	3.68	3.74	3.72	1360200
2019-04-22	3.72	3.66	3.72	3.7	950700
2019-04-23	3.7	3.66	3.72	3.68	732100
2019-04-24	3.68	3.66	3.72	3.7	1368100
2019-04-25	3.7	3.66	3.74	3.7	1238500
2019-04-26	3.72	3.66	3.72	3.66	318800
2019-04-29	3.6	3.6	3.66	3.66	243100
2019-04-30	3.68	3.62	3.7	3.66	3718900
2019-05-02	3.68	3.6	3.68	3.64	4084700
2019-05-03	3.66	3.56	3.66	3.6	2036700
2019-05-07	3.58	3.54	3.58	3.58	471500
2019-05-08	3.58	3.5	3.58	3.58	2988600
2019-05-09	3.58	3.54	3.58	3.58	491000
2019-05-10	3.58	3.52	3.58	3.58	4902800
2019-05-13	3.58	3.46	3.6	3.54	1250600
2019-05-14	3.48	3.44	3.58	3.58	3691300
2019-05-15	3.58	3.52	3.6	3.58	494700
2019-05-16	3.54	3.5	3.54	3.52	185800
2019-05-17	3.58	3.46	3.58	3.5	147100
2019-05-21	3.48	3.46	3.5	3.48	3366100
2019-05-22	3.48	3.46	3.6	3.54	1685000
2019-05-23	3.52	3.48	3.54	3.52	1112400
2019-05-24	3.5	3.46	3.54	3.54	570600
2019-05-27	3.56	3.52	3.56	3.54	52400
2019-05-28	3.48	3.44	3.5	3.48	254100
2019-05-29	3.48	3.4	3.48	3.44	223200
2019-05-30	3.34	3.34	3.42	3.4	256500
2019-05-31	3.4	3.34	3.4	3.4	165200
2019-06-04	3.4	3.36	3.4	3.4	103900
2019-06-05	3.4	3.38	3.44	3.42	144700
2019-06-06	3.42	3.42	3.5	3.5	729800
2019-06-07	3.44	3.44	3.6	3.54	1423600
2019-06-10	3.54	3.46	3.54	3.5	515900
2019-06-11	3.5	3.46	3.5	3.46	1113900
2019-06-12	3.5	3.46	3.54	3.5	1059900
2019-06-13	3.48	3.46	3.5	3.5	242800
2019-06-14	3.5	3.48	3.58	3.54	9093000
2019-06-17	3.56	3.5	3.56	3.52	1893300
2019-06-18	3.52	3.46	3.52	3.48	724200
2019-06-19	3.46	3.42	3.52	3.5	951300
2019-06-20	3.5	3.46	3.5	3.46	374900
2019-06-21	3.5	3.48	3.52	3.48	547600
2019-06-24	3.5	3.44	3.56	3.48	3050800
2019-06-25	3.5	3.48	3.56	3.5	2067700
2019-06-26	3.5	3.48	3.58	3.54	4631000
2019-06-27	3.58	3.54	3.6	3.58	3962700
2019-06-28	3.6	3.6	3.72	3.68	19290000
2019-07-01	3.74	3.64	3.74	3.66	6087600
2019-07-02	3.64	3.64	3.7	3.68	3912300
2019-07-03	3.66	3.54	3.68	3.56	8081600
2019-07-04	3.58	3.4	3.58	3.42	4532400
2019-07-05	3.44	3.32	3.48	3.4	3143800
2019-07-08	3.42	3.36	3.42	3.38	1062500
2019-07-09	3.38	3.38	3.44	3.4	1267200
2019-07-10	3.42	3.4	3.44	3.4	902100
2019-07-11	3.4	3.4	3.44	3.44	470700
2019-07-12	3.4	3.36	3.44	3.38	1136800
2019-07-15	3.36	3.34	3.4	3.38	1042800
2019-07-17	3.38	3.34	3.38	3.34	760900
2019-07-18	3.34	3.32	3.36	3.34	459000
2019-07-19	3.34	3.3	3.38	3.32	1551700
2019-07-22	3.34	3.24	3.34	3.24	1555400
2019-07-23	3.24	3.2	3.26	3.22	913000
2019-07-24	3.22	3.22	3.3	3.26	1311900
2019-07-25	3.26	3.2	3.3	3.2	1504500
2019-07-26	3.22	3.22	3.4	3.38	12308700
2019-07-30	3.4	3.32	3.42	3.38	9738500
2019-07-31	3.38	3.32	3.42	3.32	9569600
2019-08-01	3.32	3.24	3.34	3.26	3565600
2019-08-02	3.26	3.2	3.26	3.22	2142100
2019-08-05	3.18	3.08	3.18	3.08	2811600
2019-08-06	3.02	3.0	3.12	3.12	1764300
2019-08-07	3.12	3.0	3.12	3.0	2464400
2019-08-08	3.0	2.98	3.06	3.0	1998100
2019-08-09	3.02	2.86	3.04	2.92	2678500
2019-08-13	3.0	2.94	3.04	2.94	1236000
2019-08-14	2.96	2.68	2.98	2.74	1574400
2019-08-15	2.7	2.58	2.7	2.66	1461700
2019-08-16	2.68	2.68	2.7	2.7	440400
2019-08-19	2.7	2.7	2.78	2.78	542400
2019-08-20	2.8	2.76	2.82	2.78	899700
2019-08-21	2.8	2.72	2.8	2.78	375900
2019-08-22	2.76	2.74	2.76	2.76	179800
2019-08-23	2.76	2.72	2.76	2.74	242100
2019-08-26	2.7	2.64	2.7	2.7	395600
2019-08-27	2.7	2.64	2.7	2.68	277200
2019-08-28	2.66	2.64	2.68	2.66	167200
2019-08-29	2.66	2.62	2.68	2.66	607500
2019-08-30	2.66	2.6	2.68	2.62	1994100
2019-09-02	2.62	2.6	2.62	2.62	526400
2019-09-03	2.64	2.58	2.64	2.6	507000
2019-09-04	2.6	2.56	2.62	2.56	637200
2019-09-05	2.58	2.44	2.58	2.5	2950100
2019-09-06	2.5	2.44	2.5	2.48	1430900
2019-09-09	2.48	2.44	2.48	2.48	2010000
2019-09-10	2.46	2.36	2.48	2.44	3071200
2019-09-11	2.44	2.38	2.44	2.44	522600
2019-09-12	2.44	2.42	2.46	2.42	760300
2019-09-13	2.44	2.4	2.56	2.44	4806100
2019-09-16	2.46	2.4	2.46	2.4	1271500
2019-09-17	2.4	2.34	2.4	2.34	2854900
2019-09-18	2.34	2.24	2.38	2.3	3099300
2019-09-19	2.3	2.26	2.3	2.3	1132600
2019-09-20	2.28	2.26	2.3	2.28	559000
2019-09-23	2.28	2.16	2.28	2.18	2342400
2019-09-24	2.18	2.18	2.22	2.2	1097300
2019-09-25	2.2	2.18	2.22	2.22	185600
2019-09-26	2.22	2.2	2.24	2.22	476400
2019-09-27	2.22	2.2	2.24	2.2	463900
2019-09-30	2.22	2.18	2.22	2.18	243100
2019-10-01	2.18	2.18	2.22	2.2	549400
2019-10-02	2.22	2.22	2.4	2.26	15879300
2019-10-03	2.26	2.24	2.32	2.26	3212400
2019-10-04	2.26	2.24	2.32	2.26	3067400
2019-10-07	2.26	2.24	2.28	2.26	426200
2019-10-08	2.26	2.24	2.3	2.24	1991600
2019-10-09	2.26	2.22	2.26	2.22	991300
2019-10-10	2.24	2.2	2.24	2.22	1591000
2019-10-11	2.22	2.14	2.22	2.14	1192200
2019-10-15	2.16	2.16	2.24	2.22	2516400
2019-10-16	2.24	2.2	2.28	2.22	2318900
2019-10-17	2.24	2.2	2.24	2.22	906300
2019-10-18	2.24	2.2	2.24	2.22	349000
2019-10-21	2.22	2.18	2.22	2.18	224200
2019-10-22	2.2	2.16	2.24	2.22	1712800
2019-10-24	2.26	2.2	2.28	2.2	1854000
2019-10-25	2.24	2.1	2.24	2.1	2298300
2019-10-28	2.08	2.02	2.12	2.12	1845200
2019-10-29	2.12	2.08	2.16	2.1	549600
2019-10-30	2.12	2.12	2.18	2.18	1624500
2019-10-31	2.18	2.14	2.2	2.18	1089000
2019-11-01	2.18	2.14	2.22	2.2	1657400
2019-11-04	2.22	2.2	2.26	2.24	1082500
2019-11-05	2.22	2.22	2.3	2.28	1543200
2019-11-06	2.2	2.14	2.22	2.2	3086000
2019-11-07	2.2	2.16	2.2	2.2	697200
2019-11-08	2.2	2.16	2.28	2.28	3038000
2019-11-11	2.28	2.16	2.3	2.18	1818700
2019-11-12	2.2	2.1	2.2	2.18	2050900
2019-11-13	2.14	2.06	2.16	2.08	1492900
2019-11-14	2.12	2.06	2.12	2.1	641600
2019-11-15	2.08	2.02	2.12	2.04	983200
2019-11-18	2.02	2.02	2.14	2.14	1560000
2019-11-19	2.16	2.16	2.26	2.26	2856300
2019-11-20	2.26	2.16	2.26	2.22	1873900
2019-11-21	2.2	2.2	2.32	2.26	9874800
2019-11-22	2.26	2.26	2.34	2.26	3940400
2019-11-25	2.3	2.26	2.34	2.32	2250900
2019-11-26	2.34	2.24	2.34	2.3	2155300
2019-11-27	2.3	2.18	2.3	2.18	2816600
2019-11-28	2.18	2.16	2.26	2.26	1700400
2019-11-29	2.26	2.24	2.3	2.3	1224800
2019-12-02	2.3	2.24	2.3	2.28	1633200
2019-12-03	2.28	2.24	2.3	2.26	1513500
2019-12-04	2.24	2.12	2.24	2.18	3267200
2019-12-06	2.2	2.04	2.2	2.06	3943700
2019-12-09	2.04	2.04	2.08	2.08	658900
2019-12-11	2.1	2.02	2.1	2.1	1247800
2019-12-12	2.1	2.08	2.1	2.1	225000
2019-12-13	2.08	2.08	2.16	2.08	1327100
2019-12-16	2.08	2.06	2.14	2.1	638300
2019-12-17	2.1	2.06	2.1	2.06	284700
2019-12-18	2.06	2.04	2.08	2.04	306900
2019-12-19	2.06	2.06	2.08	2.06	162000
2019-12-20	2.06	2.04	2.06	2.06	556000
2019-12-23	2.04	2.02	2.06	2.04	669000
2019-12-24	2.02	2.02	2.08	2.08	538700
2019-12-25	2.1	2.04	2.12	2.04	643600
2019-12-26	2.04	2.04	2.2	2.2	2280300
2019-12-27	2.2	2.12	2.26	2.18	1349500
2019-12-30	2.2	2.16	2.22	2.16	173500
2020-01-02	2.16	2.08	2.16	2.1	2138600
2020-01-03	2.1	2.06	2.12	2.06	2265800
2020-01-06	2.04	2.04	2.06	2.04	1316300
2020-01-07	2.06	2.04	2.06	2.06	222000
2020-01-08	2.04	1.98	2.04	2.04	1841500
2020-01-09	2.02	1.99	2.06	2.0	1587000
2020-01-10	2.0	2.0	2.02	2.0	516600
2020-01-13	2.0	1.98	2.02	2.0	940400
2020-01-14	2.0	1.98	2.0	2.0	504600
2020-01-15	2.0	1.98	2.0	2.0	392300
2020-01-16	2.0	2.0	2.04	2.02	692200
2020-01-17	2.02	1.99	2.04	1.99	1023400
2020-01-20	1.99	1.98	2.0	2.0	446700
2020-01-21	2.0	1.98	2.0	1.99	297800
2020-01-22	1.99	1.98	2.02	1.98	533600
2020-01-23	1.98	1.96	1.99	1.98	284000
2020-01-24	1.98	1.96	1.98	1.97	185200
2020-01-27	1.97	1.9	1.97	1.9	958800
2020-01-28	1.9	1.7	1.92	1.74	3278200
2020-01-29	1.75	1.7	1.76	1.72	1661600
2020-01-30	1.73	1.67	1.74	1.74	1725100
2020-01-31	1.74	1.71	1.74	1.73	545500
2020-02-03	1.73	1.7	1.74	1.74	559500
2020-02-04	1.73	1.73	1.79	1.77	693500
2020-02-05	1.78	1.77	1.89	1.81	1981100
2020-02-06	1.81	1.8	1.89	1.88	1078400
2020-02-07	1.89	1.86	1.92	1.91	1147800
2020-02-11	1.91	1.89	1.95	1.94	1266100
2020-02-12	1.96	1.95	2.04	2.02	2625700
2020-02-13	2.02	1.97	2.04	2.04	1022100
2020-02-14	2.02	2.0	2.04	2.04	580000
2020-02-17	2.04	1.99	2.04	2.04	2551500
2020-02-18	2.04	1.95	2.16	1.97	8394700
2020-02-19	1.97	1.88	1.99	1.88	6379400
2020-02-20	1.89	1.84	1.9	1.85	1461300
2020-02-21	1.87	1.83	1.87	1.85	304300
2020-02-24	1.83	1.7	1.85	1.71	2340300
2020-02-25	1.71	1.69	1.74	1.74	481300
2020-02-26	1.73	1.65	1.73	1.72	1196700
2020-02-27	1.7	1.69	1.72	1.7	187000
2020-02-28	1.56	1.56	1.7	1.62	782800
2020-03-02	1.6	1.57	1.62	1.57	1328300
2020-03-03	1.6	1.6	1.62	1.61	912900
2020-03-04	1.61	1.6	1.65	1.62	452400
2020-03-05	1.64	1.6	1.66	1.62	781500
2020-03-06	1.6	1.59	1.61	1.61	440700
2020-03-09	1.58	1.51	1.58	1.53	1012000
2020-03-10	1.53	1.53	1.57	1.56	343500
2020-03-11	1.57	1.52	1.57	1.55	191100
2020-03-12	1.52	1.4	1.52	1.45	652400
2020-03-13	1.25	1.16	1.45	1.3	475600
2020-03-16	1.25	1.2	1.3	1.25	521100
2020-03-17	1.25	1.2	1.25	1.25	511000
2020-03-18	1.26	1.23	1.26	1.23	348300
2020-03-19	1.21	1.2	1.25	1.24	183100
2020-03-20	1.28	1.26	1.29	1.28	547900
2020-03-23	1.24	1.15	1.24	1.15	1039600
2020-03-24	1.16	1.11	1.19	1.12	687800
2020-03-25	1.17	1.12	1.17	1.13	829900
2020-03-26	1.14	1.1	1.15	1.14	415800
2020-03-27	1.17	1.17	1.21	1.18	344100
2020-03-30	1.22	1.18	1.22	1.2	461800
2020-03-31	1.24	1.21	1.28	1.27	543000
2020-04-01	1.27	1.27	1.37	1.37	2398200
2020-04-02	1.37	1.34	1.38	1.37	1324700
2020-04-03	1.3	1.21	1.3	1.21	1371100
2020-04-07	1.25	1.21	1.26	1.24	918400
2020-04-08	1.24	1.23	1.26	1.23	256100
2020-04-09	1.26	1.26	1.34	1.29	1997300
2020-04-10	1.31	1.29	1.35	1.35	713100
2020-04-13	1.34	1.33	1.39	1.37	1213300
2020-04-14	1.38	1.36	1.41	1.39	907500
2020-04-15	1.39	1.35	1.39	1.37	761000
2020-04-16	1.35	1.32	1.37	1.34	279200
2020-04-17	1.36	1.34	1.39	1.35	608500
2020-04-20	1.36	1.35	1.38	1.37	690700
2020-04-21	1.37	1.36	1.38	1.37	302000
2020-04-22	1.36	1.35	1.38	1.36	663600
2020-04-23	1.36	1.36	1.45	1.45	1889500
2020-04-24	1.48	1.44	1.5	1.47	1084500
2020-04-27	1.48	1.46	1.52	1.52	537300
2020-04-28	1.51	1.5	1.67	1.65	2046700
2020-04-29	1.65	1.62	1.72	1.7	1177300
2020-04-30	1.71	1.69	1.78	1.7	2177200
2020-05-05	1.69	1.63	1.7	1.66	1128500
2020-05-07	1.65	1.6	1.66	1.61	339900
2020-05-08	1.63	1.61	1.68	1.68	886900
2020-05-11	1.69	1.66	1.72	1.68	751600
2020-05-12	1.7	1.62	1.7	1.67	903100
2020-05-13	1.66	1.6	1.66	1.64	684600
2020-05-14	1.64	1.62	1.74	1.7	1102000
2020-05-15	1.73	1.7	1.78	1.71	1589700
2020-05-18	1.74	1.7	1.75	1.75	803700
2020-05-19	1.78	1.77	1.84	1.79	1769900
2020-05-20	1.79	1.76	1.85	1.82	641800
2020-05-21	1.85	1.78	1.87	1.8	1853500
2020-05-22	1.8	1.77	1.81	1.79	669800
2020-05-25	1.81	1.77	1.81	1.81	311200
2020-05-26	1.8	1.76	1.81	1.8	2192700
2020-05-27	1.8	1.79	1.84	1.83	813200
2020-05-28	1.86	1.8	1.86	1.8	1067400
2020-05-29	1.8	1.78	1.82	1.81	201500
2020-06-01	1.81	1.79	1.82	1.8	820800
2020-06-02	1.81	1.79	1.82	1.82	1071200
2020-06-04	1.82	1.79	1.82	1.81	1534900
2020-06-05	1.81	1.8	1.84	1.84	1010300
2020-06-08	1.85	1.84	1.92	1.87	5563800
2020-06-09	1.89	1.89	2.02	1.89	16266800
2020-06-10	1.9	1.89	2.02	2.02	8071000
2020-06-11	2.02	2.0	2.22	2.16	25987000
2020-06-12	2.02	2.02	2.16	2.12	8371200
2020-06-15	2.14	2.02	2.2	2.06	11598900
2020-06-16	2.12	2.1	2.2	2.14	10740300
2020-06-17	2.16	2.12	2.26	2.16	11658400
2020-06-18	2.16	2.14	2.22	2.18	5842300
2020-06-19	2.2	2.18	2.3	2.18	10031500
2020-06-22	2.18	2.12	2.2	2.16	2267300
2020-06-23	2.18	2.14	2.2	2.18	3580800
2020-06-24	2.2	2.1	2.2	2.14	5539900
2020-06-25	2.12	2.04	2.12	2.1	4785200
2020-06-26	2.12	2.06	2.14	2.06	1395600
2020-06-29	2.06	2.04	2.12	2.1	1856500
2020-06-30	2.12	2.08	2.14	2.12	1022900
2020-07-01	2.12	2.06	2.12	2.08	1268000
2020-07-02	2.1	2.06	2.14	2.12	4010800
2020-07-03	2.14	2.08	2.14	2.12	1051900
2020-07-07	2.14	2.08	2.18	2.16	4330900
2020-07-08	2.18	2.12	2.2	2.16	5126800
2020-07-09	2.16	2.14	2.2	2.16	660900
2020-07-10	2.18	2.12	2.22	2.16	2730000
2020-07-13	2.18	2.1	2.24	2.14	3994200
2020-07-14	2.12	2.08	2.14	2.14	1417400
2020-07-15	2.12	2.1	2.16	2.16	1251100
2020-07-16	2.18	2.12	2.18	2.16	406900
2020-07-17	2.14	2.12	2.16	2.16	1016300
2020-07-20	2.16	2.12	2.16	2.16	835700
2020-07-21	2.14	2.14	2.22	2.16	4941300
2020-07-22	2.18	2.12	2.2	2.16	1960900
2020-07-23	2.16	2.04	2.28	2.08	21502400
2020-07-24	2.06	2.02	2.1	2.02	2804200
2020-07-29	2.02	1.96	2.02	1.96	2538900
2020-07-30	1.96	1.91	2.0	1.93	1710800
2020-07-31	1.92	1.92	1.96	1.95	418100
2020-08-03	1.96	1.93	1.98	1.95	254100
2020-08-04	1.94	1.94	1.96	1.95	362000
2020-08-05	1.96	1.94	2.02	2.02	1339900
2020-08-06	2.0	1.98	2.02	1.98	886600
2020-08-07	1.97	1.96	2.0	2.0	173700
2020-08-10	1.98	1.97	2.0	2.0	230800
2020-08-11	1.97	1.97	2.02	2.02	350800
2020-08-13	1.93	1.92	2.0	1.95	1207400
2020-08-14	1.93	1.84	1.94	1.84	1919000
2020-08-17	1.86	1.79	1.86	1.79	1681000
2020-08-18	1.8	1.77	1.81	1.78	642700
2020-08-19	1.8	1.76	1.82	1.82	402900
2020-08-20	1.82	1.77	1.83	1.81	759900
2020-08-21	1.81	1.78	1.82	1.8	464200
2020-08-24	1.8	1.79	1.81	1.81	241100
2020-08-25	1.82	1.78	1.82	1.8	209400
2020-08-26	1.79	1.79	1.83	1.83	593400
2020-08-27	1.81	1.79	1.82	1.82	262900
2020-08-28	1.8	1.78	1.83	1.79	830800
2020-08-31	1.78	1.76	1.8	1.79	266800
2020-09-01	1.78	1.77	1.8	1.79	240100
2020-09-02	1.77	1.77	1.79	1.79	167200
2020-09-03	1.78	1.77	1.79	1.78	112600
2020-09-08	1.77	1.76	1.79	1.76	89000
2020-09-09	1.73	1.73	1.75	1.75	296200
2020-09-10	1.75	1.74	1.77	1.77	109400
2020-09-11	1.75	1.74	1.79	1.76	288300
2020-09-14	1.75	1.74	1.76	1.74	121200
2020-09-15	1.73	1.73	1.77	1.75	287000
2020-09-16	1.75	1.73	1.76	1.76	52600
2020-09-17	1.74	1.73	1.77	1.77	162500
2020-09-18	1.75	1.75	1.77	1.76	145500
2020-09-21	1.75	1.75	1.77	1.76	57200
2020-09-22	1.75	1.74	1.76	1.76	68700
2020-09-23	1.74	1.71	1.77	1.77	561400
2020-09-24	1.73	1.72	1.84	1.79	4842700
2020-09-25	1.8	1.76	1.91	1.86	16709500
2020-09-28	1.87	1.81	1.89	1.83	2644200
2020-09-29	1.84	1.81	1.86	1.81	1639300
2020-09-30	1.82	1.74	1.84	1.77	2174700
2020-10-01	1.78	1.76	1.79	1.77	404600
2020-10-02	1.78	1.75	1.79	1.78	829800
2020-10-05	1.78	1.76	1.78	1.77	546300
2020-10-06	1.78	1.75	1.78	1.76	444900
2020-10-07	1.77	1.75	1.77	1.75	256300
2020-10-08	1.75	1.75	1.77	1.75	269000
2020-10-09	1.76	1.72	1.78	1.73	709400
2020-10-12	1.73	1.73	1.76	1.76	180500
2020-10-14	1.73	1.71	1.75	1.72	741500
2020-10-15	1.72	1.68	1.72	1.69	411500
2020-10-16	1.67	1.67	1.7	1.7	390500
2020-10-19	1.67	1.66	1.7	1.7	340300
2020-10-20	1.7	1.68	1.7	1.7	35400
2020-10-21	1.68	1.67	1.71	1.71	216000
2020-10-22	1.69	1.68	1.7	1.7	195500
2020-10-26	1.68	1.68	1.7	1.7	161700
2020-10-27	1.68	1.68	1.7	1.69	56400
2020-10-28	1.67	1.66	1.69	1.68	233500
2020-10-29	1.66	1.66	1.68	1.68	162700
2020-10-30	1.66	1.62	1.68	1.62	336200
2020-11-02	1.64	1.62	1.66	1.66	238000
2020-11-03	1.66	1.65	1.67	1.65	100800
2020-11-04	1.66	1.65	1.66	1.66	88200
2020-11-05	1.66	1.64	1.66	1.66	739700
2020-11-06	1.66	1.65	1.67	1.66	340000
2020-11-09	1.65	1.64	1.68	1.66	319000
2020-11-10	1.65	1.65	1.67	1.66	345800
2020-11-11	1.66	1.66	1.68	1.67	291100
2020-11-12	1.66	1.66	1.69	1.68	959500
2020-11-13	1.66	1.6	1.67	1.6	1322100
2020-11-16	1.61	1.6	1.63	1.62	1066300
2020-11-17	1.64	1.62	1.65	1.64	685500
2020-11-18	1.64	1.63	1.64	1.64	120500
2020-11-19	1.64	1.63	1.67	1.67	304100
2020-11-20	1.66	1.64	1.69	1.69	1257100
2020-11-23	1.68	1.66	1.69	1.66	735300
2020-11-24	1.67	1.66	1.72	1.67	2160500
2020-11-25	1.68	1.67	1.7	1.69	716500
2020-11-26	1.7	1.69	1.72	1.69	794300
2020-11-27	1.71	1.71	1.76	1.75	1471200
2020-11-30	1.75	1.75	1.81	1.79	1870400
2020-12-01	1.81	1.79	1.81	1.81	1147800
2020-12-02	1.82	1.79	1.83	1.83	1059600
2020-12-03	1.82	1.81	1.84	1.83	1000000
2020-12-04	1.83	1.8	1.84	1.82	479200
2020-12-08	1.82	1.77	1.83	1.77	1056900
2020-12-09	1.82	1.78	1.82	1.8	709400
2020-12-14	1.81	1.78	1.82	1.79	265400
2020-12-15	1.8	1.76	1.8	1.79	275600
2020-12-16	1.8	1.79	1.82	1.8	405600
2020-12-17	1.82	1.79	1.83	1.82	394100
2020-12-18	1.82	1.79	1.83	1.82	278800
2020-12-21	1.77	1.72	1.8	1.74	856000
2020-12-22	1.7	1.64	1.74	1.68	1413600
2020-12-23	1.69	1.67	1.72	1.7	369100
2020-12-24	1.71	1.69	1.71	1.71	245700
2020-12-25	1.71	1.7	1.73	1.7	498100
2020-12-28	1.7	1.69	1.73	1.72	150100
2020-12-29	1.7	1.69	1.72	1.71	312800
2020-12-30	1.71	1.69	1.71	1.71	405100
2021-01-04	1.71	1.68	1.71	1.7	325000
2021-01-05	1.69	1.69	1.71	1.71	187200
2021-01-06	1.71	1.71	1.78	1.74	2203300
2021-01-07	1.76	1.74	1.77	1.74	977900
2021-01-08	1.77	1.76	1.96	1.96	21613400
2021-01-11	2.0	1.91	2.02	1.91	10162600
2021-01-12	1.91	1.89	1.95	1.92	2591000
2021-01-13	1.92	1.88	1.93	1.89	5172700
2021-01-14	1.89	1.81	1.9	1.82	3129700
2021-01-15	1.84	1.79	1.84	1.8	2146300
2021-01-18	1.79	1.73	1.81	1.8	1755300
2021-01-19	1.8	1.8	1.86	1.86	1632100
2021-01-20	1.88	1.84	1.88	1.85	1640700
2021-01-21	1.86	1.86	2.04	1.95	17249600
2021-01-22	1.97	1.83	1.97	1.87	8185600
2021-01-25	1.87	1.86	1.96	1.93	9229700
2021-01-26	1.94	1.93	2.08	2.08	28652000
2021-01-27	2.08	2.02	2.12	2.02	15340400
2021-01-28	2.0	1.98	2.04	2.02	4994700
2021-01-29	2.04	1.98	2.04	1.98	3693100
2021-02-01	1.98	1.88	1.98	1.88	4421700
2021-02-02	1.87	1.87	1.93	1.93	2431300
2021-02-03	1.94	1.92	1.96	1.94	2894600
2021-02-04	1.95	1.93	1.95	1.95	751600
2021-02-05	1.96	1.94	2.06	1.99	5596600
2021-02-08	1.98	1.98	2.04	1.99	2407700
2021-02-09	2.02	1.98	2.04	2.0	2380800
2021-02-10	2.02	1.97	2.02	1.97	1342000
2021-02-11	1.97	1.92	1.97	1.94	1349300
2021-02-15	1.95	1.84	1.95	1.93	4319700
2021-02-16	1.9	1.88	1.91	1.91	873600
2021-02-17	1.89	1.85	1.89	1.85	2429900
2021-02-18	1.85	1.79	1.86	1.8	2442700
2021-02-19	1.79	1.77	1.81	1.79	981300
2021-02-22	1.77	1.74	1.79	1.75	2108000
2021-02-23	1.75	1.74	1.79	1.77	730300
2021-02-24	1.76	1.76	1.79	1.77	380400
2021-02-25	1.77	1.77	1.82	1.82	1090200
2021-03-01	1.81	1.79	1.82	1.82	267500
2021-03-02	1.82	1.79	1.82	1.81	442800
2021-03-03	1.81	1.8	1.85	1.83	645000
2021-03-04	1.81	1.8	1.84	1.84	242900
2021-03-05	1.83	1.82	1.85	1.84	462000
2021-03-08	1.84	1.8	1.84	1.8	2299800
2021-03-09	1.8	1.8	1.83	1.83	950600
2021-03-10	1.83	1.81	1.86	1.83	2650200
2021-03-11	1.83	1.82	1.85	1.85	1216300
2021-03-12	1.85	1.83	1.86	1.84	322100
2021-03-15	1.84	1.84	1.89	1.85	1695700
2021-03-16	1.85	1.85	1.93	1.9	4747000
2021-03-17	1.9	1.85	2.04	2.0	12762100
2021-03-18	2.02	1.97	2.06	1.97	9885100
2021-03-19	1.99	1.96	2.0	1.98	3027500
2021-03-22	1.98	1.92	1.98	1.94	3380100
2021-03-23	1.94	1.94	2.04	2.02	8896400
2021-03-24	2.04	2.02	2.52	2.3	50739000
2021-03-25	2.3	2.18	2.38	2.3	11196600
2021-03-26	2.34	2.26	2.46	2.36	13626100
2021-03-29	2.38	2.32	2.4	2.34	4131500
2021-03-30	2.34	2.22	2.34	2.32	9973200
2021-03-31	2.36	2.26	2.42	2.26	14209100
2021-04-01	2.28	2.26	2.44	2.36	28968600
2021-04-02	2.44	2.32	2.46	2.34	20386700
2021-04-05	2.32	2.24	2.32	2.3	10272600
2021-04-07	2.28	2.2	2.34	2.26	9646900
2021-04-08	2.24	2.24	2.3	2.26	2714500
2021-04-09	2.26	2.26	2.36	2.3	10070300
2021-04-12	2.28	2.22	2.32	2.22	4346000
2021-04-16	2.24	2.0	2.24	2.04	8782100
2021-04-19	2.04	2.04	2.22	2.18	7052800
2021-04-20	2.16	2.16	2.26	2.24	4853600
2021-04-21	2.28	2.2	2.32	2.26	7086300
2021-04-22	2.28	2.26	2.34	2.32	9066800
2021-04-23	2.3	2.26	2.42	2.3	16922900
2021-04-26	2.28	2.22	2.38	2.36	11579300
2021-04-27	2.36	2.36	2.76	2.72	53013900
2021-04-28	2.74	2.6	2.74	2.66	10743400
2021-04-29	2.68	2.62	2.7	2.64	5700900
2021-04-30	2.68	2.64	2.94	2.74	33148500
2021-05-05	2.72	2.72	2.84	2.72	14927800
2021-05-06	2.72	2.68	2.82	2.78	11415700
2021-05-07	2.78	2.66	2.84	2.68	10726000
2021-05-10	2.68	2.66	3.0	2.96	30664900
2021-05-11	3.02	2.94	3.12	3.0	23972200
2021-05-12	3.04	3.02	3.16	3.08	33174500
2021-05-13	3.04	2.68	3.06	3.0	22035200
2021-05-14	3.02	2.68	3.02	2.72	20522600
2021-05-17	2.7	2.56	2.72	2.64	10959300
2021-05-18	2.64	2.64	2.78	2.7	13574900
2021-05-19	2.72	2.72	2.86	2.86	25155400
2021-05-20	2.86	2.74	2.88	2.76	8535800
2021-05-21	2.78	2.72	2.84	2.76	9339400
2021-05-24	2.76	2.58	2.78	2.62	10414600
2021-05-25	2.6	2.58	2.7	2.62	7065600
2021-05-27	2.64	2.62	2.7	2.62	5219000
2021-05-28	2.64	2.62	2.7	2.64	5834800
2021-05-31	2.66	2.64	2.72	2.7	5055100
2021-06-01	2.7	2.7	2.88	2.86	15956100
2021-06-02	2.96	2.84	2.98	2.88	14452100
2021-06-04	2.9	2.9	3.0	2.9	19607900
2021-06-07	2.88	2.84	2.94	2.9	8010000
2021-06-08	2.9	2.86	3.0	2.92	10631900
2021-06-09	2.9	2.9	3.1	3.1	33919200
2021-06-10	3.04	2.96	3.06	3.02	16254500
2021-06-11	3.04	3.04	3.28	3.14	62578700
2021-06-14	3.14	3.1	3.2	3.14	9499700
2021-06-15	3.14	3.0	3.16	3.04	12385400
2021-06-16	3.06	3.04	3.1	3.1	5474000
2021-06-17	3.06	3.04	3.12	3.06	5124400
2021-06-18	3.08	3.06	3.2	3.1	14600200
2021-06-21	3.0	2.9	3.06	3.06	6464600
2021-06-22	3.1	3.08	3.3	3.12	29504800
2021-06-23	3.16	3.02	3.16	3.04	8769000
2021-06-24	3.04	2.92	3.06	3.02	6079400
2021-06-25	3.04	2.96	3.1	3.06	5996900
2021-06-28	3.0	3.0	3.12	3.02	4184200
2021-06-29	3.06	3.04	3.08	3.04	2392500
2021-06-30	3.04	3.02	3.06	3.02	2526000
2021-07-01	3.06	3.04	3.12	3.12	6077400
2021-07-02	3.16	3.0	3.16	3.02	5920100
2021-07-05	3.04	3.0	3.06	3.02	1864500
2021-07-06	3.02	3.02	3.1	3.02	5447100
2021-07-07	3.04	2.94	3.04	2.94	6359300
2021-07-08	2.94	2.68	2.94	2.68	15418500
2021-07-09	2.62	2.62	2.8	2.78	5503600
2021-07-12	2.74	2.66	2.82	2.68	5985600
2021-07-13	2.7	2.68	2.78	2.78	2938600
2021-07-14	2.78	2.72	2.78	2.78	1456500
2021-07-15	2.78	2.74	2.78	2.76	1697500
2021-07-16	2.72	2.72	2.84	2.76	2362200
2021-07-19	2.7	2.68	2.76	2.74	1548900
2021-07-20	2.76	2.64	2.76	2.66	2498400
2021-07-21	2.7	2.66	2.72	2.68	1203100
2021-07-22	2.68	2.68	2.7	2.7	571300
2021-07-23	2.84	2.66	2.84	2.68	3533000
2021-07-27	2.7	2.64	2.7	2.66	1383200
2021-07-29	2.66	2.66	2.7	2.68	1089700
2021-07-30	2.68	2.52	2.68	2.54	4267200
2021-08-02	2.52	2.48	2.58	2.52	2835500
2021-08-03	2.58	2.58	2.68	2.64	4626000
2021-08-04	2.7	2.64	2.8	2.68	21144000
2021-08-05	2.7	2.66	2.74	2.66	8705600
2021-08-06	2.7	2.66	2.72	2.68	5073300
2021-08-09	2.7	2.6	2.7	2.62	4165400
2021-08-10	2.62	2.6	2.76	2.74	9289600
2021-08-11	2.74	2.64	2.84	2.64	33384700
2021-08-13	2.64	2.54	2.64	2.58	9743900
2021-08-16	2.58	2.42	2.58	2.44	8549700
2021-08-17	2.42	2.42	2.5	2.46	2647100
2021-08-18	2.46	2.44	2.52	2.48	1667900
2021-08-19	2.48	2.48	2.64	2.62	8823400
2021-08-20	2.62	2.58	2.64	2.6	2429000
2021-08-23	2.58	2.52	2.6	2.58	5913600
2021-08-24	2.58	2.54	2.66	2.58	4541500
2021-08-25	2.62	2.58	2.62	2.6	1825200
2021-08-26	2.58	2.58	2.66	2.62	3267500
2021-08-27	2.6	2.6	2.66	2.62	1731000
2021-08-30	2.64	2.64	2.7	2.66	3261700
2021-08-31	2.68	2.6	2.68	2.64	3845000
2021-09-01	2.64	2.62	2.66	2.62	1528600
2021-09-02	2.62	2.58	2.64	2.6	1602600
2021-09-03	2.64	2.56	2.64	2.6	2076500
2021-09-06	2.62	2.54	2.68	2.68	5218100
2021-09-07	2.7	2.56	2.7	2.56	5637700
2021-09-08	2.58	2.56	2.6	2.58	2009100
2021-09-09	2.62	2.58	2.64	2.6	3182800
2021-09-10	2.62	2.56	2.62	2.58	1491300
2021-09-13	2.6	2.54	2.6	2.56	2427800
2021-09-14	2.58	2.52	2.6	2.52	3064900
2021-09-15	2.54	2.52	2.58	2.54	1573800
2021-09-16	2.56	2.48	2.58	2.48	6410300
2021-09-17	2.5	2.44	2.52	2.48	1996000
2021-09-20	2.5	2.4	2.5	2.42	3135900
2021-09-21	2.42	2.34	2.46	2.46	1887400
2021-09-22	2.48	2.44	2.48	2.44	1273400
2021-09-23	2.46	2.42	2.5	2.42	1840600
2021-09-27	2.42	2.36	2.44	2.36	3316000
2021-09-28	2.36	2.34	2.42	2.34	1889700
2021-09-29	2.34	2.32	2.38	2.34	2921400
2021-09-30	2.32	2.3	2.36	2.32	1420900
2021-10-01	2.32	2.3	2.36	2.34	1102800
2021-10-04	2.34	2.28	2.36	2.32	2638700
2021-10-05	2.3	2.26	2.32	2.32	3632600
2021-10-06	2.32	2.3	2.44	2.38	9981700
2021-10-07	2.42	2.34	2.44	2.34	8373000
2021-10-08	2.38	2.28	2.38	2.32	9539100
2021-10-11	2.34	2.24	2.34	2.26	10497500
2021-10-12	2.24	2.22	2.28	2.22	5039600
2021-10-14	2.24	2.24	2.38	2.38	17280500
2021-10-15	2.38	2.28	2.38	2.3	5971500
2021-10-18	2.28	2.28	2.38	2.36	13978500
2021-10-19	2.34	2.3	2.38	2.32	8003600
2021-10-20	2.3	2.26	2.36	2.28	7747400
2021-10-21	2.28	2.26	2.34	2.28	2300100
2021-10-25	2.3	2.2	2.32	2.24	6591300
2021-10-26	2.24	2.2	2.28	2.24	7490000
2021-10-27	2.24	2.2	2.24	2.2	4176300
2021-10-28	2.22	2.1	2.22	2.16	14535500
2021-10-29	2.16	2.14	2.2	2.18	2471900
2021-11-01	2.2	2.1	2.2	2.12	2000300
2021-11-02	2.12	2.04	2.12	2.1	3045200
2021-11-03	2.08	2.04	2.12	2.06	1905800
2021-11-04	2.04	2.04	2.1	2.1	614400
2021-11-05	2.1	2.06	2.1	2.08	1004900
2021-11-08	2.08	2.04	2.12	2.08	1486200
2021-11-09	2.1	2.08	2.12	2.1	1246000
2021-11-10	2.12	2.08	2.14	2.14	614400
2021-11-11	2.14	2.04	2.14	2.1	2891800
2021-11-12	2.12	2.1	2.14	2.14	1693000
2021-11-15	2.18	2.12	2.18	2.16	2017700
2021-11-16	2.16	2.12	2.18	2.14	1559400
2021-11-17	2.14	2.12	2.26	2.26	12034600
2021-11-18	2.28	2.22	2.3	2.26	4477600
2021-11-19	2.26	2.2	2.28	2.26	4003300
2021-11-22	2.26	2.16	2.26	2.22	14495500
2021-11-23	2.24	2.22	2.34	2.26	35845800
2021-11-24	2.26	2.24	2.32	2.32	17577700
2021-11-25	2.2	2.18	2.24	2.18	6130800
2021-11-26	2.2	2.04	2.2	2.08	13025600
2021-11-29	2.06	2.04	2.08	2.04	3158500
2021-11-30	2.06	1.95	2.1	1.99	6091000
2021-12-01	1.99	1.95	2.02	1.97	5556100
2021-12-02	1.97	1.91	1.98	1.95	3961100
2021-12-03	1.95	1.91	1.97	1.94	3491900
2021-12-07	1.94	1.92	1.97	1.97	1771200
2021-12-08	1.98	1.97	2.04	2.02	3498700
2021-12-09	2.06	2.02	2.08	2.04	2651100
2021-12-13	2.06	2.0	2.06	2.0	3417100
2021-12-14	2.0	2.0	2.1	2.08	3728100
2021-12-15	2.1	2.08	2.12	2.08	2707000
2021-12-16	2.08	2.08	2.18	2.16	5016600
2021-12-17	2.2	2.12	2.2	2.14	1771900
2021-12-20	2.14	2.06	2.14	2.06	2751900
2021-12-21	2.1	2.06	2.12	2.08	1291000
2021-12-22	2.08	2.04	2.1	2.04	1529400
2021-12-23	2.06	2.06	2.1	2.08	414100
2021-12-24	2.08	2.04	2.08	2.08	491700
2021-12-27	2.06	2.06	2.08	2.06	273600
2021-12-28	2.06	2.06	2.1	2.08	755000
2021-12-29	2.1	2.04	2.1	2.06	717300
2021-12-30	2.08	2.04	2.1	2.08	385500
2022-01-04	2.08	2.06	2.12	2.1	1008400
2022-01-05	2.08	2.08	2.2	2.18	6156500
2022-01-06	2.18	2.14	2.2	2.18	3370900
2022-01-07	2.2	2.18	2.3	2.3	9808700
2022-01-10	2.42	2.36	2.44	2.36	32027800
2022-01-11	2.36	2.34	2.42	2.38	11645000
2022-01-12	2.38	2.32	2.38	2.34	5664300
2022-01-13	2.34	2.3	2.38	2.32	4075000
2022-01-14	2.32	2.3	2.38	2.34	6565300
2022-01-17	2.38	2.32	2.42	2.4	9825600
2022-01-18	2.38	2.3	2.4	2.32	7461200
2022-01-19	2.3	2.26	2.34	2.3	8042500
2022-01-20	2.34	2.22	2.34	2.22	4530600
2022-01-21	2.22	2.2	2.28	2.26	3158900
2022-01-24	2.3	2.2	2.3	2.2	2885500
2022-01-25	2.2	2.08	2.2	2.14	3208700
2022-01-26	2.12	2.12	2.16	2.14	1398300
2022-01-27	2.18	2.04	2.18	2.12	2341000
2022-01-28	2.12	2.1	2.16	2.12	835000
2022-01-31	2.1	2.1	2.16	2.16	670500
2022-02-01	2.16	2.16	2.24	2.24	1554000
2022-02-02	2.28	2.2	2.32	2.26	2153700
2022-02-03	2.24	2.22	2.32	2.22	4070700
2022-02-04	2.22	2.18	2.24	2.2	1732000
2022-02-07	2.22	2.18	2.24	2.2	1952700
2022-02-08	2.2	2.2	2.24	2.2	1169500
2022-02-09	2.22	2.2	2.36	2.32	10646600
2022-02-10	2.3	2.18	2.32	2.2	9242000
2022-02-11	2.2	2.14	2.2	2.18	2455100
2022-02-14	2.16	2.1	2.16	2.12	2735900
2022-02-15	2.08	2.08	2.16	2.16	1955900
2022-02-17	2.16	2.14	2.2	2.18	992500
2022-02-18	2.16	2.14	2.2	2.14	1189100
2022-02-21	2.14	2.12	2.18	2.12	1043200
2022-02-22	2.08	2.08	2.24	2.2	3692500
2022-02-23	2.22	2.14	2.24	2.2	2171900
2022-02-24	2.2	2.08	2.22	2.08	3728000
2022-02-25	2.14	2.14	2.2	2.16	1556000
2022-02-28	2.14	2.14	2.34	2.32	7523200
2022-03-01	2.28	2.26	2.38	2.32	10586000
2022-03-02	2.32	2.26	2.36	2.28	5186300
2022-03-03	2.3	2.3	2.52	2.5	111154800
2022-03-04	2.44	2.32	2.5	2.36	38779700
2022-03-07	2.34	2.14	2.34	2.24	20749400
2022-03-08	2.2	2.02	2.26	2.12	14114100
2022-03-09	2.14	2.1	2.24	2.22	5594800
2022-03-10	2.26	2.18	2.3	2.24	5158800
2022-03-11	2.2	2.18	2.36	2.3	11702800
2022-03-14	2.3	2.28	2.36	2.3	6271200
2022-03-15	2.34	2.22	2.36	2.24	7332400
2022-03-16	2.24	2.22	2.32	2.3	3115200
2022-03-17	2.3	2.3	2.38	2.32	6508200
2022-03-18	2.34	2.32	2.4	2.36	9399700
2022-03-21	2.38	2.36	2.44	2.38	8718000
2022-03-22	2.38	2.38	2.44	2.42	7364500
2022-03-23	2.46	2.4	2.46	2.44	4989400
2022-03-24	2.42	2.38	2.58	2.56	31248600
2022-03-25	2.54	2.42	2.56	2.46	19226600
2022-03-28	2.44	2.44	2.6	2.6	26060200
2022-03-29	2.6	2.56	2.64	2.62	14673400
2022-03-30	2.62	2.48	2.7	2.54	27606800
2022-03-31	2.54	2.48	2.56	2.5	6078400
2022-04-01	2.5	2.5	2.58	2.56	7151200
2022-04-04	2.58	2.5	2.66	2.66	20640700
2022-04-05	2.64	2.56	2.7	2.6	24542500
2022-04-07	2.58	2.52	2.6	2.56	4713800
2022-04-08	2.6	2.56	2.64	2.58	5543200
2022-04-11	2.58	2.46	2.58	2.5	6177100
2022-04-12	2.46	2.44	2.56	2.52	4232600
2022-04-18	2.52	2.52	2.76	2.72	31189700
2022-04-19	2.72	2.66	2.76	2.7	12158500
2022-04-20	2.76	2.72	2.96	2.74	55442000
2022-04-21	2.72	2.68	2.84	2.8	15994300
2022-04-22	2.8	2.68	2.8	2.74	7460000
2022-04-25	2.7	2.66	2.76	2.76	5395500
2022-04-26	2.78	2.68	2.82	2.72	12959000
2022-04-27	2.7	2.68	2.88	2.86	25200300
2022-04-28	2.9	2.8	2.9	2.82	14335100
2022-04-29	2.84	2.76	2.86	2.76	7500500
2022-05-03	2.72	2.5	2.74	2.52	14642800
2022-05-05	2.48	2.48	2.6	2.5	4698400
2022-05-06	2.54	2.46	2.56	2.54	7091800
2022-05-09	2.5	2.34	2.56	2.34	11568000
2022-05-10	2.28	2.24	2.38	2.38	7035900
2022-05-11	2.32	2.28	2.36	2.32	2498500
2022-05-12	2.3	2.14	2.3	2.18	5505600
2022-05-13	2.2	2.18	2.3	2.3	5915100
2022-05-17	2.4	2.26	2.48	2.48	12422600
2022-05-18	2.56	2.42	2.56	2.48	6510100
2022-05-19	2.4	2.38	2.46	2.42	2495700
2022-05-20	2.44	2.44	2.5	2.46	1494400
2022-05-23	2.48	2.44	2.64	2.56	9274200
2022-05-24	2.56	2.5	2.6	2.54	4348200
2022-05-25	2.56	2.5	2.6	2.56	3637500
2022-05-26	2.58	2.48	2.58	2.52	7842000
2022-05-27	2.56	2.5	2.58	2.5	2435400
2022-05-30	2.52	2.52	2.56	2.56	2213100
2022-05-31	2.54	2.52	2.6	2.56	2799600
2022-06-01	2.58	2.54	2.68	2.62	9577000
2022-06-02	2.62	2.54	2.64	2.6	4524200
2022-06-06	2.66	2.64	2.74	2.68	11645800
2022-06-07	2.68	2.58	2.68	2.58	5868300
2022-06-08	2.62	2.58	2.64	2.64	2500500
2022-06-09	2.64	2.62	2.7	2.66	5365500
2022-06-10	2.64	2.6	2.68	2.6	2729500
2022-06-13	2.5	2.5	2.58	2.5	3547100
2022-06-14	2.5	2.44	2.54	2.5	2382600
2022-06-15	2.5	2.46	2.54	2.46	2069900
2022-06-16	2.5	2.34	2.52	2.38	4152400
2022-06-17	2.34	2.32	2.4	2.4	2134500
2022-06-20	2.4	2.34	2.42	2.4	1739800
2022-06-21	2.4	2.36	2.42	2.4	1229300
2022-06-22	2.44	2.3	2.44	2.32	3227200
2022-06-23	2.32	2.3	2.36	2.3	1209600
2022-06-24	2.34	2.24	2.34	2.28	2292400
2022-06-27	2.3	2.3	2.32	2.32	1716600
2022-06-28	2.32	2.28	2.42	2.4	2355800
2022-06-29	2.38	2.32	2.38	2.36	1808200
2022-06-30	2.36	2.22	2.38	2.24	2677400
2022-07-01	2.24	2.2	2.26	2.24	2293000
2022-07-04	2.26	2.18	2.28	2.18	2060000
2022-07-05	2.2	2.12	2.24	2.18	2723900
2022-07-06	2.14	2.1	2.16	2.16	2774300
2022-07-07	2.14	2.14	2.24	2.22	2687100
2022-07-08	2.24	2.16	2.24	2.16	973800
2022-07-11	2.14	2.12	2.2	2.2	735700
2022-07-12	2.2	2.12	2.2	2.2	791600
2022-07-14	2.18	2.08	2.2	2.08	1225600
2022-07-15	2.1	2.08	2.16	2.14	1473100
2022-07-18	2.16	2.1	2.18	2.16	1618400
2022-07-19	2.14	2.04	2.18	2.18	4840800
2022-07-20	2.22	2.16	2.22	2.2	2035700
2022-07-21	2.2	2.16	2.24	2.18	1436700
2022-07-22	2.18	2.16	2.22	2.2	683700
2022-07-25	2.2	2.16	2.24	2.22	622900
2022-07-26	2.2	2.2	2.3	2.2	5072600
2022-07-27	2.2	2.2	2.26	2.24	1145900
2022-08-01	2.24	2.24	2.3	2.28	3551100
2022-08-02	2.28	2.24	2.28	2.24	2365300
2022-08-03	2.24	2.18	2.26	2.24	886100
2022-08-04	2.26	2.24	2.32	2.26	2492600
2022-08-05	2.24	2.24	2.34	2.3	2877100
2022-08-08	2.3	2.24	2.3	2.26	5501000
2022-08-09	2.28	2.26	2.3	2.26	744200
2022-08-10	2.26	2.24	2.3	2.26	2426400
2022-08-11	2.28	2.24	2.3	2.26	1191100
2022-08-15	2.3	2.24	2.32	2.26	3334800
2022-08-16	2.28	2.26	2.38	2.34	6305400
2022-08-17	2.34	2.3	2.36	2.32	2903300
2022-08-18	2.32	2.28	2.36	2.34	3363400
2022-08-19	2.36	2.3	2.38	2.3	1812300
2022-08-22	2.3	2.3	2.34	2.32	628800
2022-08-23	2.3	2.3	2.36	2.36	1827500
2022-08-24	2.36	2.34	2.4	2.36	4782200
2022-08-25	2.38	2.36	2.42	2.38	2144900
2022-08-26	2.4	2.36	2.42	2.36	1545900
2022-08-29	2.34	2.3	2.34	2.34	1010200
2022-08-30	2.36	2.32	2.36	2.34	501000
2022-08-31	2.32	2.3	2.36	2.32	2206900
2022-09-01	2.32	2.28	2.38	2.28	2560200
2022-09-02	2.28	2.18	2.3	2.24	2248900
2022-09-05	2.24	2.18	2.26	2.26	3270500
2022-09-06	2.24	2.24	2.28	2.26	940600
2022-09-07	2.24	2.2	2.28	2.24	1418100
2022-09-08	2.24	2.2	2.26	2.2	1580400
2022-09-09	2.22	2.2	2.26	2.26	1142000
2022-09-12	2.26	2.22	2.28	2.26	938200
2022-09-13	2.28	2.24	2.3	2.28	1094300
2022-09-14	2.24	2.24	2.32	2.32	1673900
2022-09-15	2.34	2.28	2.34	2.28	3342700
2022-09-16	2.28	2.26	2.32	2.3	852300
2022-09-19	2.32	2.3	2.38	2.34	4360700
2022-09-20	2.4	2.34	2.4	2.36	2768300
2022-09-21	2.36	2.32	2.38	2.34	1229900
2022-09-22	2.36	2.34	2.56	2.5	18800600
2022-09-23	2.5	2.46	2.52	2.5	7102700
2022-09-26	2.48	2.44	2.48	2.48	2539900
2022-09-27	2.48	2.48	2.58	2.52	15926300
2022-09-28	2.52	2.26	2.52	2.28	11128900
2022-09-29	2.34	2.28	2.38	2.3	4203200
2022-09-30	2.3	2.26	2.36	2.32	3516500
2022-10-03	2.32	2.22	2.36	2.28	1781000
2022-10-04	2.32	2.32	2.38	2.34	1985000
2022-10-05	2.4	2.32	2.4	2.34	449900
2022-10-06	2.34	2.32	2.48	2.44	3980700
2022-10-07	2.44	2.4	2.5	2.42	2803200
2022-10-10	2.4	2.4	2.48	2.42	3443900
2022-10-11	2.44	2.4	2.5	2.42	5819500
2022-10-12	2.44	2.36	2.48	2.38	3267700
2022-10-17	2.4	2.34	2.42	2.4	989400
2022-10-18	2.4	2.36	2.42	2.36	1110100
2022-10-19	2.4	2.34	2.4	2.36	1238300
2022-10-20	2.38	2.36	2.48	2.4	3881400
2022-10-21	2.42	2.34	2.42	2.36	2381300
2022-10-25	2.38	2.28	2.4	2.3	2308900
2022-10-26	2.32	2.3	2.34	2.32	857500
2022-10-27	2.32	2.28	2.36	2.32	1875200
2022-10-28	2.32	2.32	2.38	2.34	1031300
2022-10-31	2.4	2.36	2.46	2.38	2905500
2022-11-01	2.4	2.38	2.52	2.48	8223600
2022-11-02	2.5	2.44	2.56	2.44	5609000
2022-11-03	2.44	2.42	2.48	2.44	2268500
2022-11-04	2.46	2.46	2.52	2.46	3088200
2022-11-07	2.48	2.4	2.5	2.4	1984400
2022-11-08	2.42	2.38	2.44	2.38	864400
2022-11-09	2.38	2.36	2.44	2.4	997000
2022-11-10	2.38	2.38	2.44	2.4	692200
2022-11-11	2.44	2.34	2.48	2.42	2936000
2022-11-14	2.42	2.32	2.42	2.36	1850000
2022-11-15	2.38	2.3	2.42	2.42	2938900
2022-11-16	2.42	2.38	2.42	2.4	636900
2022-11-17	2.4	2.36	2.4	2.36	1039800
2022-11-18	2.36	2.32	2.4	2.38	1121800
2022-11-21	2.38	2.38	2.44	2.38	1966000
2022-11-22	2.38	2.32	2.4	2.34	842800
2022-11-23	2.32	2.32	2.38	2.36	320100
2022-11-24	2.38	2.28	2.38	2.3	1719500
2022-11-25	2.3	2.18	2.3	2.24	3935400
2022-11-28	2.24	2.2	2.28	2.2	1995500
2022-11-29	2.22	2.16	2.22	2.22	1574600
2022-11-30	2.2	2.2	2.26	2.22	673900
2022-12-01	2.22	2.2	2.26	2.24	760500
2022-12-02	2.24	2.2	2.26	2.24	1398500
2022-12-06	2.24	2.18	2.24	2.2	1487300
2022-12-07	2.22	2.12	2.22	2.14	2312200
2022-12-08	2.14	2.1	2.16	2.14	521900
2022-12-09	2.14	2.12	2.18	2.14	1586300
2022-12-13	2.16	2.12	2.2	2.12	1808700
2022-12-14	2.16	2.1	2.18	2.16	2934600
2022-12-15	2.18	2.08	2.2	2.12	5322100
2022-12-16	2.12	2.08	2.12	2.12	2543400
2022-12-19	2.12	2.08	2.16	2.1	2478900
2022-12-20	2.1	2.04	2.1	2.08	3933400
2022-12-21	2.06	2.04	2.1	2.08	2550400
2022-12-22	2.08	2.06	2.08	2.06	2015000
2022-12-23	2.08	1.96	2.1	2.02	5678800
2022-12-26	2.02	2.0	2.06	2.04	1824200
2022-12-27	2.06	2.06	2.08	2.08	2026800
2022-12-28	2.08	2.08	2.16	2.12	2476900
2022-12-29	2.14	2.1	2.14	2.14	676000
2022-12-30	2.14	2.1	2.14	2.12	514100
