Date	Price Open	Price Low	Price High	Price Close	Volume
2014-11-19	3.0	3.0	4.0	3.34	2989725100
2014-11-20	3.56	3.0	3.58	3.04	903194000
2014-11-21	2.92	2.58	2.96	2.6	1032436700
2014-11-24	2.68	2.4	2.78	2.44	500419200
2014-11-25	2.44	2.18	2.5	2.32	594657600
2014-11-26	2.34	2.2	2.4	2.2	428659400
2014-11-27	2.22	2.2	2.4	2.32	564386800
2014-11-28	2.34	2.24	2.38	2.26	174007800
2014-12-01	2.28	2.24	2.34	2.3	147307000
2014-12-02	2.34	2.34	2.54	2.52	788065500
2014-12-03	2.58	2.36	2.6	2.4	485166600
2014-12-04	2.4	2.3	2.42	2.3	202571400
2014-12-08	2.32	2.22	2.34	2.24	90875200
2014-12-09	2.26	2.24	2.36	2.28	91345100
2014-12-11	2.26	2.1	2.28	2.16	79570900
2014-12-12	2.18	2.1	2.24	2.12	60051200
2014-12-15	2.08	1.56	2.08	1.86	151189000
2014-12-16	1.83	1.8	2.0	1.96	181948100
2014-12-17	1.98	1.98	2.04	1.98	97139700
2014-12-18	2.0	1.99	2.08	2.02	97427300
2014-12-19	2.06	2.0	2.08	2.02	57624600
2014-12-22	2.02	2.0	2.1	2.08	99537300
2014-12-23	2.08	2.02	2.12	2.02	55484500
2014-12-24	2.04	1.99	2.04	1.99	30422800
2014-12-25	1.98	1.94	1.98	1.94	32864600
2014-12-26	1.95	1.93	1.96	1.94	12064700
2014-12-29	1.95	1.92	1.97	1.92	10799800
2014-12-30	1.93	1.92	1.94	1.93	7273100
2015-01-05	1.9	1.9	2.02	1.96	32593600
2015-01-06	1.94	1.93	1.96	1.95	17953800
2015-01-07	1.96	1.96	2.08	2.0	99058900
2015-01-08	2.04	2.0	2.06	2.02	28847300
2015-01-09	2.02	2.0	2.06	2.02	22142400
2015-01-12	2.04	2.02	2.1	2.08	66698600
2015-01-13	2.08	2.04	2.12	2.08	46284200
2015-01-14	2.1	2.1	2.3	2.24	265711400
2015-01-15	2.24	2.16	2.26	2.18	94169900
2015-01-16	2.18	2.16	2.22	2.18	26624000
2015-01-19	2.22	2.16	2.22	2.2	30467000
2015-01-20	2.22	2.16	2.22	2.16	32722100
2015-01-21	2.16	2.1	2.18	2.1	33922600
2015-01-22	2.1	2.1	2.24	2.16	78617400
2015-01-23	2.18	2.14	2.24	2.16	22832400
2015-01-26	2.16	2.04	2.2	2.06	49565000
2015-01-27	2.06	2.04	2.1	2.04	17875500
2015-01-28	2.06	2.04	2.12	2.1	28086600
2015-01-29	2.1	2.1	2.2	2.14	79977200
2015-01-30	2.16	2.14	2.2	2.16	31063600
2015-02-02	2.16	2.12	2.18	2.12	15633500
2015-02-03	2.14	2.14	2.16	2.16	12571700
2015-02-04	2.18	2.16	2.34	2.3	292629000
2015-02-05	2.34	2.28	2.38	2.3	187848300
2015-02-06	2.32	2.24	2.32	2.24	62703200
2015-02-09	2.24	2.22	2.3	2.22	46544700
2015-02-10	2.24	2.22	2.28	2.26	17639500
2015-02-11	2.28	2.22	2.28	2.26	24337700
2015-02-12	2.26	2.22	2.28	2.22	20542900
2015-02-13	2.24	2.22	2.26	2.22	22185300
2015-02-16	2.24	2.2	2.26	2.2	14457400
2015-02-17	2.2	2.12	2.22	2.14	24799600
2015-02-18	2.14	2.12	2.16	2.12	11824700
2015-02-19	2.14	2.12	2.24	2.18	29761000
2015-02-20	2.2	2.14	2.2	2.14	28409900
2015-02-23	2.16	2.14	2.2	2.2	39626600
2015-02-24	2.24	2.22	2.28	2.24	58370900
2015-02-25	2.28	2.16	2.32	2.18	72047300
2015-02-26	2.2	2.14	2.22	2.16	22314200
2015-02-27	2.2	2.18	2.22	2.2	20665200
2015-03-02	2.18	2.16	2.2	2.16	8608600
2015-03-03	2.18	2.06	2.2	2.08	31653400
2015-03-05	2.1	2.08	2.14	2.1	20832200
2015-03-06	2.1	2.08	2.12	2.12	14155300
2015-03-09	2.14	2.12	2.22	2.18	37424000
2015-03-10	2.18	2.14	2.24	2.16	43814500
2015-03-11	2.16	2.12	2.16	2.12	21173000
2015-03-12	2.12	2.12	2.18	2.12	21606400
2015-03-13	2.04	2.02	2.06	2.02	11686300
2015-03-16	2.0	1.96	2.04	1.96	13436200
2015-03-17	1.98	1.92	2.0	1.92	13172900
2015-03-18	1.93	1.91	1.96	1.95	3600800
2015-03-19	1.98	1.96	2.0	1.96	5767300
2015-03-20	1.95	1.92	1.95	1.93	8207400
2015-03-23	1.97	1.94	2.0	1.99	19293900
2015-03-24	1.98	1.92	1.98	1.94	10366900
2015-03-25	1.96	1.95	2.0	1.97	19589600
2015-03-26	1.96	1.94	2.02	1.95	18828300
2015-03-27	1.95	1.9	1.95	1.92	14214700
2015-03-30	1.93	1.93	1.95	1.94	7806600
2015-03-31	1.95	1.93	1.95	1.95	7210900
2015-04-01	1.95	1.94	2.02	1.97	19608900
2015-04-02	1.98	1.96	1.99	1.96	13561900
2015-04-03	1.98	1.98	2.04	2.0	19338400
2015-04-07	2.0	1.97	2.02	1.98	9769100
2015-04-08	1.99	1.94	1.99	1.94	11251400
2015-04-09	1.95	1.93	1.96	1.93	7598900
2015-04-10	1.93	1.93	1.95	1.95	11277200
2015-04-16	1.93	1.93	2.02	1.96	26790100
2015-04-17	1.96	1.95	1.99	1.96	8166800
2015-04-20	1.95	1.92	1.96	1.94	16578000
2015-04-21	1.94	1.94	1.97	1.96	9450400
2015-04-22	1.96	1.94	2.06	2.04	65760300
2015-04-23	2.04	2.0	2.06	2.02	22209200
2015-04-24	2.04	2.02	2.08	2.06	30909100
2015-04-27	2.08	2.04	2.08	2.04	10979300
2015-04-28	2.06	1.98	2.06	2.0	16883400
2015-04-29	1.98	1.97	2.0	1.98	5140900
2015-04-30	1.97	1.96	2.0	1.98	5959300
2015-05-06	1.98	1.94	1.99	1.94	4565700
2015-05-07	1.95	1.93	1.97	1.93	10395200
2015-05-08	1.93	1.9	1.95	1.93	17167500
2015-05-11	1.95	1.92	1.97	1.92	12330600
2015-05-12	1.9	1.85	1.92	1.86	27629900
2015-05-13	1.86	1.85	1.89	1.87	9861200
2015-05-14	1.87	1.86	1.89	1.87	8413100
2015-05-15	1.89	1.88	1.92	1.9	20867000
2015-05-18	1.9	1.87	1.9	1.88	12192500
2015-05-19	1.88	1.87	1.95	1.93	34007600
2015-05-20	1.93	1.91	1.94	1.93	7721100
2015-05-21	1.92	1.92	1.94	1.92	3301200
2015-05-22	1.93	1.92	1.96	1.92	13401000
2015-05-25	1.92	1.89	1.93	1.9	9397700
2015-05-26	1.91	1.87	1.91	1.87	8063700
2015-05-27	1.88	1.86	1.91	1.91	7093600
2015-05-28	1.92	1.88	1.92	1.89	7572000
2015-05-29	1.89	1.88	1.9	1.89	7400900
2015-06-02	1.89	1.87	1.9	1.89	8826300
2015-06-03	1.89	1.89	1.93	1.91	22556500
2015-06-04	1.91	1.9	1.93	1.91	7155500
2015-06-05	1.93	1.92	1.97	1.93	30453700
2015-06-08	1.94	1.94	2.0	1.97	31381000
2015-06-09	1.97	1.96	2.02	1.99	38219100
2015-06-10	2.0	1.98	2.02	1.99	29145300
2015-06-11	2.0	1.96	2.04	1.98	29418300
2015-06-12	1.98	1.95	1.98	1.98	33312400
2015-06-15	1.98	1.96	2.0	1.97	23309000
2015-06-16	1.98	1.95	1.99	1.95	11799200
2015-06-17	1.96	1.96	2.0	2.0	22881300
2015-06-18	1.99	1.97	2.0	1.98	10434200
2015-06-19	1.99	1.94	1.99	1.95	16230900
2015-06-22	1.95	1.95	1.98	1.97	10946600
2015-06-23	1.98	1.96	1.99	1.96	7330600
2015-06-24	1.97	1.96	1.98	1.96	8944100
2015-06-25	1.96	1.96	1.98	1.96	15766500
2015-06-26	1.96	1.96	1.97	1.96	4210200
2015-06-29	1.93	1.92	1.95	1.94	6929300
2015-06-30	1.94	1.93	1.96	1.94	3279200
2015-07-02	1.95	1.93	1.96	1.94	8770600
2015-07-03	1.95	1.92	1.95	1.93	9989200
2015-07-06	1.92	1.89	1.93	1.9	9902600
2015-07-07	1.9	1.86	1.91	1.87	20148500
2015-07-08	1.87	1.8	1.87	1.81	26013800
2015-07-09	1.8	1.71	1.82	1.72	36771100
2015-07-10	1.74	1.74	1.8	1.76	30995200
2015-07-13	1.76	1.75	1.8	1.78	14162000
2015-07-14	1.79	1.74	1.8	1.75	11018800
2015-07-15	1.75	1.75	1.77	1.75	2137600
2015-07-16	1.76	1.7	1.76	1.73	6684800
2015-07-17	1.73	1.72	1.75	1.72	2977300
2015-07-20	1.74	1.7	1.74	1.7	5604000
2015-07-21	1.71	1.61	1.71	1.61	16205000
2015-07-22	1.6	1.55	1.64	1.63	6818900
2015-07-23	1.65	1.62	1.66	1.64	5014300
2015-07-24	1.64	1.63	1.65	1.63	1402500
2015-07-27	1.63	1.57	1.63	1.59	3575400
2015-07-28	1.6	1.55	1.6	1.57	4290600
2015-07-29	1.6	1.56	1.6	1.58	2010600
2015-07-31	1.6	1.6	1.63	1.6	3061500
2015-08-03	1.6	1.6	1.67	1.64	6407100
2015-08-04	1.64	1.59	1.64	1.6	4959100
2015-08-05	1.61	1.61	1.66	1.65	4558300
2015-08-06	1.65	1.62	1.65	1.63	3262800
2015-08-07	1.63	1.62	1.64	1.62	1848700
2015-08-10	1.63	1.59	1.63	1.6	6199600
2015-08-11	1.71	1.67	1.76	1.73	82176200
2015-08-13	1.73	1.71	1.77	1.72	78940500
2015-08-14	1.73	1.72	1.75	1.73	33190700
2015-08-17	1.73	1.69	1.73	1.71	35638800
2015-08-18	1.66	1.59	1.68	1.6	84856800
2015-08-19	1.61	1.61	1.64	1.61	64959600
2015-08-20	1.53	1.5	1.53	1.51	43355900
2015-08-21	1.51	1.46	1.51	1.47	45351200
2015-08-24	1.42	1.26	1.43	1.26	57353400
2015-08-25	1.27	1.18	1.29	1.26	53958500
2015-08-26	1.23	1.23	1.29	1.26	27402900
2015-08-27	1.28	1.28	1.32	1.3	26125700
2015-08-28	1.32	1.29	1.35	1.29	23656500
2015-08-31	1.3	1.29	1.32	1.31	7095400
2015-09-01	1.31	1.29	1.33	1.3	11301400
2015-09-02	1.3	1.29	1.31	1.29	10284300
2015-09-03	1.3	1.3	1.39	1.39	60937400
2015-09-04	1.41	1.39	1.43	1.4	34687800
2015-09-07	1.39	1.38	1.4	1.4	14182300
2015-09-08	1.4	1.37	1.41	1.37	17083600
2015-09-09	1.39	1.38	1.41	1.41	12671500
2015-09-10	1.41	1.4	1.47	1.47	27017200
2015-09-11	1.48	1.43	1.49	1.43	21059600
2015-09-14	1.45	1.4	1.45	1.4	11046800
2015-09-15	1.41	1.37	1.42	1.37	7899500
2015-09-16	1.38	1.37	1.39	1.38	3920900
2015-09-17	1.39	1.39	1.4	1.39	6720300
2015-09-18	1.41	1.4	1.41	1.41	10293000
2015-09-21	1.4	1.4	1.42	1.42	7009000
2015-09-22	1.41	1.39	1.41	1.39	9972400
2015-09-23	1.39	1.37	1.39	1.38	6736600
2015-09-24	1.38	1.37	1.4	1.37	10238500
2015-09-25	1.38	1.37	1.39	1.38	9458500
2015-09-28	1.38	1.33	1.38	1.33	17804000
2015-09-29	1.29	1.29	1.35	1.32	14191000
2015-09-30	1.33	1.31	1.33	1.31	5970800
2015-10-01	1.32	1.3	1.35	1.31	17205700
2015-10-02	1.33	1.32	1.34	1.33	5022500
2015-10-05	1.33	1.33	1.36	1.34	9477800
2015-10-06	1.34	1.33	1.35	1.34	3150200
2015-10-07	1.34	1.33	1.35	1.34	7427100
2015-10-08	1.34	1.33	1.36	1.35	15271700
2015-10-09	1.35	1.34	1.35	1.34	5722000
2015-10-12	1.34	1.34	1.38	1.36	11682700
2015-10-13	1.37	1.34	1.37	1.35	5885800
2015-10-14	1.35	1.32	1.36	1.33	7831500
2015-10-15	1.34	1.33	1.36	1.34	7044800
2015-10-16	1.36	1.34	1.36	1.35	7261400
2015-10-19	1.35	1.34	1.36	1.35	10686300
2015-10-20	1.35	1.35	1.37	1.35	8597300
2015-10-21	1.35	1.35	1.45	1.45	77667700
2015-10-22	1.46	1.43	1.48	1.43	53431000
2015-10-26	1.44	1.43	1.46	1.43	13529700
2015-10-27	1.44	1.42	1.46	1.43	22171100
2015-10-28	1.44	1.41	1.45	1.43	26466100
2015-10-29	1.43	1.38	1.44	1.39	26391000
2015-10-30	1.39	1.37	1.4	1.38	13223500
2015-11-02	1.38	1.37	1.4	1.39	9021600
2015-11-03	1.39	1.38	1.4	1.38	5314500
2015-11-04	1.39	1.38	1.4	1.4	5533100
2015-11-05	1.4	1.39	1.47	1.44	41549800
2015-11-06	1.45	1.45	1.48	1.46	37456300
2015-11-09	1.47	1.46	1.56	1.55	109438200
2015-11-10	1.54	1.53	1.61	1.57	116065300
2015-11-11	1.57	1.52	1.58	1.53	37895400
2015-11-12	1.57	1.57	1.66	1.66	170399700
2015-11-13	1.64	1.57	1.66	1.59	97784500
2015-11-16	1.57	1.56	1.66	1.64	58838900
2015-11-17	1.65	1.6	1.66	1.6	39869100
2015-11-18	1.61	1.52	1.63	1.55	60932600
2015-11-19	1.58	1.55	1.61	1.61	39069400
2015-11-20	1.62	1.6	1.63	1.6	21384200
2015-11-23	1.6	1.56	1.61	1.58	13104600
2015-11-24	1.58	1.55	1.59	1.55	12221800
2015-11-25	1.55	1.53	1.56	1.54	9687300
2015-11-26	1.54	1.51	1.56	1.53	13927800
2015-11-27	1.52	1.49	1.53	1.51	12879900
2015-11-30	1.5	1.48	1.52	1.48	8157700
2015-12-01	1.49	1.43	1.49	1.44	13934500
2015-12-02	1.44	1.41	1.47	1.41	8675800
2015-12-03	1.41	1.35	1.42	1.39	23412700
2015-12-04	1.37	1.36	1.39	1.38	5227200
2015-12-08	1.39	1.37	1.39	1.37	11823300
2015-12-09	1.37	1.32	1.38	1.37	10691100
2015-12-11	1.37	1.34	1.37	1.35	6089000
2015-12-14	1.33	1.31	1.34	1.34	7948000
2015-12-15	1.35	1.33	1.38	1.38	13277700
2015-12-16	1.38	1.37	1.41	1.37	7538800
2015-12-17	1.37	1.36	1.38	1.38	2495400
2015-12-18	1.37	1.34	1.38	1.34	6164500
2015-12-21	1.34	1.29	1.35	1.33	5769400
2015-12-22	1.32	1.28	1.33	1.28	7113500
2015-12-23	1.29	1.27	1.3	1.29	6824100
2015-12-24	1.3	1.29	1.32	1.3	4229900
2015-12-25	1.3	1.29	1.31	1.29	3205500
2015-12-28	1.3	1.29	1.39	1.32	21147400
2015-12-29	1.33	1.32	1.34	1.32	4177600
2015-12-30	1.33	1.33	1.35	1.33	3047800
2016-01-04	1.33	1.3	1.33	1.3	3648900
2016-01-05	1.31	1.29	1.32	1.29	2794800
2016-01-06	1.29	1.28	1.31	1.3	1523800
2016-01-07	1.3	1.27	1.31	1.27	8022800
2016-01-08	1.28	1.27	1.29	1.28	4209100
2016-01-11	1.29	1.27	1.29	1.27	2550800
2016-01-12	1.28	1.28	1.31	1.3	10478200
2016-01-13	1.3	1.29	1.31	1.3	8302600
2016-01-14	1.3	1.28	1.3	1.29	5272800
2016-01-15	1.3	1.25	1.3	1.26	14391500
2016-01-18	1.26	1.23	1.27	1.25	5227700
2016-01-19	1.26	1.25	1.27	1.27	5432200
2016-01-20	1.26	1.24	1.3	1.26	27058400
2016-01-21	1.26	1.24	1.27	1.24	5039900
2016-01-22	1.25	1.24	1.26	1.25	4344600
2016-01-25	1.26	1.24	1.27	1.24	6853100
2016-01-26	1.24	1.23	1.25	1.23	3894000
2016-01-27	1.24	1.23	1.25	1.25	9468400
2016-01-28	1.25	1.24	1.27	1.24	21643800
2016-01-29	1.25	1.23	1.26	1.24	15917100
2016-02-01	1.24	1.23	1.25	1.24	5959900
2016-02-02	1.24	1.21	1.25	1.22	11348000
2016-02-03	1.21	1.18	1.21	1.19	24775800
2016-02-04	1.21	1.19	1.22	1.19	15413800
2016-02-05	1.2	1.19	1.21	1.2	5585800
2016-02-08	1.2	1.2	1.21	1.2	2651300
2016-02-09	1.2	1.2	1.23	1.22	15026800
2016-02-10	1.22	1.21	1.24	1.23	14526000
2016-02-11	1.23	1.2	1.24	1.2	13626100
2016-02-12	1.21	1.18	1.21	1.19	13340100
2016-02-15	1.2	1.19	1.21	1.2	2595300
2016-02-16	1.21	1.19	1.21	1.2	6390200
2016-02-17	1.19	1.18	1.21	1.19	6739900
2016-02-18	1.2	1.19	1.21	1.19	3768300
2016-02-19	1.19	1.19	1.21	1.19	6666600
2016-02-23	1.2	1.19	1.22	1.22	8614700
2016-02-24	1.22	1.22	1.28	1.27	43903400
2016-02-25	1.29	1.24	1.29	1.25	29463100
2016-02-26	1.26	1.25	1.27	1.26	5279100
2016-02-29	1.26	1.24	1.26	1.25	5862600
2016-03-01	1.11	1.06	1.18	1.07	112279700
2016-03-02	1.06	1.05	1.1	1.07	58022700
2016-03-03	1.07	1.06	1.09	1.07	51750800
2016-03-04	1.08	1.07	1.1	1.08	33020000
2016-03-07	1.08	1.07	1.09	1.08	12162600
2016-03-08	1.08	1.07	1.09	1.07	8570100
2016-03-09	1.07	1.07	1.09	1.08	10657800
2016-03-10	1.08	1.08	1.12	1.11	19873400
2016-03-11	1.11	1.1	1.16	1.14	40946100
2016-03-14	1.15	1.13	1.16	1.13	21194000
2016-03-15	1.14	1.12	1.14	1.12	10210000
2016-03-16	1.13	1.12	1.15	1.12	20331500
2016-03-17	1.13	1.12	1.14	1.13	4793900
2016-03-18	1.13	1.1	1.13	1.11	12876100
2016-03-21	1.11	1.1	1.13	1.12	9114800
2016-03-22	1.12	1.1	1.12	1.11	7516600
2016-03-23	1.11	1.1	1.12	1.12	3973600
2016-03-24	1.12	1.11	1.14	1.14	17821700
2016-03-25	1.14	1.14	1.19	1.16	53388500
2016-03-28	1.16	1.14	1.17	1.15	9057400
2016-03-29	1.16	1.15	1.17	1.16	10004900
2016-03-30	1.16	1.16	1.19	1.18	19210100
2016-03-31	1.19	1.19	1.21	1.2	25185500
2016-04-01	1.2	1.19	1.21	1.2	28957200
2016-04-04	1.2	1.18	1.21	1.19	10655400
2016-04-05	1.2	1.18	1.21	1.21	14398200
2016-04-07	1.2	1.16	1.21	1.16	11812300
2016-04-08	1.16	1.15	1.19	1.18	9081300
2016-04-11	1.18	1.17	1.19	1.19	3400700
2016-04-12	1.19	1.19	1.2	1.2	4238100
2016-04-18	1.19	1.19	1.25	1.24	22874700
2016-04-19	1.25	1.23	1.29	1.29	34918900
2016-04-20	1.28	1.24	1.28	1.25	15848900
2016-04-21	1.25	1.23	1.26	1.24	11529600
2016-04-22	1.24	1.23	1.25	1.25	4633500
2016-04-25	1.25	1.23	1.25	1.24	3470900
2016-04-26	1.25	1.24	1.26	1.25	7655100
2016-04-27	1.25	1.23	1.26	1.23	2498900
2016-04-28	1.24	1.19	1.24	1.2	11452900
2016-04-29	1.21	1.2	1.23	1.22	5921600
2016-05-03	1.2	1.19	1.22	1.2	5272700
2016-05-04	1.2	1.18	1.21	1.19	4508400
2016-05-06	1.2	1.18	1.21	1.19	4508400
2016-05-09	1.19	1.18	1.2	1.2	2683400
2016-05-10	1.21	1.18	1.21	1.2	2264800
2016-05-11	1.2	1.19	1.2	1.2	2341800
2016-05-12	1.17	1.11	1.18	1.14	29723500
2016-05-13	1.14	1.11	1.14	1.13	7880200
2016-05-16	1.12	1.1	1.14	1.12	6128200
2016-05-17	1.13	1.11	1.13	1.11	4353000
2016-05-18	1.11	1.11	1.13	1.11	4667700
2016-05-19	1.11	1.1	1.17	1.14	19193600
2016-05-23	1.16	1.13	1.16	1.13	5389600
2016-05-24	1.14	1.12	1.14	1.12	6976900
2016-05-25	1.14	1.12	1.15	1.14	10391500
2016-05-26	1.15	1.14	1.17	1.15	9124800
2016-05-27	1.15	1.14	1.15	1.14	2167900
2016-05-30	1.14	1.13	1.15	1.13	2617000
2016-05-31	1.14	1.14	1.16	1.14	4617800
2016-06-01	1.14	1.13	1.15	1.13	7630800
2016-06-02	1.13	1.13	1.15	1.14	1805700
2016-06-03	1.14	1.14	1.2	1.18	42805900
2016-06-06	1.17	1.17	1.2	1.17	13735200
2016-06-07	1.18	1.15	1.18	1.16	12687900
2016-06-08	1.16	1.15	1.16	1.16	5079600
2016-06-09	1.17	1.15	1.17	1.16	5704800
2016-06-10	1.16	1.15	1.16	1.15	4612000
2016-06-13	1.16	1.15	1.16	1.15	3049400
2016-06-14	1.15	1.15	1.16	1.15	2555400
2016-06-15	1.16	1.14	1.17	1.16	4300100
2016-06-16	1.16	1.13	1.16	1.14	8594800
2016-06-17	1.14	1.14	1.15	1.14	2034300
2016-06-20	1.15	1.14	1.18	1.18	25280300
2016-06-21	1.19	1.19	1.24	1.21	92538700
2016-06-22	1.21	1.2	1.24	1.21	28554000
2016-06-23	1.21	1.19	1.21	1.21	9042800
2016-06-24	1.19	1.16	1.19	1.18	17746000
2016-06-27	1.19	1.17	1.19	1.18	7493200
2016-06-28	1.18	1.17	1.21	1.19	8671300
2016-06-29	1.2	1.18	1.21	1.19	7022000
2016-06-30	1.19	1.17	1.2	1.18	5858000
2016-07-04	1.19	1.17	1.21	1.2	13158000
2016-07-05	1.2	1.18	1.21	1.18	6482300
2016-07-06	1.18	1.17	1.19	1.18	5436400
2016-07-07	1.18	1.17	1.19	1.18	4637200
2016-07-08	1.19	1.17	1.19	1.18	5159600
2016-07-11	1.19	1.17	1.19	1.17	6736300
2016-07-12	1.18	1.16	1.19	1.18	11518900
2016-07-13	1.19	1.17	1.2	1.18	6785100
2016-07-14	1.18	1.17	1.19	1.17	4021700
2016-07-15	1.18	1.17	1.22	1.18	34883600
2016-07-20	1.2	1.19	1.21	1.19	19054500
2016-07-21	1.2	1.18	1.2	1.18	13013000
2016-07-22	1.19	1.18	1.2	1.19	6925300
2016-07-25	1.19	1.19	1.32	1.32	223834800
2016-07-26	1.35	1.34	1.43	1.39	283531900
2016-07-27	1.41	1.37	1.42	1.37	101081600
2016-07-28	1.36	1.33	1.37	1.36	39347800
2016-07-29	1.37	1.36	1.42	1.37	97525200
2016-08-01	1.38	1.32	1.4	1.35	43520400
2016-08-02	1.34	1.32	1.35	1.34	19754000
2016-08-03	1.34	1.34	1.38	1.38	15073500
2016-08-04	1.38	1.36	1.39	1.37	8558600
2016-08-05	1.37	1.37	1.43	1.4	66209000
2016-08-08	1.42	1.41	1.46	1.44	112584500
2016-08-09	1.46	1.37	1.48	1.4	106844900
2016-08-10	1.4	1.38	1.41	1.38	21923500
2016-08-11	1.38	1.34	1.39	1.37	29156400
2016-08-15	1.35	1.33	1.37	1.37	19914700
2016-08-16	1.38	1.34	1.39	1.35	15769700
2016-08-17	1.37	1.35	1.37	1.35	5795200
2016-08-18	1.36	1.34	1.36	1.35	9231300
2016-08-19	1.35	1.35	1.39	1.36	8979100
2016-08-22	1.37	1.36	1.38	1.36	4709700
2016-08-23	1.36	1.35	1.38	1.36	6489400
2016-08-24	1.36	1.35	1.38	1.37	7961100
2016-08-25	1.37	1.37	1.43	1.38	35200300
2016-08-26	1.38	1.38	1.4	1.4	14572800
2016-08-29	1.41	1.39	1.44	1.39	43875000
2016-08-30	1.39	1.37	1.4	1.37	16715300
2016-08-31	1.38	1.38	1.42	1.39	29192700
2016-09-01	1.39	1.38	1.42	1.38	16374200
2016-09-02	1.39	1.35	1.4	1.35	25503400
2016-09-05	1.35	1.24	1.36	1.31	28108900
2016-09-06	1.3	1.3	1.35	1.35	5076600
2016-09-07	1.35	1.28	1.35	1.29	11365300
2016-09-08	1.29	1.25	1.29	1.25	14811600
2016-09-09	1.25	1.19	1.25	1.24	18270000
2016-09-12	1.2	1.17	1.22	1.18	8407200
2016-09-13	1.2	1.2	1.22	1.21	6128100
2016-09-14	1.23	1.21	1.24	1.23	4483900
2016-09-15	1.24	1.24	1.27	1.26	4178500
2016-09-16	1.26	1.25	1.28	1.25	2611200
2016-09-19	1.25	1.25	1.27	1.26	2043700
2016-09-20	1.27	1.23	1.27	1.24	4468200
2016-09-21	1.25	1.24	1.29	1.28	16488600
2016-09-22	1.3	1.28	1.31	1.28	11163800
2016-09-23	1.28	1.25	1.28	1.27	6088000
2016-09-26	1.25	1.24	1.26	1.26	4756800
2016-09-27	1.25	1.25	1.27	1.25	3388200
2016-09-28	1.26	1.23	1.26	1.23	3004300
2016-09-29	1.25	1.24	1.25	1.24	2490000
2016-09-30	1.24	1.22	1.25	1.23	3524400
2016-10-03	1.22	1.21	1.24	1.22	1969600
2016-10-04	1.22	1.22	1.25	1.23	2916800
2016-10-05	1.23	1.22	1.25	1.23	4747100
2016-10-06	1.24	1.21	1.24	1.22	9266100
2016-10-07	1.22	1.21	1.25	1.23	7924700
2016-10-10	1.19	1.18	1.22	1.18	12414900
2016-10-11	1.19	1.15	1.2	1.17	7645600
2016-10-12	1.16	1.05	1.18	1.1	20665800
2016-10-13	1.08	1.0	1.11	1.07	16886000
2016-10-14	1.11	1.1	1.18	1.17	15696000
2016-10-17	1.18	1.17	1.2	1.18	4685000
2016-10-18	1.18	1.18	1.22	1.2	3498100
2016-10-19	1.21	1.2	1.22	1.22	3926500
2016-10-20	1.22	1.21	1.23	1.23	4292000
2016-10-21	1.22	1.21	1.23	1.22	3974800
2016-10-25	1.23	1.22	1.24	1.23	5320300
2016-10-26	1.23	1.21	1.23	1.22	2322000
2016-10-27	1.21	1.21	1.22	1.22	767200
2016-10-28	1.22	1.21	1.23	1.21	1193800
2016-10-31	1.22	1.2	1.22	1.21	1103800
2016-11-01	1.21	1.2	1.22	1.21	3190200
2016-11-02	1.21	1.2	1.21	1.2	1697500
2016-11-03	1.21	1.2	1.22	1.2	5516900
2016-11-04	1.2	1.19	1.24	1.22	16625800
2016-11-07	1.22	1.2	1.22	1.2	7519400
2016-11-08	1.2	1.2	1.23	1.2	3693800
2016-11-09	1.21	1.19	1.21	1.21	2920000
2016-11-10	1.22	1.2	1.22	1.2	4562400
2016-11-11	1.16	1.14	1.18	1.15	20601000
2016-11-14	1.15	1.13	1.16	1.14	3928700
2016-11-15	1.14	1.14	1.17	1.15	10257100
2016-11-16	1.16	1.13	1.16	1.14	6306000
2016-11-17	1.14	1.12	1.14	1.13	11152300
2016-11-18	1.12	1.12	1.14	1.14	3353100
2016-11-21	1.14	1.14	1.17	1.14	8658500
2016-11-22	1.14	1.14	1.15	1.14	1624400
2016-11-23	1.13	1.13	1.16	1.14	2168000
2016-11-24	1.14	1.13	1.15	1.14	4130400
2016-11-25	1.15	1.14	1.19	1.18	28188400
2016-11-28	1.18	1.17	1.19	1.18	7533200
2016-11-29	1.18	1.17	1.19	1.17	4831700
2016-11-30	1.18	1.17	1.19	1.17	3269500
2016-12-01	1.18	1.16	1.18	1.16	2367900
2016-12-02	1.17	1.14	1.18	1.15	5452500
2016-12-06	1.17	1.14	1.17	1.14	1013900
2016-12-07	1.15	1.14	1.16	1.15	1868300
2016-12-08	1.15	1.14	1.15	1.15	4272700
2016-12-09	1.15	1.13	1.16	1.14	5428900
2016-12-13	1.14	1.13	1.15	1.15	1705400
2016-12-14	1.15	1.13	1.15	1.15	4450500
2016-12-15	1.14	1.13	1.15	1.14	4974800
2016-12-16	1.14	1.14	1.15	1.14	2198600
2016-12-19	1.14	1.13	1.15	1.15	5042700
2016-12-20	1.15	1.13	1.15	1.14	3089600
2016-12-21	1.14	1.13	1.15	1.14	4458700
2016-12-22	1.14	1.13	1.18	1.17	20609400
2016-12-23	1.19	1.16	1.2	1.16	17806900
2016-12-26	1.17	1.16	1.17	1.16	3339600
2016-12-27	1.16	1.15	1.17	1.16	2247600
2016-12-28	1.16	1.15	1.16	1.15	2746200
2016-12-29	1.16	1.15	1.17	1.16	1676200
2016-12-30	1.17	1.15	1.17	1.16	6126200
2017-01-04	1.15	1.15	1.16	1.15	4707000
2017-01-05	1.15	1.15	1.18	1.17	12378000
2017-01-06	1.18	1.17	1.21	1.18	29638400
2017-01-09	1.19	1.18	1.22	1.19	46167600
2017-01-10	1.2	1.19	1.26	1.24	73866300
2017-01-11	1.25	1.23	1.26	1.23	26682000
2017-01-12	1.25	1.22	1.25	1.22	9034600
2017-01-13	1.22	1.21	1.23	1.22	5496000
2017-01-16	1.22	1.22	1.24	1.22	3509600
2017-01-17	1.22	1.21	1.23	1.22	4171200
2017-01-18	1.22	1.21	1.23	1.21	3003000
2017-01-19	1.2	1.18	1.21	1.18	4968500
2017-01-20	1.19	1.18	1.2	1.19	2963600
2017-01-23	1.2	1.19	1.21	1.19	3730100
2017-01-24	1.19	1.19	1.21	1.2	8642000
2017-01-25	1.2	1.19	1.2	1.19	2763300
2017-01-26	1.2	1.19	1.21	1.2	7658500
2017-01-27	1.2	1.2	1.22	1.21	3402100
2017-01-30	1.21	1.2	1.22	1.2	3012700
2017-01-31	1.2	1.2	1.22	1.2	2884800
2017-02-01	1.2	1.2	1.22	1.22	6682100
2017-02-02	1.21	1.21	1.22	1.22	5116400
2017-02-03	1.22	1.21	1.23	1.21	5582700
2017-02-06	1.21	1.19	1.22	1.2	6661600
2017-02-07	1.2	1.19	1.21	1.19	3811300
2017-02-08	1.2	1.19	1.21	1.2	3442500
2017-02-09	1.21	1.21	1.25	1.24	51861100
2017-02-10	1.24	1.23	1.27	1.26	48440900
2017-02-14	1.26	1.25	1.28	1.25	17990700
2017-02-15	1.25	1.2	1.26	1.21	18295300
2017-02-16	1.21	1.21	1.23	1.22	3747800
2017-02-17	1.23	1.22	1.23	1.22	2943900
2017-02-20	1.23	1.21	1.23	1.21	2566700
2017-02-21	1.22	1.21	1.23	1.23	2210500
2017-02-22	1.22	1.21	1.23	1.21	2242100
2017-02-23	1.21	1.2	1.22	1.22	4523800
2017-02-24	1.21	1.2	1.21	1.21	3141000
2017-02-27	1.2	1.19	1.21	1.19	2590500
2017-02-28	1.16	1.12	1.18	1.13	27985800
2017-03-01	1.13	1.13	1.15	1.15	2758200
2017-03-02	1.15	1.14	1.15	1.15	3983100
2017-03-03	1.14	1.13	1.15	1.13	3116900
2017-03-06	1.14	1.13	1.15	1.14	2214300
2017-03-07	1.14	1.13	1.15	1.14	1252000
2017-03-08	1.14	1.1	1.14	1.12	16642600
2017-03-09	1.12	1.11	1.13	1.12	1530400
2017-03-10	1.12	1.11	1.12	1.11	1768800
2017-03-13	1.11	1.09	1.11	1.1	3252100
2017-03-14	1.1	1.1	1.12	1.12	1370000
2017-03-15	1.12	1.1	1.12	1.1	3293100
2017-03-16	1.11	1.11	1.12	1.12	1025100
2017-03-17	1.12	1.12	1.13	1.13	1890700
2017-03-20	1.13	1.12	1.13	1.12	1882600
2017-03-21	1.12	1.12	1.14	1.13	1335500
2017-03-22	1.12	1.12	1.14	1.12	2738600
2017-03-23	1.13	1.12	1.14	1.12	1427200
2017-03-24	1.13	1.12	1.14	1.13	1217400
2017-03-27	1.12	1.12	1.13	1.12	2483900
2017-03-28	1.12	1.12	1.13	1.12	1022300
2017-03-29	1.12	1.12	1.13	1.13	483000
2017-03-30	1.13	1.12	1.14	1.13	1915900
2017-03-31	1.14	1.12	1.14	1.12	2846000
2017-04-03	1.13	1.11	1.13	1.12	4753800
2017-04-04	1.12	1.11	1.13	1.13	2464200
2017-04-05	1.12	1.12	1.13	1.13	1319500
2017-04-07	1.12	1.11	1.13	1.13	1499400
2017-04-10	1.13	1.11	1.13	1.12	777800
2017-04-11	1.12	1.12	1.13	1.12	507600
2017-04-12	1.12	1.11	1.12	1.11	549700
2017-04-17	1.11	1.1	1.12	1.1	3244500
2017-04-18	1.11	1.11	1.18	1.13	30778100
2017-04-19	1.13	1.12	1.14	1.12	2591800
2017-04-20	1.12	1.12	1.14	1.12	2690300
2017-04-21	1.12	1.12	1.14	1.12	9532000
2017-04-24	1.13	1.11	1.13	1.11	2536500
2017-04-25	1.12	1.1	1.12	1.11	5376400
2017-04-26	1.11	1.1	1.11	1.11	1166400
2017-04-27	1.11	1.1	1.11	1.1	3257300
2017-04-28	1.1	1.1	1.11	1.11	1033400
2017-05-02	1.11	1.11	1.12	1.11	882500
2017-05-03	1.12	1.1	1.12	1.11	1669100
2017-05-04	1.11	1.1	1.12	1.1	2709900
2017-05-05	1.11	1.1	1.12	1.1	2101200
2017-05-08	1.11	1.1	1.11	1.1	2697000
2017-05-09	1.1	1.1	1.11	1.1	1619400
2017-05-11	1.1	1.09	1.12	1.1	4311100
2017-05-12	1.1	1.05	1.1	1.07	8669100
2017-05-15	1.07	1.06	1.1	1.08	2232400
2017-05-16	1.08	1.04	1.08	1.08	5740800
2017-05-17	1.08	1.07	1.09	1.07	1143700
2017-05-18	1.07	1.06	1.07	1.06	1382600
2017-05-19	1.07	1.06	1.08	1.07	1026900
2017-05-22	1.08	1.07	1.08	1.07	1007100
2017-05-23	1.07	1.06	1.08	1.07	2158300
2017-05-24	1.07	1.07	1.08	1.07	766900
2017-05-25	1.08	1.07	1.09	1.07	2793300
2017-05-26	1.09	1.08	1.1	1.08	2788500
2017-05-29	1.09	1.09	1.14	1.1	35901800
2017-05-30	1.11	1.1	1.11	1.11	2710200
2017-05-31	1.11	1.08	1.11	1.08	2819700
2017-06-01	1.09	1.07	1.09	1.07	2620000
2017-06-02	1.08	1.08	1.09	1.08	816700
2017-06-05	1.09	1.07	1.09	1.07	1784700
2017-06-06	1.08	1.07	1.09	1.08	1484700
2017-06-07	1.08	1.06	1.09	1.06	6979500
2017-06-08	1.07	1.06	1.08	1.07	1921600
2017-06-09	1.08	1.07	1.09	1.07	3790500
2017-06-12	1.08	1.07	1.11	1.08	7967200
2017-06-13	1.08	1.08	1.09	1.08	1063900
2017-06-14	1.08	1.08	1.09	1.08	477300
2017-06-15	1.09	1.07	1.09	1.07	1376200
2017-06-16	1.08	1.06	1.09	1.07	4800000
2017-06-19	1.07	1.07	1.09	1.07	4268400
2017-06-20	1.08	1.07	1.08	1.07	2377800
2017-06-21	1.07	1.07	1.08	1.07	596000
2017-06-22	1.07	1.07	1.08	1.07	717100
2017-06-23	1.07	1.07	1.08	1.07	1138200
2017-06-26	1.07	1.06	1.09	1.07	5425600
2017-06-27	1.07	1.07	1.08	1.07	1072000
2017-06-28	1.08	1.06	1.08	1.07	2623400
2017-06-29	1.07	1.07	1.08	1.07	1080900
2017-06-30	1.07	1.06	1.08	1.07	6202300
2017-07-03	1.06	1.06	1.07	1.07	1296600
2017-07-04	1.07	1.06	1.08	1.07	1169100
2017-07-05	1.07	1.07	1.08	1.07	1329600
2017-07-06	1.08	1.06	1.08	1.06	3617900
2017-07-07	1.06	1.05	1.07	1.05	6038100
2017-07-11	1.05	1.03	1.06	1.03	3598300
2017-07-12	1.03	1.03	1.05	1.03	3504000
2017-07-13	1.03	1.03	1.04	1.04	1523100
2017-07-14	1.04	1.02	1.04	1.03	3149300
2017-07-17	1.03	1.01	1.03	1.01	3616500
2017-07-18	1.02	1.0	1.02	1.0	3925300
2017-07-19	1.01	0.99	1.01	1.0	9437100
2017-07-20	1.0	0.99	1.01	0.99	7904400
2017-07-21	0.99	0.99	1.0	1.0	4222600
2017-07-24	1.01	1.01	1.03	1.02	30270900
2017-07-25	1.02	1.01	1.02	1.02	3105000
2017-07-26	1.02	1.01	1.02	1.01	3590200
2017-07-27	1.01	1.0	1.02	1.0	2730800
2017-07-31	1.0	0.99	1.01	0.99	1998500
2017-08-01	0.99	0.99	1.0	0.99	1075500
2017-08-02	0.99	0.99	1.0	1.0	2370900
2017-08-03	1.0	0.99	1.0	0.99	1644300
2017-08-04	0.99	0.99	1.0	0.99	904400
2017-08-07	1.0	0.97	1.0	0.97	9490700
2017-08-08	0.98	0.97	0.99	0.99	2624200
2017-08-09	0.99	0.98	0.99	0.98	2657700
2017-08-10	0.98	0.97	0.98	0.97	2612500
2017-08-11	0.97	0.94	0.97	0.95	8260400
2017-08-15	0.93	0.93	0.95	0.94	2050800
2017-08-16	0.91	0.84	0.92	0.87	19051500
2017-08-17	0.87	0.87	0.88	0.87	3341000
2017-08-18	0.88	0.87	0.89	0.87	2545600
2017-08-21	0.88	0.88	0.91	0.89	18846900
2017-08-22	0.89	0.88	0.9	0.89	2787300
2017-08-23	0.9	0.88	0.9	0.88	2473600
2017-08-24	0.88	0.88	0.9	0.89	5736400
2017-08-25	0.9	0.88	0.9	0.88	4370800
2017-08-28	0.89	0.88	0.9	0.89	1340000
2017-08-29	0.89	0.88	0.9	0.89	3848800
2017-08-30	0.88	0.88	0.89	0.89	2093000
2017-08-31	0.89	0.88	0.89	0.88	5833400
2017-09-01	0.89	0.88	0.89	0.88	5107400
2017-09-04	0.89	0.88	0.89	0.89	2251300
2017-09-05	0.89	0.88	0.89	0.89	2113500
2017-09-06	0.89	0.89	0.92	0.91	9367400
2017-09-07	0.91	0.9	0.93	0.9	14920800
2017-09-08	0.91	0.89	0.91	0.89	5191800
2017-09-11	0.89	0.89	0.91	0.89	3105400
2017-09-12	0.9	0.89	0.92	0.9	4705700
2017-09-13	0.91	0.89	0.91	0.89	5320600
2017-09-14	0.91	0.9	0.91	0.9	2487700
2017-09-15	0.91	0.9	0.91	0.9	2188400
2017-09-18	0.91	0.91	0.95	0.94	21601200
2017-09-19	0.95	0.93	0.95	0.93	7012900
2017-09-20	0.93	0.91	0.94	0.93	5306400
2017-09-21	0.93	0.92	0.98	0.97	18290000
2017-09-22	0.97	0.94	0.98	0.95	10724200
2017-09-25	0.95	0.94	1.0	0.99	17114700
2017-09-26	1.0	0.96	1.0	0.96	16984700
2017-09-27	0.96	0.95	0.97	0.96	4193600
2017-09-28	0.98	0.94	0.98	0.95	6580000
2017-09-29	0.95	0.94	0.96	0.96	2519500
2017-10-02	0.96	0.94	0.96	0.94	3140000
2017-10-03	0.95	0.94	0.96	0.95	4206100
2017-10-04	0.95	0.95	0.97	0.95	5559600
2017-10-05	0.96	0.95	0.97	0.95	4100700
2017-10-06	0.95	0.95	0.96	0.95	822600
2017-10-09	0.95	0.94	0.96	0.95	5052300
2017-10-10	0.95	0.92	0.95	0.93	3864300
2017-10-11	0.93	0.92	0.94	0.93	2934200
2017-10-12	0.93	0.91	0.94	0.92	6560700
2017-10-16	0.92	0.91	0.92	0.92	2291600
2017-10-17	0.92	0.91	0.92	0.91	1241200
2017-10-18	0.91	0.91	0.92	0.91	896600
2017-10-19	0.92	0.89	0.92	0.9	9403000
2017-10-20	0.91	0.9	0.91	0.91	3125700
2017-10-24	0.91	0.9	0.91	0.91	3948100
2017-10-25	0.91	0.9	0.92	0.92	1786900
2017-10-27	0.91	0.9	0.92	0.9	3449400
2017-10-30	0.9	0.88	0.91	0.89	8891500
2017-10-31	0.89	0.87	0.89	0.87	4732900
2017-11-01	0.88	0.87	0.89	0.88	2510400
2017-11-02	0.89	0.88	0.89	0.89	3229900
2017-11-03	0.88	0.87	0.89	0.89	2337100
2017-11-06	0.89	0.85	0.89	0.89	8565200
2017-11-07	0.9	0.88	0.9	0.89	1836100
2017-11-08	0.88	0.87	0.89	0.87	2651200
2017-11-09	0.88	0.86	0.89	0.86	6641300
2017-11-10	0.86	0.84	0.89	0.86	11477800
2017-11-13	0.84	0.83	0.85	0.84	14744800
2017-11-14	0.85	0.83	0.85	0.84	8078900
2017-11-15	0.84	0.8	0.84	0.8	16091200
2017-11-16	0.8	0.76	0.8	0.78	12229900
2017-11-17	0.78	0.76	0.79	0.76	10777400
2017-11-20	0.76	0.76	0.78	0.78	5873800
2017-11-21	0.78	0.78	0.81	0.79	10905400
2017-11-22	0.8	0.8	0.83	0.83	12884000
2017-11-23	0.83	0.82	0.83	0.82	2961400
2017-11-24	0.82	0.8	0.82	0.81	3985500
2017-11-27	0.81	0.77	0.81	0.78	9762900
2017-11-28	0.78	0.78	0.79	0.78	2499600
2017-11-29	0.78	0.78	0.79	0.79	734500
2017-11-30	0.79	0.77	0.79	0.78	4804500
2017-12-01	0.78	0.78	0.79	0.79	5640600
2017-12-04	0.79	0.78	0.79	0.79	2023000
2017-12-06	0.79	0.78	0.79	0.78	2644300
2017-12-07	0.79	0.79	0.81	0.8	4660900
2017-12-08	0.81	0.79	0.81	0.79	1866000
2017-12-12	0.8	0.77	0.8	0.78	4304200
2017-12-13	0.78	0.76	0.78	0.77	4972800
2017-12-14	0.77	0.76	0.78	0.76	3851000
2017-12-15	0.77	0.77	0.78	0.77	1823700
2017-12-18	0.77	0.77	0.78	0.78	2589300
2017-12-19	0.78	0.77	0.78	0.77	2466400
2017-12-20	0.77	0.77	0.78	0.78	1149000
2017-12-21	0.77	0.77	0.78	0.77	2849100
2017-12-22	0.77	0.76	0.78	0.77	1043800
2017-12-25	0.77	0.76	0.78	0.77	2745400
2017-12-26	0.78	0.76	0.78	0.77	727300
2017-12-27	0.77	0.74	0.78	0.75	8891200
2017-12-28	0.75	0.71	0.76	0.73	13768700
2017-12-29	0.72	0.72	0.74	0.73	1449300
2018-01-03	0.73	0.71	0.73	0.72	4707000
2018-01-04	0.72	0.71	0.72	0.71	2324400
2018-01-05	0.71	0.71	0.72	0.72	3232500
2018-01-08	0.72	0.71	0.73	0.71	6777700
2018-01-09	0.71	0.7	0.73	0.71	4491600
2018-01-10	0.73	0.71	0.73	0.72	3118200
2018-01-11	0.71	0.71	0.73	0.71	1345500
2018-01-12	0.72	0.71	0.74	0.72	2900100
2018-01-15	0.73	0.72	0.74	0.72	2517200
2018-01-16	0.72	0.72	0.74	0.73	2041800
2018-01-17	0.74	0.72	0.74	0.73	1883300
2018-01-18	0.73	0.72	0.74	0.73	929400
2018-01-19	0.73	0.73	0.74	0.74	3526100
2018-01-22	0.74	0.73	0.74	0.73	1283600
2018-01-23	0.73	0.72	0.74	0.73	2194800
2018-01-24	0.73	0.73	0.76	0.76	10090800
2018-01-25	0.76	0.75	0.76	0.75	891300
2018-01-26	0.76	0.75	0.76	0.76	1438700
2018-01-29	0.76	0.75	0.76	0.75	992300
2018-01-30	0.75	0.73	0.75	0.73	2572500
2018-01-31	0.74	0.73	0.75	0.75	3859000
2018-02-01	0.74	0.74	0.75	0.74	1582600
2018-02-02	0.74	0.74	0.75	0.74	3353300
2018-02-05	0.73	0.73	0.74	0.73	3933200
2018-02-06	0.73	0.7	0.73	0.71	10612800
2018-02-07	0.71	0.71	0.75	0.71	6018200
2018-02-08	0.71	0.71	0.73	0.71	1219700
2018-02-09	0.72	0.71	0.72	0.72	1605400
2018-02-12	0.72	0.72	0.75	0.74	6379300
2018-02-13	0.74	0.72	0.74	0.72	14724200
2018-02-14	0.73	0.72	0.73	0.72	2809500
2018-02-15	0.72	0.72	0.73	0.72	1122400
2018-02-16	0.73	0.72	0.73	0.72	1917100
2018-02-19	0.72	0.71	0.72	0.71	875200
2018-02-20	0.72	0.7	0.72	0.7	4793200
2018-02-21	0.71	0.7	0.71	0.7	1528800
2018-02-22	0.7	0.69	0.71	0.69	4708100
2018-02-23	0.7	0.69	0.71	0.7	2867500
2018-02-26	0.71	0.7	0.72	0.7	5452400
2018-02-27	0.7	0.68	0.71	0.7	7818100
2018-02-28	0.7	0.68	0.7	0.68	7744500
2018-03-02	0.68	0.68	0.71	0.69	33811500
2018-03-05	0.69	0.68	0.7	0.68	5275200
2018-03-06	0.68	0.68	0.7	0.69	9019600
2018-03-07	0.69	0.68	0.7	0.69	4173800
2018-03-08	0.69	0.67	0.7	0.67	8859100
2018-03-09	0.68	0.67	0.69	0.68	7134000
2018-03-12	0.69	0.68	0.69	0.68	1483400
2018-03-13	0.68	0.67	0.69	0.67	9856800
2018-03-14	0.67	0.67	0.69	0.67	6940900
2018-03-15	0.67	0.67	0.7	0.7	5823400
2018-03-16	0.7	0.69	0.71	0.71	5951500
2018-03-19	0.71	0.7	0.73	0.73	5136400
2018-03-20	0.73	0.72	0.74	0.72	4678600
2018-03-21	0.73	0.71	0.73	0.71	1029600
2018-03-22	0.72	0.69	0.72	0.69	2750700
2018-03-23	0.69	0.69	0.7	0.69	381700
2018-03-26	0.69	0.68	0.7	0.68	1325000
2018-03-27	0.68	0.68	0.7	0.69	2252900
2018-03-28	0.69	0.68	0.7	0.68	6022000
2018-03-29	0.68	0.68	0.69	0.68	2884400
2018-03-30	0.69	0.68	0.7	0.68	853700
2018-04-02	0.7	0.68	0.7	0.69	637700
2018-04-03	0.69	0.68	0.69	0.68	499000
2018-04-04	0.69	0.67	0.69	0.67	3293500
2018-04-05	0.67	0.66	0.68	0.67	2334200
2018-04-09	0.67	0.66	0.68	0.67	1251500
2018-04-10	0.67	0.67	0.68	0.67	660500
2018-04-11	0.67	0.67	0.69	0.68	1461100
2018-04-12	0.68	0.67	0.68	0.67	1280000
2018-04-17	0.66	0.66	0.67	0.67	1231300
2018-04-18	0.67	0.67	0.68	0.68	1748700
2018-04-19	0.68	0.66	0.69	0.66	8099800
2018-04-20	0.67	0.66	0.67	0.66	1287800
2018-04-23	0.67	0.66	0.68	0.67	1870300
2018-04-24	0.67	0.67	0.68	0.67	1043100
2018-04-25	0.68	0.66	0.68	0.67	1724100
2018-04-26	0.66	0.66	0.67	0.67	958600
2018-04-27	0.68	0.67	0.68	0.67	2363400
2018-04-30	0.67	0.67	0.69	0.68	1633400
2018-05-02	0.69	0.68	0.69	0.69	1051800
2018-05-03	0.69	0.69	0.72	0.71	6594800
2018-05-04	0.71	0.71	0.72	0.72	8302300
2018-05-07	0.72	0.71	0.72	0.72	820000
2018-05-08	0.72	0.7	0.72	0.71	3895800
2018-05-09	0.71	0.71	0.71	0.71	3383700
2018-05-10	0.71	0.71	0.72	0.71	711300
2018-05-11	0.71	0.71	0.72	0.71	2078300
2018-05-14	0.71	0.7	0.71	0.7	885300
2018-05-15	0.7	0.7	0.7	0.7	1270600
2018-05-16	0.71	0.69	0.71	0.69	239400
2018-05-17	0.7	0.69	0.7	0.7	984000
2018-05-18	0.69	0.67	0.69	0.69	3093000
2018-05-21	0.69	0.68	0.7	0.69	1222100
2018-05-22	0.69	0.69	0.71	0.71	2284400
2018-05-23	0.71	0.7	0.71	0.71	1420500
2018-05-24	0.71	0.7	0.71	0.71	2242600
2018-05-25	0.7	0.7	0.71	0.71	1269100
2018-05-28	0.71	0.7	0.71	0.7	2321900
2018-05-30	0.71	0.7	0.71	0.71	2790800
2018-05-31	0.71	0.7	0.71	0.7	1529100
2018-06-01	0.7	0.7	0.71	0.71	1311800
2018-06-04	0.7	0.7	0.71	0.71	1170500
2018-06-05	0.71	0.7	0.71	0.71	382700
2018-06-06	0.7	0.69	0.71	0.71	1813300
2018-06-07	0.71	0.7	0.71	0.71	455800
2018-06-08	0.71	0.7	0.71	0.71	982900
2018-06-11	0.7	0.7	0.71	0.71	378100
2018-06-12	0.71	0.7	0.71	0.71	834300
2018-06-13	0.71	0.7	0.71	0.71	957200
2018-06-14	0.71	0.7	0.71	0.71	1380800
2018-06-15	0.7	0.7	0.71	0.71	604600
2018-06-18	0.71	0.7	0.71	0.7	2021300
2018-06-19	0.69	0.67	0.69	0.68	4825500
2018-06-20	0.68	0.67	0.68	0.67	2800700
2018-06-21	0.68	0.64	0.68	0.65	6350700
2018-06-22	0.65	0.64	0.66	0.64	1231000
2018-06-25	0.65	0.61	0.65	0.61	3686700
2018-06-26	0.61	0.6	0.62	0.62	1812400
2018-06-27	0.62	0.6	0.63	0.6	3049400
2018-06-28	0.61	0.59	0.61	0.59	2273900
2018-06-29	0.6	0.58	0.62	0.58	9508100
2018-07-02	0.58	0.58	0.59	0.59	2879900
2018-07-03	0.58	0.58	0.6	0.6	1528100
2018-07-04	0.6	0.59	0.6	0.59	1430900
2018-07-05	0.6	0.59	0.6	0.59	655900
2018-07-06	0.59	0.58	0.6	0.6	2383100
2018-07-09	0.6	0.6	0.61	0.6	4218900
2018-07-10	0.6	0.6	0.61	0.6	3146300
2018-07-11	0.6	0.6	0.62	0.61	1423200
2018-07-12	0.61	0.61	0.63	0.63	2113700
2018-07-13	0.63	0.62	0.63	0.62	3206100
2018-07-16	0.63	0.62	0.64	0.64	2640600
2018-07-17	0.63	0.63	0.65	0.65	1857300
2018-07-18	0.64	0.64	0.69	0.68	4922300
2018-07-19	0.68	0.67	0.68	0.68	3107100
2018-07-20	0.68	0.67	0.69	0.67	3980300
2018-07-23	0.68	0.67	0.68	0.67	2503300
2018-07-24	0.67	0.67	0.68	0.67	6828100
2018-07-25	0.67	0.67	0.71	0.69	8450200
2018-07-26	0.7	0.69	0.7	0.7	5800200
2018-07-31	0.7	0.68	0.7	0.68	2389100
2018-08-01	0.69	0.68	0.69	0.69	3648800
2018-08-02	0.68	0.67	0.68	0.68	2339400
2018-08-03	0.69	0.68	0.69	0.68	1934900
2018-08-06	0.68	0.67	0.68	0.68	991000
2018-08-07	0.68	0.67	0.69	0.68	3230500
2018-08-08	0.68	0.67	0.68	0.68	1185900
2018-08-09	0.67	0.67	0.68	0.68	2414400
2018-08-10	0.68	0.67	0.68	0.67	1141100
2018-08-14	0.66	0.66	0.67	0.67	4472600
2018-08-15	0.66	0.64	0.66	0.64	3077700
2018-08-16	0.65	0.63	0.65	0.63	1831300
2018-08-17	0.65	0.63	0.65	0.64	1100300
2018-08-20	0.64	0.63	0.64	0.63	1836900
2018-08-21	0.64	0.63	0.64	0.64	190100
2018-08-22	0.64	0.63	0.64	0.64	647300
2018-08-23	0.64	0.6	0.64	0.61	8258600
2018-08-24	0.62	0.6	0.62	0.6	5987700
2018-08-27	0.61	0.59	0.61	0.6	4134500
2018-08-28	0.59	0.59	0.61	0.6	3693800
2018-08-29	0.61	0.59	0.61	0.59	9395000
2018-08-30	0.59	0.59	0.61	0.61	2221700
2018-08-31	0.61	0.6	0.61	0.6	502100
2018-09-03	0.6	0.58	0.6	0.58	12965500
2018-09-04	0.59	0.57	0.59	0.57	4606300
2018-09-05	0.58	0.56	0.58	0.56	6371500
2018-09-06	0.56	0.56	0.57	0.57	725200
2018-09-07	0.57	0.56	0.58	0.57	2245600
2018-09-10	0.57	0.56	0.57	0.56	1487800
2018-09-11	0.56	0.56	0.58	0.56	839400
2018-09-12	0.58	0.56	0.58	0.57	1573600
2018-09-13	0.56	0.55	0.57	0.56	6125800
2018-09-14	0.56	0.56	0.57	0.57	942000
2018-09-17	0.57	0.56	0.57	0.57	863500
2018-09-18	0.56	0.56	0.57	0.57	3843300
2018-09-19	0.57	0.57	0.58	0.57	5141000
2018-09-20	0.57	0.57	0.61	0.59	11497500
2018-09-21	0.59	0.58	0.6	0.58	5341200
2018-09-24	0.59	0.57	0.59	0.57	1778800
2018-09-25	0.58	0.57	0.58	0.57	4316700
2018-09-26	0.58	0.57	0.58	0.57	2024100
2018-09-27	0.58	0.57	0.6	0.58	3597700
2018-09-28	0.59	0.58	0.59	0.58	1122800
2018-10-01	0.59	0.57	0.59	0.58	2095400
2018-10-02	0.58	0.58	0.59	0.58	2987800
2018-10-03	0.58	0.57	0.59	0.58	4183400
2018-10-04	0.58	0.57	0.58	0.58	2328600
2018-10-05	0.58	0.58	0.59	0.58	496800
2018-10-08	0.59	0.57	0.59	0.57	2558200
2018-10-09	0.57	0.56	0.58	0.57	1119800
2018-10-10	0.57	0.55	0.57	0.56	4995500
2018-10-11	0.55	0.54	0.55	0.54	6573900
2018-10-12	0.55	0.55	0.56	0.55	1926900
2018-10-16	0.55	0.54	0.56	0.55	840000
2018-10-17	0.56	0.54	0.56	0.55	2136500
2018-10-18	0.54	0.54	0.55	0.54	1412100
2018-10-19	0.54	0.53	0.55	0.54	2569800
2018-10-22	0.54	0.53	0.54	0.53	434700
2018-10-24	0.54	0.51	0.54	0.51	3301000
2018-10-25	0.5	0.5	0.51	0.51	2044200
2018-10-26	0.51	0.5	0.51	0.51	504100
2018-10-29	0.51	0.5	0.52	0.52	7336800
2018-10-30	0.52	0.51	0.52	0.51	429600
2018-10-31	0.52	0.5	0.52	0.51	2199300
2018-11-01	0.5	0.5	0.51	0.51	1438200
2018-11-02	0.51	0.5	0.51	0.51	1111500
2018-11-05	0.5	0.5	0.52	0.5	800400
2018-11-06	0.51	0.5	0.52	0.51	1892800
2018-11-07	0.51	0.49	0.51	0.5	4350400
2018-11-08	0.5	0.49	0.5	0.5	3352100
2018-11-09	0.49	0.45	0.5	0.47	11940100
2018-11-12	0.47	0.46	0.48	0.46	4966700
2018-11-13	0.46	0.45	0.46	0.45	4476400
2018-11-14	0.45	0.44	0.46	0.44	3759900
2018-11-15	0.46	0.46	0.49	0.47	17977000
2018-11-16	0.48	0.47	0.49	0.48	7324100
2018-11-19	0.48	0.48	0.5	0.48	5989100
2018-11-20	0.49	0.48	0.54	0.54	36432600
2018-11-21	0.53	0.52	0.55	0.53	18969100
2018-11-22	0.53	0.5	0.54	0.5	15582700
2018-11-23	0.5	0.49	0.53	0.52	16094200
2018-11-26	0.52	0.52	0.54	0.52	8457900
2018-11-27	0.52	0.51	0.54	0.52	13614800
2018-11-28	0.52	0.51	0.53	0.52	3455400
2018-11-29	0.52	0.51	0.53	0.52	4242900
2018-11-30	0.53	0.51	0.53	0.52	1592600
2018-12-03	0.53	0.51	0.53	0.51	3158600
2018-12-04	0.51	0.51	0.52	0.52	1910900
2018-12-06	0.51	0.5	0.52	0.51	2357200
2018-12-07	0.51	0.5	0.51	0.5	2171300
2018-12-11	0.5	0.5	0.51	0.5	1887000
2018-12-12	0.51	0.5	0.51	0.5	1394900
2018-12-13	0.51	0.49	0.51	0.49	1511400
2018-12-14	0.49	0.48	0.49	0.49	1217100
2018-12-17	0.49	0.47	0.49	0.48	2471600
2018-12-18	0.47	0.46	0.48	0.48	3629000
2018-12-19	0.48	0.47	0.48	0.48	717200
2018-12-20	0.48	0.47	0.48	0.47	717300
2018-12-21	0.48	0.46	0.48	0.48	1436900
2018-12-24	0.48	0.47	0.48	0.47	104800
2018-12-25	0.47	0.46	0.48	0.47	2534300
2018-12-26	0.46	0.46	0.47	0.46	1813900
2018-12-27	0.47	0.46	0.47	0.46	102500
2018-12-28	0.47	0.45	0.47	0.47	962000
2019-01-02	0.47	0.46	0.47	0.47	859100
2019-01-03	0.47	0.47	0.48	0.47	318700
2019-01-04	0.47	0.46	0.47	0.46	374300
2019-01-07	0.46	0.46	0.47	0.46	1723900
2019-01-08	0.46	0.45	0.47	0.46	902200
2019-01-09	0.46	0.45	0.47	0.45	1159600
2019-01-10	0.45	0.45	0.47	0.46	517100
2019-01-11	0.46	0.45	0.47	0.46	3019900
2019-01-14	0.46	0.45	0.47	0.46	701400
2019-01-15	0.46	0.46	0.47	0.46	232600
2019-01-16	0.47	0.46	0.47	0.46	1495700
2019-01-17	0.46	0.46	0.47	0.46	84900
2019-01-18	0.46	0.45	0.47	0.46	800000
2019-01-21	0.47	0.45	0.47	0.46	455500
2019-01-22	0.47	0.46	0.47	0.46	148300
2019-01-23	0.46	0.46	0.47	0.47	134300
2019-01-24	0.47	0.46	0.48	0.47	1216800
2019-01-25	0.47	0.47	0.5	0.49	1607400
2019-01-28	0.49	0.48	0.5	0.48	747900
2019-01-29	0.49	0.48	0.49	0.48	621500
2019-01-30	0.48	0.48	0.5	0.49	1895300
2019-01-31	0.5	0.49	0.5	0.5	1151400
2019-02-01	0.5	0.49	0.5	0.49	605900
2019-02-04	0.49	0.48	0.49	0.49	1060700
2019-02-05	0.49	0.48	0.5	0.49	1424600
2019-02-06	0.48	0.48	0.5	0.48	1375300
2019-02-07	0.48	0.48	0.5	0.49	139800
2019-02-08	0.48	0.48	0.49	0.49	184500
2019-02-11	0.49	0.48	0.49	0.49	275300
2019-02-12	0.48	0.47	0.49	0.48	2337000
2019-02-13	0.48	0.47	0.48	0.47	1220700
2019-02-14	0.47	0.47	0.48	0.48	1324000
2019-02-15	0.48	0.47	0.48	0.47	520600
2019-02-18	0.48	0.47	0.49	0.47	1643400
2019-02-20	0.47	0.47	0.48	0.47	696500
2019-02-21	0.48	0.47	0.49	0.48	158000
2019-02-22	0.48	0.47	0.49	0.48	800200
2019-02-25	0.48	0.48	0.49	0.48	387500
2019-02-26	0.48	0.48	0.49	0.48	450700
2019-02-27	0.49	0.47	0.49	0.48	1802700
2019-02-28	0.47	0.47	0.48	0.48	1037600
2019-03-01	0.48	0.47	0.48	0.48	1969000
2019-03-04	0.47	0.47	0.48	0.47	3280600
2019-03-05	0.47	0.46	0.48	0.47	873000
2019-03-06	0.48	0.47	0.49	0.47	12027100
2019-03-07	0.48	0.47	0.48	0.47	262300
2019-03-08	0.47	0.47	0.48	0.47	328400
2019-03-11	0.48	0.47	0.48	0.48	324700
2019-03-12	0.48	0.47	0.48	0.47	631600
2019-03-13	0.47	0.46	0.48	0.47	4133200
2019-03-14	0.47	0.46	0.47	0.46	1283200
2019-03-15	0.47	0.47	0.47	0.47	1307900
2019-03-18	0.46	0.46	0.47	0.46	1133800
2019-03-19	0.46	0.45	0.47	0.46	3014800
2019-03-20	0.47	0.46	0.47	0.47	2129600
2019-03-21	0.47	0.45	0.47	0.46	1933800
2019-03-22	0.46	0.45	0.46	0.46	603800
2019-03-25	0.46	0.45	0.46	0.46	1109700
2019-03-26	0.46	0.45	0.46	0.46	92700
2019-03-27	0.45	0.45	0.46	0.45	2769800
2019-03-28	0.45	0.45	0.45	0.45	115600
2019-03-29	0.45	0.45	0.46	0.45	2786900
2019-04-01	0.45	0.43	0.45	0.44	7030600
2019-04-02	0.45	0.43	0.45	0.44	6175600
2019-04-03	0.44	0.42	0.44	0.43	4609900
2019-04-04	0.44	0.42	0.44	0.42	1234400
2019-04-05	0.42	0.41	0.43	0.42	2500300
2019-04-09	0.43	0.41	0.43	0.42	2039700
2019-04-10	0.42	0.41	0.43	0.43	2745500
2019-04-11	0.43	0.41	0.43	0.43	1788700
2019-04-12	0.43	0.41	0.43	0.42	1459500
2019-04-17	0.43	0.42	0.44	0.43	4114600
2019-04-18	0.43	0.42	0.43	0.42	5328100
2019-04-19	0.43	0.42	0.44	0.43	4683600
2019-04-22	0.43	0.42	0.44	0.43	4241500
2019-04-23	0.44	0.42	0.44	0.43	1235300
2019-04-24	0.43	0.42	0.44	0.43	1015000
2019-04-25	0.44	0.42	0.44	0.43	1512800
2019-04-26	0.43	0.42	0.44	0.42	3232400
2019-04-29	0.43	0.41	0.43	0.43	3442000
2019-04-30	0.42	0.42	0.44	0.44	2972600
2019-05-02	0.43	0.42	0.44	0.43	2534400
2019-05-03	0.43	0.42	0.44	0.42	2435200
2019-05-07	0.42	0.41	0.43	0.41	499500
2019-05-08	0.41	0.39	0.42	0.39	8012500
2019-05-09	0.39	0.39	0.41	0.4	3182900
2019-05-10	0.4	0.4	0.41	0.4	811300
2019-05-13	0.4	0.39	0.41	0.4	2454300
2019-05-14	0.4	0.39	0.4	0.39	1239000
2019-05-15	0.39	0.39	0.41	0.4	929200
2019-05-16	0.4	0.39	0.4	0.39	190000
2019-05-17	0.39	0.38	0.4	0.39	3404100
2019-05-21	0.39	0.38	0.39	0.38	2444500
2019-05-22	0.38	0.38	0.4	0.39	452200
2019-05-23	0.39	0.39	0.4	0.39	213900
2019-05-24	0.39	0.39	0.4	0.39	734900
2019-05-27	0.39	0.39	0.4	0.4	670700
2019-05-28	0.4	0.4	0.41	0.4	1790100
2019-05-29	0.39	0.39	0.4	0.39	608500
2019-05-30	0.39	0.39	0.4	0.4	392400
2019-05-31	0.4	0.39	0.4	0.39	348400
2019-06-04	0.39	0.39	0.4	0.39	1794200
2019-06-05	0.4	0.39	0.4	0.4	538900
2019-06-06	0.4	0.38	0.4	0.39	1732500
2019-06-07	0.4	0.39	0.4	0.4	62100
2019-06-10	0.4	0.39	0.4	0.4	1524700
2019-06-11	0.4	0.39	0.41	0.4	518800
2019-06-12	0.4	0.39	0.41	0.41	2163100
2019-06-13	0.41	0.4	0.41	0.41	1455200
2019-06-14	0.41	0.39	0.41	0.4	753000
2019-06-17	0.4	0.39	0.41	0.39	1220700
2019-06-18	0.4	0.4	0.41	0.4	4479400
2019-06-19	0.4	0.4	0.43	0.41	8862600
2019-06-20	0.41	0.4	0.42	0.42	1842900
2019-06-21	0.42	0.41	0.42	0.41	1796200
2019-06-24	0.4	0.4	0.47	0.46	45527400
2019-06-25	0.45	0.43	0.46	0.44	30397100
2019-06-26	0.45	0.43	0.46	0.44	7457200
2019-06-27	0.45	0.44	0.45	0.45	8663600
2019-06-28	0.45	0.43	0.45	0.44	4765100
2019-07-01	0.44	0.43	0.45	0.44	6153000
2019-07-02	0.44	0.41	0.44	0.42	13104500
2019-07-03	0.42	0.41	0.42	0.42	8372300
2019-07-04	0.42	0.41	0.42	0.42	5185800
2019-07-05	0.42	0.41	0.42	0.41	164000
2019-07-08	0.42	0.41	0.42	0.41	271200
2019-07-09	0.41	0.41	0.42	0.42	2317900
2019-07-10	0.42	0.41	0.42	0.41	2217000
2019-07-11	0.42	0.41	0.42	0.41	2126500
2019-07-12	0.41	0.41	0.42	0.41	911900
2019-07-15	0.41	0.41	0.42	0.41	2122300
2019-07-17	0.42	0.4	0.42	0.41	2075400
2019-07-18	0.41	0.4	0.42	0.4	1274300
2019-07-19	0.41	0.4	0.41	0.4	2597900
2019-07-22	0.41	0.4	0.41	0.41	2819200
2019-07-23	0.41	0.4	0.41	0.4	2703200
2019-07-24	0.41	0.4	0.41	0.41	4934400
2019-07-25	0.41	0.39	0.41	0.4	6740700
2019-07-26	0.41	0.38	0.41	0.4	8814500
2019-07-30	0.39	0.38	0.4	0.39	2602700
2019-07-31	0.39	0.39	0.4	0.39	1600900
2019-08-01	0.39	0.38	0.4	0.39	431000
2019-08-02	0.39	0.38	0.4	0.39	2373200
2019-08-05	0.39	0.38	0.4	0.39	1454300
2019-08-06	0.39	0.38	0.4	0.39	533000
2019-08-07	0.4	0.39	0.4	0.4	840200
2019-08-08	0.39	0.38	0.4	0.39	1409300
2019-08-09	0.39	0.38	0.4	0.38	1397400
2019-08-13	0.39	0.35	0.39	0.36	7056900
2019-08-14	0.36	0.35	0.37	0.35	1728000
2019-08-15	0.35	0.32	0.35	0.32	5924300
2019-08-16	0.33	0.33	0.34	0.34	1634000
2019-08-19	0.33	0.33	0.34	0.33	933200
2019-08-20	0.34	0.32	0.34	0.32	1318200
2019-08-21	0.32	0.32	0.34	0.34	3299900
2019-08-22	0.34	0.32	0.34	0.32	1503600
2019-08-23	0.33	0.32	0.33	0.33	530600
2019-08-26	0.32	0.31	0.33	0.32	5765400
2019-08-27	0.32	0.32	0.33	0.32	1380400
2019-08-28	0.32	0.31	0.32	0.31	9130100
2019-08-29	0.31	0.31	0.32	0.31	2314200
2019-08-30	0.32	0.31	0.32	0.32	193100
2019-09-02	0.32	0.31	0.32	0.32	1423900
2019-09-03	0.32	0.31	0.32	0.31	440500
2019-09-04	0.31	0.31	0.32	0.32	624300
2019-09-05	0.31	0.31	0.32	0.31	525400
2019-09-06	0.32	0.31	0.32	0.31	275700
2019-09-09	0.31	0.31	0.32	0.32	338400
2019-09-10	0.32	0.31	0.32	0.31	310200
2019-09-11	0.31	0.31	0.32	0.32	2786500
2019-09-12	0.32	0.32	0.33	0.32	511300
2019-09-13	0.31	0.31	0.33	0.32	2685600
2019-09-16	0.32	0.31	0.33	0.32	426000
2019-09-17	0.33	0.31	0.33	0.32	1928600
2019-09-18	0.32	0.32	0.33	0.32	1208300
2019-09-19	0.32	0.31	0.33	0.31	3004200
2019-09-20	0.31	0.31	0.32	0.31	128100
2019-09-23	0.31	0.31	0.32	0.31	509400
2019-09-24	0.32	0.31	0.32	0.31	226200
2019-09-25	0.31	0.3	0.32	0.31	5462100
2019-09-26	0.31	0.31	0.32	0.31	2322800
2019-09-27	0.32	0.31	0.32	0.32	85400
2019-09-30	0.32	0.31	0.32	0.31	409700
2019-10-01	0.32	0.3	0.32	0.31	2094500
2019-10-02	0.32	0.3	0.32	0.31	398500
2019-10-03	0.31	0.31	0.32	0.32	188400
2019-10-04	0.32	0.31	0.32	0.31	4855200
2019-10-07	0.31	0.31	0.32	0.31	2063800
2019-10-08	0.31	0.31	0.32	0.31	3418300
2019-10-09	0.31	0.31	0.32	0.31	491200
2019-10-10	0.31	0.31	0.32	0.31	49300
2019-10-11	0.31	0.31	0.32	0.31	521800
2019-10-15	0.31	0.31	0.32	0.31	550300
2019-10-16	0.31	0.31	0.32	0.32	147000
2019-10-17	0.32	0.31	0.32	0.31	463600
2019-10-18	0.31	0.31	0.32	0.32	728200
2019-10-21	0.31	0.31	0.32	0.31	651300
2019-10-22	0.31	0.3	0.32	0.31	223000
2019-10-24	0.31	0.3	0.31	0.3	997700
2019-10-25	0.3	0.29	0.31	0.3	2275600
2019-10-28	0.3	0.28	0.3	0.29	4501700
2019-10-29	0.29	0.28	0.3	0.28	3108600
2019-10-30	0.28	0.28	0.29	0.29	3295700
2019-10-31	0.29	0.28	0.29	0.28	6099400
2019-11-01	0.28	0.28	0.29	0.29	1797400
2019-11-04	0.29	0.27	0.29	0.29	1841100
2019-11-05	0.29	0.27	0.29	0.27	2202000
2019-11-06	0.28	0.27	0.29	0.27	1191300
2019-11-07	0.28	0.28	0.29	0.28	948500
2019-11-08	0.29	0.28	0.29	0.28	819300
2019-11-11	0.28	0.27	0.29	0.28	1255300
2019-11-12	0.28	0.27	0.29	0.28	5670600
2019-11-13	0.28	0.26	0.28	0.28	8562300
2019-11-14	0.28	0.27	0.28	0.27	2888300
2019-11-15	0.27	0.26	0.28	0.26	4234400
2019-11-18	0.26	0.26	0.27	0.27	842600
2019-11-19	0.27	0.26	0.27	0.27	549400
2019-11-20	0.27	0.26	0.27	0.26	5569600
2019-11-21	0.26	0.26	0.27	0.26	3181000
2019-11-22	0.26	0.26	0.27	0.26	829800
2019-11-25	0.26	0.26	0.27	0.26	1062700
2019-11-26	0.26	0.26	0.27	0.26	543200
2019-11-27	0.26	0.26	0.28	0.27	2168200
2019-11-28	0.28	0.28	0.29	0.28	2379300
2019-11-29	0.29	0.28	0.3	0.29	1666500
2019-12-02	0.29	0.29	0.3	0.29	1637200
2019-12-03	0.29	0.28	0.3	0.28	645800
2019-12-04	0.29	0.27	0.29	0.27	87400
2019-12-06	0.28	0.28	0.29	0.28	780000
2019-12-09	0.29	0.27	0.29	0.27	225500
2019-12-11	0.29	0.27	0.29	0.28	64600
2019-12-12	0.28	0.27	0.29	0.27	337400
2019-12-13	0.28	0.27	0.29	0.28	717800
2019-12-16	0.28	0.27	0.29	0.27	391500
2019-12-17	0.28	0.27	0.29	0.27	428700
2019-12-18	0.28	0.27	0.28	0.27	489300
2019-12-19	0.28	0.27	0.29	0.28	674400
2019-12-20	0.29	0.28	0.29	0.29	105700
2019-12-23	0.28	0.27	0.29	0.28	769400
2019-12-24	0.28	0.27	0.28	0.27	504700
2019-12-25	0.28	0.28	0.28	0.28	427400
2019-12-26	0.28	0.28	0.29	0.28	470400
2019-12-27	0.29	0.28	0.29	0.28	210900
2019-12-30	0.28	0.28	0.29	0.28	127100
2020-01-02	0.28	0.28	0.29	0.28	178900
2020-01-03	0.29	0.28	0.29	0.28	867600
2020-01-06	0.28	0.28	0.29	0.28	616700
2020-01-07	0.29	0.27	0.29	0.28	292400
2020-01-08	0.28	0.27	0.29	0.27	742100
2020-01-09	0.28	0.27	0.29	0.27	1812600
2020-01-10	0.28	0.27	0.29	0.28	1353500
2020-01-13	0.28	0.28	0.29	0.28	328300
2020-01-14	0.29	0.28	0.29	0.28	1695300
2020-01-15	0.29	0.28	0.29	0.28	352300
2020-01-16	0.28	0.28	0.3	0.29	1667900
2020-01-17	0.29	0.28	0.3	0.28	2563800
2020-01-20	0.3	0.28	0.3	0.29	1236200
2020-01-21	0.29	0.28	0.3	0.28	942600
2020-01-22	0.28	0.28	0.29	0.28	2242600
2020-01-23	0.28	0.26	0.29	0.26	13945100
2020-01-24	0.27	0.26	0.28	0.27	4186300
2020-01-27	0.27	0.23	0.27	0.24	11016900
2020-01-28	0.25	0.24	0.26	0.26	1828700
2020-01-29	0.25	0.25	0.27	0.26	1325300
2020-01-30	0.26	0.25	0.27	0.27	604900
2020-01-31	0.25	0.25	0.27	0.26	185800
2020-02-03	0.25	0.22	0.27	0.23	6451500
2020-02-04	0.24	0.23	0.24	0.24	2879400
2020-02-05	0.25	0.24	0.25	0.24	1274100
2020-02-06	0.25	0.24	0.26	0.26	1219300
2020-02-07	0.25	0.25	0.27	0.27	1951700
2020-02-11	0.25	0.25	0.27	0.27	598200
2020-02-12	0.26	0.25	0.27	0.26	1701400
2020-02-13	0.26	0.25	0.26	0.25	599600
2020-02-14	0.26	0.25	0.26	0.25	865200
2020-02-17	0.26	0.25	0.26	0.26	258300
2020-02-18	0.26	0.25	0.26	0.26	1230300
2020-02-19	0.25	0.25	0.26	0.25	897700
2020-02-20	0.25	0.25	0.26	0.25	1118700
2020-02-21	0.25	0.24	0.25	0.25	7818600
2020-02-24	0.25	0.24	0.25	0.24	2256900
2020-02-25	0.24	0.24	0.25	0.24	5538500
2020-02-26	0.24	0.23	0.25	0.23	2251300
2020-02-27	0.23	0.22	0.24	0.23	722000
2020-02-28	0.22	0.22	0.23	0.23	3654700
2020-03-02	0.23	0.21	0.23	0.22	9384800
2020-03-03	0.22	0.21	0.23	0.22	2194300
2020-03-04	0.22	0.21	0.23	0.23	1653700
2020-03-05	0.23	0.22	0.24	0.23	2791900
2020-03-06	0.23	0.22	0.24	0.23	530000
2020-03-09	0.22	0.21	0.22	0.21	1756000
2020-03-10	0.21	0.21	0.23	0.22	575600
2020-03-11	0.23	0.21	0.23	0.22	2203100
2020-03-12	0.2	0.18	0.21	0.19	14504000
2020-03-13	0.18	0.17	0.2	0.2	6402900
2020-03-16	0.2	0.18	0.2	0.19	4600100
2020-03-17	0.19	0.19	0.2	0.2	296500
2020-03-18	0.2	0.19	0.2	0.2	962700
2020-03-19	0.19	0.19	0.2	0.19	331400
2020-03-20	0.2	0.19	0.2	0.2	1654300
2020-03-23	0.19	0.18	0.2	0.18	2756100
2020-03-24	0.19	0.18	0.2	0.19	1015200
2020-03-25	0.19	0.19	0.2	0.19	1816200
2020-03-26	0.2	0.19	0.2	0.19	1170600
2020-03-27	0.2	0.19	0.2	0.2	841500
2020-03-30	0.19	0.18	0.2	0.19	251200
2020-03-31	0.19	0.19	0.2	0.2	126100
2020-04-01	0.2	0.2	0.22	0.21	860000
2020-04-02	0.21	0.19	0.21	0.2	369800
2020-04-03	0.2	0.19	0.21	0.19	172400
2020-04-07	0.2	0.19	0.21	0.2	272600
2020-04-08	0.2	0.2	0.21	0.21	661100
2020-04-09	0.21	0.2	0.22	0.22	1761400
2020-04-10	0.21	0.21	0.22	0.22	677700
2020-04-13	0.22	0.21	0.22	0.22	362800
2020-04-14	0.21	0.21	0.22	0.21	747800
2020-04-15	0.21	0.2	0.22	0.2	896200
2020-04-16	0.2	0.2	0.22	0.21	2530400
2020-04-17	0.22	0.21	0.22	0.21	1001800
2020-04-20	0.22	0.21	0.22	0.21	1686300
2020-04-21	0.21	0.21	0.22	0.22	1062900
2020-04-22	0.22	0.21	0.22	0.21	907400
2020-04-23	0.21	0.21	0.22	0.21	652200
2020-04-24	0.21	0.21	0.22	0.21	1738400
2020-04-27	0.22	0.2	0.22	0.21	1020100
2020-04-28	0.21	0.2	0.22	0.21	688200
2020-04-29	0.21	0.21	0.21	0.21	641000
2020-04-30	0.21	0.21	0.22	0.21	2170800
2020-05-05	0.21	0.2	0.22	0.2	1479000
2020-05-07	0.21	0.2	0.22	0.21	1526900
2020-05-08	0.21	0.2	0.21	0.21	867100
2020-05-11	0.21	0.2	0.22	0.21	2746700
2020-05-12	0.21	0.21	0.22	0.21	1191700
2020-05-13	0.21	0.21	0.21	0.21	1303500
2020-05-14	0.21	0.2	0.21	0.21	1054200
2020-05-15	0.21	0.21	0.23	0.22	3690900
2020-05-18	0.22	0.22	0.23	0.23	5756700
2020-05-19	0.23	0.22	0.23	0.23	1792600
2020-05-20	0.22	0.22	0.24	0.23	4856700
2020-05-21	0.23	0.23	0.26	0.26	24950200
2020-05-22	0.26	0.25	0.26	0.25	5336700
2020-05-25	0.26	0.25	0.26	0.25	1818500
2020-05-26	0.26	0.25	0.27	0.26	4299400
2020-05-27	0.26	0.25	0.27	0.25	1199200
2020-05-28	0.25	0.25	0.26	0.26	1927800
2020-05-29	0.26	0.25	0.26	0.25	1932700
2020-06-01	0.26	0.25	0.26	0.26	2833500
2020-06-02	0.26	0.26	0.27	0.26	8124300
2020-06-04	0.26	0.26	0.28	0.28	11336400
2020-06-05	0.28	0.28	0.29	0.28	6620200
2020-06-08	0.29	0.28	0.31	0.3	18087500
2020-06-09	0.3	0.29	0.3	0.29	3208000
2020-06-10	0.29	0.29	0.3	0.3	4756700
2020-06-11	0.3	0.28	0.3	0.29	3512700
2020-06-12	0.28	0.27	0.28	0.28	12870700
2020-06-15	0.29	0.27	0.29	0.27	3123800
2020-06-16	0.28	0.27	0.29	0.28	4823000
2020-06-17	0.28	0.27	0.29	0.28	5035300
2020-06-18	0.28	0.26	0.28	0.27	5286600
2020-06-19	0.27	0.26	0.27	0.27	1514200
2020-06-22	0.27	0.25	0.27	0.27	5899500
2020-06-23	0.26	0.25	0.26	0.26	3516500
2020-06-24	0.26	0.25	0.26	0.25	2104100
2020-06-25	0.25	0.24	0.26	0.24	5186800
2020-06-26	0.25	0.24	0.26	0.25	3268300
2020-06-29	0.25	0.23	0.25	0.24	4204100
2020-06-30	0.24	0.24	0.24	0.24	2862200
2020-07-01	0.25	0.23	0.25	0.24	2735300
2020-07-02	0.24	0.23	0.26	0.25	8729400
2020-07-03	0.25	0.24	0.26	0.25	4070000
2020-07-07	0.25	0.24	0.25	0.24	3563900
2020-07-08	0.25	0.23	0.25	0.23	4633200
2020-07-09	0.24	0.23	0.25	0.24	4892400
2020-07-10	0.24	0.23	0.24	0.23	1744900
2020-07-13	0.24	0.22	0.24	0.23	6748300
2020-07-14	0.23	0.22	0.23	0.22	6235000
2020-07-15	0.23	0.21	0.23	0.23	2565500
2020-07-16	0.23	0.22	0.23	0.22	1773300
2020-07-17	0.22	0.21	0.23	0.22	2680000
2020-07-20	0.22	0.21	0.23	0.22	399500
2020-07-21	0.22	0.22	0.23	0.23	136600
2020-07-22	0.23	0.21	0.23	0.22	690400
2020-07-23	0.23	0.22	0.23	0.22	298000
2020-07-24	0.23	0.21	0.23	0.22	650900
2020-07-29	0.23	0.22	0.23	0.23	464500
2020-07-30	0.23	0.22	0.23	0.22	1842400
2020-07-31	0.22	0.22	0.23	0.22	468700
2020-08-03	0.23	0.22	0.23	0.23	316100
2020-08-04	0.22	0.22	0.23	0.23	499200
2020-08-05	0.22	0.22	0.24	0.24	2709600
2020-08-06	0.23	0.23	0.24	0.24	211700
2020-08-07	0.23	0.23	0.24	0.24	565600
2020-08-10	0.23	0.23	0.24	0.23	267200
2020-08-11	0.23	0.22	0.24	0.24	1483900
2020-08-13	0.23	0.23	0.24	0.23	435300
2020-08-14	0.24	0.22	0.24	0.24	464500
2020-08-17	0.23	0.23	0.25	0.23	3483400
2020-08-18	0.24	0.22	0.24	0.23	2350000
2020-08-19	0.23	0.23	0.23	0.23	82700
2020-08-20	0.22	0.22	0.23	0.23	142400
2020-08-21	0.23	0.22	0.23	0.22	100300
2020-08-24	0.23	0.22	0.23	0.23	15800
2020-08-25	0.22	0.22	0.23	0.23	960600
2020-08-26	0.23	0.22	0.23	0.22	784800
2020-08-27	0.23	0.22	0.23	0.23	26000
2020-08-28	0.23	0.22	0.23	0.23	311200
2020-08-31	0.22	0.22	0.23	0.23	260500
2020-09-01	0.22	0.22	0.23	0.23	63400
2020-09-02	0.22	0.22	0.23	0.23	40400
2020-09-03	0.23	0.22	0.23	0.22	7900
2020-09-08	0.22	0.22	0.23	0.23	682600
2020-09-09	0.23	0.22	0.23	0.22	228700
2020-09-10	0.23	0.22	0.23	0.23	40700
2020-09-11	0.23	0.23	0.23	0.23	44600
2020-09-14	0.23	0.22	0.23	0.23	87000
2020-09-15	0.23	0.22	0.23	0.23	28800
2020-09-16	0.22	0.22	0.23	0.22	1591800
2020-09-17	0.22	0.22	0.23	0.23	540400
2020-09-18	0.23	0.21	0.23	0.22	1573200
2020-09-21	0.22	0.21	0.22	0.21	23107700
2020-09-22	0.22	0.22	0.23	0.23	2004300
2020-09-23	0.23	0.22	0.23	0.23	325400
2020-09-24	0.23	0.22	0.23	0.22	234200
2020-09-25	0.23	0.22	0.23	0.23	1145900
2020-09-28	0.23	0.21	0.23	0.22	3475500
2020-09-29	0.23	0.22	0.23	0.22	1082700
2020-09-30	0.22	0.22	0.23	0.22	3319800
2020-10-01	0.22	0.21	0.23	0.22	521500
2020-10-02	0.22	0.21	0.23	0.23	411700
2020-10-05	0.22	0.2	0.23	0.21	3353400
2020-10-06	0.21	0.21	0.22	0.21	326800
2020-10-07	0.21	0.21	0.22	0.21	1529200
2020-10-08	0.21	0.21	0.22	0.22	3588300
2020-10-09	0.22	0.21	0.22	0.22	821100
2020-10-12	0.23	0.22	0.23	0.23	676200
2020-10-14	0.23	0.22	0.23	0.23	102200
2020-10-15	0.22	0.21	0.23	0.22	1202400
2020-10-16	0.22	0.21	0.23	0.22	1137900
2020-10-19	0.22	0.21	0.22	0.22	99700
2020-10-20	0.23	0.21	0.23	0.22	662800
2020-10-21	0.22	0.22	0.23	0.22	55700
2020-10-22	0.22	0.21	0.22	0.22	397600
2020-10-26	0.22	0.21	0.22	0.22	210800
2020-10-27	0.22	0.21	0.22	0.21	1655800
2020-10-28	0.22	0.21	0.22	0.21	182800
2020-10-29	0.21	0.21	0.22	0.22	42100
2020-10-30	0.21	0.21	0.22	0.21	283100
2020-11-02	0.21	0.21	0.22	0.21	344000
2020-11-03	0.21	0.21	0.22	0.21	518700
2020-11-04	0.22	0.21	0.22	0.22	2394600
2020-11-05	0.22	0.21	0.22	0.21	586900
2020-11-06	0.22	0.21	0.22	0.22	72300
2020-11-09	0.21	0.21	0.22	0.21	1696400
2020-11-10	0.21	0.21	0.22	0.21	1062100
2020-11-11	0.21	0.21	0.22	0.21	59700
2020-11-12	0.21	0.2	0.21	0.21	916600
2020-11-13	0.21	0.2	0.21	0.21	293400
2020-11-16	0.21	0.2	0.22	0.21	1546400
2020-11-17	0.22	0.21	0.22	0.21	288900
2020-11-18	0.21	0.21	0.22	0.22	174400
2020-11-19	0.22	0.21	0.22	0.22	53200
2020-11-20	0.22	0.22	0.25	0.23	9576400
2020-11-23	0.23	0.22	0.24	0.22	1962000
2020-11-24	0.23	0.22	0.23	0.23	3298100
2020-11-25	0.23	0.22	0.23	0.22	522000
2020-11-26	0.22	0.22	0.23	0.23	145600
2020-11-27	0.23	0.22	0.23	0.23	2792500
2020-11-30	0.22	0.22	0.23	0.23	412900
2020-12-01	0.23	0.21	0.23	0.23	10705400
2020-12-02	0.22	0.22	0.23	0.22	3721400
2020-12-03	0.22	0.22	0.23	0.22	328700
2020-12-04	0.22	0.22	0.23	0.22	1188800
2020-12-08	0.22	0.22	0.25	0.24	13810800
2020-12-09	0.24	0.23	0.25	0.23	2064600
2020-12-14	0.23	0.22	0.24	0.23	5752700
2020-12-15	0.23	0.23	0.24	0.24	20032500
2020-12-16	0.24	0.23	0.26	0.25	13995700
2020-12-17	0.25	0.25	0.26	0.25	5368200
2020-12-18	0.25	0.24	0.25	0.25	2696600
2020-12-21	0.24	0.22	0.24	0.23	8418900
2020-12-22	0.23	0.22	0.24	0.23	5464800
2020-12-23	0.23	0.23	0.25	0.24	4010100
2020-12-24	0.24	0.24	0.26	0.25	7792900
2020-12-25	0.25	0.24	0.26	0.25	3233800
2020-12-28	0.26	0.25	0.26	0.25	1891200
2020-12-29	0.25	0.25	0.26	0.25	1071500
2020-12-30	0.25	0.24	0.26	0.25	1040500
2021-01-04	0.25	0.25	0.26	0.25	1340500
2021-01-05	0.26	0.25	0.26	0.25	243900
2021-01-06	0.25	0.25	0.26	0.25	2103100
2021-01-07	0.25	0.24	0.25	0.25	529100
2021-01-08	0.25	0.25	0.26	0.26	7541700
2021-01-11	0.26	0.25	0.26	0.26	2090400
2021-01-12	0.26	0.25	0.26	0.26	201000
2021-01-13	0.26	0.25	0.26	0.26	3530900
2021-01-14	0.26	0.25	0.26	0.26	845800
2021-01-15	0.25	0.24	0.26	0.25	2877800
2021-01-18	0.25	0.24	0.25	0.25	587700
2021-01-19	0.25	0.25	0.26	0.25	188700
2021-01-20	0.25	0.25	0.26	0.26	340700
2021-01-21	0.26	0.25	0.26	0.25	124500
2021-01-22	0.25	0.24	0.26	0.25	1180900
2021-01-25	0.25	0.25	0.26	0.25	452700
2021-01-26	0.25	0.24	0.26	0.25	460200
2021-01-27	0.25	0.24	0.26	0.26	256300
2021-01-28	0.25	0.24	0.25	0.24	1121600
2021-01-29	0.25	0.24	0.25	0.25	321300
2021-02-01	0.25	0.24	0.25	0.24	356100
2021-02-02	0.25	0.24	0.25	0.25	700400
2021-02-03	0.25	0.24	0.25	0.24	881800
2021-02-04	0.24	0.24	0.25	0.25	557600
2021-02-05	0.25	0.24	0.26	0.25	3460500
2021-02-08	0.25	0.24	0.25	0.25	638400
2021-02-09	0.25	0.24	0.25	0.25	390900
2021-02-10	0.25	0.25	0.26	0.26	724500
2021-02-11	0.26	0.25	0.26	0.25	4464100
2021-02-15	0.25	0.23	0.25	0.25	6222400
2021-02-16	0.25	0.24	0.25	0.24	1092800
2021-02-17	0.24	0.24	0.25	0.24	1481200
2021-02-18	0.24	0.24	0.25	0.24	1418600
2021-02-19	0.24	0.24	0.25	0.24	2919400
2021-02-22	0.24	0.24	0.25	0.24	1621300
2021-02-23	0.25	0.24	0.25	0.24	699500
2021-02-24	0.24	0.24	0.25	0.24	1056800
2021-02-25	0.24	0.24	0.25	0.24	1199300
2021-03-01	0.24	0.24	0.25	0.25	1421600
2021-03-02	0.25	0.24	0.25	0.24	155800
2021-03-03	0.25	0.24	0.25	0.25	1530800
2021-03-04	0.25	0.24	0.25	0.24	2085500
2021-03-05	0.24	0.24	0.26	0.25	5316600
2021-03-08	0.26	0.25	0.26	0.25	1636200
2021-03-09	0.25	0.24	0.26	0.26	1849800
2021-03-10	0.26	0.25	0.28	0.26	19576600
2021-03-11	0.26	0.25	0.27	0.27	8851800
2021-03-12	0.27	0.26	0.28	0.27	9068700
2021-03-15	0.27	0.26	0.28	0.26	10675900
2021-03-16	0.27	0.27	0.28	0.28	6742000
2021-03-17	0.28	0.27	0.28	0.27	4950700
2021-03-18	0.28	0.26	0.28	0.27	4333200
2021-03-19	0.27	0.26	0.27	0.26	10065400
2021-03-22	0.27	0.26	0.27	0.27	2255400
2021-03-23	0.27	0.26	0.28	0.27	18991300
2021-03-24	0.27	0.27	0.35	0.33	282058900
2021-03-25	0.33	0.3	0.33	0.3	61673900
2021-03-26	0.3	0.29	0.31	0.3	24811800
2021-03-29	0.3	0.29	0.32	0.3	26578400
2021-03-30	0.3	0.3	0.31	0.3	11849700
2021-03-31	0.3	0.29	0.31	0.3	14713900
2021-04-01	0.3	0.3	0.31	0.31	11905900
2021-04-02	0.31	0.3	0.32	0.3	14170400
2021-04-05	0.31	0.3	0.31	0.3	5764600
2021-04-07	0.3	0.29	0.31	0.29	12860900
2021-04-08	0.29	0.29	0.31	0.29	10932200
2021-04-09	0.3	0.29	0.3	0.3	13309700
2021-04-12	0.3	0.29	0.3	0.29	8020800
2021-04-16	0.29	0.28	0.29	0.29	13276000
2021-04-19	0.29	0.28	0.3	0.29	4634500
2021-04-20	0.29	0.29	0.3	0.29	8315000
2021-04-21	0.3	0.29	0.3	0.29	4346800
2021-04-22	0.3	0.3	0.32	0.32	95928500
2021-04-23	0.32	0.3	0.33	0.31	43223800
2021-04-26	0.31	0.3	0.34	0.33	83762000
2021-04-27	0.33	0.33	0.37	0.35	202207400
2021-04-28	0.36	0.34	0.37	0.35	54090800
2021-04-29	0.36	0.35	0.37	0.36	50441500
2021-04-30	0.36	0.35	0.37	0.36	18875200
2021-05-05	0.36	0.35	0.36	0.35	15833900
2021-05-06	0.35	0.34	0.36	0.35	23936700
2021-05-07	0.35	0.35	0.38	0.36	51954700
2021-05-10	0.37	0.35	0.37	0.36	16759100
2021-05-11	0.36	0.35	0.36	0.35	7048600
2021-05-12	0.36	0.36	0.41	0.39	278292500
2021-05-13	0.38	0.32	0.39	0.35	152414900
2021-05-14	0.37	0.34	0.37	0.34	46233400
2021-05-17	0.34	0.33	0.36	0.35	38294600
2021-05-18	0.35	0.35	0.37	0.37	26989500
2021-05-19	0.37	0.35	0.38	0.35	30276400
2021-05-20	0.36	0.35	0.37	0.36	17321500
2021-05-21	0.37	0.35	0.37	0.35	7621100
2021-05-24	0.36	0.35	0.38	0.36	29890800
2021-05-25	0.37	0.36	0.37	0.36	13968000
2021-05-27	0.37	0.36	0.37	0.37	11243600
2021-05-28	0.36	0.36	0.37	0.36	16108400
2021-05-31	0.36	0.36	0.38	0.37	19429700
2021-06-01	0.37	0.36	0.38	0.37	12376200
2021-06-02	0.38	0.37	0.4	0.4	72628400
2021-06-04	0.39	0.39	0.42	0.4	54078200
2021-06-07	0.41	0.4	0.42	0.41	37657300
2021-06-08	0.42	0.41	0.47	0.44	179456500
2021-06-09	0.45	0.44	0.46	0.44	59233800
2021-06-10	0.45	0.44	0.46	0.45	39974000
2021-06-11	0.45	0.44	0.46	0.45	33539500
2021-06-14	0.45	0.42	0.45	0.43	34710000
2021-06-15	0.43	0.42	0.43	0.43	17529000
2021-06-16	0.42	0.42	0.43	0.42	6295700
2021-06-17	0.42	0.42	0.44	0.44	39150000
2021-06-18	0.44	0.41	0.44	0.41	15533800
2021-06-21	0.41	0.41	0.42	0.42	12429800
2021-06-22	0.42	0.42	0.43	0.43	8115400
2021-06-23	0.43	0.42	0.43	0.42	13316000
2021-06-24	0.42	0.4	0.42	0.41	15625700
2021-06-25	0.41	0.41	0.42	0.42	3791100
2021-06-28	0.41	0.39	0.41	0.4	17710800
2021-06-29	0.4	0.39	0.41	0.4	10189000
2021-06-30	0.41	0.4	0.41	0.4	7614000
2021-07-01	0.41	0.38	0.41	0.39	13262000
2021-07-02	0.39	0.38	0.4	0.38	7251300
2021-07-05	0.38	0.35	0.39	0.37	21083800
2021-07-06	0.36	0.36	0.38	0.37	15358700
2021-07-07	0.37	0.36	0.38	0.38	11499300
2021-07-08	0.38	0.34	0.38	0.34	20769800
2021-07-09	0.34	0.33	0.35	0.35	12623100
2021-07-12	0.35	0.34	0.36	0.35	6678800
2021-07-13	0.34	0.34	0.36	0.36	2880500
2021-07-14	0.36	0.35	0.37	0.35	5680600
2021-07-15	0.36	0.35	0.37	0.37	3166800
2021-07-16	0.37	0.36	0.38	0.37	5831500
2021-07-19	0.37	0.36	0.37	0.36	2006900
2021-07-20	0.36	0.34	0.37	0.35	12923500
2021-07-21	0.35	0.34	0.36	0.35	3005900
2021-07-22	0.35	0.35	0.36	0.35	3334200
2021-07-23	0.36	0.35	0.36	0.35	1573400
2021-07-27	0.36	0.34	0.36	0.35	4967800
2021-07-29	0.35	0.34	0.36	0.34	2739300
2021-07-30	0.35	0.33	0.35	0.34	7056100
2021-08-02	0.33	0.32	0.34	0.33	7551600
2021-08-03	0.33	0.33	0.34	0.34	1817200
2021-08-04	0.34	0.33	0.34	0.34	1773200
2021-08-05	0.33	0.33	0.35	0.34	7038500
2021-08-06	0.34	0.33	0.35	0.35	1924200
2021-08-09	0.35	0.34	0.36	0.36	9241100
2021-08-10	0.36	0.35	0.37	0.35	3497100
2021-08-11	0.35	0.34	0.36	0.34	3408300
2021-08-13	0.35	0.33	0.36	0.33	5778900
2021-08-16	0.34	0.32	0.34	0.33	4368600
2021-08-17	0.34	0.32	0.34	0.32	4724900
2021-08-18	0.33	0.33	0.34	0.34	1345100
2021-08-19	0.34	0.33	0.34	0.33	1243400
2021-08-20	0.34	0.33	0.34	0.33	3687600
2021-08-23	0.33	0.33	0.35	0.34	10698800
2021-08-24	0.34	0.34	0.36	0.34	4176400
2021-08-25	0.34	0.34	0.35	0.35	1189800
2021-08-26	0.35	0.35	0.37	0.36	6045400
2021-08-27	0.37	0.36	0.37	0.37	1225900
2021-08-30	0.37	0.37	0.39	0.38	11107700
2021-08-31	0.38	0.37	0.38	0.38	1224400
2021-09-01	0.38	0.36	0.38	0.37	4832500
2021-09-02	0.37	0.36	0.38	0.36	1886300
2021-09-03	0.36	0.36	0.38	0.38	5084200
2021-09-06	0.39	0.38	0.4	0.4	23662200
2021-09-07	0.42	0.4	0.43	0.4	65648300
2021-09-08	0.4	0.39	0.41	0.4	9938800
2021-09-09	0.41	0.4	0.43	0.42	25155900
2021-09-10	0.43	0.41	0.43	0.41	11261800
2021-09-13	0.41	0.4	0.42	0.42	10199900
2021-09-14	0.41	0.4	0.42	0.4	7317800
2021-09-15	0.4	0.4	0.41	0.4	8329200
2021-09-16	0.4	0.39	0.41	0.4	4253600
2021-09-17	0.4	0.39	0.4	0.4	3948400
2021-09-20	0.4	0.37	0.4	0.37	17648100
2021-09-21	0.38	0.38	0.41	0.41	16561500
2021-09-22	0.4	0.39	0.41	0.41	8641200
2021-09-23	0.41	0.39	0.41	0.4	7617100
2021-09-27	0.4	0.39	0.41	0.4	5656500
2021-09-28	0.39	0.39	0.41	0.4	10951600
2021-09-29	0.4	0.39	0.4	0.4	6585400
2021-09-30	0.4	0.39	0.4	0.39	5274600
2021-10-01	0.39	0.38	0.4	0.38	3234100
2021-10-04	0.38	0.38	0.4	0.39	2109500
2021-10-05	0.39	0.38	0.4	0.39	1815000
2021-10-06	0.39	0.37	0.4	0.39	5642800
2021-10-07	0.39	0.37	0.39	0.39	3773300
2021-10-08	0.39	0.38	0.39	0.38	768800
2021-10-11	0.39	0.38	0.39	0.38	2186600
2021-10-12	0.39	0.38	0.39	0.38	1804600
2021-10-14	0.38	0.38	0.4	0.39	5995400
2021-10-15	0.4	0.38	0.4	0.38	2175700
2021-10-18	0.39	0.38	0.4	0.39	3062900
2021-10-19	0.39	0.38	0.42	0.41	34224400
2021-10-20	0.42	0.41	0.44	0.43	135914800
2021-10-21	0.43	0.42	0.45	0.43	102694200
2021-10-25	0.43	0.41	0.43	0.42	24683300
2021-10-26	0.42	0.41	0.43	0.41	13890700
2021-10-27	0.42	0.41	0.43	0.41	12051400
2021-10-28	0.42	0.4	0.42	0.4	12478400
2021-10-29	0.4	0.39	0.41	0.4	23541600
2021-11-01	0.41	0.4	0.41	0.4	7727400
2021-11-02	0.41	0.4	0.42	0.4	17851900
2021-11-03	0.4	0.39	0.41	0.4	19535800
2021-11-04	0.4	0.4	0.41	0.4	13096500
2021-11-05	0.4	0.39	0.41	0.4	2179700
2021-11-08	0.4	0.39	0.41	0.39	3625100
2021-11-09	0.39	0.39	0.4	0.39	4028400
2021-11-10	0.39	0.37	0.4	0.38	15888400
2021-11-11	0.38	0.36	0.39	0.37	22638500
2021-11-12	0.37	0.36	0.38	0.37	7867200
2021-11-15	0.37	0.36	0.4	0.39	23188000
2021-11-16	0.4	0.39	0.41	0.4	15773500
2021-11-17	0.4	0.4	0.41	0.41	9610500
2021-11-18	0.42	0.4	0.42	0.41	15295800
2021-11-19	0.41	0.4	0.41	0.4	7450900
2021-11-22	0.41	0.4	0.42	0.41	12570500
2021-11-23	0.41	0.41	0.42	0.41	11147700
2021-11-24	0.42	0.41	0.43	0.43	20509800
2021-11-25	0.43	0.42	0.44	0.43	32360500
2021-11-26	0.43	0.41	0.44	0.41	41636300
2021-11-29	0.41	0.39	0.42	0.39	34086300
2021-11-30	0.4	0.39	0.41	0.4	24796400
2021-12-01	0.4	0.39	0.42	0.41	10988600
2021-12-02	0.42	0.41	0.43	0.42	18700400
2021-12-03	0.42	0.42	0.44	0.43	36399200
2021-12-07	0.43	0.43	0.45	0.45	39927300
2021-12-08	0.46	0.45	0.47	0.47	88683500
2021-12-09	0.47	0.47	0.54	0.52	318104100
2021-12-13	0.54	0.54	0.6	0.59	356581300
2021-12-14	0.6	0.59	0.69	0.63	528371300
2021-12-15	0.66	0.64	0.68	0.65	246539600
2021-12-16	0.64	0.6	0.65	0.64	209452700
2021-12-17	0.63	0.62	0.76	0.7	343082300
2021-12-20	0.72	0.72	0.82	0.77	470282400
2021-12-21	0.81	0.75	0.83	0.77	251205800
2021-12-22	0.78	0.75	0.78	0.75	88748100
2021-12-23	0.75	0.68	0.77	0.69	185976000
2021-12-24	0.68	0.67	0.73	0.7	68196200
2021-12-27	0.73	0.73	0.79	0.77	178347100
2021-12-28	0.78	0.73	0.78	0.73	77435800
2021-12-29	0.73	0.72	0.74	0.73	25030900
2021-12-30	0.74	0.73	0.76	0.73	34318100
2022-01-04	0.74	0.74	0.76	0.74	28604200
2022-01-05	0.74	0.74	0.79	0.77	105486000
2022-01-06	0.77	0.74	0.77	0.75	65372800
2022-01-07	0.75	0.74	0.76	0.76	32209800
2022-01-10	0.74	0.64	0.74	0.68	224402400
2022-01-11	0.69	0.69	0.77	0.76	144988600
2022-01-12	0.76	0.74	0.78	0.76	78988500
2022-01-13	0.77	0.77	0.82	0.78	220713900
2022-01-14	0.79	0.79	0.88	0.82	531155800
2022-01-17	0.86	0.85	0.96	0.9	719579100
2022-01-18	0.91	0.91	0.97	0.92	444478400
2022-01-19	0.93	0.88	0.94	0.9	121382100
2022-01-20	0.91	0.88	0.94	0.89	84281000
2022-01-21	0.89	0.88	0.91	0.89	95719500
2022-01-24	0.89	0.86	0.92	0.86	187083000
2022-01-25	0.86	0.86	0.92	0.92	107976000
2022-01-26	0.92	0.89	0.94	0.91	114629800
2022-01-27	0.91	0.87	0.91	0.88	52597500
2022-01-28	0.89	0.89	0.91	0.89	23236600
2022-01-31	0.9	0.9	0.93	0.91	38669800
2022-02-01	0.91	0.9	0.93	0.91	28753300
2022-02-02	0.91	0.9	0.92	0.91	27146000
2022-02-03	0.91	0.91	0.99	0.99	537443300
2022-02-04	0.98	0.96	1.03	1.0	483013000
2022-02-07	1.02	1.0	1.03	1.01	263725500
2022-02-08	1.01	1.0	1.03	1.01	222867300
2022-02-09	1.01	0.98	1.02	1.01	260524600
2022-02-10	1.01	1.0	1.03	1.02	145333600
2022-02-11	1.02	1.02	1.04	1.02	178211900
2022-02-14	1.01	1.0	1.04	1.02	159217300
2022-02-15	1.02	1.01	1.06	1.05	247273900
2022-02-17	1.05	1.04	1.06	1.04	58570000
2022-02-18	1.04	1.0	1.04	1.02	89595600
2022-02-21	1.02	1.01	1.04	1.01	42548100
2022-02-22	1.02	1.01	1.05	1.04	144323300
2022-02-23	1.04	1.02	1.05	1.03	63319500
2022-02-24	1.02	0.99	1.04	1.0	152492900
2022-02-25	1.01	1.0	1.04	1.04	79470800
2022-02-28	1.04	1.02	1.04	1.02	18668300
2022-03-01	1.03	1.03	1.05	1.05	79875500
2022-03-02	1.04	1.03	1.07	1.07	151648300
2022-03-03	1.06	1.05	1.08	1.07	117434100
2022-03-04	1.06	1.05	1.08	1.06	85350800
2022-03-07	1.05	0.98	1.06	1.01	99374500
2022-03-08	1.01	0.98	1.03	1.0	61893700
2022-03-09	1.02	1.0	1.04	1.04	69835100
2022-03-10	1.04	1.04	1.12	1.09	696311600
2022-03-11	1.07	1.04	1.09	1.08	114046300
2022-03-14	1.08	1.08	1.1	1.1	118216600
2022-03-15	1.1	1.08	1.11	1.08	86989500
2022-03-16	1.09	1.09	1.13	1.11	373232700
2022-03-17	1.12	1.12	1.15	1.15	202874100
2022-03-18	1.15	1.12	1.15	1.15	160057700
2022-03-21	1.14	1.13	1.16	1.16	130377900
2022-03-22	1.16	1.15	1.18	1.17	116894300
2022-03-23	1.17	1.17	1.24	1.23	375506800
2022-03-24	1.24	1.13	1.25	1.18	298300800
2022-03-25	1.19	1.17	1.25	1.24	347391100
2022-03-28	1.24	1.22	1.25	1.25	133628800
2022-03-29	1.25	1.24	1.26	1.24	27626100
2022-03-30	1.24	1.23	1.26	1.25	61159100
2022-03-31	1.27	1.25	1.31	1.25	374594200
2022-04-01	1.25	1.21	1.27	1.24	115238400
2022-04-04	1.24	1.23	1.26	1.23	160058900
2022-04-05	1.24	1.21	1.25	1.23	109964300
2022-04-07	1.22	1.2	1.24	1.24	55685900
2022-04-08	1.23	1.21	1.23	1.21	18956400
2022-04-11	1.23	1.22	1.24	1.23	128434900
2022-04-12	1.22	1.21	1.23	1.22	24215000
2022-04-18	1.22	1.19	1.22	1.19	63150400
2022-04-19	1.19	1.16	1.2	1.18	153708700
2022-04-20	1.17	1.16	1.2	1.2	92392300
2022-04-21	1.2	1.19	1.24	1.21	251143700
2022-04-22	1.21	1.18	1.22	1.19	178910000
2022-04-25	1.18	1.16	1.19	1.18	47287700
2022-04-26	1.18	1.14	1.19	1.19	114203900
2022-04-27	1.19	1.16	1.21	1.2	62220800
2022-04-28	1.19	1.18	1.21	1.18	111903800
2022-04-29	1.19	1.17	1.2	1.17	51020600
2022-05-03	1.17	1.14	1.18	1.17	68621400
2022-05-05	1.17	1.16	1.2	1.16	149246100
2022-05-06	1.14	1.1	1.17	1.14	104948000
2022-05-09	1.13	1.06	1.15	1.14	95998800
2022-05-10	1.13	1.13	1.17	1.13	106381400
2022-05-11	1.14	1.09	1.14	1.09	34204200
2022-05-12	1.1	1.07	1.15	1.11	130138800
2022-05-13	1.08	1.05	1.12	1.05	55195800
2022-05-17	1.06	1.06	1.15	1.08	176208500
2022-05-18	1.09	1.07	1.11	1.09	90822100
2022-05-19	1.09	1.06	1.11	1.1	171921300
2022-05-20	1.1	1.1	1.14	1.13	110893200
2022-05-23	1.13	1.13	1.18	1.14	233657200
2022-05-24	1.15	1.12	1.17	1.12	56133900
2022-05-25	1.14	1.11	1.15	1.12	44150600
2022-05-26	1.13	1.13	1.2	1.19	425068300
2022-05-27	1.18	1.16	1.21	1.18	240263500
2022-05-30	1.18	1.16	1.21	1.17	216153000
2022-05-31	1.17	1.15	1.18	1.17	55116900
2022-06-01	1.18	1.16	1.18	1.17	28863100
2022-06-02	1.17	1.15	1.19	1.16	155484400
2022-06-06	1.16	1.15	1.18	1.15	58086400
2022-06-07	1.16	1.13	1.17	1.13	50257900
2022-06-08	1.14	1.13	1.16	1.15	157054600
2022-06-09	1.15	1.13	1.16	1.15	49675900
2022-06-10	1.15	1.15	1.2	1.19	162270400
2022-06-13	1.18	1.15	1.18	1.17	71926000
2022-06-14	1.17	1.15	1.19	1.18	145025300
2022-06-15	1.18	1.16	1.18	1.17	109599600
2022-06-16	1.17	1.15	1.19	1.15	88727200
2022-06-17	1.16	1.14	1.17	1.15	57925800
2022-06-20	1.15	1.13	1.17	1.14	107820800
2022-06-21	1.15	1.14	1.18	1.17	175657300
2022-06-22	1.17	1.14	1.18	1.16	92847800
2022-06-23	1.16	1.14	1.17	1.15	100203400
2022-06-24	1.16	1.16	1.19	1.16	196432800
2022-06-27	1.16	1.15	1.17	1.15	27385500
2022-06-28	1.16	1.15	1.17	1.17	59890900
2022-06-29	1.17	1.15	1.18	1.15	91301400
2022-06-30	1.16	1.15	1.19	1.16	222556300
2022-07-01	1.16	1.13	1.19	1.13	178388600
2022-07-04	1.14	1.11	1.15	1.12	86598100
2022-07-05	1.13	1.12	1.15	1.12	44887500
2022-07-06	1.13	1.07	1.14	1.12	68677000
2022-07-07	1.13	1.12	1.14	1.13	55738200
2022-07-08	1.13	1.11	1.14	1.12	46879300
2022-07-11	1.12	1.12	1.14	1.12	60223200
2022-07-12	1.13	1.11	1.13	1.11	21088900
2022-07-14	1.12	1.11	1.13	1.11	55059300
2022-07-15	1.12	1.09	1.12	1.1	20662400
2022-07-18	1.1	1.1	1.13	1.1	142974200
2022-07-19	1.11	1.09	1.11	1.1	14325200
2022-07-20	1.11	1.1	1.12	1.1	22979900
2022-07-21	1.11	1.09	1.11	1.09	8570000
2022-07-22	1.1	1.09	1.11	1.09	14422900
2022-07-25	1.08	1.08	1.11	1.11	18412300
2022-07-26	1.11	1.1	1.12	1.11	18336200
2022-07-27	1.1	1.09	1.11	1.1	18303300
2022-08-01	1.11	1.09	1.11	1.1	5459500
2022-08-02	1.1	1.07	1.11	1.07	17495600
2022-08-03	1.07	1.05	1.08	1.06	26061300
2022-08-04	1.06	1.05	1.08	1.06	42164200
2022-08-05	1.06	1.0	1.07	1.06	46549200
2022-08-08	1.05	1.05	1.11	1.09	90157800
2022-08-09	1.09	1.08	1.11	1.09	112850200
2022-08-10	1.1	1.08	1.11	1.1	51189400
2022-08-11	1.1	1.08	1.11	1.09	49277200
2022-08-15	1.09	1.07	1.11	1.08	48958300
2022-08-16	1.08	1.02	1.08	1.02	36172800
2022-08-17	1.02	1.02	1.08	1.06	98701600
2022-08-18	1.06	1.05	1.08	1.06	78653900
2022-08-19	1.06	1.04	1.09	1.06	97731100
2022-08-22	1.06	1.05	1.08	1.06	32162300
2022-08-23	1.06	1.04	1.07	1.05	30875500
2022-08-24	1.05	1.03	1.06	1.03	26493700
2022-08-25	1.03	1.02	1.06	1.04	31109200
2022-08-26	1.05	1.03	1.06	1.05	16630300
2022-08-29	1.04	1.03	1.06	1.05	12609900
2022-08-30	1.06	1.05	1.07	1.07	17341400
2022-08-31	1.07	1.06	1.08	1.06	13842400
2022-09-01	1.06	1.06	1.08	1.08	22870300
2022-09-02	1.08	1.06	1.08	1.07	18099400
2022-09-05	1.08	1.07	1.09	1.07	22708200
2022-09-06	1.08	1.07	1.16	1.15	233915400
2022-09-07	1.13	1.13	1.17	1.16	91209000
2022-09-08	1.16	1.13	1.19	1.16	174589300
2022-09-09	1.16	1.15	1.18	1.16	99843600
2022-09-12	1.16	1.16	1.19	1.17	178582500
2022-09-13	1.17	1.15	1.18	1.17	115721800
2022-09-14	1.16	1.15	1.18	1.16	78946800
2022-09-15	1.16	1.14	1.18	1.14	84140700
2022-09-16	1.15	1.13	1.17	1.13	74837600
2022-09-19	1.14	1.13	1.19	1.19	205988000
2022-09-20	1.18	1.18	1.25	1.23	601893000
2022-09-21	1.23	1.19	1.25	1.19	230531800
2022-09-22	1.19	1.19	1.23	1.21	178629900
2022-09-23	1.21	1.18	1.22	1.18	117181300
2022-09-26	1.17	1.03	1.17	1.16	87688500
2022-09-27	1.16	1.14	1.2	1.17	55809700
2022-09-28	1.17	1.14	1.19	1.15	25161900
2022-09-29	1.14	1.14	1.19	1.16	36172600
2022-09-30	1.15	1.14	1.18	1.15	22885900
2022-10-03	1.14	1.14	1.17	1.16	21275300
2022-10-04	1.16	1.13	1.18	1.16	32017600
2022-10-05	1.16	1.12	1.17	1.15	23443700
2022-10-06	1.14	1.12	1.18	1.17	24601000
2022-10-07	1.16	1.15	1.19	1.18	79046300
2022-10-10	1.18	1.16	1.18	1.17	6218400
2022-10-11	1.16	1.15	1.17	1.16	13734600
2022-10-12	1.15	1.15	1.17	1.16	55275700
2022-10-17	1.16	1.16	1.2	1.17	112518000
2022-10-18	1.17	1.17	1.22	1.19	88278800
2022-10-19	1.19	1.18	1.23	1.2	99370500
2022-10-20	1.2	1.19	1.2	1.2	8587900
2022-10-21	1.19	1.19	1.22	1.2	60378000
2022-10-25	1.2	1.2	1.25	1.22	135167900
2022-10-26	1.22	1.22	1.27	1.25	137938800
2022-10-27	1.24	1.23	1.29	1.24	141778700
2022-10-28	1.23	1.21	1.25	1.25	57455800
2022-10-31	1.24	1.24	1.26	1.25	49636500
2022-11-01	1.25	1.24	1.25	1.24	16572100
2022-11-02	1.25	1.24	1.28	1.26	86305100
2022-11-03	1.27	1.25	1.27	1.26	31915000
2022-11-04	1.25	1.24	1.27	1.24	37619600
2022-11-07	1.25	1.23	1.26	1.25	25908500
2022-11-08	1.24	1.24	1.27	1.26	56737100
2022-11-09	1.26	1.25	1.28	1.26	63778500
2022-11-10	1.26	1.25	1.28	1.25	76389200
2022-11-11	1.26	1.24	1.26	1.26	20631600
2022-11-14	1.25	1.25	1.28	1.27	67322900
2022-11-15	1.28	1.25	1.29	1.25	59668100
2022-11-16	1.26	1.2	1.26	1.2	39349300
2022-11-17	1.18	1.15	1.21	1.17	39612000
2022-11-18	1.17	1.14	1.17	1.16	15553400
2022-11-21	1.15	1.14	1.17	1.15	17358700
2022-11-22	1.16	1.15	1.16	1.15	7125200
2022-11-23	1.15	1.15	1.17	1.16	12309500
2022-11-24	1.16	1.15	1.18	1.18	8442200
2022-11-25	1.18	1.18	1.19	1.18	1495800
2022-11-28	1.18	1.16	1.18	1.17	12296100
2022-11-29	1.17	1.16	1.18	1.17	5564600
2022-11-30	1.18	1.17	1.19	1.18	5302600
2022-12-01	1.18	1.18	1.19	1.19	1273400
2022-12-02	1.19	1.18	1.24	1.24	14227300
2022-12-06	1.24	1.19	1.24	1.19	9855200
2022-12-07	1.19	1.14	1.19	1.15	15541900
2022-12-08	1.15	1.14	1.17	1.14	6174300
2022-12-09	1.14	1.11	1.15	1.11	16484100
2022-12-13	1.1	1.08	1.11	1.08	6664300
2022-12-14	1.09	1.05	1.16	1.15	23899900
2022-12-15	1.15	1.12	1.15	1.13	2744900
2022-12-16	1.13	1.12	1.21	1.2	47667000
2022-12-19	1.2	1.17	1.2	1.17	15716300
2022-12-20	1.18	1.11	1.18	1.13	9259500
2022-12-21	1.13	1.13	1.16	1.14	1424400
2022-12-22	1.16	1.15	1.18	1.16	22259200
2022-12-23	1.17	1.15	1.17	1.16	1972600
2022-12-26	1.16	1.16	1.19	1.17	7728900
2022-12-27	1.18	1.17	1.18	1.17	1267200
2022-12-28	1.16	1.16	1.17	1.16	2005000
2022-12-29	1.17	1.16	1.19	1.19	1225800
2022-12-30	1.19	1.17	1.19	1.18	645800
