Date	Price Open	Price Low	Price High	Price Close	Volume
2000-01-04	16.0	15.75	16.5	15.75	1498799.0
2000-01-05	14.5	13.75	15.0	14.0	1449999.0
2000-01-06	14.25	13.5	14.75	13.75	1501699.0
2000-01-07	14.0	13.75	14.75	14.25	1666199.0
2000-01-10	14.75	13.5	15.0	13.75	987999.0
2000-01-11	14.0	13.25	14.25	13.25	617399.0
2000-01-12	13.25	13.25	13.75	13.75	593599.0
2000-01-13	13.75	13.75	14.25	13.75	687499.0
2000-01-14	13.75	13.5	14.0	13.75	519899.0
2000-01-17	14.25	13.75	14.75	13.75	1829199.0
2000-01-18	14.0	13.75	14.25	14.0	436699.0
2000-01-19	13.75	13.75	14.5	14.25	946799.0
2000-01-20	14.25	14.25	16.5	15.5	7178899.0
2000-01-21	15.25	14.75	16.0	15.0	2755799.0
2000-01-24	15.25	14.5	15.25	14.5	613099.0
2000-01-25	14.0	14.0	14.75	14.5	495899.0
2000-01-26	15.0	14.5	15.0	14.5	565999.0
2000-01-27	14.5	14.25	14.75	14.75	395399.0
2000-01-28	14.75	14.25	14.75	14.25	116599.0
2000-01-31	14.0	14.0	14.5	14.0	223499.0
2000-02-01	14.5	13.75	14.5	13.75	355999.0
2000-02-02	14.0	13.0	14.0	13.0	520399.0
2000-02-03	13.25	12.75	13.25	12.75	262799.0
2000-02-04	12.75	12.75	13.5	13.25	248699.0
2000-02-07	13.0	13.0	13.0	13.0	117799.0
2000-02-08	13.0	12.5	13.25	12.5	375599.0
2000-02-09	12.75	11.75	12.75	11.75	296499.0
2000-02-10	11.5	11.5	12.25	11.75	232499.0
2000-02-11	12.0	11.75	12.25	11.75	135999.0
2000-02-14	11.75	11.75	12.0	12.0	123599.0
2000-02-15	12.0	11.75	12.5	11.75	764699.0
2000-02-16	12.0	10.75	12.0	11.0	626599.0
2000-02-17	11.25	10.25	11.25	10.5	270899.0
2000-02-18	10.25	10.25	10.75	10.25	144899.0
2000-02-22	10.25	9.5	10.25	9.5	103599.0
2000-02-23	9.6	9.5	10.25	10.0	108999.0
2000-02-24	10.0	9.4	10.0	9.8	61599.0
2000-02-25	10.0	9.7	10.0	9.9	138499.0
2000-02-28	9.5	8.7	9.5	8.8	40399.0
2000-02-29	9.0	7.0	9.0	7.8	154599.0
2000-03-01	7.8	7.0	7.8	7.3	113299.0
2000-03-02	7.3	7.3	9.4	9.0	350499.0
2000-03-03	9.3	8.3	9.5	8.3	815699.0
2000-03-06	8.3	7.0	8.3	7.0	286399.0
2000-03-07	7.0	7.0	8.3	7.6	1175099.0
2000-03-08	7.6	7.3	8.0	8.0	741799.0
2000-03-09	8.1	7.8	8.3	7.8	566999.0
2000-03-10	8.0	7.9	8.4	8.0	859199.0
2000-03-13	7.9	7.2	8.0	7.2	356099.0
2000-03-14	7.4	7.4	7.9	7.6	379899.0
2000-03-15	7.5	7.2	7.7	7.2	309599.0
2000-03-16	7.5	7.2	7.5	7.2	103499.0
2000-03-17	7.5	7.2	7.5	7.2	227099.0
2000-03-20	7.2	7.1	7.6	7.3	106099.0
2000-03-21	7.5	7.2	7.6	7.4	189299.0
2000-03-22	7.5	7.1	7.5	7.2	64999.0
2000-03-23	7.3	6.8	7.3	6.8	258999.0
2000-03-24	6.8	6.8	7.7	7.2	1635899.0
2000-03-27	7.3	7.1	7.5	7.1	365599.0
2000-03-28	7.3	7.3	8.3	8.2	3033099.0
2000-03-29	8.4	8.3	9.3	9.0	4496899.0
2000-03-30	9.0	8.7	9.3	8.7	1024699.0
2000-03-31	8.7	8.6	9.1	8.7	761599.0
2000-04-03	8.8	8.5	8.9	8.5	207699.0
2000-04-04	8.4	8.1	8.5	8.4	74799.0
2000-04-05	8.3	8.3	8.6	8.4	85099.0
2000-04-07	8.4	8.4	8.7	8.5	157499.0
2000-04-10	8.7	8.6	8.8	8.7	177199.0
2000-04-11	8.6	8.6	8.7	8.6	62099.0
2000-04-12	8.8	8.8	9.2	9.0	476799.0
2000-04-17	8.6	8.3	8.6	8.4	244399.0
2000-04-18	8.6	8.0	8.8	8.0	403299.0
2000-04-19	8.1	8.1	8.3	8.3	49799.0
2000-04-20	8.3	8.3	8.5	8.3	45099.0
2000-04-21	8.3	8.3	8.3	8.3	37999.0
2000-04-24	8.3	8.2	8.4	8.3	28799.0
2000-04-25	8.3	8.3	8.5	8.3	26499.0
2000-04-26	8.4	8.1	8.4	8.1	43399.0
2000-04-27	8.1	8.1	8.4	8.4	5999.0
2000-04-28	8.2	8.1	8.2	8.2	22099.0
2000-05-02	8.3	8.0	8.3	8.0	37999.0
2000-05-03	8.0	7.8	8.0	7.8	40699.0
2000-05-04	7.8	7.8	7.9	7.9	8899.0
2000-05-08	7.8	7.5	7.8	7.5	46599.0
2000-05-09	7.2	7.2	7.3	7.3	58199.0
2000-05-10	7.0	6.6	7.0	6.8	107499.0
2000-05-11	6.2	6.1	6.6	6.5	67599.0
2000-05-12	6.5	6.5	6.9	6.9	19999.0
2000-05-15	7.0	6.5	7.0	6.6	18499.0
2000-05-16	6.8	6.6	6.9	6.9	24799.0
2000-05-19	6.6	6.5	6.7	6.7	19999.0
2000-05-22	6.4	6.1	6.4	6.1	7999.0
2000-05-23	5.8	5.6	6.1	5.6	65899.0
2000-05-24	5.4	5.2	5.4	5.3	44799.0
2000-05-25	5.4	4.9	5.4	4.9	70999.0
2000-05-26	4.5	4.5	4.8	4.8	61699.0
2000-05-29	5.2	5.0	5.2	5.0	23999.0
2000-05-30	5.0	5.0	5.0	5.0	8999.0
2000-05-31	5.2	5.2	5.5	5.4	34599.0
2000-06-01	5.2	5.2	5.5	5.4	37999.0
2000-06-02	5.5	5.5	6.6	6.6	314899.0
2000-06-05	7.1	6.9	7.3	6.9	520399.0
2000-06-06	7.0	6.7	7.2	6.8	304299.0
2000-06-07	6.8	6.8	7.6	6.8	1581399.0
2000-06-08	7.0	6.8	7.1	6.9	303999.0
2000-06-09	6.9	6.6	7.1	6.6	311499.0
2000-06-12	6.6	6.6	6.9	6.6	238699.0
2000-06-13	6.6	6.4	6.6	6.4	74999.0
2000-06-14	6.5	6.4	6.8	6.8	141899.0
2000-06-15	6.7	6.7	7.3	7.0	723099.0
2000-06-16	7.1	6.8	7.1	6.8	42499.0
2000-06-19	6.7	6.5	6.7	6.6	115999.0
2000-06-20	6.7	6.4	6.7	6.4	100199.0
2000-06-21	6.3	6.1	6.4	6.1	101999.0
2000-06-22	6.5	5.7	6.5	5.7	341899.0
2000-06-23	5.8	5.5	5.8	5.5	188399.0
2000-06-26	5.6	5.6	5.7	5.7	17999.0
2000-06-27	5.6	5.6	5.7	5.6	48999.0
2000-06-28	5.7	5.6	5.8	5.6	79999.0
2000-06-29	5.6	5.1	5.6	5.1	219999.0
2000-06-30	5.0	5.0	5.2	5.0	48699.0
2000-07-03	5.4	4.9	5.7	5.0	167999.0
2000-07-04	5.0	5.0	5.3	5.1	71999.0
2000-07-05	5.2	5.1	5.3	5.3	109399.0
2000-07-06	5.2	5.2	6.4	6.1	2112099.0
2000-07-07	6.2	6.1	6.5	6.2	1275599.0
2000-07-10	6.3	5.9	6.4	5.9	403599.0
2000-07-11	5.9	5.7	6.1	5.8	266499.0
2000-07-12	5.9	5.6	5.9	5.7	101899.0
2000-07-13	5.7	5.2	5.7	5.2	311099.0
2000-07-14	5.3	5.2	5.4	5.3	107699.0
2000-07-18	5.2	5.1	5.2	5.1	12699.0
2000-07-19	5.3	5.2	5.4	5.2	161899.0
2000-07-20	5.1	5.0	5.1	5.0	64099.0
2000-07-21	5.1	5.0	5.2	5.1	178099.0
2000-07-24	5.1	4.8	5.1	4.8	62799.0
2000-07-25	4.8	4.7	5.0	5.0	31599.0
2000-07-26	4.9	4.7	4.9	4.7	34999.0
2000-07-27	4.6	4.6	4.9	4.8	80899.0
2000-07-28	4.9	4.8	5.0	4.8	59699.0
2000-07-31	4.6	4.4	4.6	4.4	86499.0
2000-08-01	4.4	4.1	4.6	4.6	130299.0
2000-08-02	4.4	4.4	5.1	4.9	442599.0
2000-08-03	5.0	4.9	5.7	5.7	1578099.0
2000-08-04	5.7	5.3	6.0	5.3	996299.0
2000-08-07	5.6	5.5	6.1	5.5	1144899.0
2000-08-08	5.7	5.7	6.2	5.9	3220699.0
2000-08-09	6.1	5.5	6.1	5.5	547999.0
2000-08-10	5.6	5.3	5.8	5.3	503099.0
2000-08-11	5.3	5.3	5.6	5.6	473799.0
2000-08-15	5.7	5.1	5.9	5.2	1817099.0
2000-08-16	5.2	5.0	5.3	5.2	624999.0
2000-08-17	5.2	5.1	5.4	5.1	729299.0
2000-08-18	5.1	5.0	5.1	5.0	327999.0
2000-08-21	4.9	4.7	4.9	4.7	163199.0
2000-08-22	4.7	4.7	5.0	4.8	417899.0
2000-08-23	4.9	4.4	4.9	4.4	263299.0
2000-08-24	4.3	4.3	4.4	4.3	168699.0
2000-08-25	4.3	4.3	4.5	4.4	324599.0
2000-08-28	4.4	4.1	4.4	4.1	250999.0
2000-08-29	4.2	4.2	4.4	4.4	584199.0
2000-08-30	4.3	4.3	4.7	4.4	688399.0
2000-08-31	4.4	4.4	4.5	4.4	166699.0
2000-09-01	4.5	4.4	4.6	4.4	257799.0
2000-09-04	4.5	4.5	4.8	4.6	948799.0
2000-09-05	4.7	4.5	4.7	4.5	104499.0
2000-09-06	4.6	4.3	4.6	4.3	163299.0
2000-09-07	4.3	4.0	4.4	4.1	535299.0
2000-09-08	4.1	4.0	4.1	4.1	184099.0
2000-09-11	4.0	3.9	4.1	4.0	222399.0
2000-09-12	4.1	4.0	4.2	4.0	289199.0
2000-09-13	4.1	4.1	4.3	4.3	480899.0
2000-09-14	4.3	4.3	4.8	4.5	4222599.0
2000-09-15	4.6	4.5	4.7	4.7	2008399.0
2000-09-18	4.5	4.3	4.6	4.5	2416999.0
2000-09-19	4.5	4.5	4.5	4.5	238699.0
2000-09-20	4.6	4.5	4.7	4.5	810499.0
2000-09-21	4.5	4.5	4.6	4.6	651999.0
2000-09-22	4.5	4.5	4.6	4.5	826499.0
2000-09-25	4.6	4.6	4.9	4.9	2038299.0
2000-09-26	4.9	4.9	5.2	5.0	1915899.0
2000-09-27	5.0	5.0	5.5	5.3	1712899.0
2000-09-28	5.4	5.0	5.4	5.0	719699.0
2000-09-29	5.2	4.9	5.2	4.9	179999.0
2000-10-02	4.9	4.9	5.0	5.0	46999.0
2000-10-03	5.0	4.9	5.1	5.0	224499.0
2000-10-04	5.1	5.1	5.3	5.2	876199.0
2000-10-05	5.3	5.2	5.6	5.3	3455799.0
2000-10-06	5.3	5.2	5.3	5.2	1004999.0
2000-10-09	5.1	5.1	5.3	5.3	815899.0
2000-10-10	5.3	5.2	5.5	5.3	3059599.0
2000-10-11	5.3	5.3	5.6	5.5	4682699.0
2000-10-12	5.6	5.6	5.8	5.7	6545299.0
2000-10-13	5.5	5.5	5.7	5.5	2236699.0
2000-10-16	5.6	5.3	5.6	5.3	1380799.0
2000-10-17	5.3	5.2	5.5	5.3	626499.0
2000-10-18	5.3	5.2	5.5	5.4	830499.0
2000-10-19	5.5	5.5	5.7	5.7	1965899.0
2000-10-20	5.8	5.2	5.8	5.2	2347099.0
2000-10-24	5.3	5.2	5.4	5.2	1157699.0
2000-10-25	5.3	5.1	5.4	5.2	2085599.0
2000-10-26	5.3	5.2	5.4	5.3	1749099.0
2000-10-27	5.4	5.3	5.6	5.3	2879799.0
2000-10-30	5.4	5.2	5.4	5.3	506999.0
2000-10-31	5.3	5.2	5.3	5.3	244399.0
2000-11-01	5.3	5.3	5.4	5.4	292899.0
2000-11-02	5.4	5.3	5.4	5.3	330999.0
2000-11-03	5.4	5.3	5.4	5.3	574399.0
2000-11-06	5.4	5.3	5.5	5.4	1073699.0
2000-11-07	5.4	5.3	5.5	5.3	1540399.0
2000-11-08	5.3	5.3	5.6	5.5	1609199.0
2000-11-09	5.5	5.3	5.5	5.3	357999.0
2000-11-10	5.3	5.3	5.5	5.5	466399.0
2000-11-13	5.4	5.3	5.4	5.3	328999.0
2000-11-14	5.3	5.2	5.4	5.2	93199.0
2000-11-15	5.3	5.3	5.5	5.3	1073199.0
2000-11-16	5.3	5.3	5.4	5.4	68099.0
2000-11-17	5.3	5.3	5.4	5.4	440499.0
2000-11-20	5.4	5.3	5.6	5.3	1602999.0
2000-11-21	5.3	5.3	5.3	5.3	387999.0
2000-11-22	5.3	5.2	5.3	5.2	234899.0
2000-11-23	5.2	5.2	5.2	5.2	129599.0
2000-11-24	5.2	5.1	5.2	5.1	307399.0
2000-11-27	5.2	5.1	5.2	5.1	174499.0
2000-11-28	5.1	5.0	5.1	5.0	137999.0
2000-11-29	5.1	5.1	5.1	5.1	81999.0
2000-11-30	5.1	5.0	5.1	5.0	159199.0
2000-12-01	4.9	4.9	4.9	4.9	42499.0
2000-12-04	4.9	4.8	4.9	4.8	52999.0
2000-12-06	5.0	4.8	5.0	4.8	56699.0
2000-12-07	4.8	4.8	4.8	4.8	13999.0
2000-12-08	4.8	4.8	4.9	4.8	83999.0
2000-12-12	4.8	4.8	4.8	4.8	33999.0
2000-12-13	4.7	4.6	4.9	4.9	256999.0
2000-12-14	4.8	4.7	4.8	4.8	100099.0
2000-12-15	4.8	4.8	4.8	4.8	10499.0
2000-12-18	4.7	4.7	4.7	4.7	21899.0
2000-12-19	4.7	4.7	4.7	4.7	13999.0
2000-12-20	4.7	4.5	4.7	4.6	171599.0
2000-12-21	4.5	4.4	4.5	4.4	46799.0
2000-12-22	4.4	4.3	4.4	4.3	42599.0
2000-12-25	4.3	4.0	4.3	4.0	256599.0
2000-12-26	4.0	3.9	4.1	4.0	104299.0
2000-12-27	4.0	4.0	4.1	4.1	57899.0
2000-12-28	4.2	4.0	4.2	4.0	38499.0
2000-12-29	4.0	4.0	4.1	4.1	6499.0
2001-01-03	4.0	4.0	4.2	4.2	40799.0
2001-01-04	4.2	4.2	4.5	4.5	502999.0
2001-01-05	4.6	4.6	4.8	4.7	644299.0
2001-01-08	4.8	4.7	5.0	5.0	999199.0
2001-01-09	5.0	5.0	5.3	5.0	1033899.0
2001-01-10	5.0	4.8	5.1	4.8	256499.0
2001-01-11	5.0	4.9	5.1	4.9	516099.0
2001-01-12	5.0	5.0	5.5	5.4	2585899.0
2001-01-15	5.5	5.4	5.8	5.7	4040599.0
2001-01-16	5.8	5.1	5.8	5.1	1150899.0
2001-01-17	5.3	5.2	5.7	5.7	1658799.0
2001-01-18	5.9	5.8	6.6	5.9	4689099.0
2001-01-19	6.1	5.8	6.3	5.9	1046899.0
2001-01-22	6.0	5.8	6.2	6.2	717299.0
2001-01-23	6.3	6.2	7.4	7.3	7337399.0
2001-01-24	7.4	7.4	9.1	8.3	11648199.0
2001-01-25	8.6	8.6	9.3	9.0	7518599.0
2001-01-26	9.3	8.2	9.6	8.2	4513799.0
2001-01-29	8.5	8.3	8.8	8.5	2735199.0
2001-01-30	8.7	7.7	8.9	7.8	3129599.0
2001-01-31	8.0	7.8	8.5	8.5	3084199.0
2001-02-01	8.5	8.4	9.1	8.4	5704699.0
2001-02-02	8.6	8.4	8.6	8.6	1838799.0
2001-02-05	8.4	8.3	8.8	8.3	1252499.0
2001-02-06	8.5	7.9	8.5	8.0	676599.0
2001-02-07	8.1	8.0	8.2	8.1	1283499.0
2001-02-09	8.2	7.9	8.4	7.9	1319399.0
2001-02-12	7.9	7.4	7.9	7.5	632299.0
2001-02-13	7.6	7.5	7.8	7.8	814199.0
2001-02-14	7.8	7.3	7.8	7.3	447799.0
2001-02-15	7.3	7.2	7.5	7.2	256499.0
2001-02-16	7.3	7.2	7.5	7.3	413499.0
2001-02-19	7.2	6.9	7.2	6.9	303799.0
2001-02-20	7.0	6.7	7.0	6.8	208999.0
2001-02-21	6.7	6.7	6.9	6.7	300999.0
2001-02-22	6.5	6.5	6.7	6.6	243099.0
2001-02-23	6.7	6.7	7.8	7.7	1638999.0
2001-02-26	7.9	7.6	8.4	7.7	3663499.0
2001-02-27	7.9	7.6	8.0	7.8	995299.0
2001-02-28	7.8	7.6	8.2	7.9	2045699.0
2001-03-01	7.8	7.7	8.4	7.7	3195799.0
2001-03-02	7.7	7.2	7.9	7.2	666699.0
2001-03-05	7.0	6.4	7.0	6.6	811899.0
2001-03-06	6.7	6.5	6.9	6.5	705799.0
2001-03-07	6.7	6.6	7.3	7.0	2619699.0
2001-03-08	7.1	6.7	7.1	6.8	804499.0
2001-03-09	6.8	6.8	7.1	6.9	830199.0
2001-03-12	6.8	6.7	7.0	6.8	513499.0
2001-03-13	6.6	6.6	6.7	6.7	246999.0
2001-03-14	6.9	6.6	6.9	6.6	447599.0
2001-03-15	6.5	6.2	6.5	6.3	291699.0
2001-03-16	6.3	6.1	6.3	6.1	203499.0
2001-03-19	6.0	6.0	6.1	6.0	73999.0
2001-03-20	6.2	6.0	6.2	6.2	93399.0
2001-03-21	6.0	5.9	6.1	6.1	189099.0
2001-03-22	6.0	5.9	6.1	5.9	158999.0
2001-03-23	6.0	6.0	6.1	6.0	142999.0
2001-03-26	6.1	6.0	6.1	6.1	185699.0
2001-03-27	6.1	6.0	6.1	6.0	62999.0
2001-03-28	6.1	5.7	6.1	5.7	82999.0
2001-03-29	5.7	5.7	5.8	5.7	43999.0
2001-03-30	5.8	5.5	5.8	5.7	89699.0
2001-04-02	5.5	5.5	5.7	5.6	71399.0
2001-04-03	5.6	5.6	5.9	5.6	332999.0
2001-04-04	5.6	5.4	5.6	5.4	57499.0
2001-04-05	5.5	5.4	5.6	5.4	56499.0
2001-04-09	5.5	5.2	5.5	5.2	72999.0
2001-04-10	5.2	5.1	5.2	5.2	12999.0
2001-04-11	5.3	5.2	5.4	5.2	34999.0
2001-04-12	5.4	5.4	5.8	5.8	373899.0
2001-04-17	5.8	5.5	5.8	5.5	227699.0
2001-04-18	5.7	5.7	6.4	6.3	2330599.0
2001-04-19	6.7	6.0	6.9	6.0	1888599.0
2001-04-20	6.1	5.8	6.3	5.9	839699.0
2001-04-23	5.8	5.8	6.1	5.8	214999.0
2001-04-24	5.8	5.8	6.3	6.3	791599.0
2001-04-25	6.3	6.1	6.7	6.1	3355699.0
2001-04-26	6.3	6.1	6.4	6.3	923999.0
2001-04-27	6.2	6.0	6.2	6.0	119099.0
2001-04-30	6.1	6.1	6.2	6.2	139199.0
2001-05-02	6.3	6.1	6.3	6.1	312399.0
2001-05-03	6.2	6.0	6.2	6.0	102999.0
2001-05-04	6.0	6.0	6.2	6.1	241999.0
2001-05-09	6.0	6.0	6.1	6.1	143099.0
2001-05-10	6.2	6.1	6.3	6.2	628899.0
2001-05-11	6.2	6.1	6.3	6.1	708199.0
2001-05-14	6.2	6.0	6.3	6.0	374999.0
2001-05-15	6.0	6.0	6.1	6.0	169899.0
2001-05-16	6.1	6.0	6.1	6.0	165499.0
2001-05-17	6.1	6.0	6.1	6.1	95999.0
2001-05-18	6.0	6.0	6.0	6.0	34999.0
2001-05-21	6.0	5.8	6.0	5.8	54999.0
2001-05-22	6.0	5.9	6.0	5.9	125099.0
2001-05-23	6.0	6.0	6.2	6.2	253699.0
2001-05-24	6.1	6.1	6.5	6.2	1162299.0
2001-05-25	6.3	6.1	6.6	6.1	1530499.0
2001-05-28	6.2	6.1	6.4	6.4	438699.0
2001-05-29	6.5	6.1	6.5	6.1	316399.0
2001-05-30	6.2	6.1	6.2	6.1	156799.0
2001-05-31	6.1	6.0	6.1	6.1	134299.0
2001-06-01	6.2	6.1	6.2	6.1	299399.0
2001-06-04	6.2	6.1	6.3	6.1	128199.0
2001-06-05	6.1	5.9	6.1	6.0	159199.0
2001-06-06	6.0	5.9	6.0	5.9	41299.0
2001-06-07	5.9	5.8	6.0	5.8	164999.0
2001-06-08	5.9	5.9	6.0	6.0	128599.0
2001-06-11	5.9	5.9	5.9	5.9	31999.0
2001-06-12	5.9	5.9	6.0	5.9	158099.0
2001-06-13	6.0	6.0	6.5	6.5	4787799.0
2001-06-14	6.4	6.3	6.7	6.5	2763899.0
2001-06-15	6.5	6.5	7.0	6.9	6146699.0
2001-06-18	7.1	6.8	7.5	6.9	7704599.0
2001-06-19	6.9	6.6	6.9	6.8	2178599.0
2001-06-20	6.8	6.7	7.0	6.7	1872099.0
2001-06-21	6.8	6.6	6.9	6.6	467699.0
2001-06-22	6.7	6.6	6.7	6.6	377899.0
2001-06-25	6.6	6.5	6.7	6.5	538599.0
2001-06-26	6.6	6.6	6.9	6.7	1949499.0
2001-06-27	6.7	6.6	6.8	6.8	771699.0
2001-06-28	6.8	6.7	6.9	6.7	848299.0
2001-06-29	6.8	6.8	7.3	7.0	7111499.0
2001-07-02	7.1	6.9	7.1	6.9	3197999.0
2001-07-03	7.0	7.0	7.3	7.0	3405499.0
2001-07-04	7.1	7.1	7.3	7.1	2031899.0
2001-07-05	7.1	6.9	7.4	7.0	5961999.0
2001-07-09	6.8	6.7	6.9	6.8	687699.0
2001-07-10	6.8	6.6	7.0	6.6	1069999.0
2001-07-11	6.6	6.2	6.6	6.3	847899.0
2001-07-12	6.4	6.1	6.5	6.3	456499.0
2001-07-13	6.5	6.2	6.6	6.3	646499.0
2001-07-16	6.3	6.2	6.4	6.2	419499.0
2001-07-17	6.2	6.2	6.5	6.5	416799.0
2001-07-18	6.5	6.4	6.7	6.4	921699.0
2001-07-19	6.4	6.4	6.8	6.6	1215599.0
2001-07-20	6.7	6.4	6.7	6.4	469899.0
2001-07-23	6.4	6.2	6.5	6.2	562199.0
2001-07-24	6.2	6.2	6.4	6.3	246999.0
2001-07-25	6.4	6.4	6.5	6.4	300599.0
2001-07-26	6.5	6.4	6.6	6.4	757999.0
2001-07-27	6.4	6.4	6.7	6.7	580899.0
2001-07-30	6.7	6.5	6.7	6.5	675999.0
2001-07-31	6.5	6.4	6.6	6.6	493999.0
2001-08-01	6.6	6.6	6.8	6.6	723999.0
2001-08-02	6.7	6.7	7.1	6.9	3030999.0
2001-08-03	6.9	6.9	7.2	7.2	4841799.0
2001-08-06	7.4	6.9	7.4	6.9	2623599.0
2001-08-07	7.0	6.9	7.2	7.2	1245899.0
2001-08-08	7.3	7.2	7.7	7.3	4563999.0
2001-08-09	7.3	7.0	7.4	7.0	1312199.0
2001-08-10	7.1	6.8	7.1	6.9	619899.0
2001-08-14	7.0	6.9	7.1	7.0	521099.0
2001-08-15	7.1	7.0	7.2	7.2	653499.0
2001-08-16	7.2	7.1	7.3	7.1	891199.0
2001-08-17	7.2	7.2	7.4	7.3	1855499.0
2001-08-20	7.2	7.2	7.3	7.2	734199.0
2001-08-21	7.3	7.2	7.5	7.3	1939199.0
2001-08-22	7.3	7.3	7.7	7.5	3750999.0
2001-08-23	7.6	7.6	8.0	7.6	6699499.0
2001-08-24	7.7	7.7	7.9	7.7	3124399.0
2001-08-27	7.9	7.8	8.0	7.9	3387699.0
2001-08-28	7.8	7.7	8.2	7.7	4152499.0
2001-08-29	7.7	7.7	8.0	7.9	2046599.0
2001-08-30	7.8	7.5	8.1	7.5	1748399.0
2001-08-31	7.5	7.4	7.6	7.6	872099.0
2001-09-03	7.7	7.6	7.8	7.6	704999.0
2001-09-04	7.7	7.6	7.8	7.6	328099.0
2001-09-05	7.6	7.4	7.6	7.4	282099.0
2001-09-06	7.5	7.5	7.6	7.5	133699.0
2001-09-07	7.5	7.5	7.9	7.9	1162299.0
2001-09-10	7.7	7.4	7.8	7.4	364299.0
2001-09-11	7.5	7.4	7.6	7.6	404799.0
2001-09-13	6.1	6.1	7.0	6.8	716699.0
2001-09-14	7.0	4.9	7.0	5.6	651399.0
2001-09-17	5.2	5.2	5.4	5.2	458099.0
2001-09-18	5.9	5.2	5.9	5.3	570799.0
2001-09-19	5.4	5.4	5.8	5.8	731899.0
2001-09-20	5.6	5.4	5.6	5.5	276999.0
2001-09-21	5.3	5.2	5.3	5.3	191499.0
2001-09-24	5.3	5.3	5.5	5.4	113099.0
2001-09-25	5.6	5.3	5.6	5.3	218999.0
2001-09-26	5.4	5.4	5.4	5.4	27999.0
2001-09-27	5.5	5.4	5.5	5.4	28999.0
2001-09-28	5.5	5.5	5.7	5.5	356999.0
2001-10-01	5.6	5.4	5.6	5.6	42199.0
2001-10-02	5.6	5.6	5.8	5.7	373299.0
2001-10-03	5.7	5.5	5.8	5.5	761399.0
2001-10-04	5.7	5.6	5.8	5.7	798199.0
2001-10-05	5.7	5.5	5.7	5.5	291099.0
2001-10-08	5.4	5.3	5.4	5.3	381599.0
2001-10-09	5.3	5.3	5.5	5.5	536899.0
2001-10-10	5.5	5.5	6.1	5.7	2422499.0
2001-10-11	5.9	5.7	5.9	5.8	1146599.0
2001-10-12	6.0	5.7	6.0	5.7	1346399.0
2001-10-15	5.7	5.6	5.7	5.6	50599.0
2001-10-16	5.7	5.7	6.0	6.0	949999.0
2001-10-17	6.1	6.0	6.4	6.3	6942599.0
2001-10-18	6.1	6.1	6.3	6.1	5431099.0
2001-10-19	6.1	6.0	6.2	6.0	1386999.0
2001-10-22	6.0	5.9	6.0	5.9	145999.0
2001-10-24	5.9	5.9	6.1	6.1	557199.0
2001-10-25	6.1	6.0	6.1	6.0	80699.0
2001-10-26	6.0	5.8	6.0	5.8	484899.0
2001-10-29	5.8	5.8	5.8	5.8	54999.0
2001-10-30	5.7	5.5	5.7	5.7	112099.0
2001-10-31	5.7	5.6	5.7	5.7	80799.0
2001-11-01	5.7	5.6	5.7	5.7	16099.0
2001-11-02	5.8	5.6	5.8	5.6	123499.0
2001-11-05	5.5	5.4	5.5	5.45	60999.0
2001-11-06	5.4	5.4	5.5	5.5	10499.0
2001-11-07	5.3	5.0	5.3	5.1	57999.0
2001-11-08	5.2	5.1	5.3	5.3	43599.0
2001-11-09	5.2	5.15	5.25	5.15	48499.0
2001-11-12	5.2	5.2	5.25	5.25	13999.0
2001-11-13	5.25	5.05	5.25	5.1	72999.0
2001-11-14	5.2	5.0	5.2	5.1	113699.0
2001-11-15	5.1	5.1	5.2	5.2	131199.0
2001-11-16	5.25	5.25	5.5	5.45	510499.0
2001-11-19	5.5	5.5	5.85	5.7	1010099.0
2001-11-20	5.8	5.7	5.95	5.9	1487999.0
2001-11-21	5.9	5.9	6.35	6.15	3906299.0
2001-11-22	6.1	5.95	6.25	5.95	2320199.0
2001-11-23	6.05	5.95	6.15	6.1	2343099.0
2001-11-26	6.25	6.0	6.25	6.0	1194699.0
2001-11-27	6.1	6.1	6.35	6.2	4744299.0
2001-11-28	6.1	6.0	6.15	6.1	386699.0
2001-11-29	6.15	6.15	6.3	6.3	2375099.0
2001-11-30	6.35	6.3	6.55	6.4	4402399.0
2001-12-03	6.5	6.2	6.5	6.2	998999.0
2001-12-04	6.25	6.15	6.5	6.35	1106999.0
2001-12-06	6.5	6.4	7.0	6.45	6371099.0
2001-12-07	6.55	6.2	6.55	6.35	1121599.0
2001-12-11	6.4	6.05	6.4	6.05	291199.0
2001-12-12	6.1	6.1	6.25	6.25	303699.0
2001-12-13	6.25	6.15	6.55	6.2	1811799.0
2001-12-14	6.2	6.1	6.3	6.2	715199.0
2001-12-17	6.3	6.3	6.45	6.3	1536799.0
2001-12-18	6.4	6.25	6.4	6.25	322599.0
2001-12-19	6.35	6.25	6.35	6.35	506399.0
2001-12-20	6.4	6.4	6.65	6.6	3732799.0
2001-12-21	6.5	6.35	6.65	6.45	1572599.0
2001-12-24	6.5	6.5	7.0	6.95	6276999.0
2001-12-25	7.15	6.6	7.15	6.6	2245499.0
2001-12-26	6.75	6.7	6.85	6.7	1591499.0
2001-12-27	6.7	6.45	6.8	6.45	1067899.0
2001-12-28	6.55	6.5	6.65	6.6	249999.0
2002-01-02	6.55	6.55	6.7	6.6	143999.0
2002-01-03	6.7	6.7	6.85	6.8	816399.0
2002-01-04	6.95	6.8	7.35	6.85	6066999.0
2002-01-07	6.85	6.8	7.0	6.8	528999.0
2002-01-08	6.75	6.65	6.85	6.75	184599.0
2002-01-09	6.8	6.55	6.9	6.6	558499.0
2002-01-10	6.6	6.55	6.7	6.65	178399.0
2002-01-11	6.75	6.6	6.8	6.6	381399.0
2002-01-14	6.7	6.7	6.85	6.75	595599.0
2002-01-15	6.75	6.65	6.8	6.75	349199.0
2002-01-16	6.8	6.6	6.95	6.6	1032099.0
2002-01-17	6.6	6.6	6.65	6.6	265899.0
2002-01-18	6.65	6.35	6.65	6.35	187099.0
2002-01-21	6.35	6.2	6.35	6.3	92099.0
2002-01-22	6.25	6.25	6.4	6.35	42999.0
2002-01-23	6.5	6.4	6.7	6.7	442499.0
2002-01-24	6.8	6.55	6.8	6.55	503499.0
2002-01-25	6.7	6.6	6.75	6.65	515999.0
2002-01-28	6.65	6.5	6.65	6.5	138299.0
2002-01-29	6.5	6.45	6.8	6.7	318999.0
2002-01-30	6.7	6.55	6.9	6.65	954399.0
2002-01-31	6.8	6.5	6.85	6.5	1029199.0
2002-02-01	6.6	6.3	6.65	6.3	238999.0
2002-02-04	6.35	6.3	6.45	6.3	175299.0
2002-02-05	6.45	6.45	6.75	6.6	694199.0
2002-02-06	6.55	6.55	6.7	6.65	381199.0
2002-02-07	6.7	6.55	6.7	6.55	344999.0
2002-02-08	6.6	6.55	6.65	6.6	320899.0
2002-02-11	6.7	6.7	6.8	6.7	342099.0
2002-02-12	6.75	6.6	7.1	6.6	4193499.0
2002-02-13	6.75	6.65	6.8	6.75	667599.0
2002-02-14	6.85	6.8	6.95	6.8	1231699.0
2002-02-15	6.8	6.8	7.05	6.9	1380699.0
2002-02-18	7.05	6.9	7.05	7.0	1332599.0
2002-02-19	7.1	6.85	7.3	6.95	3245299.0
2002-02-20	7.0	6.95	7.25	7.25	1221399.0
2002-02-21	7.6	7.0	7.6	7.0	2614799.0
2002-02-22	7.0	6.65	7.1	6.7	882799.0
2002-02-25	6.7	6.55	6.75	6.65	560299.0
2002-02-27	6.7	6.7	7.0	7.0	814199.0
2002-02-28	7.05	6.85	7.15	6.85	1738499.0
2002-03-01	7.0	7.0	7.2	7.15	3640199.0
2002-03-04	7.4	7.3	8.45	8.45	7452299.0
2002-03-05	8.45	7.8	8.75	7.8	6985999.0
2002-03-06	8.05	7.9	8.35	8.25	1490599.0
2002-03-07	8.35	7.9	8.4	8.1	1015999.0
2002-03-08	8.15	8.1	8.3	8.1	731699.0
2002-03-11	8.1	7.8	8.1	7.85	649199.0
2002-03-12	8.0	7.85	8.1	7.85	525099.0
2002-03-13	7.9	7.5	7.9	7.5	544299.0
2002-03-14	7.5	7.5	7.9	7.8	318999.0
2002-03-15	7.8	7.65	7.95	7.7	220099.0
2002-03-18	7.7	7.55	7.7	7.55	128999.0
2002-03-19	7.6	7.3	7.65	7.5	386199.0
2002-03-20	7.45	7.45	7.75	7.7	401999.0
2002-03-21	7.7	7.7	7.95	7.7	573999.0
2002-03-22	7.75	7.7	8.05	7.9	716999.0
2002-03-25	8.0	7.85	8.05	7.9	274999.0
2002-03-26	7.9	7.75	8.1	7.75	638299.0
2002-03-27	7.9	7.45	7.95	7.45	1422199.0
2002-03-28	7.5	7.45	7.65	7.45	175499.0
2002-03-29	7.5	7.05	7.6	7.1	185999.0
2002-04-01	7.1	7.05	7.4	7.4	181499.0
2002-04-02	7.5	7.15	7.5	7.15	174399.0
2002-04-03	7.05	6.95	7.05	6.95	227199.0
2002-04-04	7.1	6.9	7.1	6.95	331799.0
2002-04-05	7.05	7.05	7.3	7.25	383799.0
2002-04-09	7.3	7.15	7.4	7.2	295499.0
2002-04-10	7.2	7.1	7.35	7.25	609399.0
2002-04-11	7.35	7.35	7.5	7.5	905899.0
2002-04-12	7.5	7.35	7.55	7.5	407899.0
2002-04-17	7.65	7.65	7.85	7.75	838599.0
2002-04-18	7.8	7.65	7.85	7.65	453199.0
2002-04-19	7.7	7.45	7.75	7.45	526099.0
2002-04-22	7.55	7.45	7.55	7.45	85999.0
2002-04-23	7.45	7.3	7.45	7.3	254499.0
2002-04-24	7.3	7.25	7.4	7.35	340099.0
2002-04-25	7.3	6.9	7.3	6.9	728499.0
2002-04-26	7.0	6.85	7.05	6.95	362399.0
2002-04-29	6.9	6.75	6.9	6.75	250099.0
2002-04-30	6.85	6.8	6.9	6.9	131699.0
2002-05-02	7.0	6.8	7.0	6.8	96399.0
2002-05-03	6.8	6.8	6.9	6.8	51999.0
2002-05-07	6.8	6.7	6.8	6.75	507799.0
2002-05-08	6.85	6.8	6.95	6.95	625199.0
2002-05-09	7.05	6.9	7.05	6.9	629499.0
2002-05-10	7.0	7.0	7.25	7.05	2690899.0
2002-05-13	7.1	6.85	7.15	6.85	994499.0
2002-05-14	6.95	6.9	7.0	6.9	494099.0
2002-05-15	6.95	6.75	7.1	6.75	697099.0
2002-05-16	6.8	6.6	6.8	6.65	198199.0
2002-05-17	6.7	6.7	6.85	6.8	205199.0
2002-05-20	6.8	6.75	6.85	6.8	155399.0
2002-05-21	6.85	6.75	7.0	6.9	919699.0
2002-05-22	6.95	6.95	7.15	7.05	1496799.0
2002-05-23	7.15	7.05	7.25	7.1	2786899.0
2002-05-24	7.2	6.85	7.2	6.85	1008999.0
2002-05-28	6.95	6.9	7.05	7.0	1505299.0
2002-05-29	7.1	7.0	9.0	7.7	27413399.0
2002-05-30	8.0	7.5	8.05	7.65	6558899.0
2002-05-31	7.6	7.5	7.95	7.7	7161499.0
2002-06-03	7.8	7.55	7.8	7.55	2810199.0
2002-06-04	7.5	7.35	7.65	7.35	1470299.0
2002-06-05	7.4	7.4	7.65	7.65	2135399.0
2002-06-06	7.75	7.65	8.05	7.8	9526299.0
2002-06-07	7.95	7.55	7.95	7.65	3289299.0
2002-06-10	7.7	7.7	7.85	7.75	2409799.0
2002-06-11	7.75	7.65	7.9	7.75	2488899.0
2002-06-12	7.8	7.8	8.25	7.95	10076499.0
2002-06-13	8.1	7.65	8.15	7.7	3937099.0
2002-06-14	7.85	7.5	7.9	7.5	2714899.0
2002-06-17	7.55	7.25	7.55	7.25	1710199.0
2002-06-18	7.35	7.25	7.45	7.45	728699.0
2002-06-19	7.4	7.05	7.4	7.05	836199.0
2002-06-20	7.05	6.95	7.15	7.1	604199.0
2002-06-21	7.0	6.85	7.0	6.9	643299.0
2002-06-24	6.9	6.8	6.9	6.9	176499.0
2002-06-25	6.9	6.9	7.0	7.0	1749199.0
2002-06-26	6.9	6.25	6.9	6.35	1248599.0
2002-06-27	6.4	6.25	6.5	6.25	655199.0
2002-06-28	6.4	6.35	6.45	6.4	425899.0
2002-07-02	6.45	6.4	6.5	6.5	276999.0
2002-07-03	6.5	6.5	6.7	6.7	523299.0
2002-07-04	6.7	6.5	6.75	6.55	580999.0
2002-07-05	6.65	6.6	6.75	6.65	598999.0
2002-07-08	6.8	6.55	6.8	6.6	464399.0
2002-07-09	6.6	6.55	6.7	6.7	198899.0
2002-07-10	6.65	6.65	6.85	6.75	826599.0
2002-07-11	6.65	6.55	6.8	6.6	570799.0
2002-07-12	6.7	6.55	6.7	6.55	264999.0
2002-07-15	6.55	6.5	6.6	6.5	277399.0
2002-07-16	6.5	6.3	6.6	6.3	432599.0
2002-07-17	6.35	6.3	6.4	6.35	201999.0
2002-07-18	6.4	6.35	6.6	6.5	722799.0
2002-07-19	6.5	6.45	6.6	6.45	284999.0
2002-07-22	6.4	6.2	6.4	6.2	378699.0
2002-07-23	6.2	6.15	6.4	6.2	1984499.0
2002-07-24	6.1	5.5	6.1	5.6	1053699.0
2002-07-26	5.6	5.4	5.6	5.55	414399.0
2002-07-29	5.6	5.55	5.65	5.55	190899.0
2002-07-30	5.7	5.65	5.8	5.7	354899.0
2002-07-31	5.8	5.7	5.8	5.75	34299.0
2002-08-01	6.0	5.75	6.0	5.9	321599.0
2002-08-02	5.85	5.6	5.85	5.65	446199.0
2002-08-05	5.5	5.4	5.5	5.4	126399.0
2002-08-06	5.3	5.2	5.4	5.25	979099.0
2002-08-07	5.4	5.35	5.5	5.45	721499.0
2002-08-08	5.5	5.3	5.5	5.3	168399.0
2002-08-09	5.4	5.35	5.5	5.4	217799.0
2002-08-13	5.4	5.3	5.45	5.3	112899.0
2002-08-14	5.3	5.3	5.65	5.65	526199.0
2002-08-15	5.75	5.65	5.9	5.7	836199.0
2002-08-16	5.8	5.65	5.85	5.75	505099.0
2002-08-19	5.75	5.5	5.75	5.55	380599.0
2002-08-20	5.6	5.55	5.7	5.65	244499.0
2002-08-21	5.55	5.45	5.55	5.55	208899.0
2002-08-22	5.65	5.5	5.65	5.5	180399.0
2002-08-23	5.45	5.35	5.45	5.4	162399.0
2002-08-26	5.3	5.3	5.45	5.35	189599.0
2002-08-27	5.35	5.25	5.35	5.35	161499.0
2002-08-28	5.4	5.15	5.4	5.15	223299.0
2002-08-29	5.2	5.0	5.2	5.05	194899.0
2002-08-30	5.05	4.98	5.05	5.05	130099.0
2002-09-02	5.0	4.92	5.05	4.94	116299.0
2002-09-03	4.94	4.92	4.98	4.92	69999.0
2002-09-04	4.9	4.76	4.9	4.82	220999.0
2002-09-05	4.8	4.78	4.84	4.78	35499.0
2002-09-06	4.7	4.68	4.8	4.8	188699.0
2002-09-09	4.8	4.72	4.8	4.72	3099.0
2002-09-10	4.86	4.8	4.98	4.94	192499.0
2002-09-11	4.94	4.92	4.96	4.96	51199.0
2002-09-12	5.0	4.98	5.15	4.98	276199.0
2002-09-13	4.92	4.9	4.98	4.96	11999.0
2002-09-16	4.94	4.82	4.94	4.88	38999.0
2002-09-17	4.98	4.94	5.1	5.1	151699.0
2002-09-18	4.94	4.94	5.05	4.94	62999.0
2002-09-19	5.0	4.94	5.0	4.96	64599.0
2002-09-20	4.9	4.82	4.9	4.9	50299.0
2002-09-23	4.94	4.8	4.94	4.8	32399.0
2002-09-24	4.78	4.64	4.78	4.7	61099.0
2002-09-25	4.6	4.42	4.6	4.48	99499.0
2002-09-26	4.58	4.42	4.58	4.42	134099.0
2002-09-27	4.56	4.44	4.56	4.48	139599.0
2002-09-30	4.4	4.34	4.4	4.34	33099.0
2002-10-01	4.46	4.46	4.46	4.46	1999.0
2002-10-02	4.52	4.42	4.54	4.42	103199.0
2002-10-03	4.4	4.38	4.44	4.38	133299.0
2002-10-04	4.38	4.38	4.48	4.48	101299.0
2002-10-07	4.44	4.38	4.44	4.38	52899.0
2002-10-08	4.4	4.4	4.46	4.46	11999.0
2002-10-09	4.44	4.44	4.54	4.48	271799.0
2002-10-10	4.42	4.42	4.48	4.42	41199.0
2002-10-11	4.42	4.36	4.42	4.38	48299.0
2002-10-14	4.3	4.22	4.3	4.28	50899.0
2002-10-15	4.32	4.24	4.38	4.38	75499.0
2002-10-16	4.4	4.4	4.46	4.44	232599.0
2002-10-17	4.42	4.32	4.54	4.48	190899.0
2002-10-18	4.52	4.52	4.64	4.6	443999.0
2002-10-21	4.62	4.54	4.7	4.64	540799.0
2002-10-22	4.76	4.6	4.76	4.6	118499.0
2002-10-24	4.62	4.52	4.62	4.52	170699.0
2002-10-25	4.52	4.5	4.78	4.74	508199.0
2002-10-28	4.74	4.74	4.9	4.9	612599.0
2002-10-29	4.88	4.72	4.9	4.78	116399.0
2002-10-30	4.76	4.68	4.78	4.68	240799.0
2002-10-31	4.7	4.6	4.74	4.72	133399.0
2002-11-01	4.72	4.68	4.72	4.68	61699.0
2002-11-04	4.64	4.62	4.66	4.66	41799.0
2002-11-05	4.66	4.44	4.66	4.44	320899.0
2002-11-06	4.42	4.42	4.48	4.44	68199.0
2002-11-07	4.46	4.44	4.52	4.5	281999.0
2002-11-08	4.44	4.42	4.46	4.44	185699.0
2002-11-11	4.44	4.38	4.44	4.38	43999.0
2002-11-12	4.38	4.26	4.38	4.3	56499.0
2002-11-13	4.28	4.28	4.3	4.28	38899.0
2002-11-14	4.38	4.38	4.5	4.42	177999.0
2002-11-15	4.5	4.48	4.6	4.6	326599.0
2002-11-18	4.58	4.58	4.7	4.6	267499.0
2002-11-19	4.6	4.56	4.66	4.56	339299.0
2002-11-20	4.56	4.56	4.74	4.62	1032399.0
2002-11-21	4.68	4.66	5.05	4.94	3040999.0
2002-11-22	5.15	5.0	5.3	5.05	2639799.0
2002-11-25	5.2	5.05	5.35	5.25	1915899.0
2002-11-26	5.35	5.15	5.4	5.3	1356499.0
2002-11-27	5.3	5.3	5.5	5.35	1651499.0
2002-11-28	5.45	5.15	5.5	5.2	1316099.0
2002-11-29	5.2	5.05	5.3	5.05	823799.0
2002-12-02	5.05	5.0	5.15	5.15	287699.0
2002-12-03	5.15	4.8	5.15	4.94	456999.0
2002-12-04	4.94	4.84	5.1	4.9	232999.0
2002-12-06	4.9	4.86	5.1	4.86	359499.0
2002-12-09	4.86	4.86	4.98	4.86	76999.0
2002-12-11	4.92	4.86	4.92	4.88	161999.0
2002-12-12	4.9	4.8	4.9	4.8	88499.0
2002-12-13	4.72	4.62	4.72	4.7	152699.0
2002-12-16	4.64	4.62	4.72	4.72	66499.0
2002-12-17	4.74	4.38	4.8	4.44	120799.0
2002-12-18	4.58	4.42	4.58	4.46	52499.0
2002-12-19	4.46	4.46	4.58	4.5	118399.0
2002-12-20	4.54	4.34	4.54	4.42	135999.0
2002-12-23	4.42	4.34	4.42	4.34	93999.0
2002-12-24	4.3	4.18	4.34	4.3	51699.0
2002-12-25	4.3	4.3	4.34	4.32	120999.0
2002-12-26	4.4	4.38	4.48	4.44	84099.0
2002-12-27	4.48	4.42	4.5	4.42	111999.0
2003-01-02	4.42	4.42	4.42	4.42	499.0
2003-01-03	4.42	4.4	4.44	4.4	126299.0
2003-01-06	4.42	4.42	4.54	4.54	122999.0
2003-01-07	4.56	4.4	4.58	4.4	180299.0
2003-01-08	4.44	4.4	4.48	4.4	92799.0
2003-01-09	4.34	4.34	4.4	4.4	37999.0
2003-01-10	4.34	4.34	4.44	4.42	33799.0
2003-01-13	4.44	4.44	4.5	4.5	62999.0
2003-01-14	4.5	4.5	4.66	4.58	182099.0
2003-01-15	4.7	4.6	4.74	4.6	161599.0
2003-01-16	4.56	4.54	4.66	4.56	99999.0
2003-01-17	4.52	4.48	4.52	4.5	38199.0
2003-01-20	4.52	4.52	4.52	4.52	21199.0
2003-01-21	4.52	4.52	4.7	4.66	340699.0
2003-01-22	4.66	4.5	4.68	4.5	201999.0
2003-01-23	4.5	4.48	4.58	4.54	128999.0
2003-01-24	4.6	4.48	4.6	4.48	64499.0
2003-01-27	4.4	4.32	4.4	4.32	34999.0
2003-01-28	4.38	4.36	4.38	4.36	38999.0
2003-01-29	4.36	4.32	4.36	4.32	72999.0
2003-01-30	4.36	4.34	4.42	4.42	9199.0
2003-01-31	4.36	4.32	4.36	4.32	42499.0
2003-02-03	4.34	4.32	4.34	4.32	19999.0
2003-02-05	4.34	4.32	4.38	4.38	56499.0
2003-02-06	4.4	4.4	4.48	4.48	138999.0
2003-02-07	4.42	4.38	4.48	4.46	100799.0
2003-02-10	4.4	4.34	4.46	4.34	100499.0
2003-02-11	4.4	4.38	4.4	4.4	65199.0
2003-02-12	4.46	4.42	4.48	4.44	141699.0
2003-02-13	4.44	4.3	4.44	4.3	184699.0
2003-02-14	4.24	4.24	4.34	4.34	8999.0
2003-02-18	4.34	4.28	4.48	4.36	68499.0
2003-02-19	4.4	4.38	4.4	4.38	12599.0
2003-02-20	4.3	4.24	4.3	4.3	62299.0
2003-02-21	4.26	4.24	4.34	4.34	76599.0
2003-02-24	4.34	4.2	4.38	4.2	99499.0
2003-02-25	4.12	4.02	4.16	4.1	45799.0
2003-02-26	4.06	4.0	4.12	4.12	112899.0
2003-02-27	4.08	4.08	4.12	4.12	26499.0
2003-02-28	4.16	4.16	4.26	4.2	99999.0
2003-03-03	4.2	4.2	4.28	4.28	51999.0
2003-03-04	4.3	4.22	4.3	4.22	81999.0
2003-03-05	4.26	4.26	4.26	4.26	799.0
2003-03-06	4.14	4.14	4.14	4.14	10999.0
2003-03-07	4.12	4.1	4.2	4.2	5099.0
2003-03-10	4.1	4.02	4.1	4.02	20999.0
2003-03-11	4.0	3.96	4.0	3.96	22999.0
2003-03-12	3.96	3.92	3.96	3.92	36399.0
2003-03-13	3.94	3.94	4.06	4.06	10799.0
2003-03-14	4.06	4.02	4.06	4.02	55499.0
2003-03-17	3.92	3.92	3.94	3.94	21599.0
2003-03-18	4.02	4.0	4.06	4.0	95999.0
2003-03-19	4.06	3.98	4.06	3.98	62399.0
2003-03-20	4.0	4.0	4.14	4.1	263499.0
2003-03-21	4.08	4.02	4.08	4.04	75999.0
2003-03-24	4.06	4.0	4.1	4.0	132999.0
2003-03-25	4.04	4.0	4.06	4.06	34799.0
2003-03-26	4.06	4.06	4.12	4.08	182399.0
2003-03-27	4.1	4.0	4.1	4.06	153099.0
2003-03-28	4.0	4.0	4.0	4.0	19999.0
2003-03-31	3.96	3.96	3.98	3.98	15999.0
2003-04-01	4.08	4.0	4.16	4.02	48399.0
2003-04-02	4.0	4.0	4.08	4.02	33099.0
2003-04-03	4.08	4.0	4.08	4.02	322199.0
2003-04-04	4.06	4.04	4.14	4.14	582099.0
2003-04-08	4.18	4.1	4.18	4.14	196999.0
2003-04-09	4.16	4.14	4.2	4.16	161199.0
2003-04-10	4.2	4.14	4.22	4.22	99599.0
2003-04-11	4.28	4.2	4.4	4.4	495099.0
2003-04-16	4.44	4.4	5.55	4.9	1842699.0
2003-04-17	4.98	4.86	5.0	4.92	445499.0
2003-04-18	4.96	4.9	5.1	4.98	834799.0
2003-04-21	4.94	4.86	4.94	4.88	451199.0
2003-04-22	4.82	4.54	4.82	4.58	248199.0
2003-04-23	4.68	4.44	4.68	4.52	53999.0
2003-04-24	4.52	4.46	4.62	4.46	94999.0
2003-04-25	4.44	4.4	4.54	4.54	95999.0
2003-04-28	4.48	4.42	4.5	4.44	129999.0
2003-04-29	4.5	4.44	4.5	4.44	137999.0
2003-04-30	4.44	4.38	4.44	4.38	87999.0
2003-05-02	4.42	4.36	4.46	4.46	5699.0
2003-05-06	4.46	4.36	4.46	4.4	40599.0
2003-05-07	4.46	4.42	4.56	4.52	240799.0
2003-05-08	4.5	4.46	4.5	4.46	57999.0
2003-05-09	4.48	4.48	4.56	4.56	271899.0
2003-05-12	4.56	4.5	4.6	4.52	242099.0
2003-05-13	4.54	4.52	4.6	4.52	96599.0
2003-05-14	4.58	4.48	4.58	4.5	241999.0
2003-05-16	4.44	4.44	4.5	4.44	114499.0
2003-05-19	4.42	4.36	4.42	4.36	117999.0
2003-05-20	4.36	4.36	4.42	4.4	63299.0
2003-05-21	4.42	4.42	4.46	4.44	161999.0
2003-05-22	4.46	4.36	4.46	4.46	194699.0
2003-05-23	4.48	4.46	4.64	4.58	865699.0
2003-05-26	4.68	4.56	4.68	4.6	363199.0
2003-05-27	4.58	4.54	4.62	4.6	249499.0
2003-05-28	4.62	4.58	4.72	4.64	803399.0
2003-05-29	4.66	4.58	4.7	4.58	490899.0
2003-05-30	4.56	4.5	4.64	4.58	325499.0
2003-06-02	4.58	4.58	4.62	4.58	69999.0
2003-06-03	4.58	4.52	4.6	4.56	81999.0
2003-06-04	4.62	4.56	4.66	4.64	434299.0
2003-06-05	4.66	4.6	4.7	4.6	340399.0
2003-06-06	4.6	4.56	4.62	4.58	63399.0
2003-06-09	4.58	4.58	4.6	4.58	51099.0
2003-06-10	4.54	4.54	4.62	4.6	204299.0
2003-06-11	4.6	4.54	4.6	4.56	224999.0
2003-06-12	4.58	4.58	4.64	4.58	669599.0
2003-06-13	4.62	4.5	4.62	4.5	385499.0
2003-06-16	4.58	4.48	4.58	4.48	132099.0
2003-06-17	4.54	4.5	4.56	4.5	229499.0
2003-06-18	4.56	4.48	4.56	4.56	276499.0
2003-06-19	4.56	4.54	4.66	4.6	929299.0
2003-06-20	4.64	4.62	4.84	4.74	1458199.0
2003-06-23	4.78	4.78	4.9	4.8	563899.0
2003-06-24	4.8	4.58	4.8	4.58	282499.0
2003-06-25	4.58	4.54	4.62	4.58	322899.0
2003-06-26	4.6	4.6	4.8	4.8	899199.0
2003-06-27	4.9	4.76	4.92	4.78	1068999.0
2003-06-30	4.74	4.7	4.84	4.74	171999.0
2003-07-02	4.84	4.78	4.84	4.84	439399.0
2003-07-03	4.88	4.84	4.94	4.86	994099.0
2003-07-04	4.9	4.86	5.35	5.2	2930299.0
2003-07-07	5.3	5.0	5.35	5.0	582499.0
2003-07-08	5.0	5.0	5.15	5.1	817799.0
2003-07-09	5.15	4.88	5.15	4.88	503399.0
2003-07-10	4.84	4.7	4.9	4.76	484699.0
2003-07-11	4.7	4.7	4.9	4.8	400299.0
2003-07-15	4.86	4.82	4.92	4.84	422399.0
2003-07-16	4.84	4.84	4.88	4.88	204399.0
2003-07-17	4.94	4.82	4.94	4.84	413199.0
2003-07-18	4.84	4.84	6.25	6.25	17658399.0
2003-07-21	6.3	5.55	6.45	5.55	11118699.0
2003-07-22	5.65	5.6	5.95	5.85	5690199.0
2003-07-23	5.85	5.5	5.9	5.5	1922499.0
2003-07-24	5.5	5.4	5.9	5.7	4068899.0
2003-07-25	5.75	5.75	7.1	6.65	27252499.0
2003-07-28	6.8	6.55	6.95	6.8	9138799.0
2003-07-29	6.85	6.8	7.4	6.9	17929099.0
2003-07-30	6.85	6.5	7.15	6.55	7265799.0
2003-07-31	6.7	6.6	7.2	7.2	12392199.0
2003-08-01	7.3	7.1	7.5	7.15	11133199.0
2003-08-04	7.2	7.1	8.0	7.95	22994999.0
2003-08-05	7.95	7.5	7.95	7.5	9918099.0
2003-08-06	7.4	7.4	7.8	7.55	7996199.0
2003-08-07	7.7	7.65	7.85	7.75	7436299.0
2003-08-08	7.85	7.6	7.95	7.75	11313099.0
2003-08-11	8.05	7.85	8.15	7.95	10452699.0
2003-08-13	8.05	7.6	8.05	7.65	5833999.0
2003-08-14	7.65	7.65	8.45	8.45	19799099.0
2003-08-15	8.4	8.1	8.4	8.25	8347999.0
2003-08-18	8.3	8.25	8.6	8.25	10734399.0
2003-08-19	8.4	8.35	8.65	8.65	5453999.0
2003-08-20	8.85	8.75	9.3	8.8	16159099.0
2003-08-21	8.9	8.9	9.2	9.05	6562899.0
2003-08-22	9.1	9.0	9.35	9.05	4105399.0
2003-08-25	9.15	8.65	9.15	8.7	2049999.0
2003-08-26	8.7	8.55	9.2	9.05	7697199.0
2003-08-27	9.25	9.2	11.2	10.6	41500499.0
2003-08-28	10.8	10.1	11.0	11.0	13913799.0
2003-08-29	10.9	8.35	11.0	8.65	19787799.0
2003-09-01	8.95	8.5	9.0	8.7	7138199.0
2003-09-02	8.9	8.9	9.8	9.45	12211799.0
2003-09-03	9.65	9.35	9.75	9.45	3052999.0
2003-09-04	9.55	9.1	9.65	9.2	2166399.0
2003-09-05	9.3	9.2	9.45	9.2	1636199.0
2003-09-08	9.3	9.0	9.3	9.1	959199.0
2003-09-09	9.25	8.65	9.25	8.7	2433199.0
2003-09-10	8.8	8.8	9.25	8.95	3600199.0
2003-09-11	8.95	8.95	9.25	8.95	2448799.0
2003-09-12	9.1	9.1	10.2	10.0	14761199.0
2003-09-15	10.2	9.9	12.7	11.5	75680199.0
2003-09-16	11.9	11.9	14.7	14.7	84036399.0
2003-09-17	15.4	12.2	16.3	13.0	56797599.0
2003-09-18	13.9	11.6	14.6	12.3	24307299.0
2003-09-19	13.9	12.8	13.9	13.7	12403899.0
2003-09-22	13.2	12.9	13.6	13.1	4188799.0
2003-09-23	13.5	13.4	14.9	14.3	27517199.0
2003-09-24	14.4	13.7	14.6	13.8	16413699.0
2003-09-25	13.7	13.7	14.5	14.2	10820499.0
2003-09-26	14.6	13.7	14.7	13.9	15421399.0
2003-09-29	13.9	13.1	13.9	13.4	4537599.0
2003-09-30	13.6	12.9	14.1	13.0	8217699.0
2004-08-02	5.9	5.75	5.9	5.9	1769.0
2004-08-12	5.6	5.0	5.6	5.1	4195.0
2005-12-29	3.35	3.3	3.4	3.35	922399.0
2005-12-30	3.3	3.3	3.35	3.3	180639.0
2006-12-27	2.5	2.4	2.5	2.4	146999.0
2006-12-28	2.4	2.25	2.4	2.25	310679.0
2006-12-29	2.3	2.25	2.3	2.3	126479.0
2007-01-03	2.15	2.1	2.2	2.1	282359.0
2007-01-04	2.15	2.1	2.2	2.1	374079.0
2007-01-05	2.1	1.95	2.1	1.95	509699.0
2007-01-08	1.95	1.95	2.05	1.95	293779.0
2007-01-09	2.0	1.8	2.0	1.8	646359.0
2007-01-10	1.8	1.8	1.9	1.85	531719.0
2007-01-11	1.9	1.9	2.05	1.95	1279799.0
2007-01-12	2.0	2.0	2.25	2.05	1912359.0
2007-01-15	2.05	2.05	2.1	2.05	352999.0
2007-01-16	2.1	2.05	2.2	2.1	476959.0
2007-01-17	2.1	2.05	2.2	2.05	491159.0
2007-01-18	2.1	2.1	2.15	2.1	436059.0
2007-01-19	2.15	2.05	2.15	2.05	584239.0
2007-01-22	2.05	2.0	2.05	2.0	82419.0
2007-01-23	2.0	1.95	2.0	1.95	413719.0
2007-01-24	2.0	2.0	2.05	2.0	263699.0
2007-01-25	2.05	2.0	2.05	2.0	267639.0
2007-01-26	2.05	2.05	2.1	2.05	191439.0
2007-01-29	2.05	2.0	2.05	2.0	232179.0
2007-01-30	2.0	2.0	2.15	2.05	777919.0
2007-01-31	2.1	2.05	2.15	2.05	317939.0
2007-02-01	2.1	2.1	2.4	2.15	3869739.0
2007-02-02	2.15	2.15	2.25	2.2	959379.0
2007-02-05	2.25	2.15	2.25	2.2	278419.0
2007-02-06	2.2	2.15	2.2	2.15	421259.0
2007-02-07	2.2	2.15	2.2	2.15	185019.0
2007-02-08	2.2	2.15	2.3	2.25	1356619.0
2007-02-09	2.25	2.2	2.3	2.2	719139.0
2007-02-12	2.2	2.2	2.2	2.2	72259.0
2007-02-13	2.2	2.15	2.25	2.15	50059.0
2007-02-14	2.2	2.2	2.25	2.25	136879.0
2007-02-15	2.25	2.2	2.4	2.2	951879.0
2007-02-16	2.25	2.2	2.25	2.2	114199.0
2007-02-19	2.2	2.15	2.2	2.15	82019.0
2007-02-20	2.2	2.2	2.2	2.2	116799.0
2007-02-21	2.2	2.15	2.2	2.15	28119.0
2007-02-22	2.2	2.15	2.2	2.15	240679.0
2007-02-23	2.15	2.1	2.2	2.1	355319.0
2007-02-26	2.1	2.05	2.1	2.05	124559.0
2007-02-27	2.0	2.0	2.05	2.0	143159.0
2007-02-28	1.85	1.85	1.95	1.95	558479.0
2007-03-01	1.95	1.95	2.0	1.95	40979.0
2007-07-18	1.7	1.4	1.95	1.5	22331979.0
2007-07-19	1.55	1.5	1.65	1.6	7258659.0
2007-07-20	1.55	1.55	1.6	1.6	3069599.0
2007-07-23	1.55	1.5	1.75	1.65	8892859.0
2007-07-24	1.65	1.6	2.2	1.85	48279239.0
2007-07-25	1.85	1.75	2.05	1.75	10284419.0
2007-07-26	1.85	1.7	1.85	1.7	2585539.0
2007-07-27	1.65	1.65	1.7	1.7	2322299.0
2007-07-31	1.75	1.7	2.25	1.8	42629439.0
2007-08-01	1.8	1.8	2.0	1.9	22666979.0
2007-08-02	1.95	1.85	2.05	1.9	6577439.0
2007-08-03	1.9	1.9	2.0	1.9	2802999.0
2007-08-06	1.95	1.9	2.15	1.95	8602799.0
2007-08-07	2.05	2.0	2.1	2.05	8204219.0
2007-08-08	2.1	2.05	2.15	2.05	4402639.0
2007-08-09	2.05	1.7	2.05	1.7	7991239.0
2007-08-10	1.6	1.5	1.65	1.55	2634299.0
2007-08-14	1.5	1.25	1.5	1.35	4517879.0
2007-08-15	1.3	1.3	1.55	1.45	5290359.0
2007-08-16	1.5	1.2	1.5	1.3	7843279.0
2017-02-01	6.9	5.6	7.6	6.1	636063149.0
2017-02-02	6.3	4.3	6.3	4.3	283476969.0
2017-02-03	4.0	3.6	4.5	4.5	321548609.0
2017-02-06	4.4	3.8	4.4	3.9	87751699.0
2017-02-07	3.9	3.9	4.1	3.9	30097789.0
2017-02-08	3.9	3.8	4.0	3.8	22941409.0
2017-02-09	3.8	3.7	4.1	3.9	35357739.0
2017-02-10	4.0	3.8	4.0	3.8	14900149.0
2017-02-14	3.8	3.7	3.9	3.7	9769339.0
2017-02-15	3.8	3.6	4.0	4.0	17095389.0
2017-02-16	4.1	3.8	4.1	3.9	18759499.0
2017-02-17	4.0	3.9	4.1	4.1	13101539.0
2017-02-20	4.1	4.0	4.2	4.1	6195459.0
2017-02-21	4.1	3.9	4.1	3.9	7481579.0
2017-02-22	3.9	3.8	4.0	3.9	7272859.0
2017-02-23	3.9	3.9	4.0	4.0	3149959.0
2017-02-24	3.9	3.9	4.0	3.9	2117459.0
2017-02-27	4.0	3.9	4.3	4.3	20914769.0
2017-02-28	4.2	4.2	4.4	4.3	13611669.0
2017-03-01	4.3	4.3	4.5	4.4	23080279.0
2017-03-02	4.4	4.2	4.4	4.3	9202629.0
2017-03-03	4.3	4.2	4.3	4.3	2935109.0
2017-03-06	4.3	4.1	4.3	4.2	12342989.0
2017-03-07	4.1	4.0	4.2	4.1	7732289.0
2017-03-08	4.1	3.7	4.1	3.9	23159999.0
2017-03-09	3.9	3.8	4.0	3.9	1855809.0
2017-03-10	3.9	3.8	4.0	3.8	3245359.0
2017-03-13	3.8	3.7	3.9	3.8	5626479.0
2017-03-14	3.8	3.7	3.9	3.8	7742419.0
2017-03-15	3.8	3.8	4.0	3.9	10425809.0
2017-03-16	3.9	3.8	4.0	3.9	3073389.0
2017-03-17	3.9	3.8	4.0	3.9	3829399.0
2017-03-20	3.9	3.9	4.0	4.0	3816909.0
2017-03-21	4.0	4.0	4.1	4.0	6396609.0
2017-03-22	4.0	4.0	4.2	4.1	5855679.0
2017-03-23	4.1	4.1	4.2	4.1	2342479.0
2017-03-24	4.2	3.9	4.2	4.0	12052359.0
2017-03-27	4.1	3.8	4.1	3.9	14581909.0
2017-03-28	3.9	3.9	4.2	4.0	14915259.0
2017-03-29	4.0	3.9	4.1	4.0	4023789.0
2017-03-30	4.0	3.9	4.2	4.1	29692399.0
2017-03-31	4.1	4.0	4.1	4.0	3557229.0
2017-04-03	4.0	3.9	4.1	4.0	8509119.0
2017-04-04	4.0	3.9	4.0	4.0	4259659.0
2017-04-05	4.0	3.9	4.0	4.0	1280889.0
2017-04-07	3.9	3.9	4.0	3.9	7013429.0
2017-04-10	3.9	3.8	4.0	4.0	5853469.0
2017-04-11	3.9	3.9	4.0	3.9	497669.0
2017-04-12	3.9	3.9	4.0	3.9	1763719.0
2017-04-17	3.9	3.8	4.0	3.9	2948449.0
2017-04-18	3.9	3.8	4.0	3.9	1647799.0
2017-04-19	3.8	3.8	3.9	3.8	3706189.0
2017-04-20	3.8	3.7	3.9	3.8	6865489.0
2017-04-21	3.8	3.7	3.9	3.8	1178659.0
2017-04-24	3.8	3.7	3.9	3.7	4777959.0
2017-04-25	3.7	3.5	3.7	3.5	11486759.0
2017-04-26	3.6	3.5	3.8	3.6	7690189.0
2017-04-27	3.6	3.5	3.6	3.5	2590589.0
2017-04-28	3.6	3.5	3.8	3.7	10635929.0
2017-05-02	3.6	3.5	3.7	3.6	4270019.0
2017-05-03	3.6	3.5	3.7	3.6	2648639.0
2017-05-04	3.5	3.5	3.7	3.6	2714589.0
2017-05-05	3.6	3.5	3.7	3.6	3555309.0
2017-05-08	3.6	3.5	3.7	3.5	2023559.0
2017-05-09	3.5	3.5	3.6	3.6	1793509.0
2017-05-11	3.6	3.4	3.6	3.5	8242679.0
2017-05-12	3.4	3.3	3.5	3.3	6286499.0
2017-05-15	3.3	3.1	3.4	3.2	8572839.0
2017-05-16	3.1	3.0	3.2	3.1	9329569.0
2017-05-17	3.1	3.1	3.4	3.3	7421859.0
2017-05-18	3.2	3.2	3.3	3.3	647089.0
2017-05-19	3.3	3.1	3.3	3.3	2263429.0
2017-05-22	3.2	3.1	3.3	3.2	2808089.0
2017-05-23	3.2	3.1	3.3	3.2	1559439.0
2017-05-24	3.2	3.1	3.3	3.2	2303139.0
2017-05-25	3.2	3.2	3.5	3.5	11634989.0
2017-05-26	3.4	3.3	3.5	3.4	4504989.0
2017-05-29	3.4	3.4	3.6	3.4	7509649.0
2017-05-30	3.5	3.4	3.5	3.5	1470959.0
2017-05-31	3.5	3.3	3.6	3.5	8465459.0
2017-06-01	3.4	3.3	3.5	3.4	2898479.0
2017-06-02	3.4	3.3	3.4	3.4	498939.0
2017-06-05	3.4	3.3	3.4	3.3	963799.0
2017-06-06	3.4	3.3	3.4	3.3	661169.0
2017-06-07	3.4	3.2	3.4	3.2	4417399.0
2017-06-08	3.3	3.2	3.3	3.2	1570319.0
2017-06-09	3.3	3.1	3.3	3.2	5314059.0
2017-06-12	3.2	3.2	3.5	3.3	5946149.0
2017-06-13	3.3	3.2	3.5	3.3	9233739.0
2017-06-14	3.3	3.2	3.4	3.2	1138969.0
2017-06-15	3.2	3.2	3.4	3.3	2436849.0
2017-06-16	3.3	3.2	3.4	3.3	1211539.0
2017-06-19	3.3	3.2	3.4	3.2	1661099.0
2017-06-20	3.3	3.2	3.3	3.2	617799.0
2017-06-21	3.3	3.2	3.3	3.3	2257559.0
2017-06-22	3.3	3.2	3.3	3.3	1028279.0
2017-06-23	3.3	3.2	3.3	3.2	5310389.0
2017-06-26	3.2	3.2	3.3	3.2	2692039.0
2017-06-27	3.2	3.1	3.3	3.1	3406349.0
2017-06-28	3.2	3.1	3.2	3.1	6067079.0
2017-06-29	3.1	3.0	3.2	3.1	3856709.0
2017-06-30	3.1	3.0	3.1	3.1	1443529.0
2017-07-03	3.1	3.0	3.1	3.0	244589.0
2017-07-04	3.1	2.9	3.1	3.0	5562669.0
2017-07-05	3.0	2.9	3.1	2.9	1417539.0
2017-07-06	2.9	2.9	3.1	3.0	2749219.0
2017-07-07	3.0	2.9	3.1	3.0	1383299.0
2017-07-11	3.0	2.9	3.0	2.9	1104049.0
2017-07-12	3.0	3.0	3.2	3.2	16422579.0
2017-07-13	3.2	3.2	3.5	3.5	28732319.0
2017-07-14	3.5	3.3	3.6	3.4	14094299.0
2017-07-17	3.5	3.4	3.6	3.4	14392909.0
2017-07-18	3.5	3.2	3.5	3.2	15618949.0
2017-07-19	3.2	3.1	3.3	3.3	4258639.0
2017-07-20	3.3	3.2	3.4	3.3	6064699.0
2017-07-21	3.3	3.2	3.4	3.3	2777979.0
2017-07-24	3.3	3.2	3.3	3.2	2259449.0
2017-07-25	3.2	3.2	3.3	3.2	2464679.0
2017-07-26	3.3	3.2	3.3	3.2	615459.0
2017-07-27	3.2	3.2	3.4	3.2	7610449.0
2017-07-31	3.3	3.1	3.3	3.2	4333609.0
2017-08-01	3.2	2.9	3.2	2.9	22144689.0
2017-08-02	3.0	2.9	3.1	3.0	4477559.0
2017-08-03	3.0	3.0	3.1	3.0	1561359.0
2017-08-04	3.0	2.9	3.0	3.0	8030039.0
2017-08-07	2.9	2.7	3.0	2.8	21858109.0
2017-08-08	2.8	2.7	2.9	2.8	4107779.0
2017-08-09	2.8	2.7	2.9	2.7	2463189.0
2017-08-10	2.7	2.6	2.8	2.6	10077959.0
2017-08-11	2.6	2.4	2.7	2.4	9865029.0
2017-08-15	2.4	2.1	2.4	2.2	19697109.0
2017-08-16	2.2	2.1	2.5	2.4	12866979.0
2017-08-17	2.5	2.4	2.6	2.4	5060829.0
2017-08-18	2.5	2.3	2.5	2.4	1935369.0
2017-08-21	2.5	2.3	2.5	2.3	1457359.0
2017-08-22	2.4	2.3	2.4	2.3	1852029.0
2017-08-23	2.4	2.3	2.4	2.4	682109.0
2017-08-24	2.4	2.3	2.4	2.3	960879.0
2017-08-25	2.4	2.3	2.5	2.4	1935999.0
2017-08-28	2.5	2.4	2.6	2.5	6586349.0
2017-08-29	2.5	2.4	2.5	2.5	2039369.0
2017-08-30	2.5	2.4	2.6	2.5	7512029.0
2017-08-31	2.5	2.3	2.5	2.4	10288809.0
2017-09-01	2.4	2.3	2.5	2.3	2906829.0
2017-09-04	2.4	2.3	2.4	2.4	1408269.0
2017-09-05	2.5	2.3	2.5	2.4	2801589.0
2017-09-06	2.5	2.3	2.5	2.3	1091479.0
2017-09-07	2.4	2.3	2.6	2.5	14624469.0
2017-09-08	2.5	2.4	2.5	2.5	2898219.0
2017-09-11	2.4	2.4	2.5	2.4	2588919.0
2017-09-12	2.5	2.4	2.5	2.4	2913729.0
2017-09-13	2.4	2.4	2.5	2.4	3412689.0
2017-09-14	2.4	2.3	2.5	2.4	4765179.0
2017-09-15	2.4	2.3	2.5	2.3	1830969.0
2017-09-18	2.4	2.3	2.4	2.4	530969.0
2017-09-19	2.3	2.3	2.5	2.3	3287429.0
2017-09-20	2.4	2.3	2.4	2.3	612599.0
2017-09-21	2.4	2.3	2.5	2.5	5467189.0
2017-09-22	2.5	2.4	2.5	2.4	965699.0
2017-09-25	2.5	2.4	2.5	2.4	2240019.0
2017-09-26	2.4	2.3	2.5	2.4	8536779.0
2017-09-27	2.5	2.3	2.5	2.3	2794209.0
2017-09-28	2.4	2.4	2.5	2.4	2955989.0
2017-09-29	2.4	2.3	2.5	2.4	1172149.0
2017-10-02	2.4	2.3	2.4	2.4	4099609.0
2017-10-03	2.4	2.4	2.5	2.5	1519409.0
2017-10-04	2.4	2.4	2.6	2.5	17012109.0
2017-10-05	2.5	2.4	2.6	2.5	3041169.0
2017-10-06	2.5	2.5	2.8	2.7	23649279.0
2017-10-09	2.8	2.7	3.0	2.7	31714849.0
2017-10-10	2.8	2.7	2.8	2.7	10579569.0
2017-10-11	2.7	2.6	2.8	2.6	6091419.0
2017-10-12	2.7	2.6	2.7	2.6	3011379.0
2017-10-16	2.7	2.6	2.8	2.7	6974059.0
2017-10-17	2.8	2.6	2.8	2.6	3247529.0
2017-10-18	2.8	2.7	2.8	2.7	2137779.0
2017-10-19	2.8	2.6	2.8	2.6	4393549.0
2017-10-20	2.6	2.6	2.7	2.6	1613069.0
2017-10-24	2.7	2.5	2.7	2.6	8533669.0
2017-10-25	2.6	2.5	2.7	2.6	3581849.0
2017-10-27	2.7	2.6	2.7	2.6	2309399.0
2017-10-30	2.6	2.5	2.7	2.5	2717839.0
2017-10-31	2.6	2.5	2.6	2.6	1087799.0
2017-11-01	2.5	2.5	2.7	2.6	2408859.0
2017-11-02	2.6	2.5	2.7	2.6	1915889.0
2017-11-03	2.7	2.6	2.7	2.6	2297089.0
2017-11-06	2.7	2.6	2.7	2.6	1854109.0
2017-11-07	2.6	2.6	2.7	2.6	2264949.0
2017-11-08	2.7	2.6	2.7	2.6	1871069.0
2017-11-09	2.6	2.5	2.7	2.5	3901429.0
2017-11-10	2.6	2.5	2.6	2.6	929199.0
2017-11-13	2.6	2.5	2.7	2.7	3522939.0
2017-11-14	2.6	2.5	2.7	2.6	4785929.0
2017-11-15	2.6	2.5	2.8	2.5	21733529.0
2017-11-16	2.6	2.5	2.6	2.5	2275239.0
2017-11-17	2.6	2.5	2.6	2.6	1895999.0
2017-11-20	2.6	2.5	2.6	2.5	1220109.0
2017-11-21	2.6	2.5	2.6	2.5	7401759.0
2017-11-22	2.6	2.5	2.6	2.5	2366799.0
2017-11-23	2.6	2.4	2.6	2.4	2049879.0
2017-11-24	2.4	2.3	2.5	2.4	5480679.0
2017-11-27	2.4	2.3	2.5	2.4	1650119.0
2017-11-28	2.4	2.4	2.5	2.4	508999.0
2017-11-29	2.5	2.3	2.5	2.3	2901189.0
2017-11-30	2.4	2.1	2.4	2.2	11367969.0
2017-12-01	2.2	2.2	2.3	2.2	2984879.0
2017-12-04	2.2	2.2	2.3	2.2	1461669.0
2017-12-06	2.2	2.1	2.3	2.1	2383219.0
2017-12-07	2.2	2.1	2.3	2.2	1326179.0
2017-12-08	2.3	2.2	2.4	2.3	7703979.0
2017-12-12	2.3	2.2	2.3	2.2	741359.0
2017-12-13	2.2	2.1	2.3	2.2	3034389.0
2017-12-14	2.3	2.2	2.3	2.2	553849.0
2017-12-15	2.3	2.0	2.3	2.0	8051099.0
2017-12-18	2.0	2.0	2.1	2.0	4386089.0
2017-12-19	2.0	2.0	2.1	2.1	1601979.0
2017-12-20	2.1	2.0	2.1	2.0	380419.0
2017-12-21	2.0	2.0	2.1	2.0	330889.0
2017-12-22	2.1	1.9	2.1	2.1	2530969.0
2017-12-25	2.0	1.9	2.1	2.0	2679919.0
2017-12-26	2.0	1.9	2.1	2.0	1200399.0
2017-12-27	2.0	1.8	2.0	1.9	6596219.0
2017-12-28	1.9	1.7	1.9	1.9	8216369.0
2017-12-29	1.8	1.8	1.9	1.8	1559949.0
2018-01-03	1.8	1.8	2.1	1.9	8147239.0
2018-01-04	2.0	1.9	2.1	2.0	5117209.0
2018-01-05	2.1	1.9	2.1	1.9	12352829.0
2018-01-08	1.9	1.9	2.0	2.0	2935229.0
2018-01-09	1.9	1.9	2.0	1.9	463909.0
2018-01-10	2.0	1.9	2.1	2.0	5085569.0
2018-01-11	2.0	1.9	2.0	1.9	1306269.0
2018-01-12	2.0	2.0	2.1	2.0	5676029.0
2018-01-15	2.0	1.9	2.1	2.0	3182559.0
2018-01-16	2.1	2.0	2.1	2.0	1410239.0
2018-01-17	2.1	2.0	2.2	2.1	8446839.0
2018-01-18	2.1	2.1	2.2	2.2	5545339.0
2018-01-19	2.1	2.0	2.2	2.0	6638449.0
2018-01-22	2.1	2.0	2.1	2.1	2970299.0
2018-01-23	2.0	2.0	2.2	2.0	3747079.0
2018-01-24	2.1	2.0	2.1	2.1	998229.0
2018-01-25	2.1	2.0	2.1	2.0	485379.0
2018-01-26	2.0	2.0	2.1	2.0	7324849.0
2018-01-29	2.1	2.0	2.1	2.0	2159499.0
2018-01-30	2.0	1.9	2.1	2.1	1701649.0
2018-01-31	2.0	2.0	2.1	2.0	5807939.0
2018-02-01	1.8	1.6	1.8	1.8	38187959.0
2018-02-02	1.7	1.7	1.8	1.7	3402119.0
2018-02-05	1.6	1.5	1.7	1.6	17395429.0
2018-02-06	1.6	1.5	1.6	1.6	4692659.0
2018-02-07	1.6	1.5	1.7	1.6	6384539.0
2018-02-08	1.5	1.5	1.7	1.6	1725679.0
2018-02-09	1.6	1.5	1.7	1.6	1914819.0
2018-02-12	1.6	1.5	1.7	1.5	9146489.0
2018-02-13	1.6	1.5	1.6	1.5	1018709.0
2018-02-14	1.6	1.5	1.6	1.6	5184029.0
2018-02-15	1.6	1.5	1.6	1.6	3007739.0
2018-02-16	1.5	1.5	1.6	1.5	1397539.0
2018-02-19	1.5	1.4	1.6	1.4	3537249.0
2018-02-20	1.5	1.4	1.6	1.5	5369679.0
2018-02-21	1.5	1.4	1.6	1.5	1535179.0
2018-02-22	1.5	1.5	1.7	1.6	7304299.0
2018-02-23	1.7	1.5	1.7	1.6	7896189.0
2018-02-26	1.6	1.6	1.7	1.6	2428309.0
2018-02-27	1.6	1.5	1.7	1.6	5623329.0
2018-02-28	1.5	1.5	1.7	1.6	3833229.0
2018-03-02	1.6	1.5	1.6	1.5	2440299.0
2018-03-05	1.6	1.4	1.6	1.4	10371469.0
2018-03-06	1.5	1.4	1.7	1.4	22610309.0
2018-03-07	1.5	1.2	1.5	1.3	21538699.0
2018-03-08	1.4	1.3	1.5	1.3	6930149.0
2018-03-09	1.4	1.3	1.5	1.4	3694959.0
2018-03-12	1.5	1.4	1.5	1.4	423809.0
2018-03-13	1.4	1.3	1.5	1.4	4360049.0
2018-03-14	1.5	1.4	1.5	1.5	1299889.0
2018-03-15	1.5	1.5	1.6	1.6	3687549.0
2018-03-16	1.5	1.5	1.7	1.6	8867799.0
2018-03-19	1.7	1.6	1.8	1.7	17914859.0
2018-03-20	1.8	1.6	1.8	1.6	4995259.0
2018-03-21	1.7	1.6	1.7	1.6	5388169.0
2018-03-22	1.7	1.6	1.7	1.7	4239349.0
2018-03-23	1.7	1.6	1.7	1.6	7181179.0
2018-03-26	1.7	1.6	1.7	1.7	2436229.0
2018-03-27	1.7	1.6	1.8	1.8	8136209.0
2018-03-28	1.7	1.6	1.8	1.6	4076809.0
2018-03-29	1.7	1.6	1.7	1.6	8298159.0
2018-03-30	1.6	1.5	1.6	1.6	2618789.0
2018-04-02	1.6	1.5	1.6	1.5	7448639.0
2018-04-03	1.5	1.4	1.6	1.4	14799849.0
2018-04-04	1.4	1.3	1.5	1.3	3229999.0
2018-04-05	1.4	1.2	1.4	1.3	14748629.0
2018-04-09	1.4	1.2	1.4	1.3	8241219.0
2018-04-10	1.3	1.3	1.4	1.3	1694549.0
2018-04-11	1.3	1.3	1.4	1.3	748629.0
2018-04-12	1.3	1.3	1.4	1.4	575089.0
2018-04-17	1.3	1.2	1.4	1.3	7041719.0
2018-04-18	1.3	1.2	1.4	1.3	3468959.0
2018-04-19	1.4	1.2	1.4	1.3	6417509.0
2018-04-20	1.3	1.2	1.4	1.4	2582219.0
2018-04-23	1.4	1.3	1.4	1.4	507759.0
2018-04-24	1.3	1.3	1.4	1.4	2183519.0
2018-04-25	1.4	1.3	1.4	1.4	1062009.0
2018-04-26	1.4	1.3	1.4	1.3	1216149.0
2018-04-27	1.3	1.3	1.4	1.3	967279.0
2018-04-30	1.4	1.3	1.4	1.3	140359.0
2018-05-02	1.3	1.3	1.4	1.3	3112949.0
2018-05-03	1.3	1.3	1.4	1.3	1640569.0
2018-05-04	1.3	1.3	1.4	1.3	1522629.0
2018-05-07	1.3	1.3	1.4	1.3	432499.0
2018-05-08	1.3	1.3	1.4	1.3	5587449.0
2018-05-09	1.3	1.2	1.4	1.2	2961749.0
2018-05-10	1.3	1.2	1.4	1.2	8278939.0
2018-05-11	1.3	1.3	1.4	1.3	2770619.0
2018-05-14	1.4	1.3	1.5	1.5	18308449.0
2018-05-15	1.4	1.3	1.5	1.4	7229069.0
2018-05-16	1.4	1.3	1.4	1.3	2283119.0
2018-05-17	1.3	1.3	1.4	1.4	1311149.0
2018-05-18	1.4	1.3	1.4	1.4	1365089.0
2018-05-21	1.4	1.4	1.5	1.4	1546519.0
2018-05-22	1.4	1.4	1.5	1.5	1879999.0
2018-05-23	1.4	1.4	1.5	1.4	632129.0
2018-05-24	1.5	1.4	1.5	1.4	3175809.0
2018-05-25	1.4	1.4	1.5	1.4	5910219.0
2018-05-28	1.4	1.3	1.4	1.4	1247669.0
2018-05-30	1.4	1.3	1.5	1.5	1656219.0
2018-05-31	1.4	1.4	1.5	1.5	675239.0
2018-06-01	1.5	1.4	1.5	1.4	2385489.0
2018-06-04	1.4	1.4	1.5	1.5	1448349.0
2018-06-05	1.4	1.3	1.5	1.4	2836979.0
2018-06-06	1.4	1.4	1.5	1.4	2236819.0
2018-06-07	1.5	1.3	1.5	1.4	1970309.0
2018-06-08	1.4	1.3	1.4	1.4	2763479.0
2018-06-11	1.4	1.3	1.5	1.4	402269.0
2018-06-12	1.4	1.3	1.4	1.4	692699.0
2018-06-13	1.3	1.3	1.5	1.4	4401429.0
2018-06-14	1.4	1.4	1.5	1.4	1360669.0
2018-06-15	1.4	1.4	1.5	1.4	1667659.0
2018-06-18	1.4	1.4	1.4	1.4	1806869.0
2018-06-19	1.3	1.3	1.4	1.3	5142179.0
2018-06-20	1.4	1.3	1.4	1.3	222609.0
2018-06-21	1.4	1.3	1.4	1.3	691719.0
2018-06-22	1.3	1.3	1.4	1.3	798549.0
2018-06-25	1.3	1.3	1.4	1.4	3715319.0
2018-06-26	1.3	1.2	1.4	1.3	8473069.0
2018-06-27	1.3	1.2	1.4	1.2	2048019.0
2018-06-28	1.3	1.2	1.4	1.3	3615979.0
2018-06-29	1.3	1.2	1.3	1.3	243209.0
2018-07-02	1.2	1.2	1.4	1.3	1408029.0
2018-07-03	1.4	1.3	1.4	1.3	463609.0
2018-07-04	1.3	1.3	1.4	1.3	1486929.0
2018-07-05	1.3	1.2	1.4	1.2	1377269.0
2018-07-06	1.3	1.2	1.3	1.3	5039299.0
2018-07-09	1.3	1.2	1.3	1.3	613239.0
2018-07-10	1.3	1.2	1.4	1.3	1298839.0
2018-07-11	1.4	1.3	1.4	1.4	661479.0
2018-07-12	1.3	1.3	1.4	1.4	1083789.0
2018-07-13	1.4	1.3	1.4	1.3	419959.0
2018-07-16	1.4	1.3	1.4	1.3	737259.0
2018-07-17	1.4	1.2	1.4	1.3	8428079.0
2018-07-18	1.4	1.3	1.4	1.3	526109.0
2018-07-19	1.3	1.3	1.4	1.3	668719.0
2018-07-20	1.4	1.3	1.4	1.3	1226339.0
2018-07-23	1.3	1.3	1.4	1.3	1370099.0
2018-07-24	1.3	1.3	1.4	1.3	2638529.0
2018-07-25	1.3	1.3	1.4	1.3	294389.0
2018-07-26	1.3	1.3	1.4	1.3	3143799.0
2018-07-31	1.3	1.3	1.4	1.4	313279.0
2018-08-01	1.3	1.3	1.5	1.4	8562419.0
2018-08-02	1.4	1.3	1.5	1.5	2072949.0
2018-08-03	1.5	1.4	1.5	1.5	2809449.0
2018-08-06	1.5	1.4	1.6	1.4	6945649.0
2018-08-07	1.5	1.4	1.6	1.5	3747519.0
2018-08-08	1.6	1.5	1.6	1.5	1712589.0
2018-08-09	1.6	1.4	1.6	1.5	2713009.0
2018-08-10	1.5	1.4	1.5	1.4	1575619.0
2018-08-14	1.5	1.4	1.6	1.6	4641609.0
2018-08-15	1.62	1.48	1.64	1.48	13580900.0
2018-08-16	1.49	1.45	1.51	1.45	3201900.0
2018-08-17	1.46	1.41	1.47	1.41	3413900.0
2018-08-20	1.42	1.35	1.42	1.36	3645800.0
2018-08-21	1.37	1.3	1.37	1.31	6467000.0
2018-08-22	1.31	1.3	1.33	1.3	2880100.0
2018-08-23	1.33	1.33	1.47	1.39	66859800.0
2018-08-24	1.4	1.37	1.4	1.37	12649300.0
2018-08-27	1.38	1.38	1.47	1.47	29257100.0
2018-08-28	1.49	1.46	1.52	1.46	28496800.0
2018-08-29	1.47	1.46	1.53	1.52	24802700.0
2018-08-30	1.51	1.49	1.54	1.49	30655000.0
2018-08-31	1.5	1.48	1.5	1.49	6294700.0
2018-09-03	1.5	1.47	1.57	1.56	34876300.0
2018-09-04	1.56	1.56	1.6	1.56	23959800.0
2018-09-05	1.55	1.48	1.56	1.49	22214400.0
2018-09-06	1.5	1.49	1.57	1.57	17131400.0
2018-09-07	1.57	1.55	1.59	1.57	9393200.0
2018-09-10	1.58	1.57	1.76	1.75	120325900.0
2018-09-11	1.78	1.77	2.0	2.0	319444000.0
2018-09-12	1.97	1.86	2.04	2.04	198740900.0
2018-09-13	2.06	1.98	2.1	2.02	100860000.0
2018-09-14	2.04	2.0	2.18	2.14	130400300.0
2018-09-17	2.12	2.1	2.2	2.18	71413500.0
2018-09-18	2.18	2.04	2.2	2.12	80845900.0
2018-09-19	2.14	1.96	2.16	1.96	75537000.0
2018-09-20	1.98	1.82	1.98	1.88	104035100.0
2018-09-21	1.88	1.84	1.95	1.85	75578600.0
2018-09-24	1.86	1.85	2.02	2.0	142829400.0
2018-09-25	2.02	1.87	2.04	1.9	87444900.0
2018-09-26	1.91	1.9	1.95	1.93	38397200.0
2018-09-27	1.96	1.91	1.99	1.92	58968500.0
2018-09-28	1.92	1.92	2.02	2.02	88118200.0
2018-10-01	2.0	1.94	2.02	1.95	47018700.0
2018-10-02	1.96	1.94	2.06	2.04	75757400.0
2018-10-03	2.06	1.96	2.08	1.96	55040900.0
2018-10-04	1.96	1.95	2.02	1.97	31287800.0
2018-10-05	1.97	1.95	2.02	1.96	29507100.0
2018-10-08	1.97	1.78	1.98	1.82	59770600.0
2018-10-09	1.84	1.78	1.86	1.82	31075500.0
2018-10-10	1.83	1.83	1.88	1.88	23742700.0
2018-10-11	1.81	1.8	1.84	1.82	16418000.0
2018-10-12	1.84	1.82	1.88	1.84	19644600.0
2018-10-16	1.85	1.79	1.86	1.79	19925000.0
2018-10-17	1.81	1.57	1.82	1.59	68628100.0
2018-10-18	1.59	1.46	1.64	1.48	68125400.0
2018-10-19	1.49	1.42	1.53	1.46	51236400.0
2018-10-22	1.47	1.4	1.47	1.41	15560000.0
2018-10-24	1.41	1.37	1.45	1.39	19609300.0
2018-10-25	1.4	1.39	1.44	1.44	18863000.0
2018-10-26	1.45	1.41	1.48	1.41	13564500.0
2018-10-29	1.43	1.42	1.47	1.44	8094600.0
2018-10-30	1.45	1.44	1.59	1.58	55780000.0
2018-10-31	1.57	1.56	1.67	1.62	66546900.0
2018-11-01	1.64	1.59	1.66	1.61	32033100.0
2018-11-02	1.62	1.61	1.66	1.63	21949700.0
2018-11-05	1.63	1.62	1.76	1.71	90984200.0
2018-11-06	1.72	1.63	1.75	1.66	48904200.0
2018-11-07	1.67	1.61	1.7	1.64	25336100.0
2018-11-08	1.65	1.65	1.7	1.69	23422400.0
2018-11-09	1.68	1.64	1.72	1.64	36541000.0
2018-11-12	1.65	1.61	1.66	1.61	9315200.0
2018-11-13	1.58	1.56	1.6	1.59	10036300.0
2018-11-14	1.59	1.46	1.59	1.48	20845000.0
2018-11-15	1.48	1.46	1.51	1.47	12317000.0
2018-11-16	1.48	1.43	1.51	1.44	15343200.0
2018-11-19	1.45	1.41	1.45	1.42	8156300.0
2018-11-20	1.42	1.39	1.42	1.41	5359500.0
2018-11-21	1.41	1.39	1.48	1.47	12361100.0
2018-11-22	1.47	1.42	1.5	1.42	14003100.0
2018-11-23	1.43	1.43	1.48	1.47	5333500.0
2018-11-26	1.47	1.45	1.49	1.47	8797600.0
2018-11-27	1.47	1.45	1.5	1.45	9887700.0
2018-11-28	1.46	1.44	1.47	1.45	3451700.0
2018-11-29	1.46	1.45	1.56	1.56	67961300.0
2018-11-30	1.55	1.53	1.57	1.54	15189500.0
2018-12-03	1.58	1.54	1.58	1.54	10843700.0
2018-12-04	1.55	1.49	1.56	1.51	8557000.0
2018-12-06	1.49	1.48	1.49	1.48	2794900.0
2018-12-07	1.49	1.49	1.52	1.49	2544200.0
2018-12-11	1.49	1.44	1.49	1.44	5735800.0
2018-12-12	1.47	1.45	1.47	1.45	1399800.0
2018-12-13	1.46	1.42	1.47	1.43	3143200.0
2018-12-14	1.43	1.28	1.45	1.31	18079500.0
2018-12-17	1.33	1.27	1.34	1.29	10769000.0
2018-12-18	1.27	1.24	1.28	1.24	4820900.0
2018-12-19	1.25	1.25	1.31	1.3	5771600.0
2018-12-20	1.3	1.26	1.3	1.28	2557300.0
2018-12-21	1.27	1.27	1.32	1.29	6597000.0
2018-12-24	1.3	1.28	1.31	1.29	1650000.0
2018-12-25	1.27	1.22	1.27	1.23	4238400.0
2018-12-26	1.25	1.22	1.26	1.23	2664400.0
2018-12-27	1.26	1.23	1.28	1.23	3441100.0
2018-12-28	1.24	1.21	1.25	1.22	2075500.0
2019-01-02	1.25	1.23	1.25	1.23	1024900.0
2019-01-03	1.25	1.23	1.27	1.23	3065500.0
2019-01-04	1.23	1.22	1.24	1.23	3322400.0
2019-01-07	1.24	1.24	1.35	1.31	25855500.0
2019-01-08	1.32	1.27	1.32	1.29	9941900.0
2019-01-09	1.31	1.3	1.34	1.31	17098200.0
2019-01-10	1.32	1.29	1.34	1.29	8466100.0
2019-01-11	1.3	1.3	1.32	1.31	3315400.0
2019-01-14	1.32	1.29	1.32	1.29	1623400.0
2019-01-15	1.3	1.26	1.3	1.27	3909800.0
2019-01-16	1.28	1.26	1.29	1.27	2126900.0
2019-01-17	1.28	1.26	1.28	1.26	1405800.0
2019-01-18	1.28	1.25	1.28	1.25	2718200.0
2019-01-21	1.26	1.26	1.28	1.26	1223400.0
2019-01-22	1.27	1.26	1.32	1.3	6959700.0
2019-01-23	1.32	1.31	1.38	1.36	22155100.0
2019-01-24	1.38	1.36	1.39	1.39	9968600.0
2019-01-25	1.4	1.38	1.43	1.38	12345600.0
2019-01-28	1.38	1.34	1.41	1.34	9369000.0
2019-01-29	1.34	1.33	1.36	1.35	3474700.0
2019-01-30	1.36	1.35	1.39	1.37	7568300.0
2019-01-31	1.37	1.36	1.4	1.38	7493000.0
2019-02-01	1.38	1.38	1.46	1.45	24617700.0
2019-02-04	1.44	1.41	1.45	1.43	5968800.0
2019-02-05	1.44	1.4	1.44	1.41	5082200.0
2019-02-06	1.42	1.37	1.44	1.37	8873500.0
2019-02-07	1.38	1.36	1.4	1.36	5507300.0
2019-02-08	1.37	1.36	1.42	1.38	16706700.0
2019-02-11	1.37	1.33	1.39	1.34	10103900.0
2019-02-12	1.35	1.34	1.38	1.35	4370400.0
2019-02-13	1.36	1.36	1.4	1.39	8445900.0
2019-02-14	1.39	1.36	1.4	1.37	3528700.0
2019-02-15	1.37	1.33	1.37	1.33	8901500.0
2019-02-18	1.35	1.3	1.35	1.31	5419300.0
2019-02-20	1.32	1.3	1.33	1.3	3466200.0
2019-02-21	1.31	1.31	1.33	1.32	2558500.0
2019-02-22	1.31	1.3	1.33	1.32	4346700.0
2019-02-25	1.32	1.32	1.36	1.34	5144600.0
2019-02-26	1.35	1.33	1.37	1.35	5060000.0
2019-02-27	1.35	1.33	1.36	1.33	2542600.0
2019-02-28	1.33	1.32	1.35	1.35	2267400.0
2019-03-01	1.38	1.32	1.4	1.32	14830400.0
2019-03-04	1.31	1.28	1.31	1.29	6504900.0
2019-03-05	1.29	1.28	1.3	1.29	2046800.0
2019-03-06	1.3	1.27	1.3	1.27	2537800.0
2019-03-07	1.27	1.27	1.29	1.28	2114700.0
2019-03-08	1.28	1.28	1.3	1.28	861900.0
2019-03-11	1.28	1.28	1.29	1.28	1071300.0
2019-03-12	1.29	1.28	1.36	1.35	16429200.0
2019-03-13	1.35	1.33	1.38	1.34	20298700.0
2019-03-14	1.36	1.34	1.37	1.35	5821700.0
2019-03-15	1.35	1.3	1.36	1.31	4796000.0
2019-03-18	1.31	1.29	1.32	1.3	2966800.0
2019-03-19	1.3	1.3	1.32	1.3	1810000.0
2019-03-20	1.31	1.31	1.33	1.32	2542200.0
2019-03-21	1.33	1.31	1.34	1.31	2540500.0
2019-03-22	1.31	1.3	1.32	1.31	1123900.0
2019-03-25	1.3	1.28	1.31	1.3	1200500.0
2019-03-26	1.3	1.29	1.3	1.3	584800.0
2019-03-27	1.3	1.29	1.31	1.29	1056900.0
2019-03-28	1.29	1.29	1.3	1.29	780700.0
2019-03-29	1.3	1.3	1.35	1.3	8370700.0
2019-04-01	1.31	1.3	1.33	1.31	5070300.0
2019-04-02	1.31	1.31	1.34	1.32	5563600.0
2019-04-03	1.33	1.31	1.34	1.31	2756500.0
2019-04-04	1.31	1.3	1.32	1.3	1975200.0
2019-04-05	1.31	1.29	1.31	1.29	1528100.0
2019-04-09	1.29	1.29	1.3	1.3	1484300.0
2019-04-10	1.3	1.28	1.3	1.29	2564400.0
2019-04-11	1.29	1.28	1.3	1.29	939700.0
2019-04-12	1.29	1.28	1.33	1.3	5171200.0
2019-04-17	1.3	1.29	1.31	1.3	1922800.0
2019-04-18	1.31	1.29	1.32	1.3	2484000.0
2019-04-19	1.32	1.3	1.33	1.3	8482800.0
2019-04-22	1.3	1.3	1.33	1.3	3953200.0
2019-04-23	1.31	1.3	1.31	1.3	3110400.0
2019-04-24	1.3	1.27	1.31	1.28	6713000.0
2019-04-25	1.28	1.27	1.29	1.28	3031700.0
2019-04-26	1.28	1.27	1.28	1.27	1755700.0
2019-04-29	1.26	1.23	1.27	1.24	5885300.0
2019-04-30	1.24	1.24	1.26	1.25	1515900.0
2019-05-02	1.25	1.22	1.26	1.22	4229900.0
2019-05-03	1.24	1.22	1.24	1.23	1029800.0
2019-05-07	1.22	1.21	1.23	1.22	2441700.0
2019-05-08	1.22	1.2	1.22	1.21	3355000.0
2019-05-09	1.2	1.18	1.21	1.19	3046600.0
2019-05-10	1.2	1.15	1.2	1.16	2939300.0
2019-05-13	1.15	1.11	1.16	1.11	5943100.0
2019-05-14	1.1	0.94	1.1	0.94	31419600.0
2019-05-15	0.94	0.81	0.96	0.82	18047700.0
2019-05-16	0.85	0.82	0.86	0.86	10583700.0
2019-05-17	0.86	0.85	0.89	0.85	4291500.0
2019-05-21	0.86	0.83	0.88	0.84	8483000.0
2019-05-22	0.85	0.83	0.87	0.84	8052100.0
2019-05-23	0.84	0.81	0.84	0.82	3575800.0
2019-05-24	0.83	0.81	0.83	0.81	2531400.0
2019-05-27	0.82	0.8	0.83	0.81	2354300.0
2019-05-28	0.81	0.8	0.82	0.81	2266400.0
2019-05-29	0.81	0.77	0.81	0.78	4015600.0
2019-05-30	0.78	0.78	0.81	0.79	4516900.0
2019-05-31	0.79	0.78	0.8	0.79	2410800.0
2019-06-04	0.79	0.78	0.8	0.79	1040600.0
2019-06-05	0.79	0.79	0.8	0.79	4068200.0
2019-06-06	0.79	0.78	0.8	0.79	1483500.0
2019-06-07	0.79	0.79	0.86	0.84	25999900.0
2019-06-10	0.84	0.84	0.87	0.85	9346000.0
2019-06-11	0.86	0.85	0.98	0.98	30907500.0
2019-06-12	0.97	0.94	0.99	0.96	13885100.0
2019-06-13	0.97	0.92	0.97	0.93	10507500.0
2019-06-14	0.93	0.92	1.02	1.0	31870400.0
2019-06-17	1.0	0.97	1.01	0.99	9222100.0
2019-06-18	0.99	0.98	1.05	1.04	16339500.0
2019-06-19	1.05	1.02	1.06	1.04	10091500.0
2019-06-20	1.05	1.04	1.08	1.04	8485500.0
2019-06-21	1.05	1.02	1.06	1.02	4026700.0
2019-06-24	1.02	1.02	1.04	1.02	3249200.0
2019-06-25	1.02	1.0	1.02	1.0	2991700.0
2019-06-26	1.01	1.0	1.04	1.03	9560900.0
2019-06-27	1.04	1.03	1.08	1.06	23738100.0
2019-06-28	1.06	1.04	1.06	1.04	5261400.0
2019-07-01	1.04	1.02	1.05	1.03	9629900.0
2019-07-02	1.03	0.99	1.03	0.99	7299300.0
2019-07-03	1.0	0.99	1.03	1.01	11255000.0
2019-07-04	1.01	0.94	1.03	0.97	13701700.0
2019-07-05	0.97	0.97	1.01	0.98	8520400.0
2019-07-08	0.98	0.97	1.0	0.98	2535800.0
2019-07-09	0.98	0.96	0.99	0.96	2433400.0
2019-07-10	0.97	0.97	1.0	0.97	6185900.0
2019-07-11	0.97	0.96	0.99	0.96	2540800.0
2019-07-12	0.97	0.96	0.98	0.97	2671600.0
2019-07-15	0.97	0.96	0.99	0.96	2584600.0
2019-07-17	0.97	0.96	0.97	0.96	3084000.0
2019-07-18	0.96	0.96	1.22	1.21	153424700.0
2019-07-19	1.23	1.16	1.26	1.21	62591400.0
2019-07-22	1.24	1.23	1.36	1.28	92454300.0
2019-07-23	1.29	1.23	1.31	1.27	25130800.0
2019-07-24	1.27	1.22	1.29	1.25	16989600.0
2019-07-25	1.25	1.22	1.32	1.24	37567500.0
2019-07-26	1.25	1.21	1.25	1.21	10919000.0
2019-07-30	1.22	1.2	1.25	1.25	15000200.0
2019-07-31	1.25	1.23	1.32	1.25	37469800.0
2019-08-01	1.25	1.21	1.25	1.21	5753100.0
2019-08-02	1.2	1.15	1.2	1.18	7095700.0
2019-08-05	1.16	1.16	1.21	1.16	7816800.0
2019-08-06	1.16	1.12	1.17	1.15	5896800.0
2019-08-07	1.16	1.14	1.24	1.24	23637700.0
2019-08-08	1.25	1.22	1.28	1.24	20634300.0
2019-08-09	1.26	1.21	1.29	1.22	11929600.0
2019-08-13	1.22	1.17	1.23	1.17	4248700.0
2019-08-14	1.18	1.18	1.24	1.18	5693200.0
2019-08-15	1.18	1.16	1.2	1.19	3669000.0
2019-08-16	1.2	1.19	1.22	1.21	4875100.0
2019-08-19	1.22	1.2	1.23	1.21	2378700.0
2019-08-20	1.22	1.18	1.22	1.18	1917400.0
2019-08-21	1.18	1.16	1.19	1.17	2736800.0
2019-08-22	1.18	1.17	1.19	1.17	1776600.0
2019-08-23	1.17	1.17	1.26	1.2	31473500.0
2019-08-26	1.18	1.16	1.19	1.17	6253700.0
2019-08-27	1.19	1.16	1.19	1.16	6134800.0
2019-08-28	1.16	1.16	1.21	1.17	9762300.0
2019-08-29	1.19	1.17	1.19	1.18	1464700.0
2019-08-30	1.19	1.17	1.19	1.17	1357100.0
2019-09-02	1.17	1.17	1.18	1.17	1682700.0
2019-09-03	1.17	1.16	1.18	1.17	1905900.0
2019-09-04	1.18	1.18	1.22	1.18	6908200.0
2019-09-05	1.19	1.15	1.2	1.16	8441000.0
2019-09-06	1.17	1.16	1.18	1.17	1735200.0
2019-09-09	1.18	1.15	1.19	1.16	5687500.0
2019-09-10	1.17	1.14	1.17	1.15	2693100.0
2019-09-11	1.16	1.15	1.16	1.15	767200.0
2019-09-12	1.16	1.14	1.17	1.15	1330400.0
2019-09-13	1.15	1.14	1.16	1.15	1784600.0
2019-09-16	1.16	1.12	1.16	1.13	2063100.0
2019-09-17	1.12	1.08	1.13	1.08	3908900.0
2019-09-18	1.08	1.07	1.11	1.08	2196600.0
2019-09-19	1.09	1.05	1.09	1.05	1422900.0
2019-09-20	1.05	1.05	1.07	1.05	546800.0
2019-09-23	1.06	1.03	1.06	1.03	1366400.0
2019-09-24	1.05	0.98	1.05	0.98	4736800.0
2019-09-25	0.98	0.98	1.07	1.02	12467200.0
2019-09-26	1.02	1.01	1.03	1.01	3034100.0
2019-09-27	1.01	1.01	1.06	1.03	4836100.0
2019-09-30	1.03	1.01	1.04	1.01	973300.0
2019-10-01	1.02	0.98	1.02	0.98	1426200.0
2019-10-02	1.02	0.98	1.02	1.01	1868700.0
2019-10-03	1.0	0.99	1.01	0.99	1722600.0
2019-10-04	1.0	0.98	1.01	0.98	1576400.0
2019-10-07	0.99	0.98	1.01	0.99	930200.0
2019-10-08	0.99	0.99	1.03	1.0	3368100.0
2019-10-09	1.0	1.0	1.03	1.02	1904700.0
2019-10-10	1.03	1.02	1.05	1.04	3675100.0
2019-10-11	1.06	1.05	1.08	1.06	3756000.0
2019-10-15	1.06	1.06	1.11	1.08	3588600.0
2019-10-16	1.09	1.07	1.09	1.07	2099100.0
2019-10-17	1.07	1.07	1.09	1.07	775900.0
2019-10-18	1.08	1.08	1.14	1.1	8735300.0
2019-10-21	1.1	1.08	1.1	1.08	2047700.0
2019-10-22	1.09	1.07	1.11	1.08	3068600.0
2019-10-24	1.08	1.04	1.08	1.04	1806900.0
2019-10-25	1.05	1.0	1.05	1.0	2819500.0
2019-10-28	1.0	1.0	1.02	1.01	747300.0
2019-10-29	1.04	1.0	1.04	1.0	680900.0
2019-10-30	1.01	0.99	1.04	1.01	1392400.0
2019-10-31	1.01	1.01	1.09	1.05	11366600.0
2019-11-01	1.06	1.01	1.06	1.01	3619000.0
2019-11-04	1.02	1.0	1.02	1.01	1811800.0
2019-11-05	1.01	0.99	1.02	1.0	3971900.0
2019-11-06	1.0	0.99	1.02	0.99	5500400.0
2019-11-07	1.0	0.99	1.01	0.99	5682900.0
2019-11-08	1.0	1.0	1.05	1.01	13340300.0
2019-11-11	1.01	0.98	1.02	0.99	4853600.0
2019-11-12	0.99	0.96	1.01	0.98	6593300.0
2019-11-13	0.98	0.94	0.99	0.94	2952400.0
2019-11-14	0.92	0.88	0.93	0.88	5379400.0
2019-11-15	0.88	0.84	0.9	0.84	2459600.0
2019-11-18	0.84	0.84	0.87	0.85	1646500.0
2019-11-19	0.87	0.85	0.87	0.85	974100.0
2019-11-20	0.86	0.84	0.86	0.84	1502000.0
2019-11-21	0.85	0.83	0.85	0.83	797900.0
2019-11-22	0.84	0.83	0.85	0.84	655600.0
2019-11-25	0.85	0.83	0.87	0.84	4273900.0
2019-11-26	0.85	0.83	0.86	0.84	3631900.0
2019-11-27	0.84	0.83	0.84	0.83	1487700.0
2019-11-28	0.84	0.82	0.84	0.82	2081000.0
2019-11-29	0.82	0.78	0.82	0.79	6691500.0
2019-12-02	0.8	0.79	0.81	0.79	969900.0
2019-12-03	0.81	0.79	0.81	0.79	1313700.0
2019-12-04	0.8	0.75	0.8	0.76	6132600.0
2019-12-06	0.76	0.75	0.77	0.75	1410400.0
2019-12-09	0.77	0.75	0.77	0.75	545800.0
2019-12-11	0.75	0.75	0.76	0.75	1578300.0
2019-12-12	0.75	0.75	0.77	0.75	2144600.0
2019-12-13	0.75	0.73	0.76	0.73	2585500.0
2019-12-16	0.74	0.72	0.74	0.72	1187100.0
2019-12-17	0.73	0.73	0.8	0.74	6162100.0
2019-12-18	0.74	0.74	0.76	0.75	4721200.0
2019-12-19	0.76	0.75	0.76	0.76	1610500.0
2019-12-20	0.76	0.75	0.76	0.75	1728500.0
2019-12-23	0.75	0.72	0.75	0.72	2700800.0
2019-12-24	0.72	0.71	0.73	0.71	1826500.0
2019-12-25	0.71	0.71	0.75	0.73	6553200.0
2019-12-26	0.74	0.72	0.75	0.72	1779800.0
2019-12-27	0.73	0.72	0.74	0.72	775500.0
2019-12-30	0.73	0.73	0.74	0.73	470600.0
2020-01-02	0.75	0.72	0.75	0.72	2323300.0
2020-01-03	0.73	0.71	0.73	0.72	3101300.0
2020-01-06	0.71	0.68	0.71	0.68	4081100.0
2020-01-07	0.69	0.68	0.74	0.69	6190200.0
2020-01-08	0.68	0.67	0.69	0.68	1440300.0
2020-01-09	0.69	0.67	0.7	0.68	3576100.0
2020-01-10	0.68	0.67	0.69	0.68	2233200.0
2020-01-13	0.68	0.67	0.69	0.68	1509700.0
2020-01-14	0.68	0.68	0.73	0.7	6774400.0
2020-01-15	0.7	0.69	0.71	0.7	761800.0
2020-01-16	0.71	0.71	0.8	0.74	32028000.0
2020-01-17	0.75	0.73	0.79	0.77	38744000.0
2020-01-20	0.77	0.76	0.8	0.76	28257600.0
2020-01-21	0.77	0.74	0.77	0.74	5379200.0
2020-01-22	0.74	0.7	0.74	0.7	9011800.0
2020-01-23	0.71	0.68	0.71	0.7	1541800.0
2020-01-24	0.7	0.69	0.71	0.7	1880500.0
2020-01-27	0.7	0.66	0.7	0.67	4111200.0
2020-01-28	0.67	0.65	0.69	0.66	3211500.0
2020-01-29	0.66	0.66	0.68	0.66	1174900.0
2020-01-30	0.66	0.65	0.67	0.65	1408300.0
2020-01-31	0.65	0.65	0.67	0.66	1501800.0
2020-02-03	0.65	0.65	0.67	0.65	2450800.0
2020-02-04	0.66	0.65	0.66	0.65	3182300.0
2020-02-05	0.66	0.65	0.67	0.66	5060100.0
2020-02-06	0.67	0.67	0.71	0.69	26722400.0
2020-02-07	0.68	0.68	0.69	0.68	10033700.0
2020-02-11	0.69	0.68	0.69	0.68	6469100.0
2020-02-12	0.68	0.68	0.69	0.68	4808300.0
2020-02-13	0.68	0.67	0.69	0.67	1960000.0
2020-02-14	0.68	0.67	0.68	0.67	3867400.0
2020-02-17	0.67	0.67	0.68	0.67	1310400.0
2020-02-18	0.67	0.65	0.67	0.66	4368800.0
2020-02-19	0.65	0.64	0.66	0.65	4279300.0
2020-02-20	0.65	0.63	0.65	0.63	2242300.0
2020-02-21	0.64	0.63	0.64	0.64	1169200.0
2020-02-24	0.63	0.58	0.63	0.58	6565400.0
2020-02-25	0.56	0.5	0.57	0.51	11657300.0
2020-02-26	0.51	0.46	0.51	0.46	3683000.0
2020-02-27	0.46	0.44	0.47	0.47	1001100.0
2020-02-28	0.46	0.43	0.46	0.43	2331700.0
2020-03-02	0.43	0.36	0.44	0.37	13118700.0
2020-03-03	0.38	0.38	0.41	0.4	3625700.0
2020-03-04	0.39	0.39	0.4	0.39	1721100.0
2020-03-05	0.41	0.4	0.44	0.42	4458000.0
2020-03-06	0.43	0.42	0.43	0.42	1740300.0
2020-03-09	0.4	0.36	0.4	0.37	3395300.0
2020-03-10	0.37	0.37	0.39	0.38	1131500.0
2020-03-11	0.38	0.37	0.39	0.39	1907900.0
2020-03-12	0.38	0.31	0.38	0.31	11588300.0
2020-03-13	0.28	0.25	0.3	0.3	7192600.0
2020-03-16	0.26	0.26	0.29	0.28	1552300.0
2020-03-17	0.27	0.27	0.28	0.27	967800.0
2020-03-18	0.27	0.27	0.3	0.29	1582600.0
2020-03-19	0.28	0.27	0.29	0.28	764200.0
2020-03-20	0.29	0.29	0.32	0.32	2141500.0
2020-03-23	0.29	0.28	0.31	0.28	3725400.0
2020-03-24	0.28	0.26	0.29	0.27	1944800.0
2020-03-25	0.28	0.27	0.29	0.29	1825500.0
2020-03-26	0.28	0.28	0.3	0.29	871400.0
2020-03-27	0.3	0.28	0.3	0.29	1826700.0
2020-03-30	0.28	0.28	0.29	0.29	286800.0
2020-03-31	0.29	0.28	0.33	0.33	3470100.0
2020-04-01	0.33	0.32	0.36	0.35	5397800.0
2020-04-02	0.35	0.33	0.35	0.33	1396600.0
2020-04-03	0.34	0.33	0.35	0.33	1692100.0
2020-04-07	0.34	0.33	0.35	0.35	4914500.0
2020-04-08	0.36	0.35	0.4	0.4	10598000.0
2020-04-09	0.41	0.38	0.42	0.39	4752900.0
2020-04-10	0.4	0.39	0.44	0.42	10877400.0
2020-04-13	0.46	0.45	0.48	0.47	18788000.0
2020-04-14	0.48	0.44	0.49	0.46	10100300.0
2020-04-15	0.47	0.42	0.47	0.43	8565400.0
2020-04-16	0.42	0.4	0.43	0.4	3903800.0
2020-04-17	0.41	0.41	0.43	0.41	3079300.0
2020-04-20	0.41	0.41	0.43	0.43	1952900.0
2020-04-21	0.42	0.41	0.43	0.43	6052700.0
2020-04-22	0.43	0.42	0.43	0.43	1782500.0
2020-04-23	0.43	0.43	0.45	0.44	4532500.0
2020-04-24	0.44	0.44	0.46	0.45	5396700.0
2020-04-27	0.45	0.45	0.47	0.45	3718400.0
2020-04-28	0.45	0.44	0.46	0.44	3599200.0
2020-04-29	0.43	0.43	0.45	0.44	1355500.0
2020-04-30	0.45	0.44	0.45	0.44	1251500.0
2020-05-05	0.43	0.42	0.44	0.42	1575800.0
2020-05-07	0.43	0.41	0.43	0.42	1741300.0
2020-05-08	0.42	0.42	0.43	0.43	1265400.0
2020-05-11	0.43	0.43	0.44	0.44	2553000.0
2020-05-12	0.44	0.43	0.44	0.43	604800.0
2020-05-13	0.43	0.43	0.45	0.44	3058300.0
2020-05-14	0.44	0.43	0.46	0.43	5888800.0
2020-05-15	0.44	0.42	0.45	0.42	3916200.0
2020-05-18	0.45	0.44	0.47	0.46	9550300.0
2020-05-19	0.46	0.45	0.48	0.45	4319500.0
2020-05-20	0.45	0.44	0.51	0.51	42287400.0
2020-05-21	0.54	0.51	0.55	0.54	33433900.0
2020-05-22	0.56	0.52	0.56	0.54	18084400.0
2020-05-25	0.54	0.53	0.62	0.62	47585900.0
2020-05-26	0.63	0.61	0.64	0.61	18756200.0
2020-05-27	0.62	0.58	0.63	0.59	5897700.0
2020-05-28	0.61	0.59	0.64	0.6	29261200.0
2020-05-29	0.61	0.61	0.63	0.62	12869400.0
2020-06-01	0.62	0.59	0.63	0.59	9074300.0
2020-06-02	0.6	0.59	0.62	0.6	4520400.0
2020-06-04	0.61	0.6	0.62	0.61	6325000.0
2020-06-05	0.61	0.59	0.61	0.6	4547100.0
2020-06-08	0.61	0.6	0.63	0.61	3745400.0
2020-06-09	0.61	0.58	0.62	0.58	7705100.0
2020-06-10	0.59	0.58	0.66	0.66	35253700.0
2020-06-11	0.65	0.62	0.67	0.67	19554700.0
2020-06-12	0.63	0.62	0.66	0.65	9829800.0
2020-06-15	0.65	0.62	0.66	0.62	7095800.0
2020-06-16	0.64	0.6	0.64	0.6	6022500.0
2020-06-17	0.6	0.58	0.61	0.6	3474600.0
2020-06-18	0.59	0.59	0.61	0.6	2423300.0
2020-06-19	0.6	0.59	0.61	0.6	4252900.0
2020-06-22	0.59	0.58	0.6	0.58	4915000.0
2020-06-23	0.59	0.59	0.64	0.64	11833900.0
2020-06-24	0.66	0.61	0.67	0.61	10282500.0
2020-06-25	0.6	0.57	0.61	0.59	5107000.0
2020-06-26	0.6	0.59	0.6	0.59	1418000.0
2020-06-29	0.59	0.58	0.59	0.58	407600.0
2020-06-30	0.6	0.59	0.6	0.59	1142700.0
2020-07-01	0.59	0.59	0.63	0.61	7309000.0
2020-07-02	0.61	0.6	0.62	0.61	2303000.0
2020-07-03	0.61	0.61	0.66	0.62	18688000.0
2020-07-07	0.63	0.61	0.64	0.61	5684100.0
2020-07-08	0.61	0.6	0.63	0.61	4397500.0
2020-07-09	0.61	0.61	0.63	0.62	3528600.0
2020-07-10	0.62	0.62	0.65	0.63	15068900.0
2020-07-13	0.63	0.59	0.65	0.6	8311900.0
2020-07-14	0.6	0.59	0.61	0.6	2163900.0
2020-07-15	0.61	0.6	0.62	0.61	2899800.0
2020-07-16	0.6	0.6	0.62	0.61	2380900.0
2020-07-17	0.6	0.6	0.63	0.61	4089900.0
2020-07-20	0.61	0.6	0.62	0.6	1524600.0
2020-07-21	0.6	0.6	0.63	0.61	8593900.0
2020-07-22	0.61	0.61	0.7	0.7	59711400.0
2020-07-23	0.7	0.68	0.73	0.68	44737500.0
2020-07-24	0.68	0.66	0.69	0.66	11809100.0
2020-07-29	0.66	0.66	0.71	0.67	10308500.0
2020-07-30	0.68	0.62	0.68	0.62	15170000.0
2020-07-31	0.62	0.61	0.64	0.63	1856700.0
2020-08-03	0.63	0.62	0.65	0.64	3466700.0
2020-08-04	0.65	0.64	0.66	0.64	5761700.0
2020-08-05	0.64	0.63	0.68	0.66	12481300.0
2020-08-06	0.67	0.65	0.68	0.66	5577700.0
2020-08-07	0.67	0.64	0.7	0.64	20917200.0
2020-08-10	0.64	0.64	0.7	0.66	18212300.0
2020-08-11	0.67	0.66	0.68	0.66	3717600.0
2020-08-13	0.66	0.63	0.67	0.64	6164900.0
2020-08-14	0.65	0.64	0.66	0.64	2607700.0
2020-08-17	0.63	0.6	0.63	0.61	5093800.0
2020-08-18	0.61	0.6	0.62	0.6	2544800.0
2020-08-19	0.62	0.54	0.62	0.56	4375300.0
2020-08-20	0.57	0.53	0.57	0.54	2907800.0
2020-08-21	0.54	0.54	0.56	0.55	1142400.0
2020-08-24	0.55	0.54	0.56	0.54	1873600.0
2020-08-25	0.56	0.54	0.56	0.54	1819000.0
2020-08-26	0.54	0.53	0.58	0.55	6925500.0
2020-08-27	0.55	0.55	0.58	0.55	4233700.0
2020-08-28	0.56	0.56	0.6	0.58	12550900.0
2020-08-31	0.58	0.56	0.6	0.56	3682000.0
2020-09-01	0.56	0.55	0.57	0.55	3738400.0
2020-09-02	0.56	0.55	0.56	0.55	2282700.0
2020-09-03	0.56	0.56	0.58	0.56	4893700.0
2020-09-08	0.57	0.55	0.58	0.55	3271100.0
2020-09-09	0.55	0.54	0.56	0.55	2934400.0
2020-09-10	0.55	0.54	0.57	0.54	2236500.0
2020-09-11	0.55	0.55	0.57	0.55	4777700.0
2020-09-14	0.55	0.54	0.57	0.54	1718900.0
2020-09-15	0.56	0.54	0.56	0.56	1318600.0
2020-09-16	0.56	0.55	0.59	0.57	11647600.0
2020-09-17	0.57	0.54	0.58	0.55	4248300.0
2020-09-18	0.56	0.53	0.56	0.54	3902100.0
2020-09-21	0.55	0.54	0.56	0.54	1343200.0
2020-09-22	0.53	0.53	0.56	0.54	3376900.0
2020-09-23	0.55	0.53	0.55	0.54	1714900.0
2020-09-24	0.54	0.53	0.54	0.53	3364700.0
2020-09-25	0.54	0.52	0.54	0.52	1942600.0
2020-09-28	0.52	0.51	0.54	0.53	3131300.0
2020-09-29	0.53	0.52	0.53	0.52	1323200.0
2020-09-30	0.52	0.51	0.54	0.51	2992500.0
2020-10-01	0.52	0.47	0.52	0.49	7769200.0
2020-10-02	0.49	0.48	0.49	0.48	915800.0
2020-10-05	0.49	0.49	0.54	0.5	13112500.0
2020-10-06	0.51	0.49	0.51	0.5	2179200.0
2020-10-07	0.49	0.49	0.51	0.51	1583300.0
2020-10-08	0.51	0.5	0.52	0.5	1900400.0
2020-10-09	0.5	0.49	0.5	0.49	554100.0
2020-10-12	0.49	0.49	0.52	0.5	3017400.0
2020-10-14	0.5	0.48	0.5	0.48	2071400.0
2020-10-15	0.48	0.46	0.49	0.48	7883600.0
2020-10-16	0.48	0.47	0.49	0.47	714100.0
2020-10-19	0.46	0.44	0.46	0.44	3363800.0
2020-10-20	0.44	0.43	0.45	0.44	2327200.0
2020-10-21	0.44	0.43	0.45	0.44	909200.0
2020-10-22	0.45	0.43	0.45	0.43	431500.0
2020-10-26	0.44	0.43	0.48	0.45	4591500.0
2020-10-27	0.45	0.45	0.46	0.45	866900.0
2020-10-28	0.46	0.45	0.47	0.45	2156600.0
2020-10-29	0.45	0.44	0.46	0.45	1665400.0
2020-10-30	0.46	0.44	0.46	0.45	1090000.0
2020-11-02	0.45	0.44	0.46	0.46	401900.0
2020-11-03	0.46	0.46	0.49	0.48	6615900.0
2020-11-04	0.48	0.47	0.49	0.48	1271800.0
2020-11-05	0.48	0.47	0.48	0.47	704600.0
2020-11-06	0.48	0.46	0.48	0.46	972600.0
2020-11-09	0.47	0.46	0.5	0.49	3118900.0
2020-11-10	0.5	0.47	0.5	0.47	3192500.0
2020-11-11	0.5	0.49	0.51	0.5	2581000.0
2020-11-12	0.5	0.49	0.5	0.5	1052900.0
2020-11-13	0.52	0.51	0.54	0.54	9182300.0
2020-11-16	0.54	0.52	0.55	0.52	5097700.0
2020-11-17	0.53	0.52	0.54	0.52	4480400.0
2020-11-18	0.52	0.51	0.52	0.52	511200.0
2020-11-19	0.52	0.52	0.54	0.54	3037700.0
2020-11-20	0.54	0.54	0.58	0.56	15913200.0
2020-11-23	0.56	0.54	0.58	0.55	8184100.0
2020-11-24	0.56	0.54	0.56	0.54	3492000.0
2020-11-25	0.55	0.52	0.55	0.53	6635700.0
2020-11-26	0.54	0.53	0.55	0.54	1145800.0
2020-11-27	0.54	0.53	0.59	0.58	19476900.0
2020-11-30	0.58	0.57	0.58	0.57	3490800.0
2020-12-01	0.57	0.56	0.58	0.57	1161300.0
2020-12-02	0.57	0.57	0.61	0.58	17790000.0
2020-12-03	0.59	0.58	0.6	0.59	7158300.0
2020-12-04	0.59	0.58	0.62	0.6	19116400.0
2020-12-08	0.6	0.59	0.63	0.61	13253600.0
2020-12-09	0.61	0.59	0.62	0.59	12022600.0
2020-12-14	0.6	0.58	0.6	0.59	4336100.0
2020-12-15	0.59	0.56	0.59	0.57	9089200.0
2020-12-16	0.57	0.57	0.6	0.59	6632700.0
2020-12-17	0.6	0.6	0.72	0.7	80702100.0
2020-12-18	0.69	0.68	0.74	0.7	38082000.0
2020-12-21	0.65	0.64	0.69	0.65	29102900.0
2020-12-22	0.65	0.63	0.67	0.66	24295900.0
2020-12-23	0.66	0.66	0.83	0.77	150699900.0
2020-12-24	0.79	0.76	0.81	0.78	50121100.0
2020-12-25	0.79	0.79	0.85	0.81	81232000.0
2020-12-28	0.81	0.77	0.84	0.79	36846800.0
2020-12-29	0.8	0.8	0.82	0.8	10468600.0
2020-12-30	0.81	0.8	0.89	0.83	82212500.0
2021-01-04	0.82	0.8	0.86	0.86	25815600.0
2021-01-05	0.86	0.83	0.87	0.84	19622000.0
2021-01-06	0.84	0.81	0.85	0.81	16996900.0
2021-01-07	0.82	0.82	0.86	0.83	20332800.0
2021-01-08	0.83	0.79	0.83	0.79	18722300.0
2021-01-11	0.79	0.79	0.82	0.81	13721700.0
2021-01-12	0.81	0.79	0.85	0.84	36295400.0
2021-01-13	0.84	0.83	0.89	0.84	53629900.0
2021-01-14	0.85	0.83	0.86	0.84	9738100.0
2021-01-15	0.85	0.84	0.95	0.91	113486400.0
2021-01-18	0.9	0.9	0.98	0.96	74090500.0
2021-01-19	0.98	0.97	1.03	1.01	60524600.0
2021-01-20	1.02	0.99	1.05	1.01	49432800.0
2021-01-21	1.01	0.94	1.03	0.95	28768800.0
2021-01-22	0.95	0.89	0.97	0.9	20202000.0
2021-01-25	0.9	0.89	0.98	0.98	15301200.0
2021-01-26	1.0	0.96	1.01	0.96	35725000.0
2021-01-27	0.97	0.92	0.98	0.93	11935700.0
2021-01-28	0.92	0.9	0.94	0.91	14281400.0
2021-01-29	0.92	0.83	0.93	0.87	22372900.0
2021-02-01	0.87	0.84	0.9	0.89	7867300.0
2021-02-02	0.9	0.89	0.95	0.94	16296500.0
2021-02-03	0.94	0.93	0.97	0.93	19412300.0
2021-02-04	0.93	0.92	1.01	1.0	60145000.0
2021-02-05	1.01	0.98	1.01	0.98	29242200.0
2021-02-08	0.98	0.96	0.99	0.97	13791600.0
2021-02-09	0.98	0.96	0.99	0.97	11544400.0
2021-02-10	0.97	0.95	0.97	0.95	5929800.0
2021-02-11	0.95	0.94	0.97	0.97	7054400.0
2021-02-15	0.97	0.95	0.97	0.96	5145900.0
2021-02-16	0.96	0.93	0.97	0.93	14789300.0
2021-02-17	0.92	0.87	0.93	0.88	21312000.0
2021-02-18	0.88	0.86	0.89	0.87	6064700.0
2021-02-19	0.87	0.86	0.88	0.86	5614800.0
2021-02-22	0.86	0.81	0.87	0.81	10098500.0
2021-02-23	0.83	0.81	0.86	0.83	13909200.0
2021-02-24	0.83	0.81	0.84	0.83	7466400.0
2021-02-25	0.83	0.81	0.84	0.84	6971500.0
2021-03-01	0.82	0.78	0.9	0.9	46073800.0
2021-03-02	0.89	0.84	0.9	0.84	20084900.0
2021-03-03	0.84	0.84	0.88	0.86	10561200.0
2021-03-04	0.86	0.84	0.87	0.85	6632200.0
2021-03-05	0.86	0.85	0.88	0.85	6830900.0
2021-03-08	0.86	0.85	0.87	0.86	4074300.0
2021-03-09	0.87	0.87	0.91	0.88	29485200.0
2021-03-10	0.88	0.87	0.89	0.88	5363400.0
2021-03-11	0.88	0.86	0.89	0.86	7682400.0
2021-03-12	0.86	0.85	0.91	0.89	35868200.0
2021-03-15	0.89	0.87	0.9	0.88	7148200.0
2021-03-16	0.88	0.88	0.91	0.9	25840500.0
2021-03-17	0.92	0.9	0.98	0.97	87168000.0
2021-03-18	0.99	0.93	1.0	0.94	59717300.0
2021-03-19	0.96	0.93	0.97	0.96	19812600.0
2021-03-22	0.96	0.94	0.99	0.96	22484000.0
2021-03-23	0.97	0.97	1.1	1.1	184127400.0
2021-03-24	1.12	1.12	1.19	1.16	97467300.0
2021-03-25	1.19	1.07	1.19	1.09	57704100.0
2021-03-26	1.08	1.04	1.1	1.09	27805900.0
2021-03-29	1.1	1.08	1.14	1.1	37025800.0
2021-03-30	1.11	1.06	1.12	1.08	26037600.0
2021-03-31	1.08	1.05	1.08	1.06	13106200.0
2021-04-01	1.06	1.06	1.13	1.12	36992900.0
2021-04-02	1.13	1.09	1.13	1.09	17825100.0
2021-04-05	1.1	1.05	1.1	1.06	9421000.0
2021-04-07	1.03	1.01	1.04	1.01	13531700.0
2021-04-08	1.0	1.0	1.02	1.01	8721900.0
2021-04-09	1.02	1.02	1.09	1.04	39971500.0
2021-04-12	1.02	1.0	1.03	1.03	10873900.0
2021-04-16	1.02	1.01	1.08	1.07	39406800.0
2021-04-19	1.07	1.06	1.12	1.08	28745300.0
2021-04-20	1.07	1.05	1.08	1.06	15408000.0
2021-04-21	1.06	1.06	1.11	1.09	25640700.0
2021-04-22	1.09	1.03	1.1	1.04	16303500.0
2021-04-23	1.03	1.02	1.05	1.04	10912000.0
2021-04-26	1.03	1.03	1.07	1.05	14419900.0
2021-04-27	1.06	1.02	1.06	1.03	13912600.0
2021-04-28	1.04	1.03	1.08	1.06	33579800.0
2021-04-29	1.06	1.06	1.19	1.19	214276000.0
2021-04-30	1.16	1.13	1.25	1.21	133359500.0
2021-05-05	1.24	1.15	1.24	1.15	64269600.0
2021-05-06	1.15	1.13	1.21	1.16	43398500.0
2021-05-07	1.17	1.16	1.31	1.29	263326200.0
2021-05-10	1.3	1.26	1.34	1.27	105373600.0
2021-05-11	1.25	1.22	1.29	1.23	36237800.0
2021-05-12	1.23	1.21	1.28	1.24	27376600.0
2021-05-13	1.2	1.07	1.23	1.15	63088100.0
2021-05-14	1.17	1.1	1.17	1.12	19887800.0
2021-05-17	1.12	1.07	1.13	1.12	16707500.0
2021-05-18	1.14	1.12	1.17	1.17	24862900.0
2021-05-19	1.2	1.17	1.27	1.27	86330800.0
2021-05-20	1.4	1.27	1.47	1.27	357324600.0
2021-05-21	1.25	1.22	1.27	1.23	38318000.0
2021-05-24	1.22	1.22	1.33	1.31	59401900.0
2021-05-25	1.34	1.25	1.34	1.25	36184400.0
2021-05-27	1.25	1.25	1.29	1.26	18494500.0
2021-05-28	1.26	1.23	1.28	1.23	11215400.0
2021-05-31	1.26	1.22	1.26	1.23	7641900.0
2021-06-01	1.24	1.23	1.32	1.3	61624200.0
2021-06-02	1.31	1.26	1.33	1.26	17917900.0
2021-06-04	1.25	1.24	1.27	1.26	7653300.0
2021-06-07	1.27	1.25	1.32	1.25	34798100.0
2021-06-08	1.26	1.25	1.29	1.26	29073800.0
2021-06-09	1.26	1.24	1.27	1.24	14691200.0
2021-06-10	1.25	1.25	1.3	1.3	39452200.0
2021-06-11	1.31	1.28	1.35	1.3	64098800.0
2021-06-14	1.3	1.27	1.34	1.28	36889500.0
2021-06-15	1.29	1.28	1.34	1.29	59905800.0
2021-06-16	1.29	1.28	1.32	1.3	14406400.0
2021-06-17	1.29	1.27	1.32	1.27	12752800.0
2021-06-18	1.28	1.18	1.29	1.18	39792600.0
2021-06-21	1.14	1.12	1.16	1.16	17934600.0
2021-06-22	1.16	1.15	1.2	1.15	17061300.0
2021-06-23	1.16	1.14	1.17	1.15	7885400.0
2021-06-24	1.15	1.1	1.15	1.12	15237900.0
2021-06-25	1.13	1.11	1.16	1.11	5872900.0
2021-06-28	1.11	1.1	1.13	1.1	4353900.0
2021-06-29	1.11	1.11	1.15	1.15	4954300.0
2021-06-30	1.15	1.14	1.19	1.14	14840400.0
2021-07-01	1.15	1.15	1.17	1.15	5631400.0
2021-07-02	1.16	1.12	1.17	1.12	6602000.0
2021-07-05	1.13	1.12	1.15	1.12	4623700.0
2021-07-06	1.12	1.12	1.17	1.16	6867300.0
2021-07-07	1.16	1.11	1.18	1.13	5994500.0
2021-07-08	1.12	1.03	1.12	1.03	15443000.0
2021-07-09	1.02	1.0	1.05	1.04	9666700.0
2021-07-12	1.04	1.02	1.04	1.03	2421200.0
2021-07-13	1.05	1.04	1.12	1.12	14165300.0
2021-07-14	1.15	1.12	1.16	1.13	22560700.0
2021-07-15	1.14	1.14	1.17	1.14	21727000.0
2021-07-16	1.14	1.12	1.15	1.12	10234800.0
2021-07-19	1.11	1.1	1.12	1.1	6356100.0
2021-07-20	1.1	1.07	1.12	1.07	10004700.0
2021-07-21	1.08	1.08	1.09	1.09	5501600.0
2021-07-22	1.09	1.08	1.11	1.09	3206600.0
2021-07-23	1.09	1.06	1.1	1.08	2493900.0
2021-07-27	1.08	1.03	1.08	1.03	7310300.0
2021-07-29	1.03	1.01	1.04	1.02	3385000.0
2021-07-30	1.03	0.98	1.03	0.98	7867500.0
2021-08-02	0.96	0.93	0.96	0.95	5000900.0
2021-08-03	0.94	0.94	1.02	1.02	8510100.0
2021-08-04	1.03	1.0	1.06	1.06	23281900.0
2021-08-05	1.05	1.03	1.06	1.04	5389100.0
2021-08-06	1.05	1.01	1.05	1.04	5147900.0
2021-08-09	1.04	1.03	1.05	1.04	2601300.0
2021-08-10	1.03	1.03	1.05	1.04	2081800.0
2021-08-11	1.05	1.0	1.05	1.0	3177900.0
2021-08-13	1.01	0.98	1.03	1.0	3781000.0
2021-08-16	0.98	0.95	0.98	0.97	5484200.0
2021-08-17	0.97	0.96	0.99	0.97	3954700.0
2021-08-18	0.97	0.97	1.01	1.0	9479800.0
2021-08-19	1.0	1.0	1.03	1.02	2542700.0
2021-08-20	1.02	1.02	1.04	1.02	2482900.0
2021-08-23	1.03	1.02	1.05	1.03	5915400.0
2021-08-24	1.04	1.03	1.05	1.03	4080700.0
2021-08-25	1.04	1.03	1.05	1.04	3598900.0
2021-08-26	1.04	1.03	1.05	1.03	3417400.0
2021-08-27	1.03	1.03	1.13	1.11	22550200.0
2021-08-30	1.11	1.09	1.12	1.11	8352500.0
2021-08-31	1.11	1.1	1.17	1.17	21460100.0
2021-09-01	1.18	1.15	1.22	1.16	39756800.0
2021-09-02	1.16	1.13	1.18	1.13	8481000.0
2021-09-03	1.14	1.13	1.16	1.13	9204600.0
2021-09-06	1.12	1.12	1.16	1.16	11117300.0
2021-09-07	1.17	1.15	1.29	1.29	175908600.0
2021-09-08	1.25	1.21	1.27	1.22	81439600.0
2021-09-09	1.23	1.2	1.3	1.28	116921900.0
2021-09-10	1.27	1.24	1.36	1.25	181841500.0
2021-09-13	1.26	1.25	1.31	1.31	41768400.0
2021-09-14	1.33	1.26	1.34	1.26	36432400.0
2021-09-15	1.27	1.23	1.28	1.24	20712100.0
2021-09-16	1.25	1.23	1.28	1.24	11060500.0
2021-09-17	1.24	1.2	1.24	1.21	14973400.0
2021-09-20	1.21	1.16	1.24	1.17	14703100.0
2021-09-21	1.17	1.14	1.21	1.2	12895800.0
2021-09-22	1.2	1.2	1.23	1.21	8134200.0
2021-09-23	1.21	1.17	1.23	1.18	9899500.0
2021-09-27	1.19	1.15	1.21	1.15	10748100.0
2021-09-28	1.16	1.16	1.19	1.18	3511000.0
2021-09-29	1.18	1.17	1.28	1.28	36107600.0
2021-09-30	1.26	1.2	1.27	1.21	29088900.0
2021-10-01	1.2	1.2	1.24	1.22	9196300.0
2021-10-04	1.22	1.22	1.28	1.25	45881700.0
2021-10-05	1.25	1.23	1.29	1.25	43692700.0
2021-10-06	1.26	1.26	1.35	1.34	204191100.0
2021-10-07	1.32	1.32	1.44	1.42	236588300.0
2021-10-08	1.41	1.37	1.46	1.39	118396900.0
2021-10-11	1.4	1.26	1.4	1.27	103420500.0
2021-10-12	1.27	1.27	1.36	1.31	124248100.0
2021-10-14	1.32	1.31	1.35	1.32	38669400.0
2021-10-15	1.33	1.3	1.34	1.31	14985800.0
2021-10-18	1.31	1.3	1.33	1.31	11943400.0
2021-10-19	1.32	1.27	1.36	1.27	42574400.0
2021-10-20	1.28	1.28	1.32	1.3	22208600.0
2021-10-21	1.32	1.3	1.33	1.3	11876100.0
2021-10-25	1.31	1.26	1.31	1.27	14374100.0
2021-10-26	1.27	1.27	1.29	1.28	6599600.0
2021-10-27	1.27	1.26	1.3	1.27	9324100.0
2021-10-28	1.28	1.28	1.39	1.31	195427400.0
2021-10-29	1.3	1.27	1.31	1.29	40792300.0
2021-11-01	1.29	1.28	1.32	1.3	22329900.0
2021-11-02	1.29	1.16	1.3	1.17	70438200.0
2021-11-03	1.16	1.11	1.19	1.11	22053200.0
2021-11-04	1.11	1.09	1.17	1.15	20824600.0
2021-11-05	1.15	1.14	1.17	1.15	5769400.0
2021-11-08	1.15	1.14	1.17	1.14	3167700.0
2021-11-09	1.15	1.15	1.18	1.16	5207800.0
2021-11-10	1.17	1.12	1.17	1.13	8526000.0
2021-11-11	1.14	1.13	1.18	1.15	11823700.0
2021-11-12	1.15	1.14	1.21	1.18	22557400.0
2021-11-15	1.18	1.17	1.21	1.2	23740500.0
2021-11-16	1.2	1.17	1.22	1.17	17227600.0
2021-11-17	1.18	1.18	1.28	1.24	126923500.0
2021-11-18	1.23	1.21	1.25	1.23	16329500.0
2021-11-19	1.23	1.19	1.24	1.19	16870400.0
2021-11-22	1.2	1.18	1.21	1.19	8931500.0
2021-11-23	1.19	1.18	1.2	1.18	7227000.0
2021-11-24	1.18	1.18	1.22	1.2	8342500.0
2021-11-25	1.21	1.2	1.24	1.23	30173800.0
2021-11-26	1.23	1.18	1.24	1.19	24643400.0
2021-11-29	1.19	1.14	1.2	1.14	20653500.0
2021-11-30	1.16	1.1	1.17	1.12	12404800.0
2021-12-01	1.12	1.11	1.2	1.19	57775400.0
2021-12-02	1.2	1.19	1.23	1.2	58143400.0
2021-12-03	1.2	1.16	1.21	1.16	14610600.0
2021-12-07	1.17	1.16	1.21	1.18	15432000.0
2021-12-08	1.19	1.18	1.21	1.2	11002800.0
2021-12-09	1.21	1.19	1.23	1.19	19152800.0
2021-12-13	1.19	1.19	1.23	1.19	30833700.0
2021-12-14	1.19	1.17	1.2	1.17	12046900.0
2021-12-15	1.18	1.17	1.2	1.19	15880900.0
2021-12-16	1.19	1.17	1.23	1.17	28784500.0
2021-12-17	1.18	1.17	1.19	1.17	5871100.0
2021-12-20	1.16	1.13	1.17	1.13	10584100.0
2021-12-21	1.15	1.13	1.16	1.13	6552400.0
2021-12-22	1.14	1.13	1.15	1.14	3266900.0
2021-12-23	1.15	1.14	1.16	1.15	4035600.0
2021-12-24	1.15	1.13	1.16	1.14	2665900.0
2021-12-27	1.15	1.13	1.15	1.13	2500800.0
2021-12-28	1.14	1.12	1.15	1.12	3286800.0
2021-12-29	1.13	1.12	1.14	1.13	1720200.0
2021-12-30	1.13	1.13	1.15	1.14	4021500.0
2022-01-04	1.14	1.14	1.16	1.15	3124100.0
2022-01-05	1.16	1.15	1.17	1.16	6072800.0
2022-01-06	1.17	1.14	1.17	1.16	5550200.0
2022-01-07	1.17	1.15	1.19	1.16	10840900.0
2022-01-10	1.17	1.15	1.21	1.2	27745700.0
2022-01-11	1.19	1.18	1.21	1.18	13231200.0
2022-01-12	1.19	1.18	1.23	1.22	38913000.0
2022-01-13	1.21	1.18	1.24	1.2	38310000.0
2022-01-14	1.2	1.17	1.21	1.17	13081300.0
2022-01-17	1.17	1.17	1.21	1.19	18746600.0
2022-01-18	1.19	1.17	1.2	1.17	11682800.0
2022-01-19	1.17	1.17	1.21	1.19	36757500.0
2022-01-20	1.19	1.19	1.28	1.27	242330600.0
2022-01-21	1.24	1.22	1.27	1.25	113716900.0
2022-01-24	1.26	1.09	1.3	1.13	145222300.0
2022-01-25	1.14	1.09	1.15	1.12	42837200.0
2022-01-26	1.12	1.12	1.15	1.14	13190900.0
2022-01-27	1.14	1.1	1.14	1.12	10504800.0
2022-01-28	1.13	1.12	1.15	1.13	7616800.0
2022-01-31	1.13	1.13	1.15	1.14	3754000.0
2022-02-01	1.14	1.14	1.16	1.14	4109800.0
2022-02-02	1.14	1.14	1.16	1.14	12816600.0
2022-02-03	1.15	1.14	1.16	1.14	9157100.0
2022-02-04	1.15	1.13	1.16	1.14	5473800.0
2022-02-07	1.14	1.11	1.14	1.13	5218600.0
2022-02-08	1.13	1.12	1.14	1.12	4603700.0
2022-02-09	1.13	1.11	1.14	1.12	7236300.0
2022-02-10	1.12	1.11	1.13	1.11	4706300.0
2022-02-11	1.11	1.11	1.13	1.12	2801000.0
2022-02-14	1.11	1.09	1.11	1.1	6333000.0
2022-02-15	1.09	1.05	1.1	1.06	11165500.0
2022-02-17	1.08	1.08	1.1	1.09	3680500.0
2022-02-18	1.09	1.07	1.09	1.07	2611500.0
2022-02-21	1.07	1.02	1.07	1.03	7177000.0
2022-02-22	1.03	1.0	1.04	1.04	4062100.0
2022-02-23	1.04	1.04	1.07	1.05	2832000.0
2022-02-24	1.05	1.02	1.06	1.02	3761800.0
2022-02-25	1.04	1.02	1.06	1.04	2670600.0
2022-02-28	1.04	1.02	1.05	1.02	1991200.0
2022-03-01	1.03	1.03	1.05	1.03	2175400.0
2022-03-02	1.03	1.01	1.04	1.02	1904900.0
2022-03-03	1.02	1.01	1.04	1.02	1611500.0
2022-03-04	1.01	1.01	1.05	1.02	3595800.0
2022-03-07	1.01	0.95	1.01	0.96	6847200.0
2022-03-08	0.96	0.85	0.96	0.89	7636400.0
2022-03-09	0.89	0.88	0.95	0.95	2864500.0
2022-03-10	0.96	0.95	0.99	0.98	2129000.0
2022-03-11	0.97	0.96	1.02	1.0	2034800.0
2022-03-14	0.99	0.98	1.02	1.0	1598100.0
2022-03-15	1.02	0.98	1.02	0.98	2362600.0
2022-03-16	1.0	0.99	1.01	1.01	2154100.0
2022-03-17	1.01	1.0	1.02	1.01	702800.0
2022-03-18	1.01	1.0	1.06	1.05	6317700.0
2022-03-21	1.06	1.03	1.07	1.03	4849300.0
2022-03-22	1.03	1.02	1.04	1.02	2970900.0
2022-03-23	1.02	1.0	1.03	1.02	4785600.0
2022-03-24	1.02	1.0	1.02	1.0	1362800.0
2022-03-25	1.01	0.99	1.03	0.99	3634200.0
2022-03-28	0.99	0.99	1.01	1.01	1297000.0
2022-03-29	1.01	0.99	1.01	0.99	2614300.0
2022-03-30	1.0	0.99	1.01	1.0	2991100.0
2022-03-31	0.99	0.99	1.06	1.03	14128200.0
2022-04-01	1.03	1.02	1.05	1.03	2968900.0
2022-04-04	1.04	1.04	1.07	1.05	7099000.0
2022-04-05	1.05	1.04	1.11	1.07	35984200.0
2022-04-07	1.06	1.03	1.06	1.04	5926900.0
2022-04-08	1.04	1.03	1.05	1.04	2054400.0
2022-04-11	1.04	1.01	1.04	1.01	2290900.0
2022-04-12	1.0	1.0	1.02	1.0	1953100.0
2022-04-18	1.0	1.0	1.04	1.02	2081100.0
2022-04-19	1.01	1.01	1.04	1.02	1306800.0
2022-04-20	1.02	1.01	1.04	1.01	2918600.0
2022-04-21	1.01	1.0	1.02	1.0	2615200.0
2022-04-22	1.01	1.0	1.01	1.01	890800.0
2022-04-25	1.01	0.99	1.01	1.0	1572800.0
2022-04-26	1.0	0.98	1.0	0.98	1442900.0
2022-04-27	0.98	0.98	1.01	0.98	1404700.0
2022-04-28	0.98	0.98	1.0	0.99	845300.0
2022-04-29	0.99	0.99	1.01	0.99	1667300.0
2022-05-03	0.98	0.96	1.0	0.97	2279400.0
2022-05-05	0.98	0.94	0.99	0.95	1381900.0
2022-05-06	0.9	0.9	0.93	0.93	1913800.0
2022-05-09	0.9	0.88	0.92	0.89	2356900.0
2022-05-10	0.89	0.88	0.93	0.92	2462400.0
2022-05-11	0.93	0.9	0.93	0.91	1947400.0
2022-05-12	0.9	0.87	0.91	0.87	2560900.0
2022-05-13	0.87	0.86	0.9	0.87	1646700.0
2022-05-17	0.88	0.87	0.91	0.91	2262900.0
2022-05-18	0.91	0.91	0.93	0.93	1809800.0
2022-05-19	0.93	0.9	0.93	0.91	1884700.0
2022-05-20	0.91	0.91	0.93	0.92	446100.0
2022-05-23	0.93	0.91	0.93	0.92	1409400.0
2022-05-24	0.91	0.91	0.94	0.92	3736500.0
2022-05-25	0.91	0.91	0.93	0.93	1801200.0
2022-05-26	0.93	0.92	0.94	0.93	1787800.0
2022-05-27	0.93	0.93	0.95	0.94	337100.0
2022-05-30	0.94	0.94	0.95	0.94	846300.0
2022-05-31	0.94	0.93	0.95	0.93	2360900.0
2022-06-01	0.94	0.93	0.99	0.96	10187800.0
2022-06-02	0.96	0.95	0.97	0.95	2097100.0
2022-06-06	0.96	0.93	0.96	0.93	1608900.0
2022-06-07	0.94	0.93	0.94	0.94	906400.0
2022-06-08	0.94	0.93	0.96	0.94	2335200.0
2022-06-09	0.94	0.94	1.01	0.96	15657500.0
2022-06-10	0.97	0.93	0.97	0.95	3270600.0
2022-06-13	0.93	0.89	0.93	0.9	4211800.0
2022-06-14	0.89	0.89	0.91	0.9	926200.0
2022-06-15	0.91	0.89	0.91	0.89	2976200.0
2022-06-16	0.9	0.87	0.9	0.87	2662700.0
2022-06-17	0.87	0.86	0.9	0.88	2169300.0
2022-06-20	0.87	0.86	0.89	0.88	1782800.0
2022-06-21	0.89	0.87	0.9	0.89	1706900.0
2022-06-22	0.9	0.86	0.9	0.86	2250800.0
2022-06-23	0.86	0.86	0.88	0.87	1846600.0
2022-06-24	0.87	0.86	0.88	0.87	1893600.0
2022-06-27	0.87	0.87	0.88	0.87	1662900.0
2022-06-28	0.86	0.86	0.87	0.86	3263900.0
2022-06-29	0.86	0.86	0.88	0.86	3250700.0
2022-06-30	0.86	0.85	0.88	0.86	3060800.0
2022-07-01	0.86	0.83	0.86	0.85	5159300.0
2022-07-04	0.84	0.82	0.85	0.82	2451500.0
2022-07-05	0.82	0.79	0.83	0.8	2917600.0
2022-07-06	0.79	0.79	0.81	0.81	1281300.0
2022-07-07	0.81	0.8	0.81	0.81	3113400.0
2022-07-08	0.81	0.8	0.81	0.8	1469000.0
2022-07-11	0.8	0.79	0.83	0.81	5005700.0
2022-07-12	0.81	0.79	0.81	0.8	418600.0
2022-07-14	0.79	0.79	0.8	0.79	494500.0
2022-07-15	0.78	0.77	0.8	0.78	1918900.0
2022-07-18	0.77	0.76	0.78	0.77	1909400.0
2022-07-19	0.77	0.66	0.77	0.71	4960100.0
2022-07-20	0.72	0.71	0.72	0.71	1946200.0
2022-07-21	0.72	0.71	0.73	0.72	471300.0
2022-07-22	0.73	0.72	0.74	0.73	976300.0
2022-07-25	0.72	0.72	0.82	0.82	12749800.0
2022-07-26	0.82	0.81	0.85	0.83	7601900.0
2022-07-27	0.83	0.8	0.84	0.8	2478200.0
2022-08-01	0.8	0.8	0.86	0.84	8368000.0
2022-08-02	0.86	0.83	0.86	0.83	3797100.0
2022-08-03	0.84	0.83	0.85	0.84	2186900.0
2022-08-04	0.84	0.84	0.88	0.86	6119700.0
2022-08-05	0.86	0.84	0.87	0.84	1602900.0
2022-08-08	0.85	0.84	0.85	0.84	1515300.0
2022-08-09	0.84	0.84	0.85	0.84	2938500.0
2022-08-10	0.84	0.82	0.84	0.82	2685500.0
2022-08-11	0.83	0.82	0.84	0.83	1289600.0
2022-08-15	0.82	0.82	0.83	0.83	847500.0
2022-08-16	0.82	0.81	0.83	0.82	329800.0
2022-08-17	0.82	0.81	0.83	0.82	2050300.0
2022-08-18	0.82	0.81	0.83	0.82	635900.0
2022-08-19	0.82	0.81	0.83	0.82	2322400.0
2022-08-22	0.81	0.81	0.82	0.81	274500.0
2022-08-23	0.8	0.8	0.87	0.85	11112900.0
2022-08-24	0.85	0.84	0.86	0.84	2214700.0
2022-08-25	0.85	0.85	0.91	0.88	11405400.0
2022-08-26	0.88	0.86	0.89	0.86	2327500.0
2022-08-29	0.86	0.85	0.87	0.85	1742000.0
2022-08-30	0.86	0.86	0.89	0.86	2547300.0
2022-08-31	0.87	0.85	0.87	0.85	2977300.0
2022-09-01	0.85	0.83	0.85	0.83	1520000.0
2022-09-02	0.83	0.82	0.83	0.82	1605300.0
2022-09-05	0.82	0.82	0.89	0.88	7967400.0
2022-09-06	0.9	0.89	0.95	0.9	14869800.0
2022-09-07	0.9	0.88	0.92	0.89	4832900.0
2022-09-08	0.89	0.88	0.9	0.89	3083600.0
2022-09-09	0.89	0.88	0.89	0.88	1758600.0
2022-09-12	0.89	0.88	0.9	0.88	2536700.0
2022-09-13	0.88	0.87	0.88	0.87	1339400.0
2022-09-14	0.86	0.85	0.89	0.89	1201600.0
2022-09-15	0.9	0.88	0.9	0.89	1566800.0
2022-09-16	0.88	0.86	0.89	0.88	3236200.0
2022-09-19	0.87	0.87	0.91	0.88	3997800.0
2022-09-20	0.88	0.88	0.93	0.93	13820200.0
2022-09-21	0.95	0.9	0.97	0.91	14289200.0
2022-09-22	0.9	0.9	0.92	0.92	1504600.0
2022-09-23	0.91	0.89	0.92	0.9	2041500.0
2022-09-26	0.9	0.87	0.9	0.88	2090500.0
2022-09-27	0.88	0.83	0.89	0.83	3647600.0
2022-09-28	0.83	0.82	0.83	0.83	2101900.0
2022-09-29	0.84	0.82	0.87	0.84	3737700.0
2022-09-30	0.84	0.83	0.86	0.85	2102100.0
2022-10-03	0.84	0.81	0.85	0.81	4217700.0
2022-10-04	0.82	0.81	0.85	0.82	3698000.0
2022-10-05	0.83	0.82	0.85	0.82	4241800.0
2022-10-06	0.82	0.81	0.85	0.83	3521100.0
2022-10-07	0.83	0.81	0.83	0.82	1357700.0
2022-10-10	0.82	0.8	0.82	0.82	1633000.0
2022-10-11	0.82	0.81	0.84	0.82	2575400.0
2022-10-12	0.82	0.81	0.83	0.81	906500.0
2022-10-17	0.81	0.81	0.82	0.82	303800.0
2022-10-18	0.82	0.81	0.83	0.82	393100.0
2022-10-19	0.82	0.81	0.82	0.81	555300.0
2022-10-20	0.81	0.8	0.82	0.81	880400.0
2022-10-21	0.81	0.8	0.82	0.8	527100.0
2022-10-25	0.8	0.8	0.81	0.8	636000.0
2022-10-26	0.81	0.8	0.82	0.81	864500.0
2022-10-27	0.82	0.8	0.82	0.8	415900.0
2022-10-28	0.81	0.8	0.82	0.8	593500.0
2022-10-31	0.81	0.8	0.81	0.8	457300.0
2022-11-01	0.8	0.8	0.81	0.8	202700.0
2022-11-02	0.81	0.79	0.82	0.8	2315800.0
2022-11-03	0.8	0.79	0.81	0.8	771500.0
2022-11-04	0.79	0.79	0.81	0.8	536600.0
2022-11-07	0.81	0.79	0.81	0.8	341900.0
2022-11-08	0.8	0.78	0.8	0.79	705000.0
2022-11-09	0.8	0.78	0.8	0.79	579200.0
2022-11-10	0.79	0.77	0.79	0.78	449500.0
2022-11-11	0.78	0.76	0.78	0.78	934700.0
2022-11-14	0.78	0.77	0.79	0.78	650000.0
2022-11-15	0.78	0.77	0.79	0.78	914500.0
2022-11-16	0.78	0.76	0.78	0.77	745500.0
2022-11-17	0.77	0.75	0.77	0.75	1453700.0
2022-11-18	0.74	0.7	0.75	0.72	2668200.0
2022-11-21	0.72	0.7	0.72	0.71	692800.0
2022-11-22	0.71	0.71	0.73	0.71	184200.0
2022-11-23	0.71	0.71	0.74	0.73	452400.0
2022-11-24	0.73	0.71	0.73	0.72	167900.0
2022-11-25	0.72	0.72	0.74	0.73	252900.0
2022-11-28	0.72	0.72	0.74	0.74	496700.0
2022-11-29	0.74	0.73	0.76	0.75	742300.0
2022-11-30	0.75	0.75	0.77	0.75	595000.0
2022-12-01	0.76	0.75	0.77	0.75	434200.0
2022-12-02	0.75	0.75	0.81	0.8	4813400.0
2022-12-06	0.78	0.77	0.8	0.77	754500.0
2022-12-07	0.77	0.75	0.78	0.76	272000.0
2022-12-08	0.76	0.75	0.77	0.76	588500.0
2022-12-09	0.76	0.76	0.77	0.77	48700.0
2022-12-13	0.77	0.75	0.77	0.76	131800.0
2022-12-14	0.76	0.75	0.76	0.76	188400.0
2022-12-15	0.76	0.75	0.76	0.75	516500.0
2022-12-16	0.75	0.74	0.75	0.75	254700.0
2022-12-19	0.75	0.74	0.77	0.75	170400.0
2022-12-20	0.75	0.73	0.75	0.73	514800.0
2022-12-21	0.74	0.73	0.74	0.73	266200.0
2022-12-22	0.73	0.73	0.75	0.74	155200.0
2022-12-23	0.75	0.73	0.76	0.74	1574200.0
2022-12-26	0.74	0.73	0.75	0.74	152100.0
2022-12-27	0.74	0.73	0.75	0.75	156700.0
2022-12-28	0.75	0.75	0.77	0.77	2885200.0
2022-12-29	0.78	0.76	0.78	0.77	1995200.0
2022-12-30	0.77	0.76	0.78	0.76	585000.0
