Date	Price Open	Price Low	Price High	Price Close	Volume
2015-09-29	8.117643	7.7058785	9.3529365	9.3529365	424450772
2015-09-30	9.3529365	8.470584	9.647054	8.470584	223226431
2015-10-01	8.470584	7.882349	8.7647015	7.882349	97819408
2015-10-02	7.999996	7.411761	8.23529	7.647055	90625685
2015-10-05	7.8235255	7.764702	8.4117605	8.2941135	89045364
2015-10-06	8.23529	8.0588195	8.4117605	8.117643	31467695
2015-10-07	8.117643	7.999996	8.7647015	8.117643	136512618
2015-10-08	8.1764665	7.8235255	8.1764665	7.999996	39434579
2015-10-09	8.117643	7.999996	8.2941135	8.117643	20779280
2015-10-12	8.1764665	7.9411725	8.352937	8.117643	28949484
2015-10-13	8.117643	8.117643	8.2941135	8.1764665	11390515
2015-10-14	8.23529	8.23529	8.588231	8.5294075	38096679
2015-10-15	8.5294075	8.352937	8.6470545	8.352937	16963798
2015-10-16	8.5294075	8.23529	8.941172	8.4117605	71891675
2015-10-19	8.352937	8.352937	8.588231	8.5294075	9641214
2015-10-20	8.588231	8.588231	8.823525	8.6470545	14632417
2015-10-21	8.705878	8.5294075	8.705878	8.588231	6485333
2015-10-22	8.5294075	8.4117605	8.588231	8.588231	8109514
2015-10-26	8.4117605	8.352937	8.5294075	8.4117605	2424711
2015-10-27	8.4117605	8.23529	8.4117605	8.23529	1583890
2015-10-28	8.2941135	8.2941135	8.4117605	8.2941135	933810
2015-10-29	8.352937	8.23529	8.4117605	8.4117605	1142740
2015-10-30	8.4117605	8.2941135	8.705878	8.705878	7570783
2015-11-02	8.6470545	8.6470545	8.823525	8.705878	2009231
2015-11-03	8.6470545	8.6470545	9.2352895	9.176466	19015189
2015-11-04	9.2352895	8.9999955	10.1764655	10.1764655	42599471
2015-11-05	10.117642	9.882348	10.7647005	10.1764655	17881458
2015-11-06	10.1764655	10.0588185	10.8823475	10.823524	8707064
2015-11-09	10.823524	10.470583	10.8823475	10.58823	7666153
2015-11-10	10.58823	10.2941125	10.7647005	10.58823	6799323
2015-11-11	10.58823	10.4117595	10.705877	10.470583	3182911
2015-11-12	10.470583	10.2941125	10.58823	10.58823	1818830
2015-11-13	10.58823	10.1764655	10.58823	10.470583	2575161
2015-11-16	10.352936	10.2941125	11.1176415	10.941171	4997322
2015-11-17	10.941171	10.823524	11.1176415	10.941171	3113041
2015-11-18	10.9999945	10.823524	11.411759	11.2352885	7041573
2015-11-19	11.294112	11.176465	11.7647	11.7647	7201713
2015-11-20	11.7647	11.5882295	11.9411705	11.647053	4977432
2015-11-23	11.7058765	11.2352885	11.7058765	11.4705825	6322643
2015-11-24	11.529406	10.9999945	11.529406	11.294112	8389164
2015-11-25	11.3529355	11.2352885	11.411759	11.2352885	897770
2015-11-26	11.294112	10.705877	11.3529355	11.1176415	3784541
2015-11-27	11.058818	10.8823475	11.294112	11.294112	2004301
2015-11-30	11.3529355	11.176465	11.529406	11.529406	6027693
2015-12-01	11.647053	11.411759	11.7058765	11.529406	1849770
2015-12-02	11.5882295	11.3529355	11.647053	11.3529355	1379210
2015-12-03	11.3529355	10.9999945	11.3529355	11.3529355	2365381
2015-12-04	11.176465	11.058818	11.294112	11.2352885	1701360
2015-12-08	11.1176415	10.941171	11.176465	11.1176415	1477640
2015-12-09	11.058818	10.9999945	11.176465	11.058818	844220
2015-12-11	11.058818	10.7647005	11.1176415	10.7647005	1031730
2015-12-14	10.5294065	9.9411715	10.823524	10.7647005	2186031
2015-12-15	10.58823	10.58823	11.176465	11.058818	1231480
2015-12-16	11.058818	10.823524	11.3529355	11.2352885	842520
2015-12-17	11.294112	11.176465	11.5882295	11.5882295	2537931
2015-12-18	11.5882295	11.294112	11.5882295	11.529406	995350
2015-12-21	11.3529355	11.3529355	11.5882295	11.529406	1067770
2015-12-22	11.4705825	11.294112	11.529406	11.294112	417350
2015-12-23	11.2352885	10.9999945	11.294112	11.058818	1475090
2015-12-24	11.2352885	10.941171	11.411759	11.411759	1135940
2015-12-25	11.4705825	11.294112	11.8235235	11.7058765	3428391
2015-12-28	11.4705825	11.3529355	12.2941115	12.2941115	2356201
2015-12-29	12.352935	12.352935	12.9999935	12.94117	4808792
2015-12-30	12.8823465	12.8823465	13.882346	13.4705815	2775251
2016-01-04	13.4705815	12.352935	13.7058755	13.2352875	8138754
2016-01-05	13.176464	12.9999935	13.176464	13.058817	1241680
2016-01-06	12.94117	12.7646995	13.176464	13.058817	2034051
2016-01-07	12.823523	12.5294055	12.823523	12.588229	2831861
2016-01-08	12.705876	12.117641	12.705876	12.2941115	5693812
2016-01-11	11.999994	11.8235235	12.352935	12.1764645	3388781
2016-01-12	12.235288	12.117641	12.823523	12.588229	5017722
2016-01-13	12.7646995	12.5294055	13.294111	13.294111	4659022
2016-01-14	13.1176405	12.9999935	13.647052	13.411758	4653242
2016-01-15	13.4705815	13.3529345	13.8235225	13.8235225	2769981
2016-01-18	13.7058755	13.647052	14.588228	14.470581	5551862
2016-01-19	14.5294045	13.999993	14.9999925	14.705875	6671143
2016-01-20	14.705875	13.999993	14.85293375	14.11764	3777571
2016-01-21	14.235287	13.411758	14.4117575	14.4117575	4911812
2016-01-22	14.4117575	14.1764635	14.705875	14.5294045	1287920
2016-01-25	14.6470515	14.352934	14.6470515	14.352934	1331950
2016-01-26	14.4117575	14.235287	14.6470515	14.2941105	581230
2016-01-27	14.4117575	14.11764	14.5294045	14.352934	781490
2016-01-28	14.235287	13.5882285	14.352934	13.882346	4121822
2016-01-29	13.9411695	13.3529345	13.999993	13.764699	2137921
2016-02-01	13.7058755	13.7058755	14.0588165	13.9411695	1392470
2016-02-02	13.9411695	13.7058755	14.0588165	13.764699	1241000
2016-02-03	13.647052	13.4705815	13.882346	13.647052	1910290
2016-02-04	13.529405	13.529405	13.647052	13.647052	746470
2016-02-05	13.8235225	13.647052	13.882346	13.882346	1312740
2016-02-08	13.764699	13.4705815	13.764699	13.4705815	1167900
2016-02-09	13.3529345	12.9999935	13.411758	13.3529345	2258111
2016-02-10	13.294111	13.294111	13.7058755	13.5882285	1379210
2016-02-11	13.529405	13.2352875	13.5882285	13.2352875	1267520
2016-02-12	13.2352875	12.823523	13.411758	12.823523	1838210
2016-02-15	13.058817	12.823523	13.4705815	13.058817	919870
2016-02-16	12.8823465	12.823523	13.294111	12.94117	413270
2016-02-17	12.94117	11.7058765	12.94117	12.117641	4218042
2016-02-18	12.117641	10.823524	12.1764645	12.1764645	12815796
2016-02-19	12.1764645	11.9411705	12.4117585	12.117641	2069241
2016-02-23	12.235288	11.999994	12.2941115	12.0588175	502180
2016-02-24	12.2941115	12.0588175	13.176464	13.1176405	8695334
2016-02-25	13.411758	12.9999935	13.411758	13.1176405	2797181
2016-02-26	13.176464	12.705876	13.176464	12.9999935	2516851
2016-02-29	13.1176405	12.470582	13.176464	13.176464	4069632
2016-03-01	13.1176405	12.705876	13.1176405	12.705876	1417800
2016-03-02	12.823523	12.5294055	12.9999935	12.8823465	2205411
2016-03-03	12.9999935	12.705876	12.9999935	12.9999935	1693710
2016-03-04	12.94117	12.7646995	12.94117	12.7646995	665040
2016-03-07	12.8823465	12.5294055	13.058817	12.588229	2582131
2016-03-08	12.588229	12.117641	12.588229	12.117641	1623160
2016-03-09	12.1764645	11.9411705	12.1764645	12.1764645	806480
2016-03-10	12.235288	12.1764645	12.4117585	12.235288	715700
2016-03-11	12.235288	12.117641	12.352935	12.352935	546040
2016-03-14	12.2941115	12.1764645	12.2941115	12.1764645	471920
2016-03-15	12.2941115	12.0588175	12.5294055	12.352935	2543371
2016-03-16	12.470582	12.235288	12.470582	12.235288	341190
2016-03-17	12.235288	12.117641	12.2941115	12.2941115	316030
2016-03-18	12.2941115	12.235288	12.5294055	12.2941115	974270
2016-03-21	12.2941115	12.2941115	12.94117	12.8823465	7353183
2016-03-22	12.94117	12.588229	12.94117	12.705876	3027531
2016-03-23	12.7646995	12.470582	12.823523	12.6470525	1784830
2016-03-24	12.6470525	12.470582	12.6470525	12.5294055	1376490
2016-03-25	12.4117585	12.4117585	12.7646995	12.6470525	1628940
2016-03-28	12.6470525	12.5294055	12.7646995	12.5294055	382840
2016-03-29	12.588229	12.352935	12.705876	12.6470525	980390
2016-03-30	12.6470525	12.470582	12.705876	12.470582	931940
2016-03-31	12.470582	12.352935	12.588229	12.588229	1135090
2016-04-01	12.588229	12.4117585	12.588229	12.470582	144330
2016-04-04	12.4117585	12.352935	12.470582	12.352935	475490
2016-04-05	12.352935	12.0588175	12.352935	12.0588175	989400
2016-04-07	11.999994	11.882347	12.352935	11.882347	814300
2016-04-08	11.8235235	11.8235235	12.117641	12.0588175	332860
2016-04-11	11.9411705	11.647053	11.999994	11.647053	1399780
2016-04-12	11.7647	11.5882295	11.8235235	11.5882295	1354730
2016-04-18	11.647053	11.4705825	11.7647	11.5882295	841500
2016-04-19	11.5882295	11.529406	11.647053	11.5882295	826200
2016-04-20	11.647053	11.5882295	12.235288	12.117641	2102221
2016-04-21	12.117641	11.9411705	12.235288	11.9411705	787610
2016-04-22	11.8235235	11.7647	11.9411705	11.7647	640050
2016-04-25	11.882347	11.8235235	12.0588175	11.8235235	352920
2016-04-26	11.999994	11.8235235	11.999994	11.882347	173400
2016-04-27	11.999994	11.4705825	12.0588175	11.8235235	2119561
2016-04-28	11.8235235	11.294112	11.8235235	11.411759	9053014
2016-04-29	11.5882295	11.529406	11.882347	11.5882295	4180132
2016-05-03	11.7058765	11.529406	11.882347	11.529406	4376482
2016-05-04	12.2	11.8	12.5	12.3	4695200
2016-05-06	12.2	11.8	12.5	12.3	4695200
2016-05-09	12.5	12.0	12.5	12.0	2534300
2016-05-10	12.2	11.1	12.2	11.6	4024600
2016-05-11	11.6	11.4	11.9	11.6	2456800
2016-05-12	11.4	11.2	11.5	11.3	1790700
2016-05-13	11.3	11.2	11.5	11.2	1959100
2016-05-16	11.2	11.1	11.3	11.1	730900
2016-05-17	11.1	11.0	11.2	11.0	1065600
2016-05-18	11.0	10.8	11.0	10.8	1198200
2016-05-19	11.1	10.8	11.1	10.9	886400
2016-05-23	11.0	10.7	11.0	10.8	254400
2016-05-24	10.9	10.9	11.4	11.1	1081200
2016-05-25	11.2	11.0	11.3	11.1	1856400
2016-05-26	11.1	10.7	11.1	10.8	3732500
2016-05-27	10.8	10.4	11.0	10.4	4810600
2016-05-30	10.4	10.0	10.5	10.4	2682500
2016-05-31	10.4	10.2	10.5	10.4	1786800
2016-06-01	10.4	10.4	10.9	10.7	3237100
2016-06-02	10.7	10.5	10.9	10.6	2754600
2016-06-03	10.6	10.6	11.0	10.7	3054900
2016-06-06	10.7	10.7	11.0	10.8	5949100
2016-06-07	10.8	10.5	10.9	10.8	4108400
2016-06-08	10.9	10.8	11.6	11.4	15883300
2016-06-09	11.4	11.2	11.5	11.2	6455700
2016-06-10	11.3	10.8	11.3	10.9	5199700
2016-06-13	10.8	10.6	10.8	10.7	2761600
2016-06-14	10.7	10.6	11.0	10.9	1515900
2016-06-15	10.8	10.7	10.8	10.8	965900
2016-06-16	10.8	10.4	10.8	10.6	2839200
2016-06-17	10.6	10.4	10.7	10.6	3310700
2016-06-20	10.7	10.3	10.7	10.6	3470300
2016-06-21	10.7	10.6	10.8	10.6	1105300
2016-06-22	10.7	10.4	10.7	10.4	2511200
2016-06-23	10.4	10.3	10.5	10.4	3007800
2016-06-24	10.3	10.2	10.3	10.3	2337500
2016-06-27	10.3	10.3	11.1	10.7	4494500
2016-06-28	10.9	10.9	11.1	10.9	7045400
2016-06-29	11.1	10.8	11.2	10.9	5095500
2016-06-30	11.0	10.6	11.0	10.6	2165900
2016-07-04	10.7	10.6	10.9	10.8	2449500
2016-07-05	10.8	10.6	10.9	10.7	1765400
2016-07-06	10.7	10.6	10.8	10.7	2094500
2016-07-07	10.7	10.5	10.7	10.6	2057800
2016-07-08	10.6	10.5	10.8	10.5	1129000
2016-07-11	10.5	10.4	10.6	10.4	2548600
2016-07-12	10.4	10.2	10.4	10.3	2071400
2016-07-13	10.4	10.2	10.5	10.2	1777600
2016-07-14	10.2	10.2	10.5	10.4	1817400
2016-07-15	10.4	10.2	10.4	10.3	2797600
2016-07-20	10.3	10.3	10.4	10.3	2095500
2016-07-21	10.3	10.2	10.4	10.3	2877000
2016-07-22	10.2	9.9	10.3	9.95	6229700
2016-07-25	10.1	10.0	10.1	10.1	2213900
2016-07-26	10.1	9.5	10.1	9.65	5292200
2016-07-27	9.7	9.7	9.9	9.9	2168600
2016-07-28	9.9	9.8	9.95	9.9	756300
2016-07-29	9.85	9.8	9.9	9.85	1519300
2016-08-01	9.8	9.7	9.9	9.8	2568800
2016-08-02	9.8	9.0	9.85	9.15	6101600
2016-08-03	9.15	8.75	9.35	8.75	10461200
2016-08-04	8.75	8.3	8.75	8.3	9869500
2016-08-05	8.3	8.3	8.65	8.35	12926500
2016-08-08	8.5	8.35	8.55	8.45	7914500
2016-08-09	8.5	8.1	8.55	8.2	8440900
2016-08-10	8.2	7.9	8.2	7.95	8589100
2016-08-11	7.95	7.5	7.95	7.55	9671000
2016-08-15	7.6	7.6	7.9	7.9	9869200
2016-08-16	7.9	7.9	8.45	8.35	21784700
2016-08-17	8.4	8.4	8.65	8.55	13428600
2016-08-18	8.55	8.3	8.6	8.35	6065400
2016-08-19	8.4	8.4	8.95	8.95	23708500
2016-08-22	9.1	9.05	9.55	9.25	30182300
2016-08-23	9.15	9.1	9.35	9.2	7002600
2016-08-24	9.2	9.15	9.75	9.65	21199900
2016-08-25	9.75	9.35	9.8	9.4	9543700
2016-08-26	9.4	9.2	9.5	9.25	3552700
2016-08-29	9.1	8.95	9.25	9.05	7974500
2016-08-30	9.1	9.1	9.8	9.75	25587600
2016-08-31	9.75	9.4	9.8	9.45	11770800
2016-09-01	9.5	9.4	9.9	9.45	15598600
2016-09-02	9.5	9.25	9.55	9.4	4628000
2016-09-05	9.5	8.6	9.55	8.85	7765300
2016-09-06	8.9	8.85	9.15	8.9	3031500
2016-09-07	9.0	8.7	9.05	8.7	2618100
2016-09-08	8.6	8.05	8.75	8.05	5459900
2016-09-09	7.75	7.5	8.15	8.0	5344900
2016-09-12	7.85	7.65	7.9	7.65	2095700
2016-09-13	7.75	7.75	8.0	8.0	3459700
2016-09-14	7.95	7.95	8.2	8.15	2059000
2016-09-15	8.25	8.15	8.55	8.25	3472200
2016-09-16	8.3	8.2	8.35	8.25	1991800
2016-09-19	8.35	8.25	8.35	8.3	2123900
2016-09-20	8.3	8.05	8.3	8.1	3677300
2016-09-21	8.1	8.1	8.25	8.15	1087900
2016-09-22	8.2	8.2	8.5	8.5	3898300
2016-09-23	8.5	8.35	8.9	8.8	14420400
2016-09-26	8.8	8.8	9.2	9.05	12726500
2016-09-27	9.15	9.05	9.3	9.05	6792300
2016-09-28	9.1	8.8	9.15	8.8	4128200
2016-09-29	9.0	8.8	9.05	9.05	2000800
2016-09-30	9.0	8.85	9.25	9.0	8156100
2016-10-03	9.1	8.85	9.1	8.95	1424600
2016-10-04	9.0	8.85	9.0	9.0	875000
2016-10-05	9.0	9.0	9.4	9.4	11044700
2016-10-06	9.45	9.4	9.65	9.45	11749600
2016-10-07	9.5	9.05	9.5	9.15	5137600
2016-10-10	8.2	8.1	8.7	8.4	8952400
2016-10-11	8.5	7.9	8.5	8.1	3652800
2016-10-12	7.9	7.1	8.05	7.8	8795800
2016-10-13	7.5	7.25	7.75	7.6	8228300
2016-10-14	8.0	7.75	8.4	8.25	11430300
2016-10-17	8.35	8.15	8.8	8.75	12883500
2016-10-18	8.8	8.6	8.9	8.75	8514300
2016-10-19	8.8	8.75	9.0	8.85	5397600
2016-10-20	8.9	8.6	9.0	8.7	5880300
2016-10-21	8.7	8.6	8.9	8.7	4018000
2016-10-25	8.7	8.65	8.8	8.7	1483300
2016-10-26	8.65	8.55	8.75	8.6	1769400
2016-10-27	8.6	8.4	8.65	8.5	1767700
2016-10-28	8.55	8.25	8.55	8.35	1985500
2016-10-31	8.35	8.3	8.45	8.35	1855700
2016-11-01	8.45	8.4	8.5	8.4	1659400
2016-11-02	8.45	8.3	8.45	8.35	1401100
2016-11-03	8.45	8.35	8.5	8.35	1118000
2016-11-04	8.4	8.4	8.75	8.5	8980800
2016-11-07	8.65	8.55	9.0	9.0	14281400
2016-11-08	9.15	8.8	9.3	8.8	27519000
2016-11-09	8.7	8.55	8.85	8.75	7533600
2016-11-10	8.9	8.25	8.9	8.3	14823300
2016-11-11	7.9	7.55	8.05	7.6	21658500
2016-11-14	7.5	7.4	7.7	7.55	4323000
2016-11-15	7.6	7.55	7.8	7.8	3026800
2016-11-16	7.9	7.7	7.9	7.7	1774300
2016-11-17	7.6	7.6	7.7	7.6	1564200
2016-11-18	7.6	7.5	7.6	7.5	2302500
2016-11-21	7.55	7.5	7.65	7.5	1631000
2016-11-22	7.55	7.45	7.6	7.5	1791400
2016-11-23	7.5	7.45	7.6	7.5	1171300
2016-11-24	7.55	7.55	8.0	8.0	18192900
2016-11-25	8.0	7.9	8.2	7.9	12383400
2016-11-28	7.9	7.7	7.9	7.75	5874000
2016-11-29	7.75	7.75	7.95	7.75	5701900
2016-11-30	7.75	7.7	7.85	7.8	1954300
2016-12-01	7.85	7.6	7.9	7.7	3023800
2016-12-02	7.7	7.55	7.7	7.6	1914300
2016-12-06	7.6	7.6	7.7	7.65	650000
2016-12-07	7.65	7.65	7.85	7.7	2623700
2016-12-08	7.75	7.65	7.8	7.7	1708800
2016-12-09	7.75	7.7	8.0	7.95	6988400
2016-12-13	7.95	7.9	8.15	8.05	6915300
2016-12-14	8.05	7.9	8.1	8.0	3316700
2016-12-15	7.95	7.9	8.0	7.95	1107200
2016-12-16	8.05	8.0	8.15	8.1	8170800
2016-12-19	8.1	7.95	8.1	8.0	1075100
2016-12-20	7.95	7.8	8.0	7.85	2002100
2016-12-21	7.9	7.9	7.95	7.9	1717800
2016-12-22	7.95	7.8	7.95	7.9	1002200
2016-12-23	7.9	7.8	7.9	7.9	409200
2016-12-26	7.8	7.75	7.9	7.75	1626600
2016-12-27	7.75	7.7	7.8	7.75	1242300
2016-12-28	7.75	7.75	7.9	7.8	1633900
2016-12-29	7.85	7.8	7.85	7.85	723400
2016-12-30	7.85	7.8	7.95	7.8	1524800
2017-01-04	7.85	7.8	8.0	7.95	1431200
2017-01-05	8.0	7.95	8.35	8.35	15317600
2017-01-06	8.35	8.3	8.4	8.3	5516000
2017-01-09	8.35	8.3	8.6	8.5	9060900
2017-01-10	8.5	8.4	8.6	8.4	3902900
2017-01-11	8.4	8.3	8.45	8.35	1527700
2017-01-12	8.35	8.35	8.65	8.5	4792800
2017-01-13	8.55	8.5	8.6	8.5	2012200
2017-01-16	8.5	8.3	8.5	8.4	1473100
2017-01-17	8.45	8.2	8.45	8.25	2286600
2017-01-18	8.3	8.2	8.45	8.2	2036500
2017-01-19	8.25	8.25	8.6	8.6	12337300
2017-01-20	8.6	8.55	9.15	9.15	27597200
2017-01-23	9.15	8.8	9.15	8.85	13861700
2017-01-24	8.9	8.8	9.15	8.85	10093900
2017-01-25	8.95	8.6	8.95	8.9	4672000
2017-01-26	9.05	8.75	9.05	8.75	2994500
2017-01-27	8.75	8.75	8.9	8.85	1187200
2017-01-30	8.9	8.9	9.05	8.9	6742800
2017-01-31	8.95	8.8	9.35	9.3	26415400
2017-02-01	9.35	9.25	9.8	9.7	34309500
2017-02-02	9.7	9.55	9.9	9.85	14493000
2017-02-03	9.8	9.45	9.8	9.6	9183900
2017-02-06	9.6	9.5	9.7	9.6	4909400
2017-02-07	9.6	9.55	10.1	9.85	21379500
2017-02-08	9.8	9.65	9.85	9.8	4573900
2017-02-09	9.8	9.6	9.85	9.7	3765900
2017-02-10	9.7	9.5	9.75	9.6	3673300
2017-02-14	9.55	9.5	9.6	9.6	1729000
2017-02-15	9.6	8.9	9.85	9.05	19287600
2017-02-16	9.05	8.85	9.05	8.95	4901500
2017-02-17	9.0	8.85	9.15	9.05	4619900
2017-02-20	9.0	9.0	9.1	9.0	2121300
2017-02-21	9.0	8.95	9.05	8.95	789300
2017-02-22	8.95	8.65	9.0	8.8	1757400
2017-02-23	8.7	8.7	8.9	8.9	397000
2017-02-24	8.9	8.9	9.1	9.1	1179600
2017-02-27	9.1	9.1	9.35	9.25	4620800
2017-02-28	9.3	9.15	9.3	9.25	1250500
2017-03-01	9.25	9.2	9.3	9.25	754500
2017-03-02	9.3	9.25	9.65	9.6	9013900
2017-03-03	9.6	9.45	9.7	9.5	6225500
2017-03-06	9.5	9.1	9.55	9.1	4316200
2017-03-07	9.15	9.0	9.15	9.05	2559800
2017-03-08	9.05	8.75	9.05	9.0	2819900
2017-03-09	8.95	8.85	9.05	9.05	1003000
2017-03-10	9.0	9.0	9.2	9.1	1812200
2017-03-13	9.15	8.9	9.15	9.0	1969600
2017-03-14	9.0	8.85	9.0	9.0	838600
2017-03-15	9.0	8.95	9.3	9.15	2861600
2017-03-16	9.2	9.2	9.4	9.3	4260100
2017-03-17	9.35	9.3	9.5	9.3	3254000
2017-03-20	9.4	9.2	9.4	9.2	897500
2017-03-21	9.2	9.15	9.3	9.2	672000
2017-03-22	9.15	9.15	9.6	9.6	8030200
2017-03-23	9.6	9.45	9.65	9.5	3080600
2017-03-24	9.5	9.5	9.75	9.6	10446600
2017-03-27	9.7	9.65	9.85	9.8	10230100
2017-03-28	9.85	9.7	9.95	9.7	9210800
2017-03-29	9.75	9.5	9.8	9.55	4519700
2017-03-30	9.55	9.5	9.75	9.7	4736600
2017-03-31	9.7	9.6	9.75	9.6	1789300
2017-04-03	9.65	9.55	9.65	9.65	711600
2017-04-04	9.7	9.7	9.85	9.75	5287800
2017-04-05	9.75	9.6	9.75	9.6	1401000
2017-04-07	9.6	9.45	9.6	9.45	2775000
2017-04-10	9.4	9.15	9.4	9.2	4152400
2017-04-11	9.1	9.05	9.25	9.2	5592400
2017-04-12	9.2	9.15	9.25	9.2	1000900
2017-04-17	9.15	9.0	9.2	9.1	2055100
2017-04-18	9.1	9.0	9.2	9.0	3832200
2017-04-19	8.95	8.95	9.05	9.0	1407800
2017-04-20	9.0	8.85	9.05	8.95	1088600
2017-04-21	8.95	8.9	9.0	8.95	1976100
2017-04-24	8.95	8.95	9.2	9.1	2585800
2017-04-25	9.15	8.75	9.15	8.9	2505700
2017-04-26	9.0	8.9	9.0	8.95	683500
2017-04-27	9.0	9.0	9.25	9.2	2555200
2017-04-28	9.25	9.15	9.25	9.25	2470700
2017-05-02	9.3	9.2	9.35	9.2	1316200
2017-05-03	9.25	9.1	9.3	9.2	1354000
2017-05-04	9.15	9.15	9.4	9.2	4589100
2017-05-05	9.25	9.15	9.25	9.15	1389400
2017-05-08	9.2	9.05	9.25	9.1	2777700
2017-05-09	9.05	8.8	9.1	8.95	2121800
2017-05-11	8.9	8.45	8.9	8.6	2929800
2017-05-12	8.45	8.15	8.55	8.25	4224000
2017-05-15	8.25	8.1	8.3	8.25	1884200
2017-05-16	8.45	8.3	8.6	8.5	2454700
2017-05-17	8.5	8.5	8.65	8.5	1419200
2017-05-18	8.5	8.45	8.55	8.5	1285600
2017-05-19	8.5	8.5	8.7	8.6	1215800
2017-05-22	8.65	8.55	8.65	8.55	456000
2017-05-23	8.6	8.55	8.8	8.7	3183700
2017-05-24	8.75	8.65	8.75	8.65	506200
2017-05-25	8.7	8.7	8.95	8.8	2958900
2017-05-26	8.8	8.6	8.8	8.65	1693300
2017-05-29	8.65	8.6	8.7	8.65	404600
2017-05-30	8.7	8.55	8.75	8.55	1294500
2017-05-31	8.55	8.55	8.7	8.55	516900
2017-06-01	8.55	8.4	8.55	8.45	1248100
2017-06-02	8.45	8.45	8.55	8.55	316700
2017-06-05	8.55	8.4	8.55	8.45	941000
2017-06-06	8.5	8.25	8.5	8.35	2141200
2017-06-07	8.4	8.3	8.5	8.3	1609600
2017-06-08	8.3	8.25	8.35	8.35	911500
2017-06-09	8.35	8.25	8.4	8.3	847700
2017-06-12	8.25	8.15	8.3	8.2	2253500
2017-06-13	8.25	8.25	8.35	8.35	496700
2017-06-14	8.35	8.25	8.4	8.25	1588000
2017-06-15	8.3	8.2	8.3	8.2	2385400
2017-06-16	8.2	8.1	8.3	8.25	2756300
2017-06-19	8.3	8.3	8.6	8.55	9798900
2017-06-20	8.65	8.55	8.7	8.65	6417900
2017-06-21	8.6	8.6	8.7	8.6	3397200
2017-06-22	8.55	8.55	8.65	8.65	1789100
2017-06-23	8.65	8.65	9.05	9.05	16297200
2017-06-26	9.0	8.95	9.15	9.1	10619800
2017-06-27	9.15	8.8	9.2	8.8	6667700
2017-06-28	8.8	8.8	9.0	8.9	2801800
2017-06-29	8.95	8.65	8.95	8.7	2926000
2017-06-30	8.55	8.4	8.7	8.7	3685400
2017-07-03	8.65	8.6	8.75	8.75	865000
2017-07-04	8.8	8.8	9.05	8.85	6546800
2017-07-05	8.85	8.8	8.95	8.85	2067000
2017-07-06	8.8	8.6	8.95	8.7	1333800
2017-07-07	8.7	8.6	8.7	8.65	428500
2017-07-11	8.6	8.3	8.6	8.4	5063400
2017-07-12	8.4	8.35	8.6	8.6	9775300
2017-07-13	8.75	8.65	8.8	8.65	8698300
2017-07-14	8.65	8.65	8.9	8.8	4350500
2017-07-17	8.9	8.85	9.0	8.85	5846100
2017-07-18	8.85	8.8	8.9	8.9	2654000
2017-07-19	8.95	8.85	9.0	8.9	4007300
2017-07-20	8.95	8.9	9.05	8.95	10860100
2017-07-21	9.05	8.9	9.05	9.0	3094900
2017-07-24	9.15	9.15	9.35	9.35	25312000
2017-07-25	9.4	9.35	9.6	9.55	21457400
2017-07-26	9.55	9.35	9.55	9.5	10831600
2017-07-27	9.55	9.4	9.7	9.45	15919300
2017-07-31	9.4	9.2	9.45	9.25	8698100
2017-08-01	9.25	9.2	9.5	9.5	6558100
2017-08-02	9.55	9.45	9.65	9.5	9463300
2017-08-03	9.55	9.55	9.75	9.7	14637600
2017-08-04	9.7	9.65	9.8	9.65	10246300
2017-08-07	9.7	9.55	9.7	9.6	2449500
2017-08-08	9.6	9.4	9.6	9.5	4002300
2017-08-09	9.45	9.4	9.6	9.5	3382900
2017-08-10	9.5	9.35	9.55	9.4	4104500
2017-08-11	9.45	9.35	9.55	9.45	6138300
2017-08-15	9.6	9.5	9.75	9.75	13473400
2017-08-16	9.85	9.75	9.9	9.85	10766700
2017-08-17	9.9	9.7	9.95	9.7	9921400
2017-08-18	9.75	9.55	9.75	9.7	3891400
2017-08-21	9.7	9.6	9.8	9.7	3843900
2017-08-22	9.6	9.6	10.4	10.4	32187700
2017-08-23	10.4	10.2	10.5	10.3	9953900
2017-08-24	10.4	10.3	10.7	10.7	11752200
2017-08-25	10.7	10.5	10.8	10.6	10200700
2017-08-28	10.7	10.4	10.8	10.5	5431500
2017-08-29	10.5	10.4	10.8	10.4	12542800
2017-08-30	10.4	10.2	10.7	10.6	9760500
2017-08-31	10.6	10.5	10.9	10.6	13507600
2017-09-01	10.7	10.6	10.8	10.6	4116700
2017-09-04	10.6	10.2	10.6	10.4	10590600
2017-09-05	10.5	10.5	10.8	10.6	14431500
2017-09-06	10.6	10.6	10.7	10.6	5165600
2017-09-07	10.6	10.4	10.7	10.5	9365000
2017-09-08	10.5	10.0	10.5	10.0	15820500
2017-09-11	10.0	9.95	10.2	10.1	8758500
2017-09-12	10.3	10.3	10.6	10.3	19705700
2017-09-13	10.4	10.4	10.7	10.6	12824900
2017-09-14	10.6	10.5	11.2	11.1	33040500
2017-09-15	11.1	11.0	11.3	11.2	12508600
2017-09-18	11.2	11.1	11.5	11.1	9099600
2017-09-19	11.1	10.8	11.4	11.3	10912200
2017-09-20	11.4	11.3	11.6	11.6	11417200
2017-09-21	11.6	11.3	11.6	11.4	2640200
2017-09-22	11.5	11.2	11.5	11.3	2009200
2017-09-25	11.4	11.4	11.9	11.8	13283600
2017-09-26	11.8	11.5	11.8	11.6	2996500
2017-09-27	11.6	11.5	11.7	11.5	1180700
2017-09-28	11.5	11.2	11.9	11.4	7561300
2017-09-29	11.5	11.3	11.6	11.5	4553200
2017-10-02	11.6	11.4	11.7	11.4	2204100
2017-10-03	11.4	11.4	12.0	11.7	7465300
2017-10-04	11.7	11.5	11.9	11.9	5527200
2017-10-05	11.9	11.6	11.9	11.6	2775900
2017-10-06	11.9	11.9	12.3	12.2	16096500
2017-10-09	12.3	11.9	12.3	11.9	3381700
2017-10-10	11.9	11.7	12.0	11.9	3370600
2017-10-11	12.0	11.8	12.0	11.8	1872900
2017-10-12	11.9	11.8	12.0	11.8	1348400
2017-10-16	11.8	11.6	11.9	11.7	4031800
2017-10-17	11.8	11.5	11.8	11.6	3843800
2017-10-18	11.6	11.5	11.8	11.5	2950500
2017-10-19	11.6	11.2	11.7	11.2	6915000
2017-10-20	10.9	10.8	11.8	11.8	8029800
2017-10-24	11.8	11.6	11.8	11.7	1726000
2017-10-25	11.8	11.7	12.0	11.8	1979100
2017-10-27	11.8	11.6	11.9	11.8	1905500
2017-10-30	11.9	11.6	11.9	11.8	2101500
2017-10-31	11.8	11.7	12.5	12.4	13998600
2017-11-01	12.5	12.2	12.6	12.2	13840100
2017-11-02	12.3	12.1	12.6	12.5	12037300
2017-11-03	12.6	12.4	12.7	12.7	9093500
2017-11-06	12.6	12.5	13.0	12.9	12397400
2017-11-07	12.9	12.9	13.2	13.0	6281200
2017-11-08	13.0	12.7	13.1	13.0	3770200
2017-11-09	13.1	12.7	13.1	12.7	5134100
2017-11-10	12.7	12.3	12.8	12.3	4863400
2017-11-13	12.4	12.4	12.7	12.7	1687400
2017-11-14	12.6	12.5	12.7	12.7	2936000
2017-11-15	12.7	12.4	12.8	12.5	1897900
2017-11-16	12.6	11.8	12.8	12.3	6622100
2017-11-17	12.4	12.4	12.7	12.6	2374600
2017-11-20	12.6	12.5	12.8	12.5	3050900
2017-11-21	12.5	12.3	12.6	12.3	2126000
2017-11-22	12.3	12.3	12.5	12.3	2531600
2017-11-23	12.4	12.0	12.4	12.1	2637800
2017-11-24	12.0	11.7	12.0	11.7	3698500
2017-11-27	11.6	11.5	12.2	12.0	4546500
2017-11-28	12.1	12.1	12.4	12.2	3937700
2017-11-29	12.3	12.1	12.4	12.4	3787600
2017-11-30	12.4	12.1	12.4	12.1	2202900
2017-12-01	12.1	12.0	12.3	12.1	1504300
2017-12-04	12.1	12.0	12.2	12.0	1170200
2017-12-06	11.8	11.7	11.9	11.7	1474300
2017-12-07	11.6	11.6	12.0	11.9	947500
2017-12-08	11.8	11.8	12.2	12.1	1353200
2017-12-12	11.9	11.8	12.0	11.8	1276400
2017-12-13	11.7	11.7	12.1	12.0	1116200
2017-12-14	12.0	11.9	12.3	12.2	3104000
2017-12-15	12.2	12.2	12.5	12.4	6302500
2017-12-18	12.6	12.3	12.7	12.4	3640800
2017-12-19	12.5	12.2	12.6	12.2	3218400
2017-12-20	12.4	12.2	12.4	12.4	1269000
2017-12-21	12.4	12.3	12.4	12.3	847200
2017-12-22	12.4	12.2	12.4	12.3	1002700
2017-12-25	12.4	12.3	12.5	12.4	834300
2017-12-26	12.4	12.0	12.4	12.2	3998900
2017-12-27	12.1	12.0	12.2	12.1	1156400
2017-12-28	12.1	11.7	12.1	11.7	2978900
2017-12-29	11.3	11.2	12.1	12.1	3336300
2018-01-03	12.0	12.0	12.6	12.6	4456300
2018-01-04	12.6	12.2	12.6	12.2	3160100
2018-01-05	12.2	12.2	12.7	12.5	12430400
2018-01-08	12.7	12.2	12.8	12.3	5329800
2018-01-09	12.4	12.2	12.5	12.5	2362500
2018-01-10	12.5	12.3	12.5	12.5	1469300
2018-01-11	12.4	12.3	12.5	12.3	1028000
2018-01-12	12.4	12.3	12.6	12.6	6915200
2018-01-15	12.8	12.4	12.8	12.5	6115500
2018-01-16	12.5	12.3	12.6	12.3	3212400
2018-01-17	12.4	12.3	12.5	12.3	811300
2018-01-18	12.4	12.2	12.5	12.2	1679300
2018-01-19	12.2	12.1	12.3	12.2	1032200
2018-01-22	12.3	12.2	12.6	12.5	3210000
2018-01-23	12.4	12.2	12.6	12.2	1860800
2018-01-24	12.3	12.1	12.4	12.4	1467600
2018-01-25	12.3	11.9	12.4	11.9	1859700
2018-01-26	11.9	11.9	12.2	12.2	1195800
2018-01-29	12.3	12.1	12.3	12.1	802900
2018-01-30	12.2	12.0	12.2	12.1	640900
2018-01-31	12.0	11.9	12.2	12.0	1023600
2018-02-01	12.2	12.0	12.5	12.0	7606100
2018-02-02	12.1	11.7	12.2	11.7	3879900
2018-02-05	11.5	11.5	11.8	11.6	3085100
2018-02-06	11.3	11.1	11.6	11.4	4130300
2018-02-07	11.6	11.6	12.2	11.9	8703300
2018-02-08	12.0	11.8	12.1	11.9	1829700
2018-02-09	11.7	11.7	11.9	11.8	1155100
2018-02-12	11.8	11.8	12.0	11.9	511300
2018-02-13	11.9	11.8	12.0	11.8	533800
2018-02-14	11.8	11.8	11.9	11.9	655500
2018-02-15	11.8	11.8	12.1	11.8	677200
2018-02-16	11.8	11.7	12.2	12.1	2599700
2018-02-19	12.1	11.7	12.2	11.9	2292000
2018-02-20	11.9	11.5	11.9	11.7	1896200
2018-02-21	11.7	11.4	11.8	11.4	1237600
2018-02-22	11.5	11.1	11.5	11.4	2187800
2018-02-23	11.5	11.4	11.8	11.7	1997400
2018-02-26	11.7	11.5	11.8	11.5	1015300
2018-02-27	11.5	11.3	11.7	11.3	1477000
2018-02-28	11.3	10.6	11.5	10.8	4892200
2018-03-02	10.9	10.0	10.9	10.4	3512700
2018-03-05	10.4	10.0	10.5	10.2	3534800
2018-03-06	10.3	10.2	10.6	10.3	1343700
2018-03-07	10.2	9.5	10.2	9.5	7988800
2018-03-08	9.55	9.55	9.75	9.55	4109000
2018-03-09	9.55	9.35	9.6	9.35	2979900
2018-03-12	9.5	9.45	10.1	10.0	2666300
2018-03-13	9.9	9.9	10.5	10.1	1628600
2018-03-14	10.1	9.95	10.5	10.4	2145400
2018-03-15	10.3	10.2	10.6	10.2	1093000
2018-03-16	10.3	10.0	10.3	10.0	819200
2018-03-19	10.0	9.85	10.0	9.85	1242500
2018-03-20	9.85	9.75	9.9	9.75	596600
2018-03-21	9.75	9.6	9.9	9.9	1518000
2018-03-22	9.85	9.75	10.0	9.8	614600
2018-03-23	9.8	9.6	9.8	9.65	1878400
2018-03-26	9.65	9.5	9.7	9.5	2166200
2018-03-27	9.55	9.45	9.65	9.45	3848700
2018-03-28	9.55	9.4	9.7	9.45	2547100
2018-03-29	9.45	9.4	9.55	9.45	1461300
2018-03-30	9.5	9.25	9.6	9.4	2673200
2018-04-02	9.4	9.3	9.4	9.35	550700
2018-04-03	9.4	9.05	9.4	9.1	1434600
2018-04-04	9.1	8.45	9.1	8.45	6641700
2018-04-05	8.55	8.45	8.65	8.55	1854800
2018-04-09	8.55	8.2	8.6	8.2	1661300
2018-04-10	8.25	7.7	8.4	8.4	10366700
2018-04-11	8.6	8.3	8.65	8.35	5006900
2018-04-12	8.4	8.2	8.4	8.3	3621100
2018-04-17	8.25	8.15	8.3	8.15	1559800
2018-04-18	8.15	8.1	8.45	8.45	3189100
2018-04-19	8.5	8.45	9.1	9.1	6834500
2018-04-20	9.1	8.9	9.1	9.0	2216400
2018-04-23	8.95	8.75	8.95	8.8	2117000
2018-04-24	8.8	8.7	8.85	8.75	1613000
2018-04-25	8.75	8.65	8.75	8.65	683600
2018-04-26	8.65	8.65	8.9	8.9	2864300
2018-04-27	8.95	8.95	9.35	9.25	8564200
2018-04-30	9.2	8.75	9.35	8.75	6268000
2018-05-02	8.75	8.45	8.8	8.5	3985200
2018-05-03	8.4	8.4	8.75	8.7	3131700
2018-05-04	8.65	8.5	8.7	8.6	1650300
2018-05-07	8.55	8.35	8.65	8.35	4141100
2018-05-08	8.4	8.15	8.45	8.2	2761300
2018-05-09	8.2	7.85	8.2	7.9	6127700
2018-05-10	7.85	7.75	8.0	7.75	3450800
2018-05-11	7.75	7.3	7.9	7.5	7315700
2018-05-14	7.5	7.5	8.0	7.9	3857300
2018-05-15	7.9	7.75	7.95	7.95	3339200
2018-05-16	8.0	7.8	8.1	7.8	4118700
2018-05-17	7.8	7.8	8.1	7.9	3757400
2018-05-18	7.85	7.75	7.85	7.8	2798700
2018-05-21	7.9	7.75	7.95	7.8	1979900
2018-05-22	7.9	7.9	8.15	8.05	7216400
2018-05-23	8.05	8.05	8.2	8.15	2746800
2018-05-24	8.25	8.2	8.45	8.25	6947000
2018-05-25	8.2	8.05	8.25	8.15	2361700
2018-05-28	8.2	8.1	8.2	8.15	715900
2018-05-30	8.15	7.75	8.15	7.85	4293200
2018-05-31	7.85	7.65	8.0	7.7	3257500
2018-06-01	7.7	7.45	7.75	7.45	5849400
2018-06-04	7.5	6.95	7.5	7.1	9231300
2018-06-05	6.9	6.9	7.25	7.05	7029300
2018-06-06	7.15	7.0	7.25	7.05	6400200
2018-06-07	7.05	7.05	7.25	7.25	6106300
2018-06-08	7.25	7.05	7.25	7.05	3950800
2018-06-11	7.1	7.1	7.3	7.2	5395700
2018-06-12	7.25	7.1	7.25	7.15	4467200
2018-06-13	7.2	7.15	7.35	7.25	8301700
2018-06-14	7.3	7.15	7.3	7.15	3459000
2018-06-15	7.15	7.1	7.25	7.15	1291700
2018-06-18	7.1	7.05	7.1	7.05	1019300
2018-06-19	7.0	6.5	7.05	6.6	6774700
2018-06-20	6.7	6.65	6.8	6.7	2012300
2018-06-21	6.7	6.5	6.7	6.5	1639800
2018-06-22	6.6	6.5	6.65	6.55	1443000
2018-06-25	6.55	6.45	6.65	6.45	784300
2018-06-26	6.4	6.3	6.45	6.4	759400
2018-06-27	6.45	6.3	6.55	6.4	904100
2018-06-28	6.4	6.2	6.5	6.2	1381600
2018-06-29	6.2	6.0	6.2	6.05	2232600
2018-07-02	6.05	6.0	6.25	6.2	562400
2018-07-03	6.25	6.2	6.5	6.5	698700
2018-07-04	6.5	6.25	6.55	6.4	881400
2018-07-05	6.3	6.05	6.35	6.15	889000
2018-07-06	6.15	6.1	6.45	6.3	511800
2018-07-09	6.45	6.3	6.5	6.3	807500
2018-07-10	6.3	6.3	6.75	6.7	1701900
2018-07-11	6.7	6.5	6.7	6.55	1025400
2018-07-12	6.5	6.5	6.7	6.7	661400
2018-07-13	6.75	6.75	6.95	6.85	1432200
2018-07-16	6.85	6.55	6.85	6.7	781400
2018-07-17	6.65	6.45	6.8	6.6	1202300
2018-07-18	6.6	6.55	6.65	6.65	355500
2018-07-19	6.65	6.6	6.7	6.7	733200
2018-07-20	6.7	6.7	7.0	6.95	1807800
2018-07-23	6.9	6.8	7.2	7.15	5317900
2018-07-24	7.2	7.0	7.2	7.0	3485800
2018-07-25	7.0	6.95	7.1	7.05	1276300
2018-07-26	7.1	7.05	7.35	7.2	5239700
2018-07-31	7.2	7.1	7.3	7.15	1462200
2018-08-01	7.15	7.1	7.2	7.15	954000
2018-08-02	7.15	7.15	7.5	7.4	10451100
2018-08-03	7.4	7.35	7.6	7.45	4955500
2018-08-06	7.5	7.15	7.55	7.2	3954200
2018-08-07	7.2	7.05	7.2	7.2	1485800
2018-08-08	7.2	7.15	7.45	7.3	3188700
2018-08-09	7.3	7.15	7.35	7.2	2070400
2018-08-10	7.15	7.0	7.15	7.05	2453600
2018-08-14	7.0	6.85	7.0	6.9	1283100
2018-08-15	6.9	6.8	7.05	6.8	1053100
2018-08-16	6.8	6.8	7.2	7.2	2647900
2018-08-17	7.3	7.25	7.45	7.35	6173800
2018-08-20	7.4	7.4	7.6	7.5	8114400
2018-08-21	7.45	7.3	7.55	7.35	3237900
2018-08-22	7.35	7.35	7.55	7.35	2565100
2018-08-23	7.4	7.35	7.45	7.35	747500
2018-08-24	7.4	7.3	7.4	7.35	1442700
2018-08-27	7.35	7.3	7.75	7.75	12401400
2018-08-28	7.8	7.6	7.8	7.65	4587600
2018-08-29	7.7	7.65	7.9	7.8	6961000
2018-08-30	7.8	7.7	7.9	7.75	2947800
2018-08-31	7.75	7.7	7.8	7.8	1681600
2018-09-03	7.8	7.7	7.8	7.75	1058200
2018-09-04	7.75	7.7	8.05	7.9	10006300
2018-09-05	7.9	7.5	8.0	7.5	6869800
2018-09-06	7.55	7.5	7.65	7.6	3407100
2018-09-07	7.65	7.55	7.7	7.55	786100
2018-09-10	7.55	7.5	7.6	7.5	582500
2018-09-11	7.5	7.5	7.7	7.5	1561800
2018-09-12	7.55	7.5	7.6	7.5	656800
2018-09-13	7.6	7.6	7.75	7.75	2704700
2018-09-14	7.8	7.65	7.8	7.7	1979100
2018-09-17	7.7	7.6	7.75	7.7	1539600
2018-09-18	7.7	7.7	7.9	7.85	4375800
2018-09-19	7.95	7.9	8.1	7.95	12192600
2018-09-20	8.0	7.9	8.1	7.9	8579700
2018-09-21	8.0	7.85	8.05	7.9	4080700
2018-09-24	7.9	7.75	7.95	7.8	2077800
2018-09-25	7.8	7.7	7.85	7.7	1489400
2018-09-26	7.7	7.55	7.85	7.75	2472200
2018-09-27	7.7	7.7	7.8	7.75	1572400
2018-09-28	7.8	7.7	7.8	7.7	1001800
2018-10-01	7.75	7.75	8.2	8.2	19922800
2018-10-02	8.15	8.1	8.3	8.1	12258200
2018-10-03	8.15	7.9	8.25	7.9	4478300
2018-10-04	7.8	7.8	7.95	7.9	3043500
2018-10-05	7.9	7.8	7.95	7.85	1392300
2018-10-08	7.8	7.65	7.95	7.65	3119000
2018-10-09	7.6	7.55	7.8	7.65	1650000
2018-10-10	7.65	7.65	7.8	7.8	586500
2018-10-11	7.5	7.2	7.55	7.35	4784700
2018-10-12	7.4	7.35	7.5	7.4	810800
2018-10-16	7.35	7.35	7.55	7.45	1076300
2018-10-17	7.5	7.45	7.55	7.45	538300
2018-10-18	7.4	7.3	7.5	7.35	834400
2018-10-19	7.25	7.15	7.5	7.5	2450800
2018-10-22	7.4	7.25	7.5	7.3	433000
2018-10-24	7.15	6.95	7.3	7.15	1390300
2018-10-25	7.0	6.85	7.15	7.15	1459300
2018-10-26	7.15	7.05	7.15	7.1	327000
2018-10-29	7.1	7.1	7.2	7.15	430500
2018-10-30	7.15	7.1	7.25	7.15	361000
2018-10-31	7.25	7.2	7.35	7.35	691100
2018-11-01	7.4	7.3	7.5	7.35	1105800
2018-11-02	7.45	7.45	7.75	7.75	3996300
2018-11-05	7.65	7.65	7.8	7.7	1520700
2018-11-06	7.75	7.75	7.85	7.8	1639500
2018-11-07	7.8	7.65	7.9	7.7	2556500
2018-11-08	7.8	7.65	7.85	7.65	1169000
2018-11-09	7.65	7.6	7.7	7.65	348700
2018-11-12	7.75	7.55	7.75	7.55	1118400
2018-11-13	7.5	7.35	7.7	7.55	2336500
2018-11-14	7.5	7.5	7.75	7.55	1657000
2018-11-15	7.65	7.55	7.9	7.85	4358600
2018-11-16	7.9	7.6	8.0	7.6	3052600
2018-11-19	7.6	7.6	7.75	7.7	1065700
2018-11-20	7.7	7.45	7.7	7.5	821200
2018-11-21	7.3	7.3	7.55	7.5	813800
2018-11-22	7.5	7.3	7.55	7.35	1015700
2018-11-23	7.3	7.0	7.3	7.2	2638800
2018-11-26	7.15	7.1	7.35	7.2	1080400
2018-11-27	7.2	7.2	7.3	7.2	715600
2018-11-28	7.15	7.15	7.35	7.3	913200
2018-11-29	7.3	7.2	7.35	7.25	813200
2018-11-30	7.25	7.2	7.25	7.25	450800
2018-12-03	7.35	7.35	7.55	7.4	1855700
2018-12-04	7.4	7.3	7.4	7.4	542100
2018-12-06	7.25	7.25	7.35	7.25	370500
2018-12-07	7.3	7.15	7.3	7.15	610200
2018-12-11	7.1	7.0	7.15	7.05	683600
2018-12-12	7.1	7.0	7.1	7.05	337400
2018-12-13	7.05	6.8	7.1	6.9	1078100
2018-12-14	6.9	6.6	6.9	6.8	2179600
2018-12-17	6.8	6.45	6.8	6.6	3589100
2018-12-18	6.6	6.4	6.6	6.45	2441400
2018-12-19	6.4	6.4	6.65	6.55	980800
2018-12-20	6.55	6.55	6.65	6.65	554600
2018-12-21	6.65	6.6	6.8	6.75	410400
2018-12-24	6.75	6.7	6.75	6.75	1096300
2018-12-25	6.55	6.45	6.7	6.55	441600
2018-12-26	6.55	6.5	6.55	6.55	252500
2018-12-27	6.6	6.6	6.8	6.75	927400
2018-12-28	6.6	6.6	7.0	7.0	1683600
2019-01-02	7.05	6.95	7.15	7.0	495800
2019-01-03	7.05	6.95	7.05	7.0	878400
2019-01-04	7.0	6.9	7.05	7.0	156700
2019-01-07	7.05	6.95	7.05	7.0	272000
2019-01-08	7.0	6.9	7.05	7.0	529800
2019-01-09	7.2	7.1	7.3	7.15	1330200
2019-01-10	7.2	6.95	7.2	7.0	705000
2019-01-11	7.0	7.0	7.25	7.25	893900
2019-01-14	7.3	7.2	7.3	7.2	749800
2019-01-15	7.2	7.2	7.35	7.3	933800
2019-01-16	7.35	7.15	7.35	7.2	206800
2019-01-17	7.25	7.2	7.25	7.2	62000
2019-01-18	7.25	7.15	7.25	7.2	84200
2019-01-21	7.25	7.2	7.25	7.25	262500
2019-01-22	7.25	7.25	7.6	7.6	2301600
2019-01-23	7.6	7.5	7.6	7.55	479300
2019-01-24	7.55	7.4	7.55	7.45	419700
2019-01-25	7.45	7.45	7.7	7.65	2276000
2019-01-28	7.65	7.6	7.7	7.6	344600
2019-01-29	7.7	7.55	7.7	7.55	324800
2019-01-30	7.55	7.5	7.7	7.7	338900
2019-01-31	7.7	7.55	7.7	7.6	783100
2019-02-01	7.65	7.5	7.65	7.55	845400
2019-02-04	7.55	7.4	7.55	7.45	488900
2019-02-05	7.5	7.45	7.55	7.5	391900
2019-02-06	7.5	7.5	7.65	7.6	772700
2019-02-07	7.6	7.4	7.6	7.5	677700
2019-02-08	7.45	7.35	7.45	7.4	654000
2019-02-11	7.4	7.15	7.4	7.25	853800
2019-02-12	7.25	7.25	7.5	7.45	536600
2019-02-13	7.4	7.4	7.55	7.5	119600
2019-02-14	7.5	7.4	7.5	7.5	155600
2019-02-15	7.5	7.2	7.5	7.25	677500
2019-02-18	7.25	7.15	7.35	7.2	278600
2019-02-20	7.15	7.15	7.25	7.2	151100
2019-02-21	7.25	7.15	7.35	7.15	476800
2019-02-22	7.1	7.05	7.45	7.3	1264600
2019-02-25	7.35	7.35	7.8	7.8	7621800
2019-02-26	7.8	7.7	8.05	8.0	9208700
2019-02-27	8.0	7.95	8.1	8.1	4829100
2019-02-28	8.1	7.95	8.1	7.95	2042400
2019-03-01	8.0	7.95	8.25	8.15	7066100
2019-03-04	8.25	8.15	8.35	8.35	4886400
2019-03-05	8.45	8.3	8.6	8.6	7039500
2019-03-06	8.55	8.4	8.6	8.45	2376300
2019-03-07	8.4	8.4	8.6	8.5	1792600
2019-03-08	8.45	8.45	8.75	8.65	3146400
2019-03-11	8.65	8.65	9.0	9.0	8185200
2019-03-12	9.0	8.8	9.05	8.8	1586100
2019-03-13	8.8	8.7	8.95	8.85	1036200
2019-03-14	8.8	7.95	8.8	8.35	11519300
2019-03-15	8.3	8.3	8.55	8.3	2353800
2019-03-18	8.3	8.15	8.35	8.25	981800
2019-03-19	8.25	8.25	8.5	8.4	3154000
2019-03-20	8.4	8.35	8.55	8.5	1472300
2019-03-21	8.5	8.35	8.5	8.5	1776800
2019-03-22	8.5	8.3	8.5	8.3	668600
2019-03-25	8.2	8.15	8.3	8.2	1746000
2019-03-26	8.2	8.2	8.35	8.3	614300
2019-03-27	8.3	8.25	8.35	8.3	226800
2019-03-28	8.3	8.25	8.4	8.3	327100
2019-03-29	8.35	8.25	8.35	8.25	320700
2019-04-01	8.3	8.3	8.35	8.35	171700
2019-04-02	8.4	8.35	8.75	8.75	8381600
2019-04-03	8.75	8.65	8.85	8.8	5292600
2019-04-04	8.9	8.6	8.9	8.6	1405200
2019-04-05	8.7	8.5	8.75	8.6	1039400
2019-04-09	8.6	8.5	8.6	8.55	483300
2019-04-10	8.6	8.5	8.75	8.75	3022000
2019-04-11	8.8	8.7	8.8	8.8	1737000
2019-04-12	8.8	8.75	8.85	8.75	1670600
2019-04-17	8.8	8.75	9.0	9.0	4025800
2019-04-18	8.95	8.9	9.2	9.2	4588800
2019-04-19	9.2	9.1	9.3	9.1	2338600
2019-04-22	9.15	8.65	9.15	8.75	3421000
2019-04-23	8.65	8.4	8.65	8.6	4819100
2019-04-24	8.65	8.65	8.9	8.85	4241200
2019-04-25	8.9	8.6	8.9	8.7	1868500
2019-04-26	8.7	8.5	8.8	8.55	1762900
2019-04-29	8.55	8.4	8.7	8.7	941700
2019-04-30	8.7	8.65	8.75	8.7	768500
2019-05-02	8.7	8.6	8.7	8.7	590600
2019-05-03	8.7	8.55	8.7	8.6	1410900
2019-05-07	8.35	8.3	8.5	8.4	1590200
2019-05-08	8.35	8.15	8.45	8.2	1237200
2019-05-09	8.15	7.95	8.25	8.1	1274100
2019-05-10	8.45	8.35	8.6	8.45	4460800
2019-05-13	8.4	8.2	8.5	8.35	876400
2019-05-14	8.25	8.05	8.25	8.2	1122500
2019-05-15	8.2	7.8	8.2	8.1	3250000
2019-05-16	8.1	7.7	8.1	7.9	2371900
2019-05-17	7.85	7.6	7.9	7.6	2074400
2019-05-21	7.65	7.45	7.65	7.45	1238300
2019-05-22	7.5	7.45	7.7	7.6	2042000
2019-05-23	7.65	7.3	7.65	7.35	1748800
2019-05-24	7.3	7.25	7.45	7.4	668400
2019-05-27	7.45	7.25	7.45	7.3	2559200
2019-05-28	7.3	7.15	7.35	7.25	1155600
2019-05-29	7.2	7.15	7.2	7.15	1404700
2019-05-30	7.2	7.15	7.5	7.5	1418400
2019-05-31	7.55	7.4	7.55	7.4	549200
2019-06-04	7.4	7.35	7.55	7.55	931600
2019-06-05	7.6	7.5	7.8	7.8	1812200
2019-06-06	7.9	7.9	8.25	8.1	5412500
2019-06-07	8.1	8.1	8.3	8.3	3695300
2019-06-10	8.4	8.3	8.5	8.45	3828000
2019-06-11	8.45	8.35	8.5	8.35	2245300
2019-06-12	8.35	8.15	8.4	8.15	1624900
2019-06-13	8.15	8.05	8.25	8.25	1370400
2019-06-14	8.35	8.25	8.35	8.35	999000
2019-06-17	8.4	8.35	8.5	8.45	1784100
2019-06-18	8.45	8.45	8.6	8.55	2237100
2019-06-19	8.6	8.6	8.75	8.7	6706400
2019-06-20	8.85	8.7	8.85	8.7	2288500
2019-06-21	8.7	8.5	8.75	8.55	1106900
2019-06-24	8.55	8.5	8.6	8.5	571400
2019-06-25	8.45	8.3	8.6	8.5	2041200
2019-06-26	8.5	8.45	8.85	8.85	3834000
2019-06-27	8.95	8.7	8.95	8.75	2963000
2019-06-28	8.75	8.35	8.8	8.8	7137400
2019-07-01	8.9	8.65	9.0	8.65	6178100
2019-07-02	8.7	8.45	8.7	8.55	1969700
2019-07-03	8.7	8.65	8.9	8.85	3829900
2019-07-04	9.0	8.7	9.05	8.7	9264000
2019-07-05	8.5	8.5	9.35	9.35	16806000
2019-07-08	9.55	9.4	9.75	9.75	23392200
2019-07-09	9.8	9.7	9.95	9.95	12637900
2019-07-10	9.95	9.95	10.3	10.2	10028400
2019-07-11	10.2	9.9	10.3	10.2	3969900
2019-07-12	10.2	9.8	10.2	9.85	4588900
2019-07-15	10.0	9.8	10.0	9.9	2515000
2019-07-17	9.95	9.6	9.95	9.7	3577100
2019-07-18	9.7	9.6	9.9	9.85	2069600
2019-07-19	10.1	10.0	10.5	10.5	11739300
2019-07-22	10.6	10.3	10.6	10.4	2374800
2019-07-23	10.4	9.8	10.4	10.0	6484900
2019-07-24	10.0	9.9	10.1	10.0	2270400
2019-07-25	10.0	9.95	10.3	10.3	2713000
2019-07-26	10.3	9.9	10.3	9.9	3161800
2019-07-30	9.8	9.7	9.9	9.7	3066400
2019-07-31	9.7	9.65	9.85	9.75	1694900
2019-08-01	9.65	9.25	9.65	9.25	7858100
2019-08-02	8.85	8.8	9.25	9.25	7211800
2019-08-05	9.25	9.05	9.45	9.4	1904200
2019-08-06	9.25	9.1	9.5	9.5	1114000
2019-08-07	9.65	9.45	9.65	9.45	2264600
2019-08-08	9.45	9.4	9.6	9.45	798100
2019-08-09	9.45	9.05	9.6	9.2	2558100
2019-08-13	8.9	8.5	9.0	8.6	4554500
2019-08-14	8.85	8.2	8.9	8.35	9486100
2019-08-15	8.25	8.15	8.55	8.4	3502600
2019-08-16	8.5	8.45	8.9	8.85	2402500
2019-08-19	8.9	8.6	8.9	8.7	2747500
2019-08-20	8.6	8.4	8.65	8.55	3478700
2019-08-21	8.5	8.5	8.7	8.55	3979500
2019-08-22	8.55	8.35	8.6	8.4	3418500
2019-08-23	8.45	8.45	8.6	8.6	848200
2019-08-26	8.45	8.35	8.5	8.45	1150700
2019-08-27	8.5	8.45	8.7	8.6	1904600
2019-08-28	8.6	8.6	8.95	8.95	7840200
2019-08-29	9.1	9.0	9.2	9.1	7576300
2019-08-30	9.15	8.9	9.15	9.0	2864700
2019-09-02	9.0	8.85	9.0	8.9	1380000
2019-09-03	8.9	8.7	8.9	8.8	1864600
2019-09-04	8.8	8.7	9.2	9.15	6123800
2019-09-05	9.25	9.0	9.35	9.1	6453900
2019-09-06	9.2	9.1	9.45	9.45	11194700
2019-09-09	9.5	9.45	9.75	9.65	11766700
2019-09-10	9.7	9.4	9.8	9.4	6974400
2019-09-11	9.45	9.25	9.55	9.3	2862800
2019-09-12	9.3	9.2	9.5	9.2	4088700
2019-09-13	9.2	9.1	9.35	9.25	1232100
2019-09-16	9.25	9.1	9.35	9.15	820500
2019-09-17	9.15	9.0	9.15	9.0	1685200
2019-09-18	9.0	8.8	9.0	8.85	1028300
2019-09-19	8.9	8.6	8.9	8.65	2475800
2019-09-20	8.55	8.55	8.75	8.65	865600
2019-09-23	8.6	8.55	8.65	8.6	364500
2019-09-24	8.6	8.6	8.75	8.75	470400
2019-09-25	8.75	8.65	8.8	8.65	1057200
2019-09-26	8.7	8.7	8.95	8.95	1126200
2019-09-27	8.95	8.85	9.0	8.95	922200
2019-09-30	8.95	8.8	8.95	8.8	288600
2019-10-01	8.75	8.6	8.9	8.75	773100
2019-10-02	8.8	8.65	8.8	8.75	396800
2019-10-03	8.7	8.65	8.8	8.7	717700
2019-10-04	8.8	8.7	8.95	8.9	938500
2019-10-07	9.05	9.05	9.35	9.3	5188300
2019-10-08	9.25	9.15	9.35	9.2	2778700
2019-10-09	9.2	9.0	9.2	9.2	1061800
2019-10-10	9.15	9.05	9.4	9.4	2387000
2019-10-11	9.4	9.4	9.65	9.65	4931800
2019-10-15	9.7	9.5	9.7	9.6	1250800
2019-10-16	9.6	9.35	9.75	9.75	2800900
2019-10-17	9.75	9.4	9.75	9.55	1583200
2019-10-18	9.6	9.6	10.0	10.0	12452400
2019-10-21	9.95	9.75	10.2	10.1	4645000
2019-10-22	10.2	10.0	10.2	10.1	2486900
2019-10-24	10.1	9.75	10.2	9.8	2963800
2019-10-25	9.75	9.1	9.75	9.4	12129800
2019-10-28	9.45	9.1	9.45	9.3	1698100
2019-10-29	9.25	9.2	9.4	9.4	1690000
2019-10-30	9.4	9.2	9.4	9.35	1064100
2019-10-31	9.4	9.25	9.5	9.3	1053900
2019-11-01	9.15	8.7	9.2	8.7	4710400
2019-11-04	8.65	8.6	9.15	9.1	5527100
2019-11-05	9.05	8.7	9.15	8.85	7833600
2019-11-06	8.85	8.75	8.85	8.8	1921300
2019-11-07	8.85	8.8	9.05	8.95	4791100
2019-11-08	8.9	8.5	8.9	8.6	7015000
2019-11-11	8.6	8.5	8.75	8.5	3376600
2019-11-12	8.5	8.5	8.65	8.55	1719000
2019-11-13	8.6	8.5	8.6	8.5	1832800
2019-11-14	8.6	7.75	8.6	8.05	11362800
2019-11-15	8.05	7.8	8.1	7.8	3519900
2019-11-18	7.85	7.6	7.9	7.75	3073500
2019-11-19	7.7	7.65	7.8	7.75	2384800
2019-11-20	7.7	7.7	7.95	7.85	1751200
2019-11-21	7.85	7.75	7.85	7.85	923700
2019-11-22	7.95	7.9	8.0	8.0	1138900
2019-11-25	7.95	7.95	8.3	8.25	2427300
2019-11-26	8.35	8.2	8.4	8.35	3974300
2019-11-27	8.4	8.3	8.4	8.4	2600900
2019-11-28	8.35	8.1	8.35	8.3	2714600
2019-11-29	8.3	8.15	8.3	8.25	735900
2019-12-02	8.2	7.95	8.2	8.1	1169000
2019-12-03	8.0	7.95	8.1	7.95	420400
2019-12-04	7.95	7.8	8.0	7.85	480600
2019-12-06	7.85	7.8	8.05	7.8	370900
2019-12-09	7.8	7.75	7.85	7.75	363900
2019-12-11	7.75	7.65	7.8	7.75	383900
2019-12-12	7.75	7.7	7.95	7.95	922000
2019-12-13	8.05	8.05	8.15	8.05	814400
2019-12-16	8.15	7.85	8.15	7.9	587100
2019-12-17	7.85	7.5	7.85	7.55	2719800
2019-12-18	7.55	7.55	7.75	7.65	490100
2019-12-19	7.65	7.6	7.8	7.8	395200
2019-12-20	7.8	7.65	7.85	7.7	362100
2019-12-23	7.7	7.65	7.7	7.65	98000
2019-12-24	7.7	7.5	7.7	7.55	567100
2019-12-25	7.65	7.6	7.75	7.7	182500
2019-12-26	7.7	7.7	7.9	7.85	941900
2019-12-27	7.9	7.8	7.9	7.85	194700
2019-12-30	7.85	7.8	7.95	7.95	137600
2020-01-02	7.9	7.85	7.95	7.9	559800
2020-01-03	7.95	7.95	8.15	8.0	854500
2020-01-06	7.8	7.55	7.8	7.55	1185600
2020-01-07	7.65	7.55	7.65	7.6	229400
2020-01-08	7.5	7.4	7.6	7.4	789200
2020-01-09	7.65	7.5	7.75	7.6	1207800
2020-01-10	7.7	7.7	7.85	7.75	993800
2020-01-13	7.8	7.7	7.8	7.8	269600
2020-01-14	7.85	7.75	7.9	7.9	333100
2020-01-15	7.9	7.7	7.9	7.8	189700
2020-01-16	7.8	7.8	7.95	7.95	728600
2020-01-17	7.95	7.85	7.95	7.85	143700
2020-01-20	7.85	7.6	7.95	7.7	448400
2020-01-21	7.7	7.5	7.7	7.55	398300
2020-01-22	7.55	7.5	7.6	7.5	418700
2020-01-23	7.5	7.5	7.65	7.55	154400
2020-01-24	7.6	7.5	7.6	7.5	203000
2020-01-27	7.45	7.15	7.45	7.4	880500
2020-01-28	7.4	7.25	7.4	7.25	213800
2020-01-29	7.2	7.2	7.35	7.3	151900
2020-01-30	7.35	7.3	7.4	7.35	156900
2020-01-31	7.35	7.25	7.4	7.35	227200
2020-02-03	7.3	7.15	7.3	7.15	585900
2020-02-04	7.3	7.2	7.35	7.25	490400
2020-02-05	7.25	7.15	7.45	7.45	912900
2020-02-06	7.5	7.45	7.65	7.55	1284100
2020-02-07	7.55	7.45	7.55	7.45	419000
2020-02-11	7.45	7.15	7.45	7.15	430700
2020-02-12	7.25	7.2	7.45	7.35	914500
2020-02-13	7.35	7.35	7.55	7.45	769700
2020-02-14	7.5	7.5	7.7	7.5	1393100
2020-02-17	7.55	7.3	7.6	7.3	269900
2020-02-18	7.3	7.2	7.4	7.25	309400
2020-02-19	7.25	7.2	7.3	7.2	1218900
2020-02-20	7.15	7.1	7.2	7.1	333900
2020-02-21	7.05	6.95	7.3	7.25	1005500
2020-02-24	7.25	7.0	7.25	7.0	1762700
2020-02-25	7.0	6.75	7.05	6.95	679800
2020-02-26	7.0	6.5	7.0	6.55	1468600
2020-02-27	6.4	6.15	6.55	6.55	882800
2020-02-28	6.25	6.2	6.4	6.3	464200
2020-03-02	6.2	6.0	6.35	6.15	366900
2020-03-03	6.25	6.25	6.7	6.6	601300
2020-03-04	6.5	6.5	7.05	7.0	1199200
2020-03-05	7.15	7.0	7.35	7.0	1108300
2020-03-06	6.95	6.9	7.2	7.0	407700
2020-03-09	6.65	6.55	7.0	6.65	869800
2020-03-10	6.6	6.6	6.75	6.65	416200
2020-03-11	6.55	6.5	6.8	6.8	401300
2020-03-12	6.25	5.6	6.3	6.0	1885700
2020-03-13	5.0	4.8	6.1	5.45	1125300
2020-03-16	5.2	4.96	5.45	4.96	900600
2020-03-17	4.98	4.98	5.15	4.98	207800
2020-03-18	5.15	5.0	5.35	5.1	574400
2020-03-19	5.05	5.0	5.15	5.1	370600
2020-03-20	5.2	5.2	5.8	5.65	599800
2020-03-23	5.35	4.94	5.35	4.96	1259300
2020-03-24	5.05	4.96	5.15	4.96	460800
2020-03-25	5.15	5.0	5.2	5.0	364200
2020-03-26	5.15	5.0	5.35	5.1	941200
2020-03-27	5.05	4.98	5.4	5.1	1894600
2020-03-30	5.15	4.98	5.15	5.15	106000
2020-03-31	5.15	5.15	5.3	5.2	521700
2020-04-01	5.25	5.2	5.55	5.4	1526600
2020-04-02	5.35	5.25	5.55	5.35	2521400
2020-04-03	5.4	5.3	5.5	5.35	1383600
2020-04-07	5.5	5.45	5.75	5.6	1971400
2020-04-08	5.65	5.6	5.9	5.7	1097500
2020-04-09	5.8	5.65	6.0	5.85	1175600
2020-04-10	5.85	5.7	5.9	5.85	492500
2020-04-13	5.9	5.8	5.95	5.9	172300
2020-04-14	5.95	5.95	6.2	6.2	1449700
2020-04-15	6.2	5.8	6.3	5.9	1506700
2020-04-16	6.05	5.75	6.05	5.8	737700
2020-04-17	5.85	5.85	6.1	6.1	382600
2020-04-20	6.2	6.05	6.2	6.15	842100
2020-04-21	6.05	6.0	6.3	6.25	1038200
2020-04-22	6.2	6.1	6.6	6.5	3072600
2020-04-23	6.65	6.65	6.9	6.7	3274100
2020-04-24	6.75	6.55	6.8	6.6	756100
2020-04-27	6.7	6.55	6.75	6.6	428000
2020-04-28	6.7	6.35	6.7	6.55	998100
2020-04-29	6.55	6.3	6.55	6.5	1441800
2020-04-30	6.55	6.55	6.7	6.7	1155500
2020-05-05	6.65	6.15	6.65	6.45	3225300
2020-05-07	6.4	5.95	6.45	6.2	4765000
2020-05-08	5.9	5.9	6.05	6.05	741300
2020-05-11	6.0	6.0	6.2	6.15	385300
2020-05-12	6.25	6.15	6.45	6.4	1581500
2020-05-13	6.5	6.3	6.5	6.4	471900
2020-05-14	6.35	6.25	6.65	6.6	4526900
2020-05-15	6.6	6.1	6.6	6.3	5037800
2020-05-18	6.35	6.25	6.35	6.3	1068900
2020-05-19	6.35	6.35	6.5	6.45	2583900
2020-05-20	6.55	6.5	6.7	6.55	3065400
2020-05-21	6.6	6.4	6.75	6.5	4539800
2020-05-22	6.5	6.25	6.5	6.35	1211700
2020-05-25	6.35	6.3	6.45	6.45	711600
2020-05-26	6.5	6.5	6.65	6.55	2108400
2020-05-27	6.6	6.4	6.7	6.5	1487400
2020-05-28	6.5	6.45	7.1	6.75	13453200
2020-05-29	6.75	6.55	6.85	6.8	4022500
2020-06-01	6.9	6.7	7.0	6.7	5696600
2020-06-02	6.75	6.75	6.9	6.9	1673500
2020-06-04	7.0	6.8	7.0	6.8	2252000
2020-06-05	6.85	6.7	6.9	6.8	958100
2020-06-08	6.75	6.75	7.4	7.3	14877500
2020-06-09	7.2	6.9	7.25	6.95	5321500
2020-06-10	7.0	6.9	7.05	7.0	1296900
2020-06-11	6.95	6.65	7.05	6.75	2083200
2020-06-12	6.4	6.4	6.75	6.7	1158400
2020-06-15	6.7	6.45	6.75	6.45	1343900
2020-06-16	6.6	6.45	6.7	6.5	917000
2020-06-17	6.5	6.5	6.65	6.65	733300
2020-06-18	6.65	6.6	6.85	6.75	1510300
2020-06-19	6.8	6.75	6.9	6.8	1036700
2020-06-22	6.85	6.6	6.85	6.6	877400
2020-06-23	6.55	6.55	6.7	6.65	284100
2020-06-24	6.65	6.55	6.8	6.55	903500
2020-06-25	6.5	6.5	6.65	6.55	939200
2020-06-26	6.6	6.45	6.65	6.5	760600
2020-06-29	6.4	6.2	6.4	6.35	1354300
2020-06-30	6.35	6.1	6.45	6.1	3003100
2020-07-01	6.15	6.1	6.25	6.2	977200
2020-07-02	6.3	6.25	6.45	6.4	1603500
2020-07-03	6.45	6.25	6.45	6.3	565100
2020-07-07	6.45	6.35	6.45	6.4	1520600
2020-07-08	6.45	6.4	6.65	6.45	7177200
2020-07-09	6.6	6.45	6.7	6.45	7599600
2020-07-10	6.5	6.3	6.55	6.3	3187500
2020-07-13	6.45	6.2	6.45	6.2	1585900
2020-07-14	6.2	6.1	6.3	6.15	1175400
2020-07-15	6.2	6.15	6.3	6.3	471800
2020-07-16	6.3	6.25	6.4	6.35	504000
2020-07-17	6.4	6.3	6.45	6.4	1567200
2020-07-20	6.4	6.35	6.5	6.35	2723600
2020-07-21	6.35	6.3	6.45	6.35	2649800
2020-07-22	6.4	6.25	6.4	6.25	1284000
2020-07-23	6.25	6.2	6.35	6.3	514300
2020-07-24	6.35	6.2	6.35	6.25	527900
2020-07-29	6.25	6.2	6.35	6.2	605100
2020-07-30	6.2	6.05	6.25	6.05	1033100
2020-07-31	6.15	6.0	6.15	6.1	435000
2020-08-03	6.1	6.05	6.15	6.15	370200
2020-08-04	6.15	6.15	6.25	6.2	278900
2020-08-05	6.2	6.1	6.2	6.2	333700
2020-08-06	6.25	6.25	6.5	6.3	1999300
2020-08-07	6.35	6.15	6.35	6.15	627700
2020-08-10	6.15	6.15	6.25	6.2	158500
2020-08-11	6.25	6.2	6.3	6.2	501400
2020-08-13	6.25	6.25	6.55	6.5	2991400
2020-08-14	6.7	6.35	6.7	6.35	7734700
2020-08-17	6.5	6.5	6.8	6.75	10415200
2020-08-18	6.75	6.4	6.8	6.45	4513900
2020-08-19	6.5	6.35	6.7	6.45	3730600
2020-08-20	6.45	6.4	6.65	6.6	3690800
2020-08-21	6.75	6.75	7.05	6.85	16558700
2020-08-24	6.85	6.8	7.25	7.25	13405500
2020-08-25	7.4	7.25	7.5	7.35	8896000
2020-08-26	7.4	7.3	7.7	7.6	10812300
2020-08-27	7.55	7.5	7.65	7.5	2511200
2020-08-28	7.5	7.35	7.6	7.6	3200300
2020-08-31	7.65	7.4	7.75	7.55	4860400
2020-09-01	7.5	7.3	7.6	7.3	3641000
2020-09-02	7.4	7.35	7.65	7.65	3806400
2020-09-03	7.65	7.6	7.95	7.6	11328900
2020-09-08	7.55	7.35	7.6	7.4	2789400
2020-09-09	7.25	7.05	7.4	7.3	3141000
2020-09-10	7.5	7.2	7.5	7.25	1363100
2020-09-11	7.3	7.15	7.45	7.15	1797200
2020-09-14	7.15	7.05	7.2	7.1	1189400
2020-09-15	7.15	7.15	7.4	7.35	1275200
2020-09-16	7.4	7.2	7.4	7.25	608000
2020-09-17	7.25	7.0	7.35	7.0	1234700
2020-09-18	7.1	7.05	7.25	7.1	1107200
2020-09-21	7.2	7.15	7.3	7.3	1790900
2020-09-22	7.35	7.1	7.35	7.1	2252100
2020-09-23	7.2	7.1	7.25	7.15	1864200
2020-09-24	7.1	7.1	7.4	7.25	2940600
2020-09-25	7.4	7.4	7.8	7.7	15382500
2020-09-28	7.75	7.7	8.05	8.0	11148100
2020-09-29	8.1	7.8	8.1	7.8	5367200
2020-09-30	7.85	7.65	7.9	7.7	2523100
2020-10-01	7.75	7.45	7.8	7.75	3381900
2020-10-02	7.8	7.7	8.1	8.0	6617600
2020-10-05	8.05	7.9	8.05	7.9	2118700
2020-10-06	8.0	7.95	8.5	8.3	17305700
2020-10-07	8.3	8.2	8.7	8.3	16096500
2020-10-08	8.3	8.05	8.35	8.1	5748300
2020-10-09	8.15	7.7	8.15	7.7	8121600
2020-10-12	7.75	7.75	7.9	7.75	2178200
2020-10-14	7.7	7.45	7.85	7.45	5126800
2020-10-15	7.45	7.3	7.6	7.3	3484100
2020-10-16	7.35	7.1	7.4	7.2	2444800
2020-10-19	7.05	6.9	7.15	6.9	3729100
2020-10-20	6.9	6.9	7.3	7.1	3391700
2020-10-21	7.2	7.05	7.3	7.15	2294800
2020-10-22	7.15	6.9	7.2	6.9	4192200
2020-10-26	6.9	6.8	6.95	6.85	1677700
2020-10-27	6.8	6.8	7.2	7.2	2969400
2020-10-28	7.2	7.0	7.2	7.1	2912100
2020-10-29	7.05	6.95	7.1	6.95	4327900
2020-10-30	7.0	6.85	7.05	6.9	995900
2020-11-02	6.9	6.65	6.95	6.8	2330200
2020-11-03	6.8	6.8	7.15	7.1	4427900
2020-11-04	7.2	7.05	7.35	7.3	4238500
2020-11-05	7.4	7.35	7.65	7.55	6407600
2020-11-06	7.55	7.45	7.65	7.55	2033700
2020-11-09	7.6	7.5	7.65	7.55	1722300
2020-11-10	7.6	7.15	7.65	7.2	5162500
2020-11-11	7.2	7.2	7.45	7.3	2045600
2020-11-12	7.3	7.2	7.4	7.35	1196500
2020-11-13	7.35	7.25	7.8	7.75	6671700
2020-11-16	7.95	7.75	7.95	7.85	5164900
2020-11-17	7.95	7.8	8.3	8.1	11596500
2020-11-18	8.1	8.0	8.25	8.1	2847100
2020-11-19	8.1	8.05	8.25	8.1	4390900
2020-11-20	8.1	8.1	8.35	8.2	5273900
2020-11-23	8.25	8.2	8.45	8.35	5268100
2020-11-24	8.6	8.2	8.6	8.2	6025900
2020-11-25	8.25	8.1	8.3	8.1	4069100
2020-11-26	8.15	8.05	8.25	8.1	3539900
2020-11-27	8.25	8.2	8.45	8.3	8514900
2020-11-30	8.5	8.45	8.8	8.55	22125600
2020-12-01	8.6	8.4	8.65	8.4	8572300
2020-12-02	8.45	8.45	8.8	8.8	13959400
2020-12-03	9.15	8.95	9.2	8.95	18274400
2020-12-04	9.1	9.0	9.15	9.05	8735400
2020-12-08	9.05	8.85	9.05	8.95	8038300
2020-12-09	9.05	8.65	9.05	8.75	14537200
2020-12-14	8.85	8.8	9.1	9.1	14014500
2020-12-15	9.1	8.95	9.2	8.95	11829500
2020-12-16	9.05	8.75	9.05	8.8	8446200
2020-12-17	8.85	8.75	8.95	8.85	10742200
2020-12-18	8.9	8.75	9.2	9.1	14911800
2020-12-21	8.6	8.4	8.9	8.4	18445800
2020-12-22	8.45	8.25	8.6	8.5	5260600
2020-12-23	8.5	8.2	8.6	8.35	8033100
2020-12-24	8.45	8.35	8.65	8.55	7230600
2020-12-25	8.55	8.4	8.6	8.5	3697400
2020-12-28	8.45	8.3	8.5	8.3	3731300
2020-12-29	8.5	8.3	8.55	8.45	3321400
2020-12-30	8.45	8.3	8.6	8.35	4686400
2021-01-04	8.15	8.1	8.6	8.6	5227100
2021-01-05	8.6	8.55	8.8	8.8	9099100
2021-01-06	9.05	8.5	9.15	8.55	25604900
2021-01-07	8.75	8.65	8.8	8.7	3481500
2021-01-08	8.85	8.65	8.85	8.7	2833600
2021-01-11	8.7	8.65	8.85	8.85	3424700
2021-01-12	8.8	8.65	8.85	8.85	4378300
2021-01-13	8.85	8.7	8.85	8.85	4523700
2021-01-14	8.85	8.75	9.25	9.15	20142300
2021-01-15	9.15	8.7	9.2	8.75	13965300
2021-01-18	8.75	8.65	8.85	8.65	4902100
2021-01-19	8.7	8.65	8.75	8.65	2772600
2021-01-20	8.7	8.45	8.8	8.55	6559400
2021-01-21	8.6	8.55	8.75	8.65	4633500
2021-01-22	8.7	8.45	8.7	8.45	4004700
2021-01-25	8.5	8.35	8.55	8.5	2485800
2021-01-26	8.5	8.35	8.5	8.4	3552000
2021-01-27	8.4	8.35	8.5	8.45	1365600
2021-01-28	8.35	8.25	8.45	8.25	3148500
2021-01-29	8.35	8.1	8.35	8.25	3270100
2021-02-01	8.3	8.25	8.65	8.65	7191000
2021-02-02	8.75	8.55	8.8	8.55	10416900
2021-02-03	8.7	8.5	8.7	8.5	2612100
2021-02-04	8.5	8.5	8.65	8.5	1759100
2021-02-05	8.5	8.5	8.65	8.55	1689100
2021-02-08	8.6	8.5	8.7	8.65	3705000
2021-02-09	8.65	8.55	8.7	8.6	3401000
2021-02-10	8.7	8.65	9.0	8.9	23375000
2021-02-11	8.9	8.75	8.95	8.8	5221100
2021-02-15	8.85	8.6	8.9	8.6	6123700
2021-02-16	8.6	8.6	8.75	8.7	2335500
2021-02-17	8.7	8.65	8.9	8.85	8650900
2021-02-18	8.9	8.65	8.95	8.65	5223300
2021-02-19	8.7	8.35	8.75	8.5	5414500
2021-02-22	8.6	8.3	8.6	8.35	2808000
2021-02-23	8.35	8.3	8.5	8.45	1845700
2021-02-24	8.45	8.3	8.5	8.4	1919000
2021-02-25	8.4	8.15	8.5	8.2	7464100
2021-03-01	8.1	8.1	8.35	8.35	2527100
2021-03-02	8.35	8.25	8.5	8.45	4854000
2021-03-03	8.75	8.7	8.95	8.95	29102400
2021-03-04	8.85	8.7	8.9	8.85	9580300
2021-03-05	8.8	8.8	9.1	8.85	20603500
2021-03-08	8.9	8.6	8.95	8.6	5694500
2021-03-09	8.6	8.55	8.7	8.6	2385400
2021-03-10	8.6	8.55	8.7	8.55	4394800
2021-03-11	8.65	8.4	8.65	8.6	6454700
2021-03-12	8.65	8.35	8.65	8.45	5008700
2021-03-15	8.45	8.4	8.5	8.45	1592700
2021-03-16	8.5	8.4	8.55	8.5	1641900
2021-03-17	8.5	8.4	8.7	8.7	8367500
2021-03-18	8.85	8.65	8.85	8.65	12620700
2021-03-19	8.7	8.6	8.75	8.7	2456900
2021-03-22	8.7	8.7	9.1	9.05	23520200
2021-03-23	9.15	9.0	9.2	9.0	14876400
2021-03-24	9.05	8.75	9.05	8.8	7007800
2021-03-25	8.85	8.7	9.0	8.8	5160500
2021-03-26	8.8	8.7	8.85	8.75	2415300
2021-03-29	8.8	8.75	8.9	8.8	2202900
2021-03-30	8.85	8.75	8.95	8.75	2841700
2021-03-31	8.8	8.6	8.85	8.6	4950700
2021-04-01	8.6	8.6	8.7	8.6	1456700
2021-04-02	8.6	8.6	8.75	8.75	2304000
2021-04-05	8.8	8.65	8.85	8.65	3569200
2021-04-07	8.55	8.5	8.65	8.5	3385400
2021-04-08	8.5	8.5	9.1	9.1	17372900
2021-04-09	9.4	9.25	9.65	9.55	67890200
2021-04-12	9.55	9.55	9.85	9.6	23921100
2021-04-16	9.6	9.25	9.65	9.5	9341100
2021-04-19	9.6	9.55	9.95	9.95	14641600
2021-04-20	9.9	9.65	10.0	9.7	12678500
2021-04-21	9.75	9.65	9.8	9.7	2338600
2021-04-22	9.75	9.4	9.9	9.45	9014300
2021-04-23	9.45	9.3	9.5	9.45	3716100
2021-04-26	9.4	9.35	9.7	9.6	6105100
2021-04-27	9.75	9.45	9.75	9.45	5125900
2021-04-28	9.5	9.5	10.4	10.2	24791900
2021-04-29	10.5	10.2	10.7	10.6	20166000
2021-04-30	10.6	10.6	11.7	11.7	39909200
2021-05-05	11.6	11.3	12.1	11.7	19524900
2021-05-06	11.8	11.8	12.3	12.1	11272700
2021-05-07	12.2	11.5	12.2	12.0	10636500
2021-05-10	11.9	11.7	12.0	11.9	2011100
2021-05-11	11.8	11.6	11.9	11.9	6857000
2021-05-12	11.9	11.6	12.0	11.7	5261300
2021-05-13	10.9	10.7	11.8	11.8	15505300
2021-05-14	11.8	11.2	11.9	11.6	5899900
2021-05-17	11.6	11.1	11.7	11.6	2984900
2021-05-18	11.6	11.5	13.0	12.8	44738100
2021-05-19	12.7	12.5	12.9	12.6	5716500
2021-05-20	12.5	12.1	13.2	12.1	15505300
2021-05-21	12.3	12.2	12.5	12.3	3909400
2021-05-24	12.4	12.2	12.6	12.6	4122600
2021-05-25	12.7	12.6	13.1	12.6	9814100
2021-05-27	12.7	12.4	12.7	12.4	2412100
2021-05-28	12.6	12.2	12.8	12.2	6164300
2021-05-31	12.2	12.2	14.2	14.1	41583500
2021-06-01	13.6	12.4	13.9	13.9	25084400
2021-06-02	13.9	13.3	13.9	13.5	4630700
2021-06-04	13.6	13.1	13.6	13.2	2933100
2021-06-07	13.4	12.6	13.4	12.8	4612600
2021-06-08	12.9	12.6	13.0	12.8	6174400
2021-06-09	12.8	12.8	13.1	13.0	2493900
2021-06-10	13.0	12.8	13.1	12.9	2690000
2021-06-11	12.9	12.8	13.1	13.0	1662300
2021-06-14	13.0	12.3	13.0	12.5	4785500
2021-06-15	12.3	12.1	12.8	12.4	5337300
2021-06-16	12.7	12.5	12.8	12.8	1414000
2021-06-17	12.8	12.6	13.6	13.4	8446700
2021-06-18	13.4	12.7	13.5	13.1	4697300
2021-06-21	12.8	12.5	13.0	12.8	5699000
2021-06-22	12.9	12.7	13.3	12.7	4046100
2021-06-23	12.4	12.0	12.6	12.1	7813700
2021-06-24	12.0	11.6	13.2	13.2	15674700
2021-06-25	12.9	12.6	13.4	13.4	9400700
2021-06-28	13.1	12.9	13.7	13.4	5785200
2021-06-29	13.4	13.3	14.3	14.2	11507600
2021-06-30	15.2	15.1	16.6	15.7	53092100
2021-07-01	16.1	15.3	16.3	15.4	17045900
2021-07-02	15.3	15.2	15.8	15.2	8645700
2021-07-05	15.4	14.5	15.4	15.0	8494300
2021-07-06	15.1	14.8	15.3	15.0	5082000
2021-07-07	14.9	14.6	15.0	14.6	3328200
2021-07-08	14.4	14.0	14.8	14.4	5512600
2021-07-09	14.3	14.3	15.2	14.9	15387700
2021-07-12	15.1	14.7	15.4	15.0	11946700
2021-07-13	14.9	14.7	15.1	14.9	10826200
2021-07-14	14.9	14.9	15.7	15.6	16686700
2021-07-15	15.4	15.3	15.7	15.4	9429200
2021-07-16	15.4	15.4	15.8	15.5	6820900
2021-07-19	15.3	15.1	15.5	15.3	3056200
2021-07-20	15.2	14.6	15.3	14.7	8900000
2021-07-21	15.0	14.7	15.2	15.0	2250200
2021-07-22	15.0	15.0	15.5	15.4	5697300
2021-07-23	15.6	15.5	16.0	15.8	10752400
2021-07-27	16.4	16.1	17.0	16.3	31118200
2021-07-29	16.4	16.2	17.1	16.8	22897100
2021-07-30	16.9	16.1	16.9	16.3	8385500
2021-08-02	16.3	16.1	17.0	16.7	11341400
2021-08-03	16.7	16.7	17.4	16.9	17427700
2021-08-04	17.1	16.8	17.1	16.8	4638600
2021-08-05	16.9	16.7	17.0	16.9	3038400
2021-08-06	16.6	16.3	16.8	16.4	4982900
2021-08-09	16.6	16.5	16.9	16.5	2879600
2021-08-10	16.6	16.6	17.0	16.7	2238500
2021-08-11	16.7	16.3	16.8	16.4	3138200
2021-08-13	16.4	15.6	16.6	15.6	8026500
2021-08-16	15.0	15.0	16.0	15.9	8207400
2021-08-17	15.9	15.3	15.9	15.6	4567200
2021-08-18	15.7	15.6	16.0	15.9	2645500
2021-08-19	15.7	15.5	16.2	15.8	5211400
2021-08-20	15.9	15.4	15.9	15.6	7028000
2021-08-23	15.6	15.4	15.8	15.7	5252500
2021-08-24	16.0	15.9	17.0	16.8	27970200
2021-08-25	16.8	16.4	17.2	16.5	14431800
2021-08-26	16.7	16.4	16.9	16.5	9644100
2021-08-27	16.7	16.5	16.8	16.7	3820900
2021-08-30	16.7	16.4	16.8	16.6	4721200
2021-08-31	16.6	16.4	16.6	16.6	2351900
2021-09-01	16.5	15.9	16.6	15.9	8785300
2021-09-02	15.9	15.7	16.1	15.8	5212600
2021-09-03	15.9	15.5	16.1	15.6	5736800
2021-09-06	15.6	15.4	15.8	15.4	5534900
2021-09-07	15.3	15.0	15.5	15.1	5911700
2021-09-08	15.1	15.0	15.5	15.3	3247900
2021-09-09	15.3	15.2	15.7	15.6	2974800
2021-09-10	15.6	15.2	15.6	15.2	3671200
2021-09-13	15.2	14.8	15.2	14.8	7370800
2021-09-14	14.8	14.7	15.1	14.8	5308900
2021-09-15	15.0	14.6	15.4	15.3	11714800
2021-09-16	15.3	15.1	15.5	15.3	4670700
2021-09-17	15.3	15.0	15.5	15.5	4328900
2021-09-20	15.6	15.0	15.7	15.0	8099100
2021-09-21	15.0	14.8	15.4	15.0	5177700
2021-09-22	15.0	15.0	15.2	15.0	1562500
2021-09-23	15.1	14.7	15.1	14.7	4892700
2021-09-27	14.8	14.4	14.9	14.5	4129900
2021-09-28	14.5	14.3	14.6	14.4	2803700
2021-09-29	14.4	14.3	15.2	15.0	6012000
2021-09-30	15.0	14.7	15.1	15.1	3784200
2021-10-01	15.0	14.8	15.0	14.9	1283600
2021-10-04	14.9	14.7	15.0	14.7	1590200
2021-10-05	14.7	14.5	14.8	14.6	2064600
2021-10-06	14.7	14.5	14.7	14.5	2536300
2021-10-07	14.7	14.5	15.2	15.0	4527700
2021-10-08	15.1	15.0	15.5	15.4	5509200
2021-10-11	15.5	15.2	15.6	15.3	2823700
2021-10-12	15.5	15.2	15.6	15.4	2029900
2021-10-14	15.4	15.1	15.6	15.6	5100900
2021-10-15	15.6	15.3	15.6	15.4	4989400
2021-10-18	15.4	14.9	15.4	15.0	3449800
2021-10-19	15.0	14.6	15.1	14.7	3688100
2021-10-20	14.7	14.7	14.9	14.9	615000
2021-10-21	14.9	14.8	14.9	14.9	1110700
2021-10-25	14.9	14.8	14.9	14.8	1721900
2021-10-26	14.9	14.9	15.3	15.0	3635500
2021-10-27	14.9	14.8	15.0	14.8	1109100
2021-10-28	14.8	14.7	14.9	14.7	1816800
2021-10-29	14.8	14.7	14.8	14.7	338700
2021-11-01	14.8	14.6	14.9	14.7	1606000
2021-11-02	14.7	14.5	14.8	14.6	1340500
2021-11-03	14.6	14.5	14.8	14.7	2091600
2021-11-04	14.7	14.5	14.8	14.7	1751200
2021-11-05	14.8	14.8	15.6	15.4	14931400
2021-11-08	15.4	14.9	15.5	15.0	6157400
2021-11-09	15.1	15.1	16.0	15.8	18649600
2021-11-10	15.7	15.7	16.0	16.0	14877300
2021-11-11	16.2	15.9	16.3	15.9	7612400
2021-11-12	16.0	15.5	16.4	15.7	10891600
2021-11-15	15.8	15.7	15.9	15.9	1599300
2021-11-16	15.9	15.7	16.1	15.8	2326700
2021-11-17	15.7	15.5	15.8	15.5	3250800
2021-11-18	15.5	15.5	16.1	16.0	3452200
2021-11-19	16.1	15.8	16.1	16.0	1969500
2021-11-22	16.0	15.8	16.4	16.3	12120500
2021-11-23	16.4	15.8	16.6	15.9	16679600
2021-11-24	16.0	15.9	16.2	15.9	3236200
2021-11-25	16.1	16.0	16.8	16.5	25735200
2021-11-26	16.4	15.8	16.5	16.0	14254300
2021-11-29	16.0	15.2	16.0	15.3	10418600
2021-11-30	15.7	15.0	15.8	15.2	9587600
2021-12-01	15.3	14.8	15.6	15.6	7562200
2021-12-02	15.4	15.2	15.5	15.3	1570000
2021-12-03	15.3	15.2	15.6	15.4	4658300
2021-12-07	15.7	15.7	16.4	15.8	14705800
2021-12-08	15.9	15.7	16.0	15.8	2920700
2021-12-09	16.0	15.7	16.0	15.9	2181000
2021-12-13	15.9	15.8	16.2	15.9	3551800
2021-12-14	15.8	15.8	16.3	16.1	4446000
2021-12-15	16.3	16.3	16.8	16.7	14929300
2021-12-16	16.8	16.2	16.8	16.8	8636400
2021-12-17	16.8	16.5	17.9	17.9	29901200
2021-12-20	18.0	17.7	19.3	19.1	26691300
2021-12-21	19.1	18.4	19.1	18.9	8019800
2021-12-22	18.6	18.2	19.3	18.7	10223900
2021-12-23	18.6	18.6	19.3	19.0	5853300
2021-12-24	19.0	18.8	19.5	18.8	7680600
2021-12-27	18.8	18.8	20.4	20.1	14073500
2021-12-28	20.3	20.0	20.6	20.0	8638500
2021-12-29	20.3	20.2	21.8	21.3	16467800
2021-12-30	21.6	20.7	22.0	22.0	8178200
2022-01-04	22.0	21.5	23.0	22.9	13002900
2022-01-05	23.0	22.1	24.4	23.2	17456500
2022-01-06	22.2	20.7	22.5	21.2	31412000
2022-01-07	21.5	20.6	21.8	21.2	15788100
2022-01-10	21.2	20.1	21.2	20.5	15913400
2022-01-11	20.8	20.4	21.1	20.6	7886300
2022-01-12	20.8	20.5	22.2	21.8	18980100
2022-01-13	21.8	21.6	22.5	22.0	11419900
2022-01-14	21.9	21.2	22.1	21.2	7025000
2022-01-17	21.1	20.8	21.6	21.2	4868200
2022-01-18	21.3	20.8	21.5	20.8	4703900
2022-01-19	20.8	20.7	21.5	21.3	7838200
2022-01-20	21.4	20.3	21.4	20.3	7042500
2022-01-21	20.1	19.7	20.6	20.4	3575400
2022-01-24	20.5	19.2	20.6	19.2	10814400
2022-01-25	19.4	19.3	20.1	19.8	6037900
2022-01-26	20.4	19.6	20.4	19.6	2391600
2022-01-27	19.5	19.3	19.9	19.8	3125500
2022-01-28	19.9	19.6	20.1	19.8	2726800
2022-01-31	19.6	19.6	20.5	20.3	4856300
2022-02-01	20.4	19.9	20.5	20.2	4969600
2022-02-02	20.2	19.8	20.3	20.1	4799700
2022-02-03	20.1	20.1	20.8	20.7	6140300
2022-02-04	20.7	19.8	20.8	19.8	10608400
2022-02-07	20.0	19.5	20.1	19.5	5741400
2022-02-08	19.7	19.7	20.2	20.0	5594500
2022-02-09	20.0	19.4	20.1	19.4	4553100
2022-02-10	19.6	18.6	19.7	18.7	9516000
2022-02-11	17.8	17.0	18.4	17.5	18194000
2022-02-14	17.2	17.2	17.7	17.5	5725100
2022-02-15	17.7	17.7	18.4	18.2	7750600
2022-02-17	18.1	17.9	18.2	18.2	2804800
2022-02-18	18.1	18.0	18.3	18.3	2406100
2022-02-21	18.4	17.9	18.6	18.0	3198200
2022-02-22	18.0	17.6	18.5	18.4	2387100
2022-02-23	18.6	18.2	18.6	18.6	3038600
2022-02-24	18.6	17.8	18.6	18.1	5097200
2022-02-25	18.1	17.9	18.8	18.5	6078100
2022-02-28	18.3	17.9	18.7	18.2	13332200
2022-03-01	18.4	18.3	19.5	19.3	9361400
2022-03-02	19.2	18.3	19.5	18.4	8990500
2022-03-03	18.7	18.2	18.9	18.7	8434000
2022-03-04	18.5	18.1	18.7	18.2	5289200
2022-03-07	18.0	17.1	18.2	17.3	7216700
2022-03-08	17.1	16.2	17.4	16.9	7388200
2022-03-09	16.9	16.6	17.2	17.2	5822300
2022-03-10	17.8	17.6	18.4	17.8	8346700
2022-03-11	17.5	17.3	17.9	17.5	6683900
2022-03-14	17.6	16.9	17.7	17.1	6167600
2022-03-15	17.3	16.9	17.4	17.1	2951500
2022-03-16	17.2	17.0	17.3	17.2	2137800
2022-03-17	17.4	17.3	17.8	17.6	3980500
2022-03-18	17.6	17.0	17.6	17.2	4271800
2022-03-21	17.2	16.8	17.3	17.1	4985900
2022-03-22	17.0	16.8	17.1	17.0	1290800
2022-03-23	17.0	16.6	17.1	16.6	4574300
2022-03-24	16.7	16.4	16.8	16.7	2806100
2022-03-25	16.8	16.5	16.8	16.7	1499900
2022-03-28	16.5	16.2	16.6	16.6	6013000
2022-03-29	16.9	16.6	17.2	16.9	10821400
2022-03-30	17.2	17.0	17.7	17.7	13233200
2022-03-31	17.9	17.2	18.1	18.1	12564000
2022-04-01	17.9	17.2	17.9	17.4	9706300
2022-04-04	17.4	17.0	17.4	17.0	5315500
2022-04-05	17.1	16.6	17.1	16.7	5055800
2022-04-07	16.5	16.0	16.6	16.1	10851300
2022-04-08	16.0	15.6	16.0	15.8	9486100
2022-04-11	15.8	15.5	15.9	15.5	5571700
2022-04-12	15.5	15.4	15.8	15.7	4939900
2022-04-18	15.6	15.3	16.0	15.8	6761000
2022-04-19	15.9	15.6	16.3	16.0	13496400
2022-04-20	16.0	15.7	16.0	15.9	5806500
2022-04-21	15.9	15.9	16.5	16.2	8258400
2022-04-22	16.2	16.1	16.4	16.4	2980200
2022-04-25	16.0	16.0	16.4	16.3	3285200
2022-04-26	16.5	16.0	16.6	16.0	6320400
2022-04-27	16.0	15.7	16.0	16.0	4721600
2022-04-28	15.9	15.6	16.1	16.0	3094500
2022-04-29	16.1	15.8	16.2	16.2	3565300
2022-05-03	16.2	15.8	16.2	15.8	3225700
2022-05-05	15.9	15.6	16.1	16.0	4182600
2022-05-06	15.7	15.7	16.0	15.7	2324200
2022-05-09	15.7	15.1	15.7	15.2	4637800
2022-05-10	15.0	14.8	15.5	15.5	2504200
2022-05-11	15.6	15.0	15.6	15.0	2103500
2022-05-12	14.9	14.3	14.9	14.4	6379800
2022-05-13	14.5	14.4	14.6	14.5	1858600
2022-05-17	14.5	14.5	15.3	15.0	5039500
2022-05-18	15.3	15.0	15.7	15.5	3440000
2022-05-19	15.2	15.0	15.3	15.2	1653700
2022-05-20	15.4	14.9	15.4	14.9	2185400
2022-05-23	14.9	14.7	15.1	14.9	2951300
2022-05-24	15.2	15.2	16.2	15.7	13864700
2022-05-25	15.7	15.5	16.0	15.6	6204900
2022-05-26	15.7	15.7	16.2	16.1	8993600
2022-05-27	16.2	15.8	16.3	15.9	4425600
2022-05-30	16.1	15.9	16.2	16.1	3097900
2022-05-31	15.9	15.8	16.0	15.9	3352100
2022-06-01	15.9	15.9	16.4	16.2	5091100
2022-06-02	16.2	15.9	16.3	16.0	2609900
2022-06-06	15.9	15.7	16.0	16.0	2012600
2022-06-07	16.1	15.1	16.1	15.2	7530500
2022-06-08	15.4	15.1	15.4	15.2	3224000
2022-06-09	15.2	14.7	15.2	14.7	6148600
2022-06-10	14.7	14.5	14.7	14.6	4186800
2022-06-13	14.4	14.2	14.6	14.3	2150200
2022-06-14	14.3	14.2	14.7	14.5	2440500
2022-06-15	14.6	14.3	14.7	14.4	1998700
2022-06-16	14.6	13.9	14.6	14.0	4532500
2022-06-17	13.6	13.6	14.0	14.0	1740800
2022-06-20	14.0	13.7	14.0	14.0	864400
2022-06-21	14.1	13.8	14.2	13.9	2925800
2022-06-22	14.1	13.6	14.1	13.7	1773900
2022-06-23	13.7	13.6	13.9	13.7	1262700
2022-06-24	13.8	13.7	14.1	13.9	1841900
2022-06-27	13.9	13.9	14.1	14.0	859100
2022-06-28	14.0	13.9	14.1	13.9	711500
2022-06-29	13.9	13.8	14.1	13.9	971500
2022-06-30	13.9	13.7	14.0	13.8	2162800
2022-07-01	14.0	13.8	14.6	14.6	5658500
2022-07-04	14.4	14.1	14.5	14.1	2089900
2022-07-05	14.1	13.9	14.4	13.9	2805400
2022-07-06	13.9	13.0	14.0	13.2	5968300
2022-07-07	13.4	13.1	13.5	13.4	1935400
2022-07-08	13.6	13.5	13.8	13.5	2004700
2022-07-11	13.6	13.2	13.6	13.2	1420100
2022-07-12	13.2	12.9	13.2	12.9	1053000
2022-07-14	13.1	12.8	13.2	12.9	903200
2022-07-15	12.8	12.5	13.0	12.8	2549400
2022-07-18	12.8	12.8	13.1	12.9	521000
2022-07-19	12.9	12.7	13.0	12.9	754100
2022-07-20	13.1	13.0	13.2	13.1	890200
2022-07-21	13.1	13.1	13.6	13.6	3156200
2022-07-22	13.6	13.3	13.6	13.4	1078500
2022-07-25	13.5	13.3	13.6	13.6	420700
2022-07-26	13.6	12.9	13.8	13.3	2713000
2022-07-27	13.3	13.2	13.5	13.3	1789300
2022-08-01	13.5	13.5	15.1	15.1	10564000
2022-08-02	14.8	14.7	15.3	15.0	5361300
2022-08-03	15.1	14.5	15.1	14.7	4075700
2022-08-04	15.0	14.8	15.1	14.8	2217100
2022-08-05	14.9	14.8	15.5	15.4	6895200
2022-08-08	15.4	15.1	15.6	15.6	2801000
2022-08-09	15.8	15.3	15.8	15.4	2933700
2022-08-10	15.4	15.1	15.5	15.2	1762800
2022-08-11	15.2	14.8	15.3	14.9	3698200
2022-08-15	15.1	14.9	15.3	15.2	1167600
2022-08-16	15.2	15.2	16.1	15.9	10406800
2022-08-17	15.9	15.9	16.8	16.7	10714800
2022-08-18	16.6	16.4	16.9	16.9	4798100
2022-08-19	17.0	16.8	17.5	17.0	11954800
2022-08-22	16.8	16.5	17.0	16.8	6578700
2022-08-23	16.8	16.7	17.4	17.2	6665800
2022-08-24	17.2	17.0	17.3	17.1	4415800
2022-08-25	17.2	17.2	18.1	17.6	10360800
2022-08-26	17.6	17.4	17.9	17.5	3371800
2022-08-29	16.9	16.9	17.7	17.5	4654900
2022-08-30	17.7	17.3	17.7	17.4	4239600
2022-08-31	17.4	17.0	17.4	17.1	2203900
2022-09-01	17.1	17.1	17.5	17.4	2586200
2022-09-02	17.3	17.2	17.6	17.4	1505200
2022-09-05	17.3	17.3	17.9	17.3	2712700
2022-09-06	17.3	17.1	17.5	17.1	2736900
2022-09-07	17.1	17.1	17.5	17.4	2989500
2022-09-08	17.6	17.3	17.8	17.3	1994700
2022-09-09	17.4	17.3	17.6	17.4	1184000
2022-09-12	17.5	17.5	18.4	17.9	5593000
2022-09-13	18.2	17.8	18.2	17.8	3284200
2022-09-14	17.7	17.7	18.4	18.2	5590400
2022-09-15	18.2	18.1	18.7	18.6	8776300
2022-09-16	18.6	18.0	18.7	18.0	4566100
2022-09-19	18.0	17.9	18.3	18.1	1637000
2022-09-20	18.2	17.8	18.2	17.9	2425200
2022-09-21	18.0	17.8	18.2	18.0	1118600
2022-09-22	18.0	17.8	18.2	18.0	2581300
2022-09-23	18.0	17.9	18.2	18.0	1545100
2022-09-26	18.1	18.0	18.3	18.0	2545000
2022-09-27	18.1	17.7	18.1	17.7	3176300
2022-09-28	17.7	17.1	17.7	17.1	5862900
2022-09-29	17.3	16.9	17.5	17.0	2414900
2022-09-30	16.9	16.6	17.0	16.7	4642200
2022-10-03	16.7	15.9	17.0	16.3	4746600
2022-10-04	16.7	16.2	16.7	16.3	1724300
2022-10-05	16.4	16.0	16.5	16.1	2189500
2022-10-06	16.0	16.0	16.8	16.8	3049600
2022-10-07	16.8	16.6	17.1	17.0	3051800
2022-10-10	17.0	16.9	17.8	17.6	3080200
2022-10-11	17.5	17.5	18.1	17.9	3924000
2022-10-12	18.0	17.8	18.8	18.5	7382300
2022-10-17	19.2	19.1	20.9	20.9	29705500
2022-10-18	21.0	20.6	21.3	20.8	12309100
2022-10-19	20.9	20.2	21.1	20.4	7912700
2022-10-20	20.4	19.9	20.6	20.0	8781900
2022-10-21	20.0	20.0	20.8	20.6	10031300
2022-10-25	21.3	20.5	21.6	21.5	24396900
2022-10-26	21.2	20.7	21.6	21.6	22028600
2022-10-27	20.7	19.8	21.0	19.9	37694100
2022-10-28	20.1	18.2	20.4	18.4	40802500
2022-10-31	18.7	18.2	19.9	19.5	37786100
2022-11-01	19.5	19.5	20.2	19.9	11103700
2022-11-02	19.9	19.2	19.9	19.5	11803400
2022-11-03	19.4	19.4	19.9	19.8	4829600
2022-11-04	20.0	19.6	20.0	19.6	3005600
2022-11-07	19.6	19.6	20.1	19.9	9225400
2022-11-08	19.9	19.3	19.9	19.5	6122600
2022-11-09	19.6	19.3	19.7	19.4	3974200
2022-11-10	19.3	19.0	19.8	19.1	7290600
2022-11-11	19.3	18.5	19.4	18.6	12208700
2022-11-14	18.8	18.8	19.4	19.2	7245200
2022-11-15	19.3	19.1	20.0	19.9	12177400
2022-11-16	19.8	19.6	20.1	19.9	6162100
2022-11-17	19.9	19.7	20.5	20.4	13316300
2022-11-18	20.5	19.7	20.5	20.2	6992500
2022-11-21	20.2	20.1	20.5	20.5	4358400
2022-11-22	20.5	20.5	20.9	20.7	7369800
2022-11-23	20.7	20.2	20.8	20.3	4467300
2022-11-24	20.3	20.1	20.4	20.1	1343000
2022-11-25	20.1	20.0	20.4	20.2	1565700
2022-11-28	20.4	20.4	21.3	21.2	15712400
2022-11-29	21.2	20.9	21.2	21.1	3625900
2022-11-30	21.2	20.8	21.5	20.8	10051900
2022-12-01	20.9	20.4	21.1	20.5	6658400
2022-12-02	20.6	20.6	22.1	22.0	18070900
2022-12-06	22.4	21.7	22.6	21.9	9599800
2022-12-07	21.8	21.5	22.1	21.6	3708400
2022-12-08	21.7	21.7	22.0	21.9	1649100
2022-12-09	21.9	21.5	21.9	21.7	1608300
2022-12-13	21.7	21.3	22.0	21.4	2872000
2022-12-14	21.5	21.4	22.0	22.0	5010200
2022-12-15	21.9	21.5	21.9	21.7	3328800
2022-12-16	21.7	21.4	21.8	21.7	2193000
2022-12-19	21.8	21.6	22.5	21.8	6202300
2022-12-20	21.9	21.5	21.9	21.6	1991600
2022-12-21	21.8	21.5	22.1	21.6	2414800
2022-12-22	21.6	21.6	21.9	21.6	2805800
2022-12-23	21.6	20.9	21.8	21.3	4347100
2022-12-26	21.3	21.3	21.9	21.9	3009000
2022-12-27	21.9	21.1	21.9	21.4	6849400
2022-12-28	21.5	21.2	21.6	21.3	3850500
2022-12-29	20.7	20.7	21.4	21.2	3640000
2022-12-30	21.1	20.6	21.1	20.8	4196000
