Date	Price Open	Price Low	Price High	Price Close	Volume
2017-11-22	2.3200008	1.99133402	2.37800082	2.04933404	524863577
2017-11-23	2.04933404	1.91400066	2.06866738	1.933334	95565277
2017-11-24	1.933334	1.75933394	1.933334	1.75933394	62935012
2017-11-27	1.74966727	1.63366723	1.77866728	1.65300057	33944884
2017-11-28	1.66266724	1.65300057	1.74966727	1.70133392	41412813
2017-11-29	1.71100059	1.66266724	1.72066726	1.66266724	10384134
2017-11-30	1.66266724	1.58533388	1.66266724	1.60466722	15842477
2017-12-01	1.63366723	1.61433389	1.70133392	1.68200058	29104231
2017-12-04	1.70133392	1.6433339	1.7400006	1.65300057	22365716
2017-12-06	1.6433339	1.6433339	1.67233391	1.67233391	9333307
2017-12-07	1.68200058	1.62400056	1.68200058	1.62400056	4905618
2017-12-08	1.6433339	1.59500055	1.6433339	1.59500055	4680825
2017-12-12	1.60466722	1.50800052	1.60466722	1.50800052	11155754
2017-12-13	1.50800052	1.49833385	1.55633387	1.50800052	3032274
2017-12-14	1.53700053	1.49833385	1.53700053	1.50800052	4241481
2017-12-15	1.52733386	1.49833385	1.58533388	1.5466672	17274304
2017-12-18	1.53700053	1.50800052	1.5466672	1.50800052	6491997
2017-12-19	1.51766719	1.50800052	1.6433339	1.61433389	37350297
2017-12-20	1.63366723	1.58533388	1.66266724	1.60466722	28208162
2017-12-21	1.59500055	1.57566721	1.60466722	1.57566721	6280963
2017-12-22	1.57566721	1.5466672	1.59500055	1.56600054	4405653
2017-12-25	1.56600054	1.53700053	1.57566721	1.53700053	3328447
2017-12-26	1.53700053	1.53700053	1.58533388	1.58533388	14981167
2017-12-27	1.58533388	1.53700053	1.59500055	1.5466672	10436065
2017-12-28	1.55633387	1.53700053	1.58533388	1.56600054	6912721
2017-12-29	1.55633387	1.5466672	1.58533388	1.55633387	8701445
2018-01-03	1.56600054	1.5466672	1.59500055	1.5466672	4234239
2018-01-04	1.56600054	1.53700053	1.56600054	1.5466672	1771033
2018-01-05	1.55633387	1.51766719	1.55633387	1.52733386	5032860
2018-01-08	1.5466672	1.51766719	1.5466672	1.51766719	1722102
2018-01-09	1.53700053	1.50800052	1.53700053	1.50800052	2224757
2018-01-10	1.51766719	1.50800052	1.52733386	1.52733386	2061516
2018-01-11	1.51766719	1.50800052	1.56600054	1.50800052	6465825
2018-01-12	1.51766719	1.49833385	1.52733386	1.49833385	2948378
2018-01-15	1.50800052	1.4500005	1.51766719	1.45966717	5800963
2018-01-16	1.45966717	1.45966717	1.49833385	1.45966717	5728239
2018-01-17	1.46933384	1.4500005	1.46933384	1.4500005	831206
2018-01-18	1.4500005	1.44033383	1.46933384	1.44033383	1927137
2018-01-19	1.4500005	1.4500005	1.51766719	1.51766719	24009095
2018-01-22	1.51766719	1.50800052	1.66266724	1.63366723	150533637
2018-01-23	1.67233391	1.61433389	1.71100059	1.68200058	106948928
2018-01-24	1.66266724	1.65300057	1.69166725	1.67233391	30662575
2018-01-25	1.68200058	1.57566721	1.72066726	1.58533388	31846023
2018-01-26	1.60466722	1.57566721	1.65300057	1.6433339	29254955
2018-01-29	1.67233391	1.63366723	1.67233391	1.6433339	16156028
2018-01-30	1.66266724	1.6433339	1.73033393	1.73033393	58533186
2018-01-31	1.75933394	1.7400006	1.8366673	1.79800062	105716239
2018-02-01	1.78833395	1.7400006	1.80766729	1.75933394	24443784
2018-02-02	1.75933394	1.75933394	1.85600064	1.84633397	72282181
2018-02-05	1.78833395	1.76900061	1.82700063	1.80766729	38645572
2018-02-06	1.7400006	1.70133392	1.75933394	1.70133392	36193022
2018-02-07	1.74966727	1.73033393	1.77866728	1.73033393	57843600
2018-02-08	1.7400006	1.67233391	1.76900061	1.69166725	29848851
2018-02-09	1.65300057	1.6433339	1.68200058	1.66266724	10645754
2018-02-12	1.68200058	1.66266724	1.73033393	1.73033393	18654097
2018-02-13	1.73033393	1.3533338	1.75933394	1.3533338	37063952
2018-02-14	1.67233391	1.58533388	1.69166725	1.62400056	26932025
2018-02-15	1.6433339	1.60466722	1.6433339	1.61433389	5061205
2018-02-16	1.61433389	1.59500055	1.6433339	1.59500055	5383963
2018-02-19	1.61433389	1.59500055	1.6433339	1.6433339	5069274
2018-02-20	1.65300057	1.65300057	1.7400006	1.72066726	28379990
2018-02-21	1.7400006	1.73033393	1.80766729	1.75933394	47481811
2018-02-22	1.74966727	1.69166725	1.75933394	1.69166725	11324892
2018-02-23	1.70133392	1.70133392	1.75933394	1.75933394	9528100
2018-02-26	1.75933394	1.70133392	1.75933394	1.71100059	9625238
2018-02-27	1.72066726	1.61433389	1.72066726	1.61433389	8239031
2018-02-28	1.61433389	1.60466722	1.66266724	1.61433389	2597378
2018-03-02	1.61433389	1.59500055	1.63366723	1.62400056	1742275
2018-03-05	1.62400056	1.58533388	1.6433339	1.58533388	1292378
2018-03-06	1.59500055	1.57566721	1.61433389	1.58533388	1588861
2018-03-07	1.60466722	1.56600054	1.60466722	1.57566721	648723
2018-03-08	1.58533388	1.45966717	1.58533388	1.45966717	5936377
2018-03-09	1.45966717	1.4500005	1.55633387	1.49833385	10351134
2018-03-12	1.51766719	1.49833385	1.56600054	1.53700053	2403206
2018-03-13	1.5466672	1.52733386	1.5466672	1.53700053	874861
2018-03-14	1.53700053	1.53700053	1.57566721	1.57566721	2513585
2018-03-15	1.55633387	1.55633387	1.61433389	1.60466722	5086032
2018-03-16	1.61433389	1.55633387	1.62400056	1.55633387	2855171
2018-03-19	1.56600054	1.53700053	1.58533388	1.53700053	1253068
2018-03-20	1.56600054	1.52733386	1.56600054	1.5466672	619137
2018-03-21	1.55633387	1.53700053	1.57566721	1.53700053	713999
2018-03-22	1.5466672	1.53700053	1.56600054	1.5466672	653172
2018-03-23	1.52733386	1.50800052	1.52733386	1.50800052	1773930
2018-03-26	1.52733386	1.50800052	1.5466672	1.50800052	638275
2018-03-27	1.52733386	1.50800052	1.53700053	1.51766719	1399965
2018-03-28	1.51766719	1.46933384	1.51766719	1.46933384	2293757
2018-03-29	1.46933384	1.44033383	1.50800052	1.44033383	2303275
2018-03-30	1.45966717	1.44033383	1.46933384	1.4500005	1253171
2018-04-02	1.45966717	1.42100049	1.45966717	1.44033383	1047516
2018-04-03	1.44033383	1.41133382	1.44033383	1.41133382	595344
2018-04-04	1.41133382	1.36300047	1.43066716	1.36300047	1176723
2018-04-05	1.36300047	1.3533338	1.38233381	1.3533338	1021758
2018-04-09	1.3533338	1.32433379	1.36300047	1.32433379	1589999
2018-04-10	1.32433379	1.32433379	1.34366713	1.34366713	396517
2018-04-11	1.34366713	1.34366713	1.38233381	1.38233381	997654
2018-04-12	1.39200048	1.39200048	1.45966717	1.44033383	2960585
2018-04-17	1.44033383	1.44033383	1.50800052	1.46933384	5056963
2018-04-18	1.46933384	1.44033383	1.46933384	1.44033383	1237240
2018-04-19	1.4500005	1.44033383	1.45966717	1.44033383	1036551
2018-04-20	1.4500005	1.43066716	1.45966717	1.43066716	383896
2018-04-23	1.43066716	1.42100049	1.4500005	1.42100049	840413
2018-04-24	1.44033383	1.40166715	1.44033383	1.41133382	598654
2018-04-25	1.39200048	1.37266714	1.40166715	1.38233381	388034
2018-04-26	1.39200048	1.36300047	1.39200048	1.39200048	320999
2018-04-27	1.38233381	1.34366713	1.39200048	1.36300047	807310
2018-04-30	1.36300047	1.36300047	1.38233381	1.37266714	289965
2018-05-02	1.38233381	1.3533338	1.38233381	1.3533338	416482
2018-05-03	1.3533338	1.3533338	1.40166715	1.37266714	973758
2018-05-04	1.37266714	1.36300047	1.38233381	1.36300047	230068
2018-05-07	1.37266714	1.37266714	1.4500005	1.40166715	2257447
2018-05-08	1.40166715	1.39200048	1.43066716	1.41133382	2144688
2018-05-09	1.41133382	1.40166715	1.45966717	1.41133382	14371236
2018-05-10	1.42100049	1.34366713	1.43066716	1.36300047	3071378
2018-05-11	1.36300047	1.33400046	1.37266714	1.36300047	719999
2018-05-14	1.33400046	1.27600044	1.34366713	1.29533378	4507860
2018-05-15	1.30500045	1.28566711	1.30500045	1.28566711	1344723
2018-05-16	1.29533378	1.29533378	1.31466712	1.29533378	519103
2018-05-17	1.29533378	1.28566711	1.30500045	1.30500045	595861
2018-05-18	1.31466712	1.30500045	1.49833385	1.4500005	38749745
2018-05-21	1.42100049	1.38233381	1.45966717	1.39200048	13829477
2018-05-22	1.40166715	1.39200048	1.46933384	1.4500005	19818717
2018-05-23	1.44033383	1.40166715	1.48866718	1.41133382	9788065
2018-05-24	1.42100049	1.38233381	1.4500005	1.38233381	5106618
2018-05-25	1.39200048	1.3533338	1.40166715	1.36300047	2655309
2018-05-28	1.37266714	1.3533338	1.39200048	1.38233381	775861
2018-05-30	1.36300047	1.34366713	1.38233381	1.3533338	1015034
2018-05-31	1.36300047	1.34366713	1.38233381	1.34366713	1593620
2018-06-01	1.3533338	1.31466712	1.3533338	1.31466712	1233723
2018-06-04	1.33400046	1.31466712	1.34366713	1.31466712	769861
2018-06-05	1.31466712	1.30500045	1.33400046	1.32433379	749172
2018-06-06	1.32433379	1.31466712	1.34366713	1.31466712	738827
2018-06-07	1.34366713	1.32433379	1.3533338	1.33400046	1381551
2018-06-08	1.33400046	1.32433379	1.34366713	1.33400046	717206
2018-06-11	1.33400046	1.33400046	1.34366713	1.33400046	428379
2018-06-12	1.33400046	1.32433379	1.34366713	1.32433379	401172
2018-06-13	1.32433379	1.31466712	1.36300047	1.33400046	2462585
2018-06-14	1.33400046	1.31466712	1.34366713	1.31466712	1073482
2018-06-15	1.32433379	1.30500045	1.33400046	1.31466712	282517
2018-06-18	1.31466712	1.30500045	1.41133382	1.38233381	16012959
2018-06-19	1.38233381	1.30500045	1.38233381	1.30500045	7088273
2018-06-20	1.33400046	1.28566711	1.34366713	1.30500045	6517032
2018-06-21	1.31466712	1.27600044	1.32433379	1.27600044	2161654
2018-06-22	1.28566711	1.22766709	1.29533378	1.22766709	3100654
2018-06-25	1.22766709	1.21800042	1.28566711	1.22766709	1671413
2018-06-26	1.21800042	1.19866708	1.23733376	1.20833375	1465240
2018-06-27	1.20833375	1.19866708	1.26633377	1.20833375	3779998
2018-06-28	1.20833375	1.1600004	1.20833375	1.1600004	1062206
2018-06-29	1.16966707	1.13100039	1.17933374	1.13100039	872999
2018-07-02	1.13100039	1.13100039	1.16966707	1.14066706	593172
2018-07-03	1.14066706	1.14066706	1.16966707	1.15033373	842172
2018-07-04	1.15033373	1.15033373	1.21800042	1.20833375	3475136
2018-07-05	1.20833375	1.16966707	1.20833375	1.16966707	1353723
2018-07-06	1.17933374	1.1600004	1.19866708	1.17933374	1114137
2018-07-09	1.18900041	1.18900041	1.22766709	1.20833375	1471965
2018-07-10	1.21800042	1.19866708	1.23733376	1.22766709	1397896
2018-07-11	1.20833375	1.20833375	1.24700043	1.21800042	1925895
2018-07-12	1.22766709	1.21800042	1.24700043	1.22766709	653275
2018-07-13	1.21800042	1.21800042	1.24700043	1.21800042	869999
2018-07-16	1.21800042	1.19866708	1.22766709	1.19866708	453827
2018-07-17	1.19866708	1.18900041	1.20833375	1.19866708	934551
2018-07-18	1.19866708	1.18900041	1.21800042	1.18900041	896999
2018-07-19	1.20833375	1.20833375	1.22766709	1.20833375	321724
2018-07-20	1.21800042	1.21800042	1.23733376	1.23733376	1131827
2018-07-23	1.23733376	1.22766709	1.23733376	1.23733376	69827
2018-07-24	1.23733376	1.21800042	1.23733376	1.21800042	420103
2018-07-25	1.21800042	1.21800042	1.22766709	1.22766709	241241
2018-07-26	1.22766709	1.1600004	1.22766709	1.18900041	2593964
2018-07-31	1.19866708	1.19866708	1.34366713	1.29533378	15956166
2018-08-01	1.30500045	1.24700043	1.36300047	1.26633377	11357168
2018-08-02	1.27600044	1.24700043	1.27600044	1.24700043	992689
2018-08-03	1.27600044	1.24700043	1.29533378	1.24700043	2718309
2018-08-06	1.26633377	1.23733376	1.26633377	1.24700043	866896
2018-08-07	1.26633377	1.23733376	1.26633377	1.23733376	472137
2018-08-08	1.2566671	1.21800042	1.2566671	1.21800042	826344
2018-08-09	1.21800042	1.20833375	1.24700043	1.21800042	732516
2018-08-10	1.23733376	1.17933374	1.23733376	1.17933374	1413309
2018-08-14	1.17933374	1.17933374	1.19866708	1.17933374	835241
2018-08-15	1.17933374	1.17933374	1.18900041	1.17933374	302999
2018-08-16	1.18900041	1.17933374	1.18900041	1.17933374	205137
2018-08-17	1.17933374	1.16966707	1.19866708	1.18900041	1488620
2018-08-20	1.18900041	1.18900041	1.21800042	1.19866708	1227103
2018-08-21	1.20833375	1.19866708	1.2566671	1.20833375	3445757
2018-08-22	1.20833375	1.19866708	1.21800042	1.19866708	699310
2018-08-23	1.20833375	1.20833375	1.21800042	1.20833375	625551
2018-08-24	1.20833375	1.20833375	1.22766709	1.22766709	1921861
2018-08-27	1.23733376	1.23733376	1.26633377	1.23733376	7236721
2018-08-28	1.22766709	1.20833375	1.23733376	1.21800042	1580275
2018-08-29	1.20833375	1.20833375	1.22766709	1.21800042	256758
2018-08-30	1.21800042	1.20833375	1.22766709	1.21800042	521172
2018-08-31	1.22766709	1.21800042	1.23733376	1.21800042	709861
2018-09-03	1.23733376	1.21800042	1.23733376	1.21800042	547758
2018-09-04	1.23733376	1.21800042	1.23733376	1.21800042	280965
2018-09-05	1.21800042	1.21800042	1.22766709	1.21800042	1301068
2018-09-06	1.22766709	1.21800042	1.22766709	1.21800042	1313171
2018-09-07	1.21800042	1.21800042	1.26633377	1.26633377	2847102
2018-09-10	1.26633377	1.20833375	1.30500045	1.20833375	12955547
2018-09-11	1.21800042	1.20833375	1.22766709	1.20833375	1274689
2018-09-12	1.20833375	1.19866708	1.22766709	1.19866708	323689
2018-09-13	1.19866708	1.19866708	1.21800042	1.20833375	956896
2018-09-14	1.21800042	1.21800042	1.22766709	1.22766709	830999
2018-09-17	1.22766709	1.21800042	1.23733376	1.21800042	1145275
2018-09-18	1.22766709	1.21800042	1.24700043	1.22766709	1291344
2018-09-19	1.24700043	1.22766709	1.27600044	1.23733376	3751136
2018-09-20	1.2566671	1.24700043	1.32433379	1.32433379	14039271
2018-09-21	1.33400046	1.28566711	1.33400046	1.29533378	5196929
2018-09-24	1.30500045	1.27600044	1.30500045	1.28566711	1665620
2018-09-25	1.28566711	1.24700043	1.28566711	1.26633377	1075861
2018-09-26	1.26633377	1.2566671	1.29533378	1.28566711	2774274
2018-09-27	1.29533378	1.27600044	1.30500045	1.28566711	2840585
2018-09-28	1.27600044	1.22766709	1.27600044	1.2566671	4126033
2018-10-01	1.2566671	1.22766709	1.2566671	1.23733376	4069757
2018-10-02	1.22766709	1.22766709	1.24700043	1.23733376	920068
2018-10-03	1.24700043	1.24700043	1.28566711	1.26633377	8552066
2018-10-04	1.26633377	1.23733376	1.26633377	1.2566671	1528240
2018-10-05	1.2566671	1.2566671	1.27600044	1.2566671	1829792
2018-10-08	1.2566671	1.23733376	1.2566671	1.24700043	547241
2018-10-09	1.23733376	1.22766709	1.24700043	1.24700043	445137
2018-10-10	1.24700043	1.22766709	1.2566671	1.24700043	266068
2018-10-11	1.22766709	1.21800042	1.23733376	1.23733376	1496275
2018-10-12	1.22766709	1.20833375	1.2566671	1.22766709	2822481
2018-10-16	1.23733376	1.19866708	1.2566671	1.20833375	9393100
2018-10-17	1.20833375	1.20833375	1.23733376	1.22766709	4295895
2018-10-18	1.22766709	1.20833375	1.22766709	1.20833375	1493171
2018-10-19	1.21800042	1.19866708	1.21800042	1.19866708	428586
2018-10-22	1.19866708	1.18900041	1.20833375	1.18900041	274448
2018-10-24	1.16966707	1.15033373	1.18900041	1.15033373	986792
2018-10-25	1.15033373	1.12133372	1.15033373	1.15033373	997137
2018-10-26	1.15033373	1.14066706	1.1600004	1.14066706	270620
2018-10-29	1.14066706	1.14066706	1.1600004	1.15033373	148034
2018-10-30	1.14066706	1.14066706	1.16966707	1.1600004	214448
2018-10-31	1.16966707	1.1600004	1.17933374	1.17933374	336620
2018-11-01	1.1600004	1.1600004	1.20833375	1.17933374	1633654
2018-11-02	1.17933374	1.17933374	1.26633377	1.18900041	11301306
2018-11-05	1.18900041	1.17933374	1.19866708	1.17933374	759103
2018-11-06	1.18900041	1.17933374	1.19866708	1.18900041	440068
2018-11-07	1.19866708	1.18900041	1.21800042	1.19866708	1222551
2018-11-08	1.20833375	1.18900041	1.23733376	1.18900041	5030687
2018-11-09	1.17933374	1.17933374	1.18900041	1.17933374	371792
2018-11-12	1.18900041	1.17933374	1.19866708	1.17933374	264206
2018-11-13	1.17933374	1.17933374	1.18900041	1.17933374	194482
2018-11-14	1.17933374	1.12133372	1.18900041	1.12133372	1143930
2018-11-15	1.12133372	1.11166705	1.14066706	1.11166705	668172
2018-11-16	1.13100039	1.09233371	1.21800042	1.1600004	17847614
2018-11-19	1.1600004	1.12133372	1.1600004	1.15033373	1000758
2018-11-20	1.15033373	1.12133372	1.16966707	1.12133372	6604756
2018-11-21	1.12133372	1.07300037	1.1600004	1.07300037	8279169
2018-11-22	1.10200038	0.99566701	1.10200038	0.99566701	2815550
2018-11-23	1.00533368	0.99566701	1.03433369	1.02466702	872896
2018-11-26	1.05366703	1.00533368	1.05366703	1.01500035	334137
2018-11-27	1.05366703	1.01500035	1.05366703	1.02466702	299793
2018-11-28	1.02466702	1.02466702	1.08266704	1.04400036	2695447
2018-11-29	1.05366703	1.04400036	1.0633337	1.04400036	244551
2018-11-30	1.0633337	1.03433369	1.0633337	1.04400036	200379
2018-12-03	1.0633337	1.05366703	1.08266704	1.05366703	483723
2018-12-04	1.0633337	1.03433369	1.07300037	1.03433369	718861
2018-12-06	1.05366703	1.02466702	1.0633337	1.03433369	76758
2018-12-07	1.03433369	1.02466702	1.05366703	1.02466702	164379
2018-12-11	1.02466702	1.00533368	1.05366703	1.01500035	659792
2018-12-12	1.02466702	1.01500035	1.02466702	1.02466702	59379
2018-12-13	1.03433369	1.00533368	1.04400036	1.00533368	459413
2018-12-14	1.00533368	0.99566701	1.02466702	0.99566701	280241
2018-12-17	1.00533368	0.966667	1.04400036	1.04400036	1680309
2018-12-18	1.04400036	1.01500035	1.04400036	1.03433369	471620
2018-12-19	1.02466702	1.01500035	1.05366703	1.02466702	105206
2018-12-20	1.03433369	0.98600034	1.03433369	1.00533368	547758
2018-12-21	0.99566701	0.966667	0.99566701	0.97633367	971896
2018-12-24	0.99566701	0.95700033	0.99566701	0.966667	1491206
2018-12-25	0.95700033	0.93766699	0.966667	0.966667	620068
2018-12-26	0.95700033	0.94733366	0.97633367	0.966667	89172
2018-12-27	0.966667	0.966667	0.97633367	0.966667	486620
2018-12-28	0.97633367	0.95700033	1.00533368	0.99566701	1698620
2019-01-02	0.98600034	0.95700033	0.98600034	0.966667	589965
2019-01-03	0.966667	0.94733366	0.98600034	0.966667	674585
2019-01-04	0.95700033	0.95700033	0.966667	0.966667	112862
2019-01-07	0.966667	0.95700033	0.966667	0.966667	329379
2019-01-08	0.95700033	0.94733366	0.98600034	0.966667	713792
2019-01-09	0.966667	0.966667	0.99566701	0.97633367	1298896
2019-01-10	0.97633367	0.91833365	1.05366703	0.93766699	8255893
2019-01-11	0.94733366	0.8700003	0.966667	0.90866698	4622067
2019-01-14	0.90866698	0.89900031	0.92800032	0.89900031	667654
2019-01-15	0.90866698	0.89900031	0.94733366	0.91833365	2141378
2019-01-16	0.92800032	0.8700003	0.92800032	0.89900031	1166068
2019-01-17	0.89900031	0.88933364	0.93766699	0.90866698	1244792
2019-01-18	0.91833365	0.89900031	0.91833365	0.90866698	442655
2019-01-21	0.90866698	0.90866698	0.92800032	0.91833365	535551
2019-01-22	0.91833365	0.91833365	0.93766699	0.92800032	886241
2019-01-23	0.92800032	0.92800032	0.93766699	0.92800032	503689
2019-01-24	0.93766699	0.92800032	0.94733366	0.93766699	408413
2019-01-25	0.94733366	0.91833365	0.966667	0.91833365	4223481
2019-01-28	0.92800032	0.88933364	0.93766699	0.91833365	1790999
2019-01-29	0.91833365	0.87966697	0.92800032	0.89900031	1647413
2019-01-30	0.90866698	0.88933364	0.92800032	0.92800032	2137447
2019-01-31	0.92800032	0.87966697	0.92800032	0.89900031	4325998
2019-02-01	0.89900031	0.88933364	0.91833365	0.90866698	3873309
2019-02-04	0.91833365	0.90866698	0.95700033	0.94733366	4908515
2019-02-05	0.97633367	0.97633367	1.14066706	1.0633337	62056840
2019-02-06	1.07300037	1.01500035	1.11166705	1.02466702	20898199
2019-02-07	1.03433369	1.00533368	1.0633337	1.02466702	11035547
2019-02-08	1.01500035	0.99566701	1.03433369	0.99566701	8524652
2019-02-11	0.99566701	0.98600034	1.04400036	1.02466702	8982514
2019-02-12	1.04400036	1.01500035	1.05366703	1.01500035	8630686
2019-02-13	1.02466702	1.02466702	1.14066706	1.0633337	42663295
2019-02-14	1.05366703	1.04400036	1.11166705	1.07300037	14522891
2019-02-15	1.08266704	1.02466702	1.10200038	1.02466702	9318824
2019-02-18	1.03433369	1.02466702	1.07300037	1.03433369	4109274
2019-02-20	1.04400036	1.00533368	1.04400036	1.01500035	2569240
2019-02-21	1.01500035	0.98600034	1.01500035	0.99566701	1836413
2019-02-22	0.99566701	0.99566701	1.03433369	1.00533368	2781412
2019-02-25	1.01500035	1.00533368	1.04400036	1.02466702	2188654
2019-02-26	1.02466702	1.01500035	1.05366703	1.01500035	1741137
2019-02-27	1.02466702	1.01500035	1.05366703	1.02466702	1832585
2019-02-28	1.02466702	1.01500035	1.05366703	1.02466702	2647964
2019-03-01	1.02466702	1.02466702	1.18900041	1.0633337	57952014
2019-03-04	1.07300037	1.0633337	1.08266704	1.0633337	5255791
2019-03-05	1.0633337	1.05366703	1.08266704	1.08266704	2713861
2019-03-06	1.09233371	1.07300037	1.12133372	1.07300037	9212996
2019-03-07	1.07300037	1.0633337	1.10200038	1.08266704	2964516
2019-03-08	1.09233371	1.08266704	1.12133372	1.08266704	7491825
2019-03-11	1.03433369	1.00533368	1.04400036	1.00533368	3040136
2019-03-12	1.01500035	1.01500035	1.03433369	1.02466702	2181102
2019-03-13	1.02466702	1.01500035	1.0633337	1.03433369	4232998
2019-03-14	1.04400036	1.02466702	1.05366703	1.03433369	1165654
2019-03-15	1.03433369	1.02466702	1.04400036	1.02466702	740172
2019-03-18	1.03433369	1.01500035	1.03433369	1.01500035	634965
2019-03-19	1.01500035	1.01500035	1.02466702	1.01500035	796551
2019-03-20	1.03433369	1.01500035	1.03433369	1.01500035	333930
2019-03-21	1.02466702	1.01500035	1.02466702	1.02466702	396724
2019-03-22	1.02466702	1.02466702	1.0633337	1.04400036	3398274
2019-03-25	1.04400036	1.03433369	1.05366703	1.05366703	1452930
2019-03-26	1.05366703	1.04400036	1.09233371	1.08266704	3312412
2019-03-27	1.08266704	1.05366703	1.09233371	1.05366703	3186412
2019-03-28	1.0633337	1.04400036	1.0633337	1.04400036	643034
2019-03-29	1.05366703	1.05366703	1.0633337	1.0633337	473482
2019-04-01	1.07300037	1.05366703	1.08266704	1.0633337	654517
2019-04-02	1.05366703	1.04400036	1.0633337	1.04400036	620068
2019-04-03	1.04400036	1.04400036	1.0633337	1.05366703	369310
2019-04-04	1.0633337	1.04400036	1.0633337	1.04400036	1143930
2019-04-05	1.05366703	1.05366703	1.07300037	1.05366703	713585
2019-04-09	1.05366703	1.03433369	1.0633337	1.03433369	646654
2019-04-10	1.03433369	1.03433369	1.04400036	1.03433369	624620
2019-04-11	1.03433369	1.03433369	1.05366703	1.03433369	359172
2019-04-12	1.03433369	1.03433369	1.05366703	1.04400036	570413
2019-04-17	1.04400036	1.03433369	1.04400036	1.03433369	443999
2019-04-18	1.03433369	1.02466702	1.05366703	1.05366703	547344
2019-04-19	1.04400036	1.04400036	1.09233371	1.05366703	3238240
2019-04-22	1.05366703	1.05366703	1.08266704	1.0633337	1070378
2019-04-23	1.0633337	1.05366703	1.07300037	1.05366703	480103
2019-04-24	1.07300037	1.05366703	1.07300037	1.05366703	213310
2019-04-25	1.0633337	1.05366703	1.0633337	1.05366703	80379
2019-04-26	1.05366703	1.05366703	1.0633337	1.05366703	280965
2019-04-29	1.05366703	1.05366703	1.08266704	1.0633337	821999
2019-04-30	1.0633337	1.05366703	1.07300037	1.07300037	733654
2019-05-02	1.07300037	1.07300037	1.08266704	1.07300037	962792
2019-05-03	1.08266704	1.08266704	1.11166705	1.10200038	3317688
2019-05-07	1.10200038	1.09233371	1.13100039	1.10200038	2522378
2019-05-08	1.11166705	1.0633337	1.11166705	1.08266704	1890102
2019-05-09	1.08266704	1.07300037	1.09233371	1.08266704	402103
2019-05-10	1.08266704	1.04400036	1.08266704	1.05366703	1867861
2019-05-13	1.03433369	1.01500035	1.03433369	1.01500035	1986309
2019-05-14	1.01500035	0.98600034	1.02466702	0.99566701	656896
2019-05-15	1.00533368	0.98600034	1.01500035	0.98600034	332275
2019-05-16	0.98600034	0.98600034	1.00533368	0.98600034	528206
2019-05-17	0.97633367	0.97633367	0.99566701	0.98600034	292344
2019-05-21	0.98600034	0.966667	0.98600034	0.966667	476172
2019-05-22	0.966667	0.966667	0.99566701	0.98600034	274344
2019-05-23	0.99566701	0.97633367	0.99566701	0.97633367	183413
2019-05-24	0.98600034	0.97633367	0.98600034	0.98600034	40551
2019-05-27	0.99566701	0.97633367	0.99566701	0.99566701	266379
2019-05-28	0.99566701	0.97633367	0.99566701	0.99566701	166655
2019-05-29	0.98600034	0.98600034	0.99566701	0.99566701	110999
2019-05-30	0.98600034	0.97633367	0.98600034	0.97633367	497068
2019-05-31	0.966667	0.94733366	0.97633367	0.966667	1037378
2019-06-04	0.966667	0.966667	0.97633367	0.97633367	389172
2019-06-05	0.966667	0.966667	0.98600034	0.97633367	293068
2019-06-06	0.97633367	0.97633367	1.00533368	1.00533368	841034
2019-06-07	1.00533368	0.99566701	1.01500035	1.00533368	1237447
2019-06-10	1.00533368	0.97633367	1.00533368	0.99566701	1520482
2019-06-11	0.99566701	0.98600034	1.00533368	0.98600034	91551
2019-06-12	0.99566701	0.98600034	0.99566701	0.98600034	144413
2019-06-13	0.98600034	0.98600034	1.00533368	1.00533368	331344
2019-06-14	0.98600034	0.98600034	1.03433369	1.02466702	3675309
2019-06-17	1.03433369	1.00533368	1.09233371	1.08266704	5810997
2019-06-18	1.07300037	1.05366703	1.09233371	1.0633337	4436688
2019-06-19	1.07300037	1.05366703	1.07300037	1.0633337	1192654
2019-06-20	1.0633337	1.05366703	1.07300037	1.0633337	1006654
2019-06-21	1.0633337	1.0633337	1.08266704	1.07300037	3330826
2019-06-24	1.07300037	1.05366703	1.10200038	1.0633337	1898895
2019-06-25	1.07300037	1.04400036	1.07300037	1.04400036	910241
2019-06-26	1.05366703	1.04400036	1.05366703	1.04400036	604448
2019-06-27	1.05366703	1.04400036	1.0633337	1.04400036	487034
2019-06-28	1.05366703	1.03433369	1.05366703	1.04400036	731999
2019-07-01	1.05366703	1.02466702	1.05366703	1.04400036	637551
2019-07-02	1.05366703	1.03433369	1.08266704	1.03433369	1962309
2019-07-03	1.03433369	1.02466702	1.04400036	1.02466702	976965
2019-07-04	1.03433369	1.02466702	1.05366703	1.02466702	373965
2019-07-05	1.04400036	1.03433369	1.05366703	1.04400036	879103
2019-07-08	1.05366703	1.03433369	1.0633337	1.03433369	592344
2019-07-09	1.04400036	1.03433369	1.04400036	1.03433369	470896
2019-07-10	1.03433369	1.02466702	1.04400036	1.03433369	268034
2019-07-11	1.04400036	1.03433369	1.05366703	1.04400036	597930
2019-07-12	1.04400036	1.03433369	1.04400036	1.04400036	262655
2019-07-15	1.04400036	1.04400036	1.15033373	1.13100039	11618789
2019-07-17	1.13100039	1.10200038	1.14066706	1.12133372	7552238
2019-07-18	1.13100039	1.11166705	1.19866708	1.17933374	17785028
2019-07-19	1.18900041	1.15033373	1.18900041	1.1600004	3664136
2019-07-22	1.18900041	1.16966707	1.20833375	1.17933374	3413998
2019-07-23	1.16966707	1.15033373	1.17933374	1.1600004	1874792
2019-07-24	1.1600004	1.13100039	1.1600004	1.13100039	1166896
2019-07-25	1.14066706	1.12133372	1.1600004	1.1600004	2102275
2019-07-26	1.18900041	1.18900041	1.26633377	1.21800042	23929543
2019-07-30	1.20833375	1.1600004	1.20833375	1.16966707	6216618
2019-07-31	1.17933374	1.15033373	1.17933374	1.16966707	1492654
2019-08-01	1.1600004	1.12133372	1.16966707	1.12133372	1237344
2019-08-02	1.11166705	1.09233371	1.14066706	1.14066706	1433482
2019-08-05	1.14066706	1.12133372	1.14066706	1.13100039	891206
2019-08-06	1.09233371	1.09233371	1.14066706	1.14066706	448861
2019-08-07	1.14066706	1.14066706	1.19866708	1.17933374	2909688
2019-08-08	1.18900041	1.16966707	1.22766709	1.16966707	4699653
2019-08-09	1.19866708	1.13100039	1.20833375	1.14066706	2288171
2019-08-13	1.14066706	1.10200038	1.14066706	1.10200038	1803620
2019-08-14	1.11166705	1.09233371	1.13100039	1.10200038	484758
2019-08-15	1.09233371	1.03433369	1.09233371	1.08266704	836999
2019-08-16	1.08266704	1.08266704	1.10200038	1.10200038	592034
2019-08-19	1.10200038	1.07300037	1.10200038	1.08266704	189827
2019-08-20	1.07300037	1.0633337	1.08266704	1.07300037	483723
2019-08-21	1.07300037	1.0633337	1.08266704	1.0633337	467792
2019-08-22	1.0633337	1.0633337	1.08266704	1.07300037	311896
2019-08-23	1.08266704	1.07300037	1.08266704	1.07300037	54310
2019-08-26	1.04400036	1.03433369	1.05366703	1.05366703	543620
2019-08-27	1.05366703	1.03433369	1.05366703	1.05366703	448861
2019-08-28	1.05366703	1.05366703	1.07300037	1.05366703	316655
2019-08-29	1.0633337	1.04400036	1.0633337	1.05366703	80999
2019-08-30	1.07300037	1.05366703	1.07300037	1.05366703	149482
2019-09-02	1.05366703	1.05366703	1.07300037	1.07300037	191586
2019-09-03	1.07300037	1.05366703	1.07300037	1.0633337	193758
2019-09-04	1.07300037	1.0633337	1.07300037	1.0633337	165930
2019-09-05	1.07300037	1.05366703	1.07300037	1.0633337	168930
2019-09-06	1.0633337	1.05366703	1.07300037	1.05366703	146896
2019-09-09	1.0633337	1.0633337	1.12133372	1.12133372	1889585
2019-09-10	1.13100039	1.09233371	1.15033373	1.11166705	1391068
2019-09-11	1.11166705	1.09233371	1.11166705	1.09233371	247551
2019-09-12	1.10200038	1.08266704	1.11166705	1.10200038	433861
2019-09-13	1.14066706	1.09233371	1.14066706	1.12133372	123103
2019-09-16	1.13100039	1.10200038	1.13100039	1.11166705	579413
2019-09-17	1.10200038	1.09233371	1.11166705	1.09233371	188172
2019-09-18	1.09233371	1.08266704	1.11166705	1.08266704	119689
2019-09-19	1.11166705	1.07300037	1.11166705	1.07300037	87827
2019-09-20	1.07300037	1.04400036	1.08266704	1.0633337	667241
2019-09-23	1.08266704	1.0633337	1.08266704	1.07300037	35586
2019-09-24	1.07300037	1.07300037	1.08266704	1.08266704	132517
2019-09-25	1.08266704	1.0633337	1.08266704	1.07300037	41586
2019-09-26	1.07300037	1.0633337	1.07300037	1.0633337	71275
2019-09-27	1.0633337	1.05366703	1.07300037	1.0633337	229137
2019-09-30	1.0633337	1.0633337	1.09233371	1.0633337	276827
2019-10-01	1.0633337	1.0633337	1.08266704	1.0633337	176068
2019-10-02	1.0633337	1.0633337	1.08266704	1.08266704	139551
2019-10-03	1.08266704	1.07300037	1.09233371	1.08266704	80275
2019-10-04	1.0633337	1.0633337	1.07300037	1.0633337	14689
2019-10-07	1.0633337	1.0633337	1.07300037	1.0633337	315724
2019-10-08	1.07300037	1.07300037	1.10200038	1.09233371	302586
2019-10-09	1.09233371	1.08266704	1.13100039	1.08266704	3446171
2019-10-10	1.08266704	1.05366703	1.08266704	1.0633337	566689
2019-10-11	1.05366703	1.05366703	1.0633337	1.0633337	197896
2019-10-15	1.0633337	1.05366703	1.07300037	1.07300037	78620
2019-10-16	1.07300037	1.0633337	1.07300037	1.07300037	73965
2019-10-17	1.07300037	1.04400036	1.07300037	1.04400036	428792
2019-10-18	1.04400036	1.03433369	1.05366703	1.03433369	312310
2019-10-21	1.03433369	1.01500035	1.0633337	1.02466702	574861
2019-10-22	1.03433369	1.02466702	1.05366703	1.03433369	230068
2019-10-24	1.02466702	1.01500035	1.04400036	1.01500035	281379
2019-10-25	1.00533368	0.98600034	1.01500035	0.98600034	1038206
2019-10-28	1.05366703	0.97633367	1.05366703	1.01500035	434482
2019-10-29	0.98600034	0.98600034	0.99566701	0.98600034	41172
2019-10-30	0.99566701	0.97633367	1.00533368	0.99566701	280034
2019-10-31	0.98600034	0.97633367	0.99566701	0.97633367	135724
2019-11-01	0.99566701	0.98600034	0.99566701	0.98600034	33931
2019-11-04	1.00533368	0.966667	1.00533368	0.98600034	165827
2019-11-05	0.98600034	0.97633367	0.98600034	0.98600034	185793
2019-11-06	0.98600034	0.966667	0.98600034	0.966667	1073378
2019-11-07	0.966667	0.966667	0.97633367	0.97633367	343241
2019-11-08	0.97633367	0.94733366	0.97633367	0.95700033	1189344
2019-11-11	0.90866698	0.82166695	0.90866698	0.83133362	6028963
2019-11-12	0.84100029	0.79266694	0.86033363	0.80233361	2810481
2019-11-13	0.79266694	0.76366693	0.80233361	0.79266694	2495378
2019-11-14	0.79266694	0.74433359	0.80233361	0.75400026	1791620
2019-11-15	0.75400026	0.68633357	0.75400026	0.68633357	2854654
2019-11-18	0.70566691	0.68633357	0.72500025	0.72500025	1986206
2019-11-19	0.72500025	0.70566691	0.75400026	0.75400026	662172
2019-11-20	0.75400026	0.73466692	0.75400026	0.75400026	786516
2019-11-21	0.74433359	0.71533358	0.75400026	0.71533358	809896
2019-11-22	0.73466692	0.69600024	0.75400026	0.69600024	1523378
2019-11-25	0.71533358	0.70566691	0.72500025	0.70566691	417827
2019-11-26	0.71533358	0.71533358	0.73466692	0.72500025	467275
2019-11-27	0.75400026	0.73466692	0.75400026	0.74433359	676965
2019-11-28	0.75400026	0.75400026	0.8700003	0.7733336	11432168
2019-11-29	0.76366693	0.74433359	0.7733336	0.75400026	2065447
2019-12-02	0.76366693	0.75400026	0.78300027	0.76366693	1055172
2019-12-03	0.76366693	0.76366693	0.83133362	0.79266694	4258033
2019-12-04	0.80233361	0.79266694	0.82166695	0.80233361	959999
2019-12-06	0.82166695	0.80233361	0.82166695	0.80233361	1028792
2019-12-09	0.80233361	0.79266694	0.81200028	0.79266694	810413
2019-12-11	0.80233361	0.78300027	0.81200028	0.79266694	610241
2019-12-12	0.80233361	0.79266694	0.83133362	0.79266694	859965
2019-12-13	0.80233361	0.79266694	0.82166695	0.79266694	356379
2019-12-16	0.80233361	0.79266694	0.8700003	0.79266694	247551
2019-12-17	0.80233361	0.79266694	0.82166695	0.79266694	359689
2019-12-18	0.80233361	0.79266694	0.81200028	0.79266694	101068
2019-12-19	0.80233361	0.79266694	0.83133362	0.83133362	1303861
2019-12-20	0.83133362	0.82166695	0.84100029	0.82166695	864310
2019-12-23	0.83133362	0.82166695	0.83133362	0.82166695	625654
2019-12-24	0.83133362	0.82166695	0.84100029	0.82166695	229241
2019-12-25	0.83133362	0.82166695	0.85066696	0.82166695	395482
2019-12-26	0.82166695	0.82166695	0.83133362	0.83133362	319448
2019-12-27	0.84100029	0.82166695	0.84100029	0.84100029	140586
2019-12-30	0.84100029	0.83133362	0.85066696	0.83133362	262241
2020-01-02	0.84100029	0.82166695	0.85066696	0.84100029	530482
2020-01-03	0.86033363	0.83133362	0.86033363	0.83133362	306930
2020-01-06	0.84100029	0.79266694	0.84100029	0.79266694	564620
2020-01-07	0.79266694	0.7733336	0.81200028	0.78300027	493965
2020-01-08	0.7733336	0.74433359	0.7733336	0.74433359	416068
2020-01-09	0.74433359	0.73466692	0.76366693	0.74433359	670861
2020-01-10	0.75400026	0.74433359	0.75400026	0.75400026	199137
2020-01-13	0.74433359	0.72500025	0.75400026	0.75400026	114620
2020-01-14	0.74433359	0.73466692	0.75400026	0.73466692	265137
2020-01-15	0.74433359	0.71533358	0.74433359	0.71533358	558517
2020-01-16	0.72500025	0.72500025	0.74433359	0.73466692	307344
2020-01-17	0.73466692	0.72500025	0.75400026	0.72500025	509172
2020-01-20	0.73466692	0.69600024	0.73466692	0.69600024	936103
2020-01-21	0.70566691	0.6766669	0.70566691	0.6766669	409034
2020-01-22	0.69600024	0.68633357	0.70566691	0.68633357	181551
2020-01-23	0.68633357	0.68633357	0.72500025	0.68633357	231930
2020-01-24	0.68633357	0.6766669	0.69600024	0.69600024	105930
2020-01-27	0.69600024	0.64766689	0.69600024	0.64766689	497172
2020-01-28	0.65733356	0.63800022	0.66700023	0.64766689	322758
2020-01-29	0.65733356	0.65733356	0.6766669	0.6766669	253344
2020-01-30	0.65733356	0.65733356	0.69600024	0.6766669	89999
2020-01-31	0.6766669	0.6766669	0.68633357	0.6766669	159724
2020-02-03	0.65733356	0.65733356	0.6766669	0.66700023	45517
2020-02-04	0.66700023	0.66700023	0.6766669	0.6766669	51620
2020-02-05	0.66700023	0.66700023	0.6766669	0.6766669	15724
2020-02-06	0.6766669	0.66700023	0.68633357	0.68633357	118344
2020-02-07	0.69600024	0.6766669	0.71533358	0.68633357	316344
2020-02-11	0.69600024	0.68633357	0.70566691	0.70566691	75103
2020-02-12	0.70566691	0.6766669	0.70566691	0.69600024	89068
2020-02-13	0.70566691	0.69600024	0.72500025	0.71533358	94862
2020-02-14	0.70566691	0.69600024	0.73466692	0.71533358	157344
2020-02-17	0.70566691	0.69600024	0.71533358	0.71533358	79965
2020-02-18	0.71533358	0.69600024	0.71533358	0.69600024	138206
2020-02-19	0.70566691	0.68633357	0.71533358	0.68633357	182379
2020-02-20	0.69600024	0.68633357	0.70566691	0.68633357	151655
2020-02-21	0.69600024	0.6766669	0.69600024	0.69600024	72517
2020-02-24	0.70566691	0.66700023	0.70566691	0.6766669	184758
2020-02-25	0.6766669	0.65733356	0.6766669	0.65733356	120517
2020-02-26	0.65733356	0.58966687	0.68633357	0.58966687	800172
2020-02-27	0.59933354	0.53166685	0.61866688	0.61866688	458172
2020-02-28	0.61866688	0.57033353	0.62833355	0.58966687	570620
2020-03-02	0.57033353	0.51233351	0.60900021	0.54133352	855206
2020-03-03	0.54133352	0.54133352	0.58966687	0.5800002	155586
2020-03-04	0.57033353	0.57033353	0.59933354	0.59933354	83793
2020-03-05	0.60900021	0.59933354	0.60900021	0.59933354	171103
2020-03-06	0.58966687	0.5800002	0.60900021	0.58966687	282103
2020-03-09	0.54133352	0.52200018	0.57033353	0.57033353	371999
2020-03-10	0.55100019	0.55100019	0.59933354	0.58966687	226861
2020-03-11	0.59933354	0.58966687	0.60900021	0.58966687	13241
2020-03-12	0.45433349	0.45433349	0.59933354	0.56066686	652551
2020-03-13	0.49300017	0.46400016	0.5800002	0.51233351	313861
2020-03-16	0.51233351	0.36733346	0.53166685	0.37700013	8462066
2020-03-17	0.3866668	0.37700013	0.43500015	0.42533348	2268723
2020-03-18	0.42533348	0.41566681	0.4833335	0.4833335	1318654
2020-03-19	0.51233351	0.45433349	0.51233351	0.45433349	546620
2020-03-20	0.45433349	0.45433349	0.52200018	0.52200018	1127792
2020-03-23	0.4833335	0.44466682	0.52200018	0.44466682	1198240
2020-03-24	0.4833335	0.45433349	0.49300017	0.4833335	164068
2020-03-25	0.49300017	0.4833335	0.50266684	0.50266684	138620
2020-03-26	0.50266684	0.4833335	0.51233351	0.51233351	149172
2020-03-27	0.49300017	0.47366683	0.52200018	0.52200018	867413
2020-03-30	0.4833335	0.47366683	0.50266684	0.49300017	232861
2020-03-31	0.49300017	0.46400016	0.50266684	0.4833335	1014723
2020-04-01	0.4833335	0.46400016	0.4833335	0.4833335	276620
2020-04-02	0.4833335	0.46400016	0.49300017	0.49300017	168724
2020-04-03	0.49300017	0.47366683	0.56066686	0.50266684	1318758
2020-04-07	0.50266684	0.49300017	0.52200018	0.50266684	1076378
2020-04-08	0.50266684	0.49300017	0.54133352	0.53166685	857482
2020-04-09	0.53166685	0.53166685	0.56066686	0.56066686	1035930
2020-04-10	0.56066686	0.55100019	0.57033353	0.57033353	542275
2020-04-13	0.5800002	0.55100019	0.5800002	0.57033353	135103
2020-04-14	0.57033353	0.56066686	0.58966687	0.57033353	680172
2020-04-15	0.56066686	0.55100019	0.60900021	0.5800002	2657481
2020-04-16	0.5800002	0.57033353	0.58966687	0.5800002	601758
2020-04-17	0.5800002	0.56066686	0.59933354	0.5800002	681930
2020-04-20	0.57033353	0.57033353	0.60900021	0.59933354	725689
2020-04-21	0.58966687	0.57033353	0.58966687	0.58966687	675206
2020-04-22	0.57033353	0.57033353	0.58966687	0.57033353	281275
2020-04-23	0.57033353	0.57033353	0.59933354	0.59933354	598034
2020-04-24	0.59933354	0.5800002	0.63800022	0.62833355	1154896
2020-04-27	0.63800022	0.63800022	0.69600024	0.66700023	1767723
2020-04-28	0.65733356	0.65733356	0.70566691	0.69600024	619861
2020-04-29	0.68633357	0.6766669	0.71533358	0.71533358	497586
2020-04-30	0.70566691	0.68633357	0.71533358	0.70566691	363724
2020-05-05	0.69600024	0.69600024	0.75400026	0.73466692	1919378
2020-05-07	0.74433359	0.71533358	0.75400026	0.73466692	606930
2020-05-08	0.74433359	0.74433359	0.7733336	0.75400026	953378
2020-05-11	0.75400026	0.72500025	0.78300027	0.72500025	4824619
2020-05-12	0.72500025	0.69600024	0.73466692	0.71533358	1114344
2020-05-13	0.73466692	0.72500025	0.75400026	0.73466692	912723
2020-05-14	0.75400026	0.72500025	0.75400026	0.72500025	187448
2020-05-15	0.73466692	0.71533358	0.75400026	0.71533358	716379
2020-05-18	0.70566691	0.70566691	0.74433359	0.73466692	229758
2020-05-19	0.75400026	0.73466692	0.75400026	0.74433359	229344
2020-05-20	0.74433359	0.73466692	0.75400026	0.74433359	246724
2020-05-21	0.74433359	0.69600024	0.74433359	0.72500025	1264137
2020-05-22	0.71533358	0.70566691	0.72500025	0.72500025	274448
2020-05-25	0.73466692	0.73466692	0.78300027	0.7733336	2810792
2020-05-26	0.82166695	0.76366693	0.87966697	0.7733336	10494823
2020-05-27	0.78300027	0.78300027	0.82166695	0.79266694	781344
2020-05-28	0.80233361	0.7733336	0.80233361	0.78300027	1057965
2020-05-29	0.78300027	0.76366693	0.78300027	0.76366693	281793
2020-06-01	0.79266694	0.7733336	0.79266694	0.78300027	473275
2020-06-02	0.78300027	0.78300027	0.79266694	0.78300027	489827
2020-06-04	0.78300027	0.7733336	0.79266694	0.78300027	152482
2020-06-05	0.7733336	0.76366693	0.86033363	0.80233361	7175790
2020-06-08	0.80233361	0.79266694	0.84100029	0.79266694	530275
2020-06-09	0.83133362	0.79266694	0.84100029	0.79266694	860585
2020-06-10	0.80233361	0.78300027	0.81200028	0.81200028	227379
2020-06-11	0.81200028	0.79266694	0.82166695	0.81200028	404379
2020-06-12	0.79266694	0.78300027	0.83133362	0.79266694	636206
2020-06-15	0.80233361	0.79266694	0.82166695	0.80233361	292137
2020-06-16	0.80233361	0.7733336	0.82166695	0.79266694	535448
2020-06-17	0.80233361	0.79266694	0.81200028	0.79266694	297413
2020-06-18	0.79266694	0.79266694	0.84100029	0.80233361	2159378
2020-06-19	0.83133362	0.80233361	0.83133362	0.81200028	601344
2020-06-22	0.80233361	0.79266694	0.81200028	0.80233361	457758
2020-06-23	0.80233361	0.79266694	0.81200028	0.79266694	403655
2020-06-24	0.80233361	0.78300027	0.81200028	0.79266694	718965
2020-06-25	0.7733336	0.7733336	0.78300027	0.7733336	318930
2020-06-26	0.75400026	0.75400026	0.80233361	0.78300027	242172
2020-06-29	0.78300027	0.7733336	0.78300027	0.7733336	60517
2020-06-30	0.78300027	0.78300027	0.79266694	0.78300027	36103
2020-07-01	0.78300027	0.71533358	0.78300027	0.74433359	1850482
2020-07-02	0.74433359	0.74433359	0.76366693	0.76366693	378206
2020-07-03	0.76366693	0.76366693	0.7733336	0.7733336	521275
2020-07-07	0.78300027	0.7733336	0.79266694	0.78300027	264310
2020-07-08	0.7733336	0.7733336	0.79266694	0.7733336	169448
2020-07-09	0.78300027	0.7733336	0.81200028	0.7733336	1873861
2020-07-10	0.76366693	0.75400026	0.79266694	0.7733336	387724
2020-07-13	0.76366693	0.74433359	0.7733336	0.74433359	652965
2020-07-14	0.75400026	0.75400026	0.7733336	0.76366693	320689
2020-07-15	0.7733336	0.75400026	0.7733336	0.76366693	36517
2020-07-16	0.75400026	0.74433359	0.7733336	0.76366693	356999
2020-07-17	0.76366693	0.75400026	0.76366693	0.76366693	65172
2020-07-20	0.76366693	0.74433359	0.7733336	0.7733336	163448
2020-07-21	0.75400026	0.75400026	0.76366693	0.76366693	143172
2020-07-22	0.75400026	0.74433359	0.76366693	0.76366693	76137
2020-07-23	0.76366693	0.74433359	0.76366693	0.75400026	159413
2020-07-24	0.75400026	0.74433359	0.75400026	0.75400026	6206
2020-07-29	0.75400026	0.73466692	0.75400026	0.74433359	122793
2020-07-30	0.72500025	0.71533358	0.75400026	0.71533358	455482
2020-07-31	0.72500025	0.68633357	0.72500025	0.69600024	279930
2020-08-03	0.69600024	0.69600024	0.73466692	0.72500025	49551
2020-08-04	0.72500025	0.69600024	0.73466692	0.71533358	420206
2020-08-05	0.72500025	0.71533358	0.72500025	0.71533358	139034
2020-08-06	0.73466692	0.71533358	0.73466692	0.71533358	416689
2020-08-07	0.71533358	0.70566691	0.71533358	0.71533358	99620
2020-08-10	0.73466692	0.72500025	0.7733336	0.73466692	338689
2020-08-11	0.73466692	0.70566691	0.74433359	0.72500025	847758
2020-08-13	0.72500025	0.71533358	0.72500025	0.72500025	241034
2020-08-14	0.72500025	0.71533358	0.74433359	0.71533358	181551
2020-08-17	0.71533358	0.71533358	0.73466692	0.73466692	12724
2020-08-18	0.72500025	0.69600024	0.72500025	0.71533358	167999
2020-08-19	0.69600024	0.6766669	0.72500025	0.69600024	177620
2020-08-20	0.69600024	0.69600024	0.72500025	0.71533358	93517
2020-08-21	0.70566691	0.70566691	0.72500025	0.72500025	11689
2020-08-24	0.72500025	0.69600024	0.72500025	0.71533358	182793
2020-08-25	0.71533358	0.70566691	0.72500025	0.71533358	58448
2020-08-26	0.71533358	0.71533358	0.76366693	0.75400026	503586
2020-08-27	0.72500025	0.72500025	0.73466692	0.72500025	211344
2020-08-28	0.73466692	0.71533358	0.73466692	0.72500025	244861
2020-08-31	0.72500025	0.70566691	0.73466692	0.71533358	167793
2020-09-01	0.70566691	0.70566691	0.72500025	0.72500025	207517
2020-09-02	0.71533358	0.70566691	0.72500025	0.70566691	181655
2020-09-03	0.71533358	0.70566691	0.74433359	0.71533358	648620
2020-09-08	0.74433359	0.6766669	0.74433359	0.6766669	963103
2020-09-09	0.6766669	0.66700023	0.70566691	0.70566691	506068
2020-09-10	0.6766669	0.65733356	0.68633357	0.68633357	732103
2020-09-11	0.6766669	0.62833355	0.68633357	0.65733356	1401413
2020-09-14	0.64766689	0.62833355	0.65733356	0.62833355	1299516
2020-09-15	0.63800022	0.61866688	0.63800022	0.62833355	175241
2020-09-16	0.62833355	0.5800002	0.62833355	0.5800002	2092344
2020-09-17	0.58966687	0.56066686	0.58966687	0.58966687	996516
2020-09-18	0.58966687	0.57033353	0.58966687	0.57033353	1306551
2020-09-21	0.5800002	0.57033353	0.58966687	0.58966687	769344
2020-09-22	0.58966687	0.55100019	0.58966687	0.56066686	2227344
2020-09-23	0.56066686	0.54133352	0.57033353	0.55100019	2391412
2020-09-24	0.55100019	0.52200018	0.56066686	0.53166685	1935723
2020-09-25	0.55100019	0.53166685	0.57033353	0.57033353	1784275
2020-09-28	0.58966687	0.54133352	0.58966687	0.55100019	6129411
2020-09-29	0.55100019	0.54133352	0.56066686	0.55100019	998275
2020-09-30	0.55100019	0.55100019	0.60900021	0.58966687	4015343
2020-10-01	0.58966687	0.58966687	0.6766669	0.65733356	22203819
2020-10-02	0.65733356	0.61866688	0.65733356	0.65733356	9731996
2020-10-05	0.65733356	0.64766689	0.66700023	0.65733356	2142723
2020-10-06	0.66700023	0.63800022	0.66700023	0.63800022	1852551
2020-10-07	0.63800022	0.59933354	0.63800022	0.59933354	4914205
2020-10-08	0.60900021	0.60900021	0.65733356	0.62833355	4925584
2020-10-09	0.62833355	0.60900021	0.62833355	0.60900021	1082482
2020-10-12	0.61866688	0.61866688	0.63800022	0.63800022	781758
2020-10-14	0.63800022	0.56066686	0.64766689	0.58966687	13798443
2020-10-15	0.59933354	0.57033353	0.59933354	0.5800002	1265171
2020-10-16	0.5800002	0.57033353	0.5800002	0.5800002	1127275
2020-10-19	0.5800002	0.56066686	0.5800002	0.57033353	1488413
2020-10-20	0.56066686	0.56066686	0.57033353	0.57033353	448034
2020-10-21	0.57033353	0.57033353	0.58966687	0.58966687	2508826
2020-10-22	0.5800002	0.55100019	0.5800002	0.56066686	2306068
2020-10-26	0.56066686	0.55100019	0.57033353	0.56066686	1413827
2020-10-27	0.56066686	0.54133352	0.56066686	0.54133352	3248067
2020-10-28	0.54133352	0.53166685	0.55100019	0.54133352	3310550
2020-10-29	0.54133352	0.52200018	0.54133352	0.54133352	3739550
2020-10-30	0.54133352	0.51233351	0.54133352	0.51233351	2749964
2020-11-02	0.51233351	0.50266684	0.52200018	0.51233351	2162482
2020-11-03	0.51233351	0.49300017	0.53166685	0.50266684	4974618
2020-11-04	0.51233351	0.50266684	0.52200018	0.50266684	4036136
2020-11-05	0.51233351	0.51233351	0.52200018	0.52200018	2885585
2020-11-06	0.52200018	0.50266684	0.52200018	0.50266684	4903446
2020-11-09	0.50266684	0.50266684	0.52200018	0.52200018	3571447
2020-11-10	0.52200018	0.47366683	0.52200018	0.4833335	12636099
2020-11-11	0.49300017	0.4833335	0.49300017	0.4833335	5220205
2020-11-12	0.4833335	0.4833335	0.50266684	0.4833335	5567170
2020-11-13	0.4833335	0.4833335	0.49300017	0.4833335	5046412
2020-11-16	0.49300017	0.47366683	0.49300017	0.49300017	3536791
2020-11-17	0.49300017	0.47366683	0.49300017	0.4833335	4359412
2020-11-18	0.4833335	0.47366683	0.49300017	0.4833335	2086344
2020-11-19	0.4833335	0.4833335	0.49300017	0.4833335	5134549
2020-11-20	0.49300017	0.4833335	0.55100019	0.55100019	37799055
2020-11-23	0.55100019	0.54133352	0.57033353	0.55100019	20024786
2020-11-24	0.56066686	0.52200018	0.56066686	0.52200018	14473960
2020-11-25	0.53166685	0.53166685	0.55100019	0.53166685	6720308
2020-11-26	0.54133352	0.53166685	0.56066686	0.54133352	6634239
2020-11-27	0.56066686	0.55100019	0.57033353	0.56066686	3354205
2020-11-30	0.56066686	0.54133352	0.57033353	0.56066686	6039928
2020-12-01	0.56066686	0.56066686	0.58966687	0.5800002	7492756
2020-12-02	0.58966687	0.5800002	0.61866688	0.58966687	8782445
2020-12-03	0.58966687	0.58966687	0.60900021	0.58966687	5655204
2020-12-04	0.59933354	0.58966687	0.60900021	0.59933354	3980171
2020-12-08	0.59933354	0.58966687	0.62833355	0.61866688	9853341
2020-12-09	0.61866688	0.58966687	0.62833355	0.60900021	7156135
2020-12-14	0.58966687	0.58966687	0.60900021	0.59933354	2639378
2020-12-15	0.59933354	0.58966687	0.63800022	0.61866688	12664443
2020-12-16	0.61866688	0.60900021	0.68633357	0.6766669	16438235
2020-12-17	0.6766669	0.64766689	0.70566691	0.66700023	10102651
2020-12-18	0.66700023	0.64766689	0.68633357	0.68633357	4638412
2020-12-21	0.62833355	0.59933354	0.66700023	0.60900021	16536304
2020-12-22	0.60900021	0.57033353	0.61866688	0.58966687	19976062
2020-12-23	0.59933354	0.58966687	0.61866688	0.60900021	10727375
2020-12-24	0.60900021	0.59933354	0.61866688	0.60900021	4721067
2020-12-25	0.61866688	0.60900021	0.63800022	0.63800022	7628997
2020-12-28	0.63800022	0.60900021	0.63800022	0.60900021	8060686
2020-12-29	0.60900021	0.60900021	0.62833355	0.62833355	5105894
2020-12-30	0.62833355	0.60900021	0.63800022	0.61866688	7809100
2021-01-04	0.60900021	0.59933354	0.74433359	0.74433359	57490842
2021-01-05	0.79266694	0.74433359	0.81200028	0.76366693	37694159
2021-01-06	0.7733336	0.76366693	0.84100029	0.7733336	45291708
2021-01-07	0.79266694	0.78300027	0.81200028	0.80233361	17016925
2021-01-08	0.80233361	0.74433359	0.80233361	0.76366693	17945269
2021-01-11	0.78300027	0.76366693	0.79266694	0.78300027	6310342
2021-01-12	0.78300027	0.78300027	0.8700003	0.86033363	25107508
2021-01-13	0.86033363	0.86033363	0.90866698	0.88933364	19213855
2021-01-14	0.88933364	0.86033363	0.88933364	0.87966697	3675826
2021-01-15	0.88933364	0.8700003	0.92800032	0.91833365	15230891
2021-01-18	0.92800032	0.86033363	0.93766699	0.87966697	12197271
2021-01-19	0.8700003	0.85066696	0.91833365	0.87966697	8932031
2021-01-20	0.88933364	0.85066696	0.88933364	0.86033363	9054203
2021-01-21	0.8700003	0.86033363	0.88933364	0.87966697	11170858
2021-01-22	0.88933364	0.85066696	0.88933364	0.86033363	6492721
2021-01-25	0.8700003	0.84100029	0.8700003	0.8700003	2691619
2021-01-26	0.86033363	0.85066696	0.8700003	0.86033363	2427930
2021-01-27	0.86033363	0.86033363	0.89900031	0.8700003	11393375
2021-01-28	0.8700003	0.84100029	0.8700003	0.86033363	4855032
2021-01-29	0.86033363	0.81200028	0.86033363	0.82166695	4129033
2021-02-01	0.81200028	0.80233361	0.83133362	0.82166695	2513274
2021-02-02	0.83133362	0.83133362	0.85066696	0.84100029	2137861
2021-02-03	0.85066696	0.83133362	0.85066696	0.84100029	2711585
2021-02-04	0.84100029	0.83133362	0.8700003	0.83133362	12931650
2021-02-05	0.84100029	0.82166695	0.85066696	0.84100029	3133033
2021-02-08	0.85066696	0.82166695	0.87966697	0.8700003	49188810
2021-02-09	0.87966697	0.86033363	0.87966697	0.8700003	12874030
2021-02-10	0.8700003	0.84100029	0.8700003	0.85066696	5365032
2021-02-11	0.86033363	0.83133362	0.86033363	0.85066696	2772102
2021-02-15	0.85066696	0.83133362	0.85066696	0.83133362	4349584
2021-02-16	0.83133362	0.81200028	0.83133362	0.81200028	5181412
2021-02-17	0.81200028	0.76366693	0.81200028	0.7733336	7328169
2021-02-18	0.78300027	0.76366693	0.81200028	0.80233361	5331929
2021-02-19	0.81200028	0.78300027	0.81200028	0.79266694	2073413
2021-02-22	0.79266694	0.76366693	0.79266694	0.76366693	3060929
2021-02-23	0.76366693	0.73466692	0.76366693	0.74433359	2972585
2021-02-24	0.74433359	0.74433359	0.81200028	0.79266694	7949480
2021-02-25	0.78300027	0.78300027	0.80233361	0.79266694	1564447
2021-03-01	0.79266694	0.7733336	0.80233361	0.79266694	3559653
2021-03-02	0.80233361	0.76366693	0.80233361	0.7733336	3811860
2021-03-03	0.7733336	0.7733336	0.82166695	0.80233361	16120028
2021-03-04	0.81200028	0.79266694	0.83133362	0.81200028	12515478
2021-03-05	0.81200028	0.80233361	0.86033363	0.83133362	7984962
2021-03-08	0.85066696	0.81200028	0.85066696	0.82166695	6305894
2021-03-09	0.82166695	0.80233361	0.84100029	0.81200028	3349654
2021-03-10	0.81200028	0.76366693	0.81200028	0.80233361	6224894
2021-03-11	0.80233361	0.79266694	0.82166695	0.82166695	3714619
2021-03-12	0.83133362	0.80233361	0.83133362	0.80233361	2848654
2021-03-15	0.80233361	0.79266694	0.82166695	0.81200028	2312585
2021-03-16	0.81200028	0.79266694	0.81200028	0.81200028	1932206
2021-03-17	0.81200028	0.80233361	0.84100029	0.84100029	5990273
2021-03-18	0.8700003	0.85066696	0.89900031	0.86033363	43296088
2021-03-19	0.86033363	0.85066696	0.88933364	0.8700003	13091167
2021-03-22	0.8700003	0.86033363	0.87966697	0.8700003	8384169
2021-03-23	0.88933364	0.82166695	0.88933364	0.84100029	12626168
2021-03-24	0.84100029	0.83133362	0.8700003	0.85066696	8722755
2021-03-25	0.8700003	0.84100029	0.8700003	0.86033363	7730686
2021-03-26	0.87966697	0.85066696	0.98600034	0.98600034	121864406
2021-03-29	1.03433369	1.01500035	1.18900041	1.10200038	219385682
2021-03-30	1.09233371	1.0633337	1.12133372	1.10200038	38461435
2021-03-31	1.11166705	1.08266704	1.13100039	1.08266704	29783575
2021-04-01	1.08266704	1.07300037	1.1600004	1.10200038	41987054
2021-04-02	1.10200038	1.08266704	1.12133372	1.09233371	12584995
2021-04-05	1.10200038	1.03433369	1.10200038	1.0633337	16544787
2021-04-07	1.0633337	0.98600034	1.0633337	0.98600034	26570163
2021-04-08	0.966667	0.92800032	1.00533368	0.966667	36132918
2021-04-09	0.99566701	0.89900031	1.00533368	0.92800032	57806566
2021-04-12	0.90866698	0.90866698	0.99566701	0.966667	149692707
2021-04-16	0.95700033	0.90866698	0.966667	0.92800032	25589370
2021-04-19	0.93766699	0.92800032	1.00533368	0.97633367	48759603
2021-04-20	0.97633367	0.966667	1.05366703	1.01500035	69315700
2021-04-21	1.01500035	0.99566701	1.04400036	1.00533368	40187365
2021-04-22	1.02466702	0.95700033	1.02466702	0.97633367	30240713
2021-04-23	0.966667	0.94733366	1.00533368	0.966667	25974715
2021-04-26	0.93766699	0.93766699	0.97633367	0.95700033	14978063
2021-04-27	0.966667	0.94733366	0.99566701	0.95700033	37991469
2021-04-28	0.966667	0.95700033	1.07300037	1.04400036	225245715
2021-04-29	1.08266704	1.05366703	1.14066706	1.05366703	223987371
2021-04-30	1.03433369	1.02466702	1.07300037	1.02466702	84520729
2021-05-05	1.01500035	0.966667	1.01500035	0.966667	40178986
2021-05-06	0.98	0.93	0.98	0.96	33445700
2021-05-07	0.97	0.95	1.02	1.01	27701800
2021-05-10	1.03	1.01	1.09	1.07	84208200
2021-05-11	1.07	1.02	1.07	1.02	32961900
2021-05-12	1.02	1.01	1.06	1.04	19794500
2021-05-13	1.03	0.85	1.03	1.02	36557100
2021-05-14	1.01	1.0	1.17	1.15	353755900
2021-05-17	1.15	1.12	1.23	1.15	343183300
2021-05-18	1.13	1.06	1.13	1.09	83557000
2021-05-19	1.1	1.09	1.14	1.1	39899100
2021-05-20	1.12	1.09	1.12	1.1	22089600
2021-05-21	1.1	1.1	1.23	1.11	324808300
2021-05-24	1.06	1.03	1.09	1.06	33531500
2021-05-25	1.04	1.03	1.11	1.09	23269900
2021-05-27	1.09	1.05	1.09	1.07	15696200
2021-05-28	1.06	1.04	1.07	1.05	10972400
2021-05-31	1.05	1.02	1.05	1.04	17504400
2021-06-01	1.05	1.05	1.12	1.12	42017100
2021-06-02	1.14	1.09	1.15	1.1	32677800
2021-06-04	1.12	1.12	1.14	1.13	22655700
2021-06-07	1.13	1.11	1.14	1.12	12040500
2021-06-08	1.12	1.1	1.14	1.11	18900200
2021-06-09	1.11	1.09	1.13	1.1	12042700
2021-06-10	1.05	1.04	1.08	1.06	31170900
2021-06-11	1.07	1.06	1.12	1.09	38196600
2021-06-14	1.09	1.06	1.09	1.08	10537100
2021-06-15	1.08	1.06	1.09	1.07	8188600
2021-06-16	1.06	1.06	1.08	1.07	6877400
2021-06-17	1.07	1.04	1.08	1.05	16909500
2021-06-18	1.05	1.05	1.09	1.07	16822000
2021-06-21	1.06	1.05	1.07	1.05	8646900
2021-06-22	1.07	1.06	1.1	1.09	23421700
2021-06-23	1.09	1.07	1.12	1.08	33637400
2021-06-24	1.07	1.05	1.08	1.07	12356100
2021-06-25	1.07	1.05	1.09	1.06	13870100
2021-06-28	1.05	1.04	1.08	1.08	10689800
2021-06-29	1.08	1.07	1.11	1.09	23390000
2021-06-30	1.1	1.09	1.15	1.14	66313800
2021-07-01	1.16	1.12	1.18	1.13	79302500
2021-07-02	1.13	1.11	1.18	1.18	89363800
2021-07-05	1.28	1.18	1.3	1.18	277182900
2021-07-06	1.15	1.13	1.17	1.13	63724500
2021-07-07	1.14	1.07	1.14	1.09	49623400
2021-07-08	1.07	1.04	1.13	1.05	79498300
2021-07-09	1.05	1.04	1.11	1.06	65814900
2021-07-12	1.09	1.07	1.11	1.08	40931600
2021-07-13	1.08	1.08	1.13	1.1	39218800
2021-07-14	1.11	1.09	1.13	1.1	49484100
2021-07-15	1.11	1.09	1.12	1.09	22151900
2021-07-16	1.09	1.08	1.1	1.08	7206700
2021-07-19	1.06	1.05	1.11	1.08	33539900
2021-07-20	1.08	1.06	1.11	1.07	19268800
2021-07-21	1.07	1.06	1.09	1.06	12346200
2021-07-22	1.08	1.07	1.17	1.17	166373500
2021-07-23	1.17	1.1	1.19	1.11	108388300
2021-07-27	1.11	1.08	1.12	1.09	23887100
2021-07-29	1.09	1.06	1.1	1.07	23141300
2021-07-30	1.08	1.05	1.08	1.06	20610900
2021-08-02	1.05	1.02	1.06	1.03	21545700
2021-08-03	1.04	1.03	1.08	1.07	25062100
2021-08-04	1.06	1.04	1.08	1.06	17352900
2021-08-05	1.06	1.05	1.08	1.06	20608500
2021-08-06	1.05	1.04	1.07	1.04	14616400
2021-08-09	1.04	1.03	1.08	1.05	23742900
2021-08-10	1.05	1.05	1.08	1.06	17128300
2021-08-11	1.07	1.04	1.07	1.04	8488500
2021-08-13	1.05	1.02	1.05	1.03	12314300
2021-08-16	1.02	0.92	1.03	0.95	34959800
2021-08-17	0.94	0.94	0.97	0.96	12570400
2021-08-18	0.96	0.95	1.01	1.01	19723600
2021-08-19	1.0	0.98	1.01	0.98	12055300
2021-08-20	1.05	1.0	1.05	1.02	29219500
2021-08-23	1.02	1.01	1.04	1.02	9818900
2021-08-24	1.03	1.02	1.06	1.03	30676500
2021-08-25	1.04	1.03	1.07	1.05	20907000
2021-08-26	1.05	1.02	1.05	1.03	13672500
2021-08-27	1.03	1.03	1.05	1.03	9512400
2021-08-30	1.05	1.03	1.09	1.09	58172700
2021-08-31	1.11	1.07	1.13	1.07	84483800
2021-09-01	1.07	1.05	1.08	1.07	16737400
2021-09-02	1.07	1.07	1.11	1.08	30015700
2021-09-03	1.08	1.07	1.11	1.08	20296300
2021-09-06	1.08	1.06	1.12	1.1	69293100
2021-09-07	1.12	1.06	1.14	1.06	74632900
2021-09-08	1.06	1.05	1.08	1.06	16320900
2021-09-09	1.06	1.05	1.09	1.05	22134100
2021-09-10	1.06	1.04	1.07	1.06	17608100
2021-09-13	1.06	1.05	1.09	1.06	20988100
2021-09-14	1.07	1.05	1.07	1.06	9352500
2021-09-15	1.06	1.06	1.1	1.07	30762300
2021-09-16	1.08	1.07	1.1	1.07	34766000
2021-09-17	1.08	1.04	1.08	1.05	11867100
2021-09-20	1.05	1.03	1.06	1.04	11002200
2021-09-21	1.03	1.01	1.04	1.03	13309000
2021-09-22	1.03	1.03	1.06	1.06	20986800
2021-09-23	1.06	1.03	1.06	1.03	6901600
2021-09-27	1.04	1.02	1.05	1.03	7224500
2021-09-28	1.03	1.02	1.04	1.02	6468800
2021-09-29	1.02	1.01	1.03	1.02	6203300
2021-09-30	1.03	1.02	1.07	1.04	48231500
2021-10-01	1.03	1.02	1.05	1.03	12342400
2021-10-04	1.03	1.03	1.04	1.03	9230500
2021-10-05	1.04	1.02	1.04	1.03	6504200
2021-10-06	1.03	1.02	1.06	1.03	24146900
2021-10-07	1.04	1.02	1.06	1.04	23910800
2021-10-08	1.04	1.03	1.06	1.03	15110200
2021-10-11	1.04	1.03	1.05	1.03	7980600
2021-10-12	1.04	1.03	1.06	1.03	15138000
2021-10-14	1.04	1.03	1.07	1.05	52565000
2021-10-15	1.06	1.03	1.06	1.03	17417100
2021-10-18	1.03	1.03	1.07	1.06	39410200
2021-10-19	1.06	1.03	1.06	1.03	16219100
2021-10-20	1.04	1.03	1.04	1.03	4339900
2021-10-21	1.04	1.03	1.04	1.04	3025900
2021-10-25	1.04	1.04	1.06	1.04	17913600
2021-10-26	1.05	1.04	1.07	1.07	46232500
2021-10-27	1.07	1.05	1.09	1.05	29093000
2021-10-28	1.06	1.04	1.06	1.04	6401900
2021-10-29	1.05	1.03	1.05	1.04	7393600
2021-11-01	1.04	1.03	1.05	1.03	5011800
2021-11-02	1.03	0.97	1.04	1.01	27749500
2021-11-03	1.0	0.99	1.01	0.99	8774600
2021-11-04	0.99	0.99	1.01	1.0	5925700
2021-11-05	1.0	0.99	1.01	1.0	8050800
2021-11-08	1.0	1.0	1.03	1.01	9813300
2021-11-09	1.02	1.02	1.07	1.07	50698000
2021-11-10	1.07	1.05	1.1	1.09	72431400
2021-11-11	1.09	1.08	1.12	1.08	38603300
2021-11-12	1.06	1.03	1.07	1.03	42940700
2021-11-15	1.03	1.0	1.05	1.0	25827500
2021-11-16	1.01	1.0	1.02	1.01	9100900
2021-11-17	1.02	1.0	1.02	1.01	5521900
2021-11-18	1.01	1.0	1.02	1.0	9187400
2021-11-19	1.01	0.98	1.01	1.0	19455500
2021-11-22	1.0	0.99	1.01	1.0	4102000
2021-11-23	1.0	1.0	1.02	1.01	8811900
2021-11-24	1.01	1.0	1.02	1.0	6234800
2021-11-25	1.0	1.0	1.03	1.01	15201600
2021-11-26	1.01	0.99	1.01	0.99	10405900
2021-11-29	0.99	0.99	1.0	0.99	6477200
2021-11-30	1.0	0.97	1.0	0.97	12787000
2021-12-01	0.97	0.95	0.99	0.98	5079100
2021-12-02	0.98	0.97	0.99	0.97	3199900
2021-12-03	0.98	0.96	0.99	0.97	8805300
2021-12-07	0.98	0.98	0.99	0.98	3222500
2021-12-08	0.99	0.98	1.0	0.98	5662900
2021-12-09	0.99	0.99	1.01	1.0	8964800
2021-12-13	1.0	1.0	1.02	1.02	13619400
2021-12-14	1.01	0.99	1.02	1.0	15724700
2021-12-15	1.01	1.0	1.04	1.03	30027500
2021-12-16	1.03	1.01	1.04	1.02	14638300
2021-12-17	1.02	0.99	1.02	1.0	13497900
2021-12-20	1.0	0.99	1.01	0.99	7254700
2021-12-21	1.0	0.98	1.0	0.98	4577900
2021-12-22	0.99	0.99	1.0	0.99	1798100
2021-12-23	0.99	0.98	1.0	0.99	2942700
2021-12-24	1.0	0.98	1.0	0.98	2301700
2021-12-27	0.99	0.98	1.0	1.0	2465400
2021-12-28	1.0	0.98	1.0	0.99	2445700
2021-12-29	0.99	0.98	1.0	0.98	1781300
2021-12-30	0.99	0.98	0.99	0.99	1587600
2022-01-04	0.98	0.98	1.0	1.0	3180100
2022-01-05	1.0	0.99	1.0	0.99	3425300
2022-01-06	0.99	0.98	1.0	0.98	3263100
2022-01-07	0.99	0.98	1.0	0.99	2560700
2022-01-10	0.99	0.98	1.0	0.99	4170800
2022-01-11	0.99	0.98	1.0	1.0	3533600
2022-01-12	1.0	0.98	1.0	0.99	5894700
2022-01-13	1.0	0.99	1.02	1.0	13767000
2022-01-14	1.0	0.99	1.01	0.99	5543900
2022-01-17	1.0	0.99	1.02	1.0	9556400
2022-01-18	1.0	0.99	1.02	0.99	7494500
2022-01-19	0.99	0.98	1.0	0.98	7953300
2022-01-20	0.99	0.98	1.0	0.99	4732500
2022-01-21	0.99	0.98	0.99	0.99	1961500
2022-01-24	0.99	0.97	1.0	0.98	5416200
2022-01-25	0.98	0.9	0.99	0.94	21428100
2022-01-26	0.94	0.93	0.96	0.94	4169900
2022-01-27	0.94	0.91	0.94	0.92	4466600
2022-01-28	0.93	0.93	0.95	0.94	3331100
2022-01-31	0.94	0.94	0.96	0.96	1344800
2022-02-01	0.96	0.94	0.96	0.96	1786200
2022-02-02	0.96	0.94	0.96	0.95	1771700
2022-02-03	0.95	0.94	0.97	0.97	6272300
2022-02-04	0.98	0.95	0.98	0.95	2756300
2022-02-07	0.95	0.92	0.96	0.94	10787600
2022-02-08	0.94	0.93	0.95	0.94	1451300
2022-02-09	0.94	0.92	0.95	0.93	4288400
2022-02-10	0.93	0.92	0.93	0.92	5798700
2022-02-11	0.92	0.91	0.93	0.93	1347900
2022-02-14	0.92	0.9	0.93	0.9	6331000
2022-02-15	0.9	0.86	0.91	0.87	10826600
2022-02-17	0.87	0.87	0.92	0.9	14305900
2022-02-18	0.9	0.89	0.91	0.89	3235300
2022-02-21	0.9	0.88	0.9	0.89	3036600
2022-02-22	0.89	0.86	0.97	0.93	34824300
2022-02-23	0.92	0.88	0.93	0.89	9163800
2022-02-24	0.89	0.85	0.9	0.85	8363600
2022-02-25	0.86	0.86	0.88	0.87	1449200
2022-02-28	0.87	0.86	0.9	0.88	2903600
2022-03-01	0.88	0.88	0.9	0.88	2024000
2022-03-02	0.89	0.87	0.89	0.87	1142800
2022-03-03	0.87	0.87	0.89	0.89	1576800
2022-03-04	0.87	0.86	0.89	0.87	2488500
2022-03-07	0.87	0.82	0.87	0.82	4779300
2022-03-08	0.82	0.77	0.83	0.79	7199700
2022-03-09	0.79	0.78	0.83	0.83	1698000
2022-03-10	0.83	0.82	0.85	0.82	1599700
2022-03-11	0.82	0.81	0.85	0.84	1305600
2022-03-14	0.89	0.86	0.89	0.87	2990600
2022-03-15	0.88	0.85	0.89	0.87	3224200
2022-03-16	0.87	0.85	0.87	0.86	1178200
2022-03-17	0.87	0.86	0.88	0.87	1782800
2022-03-18	0.88	0.87	0.91	0.9	9812400
2022-03-21	0.9	0.88	0.91	0.89	4557300
2022-03-22	0.89	0.89	0.94	0.93	23218100
2022-03-23	0.93	0.9	0.93	0.92	7133400
2022-03-24	0.92	0.91	0.94	0.92	17534400
2022-03-25	0.88	0.86	0.88	0.86	10185600
2022-03-28	0.85	0.85	0.87	0.87	1074100
2022-03-29	0.86	0.86	0.88	0.87	2355000
2022-03-30	0.89	0.87	0.89	0.88	2104200
2022-03-31	0.88	0.87	0.89	0.89	1753400
2022-04-01	0.88	0.87	0.9	0.9	2556700
2022-04-04	0.9	0.88	0.9	0.88	1348000
2022-04-05	0.88	0.86	0.89	0.88	1586000
2022-04-07	0.87	0.85	0.88	0.86	1692800
2022-04-08	0.87	0.86	0.87	0.87	340100
2022-04-11	0.86	0.85	0.87	0.86	1302400
2022-04-12	0.86	0.84	0.86	0.85	1098600
2022-04-18	0.84	0.83	0.85	0.84	1204300
2022-04-19	0.84	0.84	0.86	0.85	1037200
2022-04-20	0.85	0.85	0.87	0.86	1694900
2022-04-21	0.87	0.86	0.88	0.88	1612900
2022-04-22	0.87	0.86	0.87	0.86	798000
2022-04-25	0.86	0.84	0.86	0.86	621900
2022-04-26	0.86	0.84	0.86	0.85	827000
2022-04-27	0.84	0.83	0.85	0.83	1538800
2022-04-28	0.86	0.83	0.86	0.85	429800
2022-04-29	0.85	0.84	0.85	0.84	717600
2022-05-03	0.83	0.82	0.85	0.83	1853000
2022-05-05	0.83	0.8	0.83	0.8	1902600
2022-05-06	0.78	0.78	0.8	0.8	1369600
2022-05-09	0.8	0.75	0.8	0.77	2287400
2022-05-10	0.75	0.74	0.8	0.78	1450300
2022-05-11	0.8	0.78	0.82	0.79	498600
2022-05-12	0.78	0.73	0.79	0.74	2063900
2022-05-13	0.74	0.74	0.76	0.75	543400
2022-05-17	0.75	0.74	0.8	0.8	1487900
2022-05-18	0.79	0.79	0.82	0.82	605900
2022-05-19	0.8	0.8	0.81	0.8	356500
2022-05-20	0.79	0.79	0.82	0.81	548900
2022-05-23	0.81	0.8	0.82	0.8	951900
2022-05-24	0.8	0.8	0.81	0.8	453800
2022-05-25	0.81	0.79	0.82	0.8	789200
2022-05-26	0.8	0.79	0.81	0.8	405200
2022-05-27	0.81	0.78	0.81	0.78	940900
2022-05-30	0.79	0.79	0.81	0.8	853300
2022-05-31	0.8	0.79	0.8	0.8	576200
2022-06-01	0.79	0.79	0.83	0.82	4595500
2022-06-02	0.83	0.82	0.86	0.84	6780400
2022-06-06	0.84	0.82	0.85	0.83	1693500
2022-06-07	0.83	0.83	0.87	0.83	13132100
2022-06-08	0.83	0.83	0.85	0.84	971400
2022-06-09	0.84	0.83	0.84	0.84	1296400
2022-06-10	0.83	0.82	0.87	0.84	9346000
2022-06-13	0.83	0.81	0.84	0.81	2253400
2022-06-14	0.81	0.79	0.82	0.81	2151900
2022-06-15	0.81	0.8	0.82	0.81	1380700
2022-06-16	0.82	0.76	0.83	0.8	2500100
2022-06-17	0.8	0.76	0.8	0.79	1505500
2022-06-20	0.79	0.78	0.85	0.82	4653400
2022-06-21	0.82	0.8	0.82	0.82	995100
2022-06-22	0.81	0.78	0.81	0.79	2503500
2022-06-23	0.79	0.79	0.82	0.8	1964100
2022-06-24	0.8	0.78	0.8	0.79	1672500
2022-06-27	0.79	0.78	0.8	0.79	956200
2022-06-28	0.79	0.78	0.8	0.79	297000
2022-06-29	0.79	0.78	0.8	0.78	746500
2022-06-30	0.78	0.77	0.8	0.77	1530700
2022-07-01	0.77	0.77	0.78	0.77	288200
2022-07-04	0.77	0.74	0.78	0.74	2320300
2022-07-05	0.74	0.73	0.76	0.73	1662200
2022-07-06	0.73	0.7	0.74	0.71	1488400
2022-07-07	0.72	0.72	0.73	0.73	789000
2022-07-08	0.73	0.71	0.74	0.73	759200
2022-07-11	0.73	0.72	0.73	0.72	1117000
2022-07-12	0.72	0.72	0.73	0.72	64200
2022-07-14	0.73	0.72	0.73	0.72	221900
2022-07-15	0.72	0.7	0.72	0.71	449500
2022-07-18	0.71	0.71	0.72	0.71	265600
2022-07-19	0.71	0.7	0.71	0.7	492000
2022-07-20	0.71	0.71	0.74	0.72	1679800
2022-07-21	0.72	0.71	0.72	0.72	376600
2022-07-22	0.72	0.71	0.74	0.73	548200
2022-07-25	0.73	0.73	0.74	0.74	249200
2022-07-26	0.74	0.73	0.75	0.74	495200
2022-07-27	0.74	0.72	0.74	0.73	700300
2022-08-01	0.73	0.72	0.74	0.72	917200
2022-08-02	0.73	0.72	0.74	0.72	617700
2022-08-03	0.73	0.72	0.73	0.73	80600
2022-08-04	0.73	0.72	0.74	0.74	164700
2022-08-05	0.74	0.73	0.74	0.74	262500
2022-08-08	0.74	0.72	0.74	0.74	419200
2022-08-09	0.74	0.73	0.74	0.74	326500
2022-08-10	0.74	0.73	0.74	0.74	598700
2022-08-11	0.73	0.73	0.75	0.74	967600
2022-08-15	0.74	0.73	0.74	0.73	1065500
2022-08-16	0.75	0.73	0.75	0.73	1070500
2022-08-17	0.73	0.73	0.78	0.78	2998400
2022-08-18	0.77	0.76	0.8	0.78	6529500
2022-08-19	0.79	0.77	0.8	0.78	1124500
2022-08-22	0.77	0.77	0.78	0.77	626700
2022-08-23	0.77	0.77	0.78	0.77	949000
2022-08-24	0.77	0.77	0.78	0.78	601800
2022-08-25	0.77	0.77	0.79	0.79	531900
2022-08-26	0.79	0.77	0.79	0.78	765700
2022-08-29	0.77	0.76	0.78	0.78	934300
2022-08-30	0.78	0.77	0.78	0.78	330000
2022-08-31	0.78	0.76	0.78	0.76	1235200
2022-09-01	0.76	0.76	0.77	0.76	699300
2022-09-02	0.77	0.75	0.77	0.76	625700
2022-09-05	0.77	0.75	0.77	0.76	757500
2022-09-06	0.77	0.76	0.82	0.81	9575200
2022-09-07	0.81	0.79	0.84	0.8	9366500
2022-09-08	0.81	0.79	0.81	0.79	1688200
2022-09-09	0.79	0.79	0.83	0.83	2319700
2022-09-12	0.83	0.81	0.84	0.81	4276600
2022-09-13	0.82	0.8	0.82	0.81	1532800
2022-09-14	0.8	0.8	0.87	0.85	18322400
2022-09-15	0.86	0.84	0.89	0.84	11806000
2022-09-16	0.85	0.83	0.86	0.85	6544100
2022-09-19	0.86	0.85	0.9	0.86	10530100
2022-09-20	0.88	0.86	0.88	0.87	2587800
2022-09-21	0.88	0.85	0.88	0.86	2356900
2022-09-22	0.85	0.83	0.86	0.85	2320300
2022-09-23	0.86	0.83	0.86	0.83	3478900
2022-09-26	0.82	0.8	0.83	0.82	4599800
2022-09-27	0.8	0.79	0.82	0.8	4649600
2022-09-28	0.79	0.78	0.82	0.79	4907100
2022-09-29	0.8	0.78	0.8	0.78	1861100
2022-09-30	0.77	0.76	0.8	0.8	1875800
2022-10-03	0.8	0.75	0.8	0.76	3885100
2022-10-04	0.76	0.76	0.78	0.76	490300
2022-10-05	0.77	0.75	0.77	0.77	616600
2022-10-06	0.77	0.76	0.79	0.78	1398100
2022-10-07	0.78	0.76	0.78	0.77	884800
2022-10-10	0.76	0.75	0.77	0.75	440800
2022-10-11	0.75	0.75	0.77	0.75	704600
2022-10-12	0.75	0.75	0.76	0.76	200600
2022-10-17	0.76	0.75	0.77	0.77	780200
2022-10-18	0.77	0.77	0.78	0.77	589300
2022-10-19	0.77	0.76	0.78	0.77	278700
2022-10-20	0.77	0.77	0.78	0.78	200900
2022-10-21	0.78	0.77	0.79	0.77	130600
2022-10-25	0.77	0.76	0.78	0.77	647000
2022-10-26	0.77	0.76	0.78	0.77	483100
2022-10-27	0.77	0.76	0.77	0.77	512300
2022-10-28	0.76	0.76	0.78	0.77	1139000
2022-10-31	0.77	0.76	0.77	0.77	776000
2022-11-01	0.76	0.76	0.78	0.78	949200
2022-11-02	0.78	0.77	0.78	0.78	283900
2022-11-03	0.77	0.77	0.79	0.79	830300
2022-11-04	0.78	0.78	0.81	0.81	3016600
2022-11-07	0.81	0.79	0.83	0.8	2449600
2022-11-08	0.8	0.79	0.81	0.79	1265400
2022-11-09	0.77	0.76	0.78	0.77	4327300
2022-11-10	0.78	0.76	0.78	0.77	704400
2022-11-11	0.78	0.76	0.78	0.76	1172000
2022-11-14	0.76	0.74	0.76	0.75	1173600
2022-11-15	0.75	0.74	0.76	0.75	830500
2022-11-16	0.74	0.72	0.75	0.74	975700
2022-11-17	0.75	0.73	0.75	0.73	728200
2022-11-18	0.73	0.71	0.74	0.74	1381100
2022-11-21	0.72	0.72	0.73	0.73	255000
2022-11-22	0.73	0.71	0.73	0.72	1281500
2022-11-23	0.72	0.71	0.73	0.72	240300
2022-11-24	0.72	0.7	0.72	0.7	1103000
2022-11-25	0.71	0.7	0.72	0.72	663800
2022-11-28	0.72	0.71	0.72	0.71	44000
2022-11-29	0.7	0.7	0.72	0.72	217100
2022-11-30	0.72	0.7	0.72	0.7	383300
2022-12-01	0.7	0.7	0.72	0.71	794900
2022-12-02	0.71	0.7	0.71	0.71	219000
2022-12-06	0.71	0.7	0.71	0.7	129500
2022-12-07	0.7	0.7	0.71	0.71	959000
2022-12-08	0.71	0.7	0.72	0.71	770400
2022-12-09	0.71	0.7	0.72	0.7	145700
2022-12-13	0.71	0.7	0.71	0.71	692300
2022-12-14	0.7	0.69	0.71	0.7	455800
2022-12-15	0.71	0.69	0.71	0.7	512200
2022-12-16	0.7	0.67	0.7	0.67	989900
2022-12-19	0.65	0.65	0.68	0.67	761800
2022-12-20	0.67	0.64	0.67	0.66	1572200
2022-12-21	0.66	0.65	0.66	0.66	359100
2022-12-22	0.66	0.64	0.66	0.65	865500
2022-12-23	0.65	0.64	0.66	0.65	991400
2022-12-26	0.66	0.65	0.66	0.65	664900
2022-12-27	0.66	0.65	0.68	0.67	1160700
2022-12-28	0.67	0.67	0.68	0.67	98700
2022-12-29	0.67	0.66	0.71	0.7	1936300
2022-12-30	0.7	0.69	0.71	0.7	523200
