Date	Price Open	Price Low	Price High	Price Close	Volume
2020-10-14	4.361975677	4.166663333	4.589840078	4.166663333	219988860
2020-10-15	4.134111276	3.645830417	4.231767448	3.645830417	46814552
2020-10-16	3.710934531	3.645830417	3.84114276	3.710934531	17575847
2020-10-19	3.743486589	3.580726302	3.776038646	3.613278359	5460484
2020-10-20	3.678382474	3.613278359	3.743486589	3.678382474	3656143
2020-10-21	3.743486589	3.710934531	3.97135099	3.938798932	10371541
2020-10-22	3.906246875	3.84114276	4.003903047	3.84114276	6966226
2020-10-26	3.84114276	3.808590703	4.101559219	3.97135099	7900268
2020-10-27	3.938798932	3.906246875	4.036455104	3.938798932	4629200
2020-10-28	3.97135099	3.906246875	4.101559219	3.906246875	6993874
2020-10-29	3.938798932	3.906246875	4.003903047	3.906246875	1364276
2020-10-30	3.906246875	3.84114276	3.97135099	3.84114276	1322804
2020-11-02	3.873694818	3.873694818	3.938798932	3.906246875	753255
2020-11-03	3.906246875	3.906246875	4.069007161	4.003903047	2667419
2020-11-04	3.97135099	3.97135099	4.231767448	4.101559219	7772319
2020-11-05	4.134111276	4.134111276	4.199215391	4.134111276	3271682
2020-11-06	4.166663333	4.069007161	4.166663333	4.069007161	906087
2020-11-09	4.134111276	4.069007161	4.134111276	4.069007161	393984
2020-11-10	4.101559219	3.906246875	4.101559219	3.938798932	2153780
2020-11-11	4.069007161	3.97135099	4.101559219	4.003903047	496281
2020-11-12	4.101559219	4.036455104	4.296871563	4.264319505	8367827
2020-11-13	4.32942362	4.264319505	4.492183906	4.361975677	8982535
2020-11-16	4.427079792	4.427079792	4.654944193	4.557288021	10940936
2020-11-17	4.622392135	4.524735964	4.785152422	4.622392135	5518698
2020-11-18	4.622392135	4.557288021	4.785152422	4.557288021	3881321
2020-11-19	4.589840078	4.557288021	4.654944193	4.622392135	1942427
2020-11-20	4.654944193	4.589840078	4.850256536	4.720048307	5209655
2020-11-23	4.720048307	4.622392135	4.752600365	4.720048307	2501992
2020-11-24	4.720048307	4.720048307	5.175777109	5.078120938	3906204
2020-11-25	5.143225052	5.013016823	5.273433281	5.208329167	3679183
2020-11-26	5.273433281	5.208329167	5.305985339	5.208329167	1836443
2020-11-27	5.175777109	5.143225052	5.240881224	5.143225052	1145549
2020-11-30	5.273433281	5.175777109	5.501297682	5.468745625	2053019
2020-12-01	5.501297682	5.501297682	6.119786771	6.119786771	2311221
2020-12-02	5.989578542	5.924474427	6.152338828	5.924474427	2470350
2020-12-03	5.924474427	5.761714141	6.022130599	5.924474427	3237276
2020-12-04	5.957026484	5.89192237	6.184890885	6.184890885	2523189
2020-12-08	6.249995	6.152338828	6.640619688	6.575515573	3883625
2020-12-09	6.575515573	6.412755286	6.770827917	6.477859401	2894133
2020-12-14	6.575515573	6.575515573	7.81249375	7.226556719	5978423
2020-12-15	7.356764948	7.291660833	7.747389635	7.682285521	2825781
2020-12-16	7.747389635	7.552077292	7.81249375	7.552077292	1230490
2020-12-17	7.617181406	6.412755286	8.072910208	6.510411458	4638262
2020-12-18	6.575515573	6.054682656	6.640619688	6.184890885	8546618
2020-12-21	5.989578542	5.957026484	6.835932031	6.315099115	4791863
2020-12-22	6.380203229	6.315099115	6.96614026	6.96614026	4650704
2020-12-23	7.031244375	6.835932031	7.421869063	7.09634849	7764332
2020-12-24	7.09634849	7.031244375	7.291660833	7.031244375	2677096
2020-12-25	7.09634849	6.96614026	7.226556719	7.09634849	2858651
2020-12-28	7.226556719	7.09634849	7.552077292	7.09634849	3001346
2020-12-29	7.161452604	7.031244375	7.226556719	7.161452604	489062
2020-12-30	7.226556719	6.640619688	7.291660833	6.705723802	2543003
2021-01-04	6.510411458	6.510411458	7.09634849	6.901036146	862311
2021-01-05	6.901036146	6.770827917	7.09634849	7.031244375	1022362
2021-01-06	7.09634849	6.835932031	7.226556719	6.901036146	501504
2021-01-07	6.901036146	6.770827917	6.96614026	6.770827917	741734
2021-01-08	6.705723802	6.705723802	6.96614026	6.901036146	930202
2021-01-11	6.96614026	6.705723802	6.96614026	6.770827917	581222
2021-01-12	6.770827917	6.640619688	6.835932031	6.640619688	636518
2021-01-13	6.705723802	6.705723802	6.835932031	6.770827917	366643
2021-01-14	6.835932031	6.770827917	7.09634849	6.835932031	2084353
2021-01-15	6.901036146	6.770827917	7.031244375	6.835932031	443750
2021-01-18	6.770827917	6.705723802	6.901036146	6.835932031	553882
2021-01-19	6.835932031	6.705723802	7.031244375	6.835932031	1544449
2021-01-20	6.770827917	6.249995	6.835932031	6.380203229	9682490
2021-01-21	6.380203229	6.315099115	6.445307344	6.315099115	2652520
2021-01-22	6.380203229	6.249995	6.380203229	6.315099115	1319732
2021-01-25	6.315099115	6.282547057	6.412755286	6.315099115	2170676
2021-01-26	6.315099115	6.282547057	6.347651172	6.282547057	969523
2021-01-27	6.347651172	6.282547057	6.380203229	6.347651172	896256
2021-01-28	6.315099115	6.217442943	6.315099115	6.217442943	1424794
2021-01-29	6.184890885	6.184890885	6.249995	6.184890885	454195
2021-02-01	6.184890885	6.184890885	6.315099115	6.315099115	268646
2021-02-02	6.315099115	6.282547057	6.477859401	6.380203229	319027
2021-02-03	6.477859401	6.445307344	6.901036146	6.770827917	4442422
2021-02-04	6.901036146	6.770827917	7.226556719	7.09634849	9207252
2021-02-05	7.161452604	6.96614026	7.226556719	7.161452604	2425499
2021-02-08	7.161452604	7.031244375	7.226556719	7.161452604	1537690
2021-02-09	7.09634849	6.96614026	7.161452604	6.96614026	1100391
2021-02-10	7.031244375	6.901036146	7.09634849	6.901036146	621619
2021-02-11	6.901036146	6.835932031	6.96614026	6.835932031	721766
2021-02-15	6.835932031	6.575515573	6.96614026	6.640619688	1498369
2021-02-16	6.640619688	6.575515573	6.705723802	6.640619688	518861
2021-02-17	6.640619688	6.640619688	6.835932031	6.835932031	431462
2021-02-18	6.96614026	6.770827917	7.09634849	7.09634849	579840
2021-02-19	7.161452604	7.031244375	7.617181406	7.617181406	3162933
2021-02-22	7.877597865	7.486973177	8.398430781	7.682285521	6627384
2021-02-23	7.942701979	7.747389635	7.942701979	7.877597865	1419879
2021-02-24	7.747389635	6.835932031	7.747389635	7.356764948	5402269
2021-02-25	7.356764948	7.291660833	7.682285521	7.291660833	1190400
2021-03-01	7.161452604	6.770827917	7.226556719	7.09634849	1647361
2021-03-02	7.031244375	6.901036146	7.09634849	6.901036146	1284404
2021-03-03	6.901036146	6.901036146	7.09634849	6.901036146	1178727
2021-03-04	6.96614026	6.835932031	6.96614026	6.901036146	385843
2021-03-05	6.835932031	6.835932031	7.031244375	6.96614026	467712
2021-03-08	7.031244375	6.770827917	7.09634849	6.770827917	1052928
2021-03-09	6.705723802	6.510411458	6.770827917	6.575515573	2411675
2021-03-10	6.575515573	6.575515573	6.835932031	6.705723802	1029120
2021-03-11	6.835932031	6.705723802	6.835932031	6.770827917	519475
2021-03-12	6.640619688	6.640619688	6.705723802	6.640619688	1413274
2021-03-15	6.770827917	6.640619688	6.770827917	6.770827917	778445
2021-03-16	6.770827917	6.770827917	6.96614026	6.835932031	891802
2021-03-17	6.901036146	6.901036146	7.161452604	7.161452604	1566874
2021-03-18	7.356764948	7.226556719	7.486973177	7.356764948	2561128
2021-03-19	7.356764948	7.291660833	7.421869063	7.356764948	1070592
2021-03-22	7.421869063	7.356764948	7.486973177	7.421869063	1014682
2021-03-23	7.552077292	7.291660833	7.552077292	7.356764948	1364276
2021-03-24	7.356764948	7.226556719	7.421869063	7.291660833	821760
2021-03-25	7.291660833	7.291660833	7.486973177	7.421869063	634675
2021-03-26	7.486973177	7.226556719	7.486973177	7.356764948	569242
2021-03-29	7.356764948	7.226556719	7.486973177	7.356764948	708557
2021-03-30	7.421869063	7.356764948	7.421869063	7.421869063	354509
2021-03-31	7.421869063	7.356764948	7.421869063	7.356764948	333312
2021-04-01	7.356764948	7.356764948	7.747389635	7.682285521	3224680
2021-04-02	7.682285521	7.617181406	8.203118438	7.682285521	6434616
2021-04-05	7.81249375	7.552077292	7.81249375	7.682285521	1440461
2021-04-07	7.486973177	7.226556719	7.552077292	7.226556719	2056552
2021-04-08	7.226556719	7.226556719	7.486973177	7.356764948	297369
2021-04-09	7.356764948	6.96614026	7.552077292	7.09634849	1123738
2021-04-12	6.96614026	6.901036146	7.161452604	7.031244375	1142784
2021-04-16	6.901036146	6.901036146	7.356764948	7.356764948	519782
2021-04-19	7.552077292	7.356764948	7.552077292	7.421869063	935731
2021-04-20	7.486973177	7.291660833	7.552077292	7.486973177	2583707
2021-04-21	7.656246938	7.617184453	8.437496625	8.203121719	2137472
2021-04-22	8.359371656	8.203121719	8.359371656	8.203121719	1003904
2021-04-23	8.046871781	7.968746812	8.203121719	8.12499675	1195392
2021-04-26	7.968746812	7.734371906	8.12499675	7.890621844	1396992
2021-04-27	7.968746812	7.890621844	8.203121719	8.046871781	537216
2021-04-28	8.046871781	8.046871781	8.515621594	8.203121719	1006720
2021-04-29	8.12499675	7.968746812	8.203121719	8.046871781	295424
2021-04-30	8.046871781	7.968746812	8.12499675	8.12499675	380416
2021-05-05	8.12499675	7.968746812	8.12499675	8.046871781	716672
2021-05-06	8.046871781	7.968746812	8.12499675	8.046871781	403584
2021-05-07	8.203121719	7.968746812	8.203121719	8.046871781	400768
2021-05-10	8.12499675	7.890621844	8.12499675	7.968746812	277248
2021-05-11	7.812496875	7.812496875	7.890621844	7.890621844	374656
2021-05-12	7.812496875	7.656246938	7.812496875	7.734371906	846976
2021-05-13	7.578121969	7.382809547	7.734371906	7.578121969	1448704
2021-05-14	7.421872031	6.796872281	7.460934516	7.226559609	2952577
2021-05-17	7.070309672	6.87499725	7.070309672	6.87499725	987008
2021-05-18	6.835934766	6.835934766	7.187497125	7.109372156	445696
2021-05-19	7.304684578	7.304684578	8.046871781	8.046871781	3192065
2021-05-20	8.12499675	7.539059484	8.12499675	7.539059484	1726592
2021-05-21	7.578121969	7.578121969	8.281246687	8.046871781	4440321
2021-05-24	8.046871781	7.812496875	8.437496625	8.046871781	5096194
2021-05-25	7.968746812	7.890621844	8.12499675	7.890621844	2524801
2021-05-27	7.890621844	7.890621844	8.281246687	7.968746812	1321984
2021-05-28	7.968746812	7.812496875	8.12499675	7.968746812	635264
2021-05-31	7.890621844	7.773434391	8.046871781	7.890621844	816384
2021-06-01	7.890621844	7.890621844	8.046871781	7.968746812	649472
2021-06-02	7.968746812	7.812496875	8.046871781	7.812496875	549632
2021-06-04	7.890621844	7.890621844	8.203121719	7.890621844	1441920
2021-06-07	8.12499675	7.968746812	8.359371656	7.968746812	4017153
2021-06-08	7.968746812	7.890621844	8.12499675	7.968746812	1850624
2021-06-09	7.968746812	7.812496875	8.046871781	7.890621844	924032
2021-06-10	7.890621844	7.812496875	8.12499675	8.12499675	1129984
2021-06-11	8.203121719	8.046871781	8.203121719	8.046871781	1132160
2021-06-14	8.203121719	8.12499675	9.218746313	9.140621344	12106628
2021-06-15	9.140621344	8.906246438	9.531246187	9.140621344	3356545
2021-06-16	9.140621344	9.140621344	9.921871031	9.296871281	4356481
2021-06-17	9.453121219	9.062496375	9.609371156	9.062496375	1602432
2021-06-18	9.062496375	9.062496375	9.453121219	9.218746313	1122944
2021-06-21	9.218746313	8.671871531	9.218746313	8.828121469	2502145
2021-06-22	8.906246438	8.437496625	8.984371406	8.593746562	1487232
2021-06-23	8.593746562	8.593746562	8.828121469	8.593746562	486272
2021-06-24	8.593746562	8.12499675	8.593746562	8.281246687	2089344
2021-06-25	8.437496625	8.359371656	8.984371406	8.359371656	3111937
2021-06-28	8.437496625	8.359371656	8.7499965	8.593746562	1002496
2021-06-29	8.7499965	8.593746562	8.828121469	8.593746562	517376
2021-06-30	8.671871531	8.671871531	8.906246438	8.671871531	982144
2021-07-01	8.828121469	8.593746562	8.828121469	8.593746562	606080
2021-07-02	8.828121469	8.828121469	9.37499625	8.828121469	2560257
2021-07-05	8.984371406	8.671871531	8.984371406	8.671871531	1168512
2021-07-06	8.671871531	8.671871531	8.906246438	8.828121469	573184
2021-07-07	8.906246438	8.671871531	8.906246438	8.671871531	434176
2021-07-08	8.593746562	8.437496625	8.671871531	8.437496625	2153472
2021-07-09	8.437496625	8.281246687	8.828121469	8.671871531	2403328
2021-07-12	8.7499965	8.7499965	9.37499625	9.140621344	2723201
2021-07-13	9.37499625	9.140621344	9.687496125	9.140621344	2756097
2021-07-14	9.140621344	9.062496375	9.296871281	9.218746313	916352
2021-07-15	9.296871281	9.140621344	9.37499625	9.140621344	705920
2021-07-16	9.218746313	8.984371406	9.296871281	9.062496375	739328
2021-07-19	8.984371406	8.7499965	8.984371406	8.7499965	1083648
2021-07-20	8.671871531	8.593746562	8.906246438	8.828121469	1709568
2021-07-21	8.906246438	8.7499965	8.906246438	8.7499965	281472
2021-07-22	8.671871531	8.671871531	8.828121469	8.7499965	401408
2021-07-23	8.7499965	8.593746562	8.7499965	8.593746562	533376
2021-07-27	8.359371656	8.281246687	8.515621594	8.359371656	1762944
2021-07-29	8.203121719	8.203121719	8.593746562	8.437496625	748416
2021-07-30	8.359371656	8.359371656	8.671871531	8.359371656	1149440
2021-08-02	8.281246687	8.046871781	8.281246687	8.12499675	769280
2021-08-03	8.12499675	8.12499675	8.593746562	8.593746562	858496
2021-08-04	8.671871531	8.437496625	8.671871531	8.437496625	468096
2021-08-05	8.437496625	8.437496625	8.593746562	8.515621594	396928
2021-08-06	8.515621594	8.281246687	8.515621594	8.359371656	516864
2021-08-09	8.593746562	8.359371656	8.593746562	8.437496625	438400
2021-08-10	8.437496625	8.359371656	8.515621594	8.437496625	1114752
2021-08-11	8.515621594	8.515621594	8.671871531	8.593746562	620672
2021-08-13	8.671871531	8.437496625	8.828121469	8.828121469	1345536
2021-08-16	8.828121469	8.359371656	8.828121469	8.515621594	1071744
2021-08-17	8.515621594	8.515621594	8.671871531	8.515621594	161024
2021-08-18	8.515621594	8.515621594	8.593746562	8.515621594	536064
2021-08-19	8.515621594	8.515621594	8.593746562	8.515621594	603648
2021-08-20	8.593746562	8.515621594	8.7499965	8.7499965	335872
2021-08-23	8.671871531	8.671871531	9.140621344	8.984371406	1539200
2021-08-24	9.062496375	8.7499965	9.062496375	8.7499965	855552
2021-08-25	8.7499965	8.7499965	8.984371406	8.984371406	353792
2021-08-26	8.7499965	8.7499965	8.906246438	8.828121469	205952
2021-08-27	8.984371406	8.828121469	8.984371406	8.906246438	401920
2021-08-30	9.062496375	9.062496375	9.531246187	9.37499625	4908417
2021-08-31	9.453121219	9.453121219	9.687496125	9.453121219	1491200
2021-09-01	9.453121219	9.218746313	9.687496125	9.687496125	1162496
2021-09-02	9.765621094	9.609371156	10.234370906	10.234370906	2706689
2021-09-03	10.859370656	10.234370906	10.859370656	10.703120719	3072257
2021-09-06	10.546870781	10.234370906	10.62499575	10.390620844	1101440
2021-09-07	10.234370906	10.234370906	10.62499575	10.312495875	610432
2021-09-08	10.312495875	9.687496125	10.312495875	10.078120969	1363968
2021-09-09	9.999996	9.921871031	10.390620844	10.156245937	961280
2021-09-10	10.078120969	10.078120969	10.312495875	10.156245937	209024
2021-09-13	9.999996	9.999996	10.468745812	10.156245937	342400
2021-09-14	10.156245937	10.078120969	10.390620844	10.156245937	205952
2021-09-15	10.156245937	10.078120969	10.312495875	10.234370906	477568
2021-09-16	10.234370906	9.999996	10.312495875	10.156245937	1117184
2021-09-17	10.078120969	10.078120969	10.234370906	10.234370906	522112
2021-09-20	10.156245937	10.156245937	10.234370906	10.156245937	448768
2021-09-21	10.156245937	9.999996	10.234370906	10.156245937	467072
2021-09-22	10.312495875	10.312495875	10.703120719	10.312495875	997376
2021-09-23	10.468745812	10.078120969	10.468745812	10.234370906	642944
2021-09-27	10.234370906	10.234370906	10.390620844	10.234370906	380160
2021-09-28	10.468745812	10.156245937	10.468745812	10.156245937	378752
2021-09-29	10.234370906	10.156245937	10.390620844	10.156245937	398336
2021-09-30	10.078120969	10.078120969	10.234370906	10.234370906	252800
2021-10-01	10.390620844	10.078120969	10.390620844	10.078120969	218752
2021-10-04	9.921871031	9.843746062	10.156245937	9.843746062	580224
2021-10-05	9.765621094	9.765621094	9.999996	9.843746062	377216
2021-10-06	9.843746062	9.843746062	10.078120969	9.999996	199936
2021-10-07	9.843746062	9.843746062	9.999996	9.999996	417664
2021-10-08	10.156245937	9.921871031	10.156245937	9.921871031	104320
2021-10-11	9.999996	9.921871031	10.078120969	9.921871031	87808
2021-10-12	9.999996	9.921871031	10.156245937	9.921871031	125696
2021-10-14	10.156245937	9.921871031	10.156245937	10.078120969	257024
2021-10-15	9.921871031	9.921871031	10.156245937	10.156245937	243584
2021-10-18	9.999996	9.921871031	10.234370906	10.156245937	227712
2021-10-19	9.999996	9.999996	10.156245937	9.999996	364288
2021-10-20	10.078120969	9.921871031	10.078120969	10.078120969	205952
2021-10-21	10.078120969	9.999996	10.078120969	10.078120969	111104
2021-10-25	10.078120969	9.999996	10.156245937	9.999996	80896
2021-10-26	10.078120969	9.921871031	10.156245937	9.999996	99456
2021-10-27	10.156245937	9.921871031	10.156245937	9.921871031	107264
2021-10-28	9.921871031	9.687496125	9.999996	9.687496125	506240
2021-10-29	9.37499625	9.140621344	9.37499625	9.140621344	1852672
2021-11-01	8.828121469	8.671871531	9.062496375	8.828121469	1571840
2021-11-02	8.828121469	8.7499965	9.37499625	8.984371406	944256
2021-11-03	9.37499625	9.062496375	9.37499625	9.062496375	944256
2021-11-04	9.062496375	9.062496375	9.37499625	9.37499625	160128
2021-11-05	9.37499625	9.37499625	9.609371156	9.453121219	250880
2021-11-08	9.453121219	9.453121219	9.687496125	9.531246187	299904
2021-11-09	9.609371156	9.37499625	9.609371156	9.37499625	314752
2021-11-10	9.531246187	9.37499625	9.609371156	9.37499625	350336
2021-11-11	9.531246187	9.453121219	9.609371156	9.609371156	428544
2021-11-12	9.609371156	9.453121219	9.687496125	9.531246187	211840
2021-11-15	9.453121219	9.453121219	9.609371156	9.453121219	362624
2021-11-16	9.609371156	9.531246187	9.921871031	9.921871031	1019136
2021-11-17	10.156245937	9.999996	10.390620844	9.999996	1278464
2021-11-18	10.312495875	9.921871031	10.312495875	10.078120969	643456
2021-11-19	10.078120969	10.078120969	10.390620844	10.390620844	1250304
2021-11-22	10.390620844	10.234370906	10.468745812	10.390620844	872576
2021-11-23	10.390620844	10.312495875	10.468745812	10.468745812	428544
2021-11-24	10.468745812	10.312495875	10.468745812	10.312495875	391552
2021-11-25	10.312495875	10.312495875	10.781245688	10.62499575	706688
2021-11-26	10.62499575	10.156245937	10.62499575	10.312495875	1413248
2021-11-29	10.312495875	9.999996	10.546870781	10.390620844	627456
2021-11-30	10.546870781	10.156245937	10.546870781	10.156245937	930944
2021-12-01	10.156245937	10.078120969	10.390620844	10.390620844	353280
2021-12-02	10.234370906	10.234370906	10.703120719	10.703120719	500608
2021-12-03	10.781245688	10.781245688	11.484370406	11.484370406	1513600
2021-12-07	11.796870281	11.2499955	11.796870281	11.562495375	1366272
2021-12-08	11.640620344	11.2499955	11.640620344	11.328120469	593280
2021-12-09	11.328120469	11.328120469	11.562495375	11.562495375	258176
2021-12-13	11.562495375	11.562495375	14.999994	14.609369156	8115075
2021-12-14	14.843744063	14.140619344	15.156243937	14.140619344	2356352
2021-12-15	14.453119219	13.281244688	14.687494125	13.593744562	1839616
2021-12-16	13.7499945	13.671869531	14.062494375	13.671869531	866432
2021-12-17	13.906244438	13.7499945	15.312493875	14.37499425	3153025
2021-12-20	14.453119219	14.453119219	17.265618094	15.312493875	6994818
2021-12-21	15.62499375	14.999994	15.859368656	15.078118969	1478016
2021-12-22	15.390618844	15.390618844	16.87499325	15.390618844	4359297
2021-12-23	15.62499375	15.468743813	15.859368656	15.703118719	2064384
2021-12-24	16.015618594	14.921869031	16.015618594	15.312493875	3022465
2021-12-27	16.328118469	16.093743563	18.593742563	17.499993	17987719
2021-12-28	17.734367906	16.2499935	18.828117469	16.718743312	12944645
2021-12-29	17.109368156	16.171868531	17.265618094	16.2499935	5228930
2021-12-30	16.328118469	16.328118469	17.499993	16.87499325	6567042
2022-01-04	16.953118219	16.328118469	16.953118219	16.562493375	4215553
2022-01-05	16.796868281	16.562493375	17.187493125	16.796868281	3958785
2022-01-06	16.640618344	16.406243437	16.796868281	16.484368406	1667712
2022-01-07	16.562493375	15.546868781	16.640618344	15.62499375	3391489
2022-01-10	15.781243688	14.921869031	15.859368656	15.078118969	5804418
2022-01-11	15.156243937	14.37499425	15.156243937	14.765619094	5260162
2022-01-12	14.999994	14.999994	16.093743563	15.937493625	5885442
2022-01-13	15.703118719	15.703118719	16.093743563	15.781243688	1719936
2022-01-14	16.015618594	15.781243688	16.2499935	16.093743563	4005761
2022-01-17	16.328118469	16.093743563	16.718743312	16.093743563	3541505
2022-01-18	16.171868531	15.703118719	16.171868531	15.859368656	1473280
2022-01-19	15.859368656	15.312493875	15.859368656	15.390618844	2059136
2022-01-20	15.390618844	15.078118969	15.546868781	15.078118969	860800
2022-01-21	15.078118969	14.765619094	15.312493875	14.765619094	988032
2022-01-24	14.609369156	13.984369406	14.843744063	14.062494375	2745857
2022-01-25	13.906244438	13.906244438	14.609369156	14.37499425	1082496
2022-01-26	14.531244188	13.7499945	14.531244188	13.906244438	1160320
2022-01-27	13.984369406	13.203119719	13.984369406	13.515619594	1355904
2022-01-28	13.359369656	13.359369656	13.828119469	13.593744562	675584
2022-01-31	13.593744562	13.593744562	14.218744313	14.140619344	689024
2022-02-01	14.296869281	13.828119469	14.37499425	14.218744313	1172864
2022-02-02	14.296869281	14.062494375	14.453119219	14.140619344	809728
2022-02-03	14.140619344	13.984369406	14.296869281	13.984369406	479488
2022-02-04	13.984369406	13.984369406	14.37499425	14.062494375	449152
2022-02-07	14.062494375	13.593744562	14.140619344	13.671869531	1032320
2022-02-08	13.7499945	13.046869781	13.7499945	13.281244688	2756993
2022-02-09	13.203119719	13.203119719	13.515619594	13.359369656	528512
2022-02-10	13.203119719	12.890619844	13.359369656	13.12499475	1411968
2022-02-11	13.203119719	13.046869781	13.593744562	13.437494625	1303168
2022-02-14	13.281244688	12.890619844	13.359369656	12.890619844	1147520
2022-02-15	13.046869781	12.812494875	13.046869781	12.812494875	962048
2022-02-17	12.812494875	12.812494875	13.515619594	13.359369656	850432
2022-02-18	13.281244688	13.12499475	13.437494625	13.203119719	450944
2022-02-21	13.203119719	13.12499475	13.7499945	13.437494625	666880
2022-02-22	13.437494625	12.968744813	13.515619594	13.12499475	998912
2022-02-23	13.281244688	13.203119719	13.984369406	13.671869531	1808384
2022-02-24	13.515619594	12.968744813	13.671869531	13.12499475	1130496
2022-02-25	13.281244688	13.203119719	13.593744562	13.281244688	555904
2022-02-28	13.281244688	13.281244688	13.906244438	13.515619594	1231488
2022-03-01	13.593744562	13.437494625	13.828119469	13.7499945	616064
2022-03-02	13.828119469	13.359369656	13.828119469	13.515619594	430208
2022-03-03	13.515619594	13.515619594	13.7499945	13.593744562	342528
2022-03-04	13.671869531	13.515619594	13.828119469	13.671869531	514432
2022-03-07	13.671869531	12.812494875	13.671869531	13.437494625	1986688
2022-03-08	13.046869781	12.734369906	13.359369656	13.12499475	1056384
2022-03-09	13.12499475	12.890619844	13.359369656	13.281244688	445312
2022-03-10	13.359369656	13.203119719	13.593744562	13.359369656	444288
2022-03-11	13.359369656	13.359369656	14.140619344	14.062494375	1552000
2022-03-14	14.062494375	14.062494375	15.468743813	15.468743813	4933889
2022-03-15	15.546868781	14.687494125	15.703118719	14.687494125	3392129
2022-03-16	14.843744063	14.765619094	15.234368906	14.999994	1548288
2022-03-17	15.234368906	14.843744063	15.312493875	14.921869031	1846784
2022-03-18	15.078118969	14.999994	15.937493625	15.468743813	4177665
2022-03-21	15.390618844	15.234368906	15.781243688	15.468743813	1349888
2022-03-22	15.546868781	15.312493875	15.703118719	15.312493875	966528
2022-03-23	15.390618844	15.312493875	16.2499935	16.015618594	3193089
2022-03-24	16.015618594	15.937493625	16.484368406	16.171868531	3547393
2022-03-25	16.2499935	16.015618594	16.328118469	16.093743563	1047680
2022-03-28	16.093743563	16.015618594	16.406243437	16.328118469	1032064
2022-03-29	16.406243437	15.937493625	16.484368406	16.015618594	781568
2022-03-30	16.015618594	16.015618594	16.562493375	16.093743563	1330048
2022-03-31	16.406243437	15.937493625	16.406243437	16.015618594	483456
2022-04-01	16.015618594	16.015618594	16.2499935	16.015618594	527104
2022-04-04	16.015618594	16.015618594	17.031243187	16.718743312	2280448
2022-04-05	16.796868281	16.484368406	17.031243187	16.640618344	1109504
2022-04-07	16.562493375	15.468743813	16.640618344	16.093743563	1815296
2022-04-08	16.2499935	15.859368656	16.2499935	15.937493625	604160
2022-04-11	15.937493625	15.546868781	16.171868531	15.703118719	1655040
2022-04-12	15.62499375	15.62499375	16.171868531	16.093743563	546048
2022-04-18	16.328118469	16.328118469	17.421868031	17.187493125	2226560
2022-04-19	17.343743062	16.093743563	17.343743062	16.328118469	2203904
2022-04-20	16.875	16.78125	17.71875	17.625	1247893
2022-04-21	17.625	17.25	17.71875	17.25	339093
2022-04-22	17.25	16.59375	17.34375	16.6875	986986
2022-04-25	16.5	16.125	17.0625	16.6875	367786
2022-04-26	16.6875	16.125	16.78125	16.125	585386
2022-04-27	15.9375	15.65625	16.03125	15.75	480640
2022-04-28	15.65625	15.5625	15.84375	15.5625	343786
2022-04-29	15.5625	15.09375	15.5625	15.09375	624320
2022-05-03	14.90625	14.4375	15.09375	14.53125	633066
2022-05-05	14.71875	14.625	14.90625	14.71875	342720
2022-05-06	14.625	14.4375	15.0	14.90625	256426
2022-05-09	14.8125	14.0625	14.8125	14.0625	1035520
2022-05-10	14.0625	13.5	14.25	14.0625	652800
2022-05-11	13.875	12.9375	13.875	13.125	1519786
2022-05-12	12.9375	11.71875	12.9375	11.71875	2403200
2022-05-13	12.1875	11.53125	12.46875	11.8125	1426560
2022-05-17	11.8125	11.0625	11.90625	11.4375	1527786
2022-05-18	11.71875	11.71875	12.75	12.09375	1742186
2022-05-19	11.71875	11.625	12.0	11.90625	552746
2022-05-20	12.09375	11.8125	12.1875	11.90625	548266
2022-05-23	12.0	11.90625	12.28125	12.09375	288640
2022-05-24	12.28125	11.90625	12.28125	12.0	270826
2022-05-25	12.0	11.71875	12.09375	11.8125	465600
2022-05-26	11.8125	11.71875	11.90625	11.8125	220480
2022-05-27	11.8125	11.8125	12.09375	11.8125	300586
2022-05-30	11.90625	11.8125	12.1875	12.0	350826
2022-05-31	12.1875	11.90625	12.1875	12.09375	392640
2022-06-01	12.1875	12.0	12.1875	12.0	219306
2022-06-02	12.09375	11.90625	12.375	12.0	605973
2022-06-06	12.0	11.90625	12.1875	12.09375	301546
2022-06-07	12.09375	12.0	12.9375	12.28125	1892480
2022-06-08	12.375	12.1875	12.375	12.1875	367360
2022-06-09	12.1875	12.1875	12.84375	12.375	1056746
2022-06-10	12.375	12.0	12.375	12.09375	735680
2022-06-13	11.90625	11.53125	12.0	11.625	952640
2022-06-14	11.53125	11.34375	11.625	11.4375	553920
2022-06-15	11.53125	11.15625	11.625	11.25	617813
2022-06-16	11.4375	11.15625	11.53125	11.34375	430186
2022-06-17	11.15625	11.0625	11.53125	11.4375	641173
2022-06-20	11.25	10.78125	11.25	10.875	819733
2022-06-21	10.875	10.875	11.25	11.0625	295360
2022-06-22	10.96875	10.875	11.15625	10.875	351040
2022-06-23	11.15625	10.78125	11.15625	10.875	237013
2022-06-24	11.0625	10.875	11.15625	11.0625	257706
2022-06-27	11.0625	10.875	11.15625	11.0625	215573
2022-06-28	10.96875	10.96875	11.25	11.25	65493
2022-06-29	11.15625	11.0625	11.25	11.15625	117333
2022-06-30	11.15625	10.875	11.25	11.0625	200533
2022-07-01	11.15625	10.875	11.25	11.0625	308906
2022-07-04	11.15625	11.15625	11.90625	11.53125	1525866
2022-07-05	11.53125	10.96875	11.53125	10.96875	693013
2022-07-06	10.96875	10.6875	11.15625	10.875	542400
2022-07-07	10.96875	10.78125	11.0625	10.875	205226
2022-07-08	10.96875	10.875	11.15625	10.96875	381120
2022-07-11	10.96875	10.96875	11.15625	11.15625	19840
2022-07-12	11.0625	10.96875	11.0625	10.96875	96746
2022-07-14	10.96875	10.875	11.0625	10.96875	187520
2022-07-15	10.78125	10.78125	10.96875	10.78125	253866
2022-07-18	10.78125	10.78125	11.0625	10.96875	134400
2022-07-19	10.875	10.875	11.0625	11.0625	67093
2022-07-20	11.0625	10.96875	11.0625	11.0625	36266
2022-07-21	10.96875	10.875	11.15625	11.15625	38186
2022-07-22	11.15625	10.96875	11.25	11.15625	160000
2022-07-25	11.15625	11.0625	11.34375	11.0625	154986
2022-07-26	11.0625	11.0625	11.15625	11.0625	37546
2022-07-27	10.96875	10.96875	11.0625	11.0625	77013
2022-08-01	10.96875	10.875	11.15625	11.0625	221866
2022-08-02	11.15625	10.875	11.15625	11.0625	186560
2022-08-03	11.0625	10.96875	11.15625	10.96875	122346
2022-08-04	10.96875	10.96875	11.25	11.15625	157226
2022-08-05	11.25	11.15625	11.625	11.53125	498666
2022-08-08	11.625	11.25	11.71875	11.4375	247360
2022-08-09	11.34375	11.25	11.53125	11.4375	257600
2022-08-10	11.625	11.25	11.625	11.34375	114240
2022-08-11	11.25	11.15625	11.4375	11.34375	287253
2022-08-15	11.25	10.96875	11.53125	11.34375	352106
2022-08-16	11.4375	11.15625	11.4375	11.34375	218560
2022-08-17	11.4375	11.34375	11.625	11.4375	335893
2022-08-18	11.4375	11.15625	11.4375	11.25	647466
2022-08-19	11.34375	11.15625	11.34375	11.15625	365760
2022-08-22	11.15625	11.15625	11.25	11.15625	202560
2022-08-23	11.0625	10.96875	11.25	11.25	252053
2022-08-24	11.0625	11.0625	11.25	11.15625	87680
2022-08-25	11.15625	11.15625	11.25	11.15625	55573
2022-08-26	11.15625	11.0625	11.25	11.15625	165440
2022-08-29	11.15625	10.96875	11.15625	11.15625	128853
2022-08-30	11.15625	10.96875	11.15625	11.0625	95680
2022-08-31	11.0625	10.875	11.0625	11.0625	229120
2022-09-01	11.0625	10.78125	11.15625	10.875	124160
2022-09-02	10.78125	10.6875	10.875	10.78125	335786
2022-09-05	10.78125	10.59375	10.78125	10.6875	298133
2022-09-06	10.6875	10.59375	10.78125	10.78125	82880
2022-09-07	10.875	10.6875	10.875	10.875	67733
2022-09-08	10.875	10.78125	10.96875	10.875	62826
2022-09-09	10.875	10.78125	10.96875	10.875	85333
2022-09-12	10.875	10.78125	10.96875	10.875	70400
2022-09-13	10.875	10.78125	10.96875	10.78125	121386
2022-09-14	10.6875	10.59375	10.78125	10.6875	204373
2022-09-15	10.59375	10.59375	10.6875	10.6875	179200
2022-09-16	10.5	10.5	10.6875	10.59375	339946
2022-09-19	10.59375	10.40625	10.59375	10.5	185920
2022-09-20	10.5	10.3125	10.59375	10.5	161280
2022-09-21	10.5	10.3125	10.5	10.5	243946
2022-09-22	10.40625	10.21875	10.5	10.5	112746
2022-09-23	10.40625	10.21875	10.5	10.40625	207253
2022-09-26	10.3125	9.46875	10.3125	9.75	599680
2022-09-27	9.84375	9.046875	9.84375	9.09375	765120
2022-09-28	9.09375	8.765625	9.09375	8.8125	352213
2022-09-29	8.859375	8.8125	9.140625	8.8125	261013
2022-09-30	8.71875	8.625	8.859375	8.859375	178986
2022-10-03	9.0	8.671875	9.046875	8.671875	169066
2022-10-04	8.671875	8.671875	8.90625	8.90625	37546
2022-10-05	9.0	8.765625	9.0	8.90625	74986
2022-10-06	9.0	8.859375	9.0	9.0	30186
2022-10-07	9.0	8.90625	9.0	9.0	46720
2022-10-10	8.953125	8.8125	9.0	9.0	71573
2022-10-11	8.953125	8.8125	8.953125	8.8125	46080
2022-10-12	8.859375	8.859375	8.90625	8.90625	40106
2022-10-17	8.859375	8.765625	8.859375	8.859375	48746
2022-10-18	8.90625	8.859375	9.09375	9.0	92906
2022-10-19	9.0	9.0	9.234375	9.09375	74133
2022-10-20	9.046875	9.046875	9.234375	9.234375	36373
2022-10-21	9.1875	8.953125	9.1875	8.953125	79893
2022-10-25	9.0	8.859375	9.0	8.90625	63253
2022-10-26	8.8125	8.8125	8.953125	8.90625	50240
2022-10-27	8.953125	8.859375	9.0	8.953125	30613
2022-10-28	8.953125	8.90625	9.046875	9.046875	25066
2022-10-31	8.953125	8.953125	9.09375	9.09375	39360
2022-11-01	9.046875	9.0	9.09375	9.09375	42240
2022-11-02	9.046875	8.953125	9.1875	8.953125	86826
2022-11-03	8.953125	8.90625	9.09375	8.953125	61546
2022-11-04	8.953125	8.90625	9.046875	8.953125	112213
2022-11-07	8.953125	8.953125	9.140625	9.046875	133866
2022-11-08	9.0	9.0	9.234375	9.09375	109013
2022-11-09	9.234375	9.046875	9.234375	9.09375	106026
2022-11-10	9.046875	8.953125	9.09375	9.09375	195093
2022-11-11	9.046875	9.046875	9.09375	9.09375	86826
2022-11-14	9.046875	9.0	9.140625	9.046875	82453
2022-11-15	9.046875	9.046875	9.140625	9.140625	72320
2022-11-16	9.09375	9.046875	9.140625	9.046875	76586
2022-11-17	9.046875	9.0	9.09375	9.09375	65280
2022-11-18	9.09375	9.0	9.140625	9.09375	180800
2022-11-21	9.140625	9.0	9.140625	9.0	46933
2022-11-22	9.0	8.859375	9.09375	9.0	132906
2022-11-23	9.0	9.0	9.09375	9.046875	40853
2022-11-24	9.09375	9.0	9.09375	9.09375	88000
2022-11-25	9.0	8.953125	9.09375	9.0	171093
2022-11-28	9.0	9.0	9.65625	9.234375	638720
2022-11-29	9.46875	9.28125	9.46875	9.328125	100586
2022-11-30	9.328125	9.1875	9.328125	9.234375	155946
2022-12-01	9.234375	9.1875	9.28125	9.1875	109653
2022-12-02	9.1875	9.1875	9.28125	9.234375	13653
2022-12-06	9.328125	9.1875	9.328125	9.1875	97493
2022-12-07	9.140625	9.140625	9.234375	9.140625	89386
2022-12-08	9.140625	9.140625	9.234375	9.1875	66026
2022-12-09	9.140625	9.09375	9.140625	9.09375	92693
2022-12-13	9.09375	9.0	9.140625	9.0	174400
2022-12-14	9.046875	9.0	9.046875	9.0	96213
2022-12-15	9.0	8.90625	9.09375	9.0	480533
2022-12-16	9.0	8.953125	9.046875	9.046875	17173
2022-12-19	9.046875	9.046875	9.140625	9.140625	8533
2022-12-20	9.140625	8.953125	9.140625	8.953125	100586
2022-12-21	9.0	8.90625	9.0	8.90625	117866
2022-12-22	8.90625	8.90625	8.953125	8.953125	48213
2022-12-23	8.953125	8.859375	8.953125	8.953125	132586
2022-12-26	9.0	8.90625	9.0	8.953125	145600
2022-12-27	8.953125	8.90625	9.0	8.953125	90346
2022-12-28	8.953125	8.953125	9.09375	9.09375	124053
2022-12-29	9.046875	8.90625	9.140625	9.046875	44053
2022-12-30	9.046875	8.953125	9.046875	8.953125	79466
