Date	Price Open	Price Low	Price High	Price Close	Volume
2018-10-19	2.14	1.84	2.22	1.84	398452400
2018-10-22	1.8	1.58	1.83	1.58	88674600
2018-10-24	1.59	1.57	1.72	1.71	75541900
2018-10-25	1.69	1.66	1.74	1.7	48378800
2018-10-26	1.71	1.68	1.77	1.68	60881800
2018-10-29	1.7	1.65	1.71	1.67	30786700
2018-10-30	1.68	1.62	1.7	1.63	27293600
2018-10-31	1.64	1.62	1.67	1.63	19476600
2018-11-01	1.65	1.62	1.66	1.63	9880400
2018-11-02	1.65	1.64	1.74	1.74	50322000
2018-11-05	1.74	1.68	1.75	1.69	25079300
2018-11-06	1.7	1.65	1.72	1.67	10609700
2018-11-07	1.67	1.62	1.68	1.63	11657900
2018-11-08	1.64	1.63	1.66	1.64	7260100
2018-11-09	1.65	1.63	1.66	1.64	3072400
2018-11-12	1.65	1.62	1.65	1.62	2894200
2018-11-13	1.6	1.58	1.62	1.61	3100500
2018-11-14	1.61	1.51	1.62	1.51	10279500
2018-11-15	1.53	1.5	1.55	1.5	11509500
2018-11-16	1.5	1.47	1.53	1.49	6180000
2018-11-19	1.5	1.31	1.5	1.32	9716700
2018-11-20	1.32	1.3	1.34	1.31	2396900
2018-11-21	1.3	1.29	1.35	1.34	7318600
2018-11-22	1.35	1.32	1.38	1.32	4139300
2018-11-23	1.34	1.32	1.37	1.37	3660900
2018-11-26	1.37	1.37	1.41	1.41	8686600
2018-11-27	1.39	1.37	1.39	1.37	3256100
2018-11-28	1.37	1.37	1.42	1.42	3028300
2018-11-29	1.43	1.42	1.47	1.43	13085300
2018-11-30	1.43	1.43	1.48	1.47	10470900
2018-12-03	1.48	1.46	1.51	1.46	14234000
2018-12-04	1.46	1.38	1.46	1.4	7955400
2018-12-06	1.37	1.36	1.4	1.38	1042300
2018-12-07	1.38	1.37	1.4	1.38	864900
2018-12-11	1.38	1.36	1.38	1.36	566500
2018-12-12	1.36	1.36	1.41	1.37	1802100
2018-12-13	1.37	1.34	1.38	1.34	1274200
2018-12-14	1.35	1.3	1.36	1.33	1601000
2018-12-17	1.34	1.31	1.34	1.32	1289100
2018-12-18	1.31	1.3	1.32	1.31	1035400
2018-12-19	1.31	1.3	1.32	1.32	703500
2018-12-20	1.32	1.28	1.32	1.3	3090000
2018-12-21	1.31	1.27	1.31	1.31	887100
2018-12-24	1.31	1.29	1.31	1.31	133900
2018-12-25	1.29	1.25	1.29	1.27	726300
2018-12-26	1.27	1.22	1.29	1.27	440500
2018-12-27	1.27	1.27	1.31	1.31	1507200
2018-12-28	1.29	1.28	1.34	1.34	1706600
2019-01-02	1.33	1.29	1.34	1.29	481000
2019-01-03	1.3	1.28	1.34	1.31	1886000
2019-01-04	1.31	1.28	1.33	1.33	385500
2019-01-07	1.33	1.3	1.34	1.31	772800
2019-01-08	1.3	1.29	1.36	1.33	2597600
2019-01-09	1.33	1.32	1.34	1.34	715200
2019-01-10	1.34	1.31	1.34	1.32	322800
2019-01-11	1.33	1.32	1.37	1.34	2994400
2019-01-14	1.34	1.29	1.34	1.32	1271900
2019-01-15	1.32	1.3	1.33	1.32	471200
2019-01-16	1.32	1.31	1.35	1.32	1481400
2019-01-17	1.32	1.31	1.33	1.33	1341700
2019-01-18	1.33	1.32	1.34	1.33	613800
2019-01-21	1.33	1.31	1.33	1.33	815000
2019-01-22	1.34	1.33	1.37	1.34	2651300
2019-01-23	1.35	1.34	1.37	1.36	2848900
2019-01-24	1.38	1.35	1.38	1.36	2739700
2019-01-25	1.37	1.35	1.37	1.36	1050500
2019-01-28	1.35	1.35	1.37	1.37	916200
2019-01-29	1.36	1.35	1.37	1.35	404200
2019-01-30	1.35	1.35	1.44	1.42	11968900
2019-01-31	1.43	1.41	1.43	1.42	2687100
2019-02-01	1.42	1.4	1.43	1.42	2149900
2019-02-04	1.42	1.41	1.5	1.48	21258600
2019-02-05	1.48	1.46	1.51	1.49	7703600
2019-02-06	1.49	1.47	1.53	1.48	15704600
2019-02-07	1.47	1.45	1.49	1.47	3996200
2019-02-08	1.46	1.43	1.47	1.47	2981100
2019-02-11	1.47	1.45	1.48	1.46	1548700
2019-02-12	1.46	1.45	1.48	1.47	1967500
2019-02-13	1.47	1.47	1.51	1.48	4460700
2019-02-14	1.48	1.47	1.51	1.48	3141700
2019-02-15	1.49	1.45	1.49	1.46	2567500
2019-02-18	1.47	1.45	1.47	1.46	750900
2019-02-20	1.47	1.45	1.48	1.47	668400
2019-02-21	1.46	1.43	1.47	1.45	2695900
2019-02-22	1.44	1.43	1.46	1.46	1368700
2019-02-25	1.46	1.41	1.46	1.45	3449400
2019-02-26	1.45	1.42	1.45	1.42	806500
2019-02-27	1.41	1.37	1.42	1.39	2609500
2019-02-28	1.41	1.34	1.41	1.35	2661600
2019-03-01	1.35	1.34	1.38	1.34	1706100
2019-03-04	1.35	1.33	1.35	1.34	431900
2019-03-05	1.34	1.34	1.36	1.34	705600
2019-03-06	1.35	1.33	1.38	1.35	3446100
2019-03-07	1.36	1.34	1.36	1.35	403800
2019-03-08	1.34	1.33	1.35	1.33	686900
2019-03-11	1.33	1.32	1.34	1.33	416000
2019-03-12	1.33	1.31	1.34	1.32	344100
2019-03-13	1.33	1.31	1.33	1.32	389800
2019-03-14	1.33	1.31	1.33	1.32	355800
2019-03-15	1.32	1.31	1.32	1.31	666600
2019-03-18	1.32	1.27	1.33	1.28	2389700
2019-03-19	1.29	1.27	1.31	1.28	1787000
2019-03-20	1.29	1.29	1.3	1.29	428900
2019-03-21	1.3	1.29	1.3	1.29	331200
2019-03-22	1.29	1.28	1.31	1.29	460500
2019-03-25	1.29	1.27	1.29	1.29	297500
2019-03-26	1.29	1.29	1.32	1.32	995800
2019-03-27	1.33	1.3	1.33	1.32	500900
2019-03-28	1.31	1.3	1.32	1.32	237300
2019-03-29	1.32	1.31	1.32	1.32	703900
2019-04-01	1.32	1.3	1.32	1.31	495300
2019-04-02	1.31	1.3	1.32	1.32	301400
2019-04-03	1.33	1.31	1.33	1.33	390000
2019-04-04	1.33	1.29	1.33	1.31	576500
2019-04-05	1.31	1.29	1.31	1.3	237900
2019-04-09	1.3	1.3	1.31	1.31	118400
2019-04-10	1.3	1.3	1.31	1.31	196600
2019-04-11	1.3	1.29	1.31	1.31	544100
2019-04-12	1.31	1.3	1.31	1.31	54900
2019-04-17	1.32	1.3	1.32	1.32	797400
2019-04-18	1.32	1.31	1.32	1.31	115700
2019-04-19	1.31	1.29	1.31	1.31	432300
2019-04-22	1.3	1.3	1.31	1.31	656800
2019-04-23	1.32	1.31	1.39	1.39	14252400
2019-04-24	1.35	1.34	1.37	1.36	5932700
2019-04-25	1.36	1.33	1.36	1.34	1742400
2019-04-26	1.33	1.3	1.33	1.31	1222300
2019-04-29	1.32	1.32	1.35	1.34	1596200
2019-04-30	1.34	1.32	1.34	1.33	585300
2019-05-02	1.32	1.31	1.33	1.32	498700
2019-05-03	1.33	1.3	1.33	1.33	991500
2019-05-07	1.32	1.31	1.32	1.32	159100
2019-05-08	1.31	1.3	1.32	1.32	437000
2019-05-09	1.31	1.31	1.34	1.33	1522800
2019-05-10	1.33	1.33	1.37	1.37	4646200
2019-05-13	1.33	1.24	1.35	1.28	9244200
2019-05-14	1.26	1.24	1.29	1.26	797600
2019-05-15	1.26	1.24	1.29	1.26	842500
2019-05-16	1.24	1.2	1.26	1.25	1300900
2019-05-17	1.24	1.23	1.27	1.26	538500
2019-05-21	1.25	1.25	1.27	1.27	852100
2019-05-22	1.27	1.27	1.28	1.28	471700
2019-05-23	1.28	1.26	1.28	1.28	258300
2019-05-24	1.28	1.25	1.3	1.3	1230000
2019-05-27	1.3	1.29	1.34	1.34	2311400
2019-05-28	1.34	1.32	1.34	1.32	1338800
2019-05-29	1.32	1.3	1.32	1.31	444900
2019-05-30	1.31	1.28	1.31	1.31	256100
2019-05-31	1.31	1.29	1.31	1.3	117900
2019-06-04	1.3	1.28	1.3	1.3	260900
2019-06-05	1.31	1.3	1.31	1.31	426600
2019-06-06	1.3	1.29	1.31	1.31	768300
2019-06-07	1.31	1.29	1.31	1.31	658800
2019-06-10	1.31	1.29	1.31	1.31	329800
2019-06-11	1.31	1.29	1.31	1.31	395100
2019-06-12	1.3	1.29	1.31	1.29	438200
2019-06-13	1.28	1.28	1.33	1.3	3037300
2019-06-14	1.31	1.3	1.32	1.3	1159200
2019-06-17	1.31	1.3	1.31	1.3	435000
2019-06-18	1.3	1.29	1.3	1.3	212700
2019-06-19	1.3	1.29	1.31	1.3	578000
2019-06-20	1.3	1.3	1.31	1.31	351600
2019-06-21	1.31	1.3	1.31	1.31	466300
2019-06-24	1.3	1.28	1.31	1.28	656400
2019-06-25	1.28	1.28	1.3	1.29	115900
2019-06-26	1.29	1.29	1.3	1.3	143300
2019-06-27	1.3	1.29	1.33	1.32	1654500
2019-06-28	1.32	1.3	1.32	1.32	530900
2019-07-01	1.32	1.3	1.32	1.31	347000
2019-07-02	1.3	1.28	1.3	1.29	1166900
2019-07-03	1.3	1.29	1.3	1.29	463900
2019-07-04	1.29	1.29	1.34	1.31	7682100
2019-07-05	1.32	1.32	1.36	1.33	6640800
2019-07-08	1.34	1.31	1.34	1.32	2169600
2019-07-09	1.33	1.31	1.33	1.31	422200
2019-07-10	1.33	1.31	1.33	1.31	354900
2019-07-11	1.31	1.27	1.31	1.29	3092100
2019-07-12	1.3	1.29	1.3	1.29	347900
2019-07-15	1.28	1.28	1.3	1.29	246200
2019-07-17	1.35	1.31	1.35	1.32	2961000
2019-07-18	1.31	1.31	1.32	1.32	334300
2019-07-19	1.32	1.31	1.32	1.32	381400
2019-07-22	1.32	1.31	1.32	1.31	303100
2019-07-23	1.31	1.31	1.32	1.32	251300
2019-07-24	1.32	1.31	1.32	1.32	12000
2019-07-25	1.31	1.31	1.32	1.32	221000
2019-07-26	1.31	1.3	1.32	1.31	132900
2019-07-30	1.31	1.29	1.31	1.3	401300
2019-07-31	1.3	1.29	1.31	1.31	288100
2019-08-01	1.3	1.29	1.31	1.3	282300
2019-08-02	1.28	1.27	1.29	1.29	1095200
2019-08-05	1.3	1.27	1.3	1.28	665700
2019-08-06	1.28	1.27	1.28	1.28	455900
2019-08-07	1.28	1.27	1.28	1.28	269900
2019-08-08	1.28	1.26	1.28	1.27	750700
2019-08-09	1.27	1.27	1.28	1.28	765800
2019-08-13	1.28	1.26	1.28	1.28	327300
2019-08-14	1.28	1.26	1.28	1.28	237800
2019-08-15	1.25	1.24	1.25	1.24	657800
2019-08-16	1.24	1.24	1.27	1.27	376100
2019-08-19	1.27	1.25	1.28	1.27	494400
2019-08-20	1.27	1.25	1.27	1.26	212300
2019-08-21	1.26	1.25	1.26	1.25	81700
2019-08-22	1.25	1.24	1.25	1.25	169300
2019-08-23	1.25	1.24	1.26	1.26	221500
2019-08-26	1.24	1.23	1.25	1.24	544300
2019-08-27	1.24	1.22	1.24	1.24	288000
2019-08-28	1.23	1.23	1.25	1.23	305600
2019-08-29	1.24	1.23	1.27	1.26	498300
2019-08-30	1.26	1.24	1.26	1.25	253000
2019-09-02	1.25	1.23	1.26	1.25	153800
2019-09-03	1.25	1.25	1.31	1.29	4053800
2019-09-04	1.31	1.28	1.32	1.29	2235300
2019-09-05	1.29	1.27	1.3	1.28	382300
2019-09-06	1.29	1.25	1.29	1.27	707400
2019-09-09	1.28	1.25	1.28	1.26	329800
2019-09-10	1.25	1.25	1.26	1.25	232200
2019-09-11	1.27	1.26	1.27	1.26	118200
2019-09-12	1.27	1.25	1.27	1.26	140600
2019-09-13	1.26	1.25	1.27	1.27	77100
2019-09-16	1.26	1.25	1.27	1.25	124500
2019-09-17	1.25	1.25	1.27	1.25	27000
2019-09-18	1.26	1.24	1.26	1.25	71000
2019-09-19	1.26	1.24	1.26	1.26	153300
2019-09-20	1.26	1.23	1.26	1.25	100300
2019-09-23	1.24	1.24	1.25	1.25	16500
2019-09-24	1.24	1.23	1.25	1.24	225300
2019-09-25	1.24	1.23	1.25	1.25	31100
2019-09-26	1.28	1.23	1.28	1.24	127800
2019-09-27	1.24	1.24	1.25	1.25	54400
2019-09-30	1.24	1.24	1.25	1.25	113000
2019-10-01	1.26	1.24	1.26	1.25	30500
2019-10-02	1.25	1.22	1.25	1.24	380600
2019-10-03	1.24	1.22	1.25	1.25	155500
2019-10-04	1.25	1.22	1.25	1.24	174700
2019-10-07	1.24	1.22	1.24	1.24	76700
2019-10-08	1.24	1.24	1.25	1.24	17400
2019-10-09	1.24	1.21	1.24	1.22	510700
2019-10-10	1.22	1.21	1.23	1.21	247700
2019-10-11	1.21	1.18	1.22	1.21	1341800
2019-10-15	1.21	1.18	1.22	1.19	607900
2019-10-16	1.19	1.19	1.22	1.2	675000
2019-10-17	1.2	1.2	1.22	1.21	438900
2019-10-18	1.21	1.21	1.21	1.21	43600
2019-10-21	1.21	1.19	1.22	1.2	315500
2019-10-22	1.19	1.19	1.2	1.2	63100
2019-10-24	1.2	1.19	1.2	1.2	125700
2019-10-25	1.19	1.18	1.2	1.2	181400
2019-10-28	1.19	1.17	1.19	1.18	130600
2019-10-29	1.17	1.14	1.18	1.17	48300
2019-10-30	1.17	1.17	1.18	1.18	21400
2019-10-31	1.18	1.18	1.24	1.23	475500
2019-11-01	1.22	1.17	1.22	1.18	156500
2019-11-04	1.17	1.17	1.19	1.18	43800
2019-11-05	1.19	1.17	1.19	1.19	91500
2019-11-06	1.19	1.18	1.19	1.19	37500
2019-11-07	1.19	1.18	1.2	1.18	265100
2019-11-08	1.19	1.17	1.22	1.2	610100
2019-11-11	1.19	1.12	1.2	1.16	1436300
2019-11-12	1.15	1.15	1.16	1.16	147500
2019-11-13	1.16	1.14	1.16	1.16	92500
2019-11-14	1.16	1.03	1.16	1.08	2294600
2019-11-15	1.07	1.02	1.09	1.03	407700
2019-11-18	1.04	0.98	1.1	1.01	2500400
2019-11-19	1.02	1.0	1.06	1.03	491600
2019-11-20	1.03	1.02	1.04	1.02	11200
2019-11-21	1.02	1.0	1.04	1.04	164900
2019-11-22	1.02	1.02	1.03	1.03	87500
2019-11-25	1.03	1.02	1.03	1.02	321600
2019-11-26	1.03	1.02	1.04	1.02	74000
2019-11-27	1.03	1.02	1.04	1.04	105500
2019-11-28	1.03	1.02	1.04	1.04	73200
2019-11-29	1.04	1.02	1.04	1.04	89300
2019-12-02	1.04	1.01	1.04	1.02	220100
2019-12-03	1.02	1.01	1.03	1.03	16400
2019-12-04	1.02	1.01	1.02	1.01	21200
2019-12-06	1.02	1.01	1.02	1.02	76500
2019-12-09	1.04	1.02	1.06	1.04	440200
2019-12-11	1.04	1.01	1.04	1.02	191700
2019-12-12	1.02	1.0	1.03	1.02	240900
2019-12-13	1.03	1.02	1.03	1.02	84000
2019-12-16	1.02	1.01	1.02	1.01	78700
2019-12-17	1.02	1.0	1.02	1.0	178800
2019-12-18	1.01	0.99	1.02	1.0	89600
2019-12-19	0.99	0.99	1.0	1.0	132800
2019-12-20	1.0	0.99	1.01	1.0	229700
2019-12-23	1.0	0.99	1.0	1.0	94300
2019-12-24	1.0	1.0	1.08	1.0	7375400
2019-12-25	1.01	1.0	1.03	1.0	422300
2019-12-26	1.01	1.0	1.02	1.01	161400
2019-12-27	1.0	1.0	1.02	1.01	93200
2019-12-30	1.0	1.0	1.05	1.03	919500
2020-01-02	1.03	1.02	1.04	1.03	233800
2020-01-03	1.04	1.02	1.04	1.03	89000
2020-01-06	1.02	0.99	1.02	1.0	351200
2020-01-07	1.0	1.0	1.01	1.0	204200
2020-01-08	0.99	0.96	0.99	0.97	1074300
2020-01-09	0.97	0.97	0.99	0.99	183200
2020-01-10	0.98	0.97	0.99	0.99	160000
2020-01-13	0.99	0.98	0.99	0.99	60600
2020-01-14	0.99	0.97	0.99	0.99	316000
2020-01-15	0.99	0.97	0.99	0.99	89800
2020-01-16	0.99	0.98	0.99	0.99	55400
2020-01-17	0.99	0.99	1.01	1.01	219400
2020-01-20	1.01	0.98	1.01	0.99	31700
2020-01-21	1.0	0.97	1.0	0.97	171300
2020-01-22	0.97	0.95	0.97	0.97	133800
2020-01-23	0.97	0.96	0.97	0.97	130200
2020-01-24	0.97	0.96	0.97	0.97	74200
2020-01-27	0.96	0.94	0.97	0.97	340300
2020-01-28	0.96	0.95	0.97	0.97	43300
2020-01-29	0.97	0.95	0.97	0.97	130100
2020-01-30	0.96	0.95	0.97	0.97	67200
2020-01-31	0.95	0.93	0.96	0.96	389200
2020-02-03	0.95	0.93	0.96	0.96	178200
2020-02-04	0.94	0.94	0.96	0.96	29100
2020-02-05	0.95	0.95	0.96	0.96	94400
2020-02-06	0.96	0.96	0.96	0.96	36700
2020-02-07	0.96	0.96	0.96	0.96	65000
2020-02-11	0.96	0.96	0.97	0.97	25200
2020-02-12	0.96	0.96	0.97	0.97	44800
2020-02-13	0.96	0.93	0.97	0.96	51100
2020-02-14	0.96	0.95	0.96	0.96	20300
2020-02-17	0.96	0.95	0.97	0.96	200900
2020-02-18	0.96	0.96	0.96	0.96	33000
2020-02-19	0.96	0.95	0.97	0.96	25300
2020-02-20	0.96	0.95	0.96	0.95	48600
2020-02-21	0.95	0.92	0.95	0.95	194200
2020-02-24	0.94	0.87	0.94	0.94	629800
2020-02-25	0.92	0.92	0.95	0.95	214400
2020-02-26	0.95	0.92	0.95	0.95	102700
2020-02-27	0.93	0.92	0.95	0.94	247000
2020-02-28	0.95	0.93	0.95	0.94	355000
2020-03-02	0.93	0.91	0.93	0.92	59300
2020-03-03	0.92	0.88	0.93	0.92	163900
2020-03-04	0.92	0.92	0.92	0.92	12500
2020-03-05	0.91	0.9	0.93	0.93	12600
2020-03-06	0.92	0.92	0.93	0.93	67300
2020-03-09	0.92	0.81	0.92	0.87	745300
2020-03-10	0.84	0.84	0.89	0.87	230900
2020-03-11	0.87	0.87	0.92	0.9	387000
2020-03-12	0.86	0.83	0.87	0.84	368500
2020-03-13	0.85	0.75	0.85	0.84	426100
2020-03-16	0.82	0.82	0.86	0.83	664900
2020-03-17	0.85	0.83	0.85	0.84	40200
2020-03-18	0.85	0.83	0.86	0.84	81100
2020-03-19	0.81	0.8	0.85	0.85	111000
2020-03-20	0.86	0.84	0.88	0.84	83800
2020-03-23	0.83	0.76	0.86	0.76	497500
2020-03-24	0.76	0.76	0.79	0.77	46300
2020-03-25	0.8	0.77	0.8	0.77	72400
2020-03-26	0.79	0.75	0.79	0.77	46700
2020-03-27	0.79	0.77	0.81	0.77	384900
2020-03-30	0.78	0.77	0.8	0.79	175600
2020-03-31	0.78	0.78	0.8	0.79	514200
2020-04-01	0.79	0.78	0.79	0.78	182700
2020-04-02	0.78	0.76	0.79	0.77	398000
2020-04-03	0.77	0.77	0.78	0.78	314000
2020-04-07	0.78	0.78	0.82	0.79	738000
2020-04-08	0.78	0.77	0.8	0.79	372500
2020-04-09	0.79	0.79	0.83	0.8	481500
2020-04-10	0.8	0.8	0.82	0.81	245200
2020-04-13	0.82	0.82	0.88	0.88	1030800
2020-04-14	0.89	0.87	0.91	0.9	1116500
2020-04-15	0.91	0.89	0.91	0.91	708600
2020-04-16	0.91	0.88	0.91	0.91	686900
2020-04-17	0.91	0.9	0.96	0.93	380100
2020-04-20	0.92	0.91	0.93	0.93	122200
2020-04-21	0.93	0.9	0.93	0.93	199000
2020-04-22	0.93	0.92	0.95	0.94	137900
2020-04-23	0.95	0.95	1.02	1.01	2232900
2020-04-24	1.01	0.99	1.05	1.04	1435500
2020-04-27	1.04	1.0	1.04	1.01	824700
2020-04-28	1.01	1.0	1.06	1.03	1755200
2020-04-29	0.99	0.99	1.02	1.01	1435000
2020-04-30	1.0	1.0	1.01	1.01	388800
2020-05-05	0.99	0.98	1.0	0.98	200400
2020-05-07	0.97	0.97	1.0	0.99	206400
2020-05-08	0.96	0.96	1.01	1.01	535400
2020-05-11	1.01	0.99	1.01	1.01	244200
2020-05-12	1.01	1.0	1.04	1.04	612300
2020-05-13	1.04	1.04	1.08	1.07	970600
2020-05-14	1.09	1.05	1.09	1.05	285500
2020-05-15	1.06	1.04	1.06	1.05	163900
2020-05-18	1.04	1.03	1.05	1.04	154300
2020-05-19	1.04	1.0	1.05	1.04	570200
2020-05-20	1.03	1.0	1.03	1.0	575500
2020-05-21	1.01	1.0	1.01	1.01	244400
2020-05-22	1.01	1.0	1.04	1.0	1126000
2020-05-25	1.01	1.01	1.09	1.09	5476000
2020-05-26	1.13	1.08	1.14	1.08	4132700
2020-05-27	1.1	1.05	1.1	1.08	438600
2020-05-28	1.06	1.06	1.09	1.08	296100
2020-05-29	1.06	1.05	1.08	1.07	630300
2020-06-01	1.08	1.05	1.09	1.06	342200
2020-06-02	1.06	1.04	1.06	1.06	553600
2020-06-04	1.06	1.04	1.07	1.06	349000
2020-06-05	1.07	1.05	1.07	1.07	770800
2020-06-08	1.09	1.05	1.09	1.05	469200
2020-06-09	1.05	1.02	1.07	1.02	730000
2020-06-10	1.02	1.02	1.04	1.04	268700
2020-06-11	1.05	1.02	1.05	1.03	219800
2020-06-12	1.02	1.0	1.04	1.04	598500
2020-06-15	1.02	1.02	1.03	1.03	125900
2020-06-16	1.03	1.02	1.04	1.04	489300
2020-06-17	1.05	1.02	1.05	1.04	299100
2020-06-18	1.03	1.03	1.04	1.04	41100
2020-06-19	1.04	1.03	1.05	1.05	170300
2020-06-22	1.05	1.02	1.05	1.02	281000
2020-06-23	1.04	1.02	1.04	1.02	81300
2020-06-24	1.02	1.02	1.07	1.03	907000
2020-06-25	1.04	1.0	1.04	1.01	404600
2020-06-26	1.04	1.01	1.04	1.04	221300
2020-06-29	1.0	1.0	1.03	1.01	115700
2020-06-30	1.01	1.01	1.03	1.03	364300
2020-07-01	1.02	1.02	1.05	1.04	415200
2020-07-02	1.04	1.04	1.05	1.05	323600
2020-07-03	1.05	1.04	1.05	1.05	242400
2020-07-07	1.05	1.04	1.06	1.05	126000
2020-07-08	1.04	1.0	1.05	1.02	1826300
2020-07-09	1.02	1.0	1.04	1.04	799400
2020-07-10	1.04	1.02	1.04	1.04	271600
2020-07-13	1.05	1.01	1.06	1.02	559500
2020-07-14	1.01	1.01	1.03	1.03	239900
2020-07-15	1.03	1.0	1.03	1.03	207900
2020-07-16	1.03	0.99	1.03	1.02	396600
2020-07-17	1.02	1.01	1.03	1.03	271400
2020-07-20	1.03	1.01	1.03	1.03	35900
2020-07-21	1.03	1.03	1.04	1.03	75100
2020-07-22	1.04	1.03	1.04	1.04	86200
2020-07-23	1.04	1.02	1.04	1.03	59700
2020-07-24	1.02	1.01	1.03	1.03	108600
2020-07-29	1.03	1.0	1.04	1.04	245400
2020-07-30	1.03	1.01	1.03	1.02	205500
2020-07-31	1.02	1.01	1.08	1.08	3723600
2020-08-03	1.06	1.05	1.22	1.18	16169000
2020-08-04	1.18	1.14	1.18	1.14	4084900
2020-08-05	1.15	1.14	1.17	1.15	2322500
2020-08-06	1.15	1.11	1.15	1.13	939100
2020-08-07	1.11	1.09	1.15	1.14	796900
2020-08-10	1.14	1.07	1.14	1.12	749600
2020-08-11	1.1	1.1	1.14	1.12	554300
2020-08-13	1.05	1.03	1.07	1.04	2055300
2020-08-14	1.02	1.02	1.04	1.03	222400
2020-08-17	1.02	1.0	1.03	1.01	460300
2020-08-18	1.02	1.01	1.04	1.03	159800
2020-08-19	1.03	1.01	1.03	1.03	106300
2020-08-20	1.01	1.0	1.02	1.02	111100
2020-08-21	1.02	1.02	1.03	1.03	158000
2020-08-24	1.04	1.02	1.06	1.05	370700
2020-08-25	1.05	1.05	1.06	1.05	256200
2020-08-26	1.05	1.04	1.06	1.06	259000
2020-08-27	1.06	1.04	1.06	1.06	145200
2020-08-28	1.09	1.07	1.1	1.07	1176400
2020-08-31	1.08	1.06	1.1	1.09	354900
2020-09-01	1.09	1.08	1.09	1.09	69300
2020-09-02	1.09	1.07	1.2	1.16	1471600
2020-09-03	1.19	1.1	1.19	1.12	4699100
2020-09-08	1.1	1.06	1.1	1.07	450300
2020-09-09	1.03	1.03	1.06	1.03	241300
2020-09-10	1.04	1.03	1.07	1.04	746700
2020-09-11	1.03	1.03	1.05	1.04	298300
2020-09-14	1.03	1.03	1.05	1.03	468000
2020-09-15	1.03	1.03	1.05	1.04	271200
2020-09-16	1.05	1.03	1.05	1.03	127200
2020-09-17	1.04	1.03	1.04	1.04	146400
2020-09-18	1.04	1.03	1.04	1.04	12900
2020-09-21	1.04	1.03	1.04	1.04	21200
2020-09-22	1.03	1.03	1.04	1.04	56200
2020-09-23	1.04	1.02	1.04	1.03	555700
2020-09-24	1.03	1.02	1.03	1.03	95000
2020-09-25	1.04	1.03	1.04	1.03	11100
2020-09-28	1.02	1.02	1.04	1.04	76700
2020-09-29	1.04	1.03	1.05	1.05	220400
2020-09-30	1.04	1.0	1.04	1.03	357600
2020-10-01	1.02	1.01	1.03	1.03	107600
2020-10-02	1.03	1.01	1.03	1.03	295600
2020-10-05	1.03	1.02	1.04	1.04	23000
2020-10-06	1.02	1.0	1.05	1.05	608900
2020-10-07	1.05	1.04	1.06	1.05	253000
2020-10-08	1.05	1.04	1.07	1.07	477600
2020-10-09	1.07	1.07	1.11	1.11	1176400
2020-10-12	1.1	1.1	1.23	1.23	16073200
2020-10-14	1.27	1.27	1.32	1.3	12554700
2020-10-15	1.28	1.25	1.31	1.28	4383500
2020-10-16	1.28	1.22	1.28	1.25	1366000
2020-10-19	1.22	1.17	1.24	1.19	919900
2020-10-20	1.19	1.18	1.21	1.2	161400
2020-10-21	1.21	1.21	1.26	1.26	485800
2020-10-22	1.26	1.26	1.29	1.28	1638200
2020-10-26	1.28	1.24	1.29	1.28	894900
2020-10-27	1.26	1.26	1.28	1.26	116100
2020-10-28	1.27	1.26	1.29	1.27	595100
2020-10-29	1.29	1.25	1.29	1.26	61100
2020-10-30	1.26	1.25	1.27	1.26	97900
2020-11-02	1.25	1.22	1.25	1.24	160000
2020-11-03	1.24	1.21	1.24	1.23	137500
2020-11-04	1.23	1.18	1.24	1.21	281900
2020-11-05	1.23	1.23	1.25	1.24	850500
2020-11-06	1.24	1.19	1.24	1.23	886000
2020-11-09	1.24	1.24	1.3	1.29	811900
2020-11-10	1.3	1.22	1.3	1.26	715500
2020-11-11	1.25	1.24	1.29	1.26	1199600
2020-11-12	1.29	1.26	1.29	1.28	479500
2020-11-13	1.29	1.26	1.29	1.29	253500
2020-11-16	1.29	1.27	1.29	1.29	418000
2020-11-17	1.26	1.24	1.28	1.28	69900
2020-11-18	1.27	1.27	1.29	1.28	541200
2020-11-19	1.28	1.28	1.34	1.3	6291700
2020-11-20	1.33	1.29	1.36	1.32	7604200
2020-11-23	1.34	1.29	1.34	1.32	2894000
2020-11-24	1.32	1.28	1.32	1.32	1075800
2020-11-25	1.33	1.3	1.33	1.33	1071800
2020-11-26	1.32	1.3	1.33	1.31	408400
2020-11-27	1.3	1.3	1.32	1.3	692800
2020-11-30	1.32	1.28	1.34	1.32	2436000
2020-12-01	1.33	1.31	1.35	1.32	1659300
2020-12-02	1.33	1.31	1.35	1.32	1826900
2020-12-03	1.32	1.32	1.34	1.33	940500
2020-12-04	1.43	1.42	1.54	1.53	32703700
2020-12-08	1.6	1.57	1.67	1.62	18764500
2020-12-09	1.66	1.59	1.66	1.63	7400500
2020-12-14	1.71	1.61	1.71	1.62	25254300
2020-12-15	1.66	1.53	1.66	1.54	20734400
2020-12-16	1.56	1.53	1.56	1.54	4260500
2020-12-17	1.55	1.54	1.65	1.65	15856200
2020-12-18	1.65	1.6	1.66	1.6	8240700
2020-12-21	1.51	1.5	1.59	1.5	8759500
2020-12-22	1.49	1.43	1.53	1.51	4396200
2020-12-23	1.51	1.51	1.58	1.53	4364200
2020-12-24	1.54	1.52	1.56	1.53	1955700
2020-12-25	1.55	1.52	1.62	1.54	10064500
2020-12-28	1.55	1.53	1.57	1.53	2502000
2020-12-29	1.52	1.5	1.54	1.5	2989700
2020-12-30	1.5	1.43	1.52	1.52	3374900
2021-01-04	1.46	1.45	1.52	1.5	2154000
2021-01-05	1.51	1.5	1.55	1.53	3132600
2021-01-06	1.55	1.53	1.65	1.65	23941800
2021-01-07	1.68	1.59	1.68	1.59	12118000
2021-01-08	1.61	1.57	1.65	1.59	8477200
2021-01-11	1.59	1.59	1.64	1.62	4124900
2021-01-12	1.63	1.62	1.79	1.76	58155600
2021-01-13	1.77	1.71	1.77	1.74	23565100
2021-01-14	1.75	1.69	1.77	1.71	12018600
2021-01-15	1.72	1.69	1.74	1.74	7537800
2021-01-18	1.75	1.74	1.85	1.85	40270000
2021-01-19	1.87	1.8	1.88	1.83	12299200
2021-01-20	1.84	1.79	1.84	1.81	6640500
2021-01-21	1.82	1.7	1.86	1.8	24939500
2021-01-22	1.8	1.73	1.8	1.77	8449800
2021-01-25	1.78	1.75	1.79	1.78	3834900
2021-01-26	1.81	1.77	1.84	1.8	18535200
2021-01-27	1.79	1.78	1.95	1.92	63510600
2021-01-28	1.88	1.8	1.91	1.8	32186900
2021-01-29	1.83	1.81	1.86	1.84	11742800
2021-02-01	1.88	1.87	2.02	2.0	57316300
2021-02-02	2.04	1.96	2.06	2.0	23445700
2021-02-03	2.04	2.04	2.3	2.26	71024300
2021-02-04	2.24	2.2	2.3	2.3	16113000
2021-02-05	2.3	2.24	2.36	2.26	12548000
2021-02-08	2.26	2.24	2.34	2.28	8359300
2021-02-09	2.28	2.24	2.32	2.26	7613300
2021-02-10	2.28	2.28	2.44	2.3	35897300
2021-02-11	2.3	2.28	2.32	2.3	4245800
2021-02-15	2.3	2.28	2.34	2.3	6464600
2021-02-16	2.34	2.32	2.44	2.42	20607900
2021-02-17	2.44	2.36	2.5	2.46	21675000
2021-02-18	2.52	2.46	2.54	2.48	12973100
2021-02-19	2.48	2.46	2.8	2.76	28920600
2021-02-22	2.86	2.8	2.94	2.9	25893500
2021-02-23	3.0	2.7	3.04	2.76	60086600
2021-02-24	2.82	2.74	2.9	2.8	18791100
2021-02-25	2.84	2.78	2.86	2.78	8473500
2021-03-01	2.74	2.6	2.78	2.72	6834600
2021-03-02	2.74	2.7	2.78	2.74	5539500
2021-03-03	2.74	2.74	2.84	2.76	8539000
2021-03-04	2.78	2.74	2.82	2.8	11181700
2021-03-05	2.78	2.66	2.8	2.76	22572300
2021-03-08	2.4	2.4	2.64	2.6	20878500
2021-03-09	2.6	2.58	2.74	2.74	16434900
2021-03-10	2.74	2.66	2.76	2.72	7892900
2021-03-11	2.72	2.64	2.74	2.64	8878800
2021-03-12	2.66	2.64	2.7	2.64	6151100
2021-03-15	2.64	2.58	2.66	2.6	4017500
2021-03-16	2.62	2.62	2.7	2.64	7013700
2021-03-17	2.66	2.66	2.76	2.7	10981900
2021-03-18	2.72	2.68	2.78	2.72	8289800
2021-03-19	2.72	2.66	2.74	2.7	4341000
2021-03-22	2.72	2.66	3.24	3.2	77589700
2021-03-23	3.28	3.14	3.42	3.26	61138700
2021-03-24	3.2	3.18	3.32	3.26	15433800
2021-03-25	3.28	3.14	3.28	3.14	9760200
2021-03-26	3.16	2.96	3.18	3.0	15566700
2021-03-29	3.1	3.02	3.14	3.14	8528500
2021-03-30	3.14	3.06	3.16	3.06	5822900
2021-03-31	3.08	3.04	3.12	3.08	3359600
2021-04-01	3.1	3.06	3.2	3.1	11458100
2021-04-02	3.12	3.12	3.42	3.3	47672100
2021-04-05	3.34	3.18	3.36	3.22	18230200
2021-04-07	3.28	3.1	3.48	3.1	64730800
2021-04-08	3.12	3.12	3.24	3.16	14095800
2021-04-09	3.18	3.12	3.2	3.14	5273800
2021-04-12	3.12	3.04	3.16	3.08	5228300
2021-04-16	3.04	2.88	3.04	3.0	7625400
2021-04-19	3.0	3.0	3.2	3.18	9603400
2021-04-20	3.2	3.14	3.22	3.18	7357400
2021-04-21	3.18	3.18	3.3	3.3	19174100
2021-04-22	3.46	3.2	3.46	3.2	33429000
2021-04-23	3.24	3.16	3.24	3.2	10063900
2021-04-26	3.18	3.12	3.28	3.24	12380900
2021-04-27	3.3	3.2	3.3	3.2	8058800
2021-04-28	3.36	3.3	3.38	3.3	27766000
2021-04-29	3.32	3.28	3.34	3.3	9002300
2021-04-30	3.32	3.3	3.52	3.36	81180700
2021-05-05	3.4	3.3	3.42	3.3	17220100
2021-05-06	3.32	3.16	3.34	3.18	20227700
2021-05-07	3.22	3.2	3.28	3.22	9241300
2021-05-10	3.26	3.2	3.3	3.22	14660200
2021-05-11	3.24	3.22	3.38	3.26	19837600
2021-05-12	3.28	3.24	3.38	3.3	19774500
2021-05-13	3.36	3.14	3.94	3.52	273916600
2021-05-14	3.8	3.5	3.82	3.5	82425900
2021-05-17	3.42	3.22	3.42	3.22	37754000
2021-05-18	3.28	3.24	3.34	3.26	28292400
2021-05-19	3.28	3.24	3.34	3.28	10947500
2021-05-20	3.3	3.26	3.52	3.34	43503400
2021-05-21	3.4	3.36	3.52	3.4	63859700
2021-05-24	3.42	3.4	3.48	3.44	18074600
2021-05-25	3.46	3.46	3.56	3.5	31111700
2021-05-27	3.56	3.5	3.64	3.52	27318300
2021-05-28	3.52	3.46	3.58	3.48	22663800
2021-05-31	3.52	3.5	3.88	3.84	99557000
2021-06-01	3.94	3.94	4.86	4.3	204378400
2021-06-02	4.32	4.32	4.44	4.36	39655000
2021-06-04	4.48	4.4	4.68	4.5	41381500
2021-06-07	4.48	4.48	4.58	4.48	16480000
2021-06-08	4.52	4.52	4.74	4.72	58377900
2021-06-09	4.76	4.56	4.86	4.58	40866500
2021-06-10	4.6	4.58	4.82	4.82	38769100
2021-06-11	4.86	4.54	4.94	4.54	72729500
2021-06-14	4.62	4.5	4.66	4.6	19248500
2021-06-15	4.56	4.54	4.62	4.6	9176800
2021-06-16	4.64	4.6	4.72	4.64	20249300
2021-06-17	4.6	4.52	4.64	4.52	10103200
2021-06-18	4.6	4.36	4.6	4.38	17643000
2021-06-21	4.3	4.22	4.5	4.46	9942600
2021-06-22	4.5	4.36	4.52	4.36	6016600
2021-06-23	4.38	4.24	4.42	4.3	6463000
2021-06-24	4.28	4.1	4.28	4.16	14269200
2021-06-25	4.16	4.16	4.36	4.24	6289600
2021-06-28	4.22	4.18	4.42	4.42	11234400
2021-06-29	4.46	4.44	4.6	4.54	27590800
2021-06-30	4.56	4.52	4.66	4.52	19131500
2021-07-01	4.56	4.46	4.56	4.5	5265800
2021-07-02	4.48	4.46	4.64	4.46	10719400
2021-07-05	4.5	4.42	4.54	4.44	5751800
2021-07-06	4.46	4.44	4.52	4.48	5871200
2021-07-07	4.46	4.44	5.05	4.8	146701400
2021-07-08	4.74	4.46	4.74	4.46	37920600
2021-07-09	4.38	4.32	4.56	4.48	25086300
2021-07-12	4.6	4.54	4.88	4.7	84149000
2021-07-13	4.78	4.64	4.9	4.88	56376000
2021-07-14	4.86	4.82	5.15	5.1	79765400
2021-07-15	5.1	4.92	5.15	4.94	52306000
2021-07-16	4.98	4.96	5.25	5.0	57597900
2021-07-19	4.96	4.88	5.1	5.0	22056400
2021-07-20	5.0	4.96	5.25	5.0	45384900
2021-07-21	5.1	5.0	5.25	5.05	44976000
2021-07-22	5.1	5.05	5.5	5.5	49638000
2021-07-23	5.55	5.25	5.55	5.25	34804400
2021-07-27	5.35	5.25	5.45	5.35	22434400
2021-07-29	5.5	5.35	5.65	5.45	34967100
2021-07-30	5.4	5.1	5.45	5.2	24451900
2021-08-02	5.2	5.1	5.3	5.25	8868500
2021-08-03	5.25	5.25	5.85	5.8	52337100
2021-08-04	5.8	5.6	6.1	5.9	42214600
2021-08-05	5.95	5.85	6.05	5.85	14043100
2021-08-06	5.95	5.65	5.95	5.8	12785300
2021-08-09	5.85	5.7	5.95	5.75	9168700
2021-08-10	5.8	5.75	5.9	5.8	6866500
2021-08-11	5.95	5.35	5.95	5.45	22955600
2021-08-13	5.5	4.72	5.65	4.98	35350100
2021-08-16	4.88	4.68	5.1	4.86	26757500
2021-08-17	4.92	4.92	5.1	5.05	17075200
2021-08-18	5.05	5.0	5.2	5.1	12386800
2021-08-19	5.1	5.05	5.3	5.2	9829900
2021-08-20	5.2	5.15	5.3	5.15	5909900
2021-08-23	5.25	5.05	5.25	5.1	10522400
2021-08-24	5.1	5.0	5.1	5.05	4278000
2021-08-25	5.05	5.05	5.15	5.1	4304500
2021-08-26	5.15	5.15	5.45	5.4	21942400
2021-08-27	5.4	5.35	5.6	5.4	17145000
2021-08-30	5.5	5.35	5.6	5.4	8785700
2021-08-31	5.45	5.25	5.45	5.25	5204400
2021-09-01	5.25	5.15	5.3	5.15	5673800
2021-09-02	5.15	5.0	5.2	5.05	7291300
2021-09-03	5.1	5.1	5.25	5.2	6147900
2021-09-06	5.2	5.15	5.3	5.2	7721800
2021-09-07	5.25	5.05	5.25	5.05	7509000
2021-09-08	5.05	5.0	5.15	5.1	3692600
2021-09-09	5.15	5.05	5.15	5.05	2697600
2021-09-10	5.15	5.05	5.15	5.1	4243500
2021-09-13	5.15	5.05	5.15	5.05	3705700
2021-09-14	5.15	5.05	5.3	5.2	12601200
2021-09-15	5.3	5.1	5.3	5.15	5896200
2021-09-16	5.15	5.1	5.2	5.1	1827300
2021-09-17	5.1	5.05	5.15	5.15	2310700
2021-09-20	5.15	5.0	5.2	5.0	5967500
2021-09-21	5.0	4.86	5.05	5.0	7807800
2021-09-22	5.0	4.96	5.05	4.98	3650600
2021-09-23	4.98	4.92	5.05	4.94	4396100
2021-09-27	4.96	4.66	4.98	4.66	14138800
2021-09-28	4.62	4.6	4.76	4.6	8796400
2021-09-29	4.58	4.52	4.7	4.6	5102800
2021-09-30	4.64	4.6	4.98	4.92	27521000
2021-10-01	4.86	4.8	4.92	4.84	15152100
2021-10-04	4.86	4.8	4.96	4.82	11842800
2021-10-05	4.84	4.68	4.88	4.74	7199300
2021-10-06	4.74	4.72	4.8	4.72	2665000
2021-10-07	4.74	4.74	4.84	4.78	6148300
2021-10-08	4.8	4.7	4.8	4.7	4432000
2021-10-11	4.72	4.66	4.74	4.68	2910200
2021-10-12	4.72	4.68	4.76	4.68	3864000
2021-10-14	4.7	4.58	4.7	4.58	6775300
2021-10-15	4.6	4.42	4.62	4.46	9183600
2021-10-18	4.46	4.18	4.46	4.32	15451200
2021-10-19	4.36	4.2	4.36	4.22	7717900
2021-10-20	4.24	4.24	4.36	4.26	5336500
2021-10-21	4.28	4.26	4.32	4.32	3762400
2021-10-25	4.3	4.26	4.32	4.26	1591900
2021-10-26	4.28	4.28	4.42	4.38	9746700
2021-10-27	4.4	4.34	4.4	4.34	2409900
2021-10-28	4.36	4.34	4.46	4.42	7467300
2021-10-29	4.4	4.34	4.42	4.34	3231500
2021-11-01	4.32	4.22	4.36	4.24	3286000
2021-11-02	4.24	4.04	4.24	4.06	8044000
2021-11-03	4.08	3.92	4.1	3.92	7360800
2021-11-04	3.92	3.92	4.14	4.12	4773700
2021-11-05	4.12	4.04	4.12	4.06	1081000
2021-11-08	4.1	4.02	4.14	4.02	1261900
2021-11-09	4.0	4.0	4.08	4.08	1395400
2021-11-10	4.1	4.1	4.5	4.2	24831100
2021-11-11	4.4	4.26	4.44	4.32	14641000
2021-11-12	4.4	4.22	4.4	4.28	7094800
2021-11-15	4.06	4.02	4.16	4.04	18334500
2021-11-16	4.08	3.94	4.08	3.96	13809500
2021-11-17	3.96	3.92	4.02	3.96	10209300
2021-11-18	3.98	3.92	4.0	3.96	7251900
2021-11-19	3.96	3.92	3.98	3.94	4438200
2021-11-22	3.94	3.8	3.94	3.86	15597900
2021-11-23	3.86	3.86	4.06	3.94	26824300
2021-11-24	3.96	3.92	4.02	3.96	11618600
2021-11-25	4.0	3.98	4.14	4.06	46431100
2021-11-26	4.04	3.96	4.06	3.96	16153700
2021-11-29	3.96	3.86	3.98	3.86	6895900
2021-11-30	3.9	3.7	3.94	3.7	12094300
2021-12-01	3.74	3.72	3.84	3.8	6138000
2021-12-02	3.76	3.74	3.8	3.78	3259400
2021-12-03	3.78	3.76	3.9	3.82	7951500
2021-12-07	3.86	3.84	3.96	3.94	8659200
2021-12-08	3.98	3.88	3.98	3.88	6214200
2021-12-09	3.9	3.88	4.02	4.0	16498100
2021-12-13	4.06	3.94	4.08	3.94	15991700
2021-12-14	3.92	3.9	4.04	3.98	9412800
2021-12-15	3.98	3.98	4.08	4.0	14653700
2021-12-16	4.06	4.02	4.14	4.1	36513300
2021-12-17	4.2	4.18	4.26	4.22	44575400
2021-12-20	4.22	4.14	4.42	4.36	74661000
2021-12-21	4.42	4.22	4.48	4.26	47112900
2021-12-22	4.3	4.3	4.64	4.64	137838300
2021-12-23	4.6	4.56	4.72	4.64	68019500
2021-12-24	4.72	4.66	4.82	4.7	48083100
2021-12-27	4.74	4.7	4.88	4.86	40756600
2021-12-28	4.9	4.48	4.9	4.58	45781300
2021-12-29	4.62	4.5	4.74	4.7	25283200
2021-12-30	4.72	4.6	4.72	4.64	11783700
2022-01-04	4.68	4.68	4.92	4.92	50675700
2022-01-05	5.0	4.98	5.15	5.1	62710400
2022-01-06	5.0	4.96	5.25	5.2	44659300
2022-01-07	5.25	5.0	5.25	5.05	24134700
2022-01-10	5.1	4.8	5.1	4.8	47132000
2022-01-11	4.82	4.82	4.92	4.86	15313900
2022-01-12	4.88	4.7	5.05	5.0	56999000
2022-01-13	5.05	4.98	5.1	4.98	20433400
2022-01-14	5.05	4.94	5.05	4.94	18591700
2022-01-17	4.92	4.82	4.94	4.82	19731100
2022-01-18	4.84	4.8	4.92	4.82	12317900
2022-01-19	4.76	4.62	4.8	4.68	29301700
2022-01-20	4.72	4.48	4.76	4.52	22129900
2022-01-21	4.46	4.42	4.56	4.5	17045500
2022-01-24	4.44	4.18	4.48	4.18	23026200
2022-01-25	4.2	4.2	4.32	4.24	9870900
2022-01-26	4.26	4.1	4.3	4.1	9967000
2022-01-27	4.02	3.98	4.22	4.22	12885700
2022-01-28	4.28	4.14	4.28	4.14	4987100
2022-01-31	4.2	4.18	4.36	4.34	8191400
2022-02-01	4.34	4.28	4.36	4.34	7229400
2022-02-02	4.36	4.32	4.38	4.36	3743400
2022-02-03	4.32	4.2	4.34	4.22	9877900
2022-02-04	4.22	4.2	4.26	4.22	3023800
2022-02-07	4.24	4.16	4.26	4.24	3978400
2022-02-08	4.22	4.2	4.3	4.24	4430400
2022-02-09	4.26	4.16	4.28	4.16	4363400
2022-02-10	4.16	4.08	4.2	4.08	6612800
2022-02-11	4.04	4.04	4.18	4.1	6920100
2022-02-14	4.08	4.0	4.1	4.02	5328500
2022-02-15	4.04	4.04	4.16	4.14	6095000
2022-02-17	4.14	4.12	4.18	4.18	4689200
2022-02-18	4.14	4.08	4.16	4.12	4750500
2022-02-21	4.18	4.14	4.56	4.48	71915200
2022-02-22	4.38	4.36	4.58	4.54	45082700
2022-02-23	4.64	4.44	4.64	4.46	29351300
2022-02-24	4.44	4.1	4.44	4.12	23448000
2022-02-25	4.26	4.2	4.32	4.26	8359400
2022-02-28	4.24	4.16	4.26	4.24	3939900
2022-03-01	4.3	4.24	4.36	4.34	8620700
2022-03-02	4.28	4.22	4.3	4.28	5787500
2022-03-03	4.28	4.22	4.3	4.28	3759100
2022-03-04	4.24	4.16	4.24	4.16	6418600
2022-03-07	4.04	3.9	4.08	3.96	8192800
2022-03-08	3.86	3.64	3.94	3.86	9028300
2022-03-09	3.9	3.84	3.94	3.94	5212500
2022-03-10	4.0	3.92	4.06	4.0	4523500
2022-03-11	3.96	3.94	4.04	4.02	4268300
2022-03-14	4.04	3.98	4.04	4.0	2640000
2022-03-15	4.02	3.94	4.04	3.96	3396500
2022-03-16	3.96	3.94	4.0	3.96	1605700
2022-03-17	4.0	3.94	4.02	3.96	2976900
2022-03-18	3.98	3.94	4.0	3.98	3372100
2022-03-21	3.92	3.92	3.98	3.96	1833800
2022-03-22	3.96	3.92	3.96	3.94	1744300
2022-03-23	3.96	3.92	3.96	3.94	2280700
2022-03-24	3.94	3.88	3.94	3.92	2384200
2022-03-25	3.92	3.84	3.94	3.9	3023900
2022-03-28	3.88	3.86	3.9	3.86	1518600
2022-03-29	3.9	3.84	3.9	3.86	2302800
2022-03-30	3.88	3.84	3.94	3.88	6946300
2022-03-31	3.92	3.88	3.96	3.92	9758100
2022-04-01	3.94	3.86	3.94	3.88	6026600
2022-04-04	3.9	3.86	3.92	3.86	3208200
2022-04-05	3.86	3.8	3.88	3.8	4213000
2022-04-07	3.8	3.72	3.82	3.72	4825700
2022-04-08	3.74	3.72	3.78	3.72	2734700
2022-04-11	3.74	3.56	3.74	3.56	5649600
2022-04-12	3.56	3.5	3.66	3.62	4334900
2022-04-18	3.62	3.56	3.66	3.62	2410000
2022-04-19	3.64	3.62	3.72	3.7	2670500
2022-04-20	3.7	3.66	3.74	3.68	2095100
2022-04-21	3.72	3.68	3.86	3.78	11927300
2022-04-22	3.86	3.82	3.92	3.82	10675100
2022-04-25	3.72	3.7	3.82	3.74	4065100
2022-04-26	3.82	3.72	3.82	3.76	4220900
2022-04-27	3.76	3.7	3.78	3.72	2649700
2022-04-28	3.74	3.72	3.8	3.76	5453900
2022-04-29	3.76	3.7	3.78	3.7	2289700
2022-05-03	3.7	3.6	3.7	3.6	2483600
2022-05-05	3.62	3.58	3.66	3.58	966400
2022-05-06	3.52	3.5	3.56	3.52	3144000
2022-05-09	3.52	3.38	3.54	3.38	3270400
2022-05-10	3.36	3.28	3.46	3.4	2264800
2022-05-11	3.8	3.64	3.88	3.68	30569200
2022-05-12	3.68	3.56	3.7	3.6	5397200
2022-05-13	3.66	3.54	3.7	3.6	4013100
2022-05-17	3.66	3.6	3.74	3.7	4504500
2022-05-18	3.74	3.7	3.78	3.76	4857700
2022-05-19	3.62	3.62	3.72	3.68	3034400
2022-05-20	3.72	3.68	3.74	3.7	2711400
2022-05-23	3.72	3.68	3.78	3.68	1922000
2022-05-24	3.74	3.7	3.84	3.76	10555200
2022-05-25	3.76	3.72	3.82	3.74	6877500
2022-05-26	3.74	3.74	3.84	3.84	8047400
2022-05-27	3.92	3.76	3.94	3.8	9133500
2022-05-30	3.84	3.8	3.9	3.82	6737000
2022-05-31	3.82	3.8	3.86	3.84	2758800
2022-06-01	3.86	3.84	3.92	3.84	6495000
2022-06-02	3.84	3.84	3.92	3.9	6987800
2022-06-06	3.92	3.8	3.92	3.84	3926200
2022-06-07	3.86	3.74	3.86	3.74	4209400
2022-06-08	3.74	3.74	3.82	3.8	2634100
2022-06-09	3.82	3.74	3.84	3.76	3392100
2022-06-10	3.72	3.7	3.76	3.72	1826500
2022-06-13	3.68	3.62	3.7	3.62	3303200
2022-06-14	3.58	3.52	3.68	3.62	3280000
2022-06-15	3.6	3.6	3.68	3.6	2110800
2022-06-16	3.66	3.52	3.66	3.52	2962700
2022-06-17	3.5	3.44	3.58	3.46	2251000
2022-06-20	3.44	3.42	3.54	3.48	1671700
2022-06-21	3.5	3.5	3.56	3.56	943200
2022-06-22	3.56	3.46	3.56	3.48	1900600
2022-06-23	3.46	3.42	3.5	3.42	1374300
2022-06-24	3.42	3.42	3.48	3.42	544200
2022-06-27	3.42	3.42	3.48	3.44	1034000
2022-06-28	3.44	3.42	3.56	3.5	2105400
2022-06-29	3.56	3.5	3.58	3.5	1750300
2022-06-30	3.5	3.46	3.56	3.46	1307100
2022-07-01	3.48	3.46	3.52	3.48	545500
2022-07-04	3.48	3.4	3.52	3.42	1134700
2022-07-05	3.42	3.28	3.44	3.32	1557200
2022-07-06	3.28	3.08	3.28	3.14	3664400
2022-07-07	3.12	3.1	3.18	3.16	1223100
2022-07-08	3.16	3.12	3.2	3.14	1190300
2022-07-11	3.14	3.12	3.22	3.2	945900
2022-07-12	3.3	3.28	3.58	3.46	17968400
2022-07-14	3.4	3.24	3.48	3.28	4778700
2022-07-15	3.32	3.18	3.34	3.22	2234600
2022-07-18	3.26	3.2	3.28	3.24	1189000
2022-07-19	3.26	3.18	3.26	3.18	995400
2022-07-20	3.22	3.2	3.24	3.22	756500
2022-07-21	3.2	3.2	3.32	3.28	1462800
2022-07-22	3.26	3.24	3.3	3.28	1121100
2022-07-25	3.26	3.24	3.4	3.36	1903900
2022-07-26	3.38	3.3	3.38	3.3	1173300
2022-07-27	3.32	3.32	3.38	3.36	735100
2022-08-01	3.36	3.36	3.54	3.5	3579400
2022-08-02	3.5	3.44	3.52	3.46	2304100
2022-08-03	3.42	3.42	3.48	3.44	840100
2022-08-04	3.42	3.42	3.56	3.5	4003900
2022-08-05	3.48	3.48	3.72	3.72	11444300
2022-08-08	3.76	3.66	3.76	3.68	6579800
2022-08-09	3.7	3.66	3.72	3.7	2788400
2022-08-10	3.68	3.66	3.72	3.66	3361500
2022-08-11	3.64	3.52	3.7	3.64	4906400
2022-08-15	3.64	3.62	3.74	3.66	4060900
2022-08-16	3.68	3.64	3.72	3.66	4776000
2022-08-17	3.68	3.56	3.7	3.6	5425500
2022-08-18	3.6	3.6	3.68	3.64	2092900
2022-08-19	3.66	3.66	3.76	3.68	13875700
2022-08-22	3.7	3.68	3.82	3.8	22265200
2022-08-23	3.84	3.76	3.9	3.78	26222500
2022-08-24	3.78	3.74	3.8	3.74	4382000
2022-08-25	3.78	3.76	3.86	3.82	6106800
2022-08-26	3.82	3.74	3.84	3.76	4777200
2022-08-29	3.66	3.6	3.7	3.6	7325100
2022-08-30	3.62	3.56	3.64	3.58	3162300
2022-08-31	3.58	3.56	3.64	3.58	2443500
2022-09-01	3.6	3.48	3.6	3.48	3246300
2022-09-02	3.42	3.42	3.48	3.44	2773400
2022-09-05	3.42	3.42	3.5	3.46	1133200
2022-09-06	3.48	3.48	3.54	3.52	1083600
2022-09-07	3.54	3.52	3.56	3.52	1285300
2022-09-08	3.56	3.5	3.56	3.52	1974400
2022-09-09	3.52	3.52	3.54	3.54	784300
2022-09-12	3.54	3.54	3.64	3.62	3461900
2022-09-13	3.64	3.6	3.64	3.62	1500800
2022-09-14	3.56	3.56	3.66	3.64	2527400
2022-09-15	3.7	3.66	3.76	3.68	8086200
2022-09-16	3.68	3.56	3.68	3.58	2969000
2022-09-19	3.6	3.5	3.6	3.52	1634300
2022-09-20	3.52	3.52	3.56	3.52	1120000
2022-09-21	3.52	3.46	3.54	3.48	1534100
2022-09-22	3.44	3.44	3.54	3.5	1503000
2022-09-23	3.5	3.46	3.52	3.46	854500
2022-09-26	3.46	3.36	3.46	3.38	2712300
2022-09-27	3.38	3.3	3.4	3.3	2060500
2022-09-28	3.26	3.18	3.3	3.24	3699200
2022-09-29	3.3	3.26	3.36	3.26	1272100
2022-09-30	3.3	3.24	3.32	3.28	721700
2022-10-03	3.24	3.2	3.32	3.2	1305400
2022-10-04	3.26	3.2	3.26	3.24	841800
2022-10-05	3.26	3.22	3.28	3.24	748200
2022-10-06	3.26	3.24	3.38	3.32	1830700
2022-10-07	3.32	3.28	3.36	3.36	865900
2022-10-10	3.34	3.18	3.34	3.26	2104400
2022-10-11	3.26	3.18	3.26	3.2	1332500
2022-10-12	3.18	3.18	3.24	3.22	552000
2022-10-17	3.2	3.2	3.34	3.32	2546100
2022-10-18	3.34	3.32	3.36	3.34	1098800
2022-10-19	3.34	3.24	3.38	3.26	1231700
2022-10-20	3.28	3.24	3.28	3.26	877100
2022-10-21	3.28	3.22	3.3	3.22	990600
2022-10-25	3.26	3.18	3.26	3.2	1408700
2022-10-26	3.2	3.2	3.22	3.2	863900
2022-10-27	3.2	3.18	3.28	3.26	1251300
2022-10-28	3.28	3.24	3.32	3.26	1248700
2022-10-31	3.28	3.18	3.3	3.2	1924800
2022-11-01	3.2	3.2	3.24	3.24	1251300
2022-11-02	3.18	3.18	3.22	3.18	2054700
2022-11-03	3.16	3.16	3.22	3.2	1161100
2022-11-04	3.2	3.2	3.24	3.24	684700
2022-11-07	3.24	3.2	3.26	3.22	887500
2022-11-08	3.22	3.2	3.24	3.22	747600
2022-11-09	3.22	3.18	3.24	3.18	1424700
2022-11-10	3.22	3.2	3.28	3.2	4462500
2022-11-11	3.24	3.2	3.24	3.2	1436000
2022-11-14	3.22	3.14	3.22	3.14	2426200
2022-11-15	3.16	3.14	3.18	3.16	1421200
2022-11-16	3.16	3.1	3.16	3.12	1643600
2022-11-17	3.14	3.14	3.2	3.18	2618500
2022-11-18	3.18	3.12	3.18	3.14	1320700
2022-11-21	3.14	3.04	3.14	3.04	4682300
2022-11-22	3.02	2.92	3.04	2.92	4723300
2022-11-23	2.92	2.82	2.92	2.84	5932100
2022-11-24	2.84	2.78	2.9	2.8	5750100
2022-11-25	2.82	2.76	2.84	2.82	1482400
2022-11-28	2.82	2.76	2.84	2.78	3395700
2022-11-29	2.8	2.78	2.84	2.84	1597100
2022-11-30	2.84	2.8	2.86	2.86	2387400
2022-12-01	2.86	2.84	2.92	2.84	3784400
2022-12-02	2.86	2.84	2.94	2.94	3217600
2022-12-06	2.94	2.86	2.94	2.88	2477000
2022-12-07	2.88	2.82	2.9	2.86	1186000
2022-12-08	2.86	2.84	2.88	2.86	785700
2022-12-09	2.88	2.86	2.9	2.88	1073500
2022-12-13	2.9	2.82	2.9	2.82	1181400
2022-12-14	2.84	2.8	2.86	2.82	1027700
2022-12-15	2.82	2.72	2.84	2.72	4747400
2022-12-16	2.74	2.64	2.74	2.68	2708800
2022-12-19	2.7	2.64	2.72	2.66	1697400
2022-12-20	2.66	2.5	2.66	2.52	3650700
2022-12-21	2.54	2.52	2.62	2.58	2177800
2022-12-22	2.6	2.58	2.62	2.6	975700
2022-12-23	2.58	2.56	2.64	2.6	1459800
2022-12-26	2.62	2.6	2.66	2.6	1591100
2022-12-27	2.6	2.6	2.76	2.72	4049900
2022-12-28	2.76	2.7	2.76	2.7	3330800
2022-12-29	2.72	2.7	2.74	2.7	842000
2022-12-30	2.7	2.7	2.76	2.76	630900
