Date	Price Open	Price Low	Price High	Price Close	Volume
2013-12-19	2.3	1.42	2.34	1.47	439071000
2013-12-20	1.4	1.24	1.41	1.28	107622600
2013-12-23	1.29	1.1	1.33	1.11	86831000
2013-12-24	1.13	1.1	1.22	1.12	77230000
2013-12-25	1.14	1.12	1.2	1.17	73809700
2013-12-26	1.18	1.05	1.18	1.06	30984600
2013-12-27	1.08	1.01	1.11	1.03	27144900
2014-01-02	1.02	0.95	1.05	0.95	16640000
2014-01-03	0.93	0.91	0.97	0.93	13170200
2014-01-06	0.93	0.9	0.96	0.9	14426300
2014-01-07	0.92	0.91	1.01	0.99	36582100
2014-01-08	0.98	0.93	0.98	0.94	17266300
2014-01-09	0.95	0.95	1.01	0.99	34027600
2014-01-10	0.99	0.93	1.01	0.93	25626700
2014-01-13	0.91	0.89	0.93	0.92	9193700
2014-01-14	0.93	0.93	0.97	0.95	12635500
2014-01-15	0.96	0.92	0.97	0.92	7305200
2014-01-16	0.93	0.93	0.99	0.97	20629300
2014-01-17	0.97	0.97	1.05	0.98	58652900
2014-01-20	0.99	0.95	1.01	0.96	12717700
2014-01-21	0.97	0.97	1.09	1.09	77443100
2014-01-22	1.07	1.04	1.08	1.04	34107600
2014-01-23	1.04	1.04	1.1	1.08	29657700
2014-01-24	1.1	1.06	1.12	1.06	23230400
2014-01-27	1.05	1.01	1.06	1.03	9810600
2014-01-28	1.04	0.99	1.05	0.99	11309600
2014-01-29	1.0	0.97	1.01	0.99	5318800
2014-01-30	0.99	0.97	1.0	0.99	4148900
2014-01-31	1.0	0.98	1.01	0.99	2965600
2014-02-03	1.0	1.0	1.04	1.04	10617500
2014-02-04	1.03	1.01	1.04	1.02	7287100
2014-02-05	1.03	1.01	1.05	1.02	8586200
2014-02-06	1.03	1.02	1.04	1.03	9224800
2014-02-07	1.04	1.02	1.06	1.03	10182000
2014-02-10	1.04	1.0	1.05	1.01	9410400
2014-02-11	1.01	0.99	1.01	1.0	6064900
2014-02-12	1.01	1.0	1.01	1.0	3906400
2014-02-13	1.0	0.99	1.01	1.0	3426900
2014-02-17	1.01	1.0	1.03	1.0	11164200
2014-02-18	1.0	0.99	1.02	0.99	8541100
2014-02-19	0.99	0.99	1.01	0.99	8220600
2014-02-20	0.99	0.98	1.0	0.98	3302900
2014-02-21	0.98	0.97	0.99	0.97	2315900
2014-02-24	0.97	0.96	0.98	0.97	2419000
2014-02-25	0.97	0.96	0.98	0.96	6417100
2014-02-26	0.96	0.94	0.97	0.94	3803600
2014-02-27	0.95	0.94	0.96	0.94	4950600
2014-02-28	0.94	0.94	0.95	0.94	2789200
2014-03-03	0.95	0.94	0.96	0.95	5820000
2014-03-04	0.96	0.95	0.98	0.97	9161100
2014-03-05	0.98	0.95	0.98	0.95	2151600
2014-03-06	0.97	0.97	1.0	0.98	6607900
2014-03-07	0.99	0.97	0.99	0.98	2145300
2014-03-10	0.98	0.96	0.98	0.96	1131100
2014-03-11	0.98	0.96	0.98	0.97	1162600
2014-03-12	0.96	0.95	0.98	0.95	3844000
2014-03-13	0.95	0.95	1.02	1.01	18012000
2014-03-14	1.0	0.98	1.0	0.98	2143400
2014-03-17	0.98	0.96	0.99	0.97	1529000
2014-03-18	0.98	0.96	0.98	0.96	1430800
2014-03-19	0.98	0.94	0.98	0.95	1671200
2014-03-20	0.95	0.94	0.96	0.96	617800
2014-03-21	0.96	0.95	0.96	0.96	624300
2014-03-24	0.97	0.93	0.97	0.93	832100
2014-03-25	0.94	0.92	0.94	0.93	1326600
2014-03-26	0.93	0.93	0.96	0.95	3979900
2014-03-27	0.94	0.91	0.95	0.91	1310800
2014-03-28	0.92	0.91	0.93	0.93	1191700
2014-03-31	0.92	0.92	0.94	0.93	662500
2014-04-01	0.94	0.93	0.96	0.94	2671900
2014-04-02	0.94	0.93	0.97	0.95	4411700
2014-04-03	0.95	0.94	0.96	0.96	2226300
2014-04-04	0.96	0.95	0.96	0.96	185300
2014-04-08	0.95	0.93	0.95	0.93	939900
2014-04-09	0.94	0.93	0.96	0.93	1947800
2014-04-10	0.94	0.93	1.06	1.03	95334700
2014-04-11	1.03	0.99	1.03	0.99	20612600
2014-04-16	1.01	1.0	1.17	1.15	155343800
2014-04-17	1.19	1.13	1.31	1.15	144230200
2014-04-18	1.15	1.1	1.15	1.12	30959800
2014-04-21	1.13	1.1	1.17	1.15	28548600
2014-04-22	1.14	1.14	1.22	1.18	62482900
2014-04-23	1.19	1.13	1.2	1.13	22914700
2014-04-24	1.14	1.13	1.23	1.18	38610800
2014-04-25	1.18	1.14	1.2	1.14	16801500
2014-04-28	1.14	1.13	1.16	1.14	6210700
2014-04-29	1.14	1.14	1.45	1.36	353786200
2014-04-30	1.33	1.3	1.39	1.3	78854600
2014-05-02	1.33	1.32	1.44	1.37	148009300
2014-05-06	1.39	1.35	1.47	1.39	122060500
2014-05-07	1.4	1.36	1.43	1.4	61689500
2014-05-08	1.41	1.32	1.44	1.33	53354000
2014-05-09	1.34	1.34	1.4	1.36	40513100
2014-05-12	1.38	1.32	1.38	1.34	12883800
2014-05-14	1.35	1.35	1.46	1.46	79693000
2014-05-15	1.5	1.4	1.55	1.43	156735300
2014-05-16	1.42	1.4	1.45	1.41	25928500
2014-05-19	1.42	1.34	1.43	1.34	20310000
2014-05-20	1.3	1.22	1.3	1.24	27141100
2014-05-21	1.25	1.25	1.35	1.34	36656800
2014-05-22	1.36	1.32	1.37	1.33	10678800
2014-05-23	1.26	1.25	1.33	1.3	18528500
2014-05-26	1.32	1.31	1.37	1.32	26132800
2014-05-27	1.34	1.34	1.42	1.39	55236900
2014-05-28	1.42	1.35	1.43	1.35	27176100
2014-05-29	1.36	1.34	1.37	1.35	6750400
2014-05-30	1.36	1.35	1.41	1.37	24293300
2014-06-02	1.38	1.36	1.39	1.36	7445800
2014-06-03	1.38	1.36	1.41	1.37	28852400
2014-06-04	1.37	1.36	1.4	1.37	23071500
2014-06-05	1.38	1.37	1.4	1.37	15904800
2014-06-06	1.37	1.34	1.38	1.34	9639300
2014-06-09	1.35	1.34	1.37	1.35	4933800
2014-06-10	1.36	1.35	1.38	1.36	7204500
2014-06-11	1.37	1.36	1.46	1.45	94882500
2014-06-12	1.49	1.42	1.53	1.42	118407400
2014-06-13	1.43	1.39	1.44	1.41	17228600
2014-06-16	1.41	1.39	1.46	1.44	22459200
2014-06-17	1.48	1.44	1.5	1.45	30357900
2014-06-18	1.46	1.39	1.47	1.4	15346900
2014-06-19	1.42	1.37	1.42	1.4	5652200
2014-06-20	1.41	1.39	1.45	1.42	11832700
2014-06-23	1.43	1.39	1.44	1.4	4771500
2014-06-24	1.4	1.37	1.41	1.39	4176200
2014-06-25	1.39	1.38	1.41	1.4	4123600
2014-06-26	1.41	1.39	1.41	1.39	3426100
2014-06-27	1.39	1.39	1.44	1.41	17783600
2014-06-30	1.41	1.39	1.41	1.39	7721900
2014-07-02	1.4	1.4	1.48	1.43	51845400
2014-07-03	1.43	1.42	1.46	1.45	14112200
2014-07-04	1.49	1.44	1.49	1.44	34660600
2014-07-07	1.44	1.42	1.46	1.43	7403500
2014-07-08	1.46	1.42	1.46	1.43	6629900
2014-07-09	1.43	1.43	1.45	1.45	3946100
2014-07-10	1.46	1.43	1.49	1.43	17469400
2014-07-14	1.43	1.43	1.54	1.49	77025100
2014-07-15	1.5	1.46	1.51	1.47	17867200
2014-07-16	1.49	1.46	1.49	1.47	4829600
2014-07-17	1.47	1.46	1.47	1.46	6934700
2014-07-18	1.46	1.42	1.47	1.44	10756600
2014-07-21	1.44	1.44	1.48	1.45	12099200
2014-07-22	1.46	1.4	1.46	1.4	7502900
2014-07-23	1.42	1.42	1.5	1.49	27456500
2014-07-24	1.51	1.5	1.86	1.82	215287400
2014-07-25	1.8	1.65	1.85	1.66	97863000
2014-07-28	1.68	1.61	1.74	1.61	102766100
2014-07-29	1.62	1.49	1.63	1.54	29582700
2014-07-30	1.53	1.4	1.54	1.44	18266500
2014-07-31	1.44	1.42	1.51	1.44	15564100
2014-08-01	1.41	1.41	1.43	1.44	4786800
2014-08-04	1.44	1.44	1.49	1.47	8039700
2014-08-05	1.47	1.47	1.58	1.57	49551600
2014-08-06	1.52	1.47	1.53	1.47	16940000
2014-08-07	1.49	1.46	1.5	1.47	5575000
2014-08-08	1.45	1.45	1.47	1.46	3493700
2014-08-13	1.5	1.48	1.52	1.5	5934700
2014-08-14	1.51	1.5	1.59	1.56	37267100
2014-08-15	1.6	1.55	1.61	1.55	21691600
2014-08-18	1.54	1.53	1.58	1.53	6792200
2014-08-19	1.56	1.55	1.67	1.66	68553900
2014-08-20	1.69	1.61	1.72	1.61	41224100
2014-08-21	1.62	1.6	1.64	1.62	6808700
2014-08-22	1.63	1.62	1.67	1.66	17525300
2014-08-25	1.67	1.61	1.67	1.61	8630000
2014-08-26	1.62	1.62	1.65	1.62	10604900
2014-08-27	1.63	1.62	1.69	1.66	32153100
2014-08-28	1.68	1.62	1.69	1.64	16065000
2014-08-29	1.63	1.63	1.66	1.66	4649900
2014-09-01	1.66	1.64	1.66	1.65	3472900
2014-09-02	1.65	1.65	1.87	1.74	224531900
2014-09-03	1.76	1.76	1.83	1.79	82133300
2014-09-04	1.82	1.78	1.83	1.78	26834100
2014-09-05	1.82	1.8	1.97	1.92	153791800
2014-09-08	1.95	1.85	1.96	1.86	47160100
2014-09-09	1.89	1.85	2.14	2.1	241211100
2014-09-10	2.02	1.86	2.04	1.95	127131800
2014-09-11	2.0	1.96	2.26	2.06	176102600
2014-09-12	2.1	1.98	2.2	1.98	100073700
2014-09-15	1.99	1.95	2.0	1.96	17951200
2014-09-16	1.95	1.92	1.98	1.92	10290100
2014-09-17	1.92	1.75	1.94	1.8	12115200
2014-09-18	1.8	1.8	1.84	1.82	7394800
2014-09-19	1.82	1.79	1.83	1.79	5606400
2014-09-22	1.81	1.78	1.82	1.78	4330100
2014-09-23	1.79	1.78	1.82	1.78	5507600
2014-09-24	1.78	1.78	1.8	1.79	6010900
2014-09-25	1.8	1.77	1.8	1.79	2864400
2014-09-26	1.78	1.77	1.79	1.78	5899600
2014-09-29	1.8	1.78	1.8	1.79	2831500
2014-09-30	1.78	1.78	1.79	1.78	1433500
2014-10-01	1.79	1.78	1.93	1.93	11497400
2014-10-03	1.92	1.85	1.92	1.9	2285200
2014-10-06	1.9	1.85	1.91	1.86	3959500
2014-10-07	1.86	1.8	1.88	1.84	3842900
2014-10-08	1.82	1.81	1.84	1.84	1769500
2014-10-09	1.84	1.84	1.88	1.88	1667900
2014-10-10	1.86	1.86	2.0	1.95	13941200
2014-10-13	1.98	1.95	2.08	2.06	20141200
2014-10-14	2.04	1.94	2.06	2.0	11562000
2014-10-15	2.04	1.98	2.04	1.98	3432100
2014-10-16	1.97	1.93	2.0	1.93	11949400
2014-10-17	1.94	1.9	1.95	1.95	4679400
2014-10-20	1.99	1.96	2.04	2.0	10279300
2014-10-21	2.0	2.0	2.12	2.12	43366900
2014-10-22	2.12	2.08	2.18	2.14	24191100
2014-10-24	2.16	2.1	2.18	2.16	16263900
2014-10-27	2.3	2.08	2.46	2.12	102684400
2014-10-28	2.12	1.96	2.14	1.97	52907800
2014-10-29	1.98	1.95	2.08	2.04	40689400
2014-10-30	2.04	2.0	2.12	2.04	31573100
2014-10-31	2.08	2.04	2.12	2.04	24190100
2014-11-03	2.06	1.9	2.08	1.9	34169600
2014-11-04	1.89	1.84	1.89	1.85	11407500
2014-11-05	1.88	1.86	1.91	1.87	6326400
2014-11-06	1.88	1.85	1.93	1.85	12988400
2014-11-07	1.86	1.84	1.87	1.84	3883700
2014-11-10	1.87	1.85	1.95	1.88	14852600
2014-11-11	1.91	1.86	1.92	1.86	8914200
2014-11-12	1.87	1.66	1.88	1.7	12211500
2014-11-13	1.67	1.67	1.75	1.75	3634900
2014-11-14	1.77	1.71	1.77	1.71	2126200
2014-11-17	1.71	1.71	1.86	1.8	13231600
2014-11-18	1.8	1.77	1.82	1.79	3754600
2014-11-19	1.8	1.74	1.81	1.74	2709500
2014-11-20	1.75	1.74	1.92	1.8	37048700
2014-11-21	1.79	1.78	1.86	1.78	10838200
2014-11-24	1.8	1.76	1.83	1.78	10704400
2014-11-25	1.8	1.75	1.81	1.75	6140700
2014-11-26	1.74	1.69	1.74	1.69	3898200
2014-11-27	1.69	1.68	1.72	1.7	2653200
2014-11-28	1.73	1.68	1.73	1.7	2242200
2014-12-01	1.71	1.67	1.71	1.67	2748600
2014-12-02	1.72	1.65	1.73	1.69	12274200
2014-12-03	1.68	1.68	1.73	1.68	3301700
2014-12-04	1.69	1.68	1.7	1.69	1343600
2014-12-08	1.7	1.67	1.71	1.67	3774700
2014-12-09	1.67	1.67	1.8	1.74	24144300
2014-12-11	1.75	1.66	1.82	1.68	24820200
2014-12-12	1.68	1.66	1.72	1.68	4738900
2014-12-15	1.68	1.24	1.68	1.43	7481300
2014-12-16	1.43	1.34	1.47	1.41	2601500
2014-12-17	1.43	1.43	1.46	1.45	1898800
2014-12-18	1.46	1.46	1.53	1.52	2551500
2014-12-19	1.58	1.55	1.72	1.71	23365000
2014-12-22	1.78	1.73	1.9	1.75	100200700
2014-12-23	1.76	1.68	1.77	1.68	15196700
2014-12-24	1.68	1.63	1.73	1.63	9594300
2014-12-25	1.64	1.55	1.64	1.57	5612900
2014-12-26	1.57	1.56	1.61	1.61	2290100
2014-12-29	1.62	1.55	1.62	1.55	1329000
2014-12-30	1.56	1.51	1.56	1.53	1228900
2015-01-05	1.53	1.52	1.55	1.53	658200
2015-01-06	1.51	1.48	1.52	1.51	1668900
2015-01-07	1.53	1.52	1.61	1.59	3830400
2015-01-08	1.63	1.59	1.67	1.64	8020300
2015-01-09	1.68	1.65	1.78	1.71	46067200
2015-01-12	1.7	1.66	1.71	1.7	7138200
2015-01-13	1.69	1.67	1.74	1.68	7513800
2015-01-14	1.69	1.65	1.72	1.67	8150300
2015-01-15	1.68	1.66	1.72	1.68	6889900
2015-01-16	1.69	1.68	1.71	1.68	1404800
2015-01-19	1.69	1.68	1.72	1.71	1997500
2015-01-20	1.71	1.7	1.76	1.75	14574600
2015-01-21	1.78	1.73	1.78	1.75	15071000
2015-01-22	1.77	1.72	1.77	1.72	7504600
2015-01-23	1.74	1.72	1.75	1.75	6375100
2015-01-26	1.77	1.74	1.79	1.79	17710500
2015-01-27	1.85	1.81	1.89	1.89	47690800
2015-01-28	1.92	1.7	1.96	1.7	84204800
2015-01-29	1.73	1.69	1.73	1.7	11023100
2015-01-30	1.71	1.7	1.73	1.7	5169300
2015-02-02	1.71	1.7	1.72	1.71	1721200
2015-02-03	1.72	1.72	1.76	1.74	7809600
2015-02-04	1.76	1.73	1.79	1.74	10730500
2015-02-05	1.73	1.71	1.75	1.75	5521300
2015-02-06	1.75	1.72	1.78	1.72	3790500
2015-02-09	1.73	1.71	1.74	1.74	2832000
2015-02-10	1.74	1.74	1.76	1.74	8831100
2015-02-11	1.75	1.72	1.76	1.75	2273200
2015-02-12	1.76	1.75	1.79	1.75	13374500
2015-02-13	1.76	1.75	1.78	1.75	6844200
2015-02-16	1.76	1.73	1.77	1.74	2377000
2015-02-17	1.73	1.67	1.75	1.67	6419100
2015-02-18	1.67	1.67	1.7	1.68	3321600
2015-02-19	1.68	1.68	1.73	1.69	6242900
2015-02-20	1.7	1.64	1.72	1.65	8800300
2015-02-23	1.65	1.64	1.67	1.64	2740400
2015-02-24	1.65	1.6	1.65	1.61	4948500
2015-02-25	1.61	1.6	1.63	1.61	1846400
2015-02-26	1.61	1.6	1.62	1.6	1598700
2015-02-27	1.6	1.59	1.7	1.67	2717700
2015-03-02	1.65	1.61	1.66	1.62	1887300
2015-03-03	1.63	1.55	1.63	1.56	2183600
2015-03-05	1.59	1.55	1.6	1.56	656400
2015-03-06	1.56	1.51	1.56	1.53	519300
2015-03-09	1.51	1.5	1.52	1.51	496600
2015-03-10	1.51	1.51	1.59	1.53	3114100
2015-03-11	1.53	1.53	1.57	1.55	993300
2015-03-12	1.55	1.54	1.56	1.55	658100
2015-03-13	1.55	1.55	1.66	1.64	7082100
2015-03-16	1.67	1.59	1.67	1.63	6175200
2015-03-17	1.64	1.5	1.65	1.52	4322000
2015-03-18	1.52	1.42	1.55	1.47	4511700
2015-03-19	1.48	1.47	1.51	1.48	1174700
2015-03-20	1.48	1.44	1.48	1.47	428300
2015-03-23	1.48	1.45	1.49	1.45	320700
2015-03-24	1.43	1.38	1.43	1.4	789100
2015-03-25	1.42	1.39	1.42	1.39	291500
2015-03-26	1.4	1.36	1.4	1.36	541400
2015-03-27	1.36	1.28	1.36	1.3	614500
2015-03-30	1.31	1.31	1.33	1.33	247000
2015-03-31	1.33	1.33	1.36	1.36	472300
2015-04-01	1.36	1.36	1.4	1.39	335700
2015-04-02	1.39	1.37	1.47	1.45	939800
2015-04-03	1.43	1.38	1.45	1.4	1353600
2015-04-07	1.4	1.39	1.42	1.4	1121400
2015-04-08	1.4	1.4	1.42	1.41	406400
2015-04-09	1.41	1.39	1.44	1.39	1320200
2015-04-10	1.4	1.39	1.41	1.39	481500
2015-04-16	1.41	1.39	1.41	1.4	497400
2015-04-17	1.4	1.4	1.48	1.42	6382900
2015-04-20	1.43	1.4	1.43	1.4	530700
2015-04-21	1.41	1.4	1.43	1.4	1334000
2015-04-22	1.42	1.39	1.43	1.4	963600
2015-04-23	1.4	1.39	1.41	1.39	432500
2015-04-24	1.39	1.38	1.4	1.38	460800
2015-04-27	1.39	1.35	1.39	1.35	859900
2015-04-28	1.35	1.33	1.36	1.33	226900
2015-04-29	1.34	1.32	1.35	1.32	210900
2015-04-30	1.34	1.3	1.35	1.32	176300
2015-05-06	1.31	1.29	1.31	1.29	549700
2015-05-07	1.29	1.2	1.3	1.26	439600
2015-05-08	1.27	1.21	1.27	1.23	729900
2015-05-11	1.23	1.23	1.27	1.27	1075800
2015-05-12	1.27	1.25	1.3	1.28	593500
2015-05-13	1.27	1.23	1.33	1.24	4083100
2015-05-14	1.25	1.23	1.25	1.25	703300
2015-05-15	1.25	1.24	1.33	1.29	4680800
2015-05-18	1.27	1.27	1.29	1.28	583300
2015-05-19	1.3	1.27	1.3	1.27	601400
2015-05-20	1.27	1.27	1.29	1.28	499200
2015-05-21	1.28	1.27	1.28	1.27	446500
2015-05-22	1.28	1.26	1.29	1.26	417800
2015-05-25	1.27	1.25	1.28	1.25	237700
2015-05-26	1.26	1.24	1.27	1.24	243300
2015-05-27	1.24	1.18	1.24	1.23	911600
2015-05-28	1.22	1.21	1.24	1.24	258400
2015-05-29	1.25	1.24	1.26	1.25	495000
2015-06-02	1.24	1.22	1.3	1.23	2176100
2015-06-03	1.26	1.17	1.26	1.19	1102600
2015-06-04	1.2	1.18	1.2	1.19	421100
2015-06-05	1.19	1.18	1.23	1.23	339100
2015-06-08	1.24	1.24	1.26	1.24	583800
2015-06-09	1.26	1.23	1.31	1.26	2948200
2015-06-10	1.27	1.26	1.29	1.26	548600
2015-06-11	1.25	1.24	1.27	1.27	417500
2015-06-12	1.28	1.24	1.28	1.25	29800
2015-06-15	1.25	1.23	1.28	1.26	618100
2015-06-16	1.24	1.24	1.29	1.25	725500
2015-06-17	1.27	1.25	1.27	1.25	379600
2015-06-18	1.25	1.25	1.27	1.25	261500
2015-06-19	1.26	1.22	1.26	1.22	658400
2015-06-22	1.22	1.22	1.24	1.22	332500
2015-06-23	1.24	1.22	1.24	1.22	343500
2015-06-24	1.23	1.21	1.24	1.21	264500
2015-06-25	1.23	1.22	1.24	1.23	195500
2015-06-26	1.23	1.22	1.23	1.22	202000
2015-06-29	1.21	1.18	1.22	1.2	1100000
2015-06-30	1.2	1.18	1.2	1.18	613100
2015-07-02	1.18	1.18	1.24	1.2	1519800
2015-07-03	1.22	1.22	1.26	1.23	4409900
2015-07-06	1.24	1.19	1.24	1.21	1170800
2015-07-07	1.21	1.19	1.24	1.19	868600
2015-07-08	1.19	1.16	1.21	1.17	1371000
2015-07-09	1.17	1.17	1.19	1.17	748700
2015-07-10	1.18	1.17	1.2	1.17	500000
2015-07-13	1.18	1.17	1.21	1.17	2323200
2015-07-14	1.18	1.17	1.29	1.26	15385100
2015-07-15	1.27	1.22	1.32	1.22	9799900
2015-07-16	1.23	1.22	1.28	1.27	5822300
2015-07-17	1.36	1.32	1.51	1.46	75925500
2015-07-20	1.45	1.36	1.45	1.4	18159600
2015-07-21	1.38	1.29	1.54	1.3	76909800
2015-07-22	1.3	1.22	1.33	1.27	18528900
2015-07-23	1.28	1.27	1.36	1.29	16097500
2015-07-24	1.29	1.24	1.3	1.24	4477200
2015-07-27	1.23	1.16	1.24	1.16	4915700
2015-07-28	1.16	1.13	1.18	1.14	2200900
2015-07-29	1.14	1.09	1.17	1.11	3516300
2015-07-31	1.12	1.12	1.16	1.12	1535800
2015-08-03	1.12	1.12	1.18	1.16	5738300
2015-08-04	1.2	1.18	1.24	1.22	9266700
2015-08-05	1.22	1.2	1.25	1.2	4926700
2015-08-06	1.26	1.2	1.28	1.21	9103500
2015-08-07	1.22	1.2	1.23	1.2	2138400
2015-08-10	1.2	1.14	1.2	1.14	2637600
2015-08-11	1.15	1.12	1.18	1.12	1872600
2015-08-13	1.1	1.06	1.1	1.1	1693000
2015-08-14	1.1	1.1	1.18	1.18	2100400
2015-08-17	1.21	1.16	1.21	1.17	3040700
2015-08-18	1.11	1.1	1.14	1.1	1880200
2015-08-19	1.1	1.1	1.13	1.13	325400
2015-08-20	1.15	1.12	1.15	1.14	511000
2015-08-21	1.11	1.11	1.13	1.11	415900
2015-08-24	1.08	0.83	1.08	0.83	2190500
2015-08-25	0.99	0.88	1.07	1.07	6951700
2015-08-26	1.12	1.06	1.18	1.06	12608100
2015-08-27	1.07	1.07	1.11	1.1	1808100
2015-08-28	1.11	1.07	1.14	1.08	3150700
2015-08-31	1.1	1.09	1.18	1.18	6232200
2015-09-01	1.17	1.11	1.18	1.13	2868200
2015-09-02	1.13	1.13	1.19	1.16	3513100
2015-09-03	1.18	1.15	1.2	1.15	4068400
2015-09-04	1.17	1.13	1.17	1.13	570500
2015-09-07	1.11	1.11	1.15	1.14	365600
2015-09-08	1.16	1.11	1.16	1.14	677000
2015-09-09	1.14	1.14	1.18	1.17	2193800
2015-09-10	1.16	1.14	1.28	1.28	20572100
2015-09-11	1.28	1.2	1.31	1.2	16380600
2015-09-14	1.2	1.18	1.21	1.18	1530600
2015-09-15	1.2	1.17	1.26	1.17	6041400
2015-09-16	1.22	1.18	1.22	1.19	2275300
2015-09-17	1.19	1.17	1.21	1.17	904000
2015-09-18	1.19	1.17	1.2	1.19	936100
2015-09-21	1.19	1.17	1.19	1.17	624700
2015-09-22	1.17	1.14	1.19	1.16	1043100
2015-09-23	1.14	1.14	1.16	1.16	331900
2015-09-24	1.16	1.14	1.16	1.14	299000
2015-09-25	1.15	1.14	1.17	1.14	382000
2015-09-28	1.17	1.13	1.17	1.14	708100
2015-09-29	1.15	1.12	1.15	1.12	179200
2015-09-30	1.12	1.12	1.14	1.14	388100
2015-10-01	1.16	1.11	1.16	1.11	291800
2015-10-02	1.11	1.1	1.13	1.1	295400
2015-10-05	1.14	1.11	1.14	1.11	78500
2015-10-06	1.12	1.12	1.21	1.16	5363100
2015-10-07	1.16	1.14	1.17	1.14	878600
2015-10-08	1.16	1.13	1.23	1.23	6987300
2015-10-09	1.22	1.18	1.22	1.19	4871600
2015-10-12	1.2	1.14	1.21	1.15	3753300
2015-10-13	1.15	1.13	1.16	1.13	1159500
2015-10-14	1.13	1.12	1.15	1.13	673800
2015-10-15	1.13	1.13	1.15	1.14	473000
2015-10-16	1.14	1.13	1.16	1.14	2807700
2015-10-19	1.14	1.13	1.16	1.13	1080300
2015-10-20	1.14	1.14	1.17	1.16	1122300
2015-10-21	1.16	1.16	1.27	1.22	27200600
2015-10-22	1.22	1.18	1.24	1.18	7831300
2015-10-26	1.22	1.18	1.22	1.19	3170300
2015-10-27	1.2	1.19	1.24	1.19	2981100
2015-10-28	1.21	1.16	1.22	1.16	1850100
2015-10-29	1.18	1.14	1.18	1.14	1652700
2015-10-30	1.14	1.13	1.16	1.15	862400
2015-11-02	1.16	1.13	1.16	1.15	269700
2015-11-03	1.16	1.14	1.16	1.14	227100
2015-11-04	1.15	1.14	1.2	1.17	4648600
2015-11-05	1.17	1.13	1.17	1.14	1347500
2015-11-06	1.14	1.13	1.16	1.14	421200
2015-11-09	1.13	1.11	1.15	1.13	882000
2015-11-10	1.12	1.12	1.14	1.12	463000
2015-11-11	1.13	1.11	1.13	1.11	358100
2015-11-12	1.1	1.1	1.12	1.11	502700
2015-11-13	1.09	1.09	1.1	1.09	515700
2015-11-16	1.08	1.05	1.09	1.05	572200
2015-11-17	1.05	1.05	1.08	1.05	261000
2015-11-18	1.06	1.03	1.08	1.05	378600
2015-11-19	1.05	1.01	1.05	1.01	457000
2015-11-20	1.01	1.0	1.02	1.01	689000
2015-11-23	1.01	1.0	1.03	1.01	539100
2015-11-24	1.01	1.0	1.02	1.0	233100
2015-11-25	1.0	1.0	1.01	1.0	339200
2015-11-26	1.01	0.93	1.01	0.95	1484200
2015-11-27	0.95	0.94	0.98	0.97	803800
2015-11-30	1.0	0.96	1.02	1.0	925900
2015-12-01	1.0	1.0	1.02	1.02	1043300
2015-12-02	1.02	0.97	1.05	1.0	1858900
2015-12-03	0.95	0.95	0.99	0.99	425100
2015-12-04	1.0	0.71	1.0	0.92	2759800
2015-12-08	0.9	0.9	0.98	0.93	265200
2015-12-09	0.94	0.9	0.96	0.92	337900
2015-12-11	0.92	0.86	0.95	0.86	521500
2015-12-14	0.88	0.84	0.89	0.87	286300
2015-12-15	0.9	0.85	0.9	0.87	318600
2015-12-16	0.89	0.86	0.9	0.89	383800
2015-12-17	0.89	0.89	0.9	0.9	181700
2015-12-18	0.89	0.71	0.89	0.87	285300
2015-12-21	0.84	0.8	0.87	0.8	215800
2015-12-22	0.87	0.76	0.87	0.76	896600
2015-12-23	0.78	0.78	0.98	0.98	12266400
2015-12-24	1.07	0.88	1.08	0.93	14685100
2015-12-25	0.91	0.91	1.04	0.93	15709300
2015-12-28	0.93	0.93	1.11	1.07	28545800
2015-12-29	1.04	0.99	1.05	0.99	11876300
2015-12-30	1.02	0.94	1.03	0.95	8071400
2016-01-04	0.95	0.89	0.98	0.89	2151700
2016-01-05	0.91	0.82	0.92	0.82	3109000
2016-01-06	0.83	0.83	0.86	0.85	1215200
2016-01-07	0.85	0.81	0.88	0.81	1715300
2016-01-08	0.83	0.82	0.87	0.83	3345000
2016-01-11	0.84	0.82	0.84	0.83	373500
2016-01-12	0.83	0.83	0.86	0.85	991200
2016-01-13	0.86	0.86	0.9	0.87	3184300
2016-01-14	0.87	0.85	0.88	0.85	1436600
2016-01-15	0.86	0.86	1.01	0.93	33900800
2016-01-18	0.9	0.89	0.94	0.91	5237400
2016-01-19	0.94	0.92	0.97	0.92	7657100
2016-01-20	0.93	0.9	0.96	0.91	3620900
2016-01-21	0.92	0.9	0.94	0.92	2518200
2016-01-22	0.95	0.94	1.07	0.99	46398700
2016-01-25	0.97	0.94	0.98	0.95	5468300
2016-01-26	0.95	0.94	0.98	0.95	5759000
2016-01-27	0.97	0.95	0.99	0.95	2815700
2016-01-28	0.95	0.95	1.05	0.99	18621800
2016-01-29	0.98	0.97	1.02	0.97	4578300
2016-02-01	0.98	0.97	0.99	0.97	2039100
2016-02-02	0.97	0.95	1.0	0.95	1624400
2016-02-03	0.95	0.94	0.95	0.94	1388800
2016-02-04	0.95	0.94	0.97	0.94	2189800
2016-02-05	0.95	0.95	0.97	0.96	1772800
2016-02-08	0.97	0.96	0.99	0.96	1577400
2016-02-09	0.97	0.95	0.97	0.96	1378500
2016-02-10	0.96	0.96	1.01	0.98	6871900
2016-02-11	0.98	0.94	1.01	0.94	8202800
2016-02-12	0.95	0.93	0.95	0.94	1307500
2016-02-15	0.94	0.93	0.95	0.93	294900
2016-02-16	0.94	0.91	0.95	0.92	869000
2016-02-17	0.91	0.89	0.92	0.9	703600
2016-02-18	0.9	0.88	0.94	0.9	1067300
2016-02-19	0.9	0.88	0.9	0.89	556700
2016-02-23	0.89	0.89	0.91	0.91	184900
2016-02-24	0.91	0.9	0.91	0.91	358900
2016-02-25	0.92	0.9	0.92	0.9	526400
2016-02-26	0.91	0.9	0.92	0.9	312000
2016-02-29	0.91	0.89	0.93	0.9	1565400
2016-03-01	0.9	0.86	0.9	0.86	567600
2016-03-02	0.86	0.86	0.88	0.87	432000
2016-03-03	0.87	0.87	0.88	0.87	184100
2016-03-04	0.87	0.86	0.87	0.87	291500
2016-03-07	0.87	0.87	0.89	0.88	417200
2016-03-08	0.88	0.87	0.88	0.88	412900
2016-03-09	0.87	0.87	0.9	0.9	254300
2016-03-10	0.88	0.88	0.91	0.91	659400
2016-03-11	0.9	0.9	0.94	0.93	1650300
2016-03-14	0.94	0.93	0.96	0.95	1575400
2016-03-15	0.95	0.94	0.96	0.95	416600
2016-03-16	0.97	0.93	0.97	0.95	411900
2016-03-17	0.95	0.93	0.97	0.96	1983500
2016-03-18	0.95	0.94	0.96	0.95	408100
2016-03-21	0.95	0.93	0.95	0.94	423900
2016-03-22	0.95	0.92	0.95	0.93	886700
2016-03-23	0.93	0.93	0.95	0.93	882100
2016-03-24	0.93	0.93	0.98	0.94	7638200
2016-03-25	0.94	0.94	0.96	0.94	1282600
2016-03-28	0.94	0.92	0.97	0.93	1898400
2016-03-29	0.94	0.92	0.94	0.93	291400
2016-03-30	0.94	0.94	0.97	0.94	2333200
2016-03-31	0.95	0.94	0.95	0.94	181000
2016-04-01	0.94	0.93	0.94	0.94	235500
2016-04-04	0.93	0.93	0.96	0.94	731800
2016-04-05	0.94	0.92	0.94	0.92	495300
2016-04-07	0.92	0.9	0.94	0.9	675800
2016-04-08	0.91	0.91	0.91	0.91	223300
2016-04-11	0.92	0.91	0.92	0.91	95200
2016-04-12	0.9	0.9	0.92	0.91	361000
2016-04-18	0.9	0.9	0.91	0.91	351100
2016-04-19	0.91	0.9	0.93	0.92	209900
2016-04-20	0.93	0.91	0.93	0.91	358100
2016-04-21	0.93	0.91	0.93	0.91	330000
2016-04-22	0.93	0.92	1.0	0.98	15521200
2016-04-25	1.01	0.99	1.06	0.99	33359400
2016-04-26	0.99	0.96	1.0	0.98	9351700
2016-04-27	0.98	0.97	1.01	0.98	6591100
2016-04-28	0.98	0.95	0.98	0.95	2943300
2016-04-29	0.95	0.94	0.97	0.95	1586100
2016-05-03	0.97	0.93	0.97	0.93	1120600
2016-05-04	0.93	0.92	0.93	0.92	891000
2016-05-06	0.93	0.92	0.93	0.92	891000
2016-05-09	0.9	0.89	0.92	0.91	1049300
2016-05-10	0.93	0.91	0.93	0.92	269200
2016-05-11	0.91	0.89	0.92	0.9	1436700
2016-05-12	0.89	0.88	0.9	0.89	840700
2016-05-13	0.88	0.88	0.91	0.9	215300
2016-05-16	0.89	0.89	0.92	0.89	634600
2016-05-17	0.89	0.89	0.9	0.89	232100
2016-05-18	0.89	0.88	0.9	0.88	436500
2016-05-19	0.88	0.88	0.91	0.9	2454100
2016-05-23	0.91	0.88	0.91	0.88	377500
2016-05-24	0.88	0.88	0.89	0.88	360400
2016-05-25	0.89	0.89	0.93	0.9	2820800
2016-05-26	0.91	0.89	0.91	0.89	383200
2016-05-27	0.9	0.87	0.91	0.89	1084900
2016-05-30	0.89	0.88	0.9	0.88	255900
2016-05-31	0.89	0.89	0.95	0.91	7357500
2016-06-01	0.91	0.9	0.92	0.9	600400
2016-06-02	0.9	0.9	0.92	0.91	521700
2016-06-03	0.92	0.91	0.93	0.92	1142500
2016-06-06	0.93	0.91	0.94	0.91	2099100
2016-06-07	0.92	0.91	0.92	0.91	364900
2016-06-08	0.92	0.91	0.93	0.91	189900
2016-06-09	0.92	0.91	0.92	0.91	482500
2016-06-10	0.91	0.89	0.91	0.9	411000
2016-06-13	0.9	0.89	0.9	0.89	206500
2016-06-14	0.89	0.88	0.9	0.89	375600
2016-06-15	0.9	0.9	0.94	0.92	3100200
2016-06-16	0.93	0.89	0.93	0.9	966000
2016-06-17	0.91	0.89	0.91	0.9	71200
2016-06-20	0.89	0.89	0.93	0.91	3837500
2016-06-21	0.91	0.9	0.91	0.9	1016600
2016-06-22	0.91	0.89	0.91	0.9	337600
2016-06-23	0.89	0.89	0.9	0.9	363700
2016-06-24	0.9	0.87	0.9	0.88	1057300
2016-06-27	0.86	0.86	0.9	0.87	128700
2016-06-28	0.87	0.87	0.9	0.9	352700
2016-06-29	0.9	0.89	0.91	0.89	253500
2016-06-30	0.88	0.88	0.9	0.88	479200
2016-07-04	0.88	0.87	0.89	0.88	257500
2016-07-05	0.88	0.88	0.91	0.89	691000
2016-07-06	0.89	0.89	0.97	0.96	24765700
2016-07-07	0.97	0.92	0.97	0.93	7244700
2016-07-08	0.94	0.93	1.01	1.0	20786400
2016-07-11	1.0	0.95	1.0	0.96	8759600
2016-07-12	0.98	0.95	0.98	0.96	3249900
2016-07-13	0.97	0.93	0.98	0.95	2417300
2016-07-14	0.94	0.92	0.96	0.93	2228700
2016-07-15	0.93	0.93	0.95	0.93	473400
2016-07-20	0.93	0.92	0.95	0.93	790300
2016-07-21	0.94	0.91	0.94	0.91	1340000
2016-07-22	0.91	0.9	0.92	0.91	871000
2016-07-25	0.91	0.9	0.92	0.92	479600
2016-07-26	0.92	0.91	0.94	0.92	1686400
2016-07-27	0.93	0.92	0.93	0.92	983200
2016-07-28	0.92	0.92	0.95	0.92	2303400
2016-07-29	0.93	0.92	0.95	0.93	1768600
2016-08-01	0.94	0.92	0.97	0.92	4100300
2016-08-02	0.92	0.92	0.95	0.92	3065800
2016-08-03	0.92	0.91	0.93	0.92	1252300
2016-08-04	0.92	0.91	0.92	0.91	732000
2016-08-05	0.92	0.91	0.94	0.93	3860400
2016-08-08	0.94	0.92	0.95	0.92	2939100
2016-08-09	0.94	0.92	0.94	0.93	895200
2016-08-10	0.93	0.92	0.94	0.92	781700
2016-08-11	0.92	0.92	0.94	0.93	3131800
2016-08-15	0.94	0.93	0.95	0.94	1861600
2016-08-16	0.95	0.92	0.95	0.92	1259600
2016-08-17	0.93	0.92	0.94	0.92	1512800
2016-08-18	0.93	0.92	0.94	0.92	909700
2016-08-19	0.93	0.92	0.93	0.92	766600
2016-08-22	0.93	0.92	0.93	0.93	232400
2016-08-23	0.93	0.92	0.93	0.93	555800
2016-08-24	0.93	0.92	0.93	0.93	1187500
2016-08-25	0.93	0.92	0.93	0.92	569300
2016-08-26	0.92	0.92	0.93	0.92	469700
2016-08-29	0.93	0.92	0.93	0.93	721900
2016-08-30	0.93	0.92	0.94	0.92	4577900
2016-08-31	0.92	0.91	0.93	0.91	2039100
2016-09-01	0.91	0.91	0.99	0.95	26395100
2016-09-02	0.97	0.9	0.98	0.92	9247200
2016-09-05	0.93	0.85	0.93	0.88	6754800
2016-09-06	0.87	0.87	0.9	0.89	2273500
2016-09-07	0.9	0.87	0.91	0.87	1588800
2016-09-08	0.88	0.83	0.89	0.85	2863200
2016-09-09	0.83	0.82	0.85	0.82	2335800
2016-09-12	0.79	0.79	0.81	0.79	913500
2016-09-13	0.8	0.79	0.81	0.8	1186100
2016-09-14	0.8	0.8	0.82	0.81	2271700
2016-09-15	0.81	0.8	0.82	0.81	829700
2016-09-16	0.81	0.81	0.82	0.81	896500
2016-09-19	0.82	0.81	0.83	0.83	1298700
2016-09-20	0.82	0.8	0.82	0.8	1354000
2016-09-21	0.82	0.82	0.86	0.83	3628300
2016-09-22	0.84	0.82	0.86	0.84	1892800
2016-09-23	0.84	0.82	0.84	0.83	588000
2016-09-26	0.83	0.81	0.83	0.82	872700
2016-09-27	0.82	0.82	0.85	0.82	2846500
2016-09-28	0.82	0.81	0.82	0.82	1052900
2016-09-29	0.82	0.81	0.85	0.82	2999000
2016-09-30	0.81	0.81	0.82	0.82	1760100
2016-10-03	0.82	0.81	0.82	0.81	802100
2016-10-04	0.81	0.81	0.82	0.81	1324200
2016-10-05	0.81	0.81	0.82	0.82	1709500
2016-10-06	0.82	0.81	0.82	0.81	453300
2016-10-07	0.82	0.8	0.82	0.81	733300
2016-10-10	0.8	0.76	0.8	0.77	2812900
2016-10-11	0.78	0.76	0.78	0.77	1102100
2016-10-12	0.77	0.65	0.77	0.68	3789200
2016-10-13	0.68	0.63	0.68	0.65	3175800
2016-10-14	0.66	0.66	0.74	0.74	4197600
2016-10-17	0.74	0.71	0.74	0.74	988600
2016-10-18	0.73	0.73	0.75	0.75	33000
2016-10-19	0.75	0.75	0.78	0.76	1668400
2016-10-20	0.76	0.76	0.88	0.87	29769900
2016-10-21	0.94	0.87	0.94	0.87	22967000
2016-10-25	0.87	0.84	0.91	0.89	19514600
2016-10-26	0.88	0.86	0.91	0.86	5838900
2016-10-27	0.87	0.85	0.89	0.87	9090400
2016-10-28	0.86	0.86	0.88	0.87	3418600
2016-10-31	0.87	0.85	0.88	0.86	943400
2016-11-01	0.87	0.85	0.87	0.85	1139400
2016-11-02	0.85	0.84	0.86	0.85	1302300
2016-11-03	0.86	0.85	0.89	0.86	5522600
2016-11-04	0.87	0.82	0.87	0.84	1758300
2016-11-07	0.84	0.83	0.87	0.85	2635500
2016-11-08	0.86	0.86	0.89	0.86	6097500
2016-11-09	0.85	0.83	0.86	0.84	2651900
2016-11-10	0.84	0.84	0.86	0.84	1194900
2016-11-11	0.85	0.82	0.86	0.82	949300
2016-11-14	0.8	0.78	0.82	0.78	761900
2016-11-15	0.79	0.78	0.81	0.78	956000
2016-11-16	0.79	0.78	0.8	0.78	716200
2016-11-17	0.79	0.77	0.8	0.78	700200
2016-11-18	0.78	0.77	0.8	0.79	265200
2016-11-21	0.8	0.78	0.8	0.79	77500
2016-11-22	0.8	0.79	0.81	0.81	442200
2016-11-23	0.81	0.8	0.83	0.81	1734500
2016-11-24	0.8	0.79	0.8	0.8	372500
2016-11-25	0.8	0.79	0.81	0.79	422300
2016-11-28	0.8	0.8	0.81	0.8	418500
2016-11-29	0.81	0.78	0.81	0.78	1273100
2016-11-30	0.78	0.78	0.8	0.79	587300
2016-12-01	0.8	0.78	0.8	0.78	519700
2016-12-02	0.79	0.78	0.8	0.79	398800
2016-12-06	0.79	0.77	0.8	0.79	445800
2016-12-07	0.79	0.78	0.8	0.79	238200
2016-12-08	0.79	0.78	0.8	0.8	571400
2016-12-09	0.79	0.79	0.82	0.79	2329700
2016-12-13	0.8	0.79	0.8	0.79	244200
2016-12-14	0.8	0.79	0.8	0.79	186700
2016-12-15	0.8	0.8	0.85	0.81	1319800
2016-12-16	0.81	0.8	0.82	0.8	926100
2016-12-19	0.81	0.79	0.83	0.79	1968100
2016-12-20	0.8	0.79	0.81	0.79	1039700
2016-12-21	0.79	0.79	0.82	0.8	1218400
2016-12-22	0.8	0.78	0.8	0.78	567700
2016-12-23	0.79	0.79	0.8	0.79	567200
2016-12-26	0.81	0.78	0.81	0.79	617100
2016-12-27	0.79	0.78	0.81	0.79	1173800
2016-12-28	0.79	0.79	0.8	0.79	328400
2016-12-29	0.8	0.79	0.81	0.8	786200
2016-12-30	0.81	0.79	0.81	0.8	1300300
2017-01-04	0.8	0.8	0.81	0.8	243700
2017-01-05	0.8	0.79	0.8	0.79	1366500
2017-01-06	0.79	0.79	0.82	0.8	4455400
2017-01-09	0.81	0.8	0.84	0.81	9226500
2017-01-10	0.82	0.81	0.83	0.81	1040600
2017-01-11	0.82	0.81	0.83	0.82	2299500
2017-01-12	0.81	0.81	0.83	0.82	666800
2017-01-13	0.82	0.81	0.83	0.81	580300
2017-01-16	0.81	0.8	0.81	0.81	412600
2017-01-17	0.8	0.8	0.84	0.84	2951800
2017-01-18	0.85	0.83	0.87	0.83	12776000
2017-01-19	0.84	0.8	0.85	0.83	3391000
2017-01-20	0.82	0.81	0.84	0.82	914800
2017-01-23	0.82	0.81	0.83	0.83	733900
2017-01-24	0.83	0.82	0.84	0.84	1464700
2017-01-25	0.84	0.83	0.85	0.83	546000
2017-01-26	0.84	0.82	0.84	0.82	288100
2017-01-27	0.82	0.82	0.83	0.82	194000
2017-01-30	0.82	0.82	0.84	0.83	549200
2017-01-31	0.84	0.82	0.84	0.83	834600
2017-02-01	0.83	0.82	0.84	0.82	93400
2017-02-02	0.83	0.82	0.83	0.82	242100
2017-02-03	0.82	0.81	0.82	0.81	688500
2017-02-06	0.82	0.81	0.82	0.81	472300
2017-02-07	0.83	0.81	0.83	0.82	284600
2017-02-08	0.81	0.81	0.82	0.82	334000
2017-02-09	0.82	0.81	0.82	0.81	314900
2017-02-10	0.81	0.81	0.82	0.81	370500
2017-02-14	0.81	0.8	0.82	0.81	283300
2017-02-15	0.81	0.8	0.82	0.8	484900
2017-02-16	0.8	0.8	0.81	0.8	365800
2017-02-17	0.8	0.8	0.82	0.81	872800
2017-02-20	0.81	0.8	0.82	0.8	178700
2017-02-21	0.81	0.81	0.85	0.83	4670000
2017-02-22	0.84	0.81	0.84	0.81	1689500
2017-02-23	0.81	0.8	0.82	0.81	1060200
2017-02-24	0.81	0.8	0.81	0.81	158600
2017-02-27	0.8	0.79	0.8	0.8	780600
2017-02-28	0.78	0.78	0.79	0.78	579700
2017-03-01	0.77	0.77	0.79	0.78	409100
2017-03-02	0.77	0.77	0.79	0.78	184800
2017-03-03	0.78	0.77	0.78	0.78	501400
2017-03-06	0.78	0.76	0.79	0.76	610400
2017-03-07	0.76	0.75	0.77	0.76	323100
2017-03-08	0.75	0.75	0.76	0.76	273100
2017-03-09	0.76	0.75	0.76	0.75	206400
2017-03-10	0.76	0.73	0.76	0.74	438200
2017-03-13	0.75	0.7	0.75	0.7	757300
2017-03-14	0.69	0.69	0.71	0.71	283300
2017-03-15	0.71	0.69	0.72	0.71	214500
2017-03-16	0.71	0.7	0.72	0.72	467500
2017-03-17	0.71	0.71	0.73	0.73	239000
2017-03-20	0.75	0.72	0.75	0.73	305300
2017-03-21	0.72	0.71	0.73	0.72	76200
2017-03-22	0.73	0.72	0.73	0.72	34200
2017-03-23	0.73	0.72	0.74	0.73	291900
2017-03-24	0.73	0.73	0.75	0.75	261800
2017-03-27	0.75	0.74	0.76	0.74	423400
2017-03-28	0.74	0.74	0.75	0.75	252200
2017-03-29	0.75	0.74	0.76	0.74	338300
2017-03-30	0.75	0.75	0.76	0.75	37400
2017-03-31	0.75	0.74	0.76	0.75	58300
2017-04-03	0.75	0.75	0.76	0.75	199800
2017-04-04	0.75	0.74	0.75	0.75	324600
2017-04-05	0.76	0.74	0.76	0.74	47800
2017-04-07	0.75	0.73	0.75	0.73	350300
2017-04-10	0.73	0.73	0.74	0.73	277000
2017-04-11	0.74	0.73	0.74	0.73	326900
2017-04-12	0.73	0.73	0.76	0.74	1161100
2017-04-17	0.75	0.75	0.78	0.76	2865300
2017-04-18	0.77	0.75	0.77	0.75	489300
2017-04-19	0.75	0.75	0.77	0.75	227500
2017-04-20	0.75	0.75	0.76	0.75	31700
2017-04-21	0.76	0.74	0.76	0.74	274100
2017-04-24	0.74	0.74	0.75	0.75	98600
2017-04-25	0.76	0.73	0.76	0.74	621400
2017-04-26	0.75	0.74	0.75	0.74	7700
2017-04-27	0.74	0.74	0.75	0.75	30500
2017-04-28	0.76	0.75	0.76	0.76	335000
2017-05-02	0.76	0.76	0.77	0.76	312300
2017-05-03	0.77	0.77	0.79	0.78	1378200
2017-05-04	0.78	0.78	0.8	0.79	503600
2017-05-05	0.8	0.79	0.82	0.81	2347700
2017-05-08	0.81	0.81	0.86	0.82	5629700
2017-05-09	0.82	0.8	0.82	0.8	2373300
2017-05-11	0.8	0.77	0.81	0.77	721100
2017-05-12	0.75	0.73	0.76	0.73	1126000
2017-05-15	0.73	0.73	0.75	0.74	384100
2017-05-16	0.74	0.74	0.75	0.74	142000
2017-05-17	0.75	0.75	0.76	0.75	110800
2017-05-18	0.75	0.74	0.76	0.75	138400
2017-05-19	0.75	0.74	0.75	0.75	88900
2017-05-22	0.75	0.75	0.81	0.78	2436000
2017-05-23	0.78	0.77	0.78	0.78	218000
2017-05-24	0.78	0.78	0.8	0.79	359200
2017-05-25	0.78	0.77	0.8	0.78	619800
2017-05-26	0.79	0.77	0.8	0.78	262900
2017-05-29	0.79	0.78	0.79	0.79	2700
2017-05-30	0.79	0.77	0.8	0.77	109000
2017-05-31	0.78	0.77	0.79	0.77	234200
2017-06-01	0.77	0.77	0.78	0.77	150000
2017-06-02	0.77	0.77	0.78	0.77	104300
2017-06-05	0.76	0.76	0.78	0.77	128500
2017-06-06	0.76	0.76	0.77	0.77	27800
2017-06-07	0.77	0.75	0.78	0.77	267900
2017-06-08	0.76	0.75	0.76	0.75	185900
2017-06-09	0.75	0.75	0.76	0.75	72700
2017-06-12	0.74	0.74	0.76	0.74	112600
2017-06-13	0.76	0.74	0.76	0.76	95600
2017-06-14	0.75	0.75	0.77	0.77	290900
2017-06-15	0.76	0.76	0.77	0.76	191100
2017-06-16	0.76	0.76	0.77	0.76	37100
2017-06-19	0.75	0.75	0.77	0.75	108900
2017-06-20	0.75	0.75	0.77	0.75	53600
2017-06-21	0.75	0.75	0.76	0.75	55900
2017-06-22	0.75	0.75	0.77	0.77	149500
2017-06-23	0.77	0.76	0.78	0.76	214400
2017-06-26	0.76	0.76	0.78	0.77	345600
2017-06-27	0.78	0.77	0.79	0.77	80400
2017-06-28	0.78	0.77	0.78	0.77	135500
2017-06-29	0.77	0.77	0.78	0.77	162900
2017-06-30	0.77	0.74	0.77	0.76	255300
2017-07-03	0.76	0.73	0.76	0.75	297200
2017-07-04	0.75	0.73	0.82	0.77	5909300
2017-07-05	0.78	0.76	0.78	0.78	343300
2017-07-06	0.78	0.75	0.78	0.76	506600
2017-07-07	0.76	0.75	0.77	0.76	106000
2017-07-11	0.76	0.75	0.76	0.75	206800
2017-07-12	0.74	0.74	0.76	0.76	360500
2017-07-13	0.74	0.74	0.76	0.75	300400
2017-07-14	0.76	0.74	0.76	0.75	311600
2017-07-17	0.74	0.74	0.76	0.75	361200
2017-07-18	0.76	0.75	0.76	0.76	408400
2017-07-19	0.76	0.76	0.76	0.76	155600
2017-07-20	0.76	0.76	0.76	0.76	135600
2017-07-21	0.77	0.76	0.77	0.76	369900
2017-07-24	0.77	0.76	0.77	0.76	125100
2017-07-25	0.76	0.76	0.78	0.77	755300
2017-07-26	0.77	0.76	0.78	0.77	329700
2017-07-27	0.77	0.76	0.77	0.77	186600
2017-07-31	0.77	0.75	0.78	0.75	221600
2017-08-01	0.75	0.75	0.76	0.75	57600
2017-08-02	0.77	0.77	0.78	0.77	261400
2017-08-03	0.78	0.78	0.79	0.79	1601700
2017-08-04	0.9	0.85	1.02	1.02	127497000
2017-08-07	1.16	1.11	1.32	1.32	210130900
2017-08-08	1.31	1.14	1.31	1.21	96175600
2017-08-09	1.23	1.16	1.31	1.29	100671800
2017-08-10	1.24	1.19	1.26	1.24	46199100
2017-08-11	1.24	1.17	1.27	1.2	27491100
2017-08-15	1.21	1.17	1.24	1.19	33495000
2017-08-16	1.2	1.18	1.22	1.22	18057800
2017-08-17	1.22	1.21	1.43	1.36	234773700
2017-08-18	1.33	1.33	1.39	1.38	50341200
2017-08-21	1.41	1.41	1.52	1.48	167297900
2017-08-22	1.46	1.41	1.47	1.46	51323000
2017-08-23	1.46	1.43	1.5	1.44	37614800
2017-08-24	1.46	1.34	1.47	1.36	33186600
2017-08-25	1.35	1.34	1.42	1.4	38495300
2017-08-28	1.4	1.36	1.45	1.37	24623600
2017-08-29	1.37	1.32	1.37	1.34	9487700
2017-08-30	1.35	1.35	1.42	1.42	25728400
2017-08-31	1.45	1.4	1.46	1.42	24335400
2017-09-01	1.42	1.4	1.44	1.41	13618200
2017-09-04	1.44	1.4	1.45	1.42	15273600
2017-09-05	1.41	1.37	1.42	1.38	10945000
2017-09-06	1.37	1.37	1.74	1.68	224039700
2017-09-07	1.71	1.64	1.91	1.67	222720000
2017-09-08	1.64	1.62	1.69	1.69	26116500
2017-09-11	1.73	1.73	1.95	1.8	118321900
2017-09-12	1.89	1.83	1.93	1.85	47280900
2017-09-13	1.8	1.76	1.86	1.79	23977500
2017-09-14	1.79	1.71	1.79	1.73	16845600
2017-09-15	1.75	1.58	1.78	1.58	19442200
2017-09-18	1.54	1.43	1.54	1.5	12634800
2017-09-19	1.52	1.48	1.61	1.61	13426900
2017-09-20	1.58	1.55	1.59	1.57	3692700
2017-09-21	1.58	1.56	1.6	1.58	3846900
2017-09-22	1.6	1.55	1.6	1.58	2104300
2017-09-25	1.58	1.55	1.58	1.57	1760400
2017-09-26	1.57	1.51	1.57	1.51	2166400
2017-09-27	1.52	1.52	1.58	1.54	3234700
2017-09-28	1.55	1.52	1.55	1.52	1951900
2017-09-29	1.52	1.48	1.52	1.49	1886500
2017-10-02	1.4	1.4	1.51	1.49	3330800
2017-10-03	1.52	1.41	1.52	1.44	1867800
2017-10-04	1.44	1.4	1.44	1.42	2827600
2017-10-05	1.4	1.4	1.44	1.41	1346800
2017-10-06	1.42	1.41	1.43	1.41	845100
2017-10-09	1.41	1.4	1.43	1.4	476100
2017-10-10	1.38	1.12	1.39	1.12	4013100
2017-10-11	1.25	1.24	1.32	1.29	11095100
2017-10-12	1.27	1.24	1.27	1.25	2068400
2017-10-16	1.25	1.25	1.3	1.28	1687000
2017-10-17	1.29	1.25	1.29	1.27	1281300
2017-10-18	1.27	1.26	1.34	1.33	2396400
2017-10-19	1.36	1.34	1.41	1.38	6202300
2017-10-20	1.38	1.36	1.39	1.37	1848000
2017-10-24	1.37	1.37	1.4	1.39	2339700
2017-10-25	1.39	1.39	1.47	1.47	7864500
2017-10-27	1.49	1.45	1.61	1.58	18675200
2017-10-30	1.63	1.61	1.76	1.72	56961500
2017-10-31	1.78	1.73	1.83	1.74	32663700
2017-11-01	1.75	1.61	1.75	1.64	10843000
2017-11-02	1.65	1.63	1.79	1.77	23165600
2017-11-03	1.77	1.73	1.78	1.74	10815000
2017-11-06	1.75	1.69	1.75	1.69	3046900
2017-11-07	1.67	1.64	1.71	1.64	4750400
2017-11-08	1.93	1.83	2.0	2.0	114929000
2017-11-09	1.99	1.95	2.14	2.1	53393000
2017-11-10	2.08	2.0	2.1	2.06	15696100
2017-11-13	2.08	2.04	2.18	2.18	41355900
2017-11-14	2.2	2.14	2.22	2.16	23791300
2017-11-15	2.16	2.12	2.28	2.18	34360800
2017-11-16	2.18	2.1	2.18	2.1	11958700
2017-11-17	2.12	2.02	2.16	2.06	9914600
2017-11-20	2.06	2.0	2.1	2.0	7949100
2017-11-21	2.0	2.0	2.12	2.1	14668900
2017-11-22	2.08	2.0	2.14	2.0	8841800
2017-11-23	2.02	1.84	2.04	1.96	15216400
2017-11-24	1.93	1.86	1.96	1.86	4200500
2017-11-27	1.89	1.87	1.92	1.89	1990200
2017-11-28	1.88	1.88	1.93	1.88	2274700
2017-11-29	1.89	1.88	2.06	2.04	30372100
2017-11-30	2.04	1.93	2.04	1.96	12534300
2017-12-01	1.98	1.92	1.98	1.94	3339800
2017-12-04	1.96	1.79	1.96	1.81	8255500
2017-12-06	1.83	1.71	1.83	1.72	5600200
2017-12-07	1.72	1.69	1.75	1.71	7033200
2017-12-08	1.71	1.68	1.77	1.68	15760100
2017-12-12	1.68	1.56	1.69	1.57	8584200
2017-12-13	1.57	1.54	1.63	1.6	10264300
2017-12-14	1.59	1.55	1.59	1.55	4335300
2017-12-15	1.55	1.44	1.55	1.45	7721200
2017-12-18	1.45	1.43	1.66	1.63	26312000
2017-12-19	1.65	1.55	1.67	1.59	18257200
2017-12-20	1.59	1.55	1.63	1.59	6771300
2017-12-21	1.6	1.59	1.8	1.76	59695900
2017-12-22	1.76	1.74	1.85	1.75	36121000
2017-12-25	1.73	1.71	1.88	1.86	31670900
2017-12-26	1.85	1.82	1.88	1.85	16695700
2017-12-27	1.87	1.79	1.95	1.79	42295100
2017-12-28	1.79	1.74	1.81	1.75	10029000
2017-12-29	1.76	1.73	1.84	1.79	12978700
2018-01-03	1.81	1.71	1.82	1.74	6597100
2018-01-04	1.76	1.75	1.81	1.77	12817500
2018-01-05	1.78	1.73	1.81	1.75	10525800
2018-01-08	1.75	1.75	1.84	1.81	25924000
2018-01-09	1.84	1.75	1.85	1.75	25936100
2018-01-10	1.8	1.77	1.82	1.78	9446200
2018-01-11	1.78	1.77	1.81	1.79	9121000
2018-01-12	1.8	1.8	1.94	1.94	58321200
2018-01-15	1.93	1.89	1.94	1.92	20470100
2018-01-16	1.95	1.89	2.0	1.89	42893600
2018-01-17	1.89	1.85	1.9	1.87	6933500
2018-01-18	1.89	1.82	1.91	1.82	7087400
2018-01-19	1.83	1.78	1.83	1.8	4551800
2018-01-22	1.79	1.74	1.87	1.87	14214000
2018-01-23	1.85	1.81	1.87	1.82	5970600
2018-01-24	1.83	1.78	1.84	1.78	2966600
2018-01-25	1.79	1.77	1.83	1.78	3001400
2018-01-26	1.78	1.74	1.84	1.79	5495400
2018-01-29	1.79	1.77	1.83	1.8	3588300
2018-01-30	1.8	1.78	1.8	1.78	2552100
2018-01-31	1.77	1.77	1.85	1.84	7047900
2018-02-01	1.86	1.8	1.88	1.8	7023800
2018-02-02	1.8	1.77	1.82	1.77	2819500
2018-02-05	1.75	1.71	1.77	1.72	3486300
2018-02-06	1.68	1.62	1.7	1.64	10157700
2018-02-07	1.67	1.65	1.7	1.68	3021700
2018-02-08	1.67	1.67	1.7	1.67	1350600
2018-02-09	1.65	1.64	1.68	1.67	1316900
2018-02-12	1.68	1.68	1.75	1.73	5884900
2018-02-13	1.73	1.71	1.77	1.72	5630400
2018-02-14	1.74	1.72	1.83	1.81	12546000
2018-02-15	1.82	1.79	1.92	1.9	20560800
2018-02-16	1.95	1.82	1.99	1.84	38018500
2018-02-19	1.83	1.81	1.87	1.82	8051400
2018-02-20	1.84	1.76	1.84	1.78	9584900
2018-02-21	1.79	1.75	1.88	1.8	13446800
2018-02-22	1.8	1.7	1.8	1.7	5262400
2018-02-23	1.7	1.69	1.74	1.72	3092100
2018-02-26	1.75	1.73	1.79	1.75	5772600
2018-02-27	1.72	1.64	1.73	1.64	3060400
2018-02-28	1.63	1.63	1.69	1.64	2574900
2018-03-02	1.65	1.59	1.67	1.59	2315400
2018-03-05	1.61	1.49	1.61	1.51	4830000
2018-03-06	1.52	1.42	1.54	1.42	3542500
2018-03-07	1.44	1.37	1.46	1.37	4996400
2018-03-08	1.39	1.34	1.41	1.38	2755900
2018-03-09	1.38	1.34	1.39	1.37	1876500
2018-03-12	1.37	1.36	1.42	1.36	4655500
2018-03-13	1.37	1.34	1.39	1.39	2826600
2018-03-14	1.4	1.38	1.48	1.48	4045000
2018-03-15	1.5	1.44	1.5	1.44	2989900
2018-03-16	1.47	1.44	1.48	1.44	3096800
2018-03-19	1.45	1.36	1.45	1.36	2585700
2018-03-20	1.35	1.35	1.39	1.37	1260700
2018-03-21	1.39	1.37	1.41	1.41	1283200
2018-03-22	1.42	1.37	1.42	1.37	1370500
2018-03-23	1.37	1.35	1.4	1.36	2480900
2018-03-26	1.36	1.36	1.39	1.36	1159500
2018-03-27	1.37	1.37	1.42	1.38	4169900
2018-03-28	1.38	1.37	1.43	1.41	4183500
2018-03-29	1.43	1.35	1.43	1.35	3539700
2018-03-30	1.36	1.35	1.38	1.36	1199800
2018-04-02	1.36	1.36	1.39	1.37	797100
2018-04-03	1.37	1.36	1.39	1.36	697500
2018-04-04	1.37	1.29	1.38	1.31	2095800
2018-04-05	1.32	1.29	1.32	1.29	653500
2018-04-09	1.28	1.28	1.31	1.28	700200
2018-04-10	1.3	1.29	1.34	1.32	2356300
2018-04-11	1.33	1.31	1.35	1.33	1331300
2018-04-12	1.35	1.31	1.4	1.39	5404800
2018-04-17	1.4	1.4	1.47	1.47	4653300
2018-04-18	1.49	1.44	1.49	1.45	2946700
2018-04-19	1.46	1.41	1.47	1.44	2144700
2018-04-20	1.43	1.43	1.59	1.52	9510300
2018-04-23	1.54	1.5	1.55	1.51	2961400
2018-04-24	1.51	1.51	1.64	1.6	19545100
2018-04-25	1.59	1.57	1.64	1.64	8614100
2018-04-26	1.66	1.58	1.66	1.61	5344600
2018-04-27	1.61	1.57	1.63	1.57	2815600
2018-04-30	1.58	1.56	1.59	1.59	1163800
2018-05-02	1.6	1.57	1.61	1.59	1699900
2018-05-03	1.59	1.5	1.59	1.56	2382600
2018-05-04	1.57	1.5	1.57	1.5	1517400
2018-05-07	1.52	1.5	1.55	1.5	5075300
2018-05-08	1.61	1.61	1.71	1.69	46048000
2018-05-09	1.65	1.62	1.7	1.68	14728800
2018-05-10	1.68	1.61	1.71	1.61	15214700
2018-05-11	1.6	1.5	1.6	1.53	7913600
2018-05-14	1.53	1.5	1.57	1.55	4280700
2018-05-15	1.56	1.51	1.56	1.52	1336600
2018-05-16	1.52	1.5	1.53	1.5	796000
2018-05-17	1.51	1.51	1.56	1.52	2692000
2018-05-18	1.51	1.5	1.53	1.51	918000
2018-05-21	1.52	1.5	1.53	1.51	1354700
2018-05-22	1.52	1.43	1.52	1.44	2682700
2018-05-23	1.44	1.42	1.46	1.44	852000
2018-05-24	1.44	1.41	1.45	1.41	769700
2018-05-25	1.41	1.41	1.45	1.41	658800
2018-05-28	1.4	1.4	1.42	1.42	263700
2018-05-30	1.42	1.39	1.42	1.4	461700
2018-05-31	1.4	1.39	1.41	1.41	366500
2018-06-01	1.41	1.37	1.41	1.37	814900
2018-06-04	1.38	1.37	1.39	1.37	232300
2018-06-05	1.38	1.35	1.43	1.38	780100
2018-06-06	1.38	1.38	1.4	1.4	450600
2018-06-07	1.4	1.4	1.45	1.41	2562000
2018-06-08	1.41	1.39	1.42	1.39	506600
2018-06-11	1.4	1.39	1.41	1.39	360000
2018-06-12	1.4	1.4	1.49	1.47	6577800
2018-06-13	1.48	1.46	1.51	1.46	7220300
2018-06-14	1.45	1.41	1.46	1.45	1102600
2018-06-15	1.46	1.4	1.46	1.4	1410000
2018-06-18	1.43	1.38	1.43	1.38	725800
2018-06-19	1.36	1.32	1.37	1.33	1126000
2018-06-20	1.32	1.32	1.36	1.33	1768900
2018-06-21	1.34	1.26	1.34	1.26	2901800
2018-06-22	1.26	1.26	1.28	1.28	1009300
2018-06-25	1.28	1.26	1.29	1.26	516100
2018-06-26	1.26	1.22	1.26	1.24	991700
2018-06-27	1.26	1.25	1.32	1.26	2783400
2018-06-28	1.28	1.23	1.3	1.23	1615100
2018-06-29	1.25	1.18	1.25	1.18	1297000
2018-07-02	1.2	1.18	1.23	1.23	417300
2018-07-03	1.24	1.23	1.26	1.25	335600
2018-07-04	1.27	1.24	1.27	1.25	187100
2018-07-05	1.24	1.19	1.26	1.19	870200
2018-07-06	1.19	1.17	1.24	1.22	1036100
2018-07-09	1.23	1.21	1.25	1.21	429000
2018-07-10	1.22	1.22	1.24	1.24	378500
2018-07-11	1.24	1.23	1.44	1.42	21445400
2018-07-12	1.41	1.37	1.44	1.37	7648000
2018-07-13	1.39	1.38	1.42	1.4	4415600
2018-07-16	1.41	1.31	1.46	1.32	12402100
2018-07-17	1.31	1.28	1.31	1.29	1752000
2018-07-18	1.31	1.3	1.43	1.4	13855800
2018-07-19	1.4	1.39	1.42	1.4	4510400
2018-07-20	1.41	1.4	1.47	1.4	10646100
2018-07-23	1.39	1.37	1.41	1.38	2892000
2018-07-24	1.39	1.34	1.4	1.34	1383600
2018-07-25	1.36	1.36	1.41	1.38	1943000
2018-07-26	1.38	1.37	1.4	1.4	545200
2018-07-31	1.43	1.39	1.43	1.39	1642900
2018-08-01	1.4	1.4	1.53	1.48	26489000
2018-08-02	1.48	1.45	1.5	1.46	5537100
2018-08-03	1.46	1.45	1.49	1.46	2795300
2018-08-06	1.48	1.45	1.49	1.45	2799300
2018-08-07	1.46	1.41	1.46	1.43	2338200
2018-08-08	1.43	1.38	1.44	1.38	5910600
2018-08-09	1.4	1.38	1.43	1.41	4149400
2018-08-10	1.41	1.33	1.41	1.34	3716500
2018-08-14	1.31	1.3	1.36	1.36	1408300
2018-08-15	1.35	1.31	1.35	1.31	830000
2018-08-16	1.31	1.3	1.33	1.32	529400
2018-08-17	1.32	1.32	1.35	1.33	269800
2018-08-20	1.34	1.32	1.4	1.38	3292300
2018-08-21	1.38	1.36	1.42	1.38	2156600
2018-08-22	1.38	1.34	1.4	1.35	1996200
2018-08-23	1.33	1.33	1.38	1.34	2447300
2018-08-24	1.33	1.33	1.38	1.38	2637500
2018-08-27	1.39	1.37	1.4	1.38	1008600
2018-08-28	1.39	1.37	1.48	1.46	23910400
2018-08-29	1.45	1.43	1.46	1.45	5940100
2018-08-30	1.46	1.44	1.52	1.46	18697600
2018-08-31	1.46	1.45	1.5	1.46	8694200
2018-09-03	1.47	1.47	1.5	1.47	3535700
2018-09-04	1.48	1.48	1.58	1.56	16532800
2018-09-05	1.55	1.49	1.56	1.52	7635900
2018-09-06	1.5	1.49	1.53	1.51	3514300
2018-09-07	1.52	1.52	1.57	1.52	9881900
2018-09-10	1.52	1.52	1.55	1.54	5712600
2018-09-11	1.55	1.54	1.59	1.57	13151400
2018-09-12	1.61	1.6	1.7	1.69	47722100
2018-09-13	1.75	1.62	1.77	1.62	38140200
2018-09-14	1.65	1.59	1.66	1.59	11682400
2018-09-17	1.58	1.55	1.61	1.6	7593400
2018-09-18	1.61	1.6	1.65	1.63	6958400
2018-09-19	1.64	1.58	1.65	1.58	4338900
2018-09-20	1.6	1.55	1.61	1.58	5300900
2018-09-21	1.59	1.57	1.61	1.57	3193500
2018-09-24	1.58	1.57	1.6	1.58	2533100
2018-09-25	1.59	1.57	1.69	1.69	23152100
2018-09-26	1.67	1.64	1.69	1.68	9494900
2018-09-27	1.68	1.64	1.68	1.67	3212100
2018-09-28	1.69	1.68	1.72	1.68	12072700
2018-10-01	1.68	1.67	1.72	1.67	5003800
2018-10-02	1.68	1.63	1.68	1.63	2138200
2018-10-03	1.64	1.58	1.66	1.58	4102300
2018-10-04	1.58	1.55	1.6	1.57	1611100
2018-10-05	1.55	1.54	1.57	1.54	1500900
2018-10-08	1.52	1.47	1.55	1.47	3139800
2018-10-09	1.47	1.45	1.5	1.45	1826100
2018-10-10	1.46	1.45	1.52	1.47	3547700
2018-10-11	1.43	1.41	1.46	1.44	1517200
2018-10-12	1.45	1.45	1.51	1.5	2012300
2018-10-16	1.53	1.52	1.58	1.55	5507000
2018-10-17	1.56	1.56	1.62	1.58	5838100
2018-10-18	1.57	1.55	1.59	1.55	1659300
2018-10-19	1.56	1.55	1.59	1.56	2893900
2018-10-22	1.56	1.49	1.59	1.5	2166800
2018-10-24	1.49	1.44	1.49	1.44	1567900
2018-10-25	1.41	1.41	1.49	1.48	646700
2018-10-26	1.48	1.48	1.5	1.48	645200
2018-10-29	1.5	1.49	1.53	1.52	619700
2018-10-30	1.53	1.5	1.53	1.5	177100
2018-10-31	1.51	1.51	1.53	1.53	1236100
2018-11-01	1.53	1.52	1.53	1.52	697000
2018-11-02	1.53	1.52	1.56	1.54	917500
2018-11-05	1.54	1.47	1.54	1.47	754100
2018-11-06	1.48	1.48	1.5	1.48	584900
2018-11-07	1.47	1.42	1.48	1.42	3138700
2018-11-08	1.44	1.43	1.45	1.43	631600
2018-11-09	1.42	1.41	1.44	1.43	472500
2018-11-12	1.42	1.41	1.44	1.41	294200
2018-11-13	1.41	1.38	1.41	1.39	621100
2018-11-14	1.39	1.38	1.41	1.38	576500
2018-11-15	1.39	1.37	1.41	1.37	470700
2018-11-16	1.39	1.35	1.39	1.35	283700
2018-11-19	1.37	1.33	1.37	1.33	153700
2018-11-20	1.32	1.24	1.32	1.25	1648400
2018-11-21	1.19	1.17	1.22	1.22	1110600
2018-11-22	1.22	1.21	1.24	1.21	351700
2018-11-23	1.22	1.21	1.24	1.24	115400
2018-11-26	1.23	1.23	1.26	1.26	604200
2018-11-27	1.27	1.26	1.3	1.26	339100
2018-11-28	1.28	1.27	1.29	1.28	177700
2018-11-29	1.28	1.26	1.28	1.27	181600
2018-11-30	1.27	1.26	1.27	1.27	59700
2018-12-03	1.28	1.28	1.3	1.29	276100
2018-12-04	1.28	1.27	1.29	1.27	143000
2018-12-06	1.25	1.25	1.27	1.27	198300
2018-12-07	1.26	1.25	1.26	1.25	98700
2018-12-11	1.25	1.25	1.26	1.26	272700
2018-12-12	1.26	1.26	1.27	1.26	86600
2018-12-13	1.27	1.24	1.27	1.24	307400
2018-12-14	1.25	1.23	1.25	1.24	51700
2018-12-17	1.24	1.19	1.24	1.19	211500
2018-12-18	1.21	1.17	1.21	1.17	266300
2018-12-19	1.18	1.17	1.19	1.19	212200
2018-12-20	1.19	1.15	1.19	1.17	350900
2018-12-21	1.13	1.13	1.17	1.17	227900
2018-12-24	1.16	1.14	1.17	1.14	134600
2018-12-25	1.13	1.11	1.13	1.11	464800
2018-12-26	1.11	1.08	1.12	1.09	249100
2018-12-27	1.11	1.08	1.12	1.08	221800
2018-12-28	1.1	1.08	1.1	1.1	53900
2019-01-02	1.07	1.07	1.13	1.08	291700
2019-01-03	1.09	1.09	1.11	1.1	170500
2019-01-04	1.09	1.05	1.09	1.05	718200
2019-01-07	1.07	1.07	1.09	1.07	468200
2019-01-08	1.07	1.07	1.17	1.1	1322000
2019-01-09	1.12	1.1	1.15	1.1	823800
2019-01-10	1.1	1.09	1.11	1.09	191100
2019-01-11	1.1	1.1	1.12	1.11	88900
2019-01-14	1.12	1.1	1.12	1.1	89200
2019-01-15	1.11	1.1	1.11	1.1	8700
2019-01-16	1.09	1.09	1.12	1.09	97000
2019-01-17	1.1	1.09	1.16	1.09	1736500
2019-01-18	1.1	1.1	1.18	1.16	2089100
2019-01-21	1.17	1.16	1.2	1.17	1883800
2019-01-22	1.2	1.17	1.2	1.17	99500
2019-01-23	1.18	1.16	1.18	1.16	149000
2019-01-24	1.18	1.17	1.18	1.18	120400
2019-01-25	1.18	1.16	1.18	1.17	211700
2019-01-28	1.15	1.15	1.17	1.17	165100
2019-01-29	1.16	1.13	1.16	1.13	598900
2019-01-30	1.13	1.13	1.19	1.16	1065800
2019-01-31	1.17	1.15	1.23	1.21	2933900
2019-02-01	1.21	1.19	1.22	1.2	597700
2019-02-04	1.2	1.19	1.22	1.2	494100
2019-02-05	1.2	1.17	1.24	1.2	1172000
2019-02-06	1.21	1.19	1.22	1.2	255500
2019-02-07	1.2	1.18	1.21	1.18	247800
2019-02-08	1.19	1.17	1.2	1.18	224100
2019-02-11	1.17	1.17	1.19	1.19	161200
2019-02-12	1.18	1.18	1.26	1.25	2166100
2019-02-13	1.31	1.3	1.51	1.48	44303800
2019-02-14	1.45	1.42	1.47	1.47	13148100
2019-02-15	1.46	1.41	1.49	1.44	5779400
2019-02-18	1.45	1.36	1.47	1.38	6638900
2019-02-20	1.38	1.35	1.4	1.37	2905300
2019-02-21	1.38	1.34	1.38	1.37	1346100
2019-02-22	1.37	1.35	1.47	1.46	9572100
2019-02-25	1.47	1.44	1.49	1.44	8118900
2019-02-26	1.44	1.44	1.53	1.5	16204100
2019-02-27	1.53	1.48	1.57	1.48	15843500
2019-02-28	1.42	1.37	1.43	1.37	3071200
2019-03-01	1.37	1.34	1.41	1.34	2095100
2019-03-04	1.35	1.32	1.36	1.32	726200
2019-03-05	1.32	1.32	1.38	1.37	1176100
2019-03-06	1.36	1.36	1.43	1.42	3392000
2019-03-07	1.42	1.38	1.43	1.39	962500
2019-03-08	1.39	1.36	1.4	1.39	569000
2019-03-11	1.39	1.35	1.39	1.36	643000
2019-03-12	1.37	1.36	1.43	1.36	1976100
2019-03-13	1.37	1.37	1.4	1.38	757000
2019-03-14	1.39	1.37	1.39	1.37	349200
2019-03-15	1.37	1.33	1.37	1.35	692200
2019-03-18	1.35	1.34	1.35	1.34	116800
2019-03-19	1.34	1.34	1.37	1.35	313600
2019-03-20	1.36	1.35	1.38	1.37	202000
2019-03-21	1.38	1.38	1.4	1.38	380800
2019-03-22	1.38	1.37	1.39	1.38	277200
2019-03-25	1.35	1.34	1.37	1.34	303000
2019-03-26	1.34	1.34	1.36	1.36	83400
2019-03-27	1.36	1.34	1.38	1.35	231500
2019-03-28	1.36	1.33	1.36	1.34	244600
2019-03-29	1.34	1.34	1.38	1.34	560600
2019-04-01	1.35	1.32	1.35	1.32	405700
2019-04-02	1.34	1.33	1.41	1.41	6191000
2019-04-03	1.4	1.38	1.43	1.38	7291700
2019-04-04	1.38	1.36	1.4	1.36	1612800
2019-04-05	1.38	1.35	1.4	1.35	620000
2019-04-09	1.38	1.36	1.38	1.37	437800
2019-04-10	1.38	1.35	1.38	1.35	311000
2019-04-11	1.37	1.36	1.37	1.37	153900
2019-04-12	1.37	1.36	1.38	1.38	259500
2019-04-17	1.38	1.36	1.39	1.39	239900
2019-04-18	1.39	1.37	1.39	1.38	271800
2019-04-19	1.38	1.37	1.39	1.37	179400
2019-04-22	1.38	1.36	1.38	1.37	281500
2019-04-23	1.37	1.35	1.37	1.35	392400
2019-04-24	1.35	1.35	1.4	1.39	3026700
2019-04-25	1.38	1.38	1.39	1.38	950600
2019-04-26	1.39	1.37	1.43	1.37	3424100
2019-04-29	1.38	1.37	1.39	1.38	606000
2019-04-30	1.38	1.36	1.39	1.38	677800
2019-05-02	1.38	1.37	1.39	1.39	189500
2019-05-03	1.39	1.38	1.4	1.38	340600
2019-05-07	1.37	1.37	1.4	1.4	370900
2019-05-08	1.43	1.42	1.52	1.51	16413800
2019-05-09	1.49	1.47	1.51	1.47	4867900
2019-05-10	1.47	1.46	1.54	1.5	9186100
2019-05-13	1.53	1.5	1.58	1.5	12299100
2019-05-14	1.48	1.41	1.48	1.43	4501100
2019-05-15	1.44	1.39	1.45	1.39	1746100
2019-05-16	1.39	1.29	1.4	1.33	2432300
2019-05-17	1.32	1.31	1.34	1.31	943100
2019-05-21	1.31	1.3	1.35	1.31	1017400
2019-05-22	1.32	1.32	1.37	1.35	1921800
2019-05-23	1.34	1.34	1.38	1.37	1768000
2019-05-24	1.36	1.36	1.41	1.41	600700
2019-05-27	1.41	1.4	1.45	1.45	1260600
2019-05-28	1.44	1.44	1.5	1.45	2213000
2019-05-29	1.46	1.41	1.46	1.42	530200
2019-05-30	1.43	1.43	1.45	1.43	192300
2019-05-31	1.43	1.42	1.44	1.42	278600
2019-06-04	1.42	1.42	1.46	1.43	531500
2019-06-05	1.43	1.43	1.45	1.43	355800
2019-06-06	1.43	1.42	1.45	1.45	281300
2019-06-07	1.45	1.44	1.49	1.49	1432900
2019-06-10	1.5	1.5	1.54	1.54	1326500
2019-06-11	1.56	1.5	1.56	1.54	1114200
2019-06-12	1.54	1.52	1.55	1.53	460000
2019-06-13	1.53	1.51	1.54	1.51	2063600
2019-06-14	1.52	1.52	1.54	1.53	596600
2019-06-17	1.53	1.53	1.58	1.57	1472800
2019-06-18	1.57	1.57	1.6	1.6	1214100
2019-06-19	1.6	1.59	1.61	1.6	533600
2019-06-20	1.61	1.6	1.63	1.61	1099300
2019-06-21	1.61	1.55	1.61	1.55	793200
2019-06-24	1.59	1.58	1.6	1.58	406100
2019-06-25	1.61	1.58	1.63	1.6	455200
2019-06-26	1.62	1.59	1.65	1.64	2269500
2019-06-27	1.65	1.63	1.66	1.63	1140000
2019-06-28	1.65	1.6	1.66	1.62	357900
2019-07-01	1.63	1.61	1.64	1.61	371800
2019-07-02	1.62	1.6	1.63	1.62	416300
2019-07-03	1.63	1.62	1.66	1.62	713000
2019-07-04	1.64	1.62	1.65	1.62	1043100
2019-07-05	1.63	1.58	1.63	1.58	670900
2019-07-08	1.58	1.56	1.6	1.6	824900
2019-07-09	1.59	1.56	1.6	1.56	539200
2019-07-10	1.55	1.53	1.57	1.53	657200
2019-07-11	1.53	1.49	1.53	1.51	1119600
2019-07-12	1.51	1.51	1.53	1.53	370300
2019-07-15	1.53	1.52	1.56	1.55	672200
2019-07-17	1.62	1.58	1.62	1.6	634200
2019-07-18	1.62	1.6	1.63	1.6	669100
2019-07-19	1.6	1.58	1.63	1.61	1593200
2019-07-22	1.63	1.61	1.64	1.64	381600
2019-07-23	1.66	1.63	1.66	1.65	859700
2019-07-24	1.65	1.63	1.65	1.63	301400
2019-07-25	1.65	1.63	1.7	1.64	5286200
2019-07-26	1.63	1.62	1.65	1.62	629900
2019-07-30	1.63	1.59	1.66	1.6	565900
2019-07-31	1.58	1.58	1.64	1.63	462400
2019-08-01	1.66	1.59	1.66	1.6	522600
2019-08-02	1.59	1.59	1.64	1.62	1210300
2019-08-05	1.6	1.6	1.65	1.65	538200
2019-08-06	1.63	1.6	1.65	1.62	330300
2019-08-07	1.71	1.61	1.71	1.65	3694300
2019-08-08	1.65	1.61	1.65	1.61	2604500
2019-08-09	1.62	1.55	1.62	1.56	4190200
2019-08-13	1.53	1.49	1.56	1.51	893900
2019-08-14	1.5	1.45	1.53	1.45	1030700
2019-08-15	1.43	1.42	1.5	1.45	574500
2019-08-16	1.5	1.47	1.52	1.49	509300
2019-08-19	1.52	1.48	1.52	1.5	648900
2019-08-20	1.5	1.47	1.54	1.52	1021100
2019-08-21	1.52	1.52	1.55	1.54	817100
2019-08-22	1.54	1.54	1.57	1.56	884200
2019-08-23	1.54	1.54	1.58	1.58	233700
2019-08-26	1.58	1.56	1.59	1.58	2039600
2019-08-27	1.58	1.58	1.61	1.61	344200
2019-08-28	1.61	1.6	1.62	1.62	218500
2019-08-29	1.63	1.63	1.65	1.65	861100
2019-08-30	1.65	1.6	1.65	1.6	251500
2019-09-02	1.63	1.62	1.64	1.63	277800
2019-09-03	1.63	1.62	1.64	1.64	453500
2019-09-04	1.63	1.6	1.64	1.64	299300
2019-09-05	1.64	1.63	1.64	1.64	3717200
2019-09-06	1.64	1.62	1.67	1.62	973200
2019-09-09	1.62	1.62	1.65	1.64	447900
2019-09-10	1.64	1.63	1.67	1.64	638100
2019-09-11	1.65	1.65	1.81	1.73	16134300
2019-09-12	1.73	1.66	1.73	1.68	5017900
2019-09-13	1.7	1.67	1.72	1.68	855600
2019-09-16	1.7	1.7	1.72	1.72	828500
2019-09-17	1.73	1.72	1.84	1.77	16055300
2019-09-18	1.82	1.77	1.82	1.78	5431200
2019-09-19	1.78	1.75	1.8	1.77	1415300
2019-09-20	1.75	1.75	1.86	1.83	6143300
2019-09-23	1.85	1.81	1.89	1.81	4525600
2019-09-24	1.83	1.79	1.86	1.84	2130000
2019-09-25	1.85	1.8	1.85	1.8	2022000
2019-09-26	1.8	1.79	1.83	1.8	967200
2019-09-27	1.8	1.8	1.86	1.84	1540700
2019-09-30	1.86	1.85	2.08	2.08	25091400
2019-10-01	2.12	2.12	2.52	2.4	44228200
2019-10-02	2.4	2.2	2.5	2.28	26028000
2019-10-03	2.24	2.22	2.54	2.5	31144500
2019-10-04	2.5	2.38	2.56	2.38	17133900
2019-10-07	2.4	2.12	2.52	2.26	24607500
2019-10-08	2.32	2.02	2.32	2.1	17572100
2019-10-09	2.02	1.93	2.1	2.04	17041900
2019-10-10	2.04	1.99	2.12	2.06	9417700
2019-10-11	2.1	2.02	2.1	2.02	5421400
2019-10-15	2.06	2.02	2.22	2.2	14909800
2019-10-16	2.2	2.2	2.32	2.24	14272200
2019-10-17	2.24	2.22	2.36	2.28	13038000
2019-10-18	2.28	2.1	2.34	2.14	11249000
2019-10-21	2.12	2.1	2.22	2.18	6176500
2019-10-22	2.2	2.18	2.32	2.3	9669100
2019-10-24	2.34	2.26	2.42	2.28	9493300
2019-10-25	2.28	2.1	2.28	2.1	6008200
2019-10-28	2.12	1.98	2.14	2.1	6037900
2019-10-29	2.12	2.1	2.18	2.14	2277800
2019-10-30	2.14	2.14	2.32	2.32	13529700
2019-10-31	2.32	2.28	2.5	2.5	21524700
2019-11-01	2.6	2.3	2.7	2.32	28004200
2019-11-04	2.26	2.24	2.44	2.44	7604100
2019-11-05	2.44	2.38	2.52	2.4	6374300
2019-11-06	2.6	2.52	2.64	2.6	10964700
2019-11-07	2.66	2.64	3.0	2.96	33369300
2019-11-08	2.94	2.9	3.12	3.02	18858700
2019-11-11	3.02	2.92	3.12	2.94	7804100
2019-11-12	2.96	2.86	3.0	2.94	5167700
2019-11-13	2.96	2.82	2.96	2.82	4507000
2019-11-14	2.78	2.72	2.94	2.9	6470400
2019-11-15	2.92	2.88	3.02	2.88	8157900
2019-11-18	2.84	2.84	3.0	3.0	4771600
2019-11-19	3.0	2.96	3.06	2.96	4426900
2019-11-20	2.94	2.88	2.98	2.9	2557300
2019-11-21	2.9	2.82	2.9	2.88	2831600
2019-11-22	2.9	2.86	3.16	3.16	6198900
2019-11-25	3.16	3.14	3.36	3.14	13398100
2019-11-26	3.16	3.1	3.18	3.14	4506600
2019-11-27	3.16	3.04	3.22	3.06	2743700
2019-11-28	3.12	3.06	3.24	3.08	7308800
2019-11-29	3.08	2.92	3.12	2.96	5023100
2019-12-02	2.96	2.86	2.96	2.88	2147800
2019-12-03	2.88	2.88	2.98	2.92	2323700
2019-12-04	2.9	2.86	2.94	2.86	1597500
2019-12-06	2.9	2.88	3.02	2.9	3227700
2019-12-09	2.92	2.86	2.94	2.86	1914800
2019-12-11	2.84	2.62	2.84	2.62	6087900
2019-12-12	2.64	2.6	2.76	2.74	9712900
2019-12-13	2.82	2.74	2.9	2.82	7811600
2019-12-16	2.84	2.7	2.84	2.7	2698700
2019-12-17	2.7	2.6	2.76	2.64	2831800
2019-12-18	2.68	2.66	2.74	2.72	2972500
2019-12-19	2.72	2.7	2.82	2.82	2297400
2019-12-20	2.84	2.76	2.84	2.8	1591500
2019-12-23	2.82	2.74	2.88	2.8	2361100
2019-12-24	2.82	2.76	2.88	2.82	3241900
2019-12-25	2.84	2.76	2.84	2.76	883800
2019-12-26	2.76	2.7	2.78	2.74	1377800
2019-12-27	2.76	2.74	2.9	2.88	2898000
2019-12-30	2.86	2.86	3.04	3.04	4616600
2020-01-02	3.04	2.94	3.1	3.02	5695600
2020-01-03	3.02	2.98	3.08	3.0	3012300
2020-01-06	2.96	2.8	2.96	2.8	3596100
2020-01-07	2.86	2.84	2.92	2.92	2364900
2020-01-08	2.84	2.68	2.86	2.72	3574100
2020-01-09	2.82	2.8	2.88	2.8	2995400
2020-01-10	2.86	2.76	2.86	2.82	2409000
2020-01-13	2.86	2.78	3.0	3.0	9062100
2020-01-14	3.04	2.94	3.04	2.96	4640700
2020-01-15	2.98	2.9	3.0	2.9	1915700
2020-01-16	2.94	2.94	3.12	3.12	8701300
2020-01-17	3.12	3.04	3.14	3.06	4224800
2020-01-20	3.04	2.98	3.04	3.0	2153500
2020-01-21	3.02	3.02	3.16	3.04	7568900
2020-01-22	3.04	2.76	3.06	2.86	9759300
2020-01-23	2.84	2.82	2.94	2.94	5637500
2020-01-24	2.94	2.92	3.1	3.06	8455800
2020-01-27	2.94	2.88	2.98	2.94	5860700
2020-01-28	2.92	2.6	3.0	2.76	7162200
2020-01-29	2.82	2.78	2.88	2.84	4586400
2020-01-30	2.8	2.78	2.84	2.82	2042600
2020-01-31	2.84	2.8	2.86	2.8	2063800
2020-02-03	2.72	2.7	2.78	2.72	2774500
2020-02-04	2.72	2.72	2.78	2.78	1670400
2020-02-05	2.8	2.76	2.84	2.84	2168200
2020-02-06	2.84	2.78	2.86	2.78	1173700
2020-02-07	2.76	2.76	2.84	2.82	1672000
2020-02-11	2.8	2.72	2.8	2.74	1979700
2020-02-12	2.72	2.72	2.8	2.8	1725000
2020-02-13	2.8	2.76	2.8	2.78	1784700
2020-02-14	2.98	2.96	3.3	3.2	34916500
2020-02-17	3.34	3.14	3.4	3.28	12237700
2020-02-18	3.3	3.2	3.5	3.44	19657700
2020-02-19	3.38	3.16	3.4	3.22	11060100
2020-02-20	3.2	3.02	3.2	3.16	6640900
2020-02-21	3.1	2.86	3.16	3.04	17987900
2020-02-24	2.9	2.72	2.96	2.8	12448200
2020-02-25	2.78	2.54	2.84	2.66	13683600
2020-02-26	2.6	2.42	2.66	2.44	9596600
2020-02-27	2.3	2.2	2.36	2.36	5948600
2020-02-28	2.16	1.99	2.2	2.06	13838900
2020-03-02	2.1	1.84	2.14	2.02	7701800
2020-03-03	2.1	2.04	2.24	2.18	6155000
2020-03-04	2.14	2.12	2.34	2.28	3734000
2020-03-05	2.34	2.24	2.44	2.26	4867800
2020-03-06	2.24	2.18	2.32	2.22	1834700
2020-03-09	2.0	1.98	2.1	2.08	3163600
2020-03-10	2.14	2.08	2.18	2.18	1590700
2020-03-11	2.18	1.98	2.28	2.08	3548000
2020-03-12	2.0	1.86	2.0	1.95	3688800
2020-03-13	1.8	1.64	2.02	1.88	4255600
2020-03-16	1.7	1.65	1.81	1.65	2071700
2020-03-17	1.65	1.54	1.75	1.57	2822200
2020-03-18	1.59	1.59	1.71	1.59	2252000
2020-03-19	1.57	1.5	1.61	1.61	1218800
2020-03-20	1.67	1.65	1.84	1.76	5326800
2020-03-23	1.59	1.5	1.69	1.5	3788000
2020-03-24	1.53	1.3	1.55	1.33	2206400
2020-03-25	1.39	1.35	1.46	1.38	1353900
2020-03-26	1.41	1.4	1.51	1.48	1118900
2020-03-27	1.52	1.47	1.59	1.52	1991200
2020-03-30	1.52	1.45	1.52	1.47	604500
2020-03-31	1.5	1.48	1.52	1.51	1049200
2020-04-01	1.51	1.49	1.56	1.5	1162300
2020-04-02	1.5	1.5	1.54	1.54	713800
2020-04-03	1.54	1.51	1.55	1.51	631300
2020-04-07	1.6	1.56	1.73	1.71	3938900
2020-04-08	1.75	1.71	1.85	1.74	6794800
2020-04-09	1.79	1.78	1.88	1.81	4850800
2020-04-10	1.84	1.82	1.95	1.89	2930000
2020-04-13	1.93	1.84	2.12	2.12	7815900
2020-04-14	2.2	2.14	2.3	2.18	10556100
2020-04-15	2.2	2.1	2.26	2.1	3540700
2020-04-16	2.06	1.95	2.08	1.98	3236400
2020-04-17	2.06	1.99	2.06	2.04	2258000
2020-04-20	2.1	2.06	2.16	2.12	3203900
2020-04-21	2.12	2.06	2.16	2.12	2147300
2020-04-22	2.12	2.04	2.12	2.1	1557700
2020-04-23	2.16	2.12	2.38	2.32	13318700
2020-04-24	2.38	2.18	2.38	2.26	5367100
2020-04-27	2.3	2.24	2.3	2.28	2452200
2020-04-28	2.24	2.24	2.36	2.3	5397200
2020-04-29	2.32	2.28	2.36	2.34	3415200
2020-04-30	2.36	2.24	2.44	2.34	6451800
2020-05-05	2.24	2.24	2.36	2.32	1844400
2020-05-07	2.32	2.18	2.34	2.24	3714600
2020-05-08	2.2	2.12	2.24	2.14	2484500
2020-05-11	2.18	2.14	2.28	2.2	3536900
2020-05-12	2.2	2.18	2.3	2.22	6506100
2020-05-13	2.22	2.16	2.22	2.18	2208900
2020-05-14	2.14	2.12	2.18	2.14	1574600
2020-05-15	2.14	2.12	2.16	2.12	1094700
2020-05-18	2.08	2.08	2.32	2.3	11390700
2020-05-19	2.36	2.26	2.4	2.3	10448900
2020-05-20	2.32	2.24	2.32	2.28	3023300
2020-05-21	2.32	2.3	2.62	2.56	30204400
2020-05-22	2.52	2.38	2.52	2.48	15610000
2020-05-25	2.5	2.42	2.56	2.48	8315400
2020-05-26	2.54	2.46	2.58	2.5	7330400
2020-05-27	2.52	2.42	2.56	2.56	8640300
2020-05-28	2.64	2.52	2.74	2.52	17160100
2020-05-29	2.52	2.44	2.54	2.52	4197800
2020-06-01	2.54	2.52	2.58	2.54	3797300
2020-06-02	2.58	2.48	2.58	2.5	3154700
2020-06-04	2.52	2.48	2.6	2.6	7767500
2020-06-05	2.66	2.54	2.66	2.58	7698400
2020-06-08	2.6	2.48	2.62	2.52	8135000
2020-06-09	2.56	2.3	2.56	2.34	13346900
2020-06-10	2.38	2.32	2.4	2.38	3986900
2020-06-11	2.36	2.36	2.56	2.42	18387900
2020-06-12	2.34	2.24	2.44	2.38	7536800
2020-06-15	2.4	2.3	2.44	2.32	6422700
2020-06-16	2.38	2.36	2.4	2.36	4052600
2020-06-17	2.32	2.28	2.38	2.34	3304300
2020-06-18	2.34	2.32	2.5	2.46	10583000
2020-06-19	2.52	2.5	2.64	2.6	22355500
2020-06-22	2.6	2.6	2.92	2.82	40333300
2020-06-23	2.86	2.74	2.88	2.82	10686100
2020-06-24	2.84	2.6	2.86	2.62	20159900
2020-06-25	2.52	2.5	2.66	2.6	9291700
2020-06-26	2.64	2.52	2.66	2.52	7099800
2020-06-29	2.48	2.44	2.52	2.48	3231800
2020-06-30	2.56	2.5	2.56	2.5	3367600
2020-07-01	2.52	2.48	2.7	2.68	13957500
2020-07-02	2.7	2.64	2.76	2.64	19876700
2020-07-03	2.7	2.68	2.8	2.74	15064000
2020-07-07	2.8	2.68	2.8	2.68	10156600
2020-07-08	2.68	2.68	2.92	2.76	14314700
2020-07-09	2.78	2.76	3.04	2.94	59771500
2020-07-10	2.92	2.76	3.04	2.8	36562900
2020-07-13	2.82	2.68	2.82	2.7	12745700
2020-07-14	2.6	2.56	2.74	2.68	12154900
2020-07-15	2.74	2.62	2.78	2.7	14967900
2020-07-16	2.68	2.68	2.76	2.68	4313100
2020-07-17	2.72	2.7	2.8	2.8	7452300
2020-07-20	2.8	2.78	2.84	2.8	5850800
2020-07-21	2.82	2.82	2.96	2.92	19407900
2020-07-22	2.96	2.72	2.98	2.72	19702700
2020-07-23	2.74	2.74	2.78	2.74	4126500
2020-07-24	2.72	2.68	2.76	2.72	3111800
2020-07-29	2.74	2.74	2.88	2.8	12815600
2020-07-30	2.9	2.68	2.94	2.72	23479500
2020-07-31	2.72	2.66	2.8	2.76	7790600
2020-08-03	2.82	2.78	2.9	2.86	16023200
2020-08-04	2.82	2.74	2.88	2.76	10317500
2020-08-05	2.76	2.68	2.84	2.7	13589900
2020-08-06	2.7	2.7	2.74	2.7	3031900
2020-08-07	2.84	2.74	2.9	2.76	27472500
2020-08-10	2.78	2.74	2.78	2.76	3840600
2020-08-11	2.78	2.74	2.8	2.74	3178000
2020-08-13	2.76	2.66	2.76	2.7	6067400
2020-08-14	2.7	2.66	2.72	2.68	2014600
2020-08-17	2.7	2.6	2.7	2.6	2695100
2020-08-18	2.6	2.56	2.62	2.62	3339100
2020-08-19	2.64	2.52	2.66	2.52	3968200
2020-08-20	2.52	2.48	2.62	2.58	3188000
2020-08-21	2.6	2.6	2.68	2.66	3992800
2020-08-24	2.7	2.66	2.78	2.78	6414900
2020-08-25	2.78	2.7	2.8	2.72	5452500
2020-08-26	2.72	2.72	2.88	2.84	14960500
2020-08-27	2.8	2.8	2.9	2.86	9040500
2020-08-28	2.84	2.8	2.94	2.82	7446800
2020-08-31	2.84	2.78	2.88	2.78	2102700
2020-09-01	2.78	2.72	2.8	2.78	2321000
2020-09-02	2.8	2.78	2.98	2.84	19477300
2020-09-03	2.88	2.8	2.9	2.8	7060100
2020-09-08	2.78	2.76	2.9	2.8	8029700
2020-09-09	2.76	2.76	3.2	3.12	46401400
2020-09-10	3.26	2.98	3.3	2.98	35589800
2020-09-11	3.0	2.86	3.06	2.92	13601200
2020-09-14	2.98	2.82	3.0	2.9	5873200
2020-09-15	2.94	2.94	3.2	3.16	37745900
2020-09-16	3.06	2.9	3.08	3.0	18250700
2020-09-17	3.0	2.92	3.04	2.96	7800900
2020-09-18	2.96	2.94	3.06	3.02	8885300
2020-09-21	3.04	2.9	3.08	2.94	8440900
2020-09-22	2.94	2.9	3.02	2.96	4818900
2020-09-23	2.96	2.96	3.08	3.0	12321700
2020-09-24	2.98	2.92	3.04	3.0	6742100
2020-09-25	3.0	3.0	3.18	3.08	33538500
2020-09-28	3.08	3.08	3.18	3.1	18715400
2020-09-29	3.12	3.1	3.22	3.14	21580100
2020-09-30	3.16	3.04	3.16	3.06	9924200
2020-10-01	3.08	2.98	3.14	3.08	9433000
2020-10-02	3.08	3.06	3.14	3.1	6455200
2020-10-05	3.12	3.08	3.28	3.16	46578700
2020-10-06	3.18	3.14	3.24	3.18	15868900
2020-10-07	3.24	3.24	3.8	3.66	139507200
2020-10-08	3.6	3.5	3.92	3.74	62304700
2020-10-09	3.76	3.68	3.86	3.84	20614400
2020-10-12	3.84	3.68	3.9	3.68	18084400
2020-10-14	3.68	3.62	3.74	3.68	6590000
2020-10-15	3.66	3.44	3.78	3.52	13808600
2020-10-16	3.5	3.16	3.54	3.26	20721700
2020-10-19	3.16	3.1	3.3	3.14	10588000
2020-10-20	3.14	3.14	3.36	3.3	18606900
2020-10-21	3.32	3.28	3.42	3.32	17290600
2020-10-22	3.32	3.2	3.36	3.26	9094800
2020-10-26	3.28	3.26	3.46	3.4	10259100
2020-10-27	3.4	3.36	3.48	3.4	7773800
2020-10-28	3.42	3.4	3.5	3.42	9025700
2020-10-29	3.4	3.32	3.42	3.34	3641800
2020-10-30	3.38	3.18	3.4	3.26	3755700
2020-11-02	3.26	3.18	3.32	3.24	2949300
2020-11-03	3.26	3.24	3.38	3.36	6510600
2020-11-04	3.38	3.28	3.42	3.32	5097300
2020-11-05	3.34	3.28	3.38	3.3	2333000
2020-11-06	3.34	3.3	3.42	3.34	10780700
2020-11-09	3.38	3.26	3.38	3.26	5370800
2020-11-10	3.26	2.96	3.26	3.1	9453500
2020-11-11	2.86	2.8	2.9	2.86	16868400
2020-11-12	2.9	2.88	3.04	2.94	9030000
2020-11-13	2.96	2.96	3.04	3.04	5608200
2020-11-16	3.04	3.04	3.16	3.14	7915400
2020-11-17	3.14	2.98	3.2	2.98	7144400
2020-11-18	3.0	3.0	3.1	3.06	1916400
2020-11-19	3.06	3.06	3.1	3.08	2358600
2020-11-20	3.12	3.06	3.12	3.1	2491300
2020-11-23	3.14	3.12	3.2	3.16	7942200
2020-11-24	3.16	3.08	3.16	3.1	3678700
2020-11-25	3.12	3.08	3.16	3.12	1682300
2020-11-26	3.12	3.08	3.16	3.16	2434600
2020-11-27	3.18	3.16	3.34	3.28	22357300
2020-11-30	3.36	3.32	3.46	3.32	19410200
2020-12-01	3.32	3.24	3.36	3.24	5592700
2020-12-02	3.26	3.22	3.32	3.22	3238800
2020-12-03	3.24	3.24	3.32	3.3	3555100
2020-12-04	3.32	3.26	3.36	3.26	2773600
2020-12-08	3.26	3.14	3.26	3.14	3808300
2020-12-09	3.18	3.1	3.18	3.1	3612900
2020-12-14	3.12	3.1	3.16	3.14	1856300
2020-12-15	3.12	3.06	3.16	3.06	2535300
2020-12-16	3.14	3.1	3.18	3.12	2740800
2020-12-17	3.14	3.08	3.14	3.1	1034700
2020-12-18	3.1	3.04	3.12	3.08	1696800
2020-12-21	2.84	2.84	3.04	2.92	4907800
2020-12-22	2.9	2.86	2.96	2.94	1528600
2020-12-23	2.96	2.9	2.98	2.9	1555900
2020-12-24	2.9	2.86	2.96	2.92	2284800
2020-12-25	2.96	2.86	2.96	2.9	2979300
2020-12-28	2.9	2.86	2.96	2.86	4711800
2020-12-29	2.84	2.84	2.9	2.86	847400
2020-12-30	2.9	2.86	2.94	2.9	3414000
2021-01-04	2.86	2.76	2.86	2.84	1975900
2021-01-05	2.84	2.84	2.96	2.94	2092000
2021-01-06	2.96	2.9	3.0	2.92	2135300
2021-01-07	2.92	2.92	3.1	3.1	8053700
2021-01-08	3.12	3.04	3.16	3.04	3298300
2021-01-11	3.08	3.02	3.1	3.04	1248500
2021-01-12	3.04	3.02	3.08	3.06	1152000
2021-01-13	3.06	3.02	3.06	3.02	1689300
2021-01-14	3.08	3.08	3.3	3.2	23038600
2021-01-15	3.2	3.14	3.26	3.18	6011600
2021-01-18	3.16	3.1	3.18	3.16	2409000
2021-01-19	3.18	3.16	3.34	3.28	20822300
2021-01-20	3.3	3.16	3.32	3.16	7726900
2021-01-21	3.18	3.14	3.2	3.14	2816500
2021-01-22	3.14	3.08	3.18	3.12	2910100
2021-01-25	3.12	3.02	3.14	3.08	1846300
2021-01-26	3.04	3.04	3.08	3.06	1268000
2021-01-27	3.08	3.06	3.12	3.08	1031700
2021-01-28	3.06	2.98	3.08	3.04	4501200
2021-01-29	3.04	2.98	3.06	3.04	2024700
2021-02-01	3.08	2.98	3.08	3.02	1785900
2021-02-02	3.04	3.02	3.22	3.18	13938500
2021-02-03	3.2	3.12	3.22	3.14	6705000
2021-02-04	3.16	3.1	3.18	3.14	2512000
2021-02-05	3.14	3.1	3.24	3.18	8586800
2021-02-08	3.2	3.16	3.22	3.18	5707300
2021-02-09	3.18	3.16	3.22	3.18	2759700
2021-02-10	3.2	3.2	3.44	3.44	32790800
2021-02-11	3.42	3.28	3.42	3.34	11838500
2021-02-15	3.36	3.28	3.36	3.34	3862400
2021-02-16	3.34	3.28	3.5	3.3	29187800
2021-02-17	3.38	3.38	3.56	3.5	41806200
2021-02-18	3.54	3.52	3.94	3.76	35790600
2021-02-19	3.76	3.62	3.76	3.76	8317100
2021-02-22	3.78	3.64	3.9	3.72	9392500
2021-02-23	3.7	3.7	4.14	4.12	26348700
2021-02-24	4.2	3.88	4.22	3.88	13318300
2021-02-25	3.92	3.92	4.06	3.94	6127900
2021-03-01	3.88	3.86	4.12	3.98	7277100
2021-03-02	3.88	3.88	4.42	4.2	15394200
2021-03-03	4.22	4.22	4.36	4.34	4273900
2021-03-04	4.38	4.34	4.78	4.54	23480900
2021-03-05	4.58	4.36	4.62	4.54	5047500
2021-03-08	4.54	4.4	4.62	4.44	5311000
2021-03-09	4.48	4.42	4.58	4.54	5909500
2021-03-10	4.56	4.44	4.56	4.54	4723900
2021-03-11	4.54	4.44	4.56	4.5	2428100
2021-03-12	4.54	4.5	4.8	4.52	9649100
2021-03-15	4.52	4.46	4.54	4.5	1958800
2021-03-16	4.56	4.52	4.74	4.66	4836500
2021-03-17	4.94	4.82	5.0	4.9	15122400
2021-03-18	5.05	5.0	5.45	5.45	12746400
2021-03-19	5.5	5.45	5.8	5.65	9465600
2021-03-22	5.85	5.8	6.3	6.05	14045800
2021-03-23	6.05	5.75	6.05	5.85	5934200
2021-03-24	5.85	5.85	6.05	5.9	2692700
2021-03-25	5.9	5.9	6.0	5.9	2265600
2021-03-26	5.95	5.4	6.0	5.5	8935900
2021-03-29	5.6	5.5	5.65	5.55	2772900
2021-03-30	5.65	5.6	5.95	5.7	3988600
2021-03-31	5.8	5.65	5.8	5.65	1500200
2021-04-01	5.7	5.6	5.8	5.6	1653700
2021-04-02	5.65	5.5	5.7	5.55	1890700
2021-04-05	5.5	5.5	5.6	5.5	1387000
2021-04-07	5.5	4.88	5.5	5.2	5928900
2021-04-08	5.1	5.1	5.5	5.45	4059800
2021-04-09	5.45	5.4	5.65	5.5	4068800
2021-04-12	5.45	5.25	5.45	5.25	2332600
2021-04-16	5.4	5.15	5.8	5.8	8053000
2021-04-19	5.95	5.95	6.75	6.65	26728200
2021-04-20	6.7	6.7	7.45	6.7	17754800
2021-04-21	6.6	6.55	7.2	7.1	6379100
2021-04-22	7.2	6.85	7.35	6.9	4665100
2021-04-23	6.9	6.65	7.05	6.7	2287300
2021-04-26	6.7	5.9	6.75	6.2	17926600
2021-04-27	6.4	6.05	6.4	6.15	5711600
2021-04-28	6.15	6.15	6.75	6.65	10665300
2021-04-29	6.9	6.55	6.9	6.7	9777600
2021-04-30	6.7	6.55	6.95	6.9	8438200
2021-05-05	7.1	6.9	7.1	7.05	6186500
2021-05-06	7.15	7.05	7.6	7.3	21101800
2021-05-07	7.2	7.0	7.4	7.2	9523400
2021-05-10	7.2	7.1	7.4	7.25	6320500
2021-05-11	7.15	6.95	7.35	7.0	5798700
2021-05-12	6.95	6.65	6.95	6.8	3555200
2021-05-13	6.7	6.15	6.95	6.8	4269500
2021-05-14	6.9	6.5	6.95	6.7	2777400
2021-05-17	6.45	6.35	6.6	6.45	2470100
2021-05-18	6.45	6.45	6.75	6.75	2500300
2021-05-19	6.75	6.55	6.85	6.7	2709400
2021-05-20	6.75	6.5	6.75	6.55	1859500
2021-05-21	6.55	6.4	6.55	6.45	1606000
2021-05-24	6.5	6.4	6.55	6.45	1156800
2021-05-25	6.45	6.45	6.75	6.7	3595600
2021-05-27	6.9	6.7	6.9	6.7	2420900
2021-05-28	6.75	6.6	6.8	6.6	1542300
2021-05-31	6.6	6.5	6.6	6.55	865600
2021-06-01	6.9	6.65	7.0	6.8	4457300
2021-06-02	6.8	6.7	6.9	6.7	2302100
2021-06-04	6.75	6.6	6.75	6.7	1210800
2021-06-07	6.8	6.65	6.8	6.65	1243400
2021-06-08	6.75	6.55	6.75	6.6	939900
2021-06-09	6.5	6.45	6.65	6.55	1929400
2021-06-10	6.5	6.45	6.6	6.5	1212600
2021-06-11	6.6	6.3	6.6	6.4	2803500
2021-06-14	6.3	6.05	6.4	6.05	4622300
2021-06-15	5.9	5.85	6.3	6.05	5539800
2021-06-16	6.2	6.1	6.25	6.15	1620400
2021-06-17	6.25	6.2	6.5	6.25	3689900
2021-06-18	6.25	6.15	6.35	6.15	1603800
2021-06-21	6.15	6.05	6.25	6.15	914200
2021-06-22	6.4	6.35	6.95	6.9	18306900
2021-06-23	6.8	6.65	7.15	6.65	16166700
2021-06-24	6.7	6.55	6.9	6.85	5369500
2021-06-25	7.0	6.65	7.25	6.7	17561900
2021-06-28	6.7	6.3	6.75	6.7	3444900
2021-06-29	6.75	6.7	6.85	6.75	2049900
2021-06-30	6.85	6.65	6.85	6.65	2325700
2021-07-01	6.7	6.55	6.7	6.55	1096700
2021-07-02	6.6	6.25	6.6	6.25	4932100
2021-07-05	6.2	6.2	6.35	6.35	1210000
2021-07-06	6.35	6.25	6.5	6.35	1765900
2021-07-07	6.35	6.3	6.5	6.35	1743300
2021-07-08	6.3	6.0	6.3	6.15	3813400
2021-07-09	6.1	6.05	6.3	6.25	2807300
2021-07-12	6.4	6.3	6.45	6.4	1126800
2021-07-13	6.4	6.35	6.5	6.4	1100500
2021-07-14	6.4	6.35	6.65	6.65	5694500
2021-07-15	6.8	6.6	6.95	6.6	10582100
2021-07-16	6.6	6.55	6.75	6.7	1792300
2021-07-19	6.35	6.35	6.6	6.45	3161100
2021-07-20	6.45	6.35	6.55	6.5	2175700
2021-07-21	6.55	6.35	6.55	6.45	1430100
2021-07-22	6.45	6.35	6.5	6.4	1360900
2021-07-23	6.35	6.25	6.4	6.3	1469300
2021-07-27	6.25	6.15	6.3	6.2	1883500
2021-07-29	6.2	6.1	6.3	6.1	1569000
2021-07-30	6.1	6.0	6.2	6.05	1902400
2021-08-02	6.0	5.5	6.05	5.65	4305000
2021-08-03	5.5	5.5	5.85	5.8	2200300
2021-08-04	5.7	5.7	5.8	5.75	1266700
2021-08-05	5.8	5.8	5.95	5.85	1523200
2021-08-06	5.9	5.6	5.95	5.7	2894100
2021-08-09	5.9	5.85	5.95	5.85	2525600
2021-08-10	5.8	5.75	5.95	5.8	1268600
2021-08-11	5.8	5.65	5.85	5.75	1430100
2021-08-13	5.75	5.6	5.8	5.6	1363100
2021-08-16	5.6	5.3	5.7	5.7	1968700
2021-08-17	5.6	5.4	5.85	5.55	1435100
2021-08-18	5.5	5.5	5.8	5.75	1642200
2021-08-19	5.8	5.65	5.9	5.7	916900
2021-08-20	5.7	5.55	5.75	5.7	1102400
2021-08-23	5.85	5.7	6.15	6.15	5690400
2021-08-24	6.15	5.95	6.15	6.0	2580500
2021-08-25	6.05	6.05	6.25	6.15	3849300
2021-08-26	6.15	6.0	6.15	6.05	1650600
2021-08-27	6.1	6.05	6.15	6.1	1756800
2021-08-30	6.25	6.2	6.6	6.55	12025800
2021-08-31	6.65	6.5	6.75	6.5	6200300
2021-09-01	6.45	6.35	6.6	6.5	3791100
2021-09-02	6.5	6.45	6.6	6.5	1918700
2021-09-03	6.6	6.5	6.8	6.5	7294800
2021-09-06	6.45	6.45	6.6	6.55	2700300
2021-09-07	6.65	6.4	6.85	6.4	7061800
2021-09-08	6.4	6.35	7.1	7.1	9781800
2021-09-09	6.9	6.8	7.15	6.9	12626700
2021-09-10	6.95	6.65	7.25	7.15	17976600
2021-09-13	7.2	6.9	7.25	6.95	10854800
2021-09-14	7.1	6.85	7.15	6.85	5253700
2021-09-15	6.8	6.45	6.9	6.55	11498300
2021-09-16	6.65	6.45	6.65	6.45	5115100
2021-09-17	6.5	6.3	6.55	6.35	3380400
2021-09-20	6.3	6.15	6.4	6.2	4172000
2021-09-21	6.2	6.05	6.35	6.3	2447000
2021-09-22	6.35	6.2	6.35	6.25	1070400
2021-09-23	6.3	6.15	6.3	6.15	1506500
2021-09-27	6.2	6.05	6.25	6.05	2278700
2021-09-28	6.05	6.05	6.2	6.05	897400
2021-09-29	6.05	6.05	6.3	6.2	1066700
2021-09-30	6.2	6.1	6.3	6.1	1104200
2021-10-01	6.1	6.1	6.2	6.2	580000
2021-10-04	6.2	6.2	6.55	6.4	4491900
2021-10-05	6.35	6.25	6.4	6.3	1596900
2021-10-06	6.4	6.35	6.5	6.4	2493600
2021-10-07	6.5	6.4	6.55	6.5	3537400
2021-10-08	6.55	6.3	6.55	6.3	2546400
2021-10-11	6.4	6.3	6.45	6.35	1403500
2021-10-12	6.4	6.2	6.4	6.2	1541400
2021-10-14	6.2	6.15	6.3	6.15	1080400
2021-10-15	6.15	6.05	6.25	6.05	2158700
2021-10-18	6.05	5.85	6.05	5.9	1946600
2021-10-19	5.9	5.9	6.1	5.95	1478300
2021-10-20	5.95	5.95	6.3	6.1	2411200
2021-10-21	6.1	6.0	6.15	6.05	952600
2021-10-25	6.1	6.0	6.1	6.0	887700
2021-10-26	6.0	6.0	6.2	6.0	1701300
2021-10-27	6.0	5.95	6.1	6.0	654800
2021-10-28	6.0	5.9	6.05	5.95	1597000
2021-10-29	6.0	5.95	6.15	6.15	2263500
2021-11-01	6.15	6.05	6.2	6.1	1102100
2021-11-02	6.1	6.0	6.15	6.0	982400
2021-11-03	6.0	5.8	6.05	5.85	2147000
2021-11-04	5.8	5.75	5.95	5.9	1146300
2021-11-05	6.15	6.0	6.2	6.15	2959000
2021-11-08	6.15	6.05	6.15	6.15	1473200
2021-11-09	6.15	6.15	6.25	6.25	1779200
2021-11-10	6.25	6.2	6.45	6.25	4413500
2021-11-11	6.3	6.2	6.4	6.35	4193000
2021-11-12	6.45	6.25	6.45	6.3	1883800
2021-11-15	6.3	6.2	6.35	6.2	1622400
2021-11-16	6.2	6.2	6.45	6.25	4617700
2021-11-17	6.3	6.2	6.35	6.25	2076200
2021-11-18	6.25	6.2	6.6	6.55	9294400
2021-11-19	6.6	6.35	6.6	6.45	3623900
2021-11-22	6.5	6.4	6.65	6.55	6165300
2021-11-23	6.55	6.55	6.75	6.65	8838300
2021-11-24	6.7	6.7	8.05	7.8	81386900
2021-11-25	7.5	7.25	8.2	7.4	60702700
2021-11-26	7.35	7.2	7.65	7.25	22317800
2021-11-29	7.4	7.25	8.0	7.4	48943400
2021-11-30	7.5	6.85	7.6	6.95	17079600
2021-12-01	7.0	6.85	7.4	7.3	15325300
2021-12-02	7.2	7.1	7.4	7.2	6238100
2021-12-03	7.3	6.9	7.3	7.05	5710300
2021-12-07	7.05	6.95	7.35	7.25	6253600
2021-12-08	7.25	7.25	7.75	7.6	16311700
2021-12-09	7.7	7.35	7.8	7.35	10622700
2021-12-13	7.4	7.4	7.65	7.6	4659300
2021-12-14	7.65	7.5	8.3	7.55	36578900
2021-12-15	7.6	7.3	7.75	7.45	9435300
2021-12-16	7.55	7.25	7.55	7.45	5241300
2021-12-17	7.5	7.35	7.55	7.4	2572600
2021-12-20	7.25	7.0	7.3	7.0	6889600
2021-12-21	7.0	7.0	7.3	7.25	4695700
2021-12-22	7.3	7.25	7.75	7.55	8884100
2021-12-23	7.55	7.4	7.65	7.5	2510900
2021-12-24	7.4	7.2	7.5	7.3	3041800
2021-12-27	7.35	7.15	7.35	7.2	1930200
2021-12-28	7.25	7.05	7.25	7.05	3610000
2021-12-29	7.1	7.1	7.2	7.2	1323500
2021-12-30	7.2	7.1	7.3	7.2	1315300
2022-01-04	7.2	7.2	7.5	7.45	3516800
2022-01-05	7.45	7.3	7.45	7.4	2319500
2022-01-06	7.25	7.2	7.35	7.3	1857300
2022-01-07	7.35	7.2	7.4	7.2	1953700
2022-01-10	7.35	7.1	7.35	7.2	1954500
2022-01-11	7.25	7.15	8.0	7.65	49967700
2022-01-12	7.65	7.6	8.1	7.75	27976200
2022-01-13	7.95	7.75	8.15	8.05	16816600
2022-01-14	8.1	8.1	9.05	8.45	33959900
2022-01-17	8.45	7.95	8.6	8.0	10459200
2022-01-18	8.0	7.5	8.05	7.5	9534400
2022-01-19	7.55	7.3	7.6	7.35	6249100
2022-01-20	7.35	6.7	7.4	6.7	18444500
2022-01-21	6.55	6.4	6.75	6.6	11167300
2022-01-24	6.55	6.35	6.7	6.4	8287600
2022-01-25	6.35	6.35	6.9	6.8	9143400
2022-01-26	6.8	6.6	6.8	6.65	4013900
2022-01-27	6.5	6.45	6.65	6.65	2014900
2022-01-28	6.75	6.65	6.95	6.7	4289100
2022-01-31	6.85	6.85	7.05	7.05	3498200
2022-02-01	7.1	7.1	7.3	7.25	2441100
2022-02-02	7.3	7.15	7.3	7.25	1526200
2022-02-03	7.25	7.0	7.25	7.15	1780900
2022-02-04	7.05	7.0	7.2	7.1	1022700
2022-02-07	7.05	6.85	7.1	6.9	1729900
2022-02-08	6.8	6.75	6.9	6.8	1146100
2022-02-09	6.8	6.8	7.05	6.85	2010700
2022-02-10	6.9	6.75	6.9	6.8	1140900
2022-02-11	6.75	6.7	6.85	6.8	569000
2022-02-14	6.85	6.55	6.85	6.6	1230400
2022-02-15	6.5	6.45	6.75	6.7	884100
2022-02-17	6.7	6.65	7.0	6.95	1338000
2022-02-18	6.95	6.7	7.05	6.9	3685400
2022-02-21	6.9	6.85	7.1	6.85	4462800
2022-02-22	6.8	6.6	6.8	6.7	1812800
2022-02-23	6.8	6.8	6.95	6.95	1709800
2022-02-24	7.0	6.55	7.0	6.75	3088700
2022-02-25	6.75	6.5	6.8	6.75	3102600
2022-02-28	6.65	6.65	6.8	6.8	988800
2022-03-01	6.8	6.7	6.85	6.7	2435300
2022-03-02	6.6	6.55	6.65	6.55	1408000
2022-03-03	6.6	6.6	6.75	6.65	856300
2022-03-04	6.65	6.6	6.75	6.6	1094500
2022-03-07	6.5	6.35	6.55	6.4	1761700
2022-03-08	6.25	5.85	6.4	6.15	3433300
2022-03-09	6.25	6.2	6.6	6.55	1470400
2022-03-10	6.75	6.4	6.75	6.45	972000
2022-03-11	6.35	6.35	6.65	6.5	1292500
2022-03-14	6.55	6.45	6.7	6.55	853300
2022-03-15	6.5	6.4	6.7	6.45	820700
2022-03-16	6.5	6.5	6.8	6.5	2137100
2022-03-17	6.6	6.6	6.85	6.65	2337600
2022-03-18	6.7	6.5	6.7	6.6	1206300
2022-03-21	6.6	6.5	6.75	6.5	1400400
2022-03-22	6.5	6.5	6.6	6.55	1038300
2022-03-23	6.55	6.5	6.65	6.5	1509500
2022-03-24	6.55	6.5	6.65	6.55	860600
2022-03-25	6.5	6.4	6.6	6.4	1331900
2022-03-28	6.4	6.4	6.55	6.45	594200
2022-03-29	6.45	6.3	6.5	6.45	2601400
2022-03-30	6.4	6.4	6.7	6.65	2266300
2022-03-31	6.7	6.5	6.7	6.5	1066900
2022-04-01	6.5	6.5	7.1	6.7	15026800
2022-04-04	6.85	6.75	6.9	6.75	3539500
2022-04-05	6.8	6.75	7.05	6.9	6945400
2022-04-07	6.95	6.7	7.25	7.15	13954100
2022-04-08	7.25	7.15	7.65	7.5	22027500
2022-04-11	7.5	6.5	7.5	6.7	18935600
2022-04-12	6.6	6.55	6.75	6.75	3837800
2022-04-18	6.75	6.7	6.9	6.75	1982100
2022-04-19	6.8	6.75	7.0	6.85	3211500
2022-04-20	6.95	6.7	7.0	7.0	5352000
2022-04-21	7.0	6.9	7.2	6.9	6145100
2022-04-22	6.85	6.75	6.9	6.75	1417200
2022-04-25	6.6	6.4	6.75	6.75	2695900
2022-04-26	6.8	6.55	6.85	6.65	1287800
2022-04-27	6.6	6.45	6.65	6.55	1412100
2022-04-28	6.5	6.5	6.7	6.6	965900
2022-04-29	6.55	6.55	6.65	6.65	518400
2022-05-03	6.6	6.4	6.65	6.4	1863400
2022-05-05	6.45	6.4	6.55	6.45	603200
2022-05-06	6.15	6.0	6.3	6.2	2378100
2022-05-09	6.15	5.95	6.15	6.0	1852300
2022-05-10	5.95	5.85	6.05	6.0	1661000
2022-05-11	6.05	5.4	6.05	5.6	3920800
2022-05-12	5.5	5.35	5.6	5.45	3754100
2022-05-13	5.4	5.25	5.45	5.3	1557600
2022-05-17	5.3	5.15	5.65	5.55	2513500
2022-05-18	5.55	5.45	5.6	5.5	607800
2022-05-19	5.35	5.35	5.45	5.35	839200
2022-05-20	5.45	5.4	5.5	5.45	933200
2022-05-23	5.55	5.35	5.55	5.4	2014500
2022-05-24	5.4	5.35	5.5	5.45	1059600
2022-05-25	5.45	5.25	5.5	5.35	1732600
2022-05-26	5.35	5.2	5.4	5.3	1736900
2022-05-27	5.3	5.3	5.5	5.3	2061700
2022-05-30	5.35	5.25	5.45	5.45	1149800
2022-05-31	5.45	5.35	5.45	5.4	770400
2022-06-01	5.5	5.4	5.55	5.45	1669200
2022-06-02	5.45	5.35	5.5	5.4	938000
2022-06-06	5.4	5.25	5.45	5.35	1184700
2022-06-07	5.4	5.15	5.4	5.2	2363000
2022-06-08	5.2	5.2	5.4	5.2	2164400
2022-06-09	5.25	5.2	5.3	5.3	681300
2022-06-10	5.3	5.2	5.3	5.2	667700
2022-06-13	5.15	4.98	5.15	4.98	3147300
2022-06-14	4.96	4.86	4.98	4.92	1588000
2022-06-15	4.94	4.8	4.96	4.84	1001200
2022-06-16	4.84	4.74	4.9	4.76	1402600
2022-06-17	4.5	4.4	4.74	4.7	2906900
2022-06-20	4.62	4.6	4.76	4.72	928600
2022-06-21	4.68	4.68	4.84	4.76	760200
2022-06-22	4.74	4.64	4.8	4.66	1266500
2022-06-23	4.66	4.6	4.72	4.64	567600
2022-06-24	4.64	4.62	4.8	4.7	517900
2022-06-27	4.74	4.72	4.84	4.76	1473300
2022-06-28	4.76	4.76	4.82	4.82	721400
2022-06-29	4.82	4.68	4.82	4.78	780800
2022-06-30	4.78	4.58	4.78	4.6	741100
2022-07-01	4.62	4.58	4.66	4.6	236500
2022-07-04	4.6	4.42	4.64	4.42	681100
2022-07-05	4.4	4.22	4.46	4.24	1190300
2022-07-06	4.24	4.1	4.26	4.22	1208400
2022-07-07	4.24	4.24	4.34	4.3	950500
2022-07-08	4.3	4.24	4.38	4.24	567700
2022-07-11	4.24	4.24	4.34	4.3	478300
2022-07-12	4.32	4.2	4.34	4.26	452800
2022-07-14	4.24	4.14	4.28	4.22	577100
2022-07-15	4.22	4.08	4.24	4.2	790000
2022-07-18	4.2	4.08	4.28	4.08	1763100
2022-07-19	4.08	4.02	4.1	4.06	682600
2022-07-20	4.1	4.08	4.2	4.16	1034300
2022-07-21	4.16	4.1	4.18	4.18	874200
2022-07-22	4.18	4.18	4.54	4.36	4583200
2022-07-25	4.34	4.3	4.44	4.4	1291800
2022-07-26	4.4	4.34	4.52	4.34	1361400
2022-07-27	4.34	4.32	4.48	4.46	1031400
2022-08-01	4.56	4.56	4.78	4.76	3954700
2022-08-02	4.72	4.6	4.74	4.64	1707400
2022-08-03	4.64	4.6	4.68	4.64	517300
2022-08-04	4.68	4.62	4.76	4.64	1970100
2022-08-05	5.1	5.05	5.9	5.4	38013600
2022-08-08	5.4	5.2	5.5	5.45	8252400
2022-08-09	5.45	5.25	5.45	5.45	4064500
2022-08-10	5.35	5.1	5.35	5.15	3990400
2022-08-11	5.15	5.0	5.3	5.05	2875500
2022-08-15	5.1	5.0	5.35	5.3	2719400
2022-08-16	5.25	5.2	5.45	5.4	1849600
2022-08-17	5.4	5.35	5.6	5.55	4975900
2022-08-18	5.6	5.5	5.9	5.75	8287500
2022-08-19	5.8	5.6	6.05	5.7	8158800
2022-08-22	5.7	5.5	5.75	5.6	2408800
2022-08-23	5.55	5.5	5.9	5.85	3962700
2022-08-24	5.85	5.75	6.35	6.15	10509000
2022-08-25	6.25	6.2	6.5	6.4	9193500
2022-08-26	6.4	6.15	6.6	6.6	7734400
2022-08-29	6.3	6.25	6.8	6.55	4738600
2022-08-30	6.5	6.5	6.65	6.55	1337600
2022-08-31	6.65	6.2	6.65	6.3	3175200
2022-09-01	6.25	6.2	6.4	6.2	2030300
2022-09-02	6.2	6.1	6.3	6.3	2461900
2022-09-05	6.4	6.15	6.4	6.2	1119800
2022-09-06	6.3	6.25	6.65	6.55	6373500
2022-09-07	6.5	6.4	6.75	6.6	5837200
2022-09-08	6.7	6.3	6.7	6.3	3774500
2022-09-09	6.3	6.3	6.55	6.45	2104500
2022-09-12	6.5	6.35	6.5	6.35	1049000
2022-09-13	6.4	6.3	6.45	6.35	1082400
2022-09-14	6.3	6.15	6.4	6.4	1042000
2022-09-15	6.4	6.35	7.0	6.95	5971600
2022-09-16	7.1	6.45	7.15	6.45	9722500
2022-09-19	6.45	6.4	6.7	6.4	1899800
2022-09-20	6.45	6.45	6.55	6.45	852000
2022-09-21	6.45	6.35	6.6	6.35	792400
2022-09-22	6.25	6.25	6.55	6.45	700700
2022-09-23	6.45	6.35	6.55	6.45	564500
2022-09-26	6.45	5.9	6.45	6.0	3179900
2022-09-27	5.9	5.65	6.05	5.65	2727700
2022-09-28	5.45	5.45	5.8	5.75	1416800
2022-09-29	5.8	5.5	5.85	5.6	1400700
2022-09-30	5.5	5.4	5.7	5.6	1368700
2022-10-03	5.5	5.4	5.6	5.45	1128300
2022-10-04	5.45	5.45	5.75	5.7	1083100
2022-10-05	5.8	5.75	6.05	5.85	1545400
2022-10-06	5.95	5.9	6.2	6.15	1103200
2022-10-07	6.2	6.05	6.25	6.1	1079100
2022-10-10	6.1	5.9	6.15	6.0	593500
2022-10-11	5.85	5.8	6.0	5.85	353500
2022-10-12	5.9	5.75	5.95	5.85	336600
2022-10-17	5.9	5.75	5.95	5.9	336000
2022-10-18	5.95	5.95	6.3	6.2	1342900
2022-10-19	6.25	6.0	6.25	6.05	648000
2022-10-20	6.05	6.0	6.2	6.15	418800
2022-10-21	6.2	5.9	6.2	6.0	438200
2022-10-25	6.0	5.85	6.0	5.9	344200
2022-10-26	6.0	5.85	6.0	5.9	258300
2022-10-27	5.95	5.9	6.0	6.0	215600
2022-10-28	6.0	5.9	6.05	5.9	228700
2022-10-31	5.9	5.9	6.0	5.9	395500
2022-11-01	5.9	5.9	6.05	6.0	381700
2022-11-02	6.05	5.9	6.05	5.95	362500
2022-11-03	6.0	5.95	6.3	6.3	1307000
2022-11-04	6.6	6.15	6.7	6.15	7454500
2022-11-07	6.2	6.0	6.25	6.0	1068100
2022-11-08	6.1	5.85	6.1	5.9	1848200
2022-11-09	5.9	5.7	5.9	5.75	1901200
2022-11-10	5.8	5.65	5.85	5.7	840400
2022-11-11	5.8	5.6	5.85	5.75	1337100
2022-11-14	5.75	5.55	5.75	5.6	824400
2022-11-15	5.6	5.6	5.8	5.65	1329400
2022-11-16	5.7	5.5	5.7	5.5	1190900
2022-11-17	5.55	5.2	5.55	5.3	2367400
2022-11-18	5.2	5.2	5.4	5.3	571100
2022-11-21	5.2	5.1	5.5	5.1	1915800
2022-11-22	5.05	4.88	5.2	4.92	3017600
2022-11-23	4.94	4.74	5.2	4.82	6528500
2022-11-24	4.84	4.84	4.94	4.88	2970700
2022-11-25	4.9	4.84	4.96	4.94	933700
2022-11-28	5.0	4.84	5.0	4.92	1581000
2022-11-29	4.94	4.9	5.0	4.96	983700
2022-11-30	4.94	4.9	5.05	4.94	1140600
2022-12-01	4.98	4.96	5.05	5.0	1889600
2022-12-02	5.05	4.98	5.05	5.0	1888200
2022-12-06	5.05	5.0	5.2	5.2	2402600
2022-12-07	5.25	5.05	5.3	5.15	1850800
2022-12-08	5.2	5.05	5.2	5.1	904300
2022-12-09	5.15	5.1	5.15	5.15	534900
2022-12-13	5.2	4.96	5.2	5.0	1379100
2022-12-14	5.0	4.98	5.1	5.05	828000
2022-12-15	5.1	5.0	5.2	5.05	1328500
2022-12-16	5.0	5.0	5.1	5.05	428000
2022-12-19	5.0	5.0	5.2	5.1	889700
2022-12-20	5.15	5.0	5.15	5.05	940600
2022-12-21	5.1	5.1	5.8	5.5	8482800
2022-12-22	5.5	5.35	5.55	5.45	1605600
2022-12-23	5.45	5.25	5.5	5.35	1942300
2022-12-26	5.4	5.4	5.55	5.45	1596500
2022-12-27	5.5	5.5	5.65	5.5	1804900
2022-12-28	5.55	5.45	5.6	5.5	847200
2022-12-29	5.5	5.4	5.6	5.5	1013800
2022-12-30	5.5	5.5	5.8	5.55	2403200
