Date	Price Open	Price Low	Price High	Price Close	Volume
2020-07-02	27.625	27.625	30.375	30.25	594936600
2020-07-03	31.5	31.5	34.5	33.875	345318200
2020-07-07	37.0	33.25	37.375	34.5	230304000
2020-07-08	34.875	33.5	36.125	34.25	150417200
2020-07-09	34.5	34.0	38.0	37.375	165658800
2020-07-10	37.375	37.125	39.25	37.25	211710000
2020-07-13	38.5	37.875	40.875	40.875	71519400
2020-07-14	40.75	39.125	44.875	42.0	129254800
2020-07-15	40.625	38.125	41.0	40.125	65217000
2020-07-16	40.75	39.0	41.25	40.5	49309200
2020-07-17	42.5	41.625	43.0	42.75	49038200
2020-07-20	42.875	41.875	43.125	43.0	28037000
2020-07-21	42.0	41.0	42.75	41.5	28640000
2020-07-22	41.0	37.125	41.0	39.0	54595400
2020-07-23	38.5	38.25	40.5	40.25	20569400
2020-07-24	40.0	38.875	40.25	39.25	10788200
2020-07-29	40.375	40.125	42.0	41.25	35488000
2020-07-30	41.625	39.875	41.875	40.625	14989800
2020-07-31	40.75	39.625	40.875	40.75	8528400
2020-08-03	41.125	41.0	42.625	42.125	34144800
2020-08-04	42.0	40.5	43.0	42.75	31857800
2020-08-05	42.625	42.25	43.0	43.0	11466600
2020-08-06	43.0	42.5	43.375	42.5	11227200
2020-08-07	43.125	42.625	44.625	44.25	32394000
2020-08-10	43.75	43.5	44.625	44.25	17176400
2020-08-11	44.625	42.25	45.0	42.875	35907400
2020-08-13	39.5	37.25	40.0	39.125	65383000
2020-08-14	38.5	34.625	38.75	36.5	59704800
2020-08-17	34.5	31.125	35.0	32.75	79232400
2020-08-18	35.125	33.375	37.625	37.5	104914800
2020-08-19	37.375	37.125	40.0	39.125	61951400
2020-08-20	38.5	37.75	39.5	39.25	22923400
2020-08-21	39.375	39.0	39.875	39.375	19031200
2020-08-24	39.875	37.5	40.875	37.5	78776400
2020-08-25	35.0	33.875	35.875	33.875	69679000
2020-08-26	34.375	34.0	36.0	35.125	51216800
2020-08-27	34.75	34.5	35.25	34.5	14632200
2020-08-28	34.875	34.25	35.25	34.375	20971400
2020-08-31	34.75	34.125	34.75	34.125	8526000
2020-09-01	34.375	32.5	34.875	33.25	18974600
2020-09-02	33.625	33.25	34.0	33.5	14323400
2020-09-03	37.5	35.75	37.75	36.375	94412200
2020-09-08	36.375	34.375	36.375	35.125	32117800
2020-09-09	34.875	34.875	36.75	35.25	29881600
2020-09-10	34.0	33.25	34.375	33.375	54026200
2020-09-11	34.375	33.875	35.0	34.125	54596400
2020-09-14	34.5	34.125	35.0	34.25	28364800
2020-09-15	34.5	34.25	35.0	35.0	29064200
2020-09-16	34.875	34.75	35.25	34.875	15741400
2020-09-17	35.125	34.375	35.75	34.5	30714000
2020-09-18	34.875	34.625	35.125	35.0	12208400
2020-09-21	35.25	34.5	35.25	34.625	7812600
2020-09-22	34.75	34.625	35.125	35.0	9154400
2020-09-23	35.5	35.5	36.625	36.5	50959400
2020-09-24	37.0	36.625	38.375	38.25	54584200
2020-09-25	38.5	37.75	38.75	37.875	34575600
2020-09-28	38.5	38.375	40.125	39.625	62251400
2020-09-29	39.75	39.375	39.875	39.5	22936400
2020-09-30	39.625	38.375	40.5	38.375	40194400
2020-10-01	38.75	38.625	40.25	40.25	28224800
2020-10-02	40.625	40.625	45.875	44.25	140949400
2020-10-05	44.5	44.125	46.125	44.375	80924400
2020-10-06	44.75	43.0	46.0	43.25	70212400
2020-10-07	43.875	43.25	44.375	43.75	26211000
2020-10-08	44.25	43.0	44.25	43.0	26119600
2020-10-09	43.5	42.5	43.625	43.0	17234200
2020-10-12	43.25	43.125	44.75	44.5	40668400
2020-10-14	45.375	44.5	45.375	44.625	40424000
2020-10-15	44.625	43.25	44.875	44.25	28146800
2020-10-16	44.5	44.0	45.0	45.0	24486400
2020-10-19	44.625	44.25	45.125	44.25	29668400
2020-10-20	44.5	44.25	46.375	45.875	68116600
2020-10-21	45.75	44.25	45.875	44.5	41283000
2020-10-22	44.75	44.25	45.125	44.375	19091400
2020-10-26	44.25	43.5	44.25	43.5	19551400
2020-10-27	44.25	43.75	44.875	44.0	23867600
2020-10-28	44.5	43.75	44.5	44.25	26211600
2020-10-29	44.25	44.25	47.25	46.625	72974000
2020-10-30	46.5	45.75	46.75	45.75	21722800
2020-11-02	46.125	44.375	46.125	44.625	25951000
2020-11-03	45.125	44.75	45.25	44.75	11170600
2020-11-04	45.0	44.5	45.5	44.625	17923800
2020-11-05	44.875	44.625	45.5	45.0	24033800
2020-11-06	45.125	44.375	45.25	44.375	17089600
2020-11-09	45.0	43.5	45.0	43.75	16850600
2020-11-10	35.625	33.375	38.0	34.25	177352400
2020-11-11	36.0	34.25	36.125	34.75	117260600
2020-11-12	35.5	35.5	36.5	36.0	66034600
2020-11-13	36.5	36.25	38.0	37.625	69583000
2020-11-16	40.0	37.5	40.25	37.5	146217400
2020-11-17	34.75	34.625	36.875	36.375	145576200
2020-11-18	36.625	35.625	36.875	35.75	47048800
2020-11-19	36.0	35.25	36.25	35.25	32144600
2020-11-20	36.0	35.875	36.5	36.0	29244800
2020-11-23	36.25	35.625	36.375	36.0	23343000
2020-11-24	36.25	36.0	37.25	36.375	66834800
2020-11-25	36.75	36.25	37.0	36.625	28177600
2020-11-26	36.75	36.625	37.75	37.5	53641600
2020-11-27	37.25	37.0	38.0	37.625	33539600
2020-11-30	38.125	37.5	38.375	37.625	107501000
2020-12-01	37.875	37.125	38.125	37.125	31885200
2020-12-02	37.25	37.125	37.75	37.5	29586600
2020-12-03	37.375	37.0	37.625	37.125	15435200
2020-12-04	37.25	37.0	37.25	37.125	9938000
2020-12-08	37.25	37.125	37.625	37.25	20756800
2020-12-09	37.5	35.75	37.5	35.875	40003600
2020-12-14	35.0	34.5	36.0	35.125	66841200
2020-12-15	35.75	35.375	36.0	35.625	21884200
2020-12-16	36.0	35.875	37.0	36.75	42355200
2020-12-17	36.875	36.625	37.0	36.875	12464000
2020-12-18	37.0	36.5	37.0	36.875	44750400
2020-12-21	38.75	36.75	39.375	36.75	98889800
2020-12-22	37.25	36.75	37.25	36.875	16909400
2020-12-23	37.0	36.875	38.0	37.75	49360800
2020-12-24	38.0	36.5	38.0	36.625	34821000
2020-12-25	36.75	35.75	36.75	36.0	20067800
2020-12-28	37.125	36.125	37.125	36.125	26179400
2020-12-29	36.5	36.25	36.75	36.5	19985600
2020-12-30	36.75	36.75	38.125	38.0	80658000
2021-01-04	38.125	37.5	38.625	37.625	78742400
2021-01-05	38.25	37.5	38.5	38.0	35086900
2021-01-06	38.0	36.25	38.25	36.25	30094100
2021-01-07	36.75	36.0	37.0	36.5	23985100
2021-01-08	36.5	36.25	37.0	36.25	25140600
2021-01-11	36.75	36.5	37.75	37.75	27703900
2021-01-12	38.0	37.5	38.25	38.0	24317000
2021-01-13	38.25	37.0	38.25	37.0	20821800
2021-01-14	37.25	36.75	37.25	37.0	10837100
2021-01-15	37.0	36.75	37.25	37.0	8275100
2021-01-18	37.0	36.75	38.0	37.75	19203200
2021-01-19	38.0	37.75	38.75	38.5	46444400
2021-01-20	38.75	38.0	38.75	38.0	21804000
2021-01-21	38.25	37.75	38.5	37.75	10273000
2021-01-22	38.0	37.75	40.0	39.75	86814400
2021-01-25	41.0	41.0	42.0	41.25	64314700
2021-01-26	40.75	40.5	41.5	41.0	29272800
2021-01-27	41.0	40.5	42.25	41.25	46505600
2021-01-28	41.25	38.25	41.5	39.25	49581900
2021-01-29	39.75	38.5	40.0	39.75	24978100
2021-02-01	39.75	39.0	40.0	39.75	10131700
2021-02-02	40.25	39.75	40.75	40.25	12858200
2021-02-03	40.25	39.25	40.25	39.5	9335900
2021-02-04	39.5	39.0	39.75	39.25	6877200
2021-02-05	39.25	38.25	39.5	38.25	17326700
2021-02-08	38.25	37.75	38.5	38.0	14995500
2021-02-09	38.25	38.0	38.75	38.25	10693400
2021-02-10	38.5	38.0	38.5	38.25	5702700
2021-02-11	38.25	37.25	38.25	37.5	16083900
2021-02-15	38.0	37.5	39.0	38.5	19066400
2021-02-16	39.5	39.0	39.75	39.75	27804400
2021-02-17	40.5	39.75	41.0	39.75	53272900
2021-02-18	40.25	40.0	43.25	41.0	167993900
2021-02-19	41.25	40.75	42.25	40.75	47392200
2021-02-22	40.25	39.75	41.5	39.75	75749900
2021-02-23	40.0	39.5	40.5	39.5	34075600
2021-02-24	39.5	38.75	40.0	38.75	43752300
2021-02-25	39.0	38.5	39.75	38.5	41010900
2021-03-01	38.75	38.5	41.5	39.75	83084600
2021-03-02	40.0	38.75	40.25	38.75	40131800
2021-03-03	39.0	39.0	39.5	39.25	20978200
2021-03-04	39.25	39.0	39.75	39.75	20083300
2021-03-05	40.0	39.5	40.25	40.0	27047300
2021-03-08	40.25	39.5	40.25	39.75	15672300
2021-03-09	40.0	39.75	40.75	40.25	31820800
2021-03-10	40.25	39.5	40.25	40.0	19643900
2021-03-11	40.0	39.25	40.0	39.5	23076900
2021-03-12	39.5	39.0	39.75	39.25	12619200
2021-03-15	39.5	39.25	39.75	39.75	9795400
2021-03-16	39.75	39.25	40.0	39.5	7434200
2021-03-17	39.75	39.5	40.0	39.75	8154900
2021-03-18	40.0	39.75	40.25	39.75	8766100
2021-03-19	39.75	39.75	40.75	40.5	28216500
2021-03-22	40.5	40.0	40.75	40.0	10770300
2021-03-23	40.25	39.75	40.5	40.25	12506300
2021-03-24	40.25	40.0	40.75	40.5	20839200
2021-03-25	40.75	40.5	40.75	40.5	9391100
2021-03-26	40.75	40.25	40.75	40.25	9278900
2021-03-29	40.5	40.25	40.75	40.25	15529300
2021-03-30	40.25	40.25	40.5	40.5	7908700
2021-03-31	41.0	41.0	41.75	41.0	52323600
2021-04-01	41.0	41.0	41.5	41.25	13578200
2021-04-02	41.5	41.0	41.75	41.25	16483200
2021-04-05	41.5	41.25	42.5	42.0	52139900
2021-04-07	43.75	43.5	45.0	44.75	113841100
2021-04-08	46.0	45.5	46.5	45.5	76578500
2021-04-09	45.0	44.5	45.5	45.5	62667700
2021-04-12	44.0	43.25	44.25	43.5	42366100
2021-04-16	44.5	43.75	44.75	44.25	34915100
2021-04-19	44.0	43.25	44.0	43.25	24596700
2021-04-20	43.25	43.25	43.75	43.25	14228500
2021-04-21	43.25	43.0	43.75	43.25	14267400
2021-04-22	43.5	43.25	45.0	44.5	60075100
2021-04-23	45.0	44.0	45.75	44.0	65937900
2021-04-26	44.25	44.0	44.75	44.25	22314900
2021-04-27	44.5	43.25	44.5	43.25	27364800
2021-04-28	43.5	43.25	44.0	43.75	9982300
2021-04-29	44.0	43.75	44.5	44.5	14174200
2021-04-30	44.75	44.0	44.75	44.25	14803900
2021-05-05	44.75	44.5	45.5	45.25	54951800
2021-05-06	45.25	44.5	45.75	45.25	37871700
2021-05-07	45.5	45.0	45.5	45.25	10891000
2021-05-10	45.5	45.25	46.0	45.25	24392300
2021-05-11	45.25	44.75	45.75	45.25	16770000
2021-05-12	45.5	45.0	45.75	45.25	12976300
2021-05-13	45.5	43.5	46.0	45.5	77332900
2021-05-14	46.0	45.0	48.25	47.5	127365400
2021-05-17	48.0	47.5	48.5	48.25	37235500
2021-05-18	48.25	47.25	49.0	47.75	43194100
2021-05-19	48.0	47.25	48.0	47.25	15871600
2021-05-20	47.25	45.75	47.5	46.0	43780300
2021-05-21	46.25	46.0	47.0	47.0	22328400
2021-05-24	47.25	47.0	47.75	47.25	24001300
2021-05-25	45.5	45.5	46.25	46.0	18121900
2021-05-27	46.25	45.5	46.25	46.0	41761900
2021-05-28	46.25	44.25	46.5	44.5	49002000
2021-05-31	43.0	43.0	44.0	43.75	35869200
2021-06-01	43.75	43.75	44.75	44.25	17339200
2021-06-02	44.75	44.5	45.25	45.25	20055900
2021-06-04	45.0	43.75	45.25	44.0	40174700
2021-06-07	43.75	43.0	44.0	43.25	33816200
2021-06-08	43.25	42.5	43.5	42.5	31331800
2021-06-09	42.75	42.5	43.5	43.5	18465200
2021-06-10	43.5	42.5	43.5	42.5	18742600
2021-06-11	43.0	41.75	43.0	42.25	25560400
2021-06-14	42.25	41.25	42.5	41.5	27074400
2021-06-15	41.25	40.25	41.75	40.5	26501400
2021-06-16	40.5	40.25	41.75	41.75	26848900
2021-06-17	42.0	41.75	42.5	41.75	20472100
2021-06-18	42.0	41.25	42.0	41.75	8453600
2021-06-21	41.5	41.0	41.75	41.5	7690400
2021-06-22	41.75	41.5	42.25	41.5	7294800
2021-06-23	41.75	40.5	41.75	40.75	13312500
2021-06-24	40.75	40.25	41.0	40.5	10409100
2021-06-25	41.0	41.0	41.75	41.25	13414900
2021-06-28	41.25	40.75	41.5	41.25	8236600
2021-06-29	41.5	41.25	42.75	42.25	22905400
2021-06-30	42.25	41.75	42.5	41.75	23682200
2021-07-01	42.0	40.5	42.0	41.75	15246900
2021-07-02	41.75	40.75	41.75	41.25	9016300
2021-07-05	41.0	40.25	41.25	40.5	12506400
2021-07-06	40.5	39.75	40.5	39.75	19935100
2021-07-07	40.25	40.0	40.5	40.0	8107600
2021-07-08	39.75	39.5	40.25	40.0	14136000
2021-07-09	39.75	39.5	40.25	39.75	8421000
2021-07-12	40.0	37.5	40.0	38.0	29861400
2021-07-13	37.75	37.25	38.5	38.0	25451200
2021-07-14	38.0	37.0	38.0	37.75	30655800
2021-07-15	37.75	37.25	38.0	37.5	17711600
2021-07-16	37.5	37.0	40.0	39.5	44698200
2021-07-19	38.75	38.75	39.75	39.25	22165400
2021-07-20	39.5	38.5	39.75	39.0	14849200
2021-07-21	39.25	38.25	39.75	39.25	21069700
2021-07-22	39.5	38.5	39.75	38.5	15752600
2021-07-23	38.75	37.75	39.0	38.0	11158300
2021-07-27	37.5	36.75	37.75	37.25	34031500
2021-07-29	37.25	37.0	37.75	37.25	13614400
2021-07-30	37.5	37.0	37.75	37.5	17018800
2021-08-02	37.5	37.0	37.5	37.5	9712800
2021-08-03	37.5	37.25	38.25	38.0	19124800
2021-08-04	38.0	37.0	38.0	37.25	19005600
2021-08-05	37.5	37.25	37.75	37.25	16413000
2021-08-06	37.25	36.5	37.25	36.5	24602300
2021-08-09	36.75	36.0	37.0	37.0	13126500
2021-08-10	37.25	37.0	37.5	37.25	11474800
2021-08-11	38.0	38.0	38.75	38.25	40366300
2021-08-13	38.25	37.75	38.75	37.75	19509000
2021-08-16	37.75	37.25	38.25	37.75	16708200
2021-08-17	38.25	38.0	38.5	38.25	15400600
2021-08-18	38.25	38.25	38.75	38.25	8953200
2021-08-19	38.25	38.0	38.5	38.25	10615100
2021-08-20	38.5	38.25	38.5	38.5	9962900
2021-08-23	36.75	36.5	37.25	37.25	15285400
2021-08-24	37.25	37.0	37.5	37.0	11898800
2021-08-25	37.0	36.75	37.25	37.0	10822900
2021-08-26	37.0	36.75	37.25	36.75	13321800
2021-08-27	36.5	36.0	36.75	36.25	14079900
2021-08-30	36.5	36.25	36.5	36.25	10014800
2021-08-31	36.25	36.0	37.25	37.0	23434100
2021-09-01	37.0	36.5	37.0	36.75	9849200
2021-09-02	36.5	36.25	36.75	36.5	8870100
2021-09-03	36.5	36.0	36.5	36.25	13637900
2021-09-06	36.25	36.0	36.5	36.25	6267600
2021-09-07	36.5	36.0	36.75	36.0	11778100
2021-09-08	36.25	35.75	36.25	36.25	10783000
2021-09-09	36.25	36.0	36.5	36.0	6883100
2021-09-10	36.0	35.5	36.25	35.5	12637200
2021-09-13	35.25	34.25	35.25	34.5	37668800
2021-09-14	34.25	33.25	34.5	33.75	36292600
2021-09-15	33.5	33.25	34.25	34.0	27027400
2021-09-16	34.25	34.0	34.5	34.25	11597600
2021-09-17	34.25	34.0	34.5	34.0	11390600
2021-09-20	33.75	33.0	33.75	33.0	25042100
2021-09-21	33.0	32.25	33.25	32.5	28363300
2021-09-22	32.5	32.5	33.0	32.5	11525800
2021-09-23	32.5	30.5	32.75	31.5	31572200
2021-09-27	31.25	29.5	31.5	30.0	55302500
2021-09-28	30.0	29.5	31.75	31.75	43112600
2021-09-29	31.75	31.25	32.25	31.5	19551000
2021-09-30	31.75	31.0	32.0	31.25	11035000
2021-10-01	31.0	30.5	31.25	30.75	10822200
2021-10-04	30.75	30.5	31.0	30.75	7187300
2021-10-05	30.75	30.25	31.5	30.5	17021100
2021-10-06	30.5	30.5	31.0	30.5	7259400
2021-10-07	30.5	30.5	31.25	31.0	7896700
2021-10-08	31.0	30.5	31.25	30.75	11279900
2021-10-11	31.0	30.75	31.75	31.0	17915500
2021-10-12	31.0	30.25	31.5	31.5	25714600
2021-10-14	31.0	31.0	31.75	31.25	11388700
2021-10-15	31.25	31.25	31.75	31.75	12847300
2021-10-18	31.75	31.5	32.75	32.75	16506700
2021-10-19	32.75	31.75	32.75	31.75	16545500
2021-10-20	32.0	31.75	32.0	32.0	6855800
2021-10-21	32.0	31.75	32.5	32.0	19373500
2021-10-25	32.25	31.25	32.25	31.75	8438200
2021-10-26	31.75	31.25	32.0	31.5	13742900
2021-10-27	31.5	30.5	31.75	30.5	20056000
2021-10-28	30.5	30.25	31.25	30.25	8342300
2021-10-29	30.75	30.5	31.0	30.5	6757300
2021-11-01	30.25	29.0	30.75	29.5	29411800
2021-11-02	29.25	28.5	29.5	28.75	16338100
2021-11-03	28.75	28.25	29.0	28.5	9047900
2021-11-04	28.5	28.25	28.75	28.5	6854600
2021-11-05	28.5	27.75	28.75	27.75	13730600
2021-11-08	27.75	26.5	28.0	26.5	27529900
2021-11-09	27.25	27.25	28.75	27.75	38649000
2021-11-10	28.0	28.0	28.5	28.25	10826200
2021-11-11	28.5	28.0	28.5	28.5	7498200
2021-11-12	28.5	28.5	29.25	29.0	10959700
2021-11-15	29.25	29.0	29.5	29.25	9438600
2021-11-16	29.25	29.0	29.75	29.25	10570900
2021-11-17	29.0	28.75	29.25	29.0	10689500
2021-11-18	29.0	28.75	29.25	29.0	11193700
2021-11-19	27.5	27.25	27.75	27.5	8914500
2021-11-22	27.5	27.0	27.75	27.0	9927000
2021-11-23	27.25	27.0	28.25	28.0	14921000
2021-11-24	28.0	27.75	28.25	28.25	6477600
2021-11-25	28.0	27.75	28.25	28.0	6139200
2021-11-26	28.25	28.0	30.75	30.75	77134800
2021-11-29	33.0	31.75	33.5	32.5	80534700
2021-11-30	31.5	29.5	31.5	30.0	39771600
2021-12-01	30.0	28.75	30.0	29.25	20562900
2021-12-02	29.75	28.75	30.0	28.75	16032000
2021-12-03	28.75	28.5	29.25	28.75	9798400
2021-12-07	28.75	28.25	28.75	28.25	11173900
2021-12-08	28.5	28.25	28.75	28.25	6131600
2021-12-09	28.5	28.25	29.0	28.75	7642300
2021-12-13	28.75	28.5	29.0	28.75	7663100
2021-12-14	29.0	28.5	29.0	29.0	10895500
2021-12-15	28.75	28.5	29.0	28.75	6656400
2021-12-16	28.75	28.75	30.0	29.5	18875400
2021-12-17	29.75	29.25	29.75	29.5	9189700
2021-12-20	29.75	29.5	30.5	29.75	16358200
2021-12-21	29.5	29.25	30.0	29.75	11928200
2021-12-22	29.75	29.5	30.5	29.5	14311400
2021-12-23	29.75	29.5	30.0	29.75	9940700
2021-12-24	29.75	29.5	29.75	29.75	3966300
2021-12-27	29.75	29.5	30.25	29.75	5236300
2021-12-28	30.0	29.75	30.25	30.25	8868700
2021-12-29	30.0	29.75	30.25	30.0	8386000
2021-12-30	30.25	30.0	30.25	30.25	7085500
2022-01-04	30.0	29.0	30.25	29.5	22516100
2022-01-05	29.5	29.25	30.25	30.0	16989300
2022-01-06	30.25	29.75	30.25	30.0	10507900
2022-01-07	30.25	29.5	30.25	30.0	7157100
2022-01-10	30.0	29.75	30.75	30.75	13256700
2022-01-11	30.75	30.25	30.75	30.5	7860500
2022-01-12	30.5	29.75	30.75	30.25	10350800
2022-01-13	30.25	30.0	30.5	30.25	5784000
2022-01-14	30.25	30.0	30.25	30.25	3058900
2022-01-17	30.0	29.75	30.25	30.0	6136000
2022-01-18	29.75	29.0	30.0	29.25	16629200
2022-01-19	29.25	28.5	29.25	28.75	10076300
2022-01-20	28.75	28.5	29.0	28.75	3123600
2022-01-21	28.5	28.5	29.0	28.75	7897300
2022-01-24	28.75	28.5	29.0	28.75	6151600
2022-01-25	28.75	28.25	29.0	28.75	7460100
2022-01-26	28.75	28.5	29.0	28.5	3791700
2022-01-27	28.25	28.25	28.75	28.5	7191900
2022-01-28	28.5	28.5	29.0	28.5	4968300
2022-01-31	29.0	28.75	29.5	29.0	7451700
2022-02-01	29.5	29.25	30.0	30.0	10169600
2022-02-02	30.0	29.5	30.25	30.0	11021800
2022-02-03	29.75	29.5	30.0	29.75	2598900
2022-02-04	29.75	29.5	30.0	29.5	3389600
2022-02-07	29.5	29.5	30.25	29.75	9328400
2022-02-08	29.75	29.5	30.0	30.0	3989800
2022-02-09	30.0	29.5	30.0	30.0	8887900
2022-02-10	29.75	29.5	30.0	29.75	8991800
2022-02-11	29.75	28.75	29.75	29.0	14210000
2022-02-14	28.75	28.75	29.25	29.0	4424300
2022-02-15	29.0	28.75	29.25	29.25	4498300
2022-02-17	29.25	29.25	30.25	29.75	15342600
2022-02-18	28.5	28.0	29.0	28.25	38157000
2022-02-21	28.0	27.0	28.0	27.5	21675600
2022-02-22	27.0	26.5	27.25	27.0	16247000
2022-02-23	27.0	26.75	27.25	26.75	9972400
2022-02-24	26.75	25.5	26.75	25.75	29720800
2022-02-25	25.75	25.5	26.25	25.75	12937400
2022-02-28	25.75	25.5	26.0	25.75	6303800
2022-03-01	25.75	25.5	26.5	26.0	13289800
2022-03-02	25.75	25.0	26.0	25.5	16242700
2022-03-03	25.5	24.8	25.75	25.0	15828500
2022-03-04	25.0	24.1	25.0	24.6	25076200
2022-03-07	24.3	24.1	24.7	24.1	11658900
2022-03-08	24.1	23.0	24.2	23.4	21228600
2022-03-09	23.3	22.8	23.9	23.9	18256900
2022-03-10	24.1	24.0	24.7	24.3	11968800
2022-03-11	24.2	23.8	24.8	24.6	9430500
2022-03-14	24.7	24.7	25.75	25.25	20368800
2022-03-15	25.5	25.0	25.75	25.25	10236200
2022-03-16	25.25	25.0	25.5	25.5	5949900
2022-03-17	25.5	25.5	26.0	25.5	7306400
2022-03-18	25.75	25.0	26.25	26.25	12188300
2022-03-21	26.25	25.75	26.5	25.75	4019700
2022-03-22	25.75	25.75	26.25	26.0	9949200
2022-03-23	26.0	25.75	26.25	25.75	4761100
2022-03-24	25.75	25.5	26.0	25.75	4394000
2022-03-25	25.75	25.25	26.0	25.25	4809100
2022-03-28	25.25	25.25	25.75	25.5	3534900
2022-03-29	25.5	25.25	25.75	25.5	3655900
2022-03-30	25.5	25.0	25.75	25.5	8312700
2022-03-31	25.25	25.0	25.75	25.25	5407700
2022-04-01	25.25	25.0	26.0	25.5	12012300
2022-04-04	25.5	25.5	26.25	26.0	10515500
2022-04-05	26.0	25.75	26.25	26.0	5536300
2022-04-07	26.0	25.5	26.0	25.75	6042300
2022-04-08	25.75	25.5	26.0	25.5	4370500
2022-04-11	25.5	25.0	25.75	25.25	7125300
2022-04-12	25.0	25.0	25.25	25.0	5352100
2022-04-18	25.25	25.25	26.0	25.5	10735600
2022-04-19	25.0	24.6	25.0	25.0	8187500
2022-04-20	25.0	24.8	25.25	25.0	4755600
2022-04-21	25.0	24.9	25.25	25.0	4802000
2022-04-22	25.0	24.7	25.25	24.9	4809000
2022-04-25	24.8	24.1	24.8	24.5	8163000
2022-04-26	24.5	24.1	24.6	24.3	6696000
2022-04-27	24.2	23.7	24.3	23.9	8837300
2022-04-28	23.8	23.8	24.2	24.2	5061200
2022-04-29	24.2	24.1	24.4	24.3	4433700
2022-05-03	24.2	23.7	24.2	24.0	7101300
2022-05-05	23.0	22.2	23.2	22.3	26019800
2022-05-06	21.1	20.3	21.6	20.4	24342000
2022-05-09	19.8	19.2	20.2	19.3	27421800
2022-05-10	19.1	18.5	19.9	19.8	45101100
2022-05-11	19.7	19.0	19.7	19.1	19393000
2022-05-12	19.1	18.6	19.1	18.7	16588200
2022-05-13	18.7	18.5	18.9	18.6	14742100
2022-05-17	18.6	17.8	18.7	18.0	24738800
2022-05-18	18.0	18.0	19.0	18.9	28655100
2022-05-19	18.5	18.5	19.3	19.1	14550400
2022-05-20	19.3	18.9	19.5	19.3	9866400
2022-05-23	19.5	19.3	20.0	20.0	13950300
2022-05-24	20.1	20.1	21.4	21.1	32079300
2022-05-25	21.1	20.3	21.1	20.7	19343900
2022-05-26	20.4	20.0	20.5	20.1	15969800
2022-05-27	20.2	19.7	20.3	20.2	12269400
2022-05-30	20.1	19.7	20.7	20.4	27766700
2022-05-31	20.5	20.1	20.5	20.1	80299300
2022-06-01	20.2	19.7	20.2	19.8	18593600
2022-06-02	19.8	19.6	19.9	19.7	7779400
2022-06-06	19.6	18.7	19.6	18.8	18571500
2022-06-07	18.8	18.2	18.8	18.4	14464500
2022-06-08	18.5	18.1	18.5	18.1	9211300
2022-06-09	18.1	18.0	18.4	18.0	10860700
2022-06-10	18.1	17.8	18.2	17.9	8633000
2022-06-13	17.7	16.8	17.7	17.0	27230000
2022-06-14	16.9	16.8	17.2	17.0	13102500
2022-06-15	17.0	16.6	17.1	16.7	10508800
2022-06-16	16.9	16.1	17.0	16.1	16212600
2022-06-17	16.0	15.9	17.2	17.0	22968900
2022-06-20	17.0	16.6	17.0	16.8	6142800
2022-06-21	16.8	16.5	17.4	17.3	10976100
2022-06-22	17.1	16.7	17.2	16.7	10263400
2022-06-23	16.8	16.5	17.1	17.0	8409100
2022-06-24	17.0	16.9	17.7	17.3	17003000
2022-06-27	17.3	17.0	17.3	17.2	8454500
2022-06-28	17.1	16.9	17.2	17.0	6287900
2022-06-29	16.9	16.8	17.0	16.9	5185600
2022-06-30	16.9	15.8	16.9	16.3	45170000
2022-07-01	16.2	15.8	16.3	15.8	14793500
2022-07-04	15.8	15.5	15.9	15.5	7304200
2022-07-05	15.7	15.7	17.0	16.8	35345800
2022-07-06	17.0	16.2	17.1	16.7	19883200
2022-07-07	16.5	16.2	16.7	16.5	12035600
2022-07-08	16.5	16.0	16.6	16.1	7005300
2022-07-11	16.1	15.8	16.9	16.8	23603600
2022-07-12	16.7	16.2	16.8	16.2	13848400
2022-07-14	16.1	16.1	16.7	16.5	11141300
2022-07-15	16.5	16.2	16.7	16.4	11126900
2022-07-18	16.5	16.2	16.7	16.3	7853300
2022-07-19	16.3	15.8	16.5	15.9	17139100
2022-07-20	16.0	15.9	16.3	16.0	11699300
2022-07-21	16.0	15.8	16.1	16.0	6822000
2022-07-22	16.1	16.0	16.7	16.6	15499000
2022-07-25	16.6	16.4	16.8	16.7	7588800
2022-07-26	16.7	16.3	16.8	16.3	5535100
2022-07-27	16.2	16.1	16.4	16.3	6965300
2022-08-01	16.3	16.3	17.2	16.7	18831300
2022-08-02	16.5	16.5	17.1	16.7	11713400
2022-08-03	16.6	16.5	16.8	16.6	10244200
2022-08-04	16.6	16.5	17.1	16.5	13555700
2022-08-05	16.5	16.2	16.7	16.2	10841100
2022-08-08	16.2	15.8	16.2	16.0	9695300
2022-08-09	16.1	15.9	16.2	16.2	3481200
2022-08-10	16.2	15.7	16.2	16.0	7840600
2022-08-11	16.1	15.9	16.7	16.1	21531900
2022-08-15	16.2	15.7	16.2	15.9	8789800
2022-08-16	16.0	15.6	16.1	15.6	15945700
2022-08-17	15.7	15.4	15.8	15.7	13282300
2022-08-18	15.8	15.6	15.8	15.7	6376400
2022-08-19	15.7	15.6	15.9	15.6	10688400
2022-08-22	15.7	15.6	16.0	15.7	15528900
2022-08-23	15.2	14.7	15.3	14.8	20072000
2022-08-24	14.8	14.4	14.9	14.6	14690200
2022-08-25	14.6	14.3	14.6	14.4	13325000
2022-08-26	14.4	14.3	14.6	14.4	6953500
2022-08-29	14.2	13.9	14.2	14.1	10677200
2022-08-30	14.0	13.7	14.1	13.7	13239300
2022-08-31	13.7	13.7	14.3	14.2	14314300
2022-09-01	14.1	13.7	14.2	13.8	13761400
2022-09-02	13.8	13.3	13.9	13.6	23568800
2022-09-05	13.6	13.2	13.7	13.4	8348800
2022-09-06	13.4	13.3	13.6	13.5	4583800
2022-09-07	13.5	13.5	13.7	13.6	4678900
2022-09-08	13.6	13.2	13.7	13.3	11826400
2022-09-09	13.3	13.3	13.7	13.6	10131500
2022-09-12	13.6	13.5	13.8	13.6	5848800
2022-09-13	13.6	13.4	13.7	13.5	4698900
2022-09-14	13.4	13.2	13.4	13.4	6276500
2022-09-15	13.4	13.1	13.4	13.3	7792000
2022-09-16	13.3	12.9	13.3	13.0	19009400
2022-09-19	13.0	12.1	13.1	12.3	22348500
2022-09-20	12.3	12.2	12.6	12.4	10185000
2022-09-21	12.4	12.0	12.5	12.1	10372800
2022-09-22	12.1	12.0	12.6	12.4	14358100
2022-09-23	12.4	12.2	12.6	12.4	9626900
2022-09-26	12.3	12.1	12.4	12.1	7140100
2022-09-27	12.1	11.7	12.2	11.8	14132900
2022-09-28	11.7	11.4	11.8	11.5	15889300
2022-09-29	11.7	11.1	11.7	11.2	11569100
2022-09-30	11.1	11.0	11.5	11.4	9803000
2022-10-03	11.3	10.9	11.5	11.0	10629200
2022-10-04	11.2	11.1	11.4	11.3	9863900
2022-10-05	11.3	11.3	11.7	11.6	8780700
2022-10-06	11.6	11.6	12.6	12.2	17993300
2022-10-07	12.0	11.8	12.1	12.1	5593800
2022-10-10	11.9	11.3	12.0	11.3	12682500
2022-10-11	11.2	10.8	11.4	10.9	16860300
2022-10-12	10.9	10.8	11.1	10.9	8156000
2022-10-17	11.0	10.9	11.3	11.2	13481800
2022-10-18	11.3	11.2	11.5	11.4	8112300
2022-10-19	11.5	11.3	11.6	11.4	7915200
2022-10-20	11.4	11.0	11.5	11.1	28971100
2022-10-21	11.1	11.0	11.3	11.1	5061200
2022-10-25	11.1	11.0	11.4	11.0	6533300
2022-10-26	11.0	11.0	11.2	11.1	3538800
2022-10-27	11.0	11.0	11.2	11.2	4578300
2022-10-28	11.2	11.1	11.3	11.2	1864500
2022-10-31	11.2	11.0	11.4	11.1	7248000
2022-11-01	11.1	11.1	11.3	11.3	2984300
2022-11-02	11.3	11.1	11.3	11.2	4437000
2022-11-03	11.2	11.0	11.3	11.2	4765500
2022-11-04	11.2	11.1	11.6	11.4	11407200
2022-11-07	11.8	11.4	11.8	11.5	7915000
2022-11-08	11.6	11.3	11.6	11.5	5389500
2022-11-09	10.6	10.0	10.8	10.2	53057000
2022-11-10	10.1	9.85	10.3	9.85	33406400
2022-11-11	9.9	9.7	10.2	10.1	23077200
2022-11-14	10.1	10.0	10.6	10.4	16727800
2022-11-15	10.3	10.3	10.8	10.6	10728900
2022-11-16	10.5	10.3	10.5	10.3	6740200
2022-11-17	10.4	10.0	10.4	10.2	5987600
2022-11-18	10.1	9.9	10.2	10.2	7633700
2022-11-21	10.2	10.0	10.3	10.0	4901500
2022-11-22	10.0	9.7	10.1	9.75	16104300
2022-11-23	9.8	9.7	9.9	9.85	4758500
2022-11-24	9.9	9.85	10.1	10.0	5230000
2022-11-25	10.1	9.9	10.1	9.9	5674200
2022-11-28	9.85	9.8	9.9	9.85	4408600
2022-11-29	9.9	9.8	10.2	9.9	11547300
2022-11-30	9.9	9.85	10.2	10.0	11159000
2022-12-01	10.0	9.9	10.1	9.9	4896900
2022-12-02	9.9	9.85	9.95	9.85	3012500
2022-12-06	9.9	9.7	9.9	9.7	9408500
2022-12-07	9.75	9.7	9.85	9.75	4549400
2022-12-08	9.75	9.75	9.9	9.75	5277700
2022-12-09	9.75	9.75	9.85	9.75	3248300
2022-12-13	9.8	9.75	9.95	9.75	8327000
2022-12-14	9.75	9.4	9.75	9.5	16220900
2022-12-15	9.5	9.3	9.55	9.35	9357700
2022-12-16	9.3	9.3	9.5	9.4	7537600
2022-12-19	9.4	9.05	9.4	9.05	10905900
2022-12-20	9.05	8.65	9.05	8.65	17861700
2022-12-21	8.7	8.7	9.4	9.3	19732600
2022-12-22	9.35	9.15	9.6	9.2	10071300
2022-12-23	9.15	9.05	9.85	9.7	26860900
2022-12-26	9.7	9.6	10.3	9.95	28054800
2022-12-27	9.95	9.95	10.2	10.1	12785800
2022-12-28	10.0	9.9	10.1	10.1	5045500
2022-12-29	10.1	10.0	10.2	10.1	6173700
2022-12-30	10.2	10.0	10.3	10.0	9511800
