Date	Price Open	Price Low	Price High	Price Close	Volume
2018-12-19	2.444442	2.444442	2.6222196	2.555553	41512766.0
2018-12-20	2.5333308	2.3555532	2.555553	2.3555532	17582867.0
2018-12-21	2.3111088	2.16888672	2.3777754	2.2666644	13442863.0
2018-12-24	2.2888866	2.2666644	2.3999976	2.3999976	6465831.0
2018-12-25	2.3555532	2.2888866	2.3999976	2.3111088	3899028.0
2018-12-26	2.333331	2.333331	2.4222198	2.333331	1570276.0
2018-12-27	2.3777754	2.2888866	2.3999976	2.2888866	1001476.0
2018-12-28	2.2888866	2.2888866	2.3555532	2.3555532	949950.0
2019-01-02	2.3555532	2.3111088	2.3999976	2.3999976	376200.0
2019-01-03	2.3777754	2.3111088	2.3777754	2.3111088	789300.0
2019-01-04	2.3111088	2.2888866	2.333331	2.333331	305775.0
2019-01-07	2.333331	2.2666644	2.333331	2.2666644	581175.0
2019-01-08	2.2666644	2.2444422	2.444442	2.3555532	2687177.0
2019-01-09	2.3555532	2.3555532	2.444442	2.3999976	1286551.0
2019-01-10	2.4666642	2.3555532	2.4888864	2.3777754	1045801.0
2019-01-11	2.3999976	2.333331	2.4222198	2.333331	588375.0
2019-01-14	2.333331	2.333331	2.444442	2.3555532	899325.0
2019-01-15	2.3777754	2.333331	2.3999976	2.333331	356850.0
2019-01-16	2.3555532	2.3111088	2.3999976	2.333331	485550.0
2019-01-17	2.3555532	2.333331	2.3555532	2.333331	193500.0
2019-01-18	2.3555532	2.333331	2.3555532	2.333331	232875.0
2019-01-21	2.3555532	2.3555532	2.3777754	2.3555532	82350.0
2019-01-22	2.3555532	2.3555532	2.4222198	2.3555532	389250.0
2019-01-23	2.3555532	2.333331	2.3999976	2.3999976	563625.0
2019-01-24	2.3999976	2.3555532	2.4222198	2.3555532	591300.0
2019-01-25	2.3555532	2.333331	2.3555532	2.3555532	368100.0
2019-01-28	2.3555532	2.333331	2.4222198	2.3555532	997875.0
2019-01-29	2.3555532	2.3111088	2.3777754	2.3111088	515700.0
2019-01-30	2.3555532	2.2888866	2.3555532	2.2888866	504675.0
2019-01-31	2.3111088	2.3111088	2.3999976	2.3555532	1152226.0
2019-02-01	2.3555532	2.333331	2.3777754	2.3555532	318600.0
2019-02-04	2.3111088	2.2888866	2.333331	2.2888866	833850.0
2019-02-05	2.3111088	2.2888866	2.3111088	2.3111088	328275.0
2019-02-06	2.2888866	2.2888866	2.3111088	2.2888866	289800.0
2019-02-07	2.3111088	2.22222	2.3111088	2.2444422	919125.0
2019-02-08	2.2444422	2.2444422	2.2444422	2.2444422	181350.0
2019-02-11	2.2444422	2.22222	2.2444422	2.22222	258075.0
2019-02-12	2.22222	2.22222	2.2444422	2.22222	202500.0
2019-02-13	2.2444422	2.2444422	2.2444422	2.2444422	108225.0
2019-02-14	2.2666644	2.20444224	2.2666644	2.20444224	348750.0
2019-02-15	2.20444224	2.20444224	2.21333112	2.20444224	165825.0
2019-02-18	2.21333112	2.20444224	2.21333112	2.21333112	89100.0
2019-02-20	2.20444224	2.20444224	2.21333112	2.20444224	154125.0
2019-02-21	2.21333112	2.20444224	2.21333112	2.21333112	76500.0
2019-02-22	2.20444224	2.20444224	2.22222	2.22222	144450.0
2019-02-25	2.21333112	2.21333112	2.22222	2.21333112	70200.0
2019-02-26	2.21333112	2.20444224	2.21333112	2.20444224	124425.0
2019-02-27	2.1777756	2.15999784	2.22222	2.1777756	134550.0
2019-02-28	2.21333112	2.1777756	2.21333112	2.1777756	188325.0
2019-03-01	2.19555336	2.19555336	2.2444422	2.21333112	632250.0
2019-03-04	2.21333112	2.21333112	2.2444422	2.22222	158625.0
2019-03-05	2.2444422	2.22222	2.2888866	2.22222	401850.0
2019-03-06	2.22222	2.22222	2.2666644	2.22222	330750.0
2019-03-07	2.22222	2.22222	2.2666644	2.2444422	260550.0
2019-03-08	2.22222	2.22222	2.2666644	2.2666644	55125.0
2019-03-11	2.22222	2.22222	2.3111088	2.2666644	371475.0
2019-03-12	2.2666644	2.2666644	2.2666644	2.2666644	93600.0
2019-03-13	2.2444422	2.2444422	2.2444422	2.2444422	55800.0
2019-03-14	2.2444422	2.2444422	2.2888866	2.2888866	297450.0
2019-03-15	2.2666644	2.2444422	2.2888866	2.2444422	351000.0
2019-03-18	2.2444422	2.2444422	2.2666644	2.2444422	31500.0
2019-03-19	2.2444422	2.2444422	2.2666644	2.2444422	355950.0
2019-03-20	2.2666644	2.2444422	2.2666644	2.2444422	69750.0
2019-03-21	2.2444422	2.18666448	2.2444422	2.22222	325125.0
2019-03-22	2.22222	2.22222	2.2444422	2.22222	55800.0
2019-03-25	2.2444422	2.20444224	2.2444422	2.21333112	276525.0
2019-03-26	2.21333112	2.20444224	2.21333112	2.21333112	131625.0
2019-03-27	2.21333112	2.21333112	2.2444422	2.2444422	63225.0
2019-03-28	2.21333112	2.21333112	2.22222	2.22222	90000.0
2019-03-29	2.2444422	2.21333112	2.2444422	2.21333112	202725.0
2019-04-01	2.2444422	2.22222	2.2666644	2.2444422	183150.0
2019-04-02	2.2444422	2.21333112	2.2444422	2.21333112	129150.0
2019-04-04	2.2666644	2.22222	2.2888866	2.22222	735300.0
2019-04-05	2.22222	2.21333112	2.22222	2.21333112	51975.0
2019-04-09	2.21333112	2.21333112	2.21333112	2.21333112	22500.0
2019-04-10	2.22222	2.22222	2.22222	2.22222	5175.0
2019-04-11	2.21333112	2.21333112	2.21333112	2.21333112	22500.0
2019-04-12	2.19555336	2.19555336	2.21333112	2.21333112	66375.0
2019-04-17	2.21333112	2.21333112	2.22222	2.22222	132300.0
2019-04-18	2.21333112	2.21333112	2.2444422	2.2444422	63225.0
2019-04-19	2.22222	2.21333112	2.2444422	2.2444422	30150.0
2019-04-22	2.2444422	2.22222	2.2444422	2.22222	62325.0
2019-04-23	2.21333112	2.21333112	2.22222	2.21333112	70425.0
2019-04-24	2.22222	2.22222	2.2444422	2.2444422	196875.0
2019-04-25	2.2444422	2.22222	2.2666644	2.2444422	65025.0
2019-04-26	2.2666644	2.2444422	2.3555532	2.3555532	2700677.0
2019-04-29	2.2666644	2.2444422	2.2888866	2.2444422	333675.0
2019-04-30	2.2666644	2.2444422	2.2666644	2.2444422	56025.0
2019-05-02	2.2444422	2.22222	2.2444422	2.22222	229275.0
2019-05-03	2.20444224	2.20444224	2.22222	2.22222	130500.0
2019-05-07	2.21333112	2.21333112	2.21333112	2.21333112	23175.0
2019-05-08	2.21333112	2.20444224	2.21333112	2.21333112	137925.0
2019-05-09	2.21333112	2.21333112	2.21333112	2.21333112	72000.0
2019-05-10	2.22222	2.21333112	2.22222	2.21333112	50400.0
2019-05-13	2.22222	2.22222	2.333331	2.22222	66825.0
2019-05-14	2.22222	2.21333112	2.2666644	2.22222	654300.0
2019-05-15	2.22222	2.22222	2.2666644	2.22222	597825.0
2019-05-16	2.22222	2.21333112	2.2444422	2.22222	334800.0
2019-05-17	2.2666644	2.22222	2.2666644	2.2444422	3239553.0
2019-05-21	2.2888866	2.19555336	2.333331	2.19555336	7104382.0
2019-05-22	2.20444224	2.19555336	2.2444422	2.21333112	517500.0
2019-05-23	2.21333112	1.999998	2.2444422	2.18666448	3267228.0
2019-05-24	2.19555336	2.19555336	2.2444422	2.20444224	230400.0
2019-05-27	2.19555336	2.19555336	2.2888866	2.21333112	400275.0
2019-05-28	2.2444422	2.21333112	2.2666644	2.21333112	504000.0
2019-05-29	2.22222	2.21333112	2.2444422	2.22222	474075.0
2019-05-30	2.22222	2.20444224	2.2444422	2.21333112	209925.0
2019-05-31	2.20444224	2.20444224	2.2444422	2.21333112	135675.0
2019-06-04	2.20444224	2.20444224	2.2888866	2.22222	211050.0
2019-06-05	2.2444422	2.22222	2.2666644	2.22222	562500.0
2019-06-06	2.22222	2.20444224	2.2666644	2.21333112	237825.0
2019-06-07	2.22222	2.22222	2.2666644	2.2666644	465300.0
2019-06-10	2.2666644	2.2444422	2.2888866	2.2444422	209475.0
2019-06-11	2.22222	2.22222	2.22222	2.22222	295425.0
2019-06-12	2.22222	2.22222	2.2444422	2.22222	180000.0
2019-06-13	2.21333112	2.21333112	2.2888866	2.2444422	566550.0
2019-06-14	2.2666644	2.20444224	2.2666644	2.20444224	606375.0
2019-06-17	2.22222	2.19555336	2.22222	2.22222	197775.0
2019-06-18	2.22222	2.21333112	2.22222	2.22222	130275.0
2019-06-19	2.2444422	2.21333112	2.2444422	2.21333112	112725.0
2019-06-20	2.2444422	2.22222	2.2444422	2.22222	94275.0
2019-06-21	2.22222	2.21333112	2.22222	2.22222	40725.0
2019-06-24	2.2444422	2.22222	2.2444422	2.22222	11475.0
2019-06-25	2.21333112	2.21333112	2.2444422	2.2444422	182025.0
2019-06-26	2.2444422	2.2444422	2.2666644	2.2666644	275175.0
2019-06-27	2.2666644	2.22222	2.3111088	2.2666644	257850.0
2019-06-28	2.2444422	2.2444422	2.2666644	2.2666644	11700.0
2019-07-01	2.2666644	2.22222	2.2666644	2.2666644	108225.0
2019-07-02	2.22222	2.22222	2.2666644	2.2666644	125100.0
2019-07-03	2.22222	2.21333112	2.22222	2.22222	165375.0
2019-07-04	2.22222	2.18666448	2.22222	2.19555336	484650.0
2019-07-05	2.22222	2.16888672	2.2444422	2.20444224	189000.0
2019-07-08	2.21333112	2.19555336	2.22222	2.19555336	113175.0
2019-07-09	2.18666448	2.1777756	2.19555336	2.1777756	284400.0
2019-07-10	2.19555336	2.19555336	2.21333112	2.19555336	4500.0
2019-07-11	2.22222	2.1777756	2.22222	2.18666448	84150.0
2019-07-12	2.18666448	2.16888672	2.19555336	2.1777756	125775.0
2019-07-15	2.16888672	2.16888672	2.20444224	2.20444224	169425.0
2019-07-17	2.19555336	2.16888672	2.19555336	2.1777756	69075.0
2019-07-18	2.18666448	2.16888672	2.18666448	2.18666448	45900.0
2019-07-19	2.1777756	2.16888672	2.18666448	2.16888672	158625.0
2019-07-22	2.18666448	2.15999784	2.18666448	2.18666448	157500.0
2019-07-23	2.18666448	2.16888672	2.20444224	2.18666448	497250.0
2019-07-24	2.20444224	2.19555336	2.20444224	2.19555336	195750.0
2019-07-25	2.19555336	2.18666448	2.20444224	2.20444224	267300.0
2019-07-26	2.18666448	2.18666448	2.19555336	2.19555336	49725.0
2019-07-30	2.19555336	2.0888868	2.19555336	2.0888868	172350.0
2019-07-31	2.16888672	2.15999784	2.1777756	2.1777756	14850.0
2019-08-01	2.1777756	2.1777756	2.1777756	2.1777756	225.0
2019-08-02	2.1777756	2.1333312	2.21333112	2.21333112	1206226.0
2019-08-05	2.21333112	2.15110896	2.21333112	2.15110896	3375.0
2019-08-06	2.14222008	2.14222008	2.18666448	2.18666448	20250.0
2019-08-07	2.15999784	2.15999784	2.21333112	2.20444224	94050.0
2019-08-08	2.18666448	2.1777756	2.21333112	2.20444224	305775.0
2019-08-09	2.20444224	2.14222008	2.20444224	2.20444224	47925.0
2019-08-13	2.20444224	2.11555344	2.20444224	2.15999784	116775.0
2019-08-14	2.15999784	2.1333312	2.1777756	2.1777756	94050.0
2019-08-15	2.15999784	2.1333312	2.19555336	2.15110896	504225.0
2019-08-16	2.15110896	2.14222008	2.16888672	2.16888672	263475.0
2019-08-19	2.16888672	2.15999784	2.1777756	2.16888672	93375.0
2019-08-20	2.14222008	2.14222008	2.18666448	2.1777756	359775.0
2019-08-21	2.1777756	2.16888672	2.19555336	2.19555336	202725.0
2019-08-22	2.19555336	2.1333312	2.19555336	2.19555336	296325.0
2019-08-23	2.19555336	2.16888672	2.19555336	2.16888672	57825.0
2019-08-26	2.16888672	2.15999784	2.1777756	2.1777756	330075.0
2019-08-27	2.1777756	2.15999784	2.18666448	2.18666448	78525.0
2019-08-28	2.16888672	2.15999784	2.18666448	2.18666448	122625.0
2019-08-29	2.18666448	2.15110896	2.18666448	2.1777756	23400.0
2019-08-30	2.15999784	2.15999784	2.1777756	2.1777756	13500.0
2019-09-02	2.1777756	2.15110896	2.18666448	2.18666448	79200.0
2019-09-03	2.18666448	2.15110896	2.18666448	2.15999784	96075.0
2019-09-04	2.15110896	2.14222008	2.15110896	2.15110896	190350.0
2019-09-05	2.15110896	2.14222008	2.15110896	2.15110896	116775.0
2019-09-06	2.14222008	2.14222008	2.15110896	2.15110896	160200.0
2019-09-09	2.15110896	2.1333312	2.15110896	2.15110896	47700.0
2019-09-10	2.14222008	2.1333312	2.14222008	2.14222008	71100.0
2019-09-11	2.12444232	2.11555344	2.12444232	2.12444232	127125.0
2019-09-12	2.14222008	2.12444232	2.14222008	2.14222008	63000.0
2019-09-13	2.12444232	2.12444232	2.14222008	2.14222008	26100.0
2019-09-16	2.14222008	2.12444232	2.14222008	2.1333312	28575.0
2019-09-17	2.12444232	2.11555344	2.12444232	2.12444232	68850.0
2019-09-18	2.11555344	2.09777568	2.12444232	2.09777568	30825.0
2019-09-19	2.09777568	2.0888868	2.10666456	2.09777568	49950.0
2019-09-20	2.0888868	2.0888868	2.12444232	2.09777568	25875.0
2019-09-23	2.12444232	2.11555344	2.12444232	2.12444232	18675.0
2019-09-24	2.12444232	2.09777568	2.12444232	2.12444232	112275.0
2019-09-25	2.12444232	2.10666456	2.1333312	2.1333312	36000.0
2019-09-26	2.1333312	2.09777568	2.1333312	2.11555344	130725.0
2019-09-27	2.09777568	2.0888868	2.09777568	2.09777568	11250.0
2019-09-30	2.09777568	2.0888868	2.1333312	2.1333312	54900.0
2019-10-01	2.12444232	2.07999792	2.1333312	2.1333312	61650.0
2019-10-02	2.1333312	2.1333312	2.15110896	2.15110896	15975.0
2019-10-03	2.18666448	2.1333312	2.18666448	2.1333312	2700.0
2019-10-04	2.1333312	2.07999792	2.1333312	2.1333312	43425.0
2019-10-07	2.1333312	2.06222016	2.1333312	2.09777568	146025.0
2019-10-08	2.0888868	2.07999792	2.09777568	2.0888868	132300.0
2019-10-09	2.07999792	2.07999792	2.12444232	2.11555344	265050.0
2019-10-10	2.12444232	2.12444232	2.12444232	2.12444232	225.0
2019-10-11	2.10666456	2.10666456	2.15110896	2.15110896	265275.0
2019-10-15	2.1333312	2.11555344	2.1333312	2.11555344	339075.0
2019-10-16	2.18666448	2.11555344	2.19555336	2.11555344	22950.0
2019-10-17	2.12444232	2.11555344	2.1333312	2.12444232	142650.0
2019-10-18	2.1333312	2.12444232	2.1333312	2.12444232	67500.0
2019-10-21	2.09777568	2.07999792	2.10666456	2.07999792	450225.0
2019-10-22	2.09777568	2.09777568	2.10666456	2.10666456	2250.0
2019-10-24	2.0888868	2.06222016	2.1333312	2.09777568	207225.0
2019-10-25	2.0888868	2.0888868	2.09777568	2.09777568	12600.0
2019-10-28	2.07110904	2.07110904	2.09777568	2.0888868	29475.0
2019-10-29	2.03555352	2.03555352	2.0888868	2.0888868	25425.0
2019-10-31	2.07999792	2.07110904	2.07999792	2.07110904	1575.0
2019-11-01	2.0888868	2.07999792	2.0888868	2.0888868	97650.0
2019-11-05	2.0888868	2.07110904	2.10666456	2.07110904	35775.0
2019-11-06	2.0888868	2.0888868	2.0888868	2.0888868	101250.0
2019-11-07	2.07999792	2.06222016	2.0888868	2.07999792	369450.0
2019-11-08	2.0888868	2.0888868	2.09777568	2.09777568	13725.0
2019-11-11	2.11555344	2.11555344	2.11555344	2.11555344	450.0
2019-11-13	2.07110904	2.0444424	2.07110904	2.0444424	285750.0
2019-11-14	2.03555352	1.9111092	2.05333128	2.05333128	99000.0
2019-11-15	2.05333128	1.94666472	2.05333128	2.00888688	334350.0
2019-11-18	1.9555536	1.9555536	1.99110912	1.99110912	67725.0
2019-11-19	1.999998	1.90222032	1.999998	1.96444248	134775.0
2019-11-20	1.9555536	1.9555536	1.97333136	1.97333136	117900.0
2019-11-21	1.97333136	1.75999824	1.97333136	1.85777592	821700.0
2019-11-22	1.84888704	1.67110944	1.84888704	1.80444264	353700.0
2019-11-25	1.8222204	1.79555376	1.83999816	1.79555376	307350.0
2019-11-26	1.81333152	1.81333152	1.8222204	1.8222204	4725.0
2019-11-27	1.83110928	1.8222204	1.84888704	1.8222204	14850.0
2019-11-28	1.8222204	1.6444428	1.8222204	1.80444264	923625.0
2019-11-29	1.8222204	1.79555376	1.8222204	1.80444264	30150.0
2019-12-02	1.78666488	1.777776	1.80444264	1.80444264	41175.0
2019-12-03	1.79555376	1.75999824	1.79555376	1.75999824	17100.0
2019-12-04	1.66222056	1.65333168	1.78666488	1.78666488	310950.0
2019-12-06	1.76888712	1.75999824	1.8222204	1.8222204	80325.0
2019-12-09	1.8222204	1.79555376	1.83999816	1.83999816	120825.0
2019-12-11	1.79555376	1.2888876	1.8222204	1.2888876	413325.0
2019-12-12	1.5999984	1.59110952	1.67110944	1.67110944	64350.0
2019-12-13	1.85777592	1.6444428	1.88444256	1.8666648	908325.0
2019-12-16	1.87555368	1.83999816	1.88444256	1.88444256	351000.0
2019-12-17	1.88444256	1.84888704	1.88444256	1.84888704	405450.0
2019-12-18	1.87555368	1.84888704	1.87555368	1.8666648	86400.0
2019-12-19	1.88444256	1.8666648	1.9555536	1.9555536	315675.0
2019-12-20	1.89333144	1.89333144	1.92888696	1.92888696	54450.0
2019-12-23	1.92888696	1.89333144	1.93777584	1.93777584	168750.0
2019-12-24	1.9555536	1.92888696	1.9555536	1.93777584	45225.0
2019-12-25	1.93777584	1.93777584	1.9555536	1.9555536	8550.0
2019-12-26	1.96444248	1.91999808	1.97333136	1.96444248	210375.0
2019-12-27	1.94666472	1.94666472	1.999998	1.97333136	82800.0
2019-12-30	1.98222024	1.9555536	1.98222024	1.98222024	56250.0
2020-01-02	2.15999784	1.9555536	2.15999784	2.05333128	60975.0
2020-01-03	2.03555352	1.97333136	2.07999792	2.05333128	54900.0
2020-01-06	2.05333128	1.98222024	2.06222016	2.0444424	58725.0
2020-01-07	1.9555536	1.9555536	2.05333128	2.0444424	125550.0
2020-01-08	2.0444424	2.0444424	2.0444424	2.0444424	2250.0
2020-01-09	2.0444424	2.0444424	2.0888868	2.0888868	28575.0
2020-01-10	2.02666464	2.01777576	2.10666456	2.09777568	120825.0
2020-01-13	2.0888868	2.0888868	2.10666456	2.10666456	33975.0
2020-01-14	2.0444424	1.999998	2.09777568	2.0888868	103500.0
2020-01-15	2.07999792	2.07110904	2.10666456	2.10666456	24750.0
2020-01-16	2.05333128	2.03555352	2.09777568	2.03555352	18675.0
2020-01-17	2.0444424	2.00888688	2.0444424	2.0444424	95850.0
2020-01-20	1.96444248	1.9555536	2.03555352	2.03555352	27000.0
2020-01-21	2.0888868	2.05333128	2.0888868	2.05333128	4725.0
2020-01-22	2.07999792	2.07999792	2.07999792	2.07999792	2250.0
2020-01-23	2.07999792	1.9555536	2.07999792	2.07110904	17100.0
2020-01-24	2.07110904	1.9111092	2.07110904	2.07110904	45450.0
2020-01-27	1.9555536	1.9111092	2.03555352	2.03555352	24750.0
2020-01-28	2.0444424	1.999998	2.0444424	2.03555352	11025.0
2020-01-29	2.02666464	2.02666464	2.03555352	2.03555352	6750.0
2020-01-30	1.999998	1.999998	1.999998	1.999998	450.0
2020-01-31	1.999998	1.79555376	2.03555352	1.96444248	56025.0
2020-02-03	1.89333144	1.8666648	1.999998	1.999998	24975.0
2020-02-04	1.97333136	1.96444248	1.97333136	1.96444248	25875.0
2020-02-05	1.97333136	1.97333136	2.07999792	2.07999792	103725.0
2020-02-06	2.0444424	1.9555536	2.0444424	1.97333136	147375.0
2020-02-07	2.03555352	1.96444248	2.03555352	2.01777576	25650.0
2020-02-11	2.01777576	1.9555536	2.01777576	2.01777576	34650.0
2020-02-12	2.01777576	1.94666472	2.01777576	2.01777576	19350.0
2020-02-13	1.999998	1.999998	1.999998	1.999998	13050.0
2020-02-14	1.9555536	1.9111092	1.999998	1.999998	159750.0
2020-02-17	1.93777584	1.91999808	1.97333136	1.92888696	34200.0
2020-02-18	1.9555536	1.87555368	1.9555536	1.9555536	74250.0
2020-02-19	1.98222024	1.93777584	1.999998	1.9555536	4725.0
2020-02-20	1.9555536	1.9555536	1.9555536	1.9555536	450.0
2020-02-21	1.9555536	1.9555536	1.9555536	1.9555536	2250.0
2020-02-24	1.9555536	1.9555536	1.9555536	1.9555536	675.0
2020-02-25	1.59110952	1.59110952	1.9555536	1.9555536	7650.0
2020-02-26	1.9555536	1.9555536	1.9555536	1.9555536	112500.0
2020-02-27	1.60888728	1.60888728	1.9555536	1.9111092	256050.0
2020-02-28	1.91999808	1.78666488	1.92888696	1.92888696	33075.0
2020-03-02	1.94666472	1.93777584	1.97333136	1.97333136	1229176.0
2020-03-03	1.9555536	1.92888696	1.98222024	1.98222024	282375.0
2020-03-04	1.9555536	1.9555536	2.12444232	2.07110904	455400.0
2020-03-05	2.07110904	2.02666464	2.07110904	2.07110904	51525.0
2020-03-06	1.96444248	1.9555536	2.07999792	2.07999792	256725.0
2020-03-09	1.87555368	1.87555368	2.07110904	2.07110904	253125.0
2020-03-10	1.9555536	1.9555536	2.0444424	2.0444424	163575.0
2020-03-11	2.0444424	2.0444424	2.22222	2.16888672	56700.0
2020-03-12	2.22222	2.0444424	2.22222	2.15999784	43425.0
2020-03-13	1.9555536	1.555554	1.9555536	1.9111092	548100.0
2020-03-16	1.88444256	1.7333316	1.9555536	1.92888696	879075.0
2020-03-17	1.98222024	1.89333144	1.98222024	1.94666472	345150.0
2020-03-18	1.9555536	1.94666472	1.9555536	1.9555536	360675.0
2020-03-19	1.777776	1.777776	1.94666472	1.94666472	13500.0
2020-03-20	1.98222024	1.8222204	1.98222024	1.94666472	161100.0
2020-03-23	1.94666472	1.88444256	1.9555536	1.9111092	764100.0
2020-03-24	2.18666448	1.88444256	2.18666448	1.92888696	68400.0
2020-03-25	2.16888672	1.89333144	2.16888672	2.03555352	28125.0
2020-03-26	2.07110904	1.90222032	2.07110904	1.91999808	177075.0
2020-03-27	1.91999808	1.83110928	2.0444424	1.999998	107325.0
2020-03-30	2.0444424	1.91999808	2.0444424	2.01777576	148950.0
2020-03-31	2.01777576	1.92888696	2.0444424	2.0444424	46350.0
2020-04-01	1.999998	1.93777584	2.03555352	2.03555352	126000.0
2020-04-02	1.999998	1.999998	2.21333112	2.07110904	8550.0
2020-04-03	2.11555344	2.0444424	2.1333312	2.11555344	52200.0
2020-04-07	2.0444424	2.0444424	2.1777756	2.12444232	29250.0
2020-04-08	2.12444232	2.00888688	2.1333312	2.11555344	28125.0
2020-04-09	2.10666456	2.0444424	2.22222	2.12444232	312525.0
2020-04-10	2.1333312	2.07999792	2.1333312	2.12444232	67500.0
2020-04-13	1.999998	1.97333136	2.0444424	2.03555352	11925.0
2020-04-14	1.9111092	1.90222032	2.0888868	1.999998	28350.0
2020-04-15	2.07999792	1.9555536	2.07999792	2.07999792	25200.0
2020-04-16	2.0444424	2.00888688	2.07999792	2.06222016	12150.0
2020-04-17	2.00888688	1.91999808	2.06222016	2.06222016	64800.0
2020-04-20	2.06222016	1.92888696	2.06222016	2.06222016	116775.0
2020-04-21	1.96444248	1.96444248	2.05333128	2.0444424	4500.0
2020-04-22	1.97333136	1.96444248	2.01777576	1.99110912	33075.0
2020-04-23	1.93777584	1.93777584	1.999998	1.99110912	64575.0
2020-04-24	1.94666472	1.94666472	2.01777576	1.99110912	51525.0
2020-04-27	2.00888688	1.98222024	2.00888688	2.00888688	3825.0
2020-04-28	2.00888688	1.9555536	2.00888688	2.00888688	11925.0
2020-04-29	1.98222024	1.97333136	2.01777576	1.999998	4950.0
2020-04-30	2.01777576	1.94666472	2.05333128	1.999998	187650.0
2020-05-05	1.999998	1.98222024	1.999998	1.99110912	101925.0
2020-05-07	2.01777576	1.99110912	2.01777576	1.999998	978300.0
2020-05-08	2.02666464	1.999998	2.07999792	2.01777576	167400.0
2020-05-11	2.01777576	1.999998	2.06222016	2.05333128	291150.0
2020-05-12	2.07999792	1.98222024	2.07999792	1.98222024	209925.0
2020-05-13	2.02666464	1.97333136	2.0444424	1.98222024	64125.0
2020-05-14	1.98222024	1.98222024	1.999998	1.999998	54000.0
2020-05-15	1.999998	1.99110912	2.00888688	1.999998	1656226.0
2020-05-18	1.999998	1.999998	2.01777576	2.00888688	140850.0
2020-05-19	2.01777576	2.01777576	2.0444424	2.02666464	276750.0
2020-05-20	2.07110904	2.06222016	2.3111088	2.3111088	1709551.0
2020-05-21	2.3111088	2.3111088	2.3999976	2.3111088	1181926.0
2020-05-22	2.3999976	2.22222	2.3999976	2.3111088	933525.0
2020-05-25	2.333331	2.3111088	2.3555532	2.333331	471150.0
2020-05-26	2.3555532	2.22222	2.3555532	2.2888866	568350.0
2020-05-27	2.2444422	2.22222	2.2888866	2.22222	1066051.0
2020-05-28	2.2444422	2.22222	2.2666644	2.2444422	1081126.0
2020-05-29	2.3111088	2.2444422	2.3111088	2.2666644	900900.0
2020-06-01	2.2888866	2.2666644	2.3111088	2.2888866	276075.0
2020-06-02	2.333331	2.2888866	2.333331	2.3111088	528525.0
2020-06-04	2.3111088	2.3111088	2.4222198	2.4222198	1789651.0
2020-06-05	2.444442	2.4222198	2.777775	2.777775	4255879.0
2020-06-08	3.1333302	2.888886	3.1333302	2.9555526	8777258.0
2020-06-09	2.9333304	2.7111084	2.9333304	2.777775	3787878.0
2020-06-10	2.7111084	2.7111084	2.7999972	2.777775	1309051.0
2020-06-11	2.7999972	2.7555528	2.8222194	2.777775	919350.0
2020-06-12	2.666664	2.5111086	2.7333306	2.7111084	1568926.0
2020-06-15	2.666664	2.6222196	2.6888862	2.6888862	817425.0
2020-06-16	2.666664	2.666664	2.7999972	2.7555528	1182376.0
2020-06-17	2.7555528	2.6888862	2.777775	2.7555528	328275.0
2020-06-18	2.666664	2.666664	2.7999972	2.7333306	293625.0
2020-06-19	2.7111084	2.6888862	2.7555528	2.7111084	245250.0
2020-06-22	2.7111084	2.6888862	2.7555528	2.7111084	179100.0
2020-06-23	2.7111084	2.7111084	2.7999972	2.7999972	710100.0
2020-06-24	2.7999972	2.7555528	2.9111082	2.7999972	2811377.0
2020-06-25	2.7333306	2.7333306	2.777775	2.7555528	566325.0
2020-06-26	2.7333306	2.6888862	2.777775	2.7333306	545625.0
2020-06-29	2.7333306	2.6888862	2.7333306	2.7333306	214875.0
2020-06-30	2.7555528	2.7333306	2.8222194	2.777775	1154251.0
2020-07-01	2.7555528	2.7333306	2.777775	2.7555528	172125.0
2020-07-02	2.777775	2.7333306	2.777775	2.777775	137475.0
2020-07-03	2.7333306	2.7111084	2.7555528	2.7555528	521325.0
2020-07-07	2.777775	2.7111084	2.777775	2.7111084	358875.0
2020-07-08	2.7333306	2.7111084	2.888886	2.8444416	7477882.0
2020-07-09	3.111108	2.9111082	3.1333302	2.9777748	17249867.0
2020-07-10	2.9333304	2.9111082	3.0222192	2.9777748	4248904.0
2020-07-13	3.0222192	2.8222194	3.0666636	2.8444416	5831105.0
2020-07-14	2.888886	2.777775	2.9111082	2.7999972	2224802.0
2020-07-15	2.8666638	2.8222194	2.9111082	2.8444416	4406179.0
2020-07-16	2.8444416	2.8222194	2.9777748	2.9777748	4012879.0
2020-07-17	2.999997	2.9777748	3.33333	3.3111078	38444663.0
2020-07-20	3.3555522	3.1777746	3.3555522	3.2666634	18445293.0
2020-07-21	3.3111078	3.222219	3.3111078	3.222219	4413154.0
2020-07-22	3.2666634	3.1333302	3.444441	3.1333302	28564003.0
2020-07-23	3.1777746	3.1555524	3.2888856	3.222219	10378810.0
2020-07-24	3.1999968	3.111108	3.1999968	3.1333302	3386028.0
2020-07-29	3.1555524	3.111108	3.1999968	3.1333302	2835452.0
2020-07-30	3.3555522	3.222219	3.5999964	3.5111076	48853173.0
2020-07-31	3.444441	3.33333	3.5111076	3.4222188	18103743.0
2020-08-03	3.4222188	3.4222188	3.6222186	3.555552	25175725.0
2020-08-04	3.5777742	3.444441	3.5777742	3.4888854	6989406.0
2020-08-05	3.555552	3.5333298	3.6888852	3.5333298	17016542.0
2020-08-06	3.5111076	3.4222188	3.5333298	3.4222188	5663030.0
2020-08-07	3.444441	3.3777744	3.4666632	3.4222188	2102627.0
2020-08-10	3.4222188	3.3777744	3.4666632	3.444441	3641403.0
2020-08-11	3.4666632	3.3777744	3.4666632	3.3999966	3107253.0
2020-08-13	3.4222188	3.3777744	3.5333298	3.444441	4725229.0
2020-08-14	3.4222188	3.2666634	3.444441	3.33333	5172530.0
2020-08-17	3.3111078	3.1555524	3.3555522	3.222219	4455679.0
2020-08-18	3.1777746	3.1777746	3.3111078	3.2666634	2979002.0
2020-08-19	3.2666634	3.1999968	3.4222188	3.2444412	5088605.0
2020-08-20	3.222219	3.222219	3.3777744	3.33333	3096678.0
2020-08-21	3.3777744	3.2888856	3.3777744	3.33333	1624951.0
2020-08-24	3.3555522	3.3555522	3.4666632	3.4222188	5466605.0
2020-08-25	3.4222188	3.33333	3.444441	3.33333	2107577.0
2020-08-26	3.33333	3.33333	3.5111076	3.4888854	6570456.0
2020-08-27	3.5111076	3.33333	3.5111076	3.4222188	4736029.0
2020-08-28	3.4222188	3.3555522	3.4222188	3.3555522	1113301.0
2020-08-31	3.33333	3.3111078	3.3555522	3.3111078	1101826.0
2020-09-01	3.2444412	3.2444412	3.3111078	3.2666634	1456876.0
2020-09-02	3.2888856	3.1333302	3.2888856	3.2444412	4028404.0
2020-09-03	3.2888856	3.2666634	3.3555522	3.2888856	2468927.0
2020-09-08	3.2666634	3.222219	3.3777744	3.222219	2722502.0
2020-09-09	3.1999968	3.1777746	3.2888856	3.2888856	1158751.0
2020-09-10	3.33333	3.2444412	3.3777744	3.2444412	2245277.0
2020-09-11	3.2444412	3.1555524	3.3111078	3.1999968	3278478.0
2020-09-14	3.1555524	3.0222192	3.1999968	3.0444414	4089829.0
2020-09-15	3.0222192	2.999997	3.1333302	3.1333302	2443277.0
2020-09-16	3.1555524	3.111108	3.1999968	3.1555524	1856701.0
2020-09-17	3.1333302	3.0666636	3.1333302	3.111108	1771876.0
2020-09-18	3.111108	3.0666636	3.1555524	3.0666636	519300.0
2020-09-21	3.0888858	3.0666636	3.1999968	3.1333302	1814851.0
2020-09-22	3.0888858	3.0666636	3.1555524	3.111108	447525.0
2020-09-23	3.0888858	3.0666636	3.1333302	3.111108	497250.0
2020-09-24	3.1333302	3.111108	3.2444412	3.1555524	6086931.0
2020-09-25	3.1777746	3.1333302	3.2666634	3.2444412	6250056.0
2020-09-28	3.2666634	3.1999968	3.2888856	3.2666634	6251631.0
2020-09-29	3.2666634	3.1777746	3.2888856	3.1777746	1637551.0
2020-09-30	3.1777746	3.1333302	3.1999968	3.1333302	1721476.0
2020-10-01	3.1555524	3.1333302	3.222219	3.1555524	1033201.0
2020-10-02	3.1777746	3.1333302	3.1999968	3.1555524	1276876.0
2020-10-05	3.1333302	3.111108	3.1777746	3.1555524	2823077.0
2020-10-06	3.1333302	3.1333302	3.1999968	3.1999968	2016452.0
2020-10-07	3.1777746	3.1555524	3.222219	3.1777746	1401076.0
2020-10-08	3.1999968	3.1333302	3.1999968	3.1333302	835425.0
2020-10-09	3.1777746	3.1333302	3.1777746	3.1555524	960300.0
2020-10-12	3.1555524	3.1333302	3.2444412	3.1555524	1886626.0
2020-10-14	3.1555524	3.0222192	3.1555524	3.111108	2361377.0
2020-10-15	3.0888858	3.0222192	3.0888858	3.0222192	1349326.0
2020-10-16	2.9777748	2.9111082	3.0222192	2.9333304	2315027.0
2020-10-19	2.888886	2.7555528	2.888886	2.7555528	1602901.0
2020-10-20	2.7555528	2.7555528	2.8666638	2.8666638	672075.0
2020-10-21	2.888886	2.8666638	2.9333304	2.8666638	445050.0
2020-10-22	2.9555526	2.9111082	2.999997	2.9555526	1386226.0
2020-10-26	2.999997	2.9111082	2.999997	2.9777748	127575.0
2020-10-27	2.9777748	2.9333304	2.999997	2.9777748	94725.0
2020-10-28	2.9777748	2.888886	2.9777748	2.9333304	464400.0
2020-10-29	2.888886	2.888886	2.9111082	2.9111082	219150.0
2020-10-30	2.9111082	2.888886	2.9111082	2.9111082	257175.0
2020-11-02	2.9111082	2.888886	2.9111082	2.888886	710550.0
2020-11-03	2.9333304	2.9111082	2.999997	2.9777748	2375552.0
2020-11-04	3.0888858	3.0444414	3.1555524	3.0444414	5762705.0
2020-11-05	3.0444414	2.9777748	3.0888858	3.0222192	1392301.0
2020-11-06	3.0222192	2.9777748	3.0222192	2.999997	557100.0
2020-11-09	3.0888858	2.999997	3.0888858	3.0444414	343125.0
2020-11-10	3.0666636	2.9555526	3.0666636	2.9555526	1318726.0
2020-11-11	2.9555526	2.9555526	3.0444414	3.0222192	622575.0
2020-11-12	3.0444414	3.0444414	3.1777746	3.1555524	7529857.0
2020-11-13	3.1555524	3.0666636	3.1777746	3.0888858	2907227.0
2020-11-16	3.0666636	3.0222192	3.0666636	3.0444414	1076401.0
2020-11-17	3.0444414	2.999997	3.0666636	3.0222192	987525.0
2020-11-18	3.0222192	2.9555526	3.0222192	2.999997	1856026.0
2020-11-19	2.9777748	2.9777748	3.0444414	3.0222192	406575.0
2020-11-20	3.0222192	2.9777748	3.0444414	3.0222192	1293301.0
2020-11-23	3.0222192	2.999997	3.0444414	3.0222192	1479826.0
2020-11-24	2.999997	2.9777748	3.0222192	2.999997	546975.0
2020-11-25	3.0222192	2.999997	3.0666636	3.0444414	1490626.0
2020-11-26	3.0666636	3.0222192	3.0888858	3.0444414	876600.0
2020-11-27	3.0666636	3.0222192	3.0888858	3.0444414	632025.0
2020-11-30	3.0444414	3.0222192	3.0444414	3.0222192	653400.0
2020-12-01	3.0444414	3.0222192	3.0444414	3.0444414	646425.0
2020-12-02	3.0444414	3.0222192	3.0444414	3.0222192	594000.0
2020-12-03	3.0222192	2.9777748	3.0444414	2.9777748	976050.0
2020-12-04	2.9777748	2.9777748	3.0666636	3.0222192	710325.0
2020-12-08	3.0222192	2.999997	3.0222192	2.999997	455625.0
2020-12-09	2.999997	2.9555526	3.0222192	2.9555526	822150.0
2020-12-14	2.9777748	2.888886	2.999997	2.888886	963000.0
2020-12-15	2.888886	2.8444416	2.9111082	2.9111082	746550.0
2020-12-16	2.888886	2.888886	2.999997	2.999997	886275.0
2020-12-17	3.0222192	3.0222192	3.111108	3.0444414	1733401.0
2020-12-18	3.111108	3.0666636	3.1999968	3.111108	12918612.0
2020-12-21	3.0444414	2.9555526	3.111108	2.9555526	4976779.0
2020-12-22	2.9555526	2.9555526	3.111108	3.0666636	3263628.0
2020-12-23	3.0888858	2.9777748	3.0888858	3.0222192	1241551.0
2020-12-24	2.9777748	2.9777748	3.0666636	3.0666636	1223326.0
2020-12-25	3.0444414	2.999997	3.0444414	3.0222192	1060201.0
2020-12-28	3.0444414	2.999997	3.111108	2.999997	2363402.0
2020-12-29	2.999997	2.999997	3.0444414	3.0222192	214875.0
2020-12-30	3.0222192	2.9555526	3.0666636	2.9555526	2046152.0
2021-01-04	2.9111082	2.9111082	2.9777748	2.9777748	799425.0
2021-01-05	2.9777748	2.9555526	3.0222192	3.0222192	768375.0
2021-01-06	3.0444414	2.9777748	3.0666636	3.0222192	668025.0
2021-01-07	3.0222192	2.9777748	3.0222192	2.9777748	583200.0
2021-01-08	2.999997	2.9777748	3.0222192	2.999997	1058401.0
2021-01-11	2.999997	2.9555526	2.999997	2.9777748	807750.0
2021-01-12	2.9777748	2.9555526	3.0888858	3.0666636	1811476.0
2021-01-13	3.0888858	3.0666636	3.1555524	3.111108	4545679.0
2021-01-14	3.0888858	3.0666636	3.111108	3.0666636	638550.0
2021-01-15	3.0888858	3.0222192	3.1999968	3.0666636	4869004.0
2021-01-18	3.0444414	3.0444414	3.0666636	3.0444414	781650.0
2021-01-19	3.0888858	3.0444414	3.111108	3.0666636	961650.0
2021-01-20	3.111108	3.0666636	3.1555524	3.0888858	4659529.0
2021-01-21	3.111108	3.0666636	3.3111078	3.3111078	16724266.0
2021-01-22	3.2888856	3.1999968	3.3111078	3.2666634	8943758.0
2021-01-25	3.3111078	3.2666634	3.4666632	3.4222188	14504864.0
2021-01-26	3.4222188	3.3555522	3.4222188	3.3999966	2448452.0
2021-01-27	3.4222188	3.3777744	3.4888854	3.4888854	5108855.0
2021-01-28	3.4666632	3.3999966	3.4666632	3.4222188	2368352.0
2021-01-29	3.4222188	3.3999966	3.555552	3.5111076	3747153.0
2021-02-01	3.5333298	3.4222188	3.5999964	3.444441	3883053.0
2021-02-02	3.4666632	3.1999968	3.4666632	3.444441	7376632.0
2021-02-03	3.4666632	3.3999966	3.5333298	3.4666632	1920151.0
2021-02-04	3.5111076	3.444441	3.5111076	3.444441	715275.0
2021-02-05	3.444441	3.444441	3.6444408	3.5999964	7274032.0
2021-02-08	3.6222186	3.555552	3.6444408	3.5777742	2056052.0
2021-02-09	3.6222186	3.4666632	3.6222186	3.5111076	3028953.0
2021-02-10	3.4888854	3.4888854	3.5999964	3.5111076	1340551.0
2021-02-11	3.4888854	3.4666632	3.555552	3.5111076	2292752.0
2021-02-15	3.5111076	3.4888854	3.5777742	3.5333298	2634302.0
2021-02-16	3.5333298	3.4888854	3.5333298	3.5333298	735750.0
2021-02-17	3.5333298	3.4888854	3.5333298	3.5111076	1328176.0
2021-02-18	3.5333298	3.4666632	3.6444408	3.5111076	5460080.0
2021-02-19	3.5111076	3.4222188	3.5333298	3.5111076	2875277.0
2021-02-22	3.5333298	3.5111076	3.6888852	3.555552	7729432.0
2021-02-23	3.5777742	3.555552	3.5999964	3.5777742	2359127.0
2021-02-24	3.5777742	3.33333	3.6888852	3.5777742	10198360.0
2021-02-25	3.5777742	3.4888854	3.5777742	3.5777742	5099630.0
2021-03-01	3.5777742	3.5333298	3.666663	3.6222186	7180207.0
2021-03-02	3.6222186	3.555552	3.6444408	3.5999964	1754551.0
2021-03-03	3.6222186	3.5777742	3.6444408	3.5999964	1887301.0
2021-03-04	3.5999964	3.5777742	3.777774	3.5999964	9765684.0
2021-03-05	3.7333296	3.5999964	3.7333296	3.6222186	2559377.0
2021-03-08	3.6444408	3.6222186	3.6444408	3.6222186	1819801.0
2021-03-09	3.666663	3.6444408	3.7111074	3.7111074	1947376.0
2021-03-10	3.7111074	3.6888852	3.7555518	3.7111074	1720801.0
2021-03-11	3.7333296	3.6444408	3.7333296	3.6888852	1388251.0
2021-03-12	3.666663	3.5777742	3.6888852	3.666663	2707652.0
2021-03-15	3.666663	3.666663	3.7111074	3.666663	748350.0
2021-03-16	3.6888852	3.666663	3.777774	3.666663	3976653.0
2021-03-17	3.7111074	3.666663	3.7333296	3.6888852	1456201.0
2021-03-18	3.7333296	3.5999964	3.7333296	3.6444408	5190080.0
2021-03-19	3.666663	3.5777742	3.6888852	3.666663	3844128.0
2021-03-22	3.6444408	3.5999964	3.666663	3.6444408	1850626.0
2021-03-23	3.666663	3.6222186	3.6888852	3.6888852	2737127.0
2021-03-24	3.6888852	3.6888852	3.777774	3.6888852	4021654.0
2021-03-25	3.666663	3.666663	3.8666628	3.777774	7802332.0
2021-03-26	3.888885	3.7999962	3.9777738	3.9333294	5577980.0
2021-03-29	4.0444404	3.999996	4.222218	3.999996	9681759.0
2021-03-30	4.111107	4.0444404	4.1333292	4.0666626	2501552.0
2021-03-31	4.0888848	3.999996	4.0888848	3.999996	1961551.0
2021-04-01	4.0444404	3.999996	4.0666626	4.0444404	1078426.0
2021-04-02	4.0444404	3.9777738	4.0444404	4.0222182	1243576.0
2021-04-05	4.0444404	3.9555516	4.0444404	3.9777738	1478476.0
2021-04-07	3.9111072	3.7555518	3.9111072	3.7999962	3446778.0
2021-04-08	3.7999962	3.777774	3.888885	3.8444406	2161577.0
2021-04-09	3.8222184	3.777774	3.888885	3.7999962	1552726.0
2021-04-12	3.777774	3.7111074	3.777774	3.7333296	2291402.0
2021-04-16	3.6888852	3.6888852	3.8222184	3.7555518	1634851.0
2021-04-19	3.7555518	3.7555518	3.8666628	3.8444406	1419526.0
2021-04-20	3.8666628	3.8444406	3.9555516	3.888885	1651501.0
2021-04-21	3.9111072	3.8666628	3.9333294	3.9111072	1034326.0
2021-04-22	3.9333294	3.9111072	4.0222182	3.9777738	3524403.0
2021-04-23	3.999996	3.9777738	4.111107	4.0444404	12986337.0
2021-04-26	4.0222182	3.9777738	4.0444404	3.999996	1955251.0
2021-04-27	3.999996	3.9777738	4.0888848	3.9777738	3451503.0
2021-04-28	3.9777738	3.9777738	4.0444404	4.0444404	1065376.0
2021-04-29	4.0444404	4.0222182	4.0888848	4.0666626	1424251.0
2021-04-30	4.0666626	4.0444404	4.1333292	4.0444404	3930303.0
2021-05-05	4.0888848	3.9777738	4.0888848	3.999996	2778752.0
2021-05-06	3.999996	3.999996	4.1333292	4.0444404	2600327.0
2021-05-07	4.0888848	3.9777738	4.0888848	4.0666626	2380727.0
2021-05-10	3.8444406	3.8444406	3.9333294	3.888885	1218826.0
2021-05-11	3.888885	3.8666628	3.9333294	3.9111072	687600.0
2021-05-12	3.9111072	3.8222184	3.9111072	3.888885	433800.0
2021-05-13	3.9111072	3.555552	3.9111072	3.7333296	3654228.0
2021-05-14	3.5999964	3.555552	3.6444408	3.5999964	3370278.0
2021-05-17	3.4666632	3.4222188	3.6222186	3.6222186	1500301.0
2021-05-18	3.6444408	3.5777742	3.666663	3.6444408	2694152.0
2021-05-19	3.6444408	3.5999964	3.7111074	3.7111074	640800.0
2021-05-20	3.7555518	3.6222186	3.7555518	3.6222186	2248877.0
2021-05-21	3.6222186	3.5999964	3.666663	3.6222186	1455751.0
2021-05-24	3.6444408	3.5777742	3.6444408	3.5999964	1695151.0
2021-05-25	3.5999964	3.5999964	3.7111074	3.6888852	1574776.0
2021-05-27	3.666663	3.6444408	3.6888852	3.6444408	705375.0
2021-05-28	3.6444408	3.5999964	3.6888852	3.6444408	2311427.0
2021-05-31	3.6444408	3.6222186	3.7999962	3.7999962	4966429.0
2021-06-01	3.8222184	3.7333296	3.8444406	3.7999962	1622026.0
2021-06-02	3.7555518	3.6888852	3.777774	3.7111074	1302076.0
2021-06-04	3.7555518	3.6888852	3.7555518	3.7333296	951525.0
2021-06-07	3.7555518	3.7111074	3.7999962	3.7555518	1282726.0
2021-06-08	3.7555518	3.666663	3.7555518	3.7333296	1127026.0
2021-06-09	3.7333296	3.6222186	3.777774	3.666663	2494802.0
2021-06-10	3.666663	3.5999964	3.7111074	3.666663	1239301.0
2021-06-11	3.666663	3.5999964	3.666663	3.6444408	700875.0
2021-06-14	3.5999964	3.5999964	3.6444408	3.5999964	948600.0
2021-06-15	3.5999964	3.5777742	3.7111074	3.6222186	2016227.0
2021-06-16	3.5999964	3.5777742	3.7111074	3.7111074	3006903.0
2021-06-17	3.7111074	3.5777742	3.7111074	3.5999964	2508977.0
2021-06-18	3.5999964	3.555552	3.6222186	3.6222186	704475.0
2021-06-21	3.5999964	3.4666632	3.5999964	3.4666632	5171180.0
2021-06-22	3.5111076	3.444441	3.555552	3.5111076	3497178.0
2021-06-23	3.4888854	3.4222188	3.5111076	3.4666632	1294426.0
2021-06-24	3.4222188	3.3777744	3.4888854	3.4888854	1037251.0
2021-06-25	3.4666632	3.4222188	3.4888854	3.4888854	516600.0
2021-06-28	3.3111078	3.3111078	3.3555522	3.33333	1954351.0
2021-06-29	3.33333	3.2888856	3.3777744	3.2888856	1235026.0
2021-06-30	3.33333	3.2666634	3.33333	3.2666634	887175.0
2021-07-01	3.2888856	3.2444412	3.2888856	3.2888856	678825.0
2021-07-02	3.2666634	3.1999968	3.33333	3.1999968	1516051.0
2021-07-05	3.1999968	3.1333302	3.2444412	3.1999968	980550.0
2021-07-06	3.2444412	3.2444412	3.33333	3.2888856	1013626.0
2021-07-07	3.2444412	3.222219	3.2666634	3.2444412	435600.0
2021-07-08	3.1333302	3.0666636	3.222219	3.1333302	2984177.0
2021-07-09	3.111108	3.0888858	3.222219	3.222219	998325.0
2021-07-12	3.2666634	3.1333302	3.2666634	3.1777746	704925.0
2021-07-13	3.1777746	3.1555524	3.2444412	3.2444412	261225.0
2021-07-14	3.222219	3.1555524	3.3111078	3.3111078	351000.0
2021-07-15	3.2888856	3.222219	3.2888856	3.2444412	517725.0
2021-07-16	3.2444412	3.222219	3.2666634	3.222219	593775.0
2021-07-19	3.2444412	3.1999968	3.2444412	3.1999968	247275.0
2021-07-20	3.1555524	3.1333302	3.1999968	3.1555524	799875.0
2021-07-21	3.1555524	3.1555524	3.2444412	3.2444412	916650.0
2021-07-22	3.2444412	3.1555524	3.2888856	3.1999968	2921402.0
2021-07-23	3.1999968	3.1777746	3.2666634	3.222219	1063801.0
2021-07-27	3.2888856	3.222219	3.2888856	3.222219	742050.0
2021-07-29	3.2444412	3.2444412	3.2888856	3.2444412	343575.0
2021-07-30	3.2666634	3.1999968	3.2666634	3.222219	1959076.0
2021-08-02	3.222219	3.222219	3.3555522	3.2888856	1147726.0
2021-08-03	3.3111078	3.222219	3.3111078	3.2666634	1301176.0
2021-08-04	3.2888856	3.2666634	3.33333	3.33333	311175.0
2021-08-05	3.33333	3.3111078	3.3555522	3.3111078	473850.0
2021-08-06	3.33333	3.2888856	3.33333	3.3111078	145350.0
2021-08-09	3.3111078	3.2666634	3.33333	3.2888856	224775.0
2021-08-10	3.2888856	3.2888856	3.33333	3.33333	142650.0
2021-08-11	3.3111078	3.2444412	3.3111078	3.2444412	471600.0
2021-08-13	3.2444412	3.222219	3.2666634	3.222219	1073251.0
2021-08-16	3.222219	3.0888858	3.2444412	3.2444412	5063855.0
2021-08-17	3.2444412	3.1555524	3.2444412	3.1999968	296325.0
2021-08-18	3.1999968	3.1555524	3.222219	3.1999968	474525.0
2021-08-19	3.1999968	3.1555524	3.1999968	3.1555524	230625.0
2021-08-20	3.1555524	3.1333302	3.1999968	3.1999968	372825.0
2021-08-23	3.1999968	3.1777746	3.222219	3.1999968	251325.0
2021-08-24	3.1999968	3.1999968	3.2444412	3.2444412	372600.0
2021-08-25	3.2444412	3.222219	3.2444412	3.2444412	207675.0
2021-08-26	3.2444412	3.222219	3.2444412	3.2444412	118800.0
2021-08-27	3.2666634	3.2444412	3.2888856	3.2888856	530100.0
2021-08-30	3.3111078	3.2666634	3.3777744	3.33333	1524601.0
2021-08-31	3.33333	3.2888856	3.3777744	3.3111078	1021276.0
2021-09-01	3.3111078	3.2888856	3.33333	3.3111078	942525.0
2021-09-02	3.3555522	3.3111078	3.3555522	3.3111078	239175.0
2021-09-03	3.33333	3.2888856	3.33333	3.3111078	349425.0
2021-09-06	3.3111078	3.3111078	3.3777744	3.33333	936900.0
2021-09-07	3.3999966	3.33333	3.3999966	3.33333	449325.0
2021-09-08	3.3777744	3.33333	3.444441	3.444441	909900.0
2021-09-09	3.4666632	3.3999966	3.7333296	3.6222186	6323181.0
2021-09-10	3.6444408	3.5777742	3.666663	3.6222186	2767502.0
2021-09-13	3.6444408	3.555552	3.6444408	3.5999964	1454851.0
2021-09-14	3.6222186	3.6222186	3.666663	3.6222186	1600426.0
2021-09-15	3.6444408	3.5333298	3.6444408	3.5999964	2651852.0
2021-09-16	3.9333294	3.7555518	3.9555516	3.777774	5828405.0
2021-09-17	3.7555518	3.666663	3.8222184	3.7333296	2339552.0
2021-09-20	3.666663	3.666663	3.7555518	3.666663	1577926.0
2021-09-21	3.6444408	3.555552	3.6888852	3.6888852	952650.0
2021-09-22	3.6888852	3.6222186	3.6888852	3.666663	324225.0
2021-09-23	3.666663	3.555552	3.666663	3.6444408	1086526.0
2021-09-27	3.666663	3.5777742	3.666663	3.6222186	699300.0
2021-09-28	3.6222186	3.5777742	3.6444408	3.6444408	752850.0
2021-09-29	3.6444408	3.5777742	3.6444408	3.5999964	383850.0
2021-09-30	3.6222186	3.5777742	3.6222186	3.5999964	239625.0
2021-10-01	3.5777742	3.5777742	3.5999964	3.5777742	143325.0
2021-10-04	3.555552	3.555552	3.6222186	3.5999964	355500.0
2021-10-05	3.5999964	3.5777742	3.6222186	3.6222186	699525.0
2021-10-06	3.6222186	3.5777742	3.6222186	3.5999964	110475.0
2021-10-07	3.6222186	3.5999964	3.6222186	3.5999964	119700.0
2021-10-08	3.5999964	3.5777742	3.5999964	3.5777742	504225.0
2021-10-11	3.5999964	3.555552	3.5999964	3.5777742	323550.0
2021-10-12	3.5999964	3.555552	3.5999964	3.5777742	774000.0
2021-10-14	3.5777742	3.555552	3.5999964	3.5777742	318150.0
2021-10-15	3.5777742	3.5333298	3.5777742	3.555552	939150.0
2021-10-18	3.5333298	3.4666632	3.555552	3.4666632	691650.0
2021-10-19	3.555552	3.4888854	3.555552	3.5111076	306450.0
2021-10-20	3.4888854	3.4666632	3.5111076	3.5111076	191925.0
2021-10-21	3.5111076	3.4888854	3.555552	3.555552	148050.0
2021-10-25	3.555552	3.4666632	3.555552	3.5333298	424800.0
2021-10-26	3.555552	3.5111076	3.555552	3.5333298	80550.0
2021-10-27	3.5111076	3.4888854	3.555552	3.5111076	1296001.0
2021-10-28	3.5333298	3.5111076	3.555552	3.5333298	223650.0
2021-10-29	3.5333298	3.4666632	3.5333298	3.4888854	756000.0
2021-11-01	3.5111076	3.4666632	3.5333298	3.4888854	1183726.0
2021-11-02	3.4666632	3.4666632	3.5111076	3.4888854	225000.0
2021-11-03	3.4888854	3.3999966	3.4888854	3.4222188	837450.0
2021-11-04	3.444441	3.4222188	3.4888854	3.444441	175275.0
2021-11-05	3.4222188	3.4222188	3.4666632	3.4666632	90225.0
2021-11-08	3.4888854	3.444441	3.6444408	3.4666632	539100.0
2021-11-09	3.4888854	3.4666632	3.5111076	3.5111076	187200.0
2021-11-10	3.5111076	3.4666632	3.555552	3.555552	148500.0
2021-11-11	3.5999964	3.5111076	3.5999964	3.555552	96750.0
2021-11-12	3.555552	3.4888854	3.555552	3.4888854	226800.0
2021-11-15	3.4888854	3.4222188	3.5111076	3.4888854	1047151.0
2021-11-16	3.4666632	3.4222188	3.5111076	3.4888854	527850.0
2021-11-17	3.4888854	3.444441	3.4888854	3.4666632	549900.0
2021-11-18	3.444441	3.444441	3.4666632	3.444441	83475.0
2021-11-19	3.444441	3.444441	3.5333298	3.4888854	622125.0
2021-11-22	3.4666632	3.4666632	3.5111076	3.4888854	431100.0
2021-11-23	3.555552	3.5111076	3.5999964	3.5777742	1073251.0
2021-11-24	3.5999964	3.555552	3.5999964	3.5777742	470475.0
2021-11-25	3.5999964	3.5333298	3.6444408	3.5999964	1640701.0
2021-11-26	3.5999964	3.5111076	3.5999964	3.555552	1028251.0
2021-11-29	3.5111076	3.5111076	3.5777742	3.5111076	974250.0
2021-11-30	3.5333298	3.3999966	3.555552	3.444441	1018126.0
2021-12-01	3.4222188	3.4222188	3.4888854	3.444441	339300.0
2021-12-02	3.4222188	3.4222188	3.5333298	3.5333298	403425.0
2021-12-03	3.555552	3.4666632	3.555552	3.4666632	85050.0
2021-12-07	3.4666632	3.4666632	3.5111076	3.4888854	103050.0
2021-12-08	3.4888854	3.4666632	3.4888854	3.4888854	160425.0
2021-12-09	3.4888854	3.4888854	3.5333298	3.5111076	55125.0
2021-12-13	3.5333298	3.4888854	3.5333298	3.4888854	63450.0
2021-12-14	3.5111076	3.4666632	3.5111076	3.4888854	78075.0
2021-12-15	3.4888854	3.4666632	3.5111076	3.4666632	312975.0
2021-12-16	3.4888854	3.444441	3.4888854	3.4888854	194850.0
2021-12-17	3.4666632	3.4666632	3.5111076	3.4888854	266400.0
2021-12-20	3.444441	3.444441	3.4888854	3.4666632	247500.0
2021-12-21	3.4666632	3.4666632	3.4666632	3.4666632	734400.0
2021-12-22	3.4666632	3.444441	3.5333298	3.5333298	478575.0
2021-12-23	3.5111076	3.4888854	3.5333298	3.5111076	139050.0
2021-12-24	3.5333298	3.4666632	3.5333298	3.5111076	132975.0
2021-12-27	3.5111076	3.4666632	3.5111076	3.4666632	179325.0
2021-12-28	3.4666632	3.444441	3.5333298	3.444441	585000.0
2021-12-29	3.5111076	3.4222188	3.5111076	3.444441	518625.0
2021-12-30	3.4666632	3.4666632	3.5777742	3.5777742	2006777.0
2022-01-04	3.555552	3.5333298	3.7333296	3.7333296	3849528.0
2022-01-05	3.7333296	3.7333296	3.999996	3.8444406	8121608.0
2022-01-06	3.8444406	3.7555518	3.8444406	3.777774	1166851.0
2022-01-07	3.7999962	3.7999962	3.8666628	3.8222184	506250.0
2022-01-10	3.8444406	3.7333296	3.8444406	3.7333296	773775.0
2022-01-11	3.7333296	3.7333296	3.8444406	3.8444406	1386451.0
2022-01-12	3.8444406	3.7999962	3.9333294	3.9111072	1697176.0
2022-01-13	3.9777738	3.888885	3.9777738	3.888885	650475.0
2022-01-14	3.888885	3.8222184	3.9111072	3.8222184	270450.0
2022-01-17	3.8222184	3.8222184	3.999996	3.9333294	3453978.0
2022-01-18	3.9777738	3.888885	3.9777738	3.9333294	747675.0
2022-01-19	3.8222184	3.8222184	3.9111072	3.8444406	268875.0
2022-01-20	3.8444406	3.8222184	3.9333294	3.8222184	470925.0
2022-01-21	3.7999962	3.666663	3.8222184	3.666663	2295902.0
2022-01-24	3.5999964	3.5777742	3.6888852	3.6888852	649350.0
2022-01-25	3.5999964	3.5777742	3.777774	3.777774	645525.0
2022-01-26	3.7999962	3.777774	3.8444406	3.8222184	695925.0
2022-01-27	3.8222184	3.7111074	3.8222184	3.7111074	282375.0
2022-01-28	3.7555518	3.7333296	3.7999962	3.7333296	139950.0
2022-01-31	3.7111074	3.7111074	3.8444406	3.7999962	152100.0
2022-02-01	3.7999962	3.7555518	3.8444406	3.8222184	237825.0
2022-02-02	3.8444406	3.7999962	3.8444406	3.7999962	27675.0
2022-02-03	3.7999962	3.7555518	3.7999962	3.777774	267525.0
2022-02-04	3.7999962	3.7333296	3.7999962	3.777774	676575.0
2022-02-07	3.777774	3.777774	3.8222184	3.7999962	114525.0
2022-02-08	3.8222184	3.777774	3.8666628	3.8666628	492525.0
2022-02-09	3.8666628	3.8222184	3.9333294	3.9111072	2063477.0
2022-02-10	3.9111072	3.8666628	3.9111072	3.8666628	1825876.0
2022-02-11	3.8222184	3.8222184	3.9111072	3.8444406	233550.0
2022-02-14	3.8666628	3.8444406	3.9555516	3.9333294	2202302.0
2022-02-15	3.9333294	3.9111072	3.9555516	3.9333294	793800.0
2022-02-17	3.9555516	3.9333294	4.0888848	4.0888848	5367380.0
2022-02-18	4.0888848	3.999996	4.1333292	3.999996	2850752.0
2022-02-21	4.0888848	4.0222182	4.111107	4.0888848	1807651.0
2022-02-22	4.0888848	4.0222182	4.1999958	4.111107	2205227.0
2022-02-23	4.1777736	4.0222182	4.1777736	4.0444404	1529101.0
2022-02-24	4.0444404	3.9111072	4.0666626	4.0444404	1747576.0
2022-02-25	4.0444404	4.0444404	4.5333288	4.3111068	9279909.0
2022-02-28	4.666662	4.3111068	4.666662	4.3999956	6816381.0
2022-03-01	4.5777732	4.4222178	4.5777732	4.44444	3794403.0
2022-03-02	4.44444	4.3555512	4.4888844	4.3999956	1156501.0
2022-03-03	4.4888844	4.3999956	4.4888844	4.3999956	235350.0
2022-03-04	4.3777734	4.2666624	4.44444	4.333329	1552726.0
2022-03-07	4.2666624	4.222218	4.3999956	4.2666624	1581976.0
2022-03-08	4.2888846	4.222218	4.4222178	4.333329	2382977.0
2022-03-09	4.3555512	4.3555512	4.5333288	4.44444	1609876.0
2022-03-10	4.4222178	4.3999956	4.5333288	4.4222178	777375.0
2022-03-11	4.3999956	4.3777734	4.5777732	4.4222178	2218277.0
2022-03-14	4.4888844	4.4222178	4.5333288	4.4888844	601200.0
2022-03-15	4.5333288	4.3777734	4.7999952	4.3777734	7045882.0
2022-03-16	4.44444	4.4222178	4.666662	4.5333288	3002853.0
2022-03-17	4.5777732	4.4888844	4.6222176	4.4888844	1026226.0
2022-03-18	4.5333288	4.44444	4.5777732	4.44444	1220176.0
2022-03-21	4.44444	4.4222178	4.5333288	4.4222178	718650.0
2022-03-22	4.4222178	4.4222178	4.5333288	4.4888844	522675.0
2022-03-23	4.4888844	4.4222178	4.4888844	4.4888844	222300.0
2022-03-24	4.44444	4.4222178	4.44444	4.4222178	371700.0
2022-03-25	4.44444	4.333329	4.5333288	4.3999956	877725.0
2022-03-28	4.44444	4.3999956	4.5333288	4.5333288	1227826.0
2022-03-29	4.5333288	4.4888844	4.6222176	4.5333288	1154251.0
2022-03-30	4.5777732	4.44444	4.5777732	4.44444	949950.0
2022-03-31	4.5333288	4.5333288	4.6222176	4.6222176	1661626.0
2022-04-01	4.7111064	4.6222176	4.7555508	4.7111064	1563976.0
2022-04-04	4.6222176	4.5333288	4.666662	4.5777732	594450.0
2022-04-05	4.6222176	4.4888844	4.6222176	4.5777732	660375.0
2022-04-07	4.4888844	4.44444	4.5777732	4.5333288	318150.0
2022-04-08	4.5333288	4.4888844	4.5777732	4.5333288	572625.0
2022-04-11	4.4888844	4.4888844	4.5777732	4.5777732	485100.0
2022-04-12	4.6222176	4.5333288	4.6222176	4.6222176	577800.0
2022-04-18	4.5777732	4.5777732	4.7111064	4.7111064	784125.0
2022-04-19	4.7555508	4.7555508	5.2444392	5.111106	6428031.0
2022-04-20	5.1999948	4.9777728	5.1999948	4.9777728	1175851.0
2022-04-21	5.0666616	4.9777728	5.0666616	5.0666616	1060426.0
2022-04-22	5.0666616	4.9777728	5.0666616	5.0666616	876600.0
2022-04-25	5.0222172	4.9777728	5.111106	5.0222172	621900.0
2022-04-26	5.0666616	5.0222172	5.111106	5.111106	532575.0
2022-04-27	5.111106	5.0666616	5.111106	5.111106	322875.0
2022-04-28	5.0666616	5.0666616	5.2444392	5.1999948	1096651.0
2022-04-29	5.2444392	5.111106	5.4222168	5.111106	2178002.0
2022-05-03	5.111106	4.6222176	5.1999948	4.666662	2839502.0
2022-05-05	4.666662	4.666662	4.9333284	4.8444396	1294201.0
2022-05-06	4.7999952	4.6222176	4.9333284	4.888884	1643176.0
2022-05-09	4.888884	4.5333288	4.9333284	4.5333288	2347877.0
2022-05-10	4.5	4.5	5.05	5.05	2529400.0
2022-05-11	5.1	4.92	5.1	4.94	564000.0
2022-05-12	4.94	4.74	4.94	4.8	656400.0
2022-05-13	4.78	4.66	4.8	4.78	549900.0
2022-05-17	4.72	4.5	4.82	4.76	215700.0
2022-05-18	4.78	4.66	4.82	4.8	480600.0
2022-05-19	4.78	4.7	4.78	4.76	74000.0
2022-05-20	4.8	4.74	4.8	4.78	79100.0
2022-05-23	4.72	4.66	4.76	4.76	177500.0
2022-05-24	4.76	4.68	4.76	4.76	106000.0
2022-05-25	4.74	4.68	4.74	4.7	288400.0
2022-05-26	4.6	4.5	4.66	4.52	1374600.0
2022-05-27	4.5	4.5	4.64	4.5	920700.0
2022-05-30	4.5	4.5	4.76	4.64	900900.0
2022-05-31	4.62	4.56	4.68	4.68	939100.0
2022-06-01	4.66	4.58	4.68	4.58	566000.0
2022-06-02	4.62	4.54	4.62	4.54	556400.0
2022-06-06	4.5	4.3	4.54	4.4	1628900.0
2022-06-07	4.22	4.16	4.32	4.2	1706900.0
2022-06-08	4.16	4.14	4.2	4.18	880200.0
2022-06-09	4.18	4.18	4.24	4.2	250600.0
2022-06-10	4.2	4.16	4.22	4.22	293900.0
2022-06-13	4.16	4.08	4.2	4.18	500000.0
2022-06-14	4.1	4.1	4.4	4.24	1307100.0
2022-06-15	4.28	4.18	4.3	4.22	621200.0
2022-06-16	4.2	4.12	4.26	4.18	353100.0
2022-06-17	4.1	4.06	4.18	4.14	429100.0
2022-06-20	4.08	4.08	4.18	4.16	541300.0
2022-06-21	4.12	4.1	4.18	4.14	84000.0
2022-06-22	4.14	4.06	4.16	4.1	359800.0
2022-06-23	4.1	4.08	4.14	4.1	258000.0
2022-06-24	4.12	4.1	4.16	4.14	189300.0
2022-06-27	4.14	4.12	4.22	4.22	229400.0
2022-06-28	4.24	4.18	4.4	4.2	942100.0
2022-06-29	4.2	4.16	4.22	4.18	219200.0
2022-06-30	4.18	4.14	4.22	4.18	171100.0
2022-07-01	4.14	4.12	4.22	4.14	202600.0
2022-07-04	4.2	4.1	4.2	4.14	207100.0
2022-07-05	4.18	4.06	4.2	4.1	540400.0
2022-07-06	4.1	4.06	4.12	4.1	96000.0
2022-07-07	4.08	4.08	4.14	4.14	48400.0
2022-07-08	4.14	4.1	4.14	4.14	12100.0
2022-07-11	4.1	4.08	4.22	4.2	465600.0
2022-07-12	4.22	4.16	4.22	4.2	142200.0
2022-07-14	4.22	4.12	4.22	4.18	152100.0
2022-07-15	4.2	4.08	4.24	4.24	417200.0
2022-07-18	4.2	4.18	4.22	4.18	73500.0
2022-07-19	4.18	4.14	4.18	4.18	54400.0
2022-07-20	4.18	4.16	4.24	4.2	80600.0
2022-07-21	4.18	4.16	4.2	4.18	43800.0
2022-07-22	4.18	4.14	4.2	4.2	78100.0
2022-07-25	4.18	4.16	4.2	4.16	34300.0
2022-07-26	4.2	4.16	4.2	4.16	96500.0
2022-07-27	4.18	4.14	4.18	4.18	82600.0
2022-08-01	4.18	4.16	4.22	4.2	61800.0
2022-08-02	4.2	4.16	4.2	4.16	15800.0
2022-08-03	4.2	4.16	4.2	4.16	62400.0
2022-08-04	4.18	4.16	4.24	4.2	270500.0
2022-08-05	4.2	4.18	4.36	4.32	1369100.0
2022-08-08	4.36	4.3	4.38	4.32	1023800.0
2022-08-09	4.38	4.28	4.38	4.32	111600.0
2022-08-10	4.3	4.16	4.3	4.16	633500.0
2022-08-11	4.18	4.12	4.2	4.2	335600.0
2022-08-15	4.2	4.14	4.24	4.22	128400.0
2022-08-16	4.12	4.1	4.18	4.14	809600.0
2022-08-17	4.12	4.12	4.18	4.16	134000.0
2022-08-18	4.16	4.12	4.16	4.16	103100.0
2022-08-19	4.16	4.1	4.18	4.12	117000.0
2022-08-22	4.14	4.12	4.14	4.12	68500.0
2022-08-23	4.12	4.08	4.14	4.1	308800.0
2022-08-24	4.1	4.08	4.16	4.14	274200.0
2022-08-25	4.14	4.14	4.2	4.16	51200.0
2022-08-26	4.16	4.14	4.2	4.14	317400.0
2022-08-29	4.14	4.12	4.16	4.14	41700.0
2022-08-30	4.14	4.12	4.16	4.16	127500.0
2022-08-31	4.14	4.1	4.16	4.16	82800.0
2022-09-01	4.14	4.08	4.16	4.16	159600.0
2022-09-02	4.14	4.12	4.16	4.12	28200.0
2022-09-05	4.12	4.1	4.14	4.14	68800.0
2022-09-06	4.14	4.12	4.24	4.12	490500.0
2022-09-07	4.12	4.08	4.14	4.12	197500.0
2022-09-08	4.16	4.12	4.16	4.16	235700.0
2022-09-09	4.16	4.1	4.16	4.16	122000.0
2022-09-12	4.16	4.14	4.26	4.26	165400.0
2022-09-13	4.2	4.2	4.32	4.32	1493700.0
2022-09-14	4.28	4.28	4.32	4.3	382100.0
2022-09-15	4.32	4.26	4.32	4.3	278700.0
2022-09-16	4.28	4.22	4.38	4.38	901700.0
2022-09-19	4.36	4.32	4.38	4.38	391900.0
2022-09-20	4.4	4.38	4.52	4.4	1723300.0
2022-09-21	4.38	4.32	4.38	4.34	203700.0
2022-09-22	4.34	4.3	4.44	4.44	500900.0
2022-09-23	4.44	4.38	4.44	4.38	637200.0
2022-09-26	4.4	4.2	4.4	4.38	232600.0
2022-09-27	4.38	4.36	4.74	4.62	8196800.0
2022-09-28	4.58	4.54	5.0	4.86	7375400.0
2022-09-29	4.92	4.8	5.0	4.8	2679500.0
2022-09-30	4.9	4.78	5.0	5.0	2736900.0
2022-10-03	5.05	4.88	5.05	4.94	600400.0
2022-10-04	4.96	4.9	5.05	4.96	828400.0
2022-10-05	4.96	4.88	4.96	4.88	258000.0
2022-10-06	4.86	4.76	4.94	4.94	614300.0
2022-10-07	4.94	4.86	6.1	5.75	9364600.0
2022-10-10	6.1	5.45	6.15	5.5	4263300.0
2022-10-11	5.7	5.3	5.95	5.5	3574900.0
2022-10-12	5.45	5.3	5.65	5.4	1373900.0
2022-10-17	5.45	5.3	5.8	5.55	1969800.0
2022-10-18	5.65	5.6	5.8	5.6	1273800.0
2022-10-19	5.55	5.45	5.7	5.5	864200.0
2022-10-20	5.45	5.45	5.8	5.6	1565800.0
2022-10-21	5.6	5.55	5.8	5.7	1193800.0
2022-10-25	5.7	5.55	5.8	5.6	676000.0
2022-10-26	5.65	5.3	5.65	5.35	997700.0
2022-10-27	5.35	5.2	5.5	5.2	738500.0
2022-10-28	5.1	4.94	5.3	5.25	1642900.0
2022-10-31	5.25	5.2	5.35	5.2	238200.0
2022-11-01	5.4	5.15	5.4	5.3	172600.0
2022-11-02	5.3	5.15	5.35	5.3	109300.0
2022-11-03	5.3	5.2	5.3	5.3	74400.0
2022-11-04	5.3	5.1	5.3	5.1	77400.0
2022-11-07	5.05	5.05	5.25	5.15	124800.0
2022-11-08	5.05	5.0	5.15	5.15	340400.0
2022-11-09	5.05	4.94	5.1	5.0	292800.0
2022-11-10	4.86	4.8	5.0	4.92	616300.0
2022-11-11	4.88	4.88	5.0	4.88	282800.0
2022-11-14	4.88	4.84	4.94	4.9	257500.0
2022-11-15	4.9	4.88	4.94	4.92	172100.0
2022-11-16	4.98	4.88	4.98	4.92	118000.0
2022-11-17	4.92	4.92	5.05	4.94	131500.0
2022-11-18	4.92	4.9	4.96	4.94	151100.0
2022-11-21	4.92	4.92	5.05	4.96	159000.0
2022-11-22	4.96	4.86	5.0	4.88	238300.0
2022-11-23	4.8	4.78	4.88	4.8	227900.0
2022-11-24	4.8	4.76	4.86	4.86	566600.0
2022-11-25	4.86	4.84	4.92	4.92	87400.0
2022-11-28	4.88	4.86	4.96	4.9	73200.0
2022-11-29	4.88	4.82	4.88	4.86	36000.0
2022-11-30	4.9	4.9	5.1	5.0	441600.0
2022-12-01	5.05	4.82	5.05	4.98	74000.0
2022-12-02	5.0	4.9	5.0	4.98	48500.0
2022-12-06	4.98	4.92	4.98	4.96	48900.0
2022-12-07	4.96	4.8	5.0	4.96	4210100.0
2022-12-08	4.98	4.86	4.98	4.86	192500.0
2022-12-09	4.92	4.8	4.94	4.88	7287900.0
2022-12-13	4.88	4.8	4.98	4.98	7354400.0
2022-12-14	5.0	4.92	5.15	5.15	288200.0
2022-12-15	5.15	5.1	5.7	5.4	2618900.0
2022-12-16	5.15	5.15	5.65	5.6	9645000.0
2022-12-19	5.55	5.35	5.75	5.4	11395000.0
2022-12-20	5.4	5.15	5.65	5.25	5765200.0
2022-12-21	5.2	5.2	5.4	5.25	425200.0
2022-12-22	5.2	4.96	5.35	5.0	643400.0
2022-12-23	5.0	4.94	5.05	4.94	608600.0
2022-12-26	4.96	4.96	5.15	5.05	405400.0
2022-12-27	5.2	5.0	5.2	5.0	113300.0
2022-12-28	5.15	4.94	5.15	4.98	319800.0
2022-12-29	5.0	4.94	5.0	4.96	195300.0
2022-12-30	4.98	4.96	5.05	4.96	441700.0
