Date	Price Open	Price Low	Price High	Price Close	Volume
2017-12-28	3.250000325	2.916666958	3.250000325	2.916666958	225816997
2017-12-29	3.0000003	2.972222519	3.166666983	3.027778081	107781469
2018-01-03	3.055555861	2.944444739	3.083333642	2.944444739	23934777
2018-01-04	2.972222519	2.916666958	2.972222519	2.944444739	12765958
2018-01-05	2.944444739	2.805555836	2.944444739	2.805555836	25021617
2018-01-08	2.833333617	2.805555836	2.944444739	2.833333617	22579197
2018-01-09	2.833333617	2.805555836	2.888889178	2.805555836	7630919
2018-01-10	2.833333617	2.805555836	2.888889178	2.805555836	7250939
2018-01-11	2.805555836	2.805555836	2.861111397	2.833333617	4856399
2018-01-12	2.833333617	2.833333617	3.0000003	3.0000003	44729815
2018-01-15	3.111111422	3.055555861	3.277778106	3.277778106	88837371
2018-01-16	3.361111447	3.055555861	3.416667008	3.055555861	117830148
2018-01-17	3.083333642	3.055555861	3.194444764	3.111111422	54883794
2018-01-18	3.111111422	2.944444739	3.111111422	3.0000003	27373677
2018-01-19	3.0000003	3.0000003	3.111111422	3.111111422	21326397
2018-01-22	3.083333642	2.972222519	3.083333642	3.027778081	13638058
2018-01-23	3.083333642	3.027778081	3.138889203	3.055555861	15882478
2018-01-24	3.055555861	3.0000003	3.083333642	3.0000003	6154559
2018-01-25	3.0000003	2.972222519	3.083333642	2.972222519	11115718
2018-01-26	2.972222519	2.916666958	2.972222519	2.916666958	8999819
2018-01-29	2.972222519	2.944444739	3.0000003	2.944444739	5164019
2018-01-30	2.972222519	2.972222519	3.055555861	2.972222519	8353799
2018-01-31	2.972222519	2.944444739	3.027778081	2.972222519	5840459
2018-02-01	2.972222519	2.972222519	3.055555861	3.0000003	6974819
2018-02-02	3.0000003	2.944444739	3.027778081	2.944444739	3376079
2018-02-05	2.861111397	2.861111397	2.972222519	2.944444739	8901179
2018-02-06	2.861111397	2.833333617	2.944444739	2.916666958	11684338
2018-02-07	2.944444739	2.888889178	3.0000003	2.916666958	7239419
2018-02-08	2.916666958	2.916666958	3.027778081	2.944444739	6509339
2018-02-09	2.916666958	2.888889178	2.972222519	2.944444739	5293619
2018-02-12	2.972222519	2.944444739	2.972222519	2.944444739	2130839
2018-02-13	2.972222519	2.972222519	3.111111422	3.083333642	27738537
2018-02-14	3.111111422	3.0000003	3.111111422	3.055555861	14876638
2018-02-15	3.055555861	2.972222519	3.111111422	3.0000003	5928119
2018-02-16	3.027778081	2.972222519	3.027778081	3.0000003	3048659
2018-02-19	3.0000003	2.944444739	3.027778081	2.944444739	2623319
2018-02-20	2.916666958	2.833333617	2.944444739	2.833333617	11968918
2018-02-21	2.888889178	2.861111397	2.972222519	2.944444739	13347898
2018-02-22	2.944444739	2.861111397	2.944444739	2.861111397	3679559
2018-02-23	2.888889178	2.861111397	2.972222519	2.944444739	4562099
2018-02-26	3.0000003	2.944444739	3.0000003	2.944444739	2757239
2018-02-27	2.944444739	2.861111397	2.944444739	2.861111397	3138119
2018-02-28	2.888889178	2.861111397	2.888889178	2.861111397	1986479
2018-03-02	2.861111397	2.833333617	2.888889178	2.861111397	1422179
2018-03-05	2.861111397	2.805555836	2.888889178	2.805555836	3524039
2018-03-06	2.833333617	2.805555836	2.833333617	2.805555836	2869019
2018-03-07	2.833333617	2.688889158	2.833333617	2.688889158	8989919
2018-03-08	2.70000027	2.588889148	2.711111382	2.677778046	6639839
2018-03-09	2.677778046	2.655555821	2.688889158	2.688889158	1902779
2018-03-12	2.70000027	2.688889158	2.733333607	2.688889158	1304639
2018-03-13	2.688889158	2.644444709	2.70000027	2.644444709	1326419
2018-03-14	2.644444709	2.644444709	2.711111382	2.688889158	919799
2018-03-15	2.688889158	2.688889158	2.722222494	2.70000027	582659
2018-03-16	2.70000027	2.677778046	2.833333617	2.805555836	7967879
2018-03-19	2.805555836	2.744444719	2.805555836	2.744444719	2239559
2018-03-20	2.744444719	2.722222494	2.744444719	2.722222494	997379
2018-03-21	2.722222494	2.722222494	2.805555836	2.777778056	1666439
2018-03-22	2.805555836	2.711111382	2.833333617	2.711111382	2909879
2018-03-23	2.70000027	2.70000027	2.733333607	2.711111382	942479
2018-03-26	2.711111382	2.711111382	2.744444719	2.711111382	738359
2018-03-27	2.711111382	2.70000027	2.766666943	2.722222494	2731679
2018-03-28	2.722222494	2.666666933	2.722222494	2.666666933	1892879
2018-03-29	2.677778046	2.622222484	2.677778046	2.622222484	2184659
2018-03-30	2.644444709	2.588889148	2.677778046	2.588889148	2121659
2018-04-02	2.611111372	2.60000026	2.633333597	2.622222484	1984499
2018-04-03	2.633333597	2.622222484	2.655555821	2.644444709	1789739
2018-04-04	2.655555821	2.611111372	2.655555821	2.611111372	1804679
2018-04-05	2.611111372	2.588889148	2.622222484	2.588889148	581399
2018-04-09	2.611111372	2.60000026	2.633333597	2.60000026	1126079
2018-04-10	2.622222484	2.60000026	2.633333597	2.60000026	876959
2018-04-11	2.611111372	2.611111372	2.633333597	2.622222484	779759
2018-04-12	2.611111372	2.611111372	2.644444709	2.611111372	403739
2018-04-17	2.622222484	2.611111372	2.666666933	2.611111372	1172879
2018-04-18	2.622222484	2.622222484	2.644444709	2.622222484	317519
2018-04-19	2.644444709	2.611111372	2.644444709	2.611111372	874259
2018-04-20	2.622222484	2.611111372	2.644444709	2.611111372	632699
2018-04-23	2.611111372	2.60000026	2.622222484	2.60000026	1024739
2018-04-24	2.611111372	2.60000026	2.633333597	2.60000026	873899
2018-04-25	2.611111372	2.588889148	2.611111372	2.588889148	869039
2018-04-26	2.588889148	2.577778036	2.60000026	2.577778036	1004579
2018-04-27	2.566666923	2.555555811	2.588889148	2.555555811	1300139
2018-04-30	2.555555811	2.544444699	2.577778036	2.566666923	753119
2018-05-02	2.477778026	2.477778026	2.544444699	2.544444699	2519999
2018-05-03	2.555555811	2.533333587	2.577778036	2.555555811	1413899
2018-05-04	2.555555811	2.533333587	2.611111372	2.533333587	1389059
2018-05-07	2.544444699	2.533333587	2.566666923	2.533333587	662939
2018-05-08	2.533333587	2.50000025	2.544444699	2.50000025	1078739
2018-05-09	2.522222474	2.488889138	2.533333587	2.50000025	1667879
2018-05-10	2.411111352	2.322222454	2.433333577	2.322222454	8499779
2018-05-11	2.333333567	2.322222454	2.355555791	2.333333567	921779
2018-05-14	2.333333567	2.322222454	2.355555791	2.322222454	1490579
2018-05-15	2.333333567	2.288889118	2.333333567	2.288889118	2015819
2018-05-16	2.30000023	2.233333557	2.30000023	2.233333557	1879019
2018-05-17	2.244444669	2.233333557	2.255555781	2.233333557	1133459
2018-05-18	2.233333557	2.188889108	2.244444669	2.233333557	2067479
2018-05-21	2.233333557	2.211111332	2.233333557	2.211111332	695699
2018-05-22	2.211111332	2.211111332	2.255555781	2.222222444	1487699
2018-05-23	2.222222444	2.211111332	2.255555781	2.222222444	1110779
2018-05-24	2.233333557	2.188889108	2.233333557	2.188889108	2101319
2018-05-25	2.211111332	2.133333547	2.211111332	2.133333547	2009699
2018-05-28	2.144444659	2.144444659	2.155555771	2.144444659	292859
2018-05-30	2.144444659	2.133333547	2.177777996	2.133333547	1238939
2018-05-31	2.133333547	2.133333547	2.166666883	2.155555771	562499
2018-06-01	2.155555771	2.044444649	2.155555771	2.044444649	2945159
2018-06-04	2.033333537	1.911111302	2.033333537	1.911111302	4094819
2018-06-05	1.933333527	1.766666843	1.933333527	1.855555741	5197319
2018-06-06	1.866666853	1.833333517	1.877777966	1.833333517	1141559
2018-06-07	1.833333517	1.833333517	1.911111302	1.888889078	2708819
2018-06-08	1.877777966	1.866666853	1.988889088	1.944444639	2846699
2018-06-11	1.977777976	1.922222414	2.044444649	2.011111312	4271219
2018-06-12	2.044444649	2.033333537	2.077777986	2.066666873	3940919
2018-06-13	2.077777986	2.044444649	2.077777986	2.044444649	1174139
2018-06-14	2.055555761	1.977777976	2.055555761	1.977777976	1645199
2018-06-15	1.977777976	1.944444639	1.988889088	1.966666863	1022039
2018-06-18	1.977777976	1.966666863	2.044444649	1.977777976	3404519
2018-06-19	2.0000002	1.722222394	2.0000002	1.777777956	3988619
2018-06-20	1.788889068	1.777777956	1.833333517	1.822222404	1997459
2018-06-21	1.844444629	1.80000018	1.844444629	1.80000018	1575359
2018-06-22	1.811111292	1.80000018	1.833333517	1.811111292	1400219
2018-06-25	1.811111292	1.80000018	1.855555741	1.80000018	2455379
2018-06-26	1.788889068	1.766666843	1.80000018	1.777777956	1255319
2018-06-27	1.777777956	1.766666843	1.833333517	1.777777956	1623419
2018-06-28	1.777777956	1.622222384	1.777777956	1.622222384	2645279
2018-06-29	1.633333497	1.577777936	1.633333497	1.60000016	1365479
2018-07-02	1.588889048	1.588889048	1.622222384	1.622222384	1263239
2018-07-03	1.633333497	1.622222384	1.644444609	1.633333497	564119
2018-07-04	1.644444609	1.644444609	1.722222394	1.70000017	1502459
2018-07-05	1.688889058	1.611111272	1.688889058	1.611111272	3077459
2018-07-06	1.644444609	1.644444609	1.666666833	1.666666833	686519
2018-07-09	1.688889058	1.688889058	1.777777956	1.70000017	2590919
2018-07-10	1.711111282	1.711111282	1.744444619	1.722222394	686339
2018-07-11	1.722222394	1.711111282	1.766666843	1.722222394	743039
2018-07-12	1.744444619	1.722222394	1.744444619	1.722222394	399239
2018-07-13	1.733333507	1.733333507	1.833333517	1.777777956	1422899
2018-07-16	1.777777956	1.722222394	1.811111292	1.722222394	1254419
2018-07-17	1.722222394	1.722222394	1.766666843	1.744444619	234719
2018-07-18	1.744444619	1.722222394	1.766666843	1.722222394	545399
2018-07-19	1.733333507	1.733333507	1.788889068	1.766666843	944639
2018-07-20	1.755555731	1.755555731	1.877777966	1.80000018	2562479
2018-07-23	1.80000018	1.788889068	1.822222404	1.80000018	758339
2018-07-24	1.811111292	1.788889068	1.844444629	1.80000018	1230299
2018-07-25	1.80000018	1.80000018	1.877777966	1.855555741	2366999
2018-07-26	1.866666853	1.855555741	2.033333537	1.944444639	5085719
2018-07-31	1.944444639	1.855555741	1.955555751	1.866666853	1402019
2018-08-01	1.877777966	1.877777966	2.222222444	1.988889088	27473397
2018-08-02	2.0000002	1.977777976	2.055555761	2.0000002	7849439
2018-08-03	2.011111312	1.966666863	2.011111312	1.966666863	1404899
2018-08-06	2.0000002	1.955555751	2.033333537	1.966666863	1730879
2018-08-07	1.977777976	1.955555751	1.988889088	1.955555751	370079
2018-08-08	1.888889078	1.80000018	1.888889078	1.80000018	6470459
2018-08-09	1.811111292	1.755555731	1.833333517	1.811111292	1634579
2018-08-10	1.855555741	1.811111292	1.855555741	1.811111292	824219
2018-08-14	1.80000018	1.766666843	1.80000018	1.766666843	1356119
2018-08-15	1.788889068	1.744444619	1.80000018	1.744444619	623519
2018-08-16	1.777777956	1.755555731	1.777777956	1.766666843	185399
2018-08-17	1.777777956	1.777777956	1.80000018	1.777777956	518219
2018-08-20	1.788889068	1.788889068	1.911111302	1.822222404	2100239
2018-08-21	1.822222404	1.788889068	1.833333517	1.788889068	596879
2018-08-22	1.777777956	1.777777956	1.844444629	1.788889068	1993319
2018-08-23	1.811111292	1.788889068	1.811111292	1.788889068	387719
2018-08-24	1.788889068	1.755555731	1.811111292	1.777777956	1206719
2018-08-27	1.788889068	1.788889068	1.822222404	1.788889068	676079
2018-08-28	1.80000018	1.80000018	1.844444629	1.80000018	2275559
2018-08-29	1.822222404	1.788889068	1.822222404	1.788889068	1144259
2018-08-30	1.80000018	1.80000018	1.844444629	1.822222404	1157219
2018-08-31	1.822222404	1.80000018	1.833333517	1.80000018	534959
2018-09-03	1.811111292	1.788889068	1.844444629	1.788889068	1627739
2018-09-04	1.80000018	1.777777956	1.80000018	1.777777956	305819
2018-09-05	1.777777956	1.777777956	1.811111292	1.777777956	411119
2018-09-06	1.777777956	1.766666843	1.833333517	1.788889068	1124279
2018-09-07	1.822222404	1.811111292	1.911111302	1.833333517	10846978
2018-09-10	1.844444629	1.833333517	1.855555741	1.844444629	1262519
2018-09-11	1.855555741	1.844444629	1.866666853	1.844444629	1876859
2018-09-12	1.866666853	1.811111292	1.866666853	1.822222404	702359
2018-09-13	1.822222404	1.811111292	1.866666853	1.822222404	546659
2018-09-14	1.833333517	1.822222404	1.911111302	1.888889078	3846779
2018-09-17	1.888889078	1.866666853	1.90000019	1.866666853	490859
2018-09-18	1.888889078	1.888889078	2.255555781	1.977777976	46887115
2018-09-19	2.0000002	1.944444639	2.011111312	1.944444639	6694019
2018-09-20	1.955555751	1.944444639	2.011111312	1.944444639	5045399
2018-09-21	1.955555751	1.944444639	1.988889088	1.955555751	1961999
2018-09-24	1.966666863	1.955555751	1.988889088	1.955555751	542519
2018-09-25	1.955555751	1.933333527	1.966666863	1.933333527	866879
2018-09-26	1.933333527	1.933333527	2.033333537	1.955555751	6400799
2018-09-27	1.977777976	1.955555751	1.977777976	1.955555751	667259
2018-09-28	1.966666863	1.955555751	2.055555761	1.988889088	7579979
2018-10-01	2.0000002	1.977777976	2.033333537	1.988889088	2053439
2018-10-02	2.0000002	1.966666863	2.0000002	1.977777976	527219
2018-10-03	2.0000002	1.966666863	2.033333537	1.966666863	3018419
2018-10-04	1.955555751	1.922222414	1.966666863	1.922222414	1259099
2018-10-05	1.933333527	1.911111302	1.944444639	1.911111302	544499
2018-10-08	1.922222414	1.866666853	1.966666863	1.888889078	826559
2018-10-09	1.877777966	1.877777966	1.90000019	1.877777966	747359
2018-10-10	1.877777966	1.855555741	1.90000019	1.877777966	522719
2018-10-11	1.855555741	1.788889068	1.855555741	1.80000018	1214639
2018-10-12	1.811111292	1.811111292	1.833333517	1.822222404	334619
2018-10-16	1.844444629	1.811111292	1.844444629	1.833333517	356579
2018-10-17	1.833333517	1.811111292	1.833333517	1.811111292	707219
2018-10-18	1.822222404	1.777777956	1.822222404	1.777777956	481139
2018-10-19	1.777777956	1.755555731	1.788889068	1.766666843	851399
2018-10-22	1.755555731	1.722222394	1.755555731	1.722222394	965699
2018-10-24	1.722222394	1.677777946	1.722222394	1.677777946	620099
2018-10-25	1.666666833	1.622222384	1.677777946	1.666666833	1053719
2018-10-26	1.666666833	1.666666833	1.70000017	1.677777946	308879
2018-10-29	1.677777946	1.677777946	1.711111282	1.688889058	246059
2018-10-30	1.688889058	1.677777946	1.70000017	1.688889058	172439
2018-10-31	1.688889058	1.688889058	1.788889068	1.733333507	2177279
2018-11-01	1.722222394	1.711111282	1.744444619	1.722222394	1063259
2018-11-02	1.744444619	1.722222394	1.755555731	1.722222394	523079
2018-11-05	1.722222394	1.722222394	1.733333507	1.733333507	102059
2018-11-06	1.733333507	1.722222394	1.811111292	1.733333507	2730779
2018-11-07	1.744444619	1.722222394	1.744444619	1.722222394	959579
2018-11-08	1.722222394	1.722222394	1.744444619	1.722222394	1014119
2018-11-09	1.744444619	1.733333507	1.744444619	1.733333507	651599
2018-11-12	1.733333507	1.722222394	1.744444619	1.722222394	826739
2018-11-13	1.722222394	1.711111282	1.722222394	1.722222394	825479
2018-11-14	1.722222394	1.677777946	1.733333507	1.677777946	949679
2018-11-15	1.688889058	1.677777946	1.722222394	1.677777946	1015379
2018-11-16	1.688889058	1.677777946	1.70000017	1.677777946	228239
2018-11-19	1.677777946	1.655555721	1.677777946	1.655555721	934199
2018-11-20	1.666666833	1.655555721	1.688889058	1.677777946	704879
2018-11-21	1.655555721	1.633333497	1.666666833	1.644444609	511199
2018-11-22	1.655555721	1.644444609	1.666666833	1.644444609	156779
2018-11-23	1.644444609	1.633333497	1.70000017	1.677777946	395459
2018-11-26	1.688889058	1.666666833	1.688889058	1.666666833	609659
2018-11-27	1.677777946	1.644444609	1.677777946	1.644444609	689579
2018-11-28	1.644444609	1.633333497	1.666666833	1.655555721	587339
2018-11-29	1.666666833	1.644444609	1.688889058	1.644444609	487439
2018-11-30	1.644444609	1.644444609	1.70000017	1.677777946	353339
2018-12-03	1.677777946	1.666666833	1.677777946	1.666666833	145619
2018-12-04	1.666666833	1.644444609	1.666666833	1.655555721	113039
2018-12-06	1.655555721	1.633333497	1.655555721	1.633333497	303299
2018-12-07	1.644444609	1.644444609	1.70000017	1.688889058	651059
2018-12-11	1.677777946	1.644444609	1.677777946	1.644444609	354059
2018-12-12	1.655555721	1.655555721	1.70000017	1.666666833	457379
2018-12-13	1.666666833	1.655555721	1.70000017	1.655555721	242819
2018-12-14	1.655555721	1.644444609	1.677777946	1.644444609	294299
2018-12-17	1.644444609	1.60000016	1.644444609	1.633333497	952019
2018-12-18	1.633333497	1.633333497	1.677777946	1.644444609	1054439
2018-12-19	1.644444609	1.644444609	1.733333507	1.677777946	1199699
2018-12-20	1.677777946	1.666666833	1.788889068	1.722222394	1924559
2018-12-21	1.733333507	1.711111282	1.766666843	1.733333507	398519
2018-12-24	1.733333507	1.70000017	1.755555731	1.711111282	302759
2018-12-25	1.70000017	1.622222384	1.70000017	1.644444609	626759
2018-12-26	1.644444609	1.577777936	1.644444609	1.577777936	798119
2018-12-27	1.588889048	1.588889048	1.622222384	1.611111272	198719
2018-12-28	1.60000016	1.60000016	1.633333497	1.611111272	479159
2019-01-02	1.611111272	1.566666823	1.622222384	1.577777936	325619
2019-01-03	1.588889048	1.588889048	1.611111272	1.588889048	105479
2019-01-04	1.588889048	1.577777936	1.60000016	1.588889048	318239
2019-01-07	1.588889048	1.577777936	1.622222384	1.577777936	1225079
2019-01-08	1.577777936	1.577777936	1.60000016	1.588889048	49679
2019-01-09	1.60000016	1.577777936	1.622222384	1.577777936	438659
2019-01-10	1.588889048	1.577777936	1.60000016	1.60000016	141839
2019-01-11	1.588889048	1.588889048	1.611111272	1.611111272	220139
2019-01-14	1.611111272	1.577777936	1.611111272	1.577777936	222839
2019-01-15	1.588889048	1.577777936	1.622222384	1.588889048	382499
2019-01-16	1.60000016	1.566666823	1.60000016	1.577777936	401759
2019-01-17	1.577777936	1.566666823	1.588889048	1.566666823	968399
2019-01-18	1.577777936	1.555555711	1.577777936	1.555555711	210239
2019-01-21	1.566666823	1.544444599	1.60000016	1.544444599	1159919
2019-01-22	1.544444599	1.544444599	1.555555711	1.544444599	175139
2019-01-23	1.544444599	1.544444599	1.566666823	1.555555711	461519
2019-01-24	1.555555711	1.544444599	1.577777936	1.544444599	1817459
2019-01-25	1.555555711	1.544444599	1.566666823	1.544444599	244079
2019-01-28	1.555555711	1.544444599	1.588889048	1.566666823	422999
2019-01-29	1.566666823	1.566666823	1.577777936	1.566666823	199259
2019-01-30	1.566666823	1.566666823	1.633333497	1.60000016	5083199
2019-01-31	1.622222384	1.588889048	1.622222384	1.588889048	738359
2019-02-01	1.588889048	1.577777936	1.655555721	1.60000016	2110679
2019-02-04	1.60000016	1.588889048	1.611111272	1.60000016	324179
2019-02-05	1.60000016	1.577777936	1.655555721	1.60000016	2557619
2019-02-06	1.611111272	1.60000016	1.622222384	1.60000016	464219
2019-02-07	1.611111272	1.588889048	1.622222384	1.588889048	412379
2019-02-08	1.588889048	1.588889048	1.622222384	1.60000016	441359
2019-02-11	1.588889048	1.577777936	1.60000016	1.577777936	381419
2019-02-12	1.577777936	1.566666823	1.588889048	1.577777936	313739
2019-02-13	1.588889048	1.577777936	1.60000016	1.577777936	323459
2019-02-14	1.588889048	1.577777936	1.60000016	1.60000016	212399
2019-02-15	1.588889048	1.566666823	1.60000016	1.566666823	313199
2019-02-18	1.577777936	1.577777936	1.577777936	1.577777936	106559
2019-02-20	1.588889048	1.577777936	1.60000016	1.588889048	222839
2019-02-21	1.588889048	1.577777936	1.60000016	1.577777936	220499
2019-02-22	1.577777936	1.577777936	1.622222384	1.611111272	1433519
2019-02-25	1.611111272	1.60000016	1.666666833	1.644444609	2198159
2019-02-26	1.666666833	1.644444609	1.666666833	1.666666833	1141919
2019-02-27	1.666666833	1.60000016	1.666666833	1.633333497	1021499
2019-02-28	1.633333497	1.611111272	1.633333497	1.622222384	105299
2019-03-01	1.611111272	1.611111272	1.622222384	1.611111272	227339
2019-03-04	1.611111272	1.60000016	1.633333497	1.60000016	302039
2019-03-05	1.611111272	1.588889048	1.622222384	1.588889048	424079
2019-03-06	1.611111272	1.60000016	1.633333497	1.60000016	682379
2019-03-07	1.611111272	1.60000016	1.622222384	1.60000016	209159
2019-03-08	1.611111272	1.60000016	1.622222384	1.60000016	771119
2019-03-11	1.60000016	1.60000016	1.70000017	1.622222384	2441699
2019-03-12	1.633333497	1.60000016	1.666666833	1.622222384	1018799
2019-03-13	1.633333497	1.611111272	1.633333497	1.611111272	154799
2019-03-14	1.622222384	1.60000016	1.655555721	1.611111272	434519
2019-03-15	1.611111272	1.60000016	1.611111272	1.60000016	492119
2019-03-18	1.611111272	1.588889048	1.655555721	1.611111272	1029419
2019-03-19	1.611111272	1.60000016	1.611111272	1.60000016	192239
2019-03-20	1.60000016	1.588889048	1.611111272	1.588889048	477719
2019-03-21	1.60000016	1.588889048	1.60000016	1.588889048	155339
2019-03-22	1.60000016	1.60000016	1.633333497	1.60000016	218879
2019-03-25	1.60000016	1.588889048	1.611111272	1.60000016	346319
2019-03-26	1.611111272	1.60000016	1.622222384	1.60000016	143819
2019-03-27	1.611111272	1.611111272	1.622222384	1.611111272	58499
2019-03-28	1.588889048	1.588889048	1.611111272	1.611111272	84419
2019-03-29	1.60000016	1.588889048	1.611111272	1.611111272	412019
2019-04-01	1.611111272	1.588889048	1.611111272	1.588889048	311219
2019-04-02	1.588889048	1.588889048	1.70000017	1.633333497	2176199
2019-04-03	1.633333497	1.622222384	1.666666833	1.622222384	532259
2019-04-04	1.622222384	1.577777936	1.633333497	1.577777936	2075759
2019-04-05	1.577777936	1.555555711	1.588889048	1.566666823	2459879
2019-04-09	1.566666823	1.566666823	1.577777936	1.566666823	1090799
2019-04-10	1.566666823	1.566666823	1.577777936	1.566666823	859319
2019-04-11	1.566666823	1.566666823	1.588889048	1.566666823	379079
2019-04-12	1.566666823	1.566666823	1.577777936	1.566666823	155159
2019-04-17	1.566666823	1.566666823	1.577777936	1.577777936	86219
2019-04-18	1.577777936	1.577777936	1.588889048	1.577777936	68039
2019-04-19	1.577777936	1.566666823	1.588889048	1.566666823	465839
2019-04-22	1.566666823	1.566666823	1.577777936	1.566666823	297899
2019-04-23	1.566666823	1.566666823	1.566666823	1.566666823	183779
2019-04-24	1.566666823	1.555555711	1.566666823	1.555555711	84599
2019-04-25	1.566666823	1.566666823	1.577777936	1.566666823	318419
2019-04-26	1.566666823	1.555555711	1.566666823	1.555555711	228959
2019-04-29	1.577777936	1.533333487	1.577777936	1.555555711	462419
2019-04-30	1.544444599	1.533333487	1.555555711	1.533333487	222299
2019-05-02	1.544444599	1.533333487	1.555555711	1.533333487	231479
2019-05-03	1.555555711	1.533333487	1.555555711	1.533333487	93059
2019-05-07	1.544444599	1.522222374	1.544444599	1.544444599	363779
2019-05-08	1.555555711	1.511111262	1.555555711	1.511111262	261719
2019-05-09	1.522222374	1.511111262	1.522222374	1.511111262	133379
2019-05-10	1.522222374	1.50000015	1.522222374	1.50000015	293039
2019-05-13	1.511111262	1.477777926	1.511111262	1.477777926	589319
2019-05-14	1.50000015	1.444444589	1.50000015	1.444444589	212219
2019-05-15	1.477777926	1.444444589	1.477777926	1.444444589	1108079
2019-05-16	1.444444589	1.433333477	1.455555701	1.455555701	412019
2019-05-17	1.444444589	1.388889028	1.466666813	1.388889028	297359
2019-05-21	1.344444579	1.344444579	1.377777916	1.344444579	232919
2019-05-22	1.366666803	1.344444579	1.366666803	1.366666803	98819
2019-05-23	1.355555691	1.355555691	1.366666803	1.355555691	106199
2019-05-24	1.344444579	1.30000013	1.344444579	1.311111242	1588139
2019-05-27	1.311111242	1.311111242	1.422222364	1.366666803	953999
2019-05-28	1.377777916	1.355555691	1.388889028	1.355555691	229139
2019-05-29	1.355555691	1.355555691	1.411111252	1.366666803	325979
2019-05-30	1.377777916	1.377777916	1.388889028	1.377777916	176579
2019-05-31	1.377777916	1.355555691	1.377777916	1.355555691	213119
2019-06-04	1.355555691	1.322222354	1.366666803	1.322222354	511559
2019-06-05	1.333333467	1.30000013	1.377777916	1.355555691	1117799
2019-06-06	1.366666803	1.333333467	1.366666803	1.355555691	227879
2019-06-07	1.355555691	1.344444579	1.355555691	1.344444579	86219
2019-06-10	1.377777916	1.344444579	1.377777916	1.355555691	82979
2019-06-11	1.366666803	1.333333467	1.366666803	1.344444579	288719
2019-06-12	1.344444579	1.344444579	1.355555691	1.355555691	48779
2019-06-13	1.344444579	1.333333467	1.344444579	1.333333467	83519
2019-06-14	1.344444579	1.333333467	1.344444579	1.344444579	119519
2019-06-17	1.366666803	1.311111242	1.366666803	1.311111242	307979
2019-06-18	1.322222354	1.30000013	1.322222354	1.311111242	161999
2019-06-19	1.322222354	1.311111242	1.322222354	1.311111242	976499
2019-06-20	1.311111242	1.30000013	1.322222354	1.311111242	315719
2019-06-21	1.322222354	1.311111242	1.333333467	1.311111242	199439
2019-06-24	1.322222354	1.311111242	1.333333467	1.322222354	143639
2019-06-25	1.322222354	1.30000013	1.333333467	1.311111242	319859
2019-06-26	1.322222354	1.311111242	1.333333467	1.311111242	199079
2019-06-27	1.311111242	1.311111242	1.333333467	1.322222354	345779
2019-06-28	1.333333467	1.311111242	1.333333467	1.311111242	111779
2019-07-01	1.311111242	1.311111242	1.322222354	1.311111242	591659
2019-07-02	1.311111242	1.30000013	1.322222354	1.311111242	353159
2019-07-03	1.311111242	1.30000013	1.322222354	1.322222354	85499
2019-07-04	1.311111242	1.30000013	1.322222354	1.30000013	396179
2019-07-05	1.311111242	1.288889018	1.311111242	1.288889018	603539
2019-07-08	1.311111242	1.277777906	1.311111242	1.30000013	415979
2019-07-09	1.30000013	1.288889018	1.322222354	1.30000013	620819
2019-07-10	1.322222354	1.288889018	1.322222354	1.30000013	445499
2019-07-11	1.30000013	1.288889018	1.311111242	1.288889018	553319
2019-07-12	1.30000013	1.288889018	1.30000013	1.288889018	149039
2019-07-15	1.322222354	1.266666793	1.322222354	1.277777906	705419
2019-07-17	1.277777906	1.277777906	1.30000013	1.277777906	278459
2019-07-18	1.277777906	1.277777906	1.288889018	1.277777906	502379
2019-07-19	1.288889018	1.277777906	1.288889018	1.288889018	107099
2019-07-22	1.30000013	1.277777906	1.30000013	1.277777906	106379
2019-07-23	1.277777906	1.266666793	1.30000013	1.266666793	638279
2019-07-24	1.266666793	1.255555681	1.277777906	1.255555681	233099
2019-07-25	1.266666793	1.266666793	1.277777906	1.266666793	30059
2019-07-26	1.266666793	1.255555681	1.266666793	1.255555681	136259
2019-07-30	1.266666793	1.166666783	1.266666793	1.20000012	1039319
2019-07-31	1.211111232	1.188889008	1.222222344	1.20000012	448559
2019-08-01	1.211111232	1.122222334	1.222222344	1.133333447	745739
2019-08-02	1.133333447	1.10000011	1.133333447	1.105555666	1103759
2019-08-05	1.122222334	1.111111222	1.133333447	1.111111222	951119
2019-08-06	1.111111222	1.105555666	1.122222334	1.111111222	210779
2019-08-07	1.111111222	1.077777886	1.111111222	1.077777886	849959
2019-08-08	1.077777886	1.055555661	1.083333442	1.055555661	609659
2019-08-09	1.055555661	1.027777881	1.066666773	1.033333437	475739
2019-08-13	1.005555656	0.983333432	1.011111212	0.983333432	1037519
2019-08-14	0.983333432	0.938888983	0.994444544	0.938888983	608579
2019-08-15	0.938888983	0.877777866	0.944444539	0.883333422	764999
2019-08-16	0.888888978	0.861111197	0.922222314	0.90000009	1840139
2019-08-19	0.894444534	0.894444534	0.911111202	0.90000009	479519
2019-08-20	0.90000009	0.894444534	0.944444539	0.938888983	412739
2019-08-21	0.938888983	0.922222314	1.0000001	0.933333427	2239019
2019-08-22	0.938888983	0.888888978	0.938888983	0.905555646	1240919
2019-08-23	0.905555646	0.905555646	0.922222314	0.911111202	1455119
2019-08-26	0.905555646	0.877777866	0.905555646	0.894444534	1979279
2019-08-27	0.894444534	0.888888978	0.944444539	0.888888978	2161619
2019-08-28	0.90000009	0.877777866	0.905555646	0.90000009	188099
2019-08-29	0.894444534	0.894444534	0.905555646	0.905555646	124019
2019-08-30	0.905555646	0.90000009	0.927777871	0.916666758	475919
2019-09-02	0.916666758	0.916666758	0.933333427	0.922222314	517859
2019-09-03	0.933333427	0.90000009	0.933333427	0.911111202	632879
2019-09-04	0.905555646	0.905555646	0.916666758	0.911111202	225359
2019-09-05	0.916666758	0.911111202	0.927777871	0.922222314	196199
2019-09-06	0.922222314	0.911111202	0.922222314	0.922222314	231299
2019-09-09	0.916666758	0.916666758	0.927777871	0.922222314	169379
2019-09-10	0.933333427	0.922222314	0.966666763	0.922222314	2096639
2019-09-11	0.933333427	0.916666758	0.944444539	0.922222314	1015379
2019-09-12	0.927777871	0.927777871	0.972222319	0.927777871	1837979
2019-09-13	0.938888983	0.927777871	0.944444539	0.933333427	92879
2019-09-16	0.933333427	0.922222314	0.933333427	0.927777871	468179
2019-09-17	0.927777871	0.927777871	0.933333427	0.933333427	347219
2019-09-18	0.927777871	0.927777871	0.933333427	0.927777871	307799
2019-09-19	0.927777871	0.927777871	0.933333427	0.927777871	596159
2019-09-20	0.927777871	0.922222314	0.933333427	0.927777871	137879
2019-09-23	0.927777871	0.927777871	0.950000095	0.933333427	650159
2019-09-24	0.927777871	0.927777871	0.950000095	0.927777871	545759
2019-09-25	0.933333427	0.916666758	0.933333427	0.922222314	819899
2019-09-26	0.927777871	0.922222314	0.927777871	0.922222314	62279
2019-09-27	0.927777871	0.911111202	0.927777871	0.922222314	460619
2019-09-30	0.922222314	0.916666758	1.005555656	0.933333427	5023979
2019-10-01	0.944444539	0.916666758	0.966666763	0.916666758	3237659
2019-10-02	0.916666758	0.911111202	0.922222314	0.916666758	313199
2019-10-03	0.916666758	0.888888978	0.916666758	0.888888978	1417859
2019-10-04	0.888888978	0.888888978	0.90000009	0.888888978	274139
2019-10-07	0.888888978	0.883333422	0.905555646	0.888888978	327419
2019-10-08	0.888888978	0.883333422	0.894444534	0.888888978	125999
2019-10-09	0.888888978	0.888888978	0.894444534	0.888888978	195659
2019-10-10	0.888888978	0.883333422	0.888888978	0.888888978	242279
2019-10-11	0.90000009	0.888888978	0.90000009	0.894444534	293039
2019-10-15	0.894444534	0.888888978	0.905555646	0.888888978	409319
2019-10-16	0.888888978	0.872222309	0.916666758	0.872222309	3667319
2019-10-17	0.872222309	0.861111197	0.877777866	0.861111197	430379
2019-10-18	0.866666753	0.861111197	0.872222309	0.861111197	614879
2019-10-21	0.866666753	0.855555641	0.872222309	0.861111197	293939
2019-10-22	0.861111197	0.855555641	0.872222309	0.855555641	289079
2019-10-24	0.861111197	0.833333417	0.861111197	0.838888973	474479
2019-10-25	0.838888973	0.822222304	0.844444529	0.822222304	713159
2019-10-28	0.822222304	0.777777856	0.822222304	0.783333412	2380319
2019-10-29	0.777777856	0.766666743	0.783333412	0.777777856	978299
2019-10-30	0.772222299	0.744444519	0.772222299	0.744444519	1731959
2019-10-31	0.733333407	0.733333407	0.766666743	0.766666743	951299
2019-11-01	0.766666743	0.727777851	0.783333412	0.727777851	2622419
2019-11-04	0.727777851	0.722222294	0.738888963	0.727777851	510479
2019-11-05	0.733333407	0.727777851	0.733333407	0.733333407	17279
2019-11-06	0.733333407	0.722222294	0.733333407	0.733333407	376379
2019-11-07	0.733333407	0.727777851	0.750000075	0.727777851	675719
2019-11-08	0.733333407	0.727777851	0.744444519	0.744444519	587879
2019-11-11	0.750000075	0.750000075	0.783333412	0.755555631	7975439
2019-11-12	0.761111187	0.744444519	0.761111187	0.744444519	1176479
2019-11-13	0.744444519	0.733333407	0.750000075	0.733333407	444419
2019-11-14	0.733333407	0.722222294	0.733333407	0.722222294	358739
2019-11-15	0.722222294	0.683333402	0.727777851	0.688888958	2434319
2019-11-18	0.688888958	0.688888958	0.750000075	0.722222294	2503799
2019-11-19	0.727777851	0.722222294	0.727777851	0.722222294	55619
2019-11-20	0.722222294	0.688888958	0.722222294	0.694444514	594179
2019-11-21	0.70000007	0.688888958	0.70000007	0.688888958	374759
2019-11-22	0.694444514	0.694444514	0.733333407	0.722222294	1137059
2019-11-25	0.722222294	0.722222294	0.927777871	0.855555641	34164356
2019-11-26	0.850000085	0.816666748	0.850000085	0.816666748	4723739
2019-11-27	0.822222304	0.816666748	0.905555646	0.861111197	20479137
2019-11-28	0.855555641	0.838888973	0.866666753	0.838888973	2348639
2019-11-29	0.844444529	0.827777861	1.016666768	0.911111202	30766136
2019-12-02	0.911111202	0.888888978	0.972222319	0.922222314	6924779
2019-12-03	0.916666758	0.916666758	1.0000001	0.994444544	7295039
2019-12-04	0.988888988	0.966666763	1.083333442	1.033333437	16367218
2019-12-06	1.055555661	1.050000105	1.133333447	1.066666773	12215518
2019-12-09	1.061111217	1.0000001	1.066666773	1.005555656	3087359
2019-12-11	1.0000001	1.0000001	1.088888998	1.038888993	11751838
2019-12-12	1.055555661	1.022222324	1.055555661	1.033333437	4091399
2019-12-13	1.038888993	0.988888988	1.038888993	0.988888988	2876759
2019-12-16	0.972222319	0.933333427	0.972222319	0.933333427	1960199
2019-12-17	0.927777871	0.927777871	0.983333432	0.955555651	1771199
2019-12-18	0.983333432	0.933333427	0.983333432	0.933333427	687959
2019-12-19	0.944444539	0.933333427	0.972222319	0.961111207	676799
2019-12-20	0.961111207	0.938888983	0.961111207	0.938888983	424619
2019-12-23	0.938888983	0.933333427	0.950000095	0.938888983	77939
2019-12-24	0.938888983	0.90000009	0.944444539	0.927777871	165419
2019-12-25	0.927777871	0.916666758	0.927777871	0.916666758	186299
2019-12-26	0.911111202	0.90000009	0.972222319	0.944444539	969299
2019-12-27	0.955555651	0.944444539	0.972222319	0.944444539	253979
2019-12-30	0.944444539	0.938888983	1.0000001	0.955555651	1023479
2020-01-02	0.955555651	0.955555651	0.977777876	0.966666763	165419
2020-01-03	0.966666763	0.955555651	0.977777876	0.955555651	153359
2020-01-06	0.944444539	0.877777866	0.944444539	0.90000009	1185119
2020-01-07	0.905555646	0.866666753	0.916666758	0.90000009	217439
2020-01-08	0.894444534	0.872222309	0.905555646	0.883333422	207719
2020-01-09	0.877777866	0.877777866	0.905555646	0.90000009	177659
2020-01-10	0.90000009	0.894444534	0.90000009	0.894444534	94499
2020-01-13	0.838888973	0.838888973	0.90000009	0.888888978	111599
2020-01-14	0.888888978	0.855555641	0.905555646	0.90000009	208799
2020-01-15	0.911111202	0.861111197	0.916666758	0.90000009	79379
2020-01-16	0.894444534	0.888888978	0.916666758	0.894444534	150659
2020-01-17	0.894444534	0.883333422	0.961111207	0.90000009	4657319
2020-01-20	0.905555646	0.905555646	1.033333437	1.022222324	14653258
2020-01-21	1.033333437	1.033333437	1.122222334	1.111111222	17877598
2020-01-22	1.122222334	1.055555661	1.20000012	1.055555661	15757198
2020-01-23	1.044444549	1.005555656	1.055555661	1.011111212	1240559
2020-01-24	1.005555656	0.972222319	1.005555656	0.972222319	482399
2020-01-27	0.972222319	0.911111202	0.972222319	0.916666758	724139
2020-01-28	0.922222314	0.905555646	0.950000095	0.905555646	1260719
2020-01-29	0.911111202	0.911111202	0.944444539	0.927777871	1115459
2020-01-30	0.938888983	0.933333427	0.994444544	0.966666763	1968299
2020-01-31	0.961111207	0.938888983	0.972222319	0.938888983	322379
2020-02-03	0.933333427	0.911111202	0.938888983	0.938888983	723779
2020-02-04	0.944444539	0.944444539	1.155555671	1.111111222	24719397
2020-02-05	1.105555666	1.011111212	1.166666783	1.016666768	16878598
2020-02-06	1.022222324	0.994444544	1.055555661	1.016666768	2789459
2020-02-07	1.027777881	1.0000001	1.044444549	1.011111212	962459
2020-02-11	1.027777881	0.994444544	1.044444549	0.994444544	881639
2020-02-12	1.005555656	0.994444544	1.022222324	1.005555656	504539
2020-02-13	1.016666768	1.005555656	1.022222324	1.005555656	327419
2020-02-14	1.005555656	0.983333432	1.016666768	0.988888988	497699
2020-02-17	0.988888988	0.977777876	1.072222329	1.027777881	7540379
2020-02-18	1.027777881	0.994444544	1.027777881	1.005555656	668699
2020-02-19	1.011111212	1.0000001	1.027777881	1.0000001	362699
2020-02-20	1.005555656	0.988888988	1.005555656	0.994444544	224459
2020-02-21	0.994444544	0.944444539	0.994444544	0.972222319	794159
2020-02-24	0.966666763	0.905555646	0.966666763	0.905555646	1207799
2020-02-25	0.905555646	0.905555646	0.922222314	0.916666758	224999
2020-02-26	0.905555646	0.750000075	0.911111202	0.750000075	2005019
2020-02-27	0.777777856	0.777777856	0.894444534	0.877777866	5901479
2020-02-28	0.877777866	0.811111192	0.916666758	0.822222304	7901819
2020-03-02	0.861111197	0.783333412	0.861111197	0.783333412	2789279
2020-03-03	0.794444524	0.766666743	0.805555636	0.80000008	499319
2020-03-04	0.805555636	0.788888968	0.827777861	0.80000008	552059
2020-03-05	0.811111192	0.811111192	0.855555641	0.822222304	240119
2020-03-06	0.822222304	0.80000008	0.822222304	0.811111192	207359
2020-03-09	0.805555636	0.755555631	0.811111192	0.761111187	493019
2020-03-10	0.761111187	0.761111187	0.788888968	0.788888968	183959
2020-03-11	0.783333412	0.761111187	0.788888968	0.766666743	427319
2020-03-12	0.733333407	0.677777846	0.772222299	0.677777846	424079
2020-03-13	0.666666733	0.650000065	0.716666738	0.666666733	716039
2020-03-16	0.661111177	0.655555621	0.766666743	0.655555621	1544399
2020-03-17	0.661111177	0.661111177	0.716666738	0.666666733	353879
2020-03-18	0.688888958	0.672222289	0.716666738	0.683333402	214739
2020-03-19	0.683333402	0.666666733	0.694444514	0.694444514	385559
2020-03-20	0.705555626	0.694444514	0.772222299	0.744444519	1735379
2020-03-23	0.722222294	0.70000007	0.766666743	0.70000007	574379
2020-03-24	0.70000007	0.70000007	0.788888968	0.727777851	651959
2020-03-25	0.738888963	0.738888963	0.761111187	0.744444519	217439
2020-03-26	0.744444519	0.733333407	0.755555631	0.733333407	214559
2020-03-27	0.755555631	0.738888963	0.772222299	0.772222299	633419
2020-03-30	0.750000075	0.750000075	0.777777856	0.750000075	541439
2020-03-31	0.761111187	0.750000075	0.777777856	0.755555631	946079
2020-04-01	0.761111187	0.755555631	0.766666743	0.755555631	277739
2020-04-02	0.766666743	0.761111187	0.766666743	0.761111187	262799
2020-04-03	0.772222299	0.772222299	0.844444529	0.816666748	2339099
2020-04-07	0.833333417	0.811111192	0.850000085	0.844444529	923759
2020-04-08	0.844444529	0.833333417	0.850000085	0.850000085	249119
2020-04-09	0.855555641	0.850000085	0.877777866	0.850000085	1189079
2020-04-10	0.861111197	0.850000085	0.966666763	0.911111202	6965459
2020-04-13	0.911111202	0.894444534	0.916666758	0.894444534	568799
2020-04-14	0.911111202	0.866666753	0.922222314	0.888888978	963539
2020-04-15	0.894444534	0.844444529	0.894444534	0.877777866	348659
2020-04-16	0.861111197	0.833333417	0.877777866	0.850000085	536039
2020-04-17	0.855555641	0.838888973	0.855555641	0.844444529	139679
2020-04-20	0.855555641	0.838888973	0.883333422	0.855555641	543599
2020-04-21	0.844444529	0.844444529	0.883333422	0.866666753	307619
2020-04-22	0.877777866	0.861111197	0.888888978	0.866666753	523979
2020-04-23	0.866666753	0.866666753	0.905555646	0.894444534	912959
2020-04-24	0.894444534	0.872222309	0.90000009	0.888888978	442979
2020-04-27	0.894444534	0.894444534	0.938888983	0.916666758	1531259
2020-04-28	0.922222314	0.911111202	0.944444539	0.933333427	493559
2020-04-29	0.938888983	0.938888983	0.988888988	0.961111207	2214899
2020-04-30	0.972222319	0.972222319	0.994444544	0.983333432	408779
2020-05-05	0.972222319	0.916666758	0.972222319	0.944444539	431459
2020-05-07	0.933333427	0.90000009	0.938888983	0.911111202	340379
2020-05-08	0.90000009	0.90000009	0.944444539	0.927777871	1195019
2020-05-11	0.972222319	0.972222319	1.066666773	1.066666773	7081919
2020-05-12	1.144444559	1.10000011	1.155555671	1.105555666	2854799
2020-05-13	1.111111222	1.10000011	1.233333457	1.133333447	5932439
2020-05-14	1.133333447	1.10000011	1.166666783	1.111111222	1339379
2020-05-15	1.144444559	1.061111217	1.144444559	1.122222334	1076579
2020-05-18	1.144444559	1.133333447	1.20000012	1.177777896	1983239
2020-05-19	1.188889008	1.177777896	1.188889008	1.177777896	605879
2020-05-20	1.188889008	1.144444559	1.20000012	1.188889008	346499
2020-05-21	1.188889008	1.188889008	1.211111232	1.188889008	900359
2020-05-22	1.166666783	1.166666783	1.211111232	1.20000012	756359
2020-05-25	1.211111232	1.211111232	1.322222354	1.311111242	1757519
2020-05-26	1.366666803	1.322222354	1.444444589	1.388889028	5052239
2020-05-27	1.433333477	1.322222354	1.433333477	1.344444579	1196819
2020-05-28	1.355555691	1.255555681	1.366666803	1.288889018	1054799
2020-05-29	1.288889018	1.266666793	1.30000013	1.266666793	400499
2020-06-01	1.288889018	1.277777906	1.322222354	1.288889018	383039
2020-06-02	1.311111242	1.211111232	1.311111242	1.244444569	989099
2020-06-04	1.222222344	1.222222344	1.344444579	1.277777906	1007819
2020-06-05	1.344444579	1.255555681	1.344444579	1.288889018	1904579
2020-06-08	1.277777906	1.244444569	1.277777906	1.255555681	1136879
2020-06-09	1.233333457	1.20000012	1.266666793	1.222222344	1277099
2020-06-10	1.222222344	1.177777896	1.233333457	1.20000012	510659
2020-06-11	1.188889008	1.105555666	1.188889008	1.122222334	4843259
2020-06-12	1.077777886	1.077777886	1.155555671	1.155555671	1107359
2020-06-15	1.166666783	1.111111222	1.166666783	1.144444559	597239
2020-06-16	1.166666783	1.155555671	1.20000012	1.177777896	532259
2020-06-17	1.177777896	1.155555671	1.211111232	1.188889008	824939
2020-06-18	1.20000012	1.177777896	1.20000012	1.20000012	386639
2020-06-19	1.211111232	1.177777896	1.211111232	1.211111232	374759
2020-06-22	1.211111232	1.166666783	1.211111232	1.177777896	249479
2020-06-23	1.188889008	1.166666783	1.188889008	1.166666783	496799
2020-06-24	1.177777896	1.144444559	1.20000012	1.144444559	658079
2020-06-25	1.122222334	1.122222334	1.166666783	1.144444559	542699
2020-06-26	1.166666783	1.144444559	1.166666783	1.144444559	226439
2020-06-29	1.144444559	1.133333447	1.166666783	1.144444559	332999
2020-06-30	1.166666783	1.144444559	1.166666783	1.144444559	79739
2020-07-01	1.144444559	1.111111222	1.166666783	1.133333447	312659
2020-07-02	1.155555671	1.144444559	1.30000013	1.277777906	13596478
2020-07-03	1.255555681	1.155555671	1.255555681	1.222222344	4624379
2020-07-07	1.266666793	1.222222344	1.266666793	1.233333457	3680639
2020-07-08	1.244444569	1.222222344	1.266666793	1.222222344	1976759
2020-07-09	1.244444569	1.233333457	1.255555681	1.233333457	693359
2020-07-10	1.255555681	1.222222344	1.377777916	1.277777906	2579939
2020-07-13	1.30000013	1.266666793	1.322222354	1.266666793	1634399
2020-07-14	1.266666793	1.255555681	1.311111242	1.277777906	522179
2020-07-15	1.288889018	1.277777906	1.333333467	1.333333467	853019
2020-07-16	1.377777916	1.322222354	1.377777916	1.344444579	1027619
2020-07-17	1.377777916	1.377777916	1.544444599	1.466666813	12439618
2020-07-20	1.522222374	1.477777926	1.522222374	1.477777926	2944439
2020-07-21	1.488889038	1.411111252	1.488889038	1.422222364	2299139
2020-07-22	1.422222364	1.377777916	1.444444589	1.377777916	1170719
2020-07-23	1.388889028	1.388889028	1.455555701	1.444444589	1157579
2020-07-24	1.455555701	1.422222364	1.555555711	1.455555701	5742719
2020-07-29	1.477777926	1.477777926	1.544444599	1.533333487	3612239
2020-07-30	1.555555711	1.555555711	1.622222384	1.577777936	4141259
2020-07-31	1.577777936	1.488889038	1.577777936	1.555555711	1719719
2020-08-03	1.577777936	1.555555711	1.655555721	1.622222384	3710519
2020-08-04	1.666666833	1.644444609	1.766666843	1.722222394	12971878
2020-08-05	1.744444619	1.722222394	1.80000018	1.744444619	3392099
2020-08-06	1.766666843	1.711111282	1.766666843	1.744444619	1199519
2020-08-07	1.744444619	1.60000016	1.744444619	1.611111272	2355299
2020-08-10	1.755555731	1.633333497	1.788889068	1.711111282	4836599
2020-08-11	1.733333507	1.666666833	1.733333507	1.677777946	2087279
2020-08-13	1.722222394	1.588889048	1.722222394	1.622222384	1486799
2020-08-14	1.60000016	1.511111262	1.622222384	1.533333487	2156039
2020-08-17	1.522222374	1.522222374	1.588889048	1.566666823	574199
2020-08-18	1.522222374	1.50000015	1.555555711	1.511111262	1610999
2020-08-19	1.466666813	1.444444589	1.50000015	1.444444589	1320839
2020-08-20	1.444444589	1.444444589	1.488889038	1.477777926	1010339
2020-08-21	1.488889038	1.477777926	1.555555711	1.544444599	532439
2020-08-24	1.577777936	1.544444599	1.577777936	1.544444599	463679
2020-08-25	1.555555711	1.544444599	1.577777936	1.566666823	466199
2020-08-26	1.588889048	1.577777936	1.666666833	1.622222384	1697579
2020-08-27	1.622222384	1.622222384	1.644444609	1.633333497	374039
2020-08-28	1.633333497	1.566666823	1.644444609	1.60000016	642959
2020-08-31	1.622222384	1.611111272	1.633333497	1.622222384	261179
2020-09-01	1.633333497	1.544444599	1.633333497	1.577777936	912239
2020-09-02	1.60000016	1.577777936	1.60000016	1.577777936	418679
2020-09-03	1.588889048	1.544444599	1.588889048	1.544444599	694979
2020-09-08	1.555555711	1.422222364	1.555555711	1.433333477	3220739
2020-09-09	1.422222364	1.366666803	1.444444589	1.411111252	1596059
2020-09-10	1.40000014	1.40000014	1.455555701	1.40000014	665459
2020-09-11	1.422222364	1.40000014	1.444444589	1.40000014	694979
2020-09-14	1.433333477	1.40000014	1.455555701	1.411111252	599759
2020-09-15	1.433333477	1.422222364	1.555555711	1.533333487	3255299
2020-09-16	1.533333487	1.522222374	1.633333497	1.555555711	5531219
2020-09-17	1.555555711	1.533333487	1.555555711	1.533333487	1114019
2020-09-18	1.544444599	1.50000015	1.555555711	1.50000015	638639
2020-09-21	1.533333487	1.50000015	1.533333487	1.522222374	712979
2020-09-22	1.522222374	1.477777926	1.522222374	1.50000015	390059
2020-09-23	1.488889038	1.477777926	1.533333487	1.511111262	542159
2020-09-24	1.522222374	1.466666813	1.533333487	1.511111262	782819
2020-09-25	1.533333487	1.50000015	1.533333487	1.522222374	874979
2020-09-28	1.522222374	1.511111262	1.533333487	1.511111262	504719
2020-09-29	1.511111262	1.511111262	1.655555721	1.611111272	4325399
2020-09-30	1.666666833	1.622222384	1.688889058	1.633333497	4978079
2020-10-01	1.655555721	1.644444609	1.722222394	1.711111282	6465059
2020-10-02	1.733333507	1.633333497	1.744444619	1.688889058	8939339
2020-10-05	1.733333507	1.688889058	1.777777956	1.766666843	7604099
2020-10-06	1.811111292	1.80000018	1.888889078	1.866666853	8598059
2020-10-07	1.866666853	1.844444629	1.888889078	1.866666853	4635899
2020-10-08	1.922222414	1.80000018	1.922222414	1.811111292	5734979
2020-10-09	1.811111292	1.788889068	1.888889078	1.855555741	3924899
2020-10-12	1.866666853	1.855555741	1.888889078	1.855555741	1663199
2020-10-14	1.866666853	1.844444629	1.911111302	1.877777966	7388459
2020-10-15	1.866666853	1.811111292	1.977777976	1.888889078	14791138
2020-10-16	1.90000019	1.766666843	1.90000019	1.855555741	5311079
2020-10-19	1.811111292	1.733333507	1.855555741	1.80000018	3860819
2020-10-20	1.811111292	1.788889068	1.844444629	1.822222404	1313099
2020-10-21	1.866666853	1.855555741	2.0000002	1.977777976	22417557
2020-10-22	1.988889088	1.955555751	2.10000021	2.044444649	15928738
2020-10-26	2.077777986	2.066666873	2.177777996	2.133333547	11332798
2020-10-27	2.166666883	2.144444659	2.311111342	2.30000023	29269977
2020-10-28	2.277778006	2.255555781	2.422222464	2.311111342	29245857
2020-10-29	2.30000023	2.233333557	2.344444679	2.233333557	11541058
2020-10-30	2.244444669	2.122222434	2.255555781	2.144444659	9617039
2020-11-02	2.188889108	2.155555771	2.222222444	2.177777996	6073919
2020-11-03	2.188889108	2.177777996	2.311111342	2.233333557	10955878
2020-11-04	2.244444669	2.244444669	2.444444689	2.40000024	25486917
2020-11-05	2.422222464	2.30000023	2.511111362	2.30000023	24873657
2020-11-06	2.322222454	2.244444669	2.322222454	2.255555781	8034119
2020-11-09	2.477778026	2.333333567	2.633333597	2.588889148	35952116
2020-11-10	2.588889148	2.422222464	2.60000026	2.422222464	13764778
2020-11-11	2.433333577	2.40000024	2.555555811	2.444444689	10977118
2020-11-12	2.455555801	2.433333577	2.50000025	2.433333577	2999879
2020-11-13	2.455555801	2.444444689	2.544444699	2.522222474	15154738
2020-11-16	2.555555811	2.455555801	2.566666923	2.455555801	14680258
2020-11-17	2.477778026	2.333333567	2.477778026	2.377778016	7328879
2020-11-18	2.344444679	2.344444679	2.455555801	2.366666903	5954039
2020-11-19	2.377778016	2.366666903	2.422222464	2.388889128	3553919
2020-11-20	2.422222464	2.40000024	2.522222474	2.455555801	12056398
2020-11-23	2.455555801	2.40000024	2.477778026	2.40000024	3101759
2020-11-24	2.377778016	2.333333567	2.422222464	2.333333567	4557959
2020-11-25	2.388889128	2.322222454	2.388889128	2.322222454	3117419
2020-11-26	2.333333567	2.255555781	2.344444679	2.277778006	7294679
2020-11-27	2.266666893	2.244444669	2.344444679	2.288889118	6842159
2020-11-30	2.311111342	2.266666893	2.322222454	2.277778006	2648699
2020-12-01	2.277778006	2.277778006	2.322222454	2.288889118	3463739
2020-12-02	2.30000023	2.266666893	2.322222454	2.277778006	2406599
2020-12-03	2.288889118	2.255555781	2.322222454	2.277778006	3489299
2020-12-04	2.288889118	2.233333557	2.30000023	2.266666893	5272919
2020-12-08	2.255555781	2.233333557	2.277778006	2.255555781	5005259
2020-12-09	2.244444669	2.177777996	2.266666893	2.177777996	6270299
2020-12-14	2.166666883	2.166666883	2.277778006	2.244444669	4487219
2020-12-15	2.277778006	2.222222444	2.311111342	2.30000023	4845059
2020-12-16	2.322222454	2.277778006	2.322222454	2.311111342	6171659
2020-12-17	2.333333567	2.288889118	2.344444679	2.311111342	1461779
2020-12-18	2.311111342	2.244444669	2.311111342	2.244444669	3268079
2020-12-21	2.188889108	1.988889088	2.233333557	2.0000002	10754638
2020-12-22	1.988889088	1.944444639	2.066666873	2.044444649	6383519
2020-12-23	2.011111312	2.011111312	2.10000021	2.066666873	4478039
2020-12-24	2.177777996	2.155555771	2.311111342	2.288889118	23889777
2020-12-25	2.30000023	2.233333557	2.311111342	2.233333557	8785979
2020-12-28	2.255555781	2.211111332	2.288889118	2.211111332	4432679
2020-12-29	2.255555781	2.255555781	2.422222464	2.355555791	18782458
2020-12-30	2.355555791	2.266666893	2.388889128	2.30000023	8912159
2021-01-04	2.30000023	2.30000023	2.40000024	2.355555791	13766578
2021-01-05	2.377778016	2.355555791	2.466666913	2.422222464	14441218
2021-01-06	2.444444689	2.377778016	2.444444689	2.444444689	6287579
2021-01-07	2.488889138	2.477778026	2.744444719	2.744444719	38839316
2021-01-08	2.744444719	2.611111372	2.805555836	2.655555821	20717637
2021-01-11	2.688889158	2.688889158	2.861111397	2.833333617	16780318
2021-01-12	2.833333617	2.777778056	3.0000003	2.916666958	13743898
2021-01-13	2.916666958	2.777778056	2.944444739	2.833333617	6118919
2021-01-14	2.861111397	2.805555836	2.944444739	2.805555836	3757859
2021-01-15	2.805555836	2.755555831	3.0000003	2.916666958	11766418
2021-01-18	2.916666958	2.833333617	2.944444739	2.861111397	3269519
2021-01-19	2.888889178	2.888889178	2.972222519	2.888889178	5278499
2021-01-20	2.888889178	2.805555836	2.944444739	2.861111397	4414139
2021-01-21	2.888889178	2.70000027	2.888889178	2.755555831	6253019
2021-01-22	2.733333607	2.666666933	2.755555831	2.666666933	6757019
2021-01-25	2.70000027	2.644444709	2.733333607	2.644444709	3623939
2021-01-26	2.666666933	2.633333597	2.805555836	2.777778056	8157419
2021-01-27	2.833333617	2.688889158	2.833333617	2.688889158	4741199
2021-01-28	2.711111382	2.622222484	2.755555831	2.666666933	4348799
2021-01-29	2.688889158	2.577778036	2.711111382	2.588889148	5801939
2021-02-01	2.588889148	2.555555811	2.611111372	2.588889148	2563919
2021-02-02	2.622222484	2.622222484	2.805555836	2.733333607	9301499
2021-02-03	2.744444719	2.70000027	2.744444719	2.722222494	3338279
2021-02-04	2.755555831	2.70000027	2.755555831	2.733333607	2222279
2021-02-05	2.744444719	2.70000027	2.744444719	2.722222494	1854179
2021-02-08	2.733333607	2.722222494	2.805555836	2.805555836	4255379
2021-02-09	2.861111397	2.805555836	3.222222544	3.222222544	53085954
2021-02-10	3.305555886	3.194444764	3.472222569	3.194444764	35685896
2021-02-11	3.250000325	3.194444764	3.333333667	3.305555886	10434958
2021-02-15	3.305555886	3.194444764	3.305555886	3.277778106	4039739
2021-02-16	3.277778106	3.166666983	3.388889228	3.166666983	8217359
2021-02-17	3.222222544	3.055555861	3.277778106	3.194444764	8093159
2021-02-18	3.194444764	3.138889203	3.305555886	3.250000325	5894999
2021-02-19	3.250000325	3.166666983	3.333333667	3.250000325	7942139
2021-02-22	3.222222544	3.027778081	3.361111447	3.250000325	13138198
2021-02-23	2.944444739	2.566666923	3.055555861	2.722222494	61864373
2021-02-24	2.755555831	2.733333607	2.833333617	2.805555836	13751818
2021-02-25	2.888889178	2.755555831	2.888889178	2.766666943	9467639
2021-03-01	2.755555831	2.677778046	2.766666943	2.688889158	8205479
2021-03-02	2.666666933	2.666666933	2.744444719	2.722222494	6739379
2021-03-03	2.70000027	2.677778046	2.722222494	2.70000027	3860279
2021-03-04	2.70000027	2.677778046	2.733333607	2.70000027	3632759
2021-03-05	2.70000027	2.688889158	2.733333607	2.722222494	4145219
2021-03-08	2.744444719	2.711111382	2.861111397	2.833333617	12787738
2021-03-09	2.888889178	2.888889178	3.138889203	3.055555861	18119158
2021-03-10	3.111111422	3.111111422	3.222222544	3.138889203	14769358
2021-03-11	3.111111422	3.027778081	3.222222544	3.111111422	9350099
2021-03-12	3.194444764	3.083333642	3.194444764	3.194444764	5070239
2021-03-15	3.194444764	3.166666983	3.583333692	3.583333692	38678216
2021-03-16	3.611111472	3.583333692	3.888889278	3.861111497	23664957
2021-03-17	3.833333717	3.777778156	4.138889303	4.055555961	22380837
2021-03-18	4.111111522	4.027778181	4.138889303	4.111111522	13286878
2021-03-19	4.055555961	4.027778181	4.444444889	4.416667108	17967598
2021-03-22	4.527778231	3.805555936	4.666667133	4.027778181	32743256
2021-03-23	4.027778181	3.861111497	4.750000475	4.750000475	35918636
2021-03-24	5.111111622	4.888889378	5.555556111	5.472222769	45072715
2021-03-25	5.388889428	5.333333867	6.0000006	5.944445039	53641434
2021-03-26	6.0000006	5.277778306	6.055556161	5.361111647	40741375
2021-03-29	5.444444989	5.361111647	5.611111672	5.555556111	17449198
2021-03-30	5.666667233	5.555556111	5.888889478	5.555556111	19256758
2021-03-31	5.722222794	5.666667233	6.277778406	5.777778356	55797834
2021-04-01	5.833333917	5.777778356	6.111111722	5.944445039	20196177
2021-04-02	6.0000006	5.722222794	6.0000006	5.777778356	9191699
2021-04-05	5.777778356	5.472222769	5.944445039	5.666667233	18182158
2021-04-07	5.555556111	5.388889428	6.111111722	5.833333917	21241437
2021-04-08	5.833333917	5.388889428	6.111111722	5.50000055	39641036
2021-04-09	5.611111672	5.444444989	5.666667233	5.50000055	8328239
2021-04-12	5.527778331	5.388889428	5.555556111	5.416667208	7118459
2021-04-16	5.388889428	5.0000005	5.388889428	5.166667183	12975658
2021-04-19	5.333333867	5.277778306	5.527778331	5.527778331	8693459
2021-04-20	5.555556111	5.527778331	5.722222794	5.611111672	9298439
2021-04-21	5.611111672	5.611111672	5.833333917	5.777778356	14269678
2021-04-22	5.833333917	5.611111672	5.833333917	5.666667233	6645779
2021-04-23	5.555556111	5.527778331	5.666667233	5.611111672	9267659
2021-04-26	5.611111672	5.611111672	6.444445089	6.444445089	41132875
2021-04-27	7.4166637	6.45833075	7.8333302	6.54166405	50614460
2021-04-28	6.666664	6.62499735	6.87499725	6.7499973	9845043
2021-04-29	6.87499725	6.666664	6.95833055	6.666664	6002402
2021-04-30	6.666664	6.5833307	6.70833065	6.5833307	3197641
2021-05-05	6.62499735	6.1666642	6.666664	6.1666642	6466682
2021-05-06	6.4166641	6.12499755	6.4166641	6.1666642	4053721
2021-05-07	6.2499975	6.0833309	6.4999974	6.3333308	4846321
2021-05-10	6.2499975	6.2499975	6.4166641	6.29166415	2463600
2021-05-11	6.4166641	6.2499975	6.79166395	6.7499973	16003206
2021-05-12	6.70833065	6.54166405	6.79166395	6.54166405	6754322
2021-05-13	6.45833075	5.62499775	6.4999974	6.29166415	10833484
2021-05-14	6.3333308	5.9166643	6.37499745	5.95833095	4528081
2021-05-17	6.04166425	5.5833311	6.04166425	5.5833311	5134082
2021-05-18	5.0833313	5.0833313	5.62499775	5.4999978	8757843
2021-05-19	5.5833311	5.2499979	5.5833311	5.29166455	6466562
2021-05-20	5.3333312	5.04166465	5.3333312	5.04166465	9462963
2021-05-21	4.95833135	4.95833135	5.1666646	4.999998	7527363
2021-05-24	4.999998	4.7499981	4.999998	4.79166475	6765002
2021-05-25	4.7499981	4.7499981	5.0833313	4.999998	5489642
2021-05-27	4.95833135	4.9166647	5.04166465	4.9166647	3773641
2021-05-28	4.9166647	4.8333314	4.95833135	4.87499805	3722401
2021-05-31	4.87499805	4.79166475	4.95833135	4.8333314	2534641
2021-06-01	4.9166647	4.87499805	5.1666646	4.999998	12059644
2021-06-02	5.1666646	5.12499795	5.79166435	5.70833105	42443296
2021-06-04	5.9999976	5.9166643	6.45833075	6.3333308	48434539
2021-06-07	6.62499735	6.12499755	6.62499735	6.2499975	28722131
2021-06-08	6.2499975	6.1666642	6.3333308	6.1666642	6999362
2021-06-09	6.1666642	5.833331	6.1666642	5.9166643	11513524
2021-06-10	5.9999976	5.9166643	6.04166425	5.9166643	3929401
2021-06-11	5.95833095	5.6666644	5.9999976	5.7499977	8915163
2021-06-14	5.5833311	5.45833115	5.62499775	5.54166445	7864803
2021-06-15	5.62499775	5.62499775	6.1666642	6.1666642	22871649
2021-06-16	6.12499755	5.9999976	6.3333308	6.04166425	16876806
2021-06-17	5.87499765	5.87499765	6.20833085	5.9999976	9028443
2021-06-18	6.3333308	6.04166425	6.3333308	6.04166425	13527005
2021-06-21	5.87499765	5.833331	5.9999976	5.95833095	5332082
2021-06-22	5.9999976	5.9166643	6.12499755	5.95833095	6391442
2021-06-23	5.95833095	5.79166435	5.95833095	5.79166435	6059282
2021-06-24	5.833331	5.54166445	5.833331	5.62499775	7083842
2021-06-25	5.70833105	5.5833311	5.79166435	5.6666644	4474561
2021-06-28	5.5833311	5.5833311	5.95833095	5.95833095	6709082
2021-06-29	5.95833095	5.87499765	5.9999976	5.87499765	3976561
2021-06-30	5.9166643	5.87499765	6.20833085	6.1666642	21770288
2021-07-01	6.12499755	5.95833095	6.20833085	5.9999976	11683084
2021-07-02	5.9999976	5.62499775	6.0833309	5.6666644	19594447
2021-07-05	5.70833105	5.5833311	5.7499977	5.62499775	3589561
2021-07-06	5.62499775	5.62499775	5.7499977	5.70833105	3786721
2021-07-07	5.6666644	5.5833311	5.70833105	5.62499775	4514761
2021-07-08	5.54166445	5.29166455	5.6666644	5.37499785	10862764
2021-07-09	5.2499979	5.20833125	5.4166645	5.4166645	3456481
2021-07-12	5.4999978	5.3333312	5.4999978	5.37499785	3145321
2021-07-13	5.45833115	5.45833115	5.79166435	5.79166435	9689523
2021-07-14	5.7499977	5.6666644	5.9999976	5.87499765	20950808
2021-07-15	5.9999976	5.87499765	6.0833309	5.95833095	13984565
2021-07-16	6.04166425	5.87499765	6.04166425	5.87499765	9740403
2021-07-19	5.6666644	5.62499775	5.9166643	5.79166435	5767682
2021-07-20	5.833331	5.70833105	6.04166425	5.7499977	22756809
2021-07-21	5.79166435	5.7499977	5.87499765	5.833331	5358242
2021-07-22	5.87499765	5.833331	6.4166641	6.37499745	64721425
2021-07-23	6.2499975	6.12499755	6.5833307	6.29166415	71910268
2021-07-27	6.37499745	6.1666642	6.4999974	6.45833075	33249973
2021-07-29	6.54166405	6.2499975	6.666664	6.2499975	31291572
2021-07-30	6.3333308	5.9166643	6.37499745	6.04166425	19071847
2021-08-02	6.0833309	5.95833095	6.37499745	6.37499745	23883849
2021-08-03	6.3333308	6.3333308	7.0833305	7.0833305	111381644
2021-08-04	7.1666638	7.04166385	7.70833025	7.70833025	83683473
2021-08-05	7.5833303	7.37499705	7.7499969	7.54166365	34485373
2021-08-06	7.6666636	7.5833303	8.4999966	7.95833015	97580439
2021-08-09	7.8333302	7.37499705	7.95833015	7.4166637	56717302
2021-08-10	7.54166365	6.9999972	7.54166365	7.0833305	35797574
2021-08-11	7.1666638	6.37499745	7.2499971	6.37499745	43266977
2021-08-13	6.29166415	5.7499977	6.3333308	5.833331	36117014
2021-08-16	5.833331	5.45833115	5.9999976	5.95833095	30006972
2021-08-17	5.9166643	5.87499765	6.29166415	6.29166415	25446490
2021-08-18	6.20833085	6.12499755	6.3333308	6.20833085	20649128
2021-08-19	6.20833085	6.1666642	6.4166641	6.2499975	21899288
2021-08-20	6.2499975	6.12499755	6.37499745	6.12499755	16725966
2021-08-23	6.20833085	5.9999976	6.20833085	5.9999976	7241762
2021-08-24	6.04166425	5.95833095	6.1666642	6.04166425	15172086
2021-08-25	6.12499755	5.9166643	6.12499755	5.9999976	9750363
2021-08-26	5.9999976	5.95833095	6.12499755	6.0833309	6492122
2021-08-27	6.12499755	6.04166425	6.20833085	6.0833309	6174122
2021-08-30	6.12499755	5.9999976	6.20833085	6.0833309	6923402
2021-08-31	6.0833309	5.9999976	6.12499755	5.9999976	4597441
2021-09-01	5.9999976	5.9166643	6.04166425	5.95833095	4087921
2021-09-02	5.95833095	5.87499765	5.9999976	5.87499765	8381523
2021-09-03	5.95833095	5.9166643	6.1666642	6.12499755	11838964
2021-09-06	6.1666642	6.12499755	6.54166405	6.4999974	32073372
2021-09-07	6.666664	6.4166641	6.87499725	6.4166641	61710144
2021-09-08	6.4166641	6.4166641	6.62499735	6.4999974	11315404
2021-09-09	6.666664	6.54166405	6.8333306	6.54166405	28420091
2021-09-10	6.666664	6.45833075	6.666664	6.45833075	10820284
2021-09-13	6.45833075	6.2499975	6.4999974	6.29166415	9626763
2021-09-14	6.3333308	6.29166415	6.37499745	6.29166415	3867721
2021-09-15	6.29166415	6.29166415	6.54166405	6.4999974	6605642
2021-09-16	6.45833075	6.3333308	6.45833075	6.37499745	3479881
2021-09-17	6.45833075	6.3333308	6.45833075	6.37499745	3640321
2021-09-20	6.37499745	6.2499975	6.45833075	6.2499975	6548042
2021-09-21	6.29166415	6.04166425	6.3333308	6.29166415	8089443
2021-09-22	6.3333308	6.20833085	6.37499745	6.2499975	8467563
2021-09-23	6.3333308	6.1666642	6.3333308	6.1666642	4458601
2021-09-27	6.20833085	5.95833095	6.29166415	5.95833095	9005043
2021-09-28	5.9999976	5.9999976	6.12499755	6.0833309	3862201
2021-09-29	6.04166425	5.95833095	6.12499755	6.04166425	3622321
2021-09-30	6.04166425	5.9999976	6.12499755	6.12499755	2826121
2021-10-01	6.1666642	6.04166425	6.37499745	6.3333308	13710365
2021-10-04	6.37499745	6.29166415	6.4166641	6.3333308	9034923
2021-10-05	6.3333308	6.20833085	6.3333308	6.2499975	3820561
2021-10-06	6.2499975	6.1666642	6.29166415	6.1666642	2713081
2021-10-07	6.20833085	6.20833085	6.3333308	6.2499975	2752441
2021-10-08	6.29166415	6.0833309	6.29166415	6.1666642	3995761
2021-10-11	6.20833085	6.0833309	6.20833085	6.0833309	3449041
2021-10-12	6.12499755	6.0833309	6.1666642	6.0833309	2025960
2021-10-14	6.12499755	6.04166425	6.12499755	6.04166425	2933761
2021-10-15	6.04166425	6.04166425	6.12499755	6.04166425	1119960
2021-10-18	6.0833309	5.9999976	6.0833309	6.0833309	1473000
2021-10-19	6.0833309	5.9999976	6.0833309	5.9999976	1898280
2021-10-20	6.04166425	5.9999976	6.29166415	6.2499975	6554402
2021-10-21	6.3333308	6.1666642	6.3333308	6.20833085	4587961
2021-10-25	6.20833085	6.12499755	6.2499975	6.1666642	1177440
2021-10-26	6.20833085	6.04166425	6.29166415	6.04166425	6366842
2021-10-27	6.04166425	6.04166425	6.0833309	6.04166425	1353000
2021-10-28	6.0833309	6.04166425	6.12499755	6.04166425	1403760
2021-10-29	6.0833309	6.04166425	6.0833309	6.04166425	1083840
2021-11-01	6.04166425	5.9999976	6.0833309	5.9999976	1942560
2021-11-02	6.04166425	5.87499765	6.04166425	5.87499765	3451201
2021-11-03	5.87499765	5.7499977	5.95833095	5.79166435	3535921
2021-11-04	5.79166435	5.79166435	5.87499765	5.833331	1615200
2021-11-05	5.87499765	5.79166435	5.9166643	5.833331	1242000
2021-11-08	5.6666644	5.62499775	5.7499977	5.70833105	4473721
2021-11-09	5.70833105	5.70833105	5.87499765	5.79166435	1642560
2021-11-10	5.87499765	5.79166435	5.9166643	5.9166643	2558161
2021-11-11	5.9166643	5.79166435	5.9166643	5.79166435	1243200
2021-11-12	5.87499765	5.79166435	5.87499765	5.79166435	801480
2021-11-15	5.79166435	5.6666644	5.833331	5.7499977	2015160
2021-11-16	5.70833105	5.62499775	5.7499977	5.6666644	2198400
2021-11-17	5.70833105	5.6666644	5.7499977	5.6666644	1121640
2021-11-18	5.70833105	5.6666644	5.7499977	5.70833105	972480
2021-11-19	5.70833105	5.54166445	5.70833105	5.5833311	3985921
2021-11-22	5.5833311	5.54166445	5.62499775	5.5833311	1299240
2021-11-23	5.5833311	5.5833311	5.79166435	5.6666644	3074881
2021-11-24	5.7499977	5.70833105	6.04166425	5.95833095	8728803
2021-11-25	6.0833309	5.833331	6.12499755	5.87499765	5596802
2021-11-26	5.87499765	5.7499977	5.9166643	5.79166435	2699281
2021-11-29	5.70833105	5.6666644	5.79166435	5.6666644	2228280
2021-11-30	5.70833105	5.5833311	5.79166435	5.5833311	1508520
2021-12-01	5.5833311	5.45833115	5.62499775	5.4999978	4106521
2021-12-02	5.54166445	5.3333312	5.54166445	5.3333312	4487761
2021-12-03	5.37499785	5.3333312	5.45833115	5.4166645	2804521
2021-12-07	5.45833115	5.45833115	5.62499775	5.62499775	2466120
2021-12-08	5.70833105	5.45833115	5.7499977	5.4999978	5050802
2021-12-09	5.4999978	5.4999978	5.79166435	5.7499977	6197402
2021-12-13	5.79166435	5.54166445	5.79166435	5.54166445	5364602
2021-12-14	5.5833311	5.54166445	5.6666644	5.5833311	1785120
2021-12-15	5.5833311	5.54166445	5.62499775	5.5833311	942240
2021-12-16	5.62499775	5.54166445	5.6666644	5.5833311	718920
2021-12-17	5.62499775	5.54166445	5.62499775	5.54166445	677880
2021-12-20	5.54166445	5.45833115	5.5833311	5.4999978	1274880
2021-12-21	5.54166445	5.4166645	5.54166445	5.45833115	1102920
2021-12-22	5.4999978	5.4166645	5.4999978	5.45833115	775320
2021-12-23	5.4999978	5.4166645	5.54166445	5.4166645	1578600
2021-12-24	5.45833115	5.3333312	5.45833115	5.3333312	3301321
2021-12-27	5.37499785	5.3333312	5.45833115	5.3333312	1523280
2021-12-28	5.37499785	5.3333312	5.45833115	5.3333312	1660560
2021-12-29	5.4166645	5.3333312	5.45833115	5.37499785	3479521
2021-12-30	5.37499785	5.3333312	5.6666644	5.37499785	8376723
2022-01-04	5.4166645	5.37499785	5.4999978	5.4999978	2286360
2022-01-05	5.4999978	5.45833115	5.5833311	5.54166445	3481801
2022-01-06	5.4999978	5.4166645	5.79166435	5.7499977	13044365
2022-01-07	5.79166435	5.4166645	5.79166435	5.54166445	7904523
2022-01-10	5.5833311	5.4166645	5.62499775	5.4166645	3608521
2022-01-11	5.4166645	5.4166645	5.54166445	5.4999978	2366160
2022-01-12	5.4999978	5.4166645	5.54166445	5.4166645	2589601
2022-01-13	5.45833115	5.4166645	5.4999978	5.4166645	2244720
2022-01-14	5.4166645	5.4166645	5.4999978	5.45833115	1377480
2022-01-17	5.45833115	5.37499785	5.4999978	5.4166645	3385561
2022-01-18	5.45833115	5.3333312	5.45833115	5.3333312	2640721
2022-01-19	5.4166645	5.29166455	5.4166645	5.29166455	1909080
2022-01-20	5.3333312	5.2499979	5.37499785	5.2499979	1433640
2022-01-21	5.2499979	4.999998	5.29166455	5.12499795	7609803
2022-01-24	5.1666646	5.1666646	5.37499785	5.29166455	5813042
2022-01-25	5.2499979	5.04166465	5.29166455	5.0833313	3544801
2022-01-26	5.12499795	5.0833313	5.1666646	5.0833313	750360
2022-01-27	5.04166465	4.95833135	5.0833313	4.95833135	2757121
2022-01-28	4.999998	4.999998	5.0833313	5.04166465	634680
2022-01-31	5.04166465	4.999998	5.0833313	5.04166465	764880
2022-02-01	5.04166465	5.04166465	5.12499795	5.12499795	587160
2022-02-02	5.12499795	5.0833313	5.37499785	5.37499785	2464920
2022-02-03	5.45833115	5.37499785	5.5833311	5.37499785	9506763
2022-02-04	5.45833115	5.37499785	5.45833115	5.4166645	1719120
2022-02-07	5.4166645	5.2499979	5.4166645	5.2499979	2807641
2022-02-08	5.29166455	5.20833125	5.3333312	5.2499979	1115280
2022-02-09	5.2499979	5.12499795	5.29166455	5.12499795	2374320
2022-02-10	5.1666646	5.12499795	5.4999978	5.4166645	11918884
2022-02-11	5.3333312	5.04166465	5.37499785	5.0833313	7381562
2022-02-14	5.0833313	4.999998	5.12499795	5.0833313	2057160
2022-02-15	5.0833313	4.999998	5.0833313	5.04166465	1674360
2022-02-17	5.04166465	5.04166465	5.1666646	5.0833313	2444280
2022-02-18	5.12499795	5.04166465	5.12499795	5.0833313	1487520
2022-02-21	5.0833313	4.999998	5.12499795	5.04166465	2469120
2022-02-22	4.999998	4.95833135	5.04166465	4.999998	1325160
2022-02-23	5.12499795	5.12499795	5.3333312	5.12499795	6142442
2022-02-24	5.1666646	4.87499805	5.1666646	4.87499805	5679842
2022-02-25	5.04166465	4.95833135	5.0833313	5.04166465	1486920
2022-02-28	4.95833135	4.95833135	5.0833313	4.999998	999360
2022-03-01	5.04166465	5.04166465	5.12499795	5.04166465	1506960
2022-03-02	5.0833313	5.04166465	5.2499979	5.12499795	3443521
2022-03-03	5.1666646	5.12499795	5.29166455	5.1666646	4116721
2022-03-04	5.20833125	5.0833313	5.4999978	5.3333312	16260246
2022-03-07	5.4166645	4.87499805	5.62499775	5.04166465	39360495
2022-03-08	5.04166465	4.8333314	5.12499795	4.9166647	7774803
2022-03-09	4.999998	4.9166647	5.12499795	5.04166465	4084921
2022-03-10	5.0833313	4.999998	5.12499795	5.04166465	2494440
2022-03-11	5.04166465	4.999998	5.04166465	5.04166465	1404000
2022-03-14	5.0833313	4.999998	5.2499979	5.2499979	5099642
2022-03-15	5.29166455	5.0833313	5.3333312	5.0833313	6569882
2022-03-16	5.1666646	5.12499795	5.2499979	5.12499795	1889760
2022-03-17	5.20833125	5.12499795	5.20833125	5.12499795	1024920
2022-03-18	5.12499795	5.12499795	5.20833125	5.1666646	1318440
2022-03-21	5.1666646	5.0833313	5.20833125	5.12499795	1121400
2022-03-22	5.12499795	5.04166465	5.1666646	5.0833313	990360
2022-03-23	5.12499795	5.04166465	5.12499795	5.12499795	1595400
2022-03-24	5.12499795	5.04166465	5.12499795	5.0833313	951000
2022-03-25	5.0833313	5.04166465	5.12499795	5.04166465	1060440
2022-03-28	5.04166465	5.04166465	5.12499795	5.04166465	604200
2022-03-29	5.04166465	5.04166465	5.0833313	5.04166465	447960
2022-03-30	5.04166465	5.04166465	5.12499795	5.04166465	1385880
2022-03-31	5.0833313	5.04166465	5.1666646	5.0833313	2599081
2022-04-01	5.0833313	5.04166465	5.0833313	5.0833313	846840
2022-04-04	5.12499795	5.04166465	5.1666646	5.0833313	1999200
2022-04-05	5.12499795	5.04166465	5.12499795	5.0833313	961680
2022-04-07	5.04166465	4.999998	5.0833313	5.04166465	892920
2022-04-08	5.04166465	5.04166465	5.0833313	5.04166465	534840
2022-04-11	5.04166465	4.999998	5.0833313	4.999998	919920
2022-04-12	4.999998	4.9166647	5.04166465	4.999998	747240
2022-04-18	4.999998	4.95833135	5.29166455	5.2499979	7526283
2022-04-19	5.2499979	5.12499795	5.29166455	5.12499795	4796761
2022-04-20	5.1666646	5.1666646	5.2499979	5.1666646	1330080
2022-04-21	5.20833125	5.1666646	5.2499979	5.1666646	1376040
2022-04-22	5.1666646	5.1666646	5.45833115	5.3333312	18540487
2022-04-25	5.2499979	5.2499979	5.4999978	5.4166645	14044445
2022-04-26	5.54166445	5.3333312	5.62499775	5.3333312	13145045
2022-04-27	5.1666646	5.12499795	5.37499785	5.2499979	6672002
2022-04-28	5.29166455	5.29166455	5.5833311	5.5833311	15373326
2022-04-29	5.4999978	5.3333312	5.62499775	5.37499785	8133003
2022-05-03	5.37499785	4.8333314	5.37499785	4.95833135	12707045
2022-05-05	5.04166465	4.9166647	5.0833313	4.95833135	2317560
2022-05-06	4.87499805	4.70833145	4.9166647	4.8333314	4282321
2022-05-09	4.7499981	4.4166649	4.7499981	4.45833155	6969242
2022-05-10	4.45833155	4.45833155	4.6666648	4.6666648	6299882
2022-05-11	4.62499815	4.4999982	4.6666648	4.4999982	3726001
2022-05-12	4.4999982	4.29166495	4.54166485	4.29166495	4858441
2022-05-13	4.3333316	4.29166495	4.4166649	4.29166495	1717920
2022-05-17	4.37499825	4.29166495	4.45833155	4.4166649	1673040
2022-05-18	4.4166649	4.4166649	4.5833315	4.54166485	2162160
2022-05-19	4.4166649	4.37499825	4.54166485	4.45833155	1658400
2022-05-20	4.45833155	4.4166649	4.4999982	4.45833155	891360
2022-05-23	4.54166485	4.45833155	4.54166485	4.45833155	476640
2022-05-24	4.4166649	4.4166649	4.4999982	4.45833155	872160
2022-05-25	4.4166649	4.37499825	4.4999982	4.4166649	1767840
2022-05-26	4.37499825	4.37499825	4.4999982	4.45833155	1384800
2022-05-27	4.4999982	4.45833155	4.62499815	4.4999982	2938681
2022-05-30	4.54166485	4.4999982	4.54166485	4.4999982	1173240
2022-05-31	4.4999982	4.4166649	4.54166485	4.4166649	1691760
2022-06-01	4.4999982	4.37499825	4.70833145	4.54166485	8450043
2022-06-02	4.4999982	4.45833155	4.5833315	4.4999982	1773120
2022-06-06	4.4999982	4.4166649	4.4999982	4.4166649	1003920
2022-06-07	4.4166649	4.37499825	4.4166649	4.37499825	842880
2022-06-08	4.37499825	4.37499825	4.45833155	4.4166649	467760
2022-06-09	4.4166649	4.3333316	4.45833155	4.4166649	1047120
2022-06-10	4.37499825	4.37499825	4.4166649	4.4166649	463920
2022-06-13	4.37499825	4.29166495	4.4166649	4.29166495	1605840
2022-06-14	4.3333316	4.29166495	4.37499825	4.29166495	542040
2022-06-15	4.37499825	4.29166495	4.4999982	4.3333316	1939680
2022-06-16	4.37499825	4.29166495	4.4999982	4.29166495	2012280
2022-06-17	4.3333316	4.20833165	4.3333316	4.3333316	1580760
2022-06-20	4.3333316	4.20833165	4.3333316	4.2499983	812160
2022-06-21	4.29166495	4.2499983	4.3333316	4.29166495	488640
2022-06-22	4.29166495	4.2499983	4.29166495	4.2499983	580200
2022-06-23	4.29166495	4.20833165	4.3333316	4.2499983	1128960
2022-06-24	4.2499983	4.166665	4.29166495	4.166665	1556640
2022-06-27	4.20833165	4.166665	4.2499983	4.166665	879480
2022-06-28	4.20833165	4.166665	4.2499983	4.20833165	457440
2022-06-29	4.20833165	4.166665	4.2499983	4.166665	395640
2022-06-30	4.20833165	4.11666502	4.20833165	4.11666502	1806840
2022-07-01	4.11666502	4.09999836	4.13333168	4.13333168	497280
2022-07-04	4.11666502	4.11666502	4.2499983	4.13333168	1397640
2022-07-05	4.13333168	4.03333172	4.166665	4.03333172	1115040
2022-07-06	4.06666504	3.89999844	4.06666504	3.9166651	1275720
2022-07-07	3.98333174	3.98333174	4.11666502	4.04999838	1440840
2022-07-08	4.06666504	3.98333174	4.11666502	3.98333174	610560
2022-07-11	3.94999842	3.94999842	4.01666506	3.98333174	411720
2022-07-12	3.96666508	3.89999844	4.01666506	3.94999842	995760
2022-07-14	3.93333176	3.89999844	3.98333174	3.9166651	369000
2022-07-15	3.93333176	3.88333178	3.96666508	3.94999842	619680
2022-07-18	3.94999842	3.94999842	4.01666506	3.96666508	406800
2022-07-19	3.94999842	3.88333178	3.96666508	3.9166651	349440
2022-07-20	3.93333176	3.9166651	3.96666508	3.9166651	308520
2022-07-21	3.89999844	3.88333178	3.93333176	3.93333176	263280
2022-07-22	3.9166651	3.9166651	3.94999842	3.93333176	309960
2022-07-25	3.9166651	3.9166651	4.20833165	4.04999838	3058681
2022-07-26	4.06666504	4.01666506	4.06666504	4.03333172	508920
2022-07-27	4.01666506	4.01666506	4.20833165	4.0833317	2567281
2022-08-01	4.11666502	4.09999836	4.14999834	4.14999834	604680
2022-08-02	4.14999834	4.11666502	4.166665	4.11666502	610080
2022-08-03	4.11666502	4.11666502	4.166665	4.14999834	513960
2022-08-04	4.166665	4.14999834	4.2499983	4.166665	1014960
2022-08-05	4.20833165	4.166665	4.20833165	4.20833165	458520
2022-08-08	4.2499983	4.166665	4.2499983	4.2499983	447720
2022-08-09	4.2499983	4.20833165	4.29166495	4.29166495	1188120
2022-08-10	4.166665	3.9999984	4.166665	4.0833317	2182680
2022-08-11	4.0833317	4.06666504	4.13333168	4.0833317	567360
2022-08-15	4.09999836	4.0833317	4.11666502	4.09999836	429240
2022-08-16	4.11666502	4.09999836	4.13333168	4.09999836	301800
2022-08-17	4.09999836	4.0833317	4.11666502	4.11666502	652080
2022-08-18	4.13333168	4.11666502	4.166665	4.166665	442320
2022-08-19	4.166665	4.09999836	4.20833165	4.09999836	1559520
2022-08-22	4.13333168	4.11666502	4.166665	4.13333168	606360
2022-08-23	4.14999834	4.13333168	4.166665	4.14999834	568920
2022-08-24	4.14999834	4.13333168	4.166665	4.13333168	766800
2022-08-25	4.166665	4.13333168	4.20833165	4.14999834	576480
2022-08-26	4.166665	4.14999834	4.2499983	4.20833165	1735200
2022-08-29	4.166665	4.13333168	4.166665	4.13333168	1045800
2022-08-30	4.13333168	4.11666502	4.166665	4.13333168	481560
2022-08-31	4.11666502	4.11666502	4.14999834	4.11666502	601320
2022-09-01	4.11666502	4.0833317	4.13333168	4.0833317	814560
2022-09-02	4.09999836	4.04999838	4.09999836	4.04999838	833280
2022-09-05	4.04999838	3.9999984	4.0833317	3.9999984	1050720
2022-09-06	4.01666506	4.01666506	4.06666504	4.01666506	815160
2022-09-07	4.06666504	4.03333172	4.3333316	4.3333316	5794922
2022-09-08	4.37499825	4.29166495	4.54166485	4.4999982	5754242
2022-09-09	4.54166485	4.4166649	4.62499815	4.4166649	6868562
2022-09-12	4.4166649	4.29166495	4.45833155	4.37499825	1616160
2022-09-13	4.45833155	4.37499825	4.4999982	4.4166649	2774401
2022-09-14	4.3333316	4.2499983	4.4166649	4.4166649	3184201
2022-09-15	4.4166649	4.29166495	4.4166649	4.3333316	1113600
2022-09-16	4.37499825	4.2499983	4.37499825	4.2499983	784440
2022-09-19	4.2499983	4.09999836	4.29166495	4.11666502	2289840
2022-09-20	4.13333168	4.11666502	4.14999834	4.13333168	509520
2022-09-21	4.14999834	4.0833317	4.14999834	4.09999836	925800
2022-09-22	4.09999836	4.04999838	4.11666502	4.11666502	868920
2022-09-23	4.0833317	4.06666504	4.11666502	4.0833317	557160
2022-09-26	4.04999838	4.03333172	4.0833317	4.03333172	1077840
2022-09-27	4.04999838	3.98333174	4.06666504	3.98333174	1447200
2022-09-28	3.96666508	3.9166651	3.98333174	3.94999842	1026720
2022-09-29	3.96666508	3.88333178	4.04999838	3.88333178	1266360
2022-09-30	3.88333178	3.84999846	3.9166651	3.88333178	622800
2022-10-03	3.86666512	3.81666514	3.89999844	3.81666514	803880
2022-10-04	3.8333318	3.8333318	3.88333178	3.8333318	312240
2022-10-05	3.84999846	3.84999846	3.9166651	3.89999844	328680
2022-10-06	3.89999844	3.89999844	3.93333176	3.93333176	292800
2022-10-07	3.86666512	3.86666512	3.94999842	3.88333178	482880
2022-10-10	3.86666512	3.8333318	3.88333178	3.8333318	207120
2022-10-11	3.8333318	3.79999848	3.88333178	3.79999848	335880
2022-10-12	3.79999848	3.78333182	3.8333318	3.79999848	375960
2022-10-17	3.79999848	3.78333182	3.81666514	3.79999848	146520
2022-10-18	3.79999848	3.78333182	3.86666512	3.86666512	414360
2022-10-19	3.88333178	3.86666512	3.96666508	3.9166651	1066920
2022-10-20	3.9166651	3.89999844	3.94999842	3.9166651	348120
2022-10-21	3.94999842	3.89999844	4.01666506	3.89999844	1408680
2022-10-25	3.93333176	3.88333178	3.94999842	3.88333178	469440
2022-10-26	3.94999842	3.88333178	3.94999842	3.89999844	184320
2022-10-27	3.89999844	3.88333178	3.9166651	3.89999844	183360
2022-10-28	3.9166651	3.88333178	3.94999842	3.89999844	135720
2022-10-31	3.9166651	3.88333178	3.96666508	3.88333178	296160
2022-11-01	3.88333178	3.88333178	3.94999842	3.89999844	156600
2022-11-02	3.9166651	3.89999844	3.93333176	3.89999844	162240
2022-11-03	3.89999844	3.88333178	3.9166651	3.9166651	198480
2022-11-04	3.9166651	3.9166651	3.94999842	3.93333176	327960
2022-11-07	3.94999842	3.89999844	3.94999842	3.9166651	172680
2022-11-08	3.9166651	3.9166651	3.94999842	3.93333176	256320
2022-11-09	3.93333176	3.89999844	3.93333176	3.93333176	303480
2022-11-10	3.93333176	3.9166651	4.01666506	3.96666508	934920
2022-11-11	3.9999984	3.94999842	3.9999984	3.94999842	744240
2022-11-14	3.9999984	3.88333178	3.9999984	3.9166651	511560
2022-11-15	3.9166651	3.88333178	3.93333176	3.88333178	440760
2022-11-16	3.89999844	3.88333178	3.93333176	3.9166651	283680
2022-11-17	3.93333176	3.9166651	3.96666508	3.9166651	143160
2022-11-18	3.9166651	3.89999844	3.94999842	3.89999844	244800
2022-11-21	3.89999844	3.81666514	3.94999842	3.86666512	996480
2022-11-22	3.88333178	3.8333318	3.88333178	3.8333318	467880
2022-11-23	3.76666516	3.76666516	3.88333178	3.78333182	541320
2022-11-24	3.81666514	3.76666516	3.8333318	3.78333182	533880
2022-11-25	3.78333182	3.7499985	3.79999848	3.7499985	475440
2022-11-28	3.7499985	3.7499985	3.78333182	3.7499985	330960
2022-11-29	3.76666516	3.7499985	3.78333182	3.7499985	330960
2022-11-30	3.78333182	3.7499985	3.78333182	3.76666516	169320
2022-12-01	3.78333182	3.7499985	3.78333182	3.76666516	148080
2022-12-02	3.76666516	3.73333184	3.78333182	3.73333184	574800
2022-12-06	3.76666516	3.73333184	3.76666516	3.73333184	108360
2022-12-07	3.73333184	3.71666518	3.76666516	3.71666518	283440
2022-12-08	3.73333184	3.71666518	3.73333184	3.71666518	183120
2022-12-09	3.71666518	3.71666518	3.7499985	3.71666518	114240
2022-12-13	3.71666518	3.64999854	3.71666518	3.64999854	798000
2022-12-14	3.64999854	3.63333188	3.6666652	3.64999854	276000
2022-12-15	3.64999854	3.63333188	3.6666652	3.63333188	182520
2022-12-16	3.63333188	3.63333188	3.68333186	3.64999854	105360
2022-12-19	3.64999854	3.61666522	3.64999854	3.61666522	121920
2022-12-20	3.61666522	3.5833319	3.63333188	3.5833319	303600
2022-12-21	3.5833319	3.56666524	3.63333188	3.56666524	181320
2022-12-22	3.56666524	3.56666524	3.59999856	3.56666524	156360
2022-12-23	3.56666524	3.46666528	3.5833319	3.46666528	911280
2022-12-26	3.4999986	3.4166653	3.4999986	3.43333196	741120
2022-12-27	3.48333194	3.44999862	3.4999986	3.46666528	215520
2022-12-28	3.46666528	3.46666528	3.63333188	3.51666526	1455840
2022-12-29	3.51666526	3.4999986	3.54999858	3.51666526	443280
2022-12-30	3.54999858	3.53333192	3.6666652	3.5833319	1477200
