Date	Price Open	Price Low	Price High	Price Close	Volume
2021-10-05	2.88	2.8	4.02	3.54	2129874400
2021-10-06	3.6	3.56	4.6	4.6	1277024300
2021-10-07	4.76	4.76	5.95	5.85	761412300
2021-10-08	6.5	6.25	7.45	6.75	693393600
2021-10-11	6.9	5.6	7.0	5.6	262935600
2021-10-12	5.6	5.3	6.6	6.55	517378800
2021-10-14	6.15	5.75	6.25	6.05	74815900
2021-10-15	6.0	5.5	6.15	5.65	28910900
2021-10-18	5.75	5.45	5.85	5.85	22323800
2021-10-19	5.8	5.55	5.85	5.6	10750300
2021-10-20	5.6	5.5	5.8	5.6	12632400
2021-10-21	5.55	5.5	5.65	5.6	6157800
2021-10-25	5.55	5.2	5.65	5.25	14235000
2021-10-26	5.3	5.2	5.45	5.35	12062000
2021-10-27	5.3	5.1	5.35	5.1	6484000
2021-10-28	5.1	4.9	5.15	4.94	13832900
2021-10-29	4.96	4.74	4.96	4.88	12778900
2021-11-01	4.94	4.94	5.2	5.15	19209600
2021-11-02	5.05	4.86	5.15	5.05	13314600
2021-11-03	5.15	5.1	5.85	5.6	159845900
2021-11-04	5.65	5.4	5.8	5.4	55034700
2021-11-05	5.45	5.1	5.45	5.1	22666400
2021-11-08	4.92	4.8	4.96	4.92	15759900
2021-11-09	4.86	4.86	4.96	4.92	3665600
2021-11-10	4.94	4.94	5.25	5.2	11502600
2021-11-11	5.25	5.0	5.25	5.05	5461900
2021-11-12	5.05	5.0	5.15	5.1	4148300
2021-11-15	5.1	4.96	5.15	5.05	5582200
2021-11-16	5.0	4.9	5.5	5.4	19273200
2021-11-17	5.45	5.15	5.55	5.55	19812000
2021-11-18	5.45	5.45	5.75	5.7	17614300
2021-11-19	5.7	5.5	5.7	5.5	8154500
2021-11-22	5.5	5.25	5.6	5.45	9630300
2021-11-23	5.5	5.45	6.35	6.25	80523700
2021-11-24	6.25	6.05	6.5	6.4	36399800
2021-11-25	6.4	5.4	6.45	5.7	86309900
2021-11-26	5.85	5.55	5.9	5.75	42989500
2021-11-29	5.6	5.5	5.8	5.7	10623100
2021-11-30	5.7	5.5	5.75	5.6	10678000
2021-12-01	5.65	5.5	6.0	5.9	28379100
2021-12-02	5.8	5.75	6.2	6.1	35116800
2021-12-03	6.1	5.9	6.2	6.0	18495200
2021-12-07	5.95	5.5	6.1	5.8	32557600
2021-12-08	5.8	5.6	5.85	5.7	12630800
2021-12-09	5.65	5.65	5.8	5.8	8849700
2021-12-13	5.85	5.7	5.9	5.85	10522300
2021-12-14	5.8	5.8	6.0	5.9	14487000
2021-12-15	5.95	5.85	6.2	6.0	36766900
2021-12-16	6.0	5.95	6.15	6.1	15067100
2021-12-17	6.1	5.75	6.3	6.1	43450600
2021-12-20	6.4	6.0	6.4	6.0	45161300
2021-12-21	6.1	5.85	6.15	5.9	13709700
2021-12-22	5.95	5.85	6.05	6.0	9547000
2021-12-23	6.0	5.9	6.05	6.0	8505900
2021-12-24	6.0	5.85	6.15	5.9	17777100
2021-12-27	5.9	5.65	5.9	5.65	15732400
2021-12-28	5.65	5.5	5.8	5.55	16294200
2021-12-29	5.6	5.2	5.6	5.4	15087100
2021-12-30	5.4	5.35	5.65	5.6	17203600
2022-01-04	5.7	5.6	5.8	5.7	13256400
2022-01-05	5.75	5.6	5.75	5.7	5678500
2022-01-06	5.65	5.5	5.75	5.65	12598800
2022-01-07	5.7	5.6	5.8	5.7	7442800
2022-01-10	5.65	5.55	5.8	5.6	11620300
2022-01-11	5.65	5.4	5.7	5.4	22537200
2022-01-12	5.5	5.4	5.6	5.45	12466500
2022-01-13	5.5	5.35	5.5	5.35	9913200
2022-01-14	5.4	5.2	5.4	5.2	12076200
2022-01-17	5.45	5.4	5.75	5.65	43992400
2022-01-18	5.6	5.45	5.7	5.45	11431600
2022-01-19	5.5	5.4	5.6	5.5	7937500
2022-01-20	5.55	5.3	5.6	5.35	6160900
2022-01-21	5.3	5.2	5.4	5.35	4303400
2022-01-24	5.4	5.3	5.55	5.3	11042500
2022-01-25	5.3	4.94	5.35	5.05	15554900
2022-01-26	5.1	5.0	5.15	5.0	3444500
2022-01-27	5.05	4.94	5.1	5.0	5649500
2022-01-28	5.0	4.98	5.15	5.0	3841100
2022-01-31	5.05	4.96	5.05	4.98	3085800
2022-02-01	5.0	5.0	5.1	5.05	2208900
2022-02-02	5.1	5.05	5.4	5.35	10881900
2022-02-03	5.3	5.2	5.45	5.2	6495000
2022-02-04	5.2	5.1	5.25	5.15	2755000
2022-02-07	5.15	5.0	5.15	5.1	5732800
2022-02-08	5.05	5.0	5.1	5.05	3705600
2022-02-09	5.2	5.05	5.2	5.05	4802300
2022-02-10	5.05	4.96	5.1	5.0	4296300
2022-02-11	5.0	4.98	5.05	5.0	2577800
2022-02-14	5.0	4.76	5.0	4.76	11965900
2022-02-15	4.84	4.8	4.96	4.82	2407100
2022-02-17	4.88	4.76	5.05	4.8	5869600
2022-02-18	4.82	4.76	4.9	4.78	5900100
2022-02-21	4.8	4.5	4.86	4.54	8508900
2022-02-22	4.5	4.34	4.52	4.38	10254100
2022-02-23	4.38	4.38	4.56	4.46	6984400
2022-02-24	4.46	4.24	4.46	4.26	5002000
2022-02-25	4.28	4.28	4.6	4.32	4805200
2022-02-28	4.38	4.3	4.44	4.3	3677600
2022-03-01	4.34	4.32	4.44	4.36	4184100
2022-03-02	4.38	4.3	4.38	4.3	2597100
2022-03-03	4.38	4.28	4.38	4.3	1402300
2022-03-04	4.3	4.22	4.32	4.24	2166700
2022-03-07	4.1	3.82	4.2	3.86	7646200
2022-03-08	3.88	3.5	4.0	3.7	6862400
2022-03-09	3.72	3.7	3.96	3.96	3700200
2022-03-10	4.06	3.9	4.06	3.96	1851700
2022-03-11	3.96	3.9	3.98	3.98	748500
2022-03-14	3.98	3.96	4.46	4.24	12597000
2022-03-15	4.24	4.0	4.3	4.0	6458400
2022-03-16	4.06	4.02	4.1	4.06	1745700
2022-03-17	4.08	4.08	4.2	4.14	2668600
2022-03-18	4.16	4.08	4.2	4.1	1099500
2022-03-21	4.16	4.04	4.16	4.04	1562300
2022-03-22	4.1	4.04	4.1	4.1	552900
2022-03-23	4.1	4.06	4.42	4.24	14883200
2022-03-24	4.22	4.22	4.96	4.56	109895300
2022-03-25	4.64	4.46	4.68	4.46	23963800
2022-03-28	4.42	4.42	4.76	4.64	15487500
2022-03-29	4.74	4.62	4.88	4.64	15538500
2022-03-30	4.68	4.62	4.72	4.62	4033700
2022-03-31	4.68	4.54	4.7	4.56	3152500
2022-04-01	4.66	4.66	5.3	4.96	122680800
2022-04-04	5.05	4.98	5.3	5.25	31684900
2022-04-05	5.25	5.05	5.5	5.3	39014900
2022-04-07	5.2	4.5	5.2	4.6	66508600
2022-04-08	4.66	4.58	4.74	4.64	12850500
2022-04-11	4.52	4.3	4.52	4.34	8021100
2022-04-12	4.26	4.26	4.44	4.36	2914100
2022-04-18	4.34	4.34	4.48	4.44	2242000
2022-04-19	4.44	4.44	4.64	4.6	6751600
2022-04-20	4.68	4.6	4.7	4.62	4089300
2022-04-21	4.66	4.62	4.78	4.72	8402600
2022-04-22	4.68	4.48	4.78	4.66	5343800
2022-04-25	4.6	4.58	4.72	4.64	3216500
2022-04-26	4.68	4.52	4.68	4.54	2174700
2022-04-27	4.52	4.5	4.6	4.56	1695700
2022-04-28	4.58	4.5	4.66	4.66	3534500
2022-04-29	4.64	4.6	4.72	4.66	6581300
2022-05-03	4.68	4.4	4.96	4.44	80110800
2022-05-05	4.48	4.26	4.62	4.28	10848500
2022-05-06	4.06	4.06	4.28	4.16	4776100
2022-05-09	4.26	4.16	4.38	4.24	6142200
2022-05-10	4.2	4.16	4.34	4.28	4191500
2022-05-11	4.32	4.18	4.32	4.2	1900900
2022-05-12	4.24	4.08	4.26	4.1	2082800
2022-05-13	4.18	4.02	4.2	4.06	3109400
2022-05-17	4.16	4.12	4.26	4.2	3006700
2022-05-18	4.2	4.16	4.32	4.32	4680600
2022-05-19	4.16	4.12	4.26	4.16	3823600
2022-05-20	4.22	4.2	4.3	4.2	4215000
2022-05-23	4.22	4.18	4.28	4.2	3726000
2022-05-24	4.2	4.16	4.22	4.18	1183600
2022-05-25	4.2	4.18	4.38	4.26	11609400
2022-05-26	4.28	4.24	4.3	4.26	2253600
2022-05-27	4.3	4.22	4.3	4.22	1564500
2022-05-30	4.26	4.26	4.36	4.32	3760600
2022-05-31	4.34	4.26	4.34	4.3	1723900
2022-06-01	4.3	4.28	4.4	4.28	3802500
2022-06-02	4.28	4.18	4.28	4.22	3546500
2022-06-06	4.22	4.14	4.22	4.18	1299600
2022-06-07	4.2	4.16	4.22	4.16	1208600
2022-06-08	4.2	4.18	4.26	4.2	1609800
2022-06-09	4.2	4.16	4.24	4.2	1414800
2022-06-10	4.18	4.16	4.28	4.22	3339900
2022-06-13	4.16	4.04	4.18	4.06	2022100
2022-06-14	4.02	4.02	4.12	4.08	729800
2022-06-15	4.08	4.04	4.18	4.04	758700
2022-06-16	4.04	3.9	4.12	3.9	3401000
2022-06-17	3.82	3.74	4.0	3.8	2576800
2022-06-20	3.76	3.68	3.9	3.78	3237700
2022-06-21	3.86	3.8	3.94	3.84	3302300
2022-06-22	3.84	3.72	3.88	3.72	1640200
2022-06-23	3.76	3.74	3.88	3.78	1230400
2022-06-24	3.84	3.74	3.84	3.76	607400
2022-06-27	3.82	3.78	3.88	3.82	1815200
2022-06-28	3.86	3.82	3.96	3.92	2118200
2022-06-29	3.96	3.84	4.02	3.9	1610200
2022-06-30	3.9	3.78	3.9	3.82	1467400
2022-07-01	3.78	3.78	3.9	3.86	644700
2022-07-04	3.86	3.74	3.9	3.8	437600
2022-07-05	3.86	3.62	3.86	3.62	1490100
2022-07-06	3.6	3.42	3.68	3.5	1311500
2022-07-07	3.52	3.52	3.76	3.56	1167200
2022-07-08	3.68	3.54	3.92	3.66	5353700
2022-07-11	3.66	3.66	3.84	3.76	1427600
2022-07-12	3.8	3.72	3.8	3.74	523100
2022-07-14	3.78	3.72	3.88	3.76	1697600
2022-07-15	3.78	3.62	3.78	3.68	1072900
2022-07-18	3.66	3.66	3.76	3.74	822400
2022-07-19	3.7	3.64	3.7	3.68	787800
2022-07-20	3.72	3.66	3.72	3.68	663900
2022-07-21	3.64	3.64	3.7	3.68	325300
2022-07-22	3.68	3.64	3.74	3.68	1132400
2022-07-25	3.64	3.62	3.7	3.66	646300
2022-07-26	3.66	3.62	3.8	3.64	4232100
2022-07-27	3.64	3.62	3.7	3.64	1727700
2022-08-01	3.68	3.64	3.76	3.68	3795900
2022-08-02	3.68	3.68	3.78	3.68	5557500
2022-08-03	3.72	3.64	3.76	3.68	4497100
2022-08-04	3.7	3.68	3.86	3.8	13384800
2022-08-05	3.84	3.82	4.28	3.98	76397700
2022-08-08	4.0	3.92	4.06	3.92	9744300
2022-08-09	3.96	3.92	4.1	3.96	14166400
2022-08-10	3.96	3.94	4.04	3.96	4126000
2022-08-11	4.0	3.8	4.02	3.88	4344500
2022-08-15	3.9	3.86	4.04	4.0	6098800
2022-08-16	4.02	3.96	4.12	4.0	11953200
2022-08-17	4.0	4.0	4.12	4.08	8502300
2022-08-18	4.1	4.04	4.14	4.06	4431000
2022-08-19	4.08	4.04	4.18	4.08	13484200
2022-08-22	4.08	4.04	4.18	4.04	7246400
2022-08-23	4.02	4.02	4.1	4.04	3382400
2022-08-24	4.02	3.96	4.08	4.0	5845300
2022-08-25	4.02	4.02	4.12	4.04	5440100
2022-08-26	4.06	3.98	4.1	4.0	2826000
2022-08-29	3.92	3.9	4.0	3.96	2588500
2022-08-30	3.96	3.92	4.06	4.06	3567100
2022-08-31	4.06	3.94	4.08	3.96	1963000
2022-09-01	3.96	3.8	4.0	3.8	4198700
2022-09-02	3.82	3.68	3.9	3.74	2284100
2022-09-05	3.74	3.72	3.84	3.8	990600
2022-09-06	3.84	3.82	3.94	3.84	2202800
2022-09-07	3.86	3.8	3.88	3.82	1231500
2022-09-08	3.82	3.78	3.88	3.78	986600
2022-09-09	3.8	3.8	3.86	3.84	831800
2022-09-12	3.84	3.82	3.88	3.84	963800
2022-09-13	3.88	3.86	4.04	4.0	9470800
2022-09-14	3.94	3.92	4.1	4.08	4413700
2022-09-15	4.12	4.0	4.14	4.0	5352300
2022-09-16	4.0	3.86	4.02	3.88	2509900
2022-09-19	3.86	3.8	3.94	3.8	1660300
2022-09-20	3.82	3.82	4.0	4.0	3435100
2022-09-21	3.98	3.92	4.5	4.06	40426500
2022-09-22	4.04	4.02	4.26	4.08	22113000
2022-09-23	4.08	4.06	4.2	4.1	10007800
2022-09-26	4.08	3.94	4.1	3.94	7290600
2022-09-27	3.96	3.84	4.0	3.84	3758800
2022-09-28	3.8	3.72	3.84	3.74	3026800
2022-09-29	3.8	3.7	3.88	3.74	3101800
2022-09-30	3.76	3.74	3.92	3.76	2381400
2022-10-03	3.8	3.7	3.86	3.74	2080400
2022-10-04	3.78	3.74	3.8	3.76	2251800
2022-10-05	3.78	3.78	3.86	3.8	1368400
2022-10-06	3.82	3.78	3.86	3.78	695800
2022-10-07	3.78	3.76	3.8	3.78	440900
2022-10-10	3.74	3.68	3.76	3.72	1460100
2022-10-11	3.72	3.7	3.8	3.7	1045500
2022-10-12	3.72	3.6	3.72	3.64	1520200
2022-10-17	3.64	3.54	3.64	3.58	1114700
2022-10-18	3.6	3.6	3.74	3.7	2591800
2022-10-19	3.68	3.66	3.76	3.66	1177800
2022-10-20	3.64	3.64	3.76	3.66	1317500
2022-10-21	3.7	3.66	3.78	3.68	4747200
2022-10-25	3.7	3.62	3.72	3.64	1111400
2022-10-26	3.66	3.64	3.72	3.64	2209500
2022-10-27	3.68	3.62	3.68	3.62	1103900
2022-10-28	3.64	3.6	3.7	3.62	974800
2022-10-31	3.64	3.62	3.68	3.62	1009000
2022-11-01	3.64	3.62	3.68	3.66	1311300
2022-11-02	3.7	3.5	3.72	3.5	8019300
2022-11-03	3.5	3.5	3.64	3.56	2619300
2022-11-04	3.58	3.56	3.62	3.56	997600
2022-11-07	3.58	3.52	3.62	3.56	1193800
2022-11-08	3.56	3.56	3.64	3.6	1084700
2022-11-09	3.76	3.76	4.1	3.9	65827400
2022-11-10	3.86	3.8	3.94	3.82	8029000
2022-11-11	3.84	3.68	3.88	3.72	6332600
2022-11-14	3.72	3.66	3.84	3.76	8507200
2022-11-15	3.76	3.7	3.8	3.74	2060000
2022-11-16	3.84	3.7	3.84	3.72	1790800
2022-11-17	3.72	3.66	3.8	3.78	2713500
2022-11-18	3.78	3.7	3.82	3.7	1887900
2022-11-21	3.7	3.66	3.72	3.7	1210500
2022-11-22	3.68	3.66	3.8	3.68	3351900
2022-11-23	3.7	3.62	3.78	3.66	6090100
2022-11-24	3.66	3.6	3.7	3.62	2232100
2022-11-25	3.6	3.52	3.66	3.58	3962900
2022-11-28	3.54	3.54	3.62	3.58	1112500
2022-11-29	3.58	3.56	3.66	3.62	1959000
2022-11-30	3.62	3.58	3.64	3.6	919600
2022-12-01	3.62	3.58	3.64	3.58	1101800
2022-12-02	3.58	3.5	3.6	3.6	1828700
2022-12-06	3.6	3.52	3.62	3.52	1926200
2022-12-07	3.54	3.46	3.56	3.48	2326300
2022-12-08	3.48	3.46	3.52	3.48	706300
2022-12-09	3.5	3.48	3.54	3.5	611800
2022-12-13	3.48	3.38	3.52	3.38	2474800
2022-12-14	3.38	3.2	3.44	3.22	6951800
2022-12-15	3.22	3.2	3.26	3.24	1720800
2022-12-16	3.22	3.2	3.24	3.22	747000
2022-12-19	3.22	3.06	3.22	3.1	4081500
2022-12-20	3.1	3.02	3.12	3.04	1355500
2022-12-21	3.06	3.04	3.08	3.04	724700
2022-12-22	3.06	3.04	3.08	3.04	614500
2022-12-23	3.08	3.08	3.22	3.12	3898600
2022-12-26	3.12	3.12	3.22	3.14	1497700
2022-12-27	3.14	3.14	3.22	3.18	658300
2022-12-28	3.22	3.18	3.24	3.2	453900
2022-12-29	3.2	3.18	3.22	3.2	633000
2022-12-30	3.2	3.2	3.3	3.24	1967700
