Date	Price Open	Price Low	Price High	Price Close	Volume
2000-01-04	17.25	17.0	17.5	17.25	6852600.0
2000-01-05	16.0	15.25	16.25	15.25	9663500.0
2000-01-06	15.25	14.5	15.5	14.5	9036300.0
2000-01-07	14.75	13.75	14.75	14.5	14793700.0
2000-01-10	15.25	14.5	15.25	14.75	11135200.0
2000-01-11	14.75	14.25	14.75	14.25	3558500.0
2000-01-12	14.0	14.0	14.5	14.5	5381000.0
2000-01-13	14.25	14.0	14.5	14.0	2107900.0
2000-01-14	14.25	14.25	15.0	14.75	5407900.0
2000-01-17	15.25	15.0	15.75	15.25	4038800.0
2000-01-18	15.25	15.25	16.0	16.0	4588600.0
2000-01-19	15.75	15.5	16.5	16.5	12420300.0
2000-01-20	16.75	16.5	17.25	16.5	3947000.0
2000-01-21	16.0	15.0	16.5	15.25	3095700.0
2000-01-24	15.25	14.5	15.5	14.75	4734500.0
2000-01-25	14.5	14.25	15.25	15.25	3051800.0
2000-01-26	15.25	14.5	15.25	14.5	2524300.0
2000-01-27	14.5	14.5	15.0	14.75	1101100.0
2000-01-28	14.75	14.5	14.75	14.5	1507200.0
2000-01-31	14.25	14.25	15.0	14.5	1697300.0
2000-02-01	14.75	14.0	14.75	14.0	5218500.0
2000-02-02	14.25	13.75	14.5	13.75	4308200.0
2000-02-03	13.75	13.0	14.0	13.25	4338300.0
2000-02-04	13.25	13.25	13.75	13.75	1866300.0
2000-02-07	13.75	13.25	13.75	13.75	647500.0
2000-02-08	13.75	12.75	13.75	12.75	2063300.0
2000-02-09	12.75	12.5	13.0	12.5	4362000.0
2000-02-10	12.25	11.75	12.5	11.75	12535700.0
2000-02-11	12.0	11.75	12.25	11.75	2221500.0
2000-02-14	11.75	11.75	12.25	12.0	1286100.0
2000-02-15	11.75	11.25	12.0	11.25	9650900.0
2000-02-16	11.5	11.25	11.75	11.5	2323900.0
2000-02-17	11.5	10.75	11.5	10.75	5205100.0
2000-02-18	10.75	10.5	11.0	10.75	6161100.0
2000-02-22	10.5	9.7	10.75	9.7	11148700.0
2000-02-23	9.9	9.7	10.5	10.25	6782500.0
2000-02-24	10.25	9.9	10.5	9.9	4144600.0
2000-02-25	9.9	9.8	10.0	10.0	3941500.0
2000-02-28	9.8	9.2	9.8	9.4	2702100.0
2000-02-29	9.6	8.7	9.6	8.8	3192400.0
2000-03-01	9.2	8.1	9.2	8.4	4852000.0
2000-03-02	8.6	8.6	10.25	10.0	12152200.0
2000-03-03	10.25	9.5	10.5	9.6	9702700.0
2000-03-06	9.6	8.6	9.6	8.7	3468300.0
2000-03-07	8.6	8.1	9.0	8.4	12661900.0
2000-03-08	8.1	8.1	8.9	8.9	4655800.0
2000-03-09	9.0	8.6	9.0	8.9	6415400.0
2000-03-10	9.0	9.0	9.9	9.7	8452200.0
2000-03-13	9.4	9.0	9.6	9.1	3419100.0
2000-03-14	9.2	9.1	9.4	9.3	3058600.0
2000-03-15	9.2	8.9	9.4	8.9	5225800.0
2000-03-16	9.1	8.9	9.2	8.9	1585300.0
2000-03-17	9.3	8.8	9.3	8.8	3507900.0
2000-03-20	9.0	8.6	9.0	8.7	2498400.0
2000-03-21	8.8	8.7	9.0	8.8	3367400.0
2000-03-22	8.9	8.4	8.9	8.5	5211700.0
2000-03-23	8.6	8.4	8.8	8.7	7347500.0
2000-03-24	9.0	8.8	10.25	9.4	20975800.0
2000-03-27	9.8	9.7	10.25	9.7	12530800.0
2000-03-28	9.7	9.7	10.5	10.25	15355900.0
2000-03-29	10.25	9.6	10.25	9.7	10105600.0
2000-03-30	9.7	8.9	9.7	9.1	6884800.0
2000-03-31	9.1	9.1	9.4	9.3	3191000.0
2000-04-03	9.3	9.3	9.4	9.3	381000.0
2000-04-04	9.2	9.0	9.3	9.3	907200.0
2000-04-05	9.3	9.3	9.7	9.4	1787500.0
2000-04-07	9.4	9.4	9.9	9.8	3702700.0
2000-04-10	9.8	9.7	10.0	9.8	5268400.0
2000-04-11	9.7	9.6	9.8	9.6	2713300.0
2000-04-12	9.7	9.7	10.75	10.5	8693600.0
2000-04-17	9.3	9.2	9.5	9.3	9247600.0
2000-04-18	9.6	9.1	9.7	9.1	8285800.0
2000-04-19	9.3	9.2	9.3	9.2	2776900.0
2000-04-20	9.3	9.2	9.4	9.3	989000.0
2000-04-21	9.4	9.2	9.4	9.4	766100.0
2000-04-24	9.3	9.2	9.5	9.3	1606900.0
2000-04-25	9.3	9.1	9.3	9.2	1367200.0
2000-04-26	9.3	9.1	9.3	9.1	1072900.0
2000-04-27	9.2	9.1	9.3	9.1	707600.0
2000-04-28	9.3	9.0	9.3	9.1	1682700.0
2000-05-02	9.2	9.1	9.2	9.2	924800.0
2000-05-03	9.1	8.8	9.1	8.8	1183200.0
2000-05-04	8.7	8.7	8.9	8.8	932000.0
2000-05-08	8.8	8.1	8.8	8.1	2760500.0
2000-05-09	8.1	7.6	8.2	7.6	6075800.0
2000-05-10	7.5	7.1	7.5	7.1	9474800.0
2000-05-11	7.0	6.9	7.2	7.2	7401000.0
2000-05-12	7.3	7.2	7.4	7.4	4742000.0
2000-05-15	7.4	7.0	7.4	7.0	2158700.0
2000-05-16	7.1	7.1	7.4	7.4	2448500.0
2000-05-18	7.1	6.9	7.1	7.1	4990400.0
2000-05-19	7.1	7.1	7.3	7.2	4355000.0
2000-05-22	7.0	6.8	7.0	6.8	4558400.0
2000-05-23	6.8	6.4	6.8	6.4	5278800.0
2000-05-24	6.2	6.1	6.4	6.4	2135200.0
2000-05-25	6.5	5.8	6.5	5.8	5408600.0
2000-05-26	5.7	5.6	6.0	6.0	5277200.0
2000-05-29	6.0	5.8	6.1	5.8	3319400.0
2000-05-30	5.9	5.6	6.0	5.7	3142700.0
2000-05-31	5.9	5.9	6.2	6.2	7270900.0
2000-06-01	6.1	6.0	6.3	6.2	5702600.0
2000-06-02	6.4	6.3	6.8	6.7	12326800.0
2000-06-05	6.9	6.8	7.1	6.9	7112400.0
2000-06-06	6.8	6.6	6.8	6.8	2273900.0
2000-06-07	6.8	6.7	7.1	6.8	4339800.0
2000-06-08	6.9	6.5	6.9	6.7	909900.0
2000-06-09	6.6	6.5	6.8	6.5	1251900.0
2000-06-12	6.6	6.5	6.6	6.5	813000.0
2000-06-13	6.4	6.3	6.4	6.4	1145500.0
2000-06-14	6.3	6.3	6.5	6.4	2023000.0
2000-06-15	6.4	6.4	6.8	6.7	5132000.0
2000-06-16	6.7	6.6	6.7	6.6	1513700.0
2000-06-19	6.5	6.5	6.7	6.6	2739200.0
2000-06-20	6.7	6.6	6.7	6.6	2170400.0
2000-06-21	6.5	6.5	6.6	6.5	737300.0
2000-06-22	6.7	6.1	6.7	6.2	2395300.0
2000-06-23	6.1	5.9	6.2	6.0	2916600.0
2000-06-26	6.1	5.9	6.1	6.0	2191000.0
2000-06-27	6.0	5.9	6.1	5.9	451400.0
2000-06-28	6.0	5.9	6.1	5.9	1108100.0
2000-06-29	5.9	5.6	5.9	5.6	2525200.0
2000-06-30	5.7	5.5	5.8	5.6	1750500.0
2000-07-03	5.7	5.3	5.7	5.3	1956900.0
2000-07-04	5.3	5.2	5.4	5.4	2297000.0
2000-07-05	5.4	5.3	5.4	5.4	2232800.0
2000-07-06	5.3	5.3	5.4	5.4	2126500.0
2000-07-07	5.4	5.4	5.5	5.5	2896300.0
2000-07-10	5.6	5.5	5.7	5.6	3696900.0
2000-07-11	5.6	5.6	5.6	5.6	983000.0
2000-07-12	5.6	5.5	5.6	5.5	666200.0
2000-07-13	5.5	5.4	5.5	5.5	592000.0
2000-07-14	5.4	5.1	5.4	5.3	4752000.0
2000-07-18	5.1	5.1	5.4	5.4	992000.0
2000-07-19	5.3	5.3	5.4	5.4	365200.0
2000-07-20	5.3	5.1	5.3	5.1	660300.0
2000-07-21	5.1	5.1	5.4	5.3	1418900.0
2000-07-24	5.1	4.9	5.1	5.1	2810500.0
2000-07-25	5.0	4.7	5.0	4.9	3749700.0
2000-07-26	4.9	4.7	4.9	4.8	1054300.0
2000-07-27	4.6	4.5	4.7	4.6	5441800.0
2000-07-28	4.6	4.6	4.8	4.7	2498800.0
2000-07-31	4.5	4.5	4.7	4.6	1659200.0
2000-08-01	4.6	4.6	4.8	4.8	2070800.0
2000-08-02	4.7	4.7	5.6	5.6	16717300.0
2000-08-03	5.5	5.5	7.0	6.8	27864200.0
2000-08-04	6.9	6.3	6.9	6.3	13875900.0
2000-08-07	6.4	6.2	6.8	6.5	10044400.0
2000-08-08	6.7	6.7	7.3	7.2	18728400.0
2000-08-09	7.4	6.8	7.4	6.8	10989400.0
2000-08-10	7.0	6.3	7.0	6.5	10946600.0
2000-08-11	6.4	6.4	6.7	6.6	8199600.0
2000-08-15	6.8	6.7	6.9	6.7	8721600.0
2000-08-16	6.7	6.5	6.8	6.7	6063000.0
2000-08-17	6.7	6.3	6.8	6.4	21853400.0
2000-08-18	6.4	6.3	6.6	6.5	6382300.0
2000-08-21	6.5	6.1	6.5	6.1	3272300.0
2000-08-22	6.1	6.1	6.5	6.4	2260600.0
2000-08-23	6.4	5.8	6.4	5.8	6009100.0
2000-08-24	5.8	5.5	5.9	5.6	3937100.0
2000-08-25	5.6	5.4	5.7	5.4	7385000.0
2000-08-28	5.4	5.2	5.4	5.2	2208400.0
2000-08-29	5.3	5.2	5.9	5.9	5952900.0
2000-08-30	5.7	5.6	6.1	5.7	12566800.0
2000-08-31	5.7	5.5	5.8	5.7	6989500.0
2000-09-01	5.8	5.7	5.9	5.7	5054900.0
2000-09-04	5.8	5.7	5.8	5.7	3781000.0
2000-09-05	5.7	5.6	5.7	5.6	4234200.0
2000-09-06	5.6	5.3	5.6	5.3	3870800.0
2000-09-07	5.3	5.2	5.3	5.2	2872700.0
2000-09-08	5.3	5.2	5.3	5.2	1144000.0
2000-09-11	5.1	5.0	5.2	5.1	3691800.0
2000-09-12	5.1	5.0	5.2	5.0	3778300.0
2000-09-13	5.0	5.0	5.4	5.4	9450300.0
2000-09-14	5.3	5.0	5.3	5.1	10653600.0
2000-09-15	5.1	5.1	5.4	5.4	9500500.0
2000-09-18	5.2	5.1	5.2	5.1	5433500.0
2000-09-19	5.1	5.1	5.2	5.1	5810400.0
2000-09-20	5.2	4.9	5.2	5.0	5735600.0
2000-09-21	4.9	4.9	5.1	5.0	2359000.0
2000-09-22	5.0	4.9	5.0	4.9	3205400.0
2000-09-25	5.1	5.0	5.1	5.1	2684900.0
2000-09-26	5.2	5.2	5.4	5.3	9055200.0
2000-09-27	5.3	5.3	5.4	5.4	6808400.0
2000-09-28	5.4	5.1	5.5	5.1	8205700.0
2000-09-29	5.1	5.0	5.2	5.0	11826000.0
2000-10-02	5.0	5.0	5.1	5.0	5663800.0
2000-10-03	5.0	5.0	5.1	5.0	4049700.0
2000-10-04	5.0	5.0	5.1	5.0	5207700.0
2000-10-05	5.1	5.0	5.2	5.0	6675600.0
2000-10-06	5.0	4.9	5.1	5.1	2069200.0
2000-10-09	5.0	4.9	5.0	4.9	3719100.0
2000-10-10	4.9	4.8	4.9	4.9	4844100.0
2000-10-11	4.8	4.8	4.9	4.8	3421000.0
2000-10-12	4.8	4.7	5.0	4.9	5671500.0
2000-10-13	4.8	4.7	4.9	4.7	12373800.0
2000-10-16	4.9	4.7	4.9	4.7	6015400.0
2000-10-17	4.8	4.7	4.8	4.7	4975400.0
2000-10-18	4.8	4.7	5.0	4.9	16585700.0
2000-10-19	5.0	4.9	5.3	5.2	18707800.0
2000-10-20	5.4	5.0	5.4	5.0	10662400.0
2000-10-24	5.0	4.9	5.1	4.9	8581400.0
2000-10-25	5.0	4.9	5.1	4.9	2614500.0
2000-10-26	4.9	4.9	5.1	5.0	4500500.0
2000-10-27	5.0	4.9	5.0	4.9	1509500.0
2000-10-30	5.0	4.8	5.0	4.8	1690200.0
2000-10-31	4.9	4.9	5.0	4.9	3729600.0
2000-11-01	5.0	4.9	5.1	5.0	3849700.0
2000-11-02	5.0	4.9	5.1	4.9	3378600.0
2000-11-03	5.0	5.0	5.2	5.1	9523700.0
2000-11-06	5.1	5.1	5.5	5.3	18529900.0
2000-11-07	5.4	5.2	5.4	5.4	10339200.0
2000-11-08	5.4	5.4	6.0	6.0	29738600.0
2000-11-09	5.8	5.7	5.9	5.7	15753700.0
2000-11-10	5.8	5.7	6.2	6.0	28895300.0
2000-11-13	5.9	5.7	6.0	5.7	13646000.0
2000-11-14	5.8	5.7	5.9	5.8	7103000.0
2000-11-15	5.9	5.7	6.0	5.7	11138800.0
2000-11-16	5.7	5.7	5.8	5.8	3575400.0
2000-11-17	5.8	5.8	6.0	6.0	9143300.0
2000-11-20	6.0	6.0	6.4	6.1	25745400.0
2000-11-21	6.1	6.1	6.4	6.4	14603000.0
2000-11-22	6.4	6.0	6.4	6.0	11097400.0
2000-11-23	5.9	5.9	6.0	6.0	3207300.0
2000-11-24	6.1	6.1	6.3	6.2	5195400.0
2000-11-27	6.2	6.1	6.3	6.1	2857400.0
2000-11-28	6.2	6.0	6.2	6.1	3773600.0
2000-11-29	6.1	6.0	6.1	6.0	3313900.0
2000-11-30	6.0	5.9	6.1	5.9	2661800.0
2000-12-01	5.8	5.7	5.9	5.9	2591900.0
2000-12-04	5.8	5.8	5.9	5.8	2506700.0
2000-12-06	5.9	5.9	6.0	5.9	4851500.0
2000-12-07	5.8	5.8	5.9	5.8	1369400.0
2000-12-08	5.8	5.8	6.2	6.1	4959200.0
2000-12-12	6.1	5.9	6.1	5.9	1066600.0
2000-12-13	6.0	5.9	6.1	6.0	3440900.0
2000-12-14	6.0	5.9	6.0	5.9	3462300.0
2000-12-15	5.9	5.9	6.0	5.9	4568600.0
2000-12-18	5.9	5.9	6.0	5.9	755500.0
2000-12-19	5.9	5.8	5.9	5.8	1960300.0
2000-12-20	5.8	5.8	5.9	5.8	998100.0
2000-12-21	5.8	5.5	5.8	5.5	8574300.0
2000-12-22	5.6	5.5	5.6	5.5	1561000.0
2000-12-25	5.6	5.5	5.6	5.5	1238700.0
2000-12-26	5.5	5.4	5.6	5.5	704800.0
2000-12-27	5.5	5.5	5.5	5.5	273000.0
2000-12-28	5.5	5.5	5.6	5.5	1187600.0
2000-12-29	5.5	5.5	5.6	5.5	419400.0
2001-01-03	5.5	5.4	5.6	5.4	2639000.0
2001-01-04	5.6	5.5	5.7	5.7	7722100.0
2001-01-05	5.7	5.7	6.0	6.0	8969600.0
2001-01-08	6.2	6.1	7.0	6.8	32996500.0
2001-01-09	6.9	6.9	8.1	7.7	59211200.0
2001-01-10	7.7	7.5	7.9	7.5	22703200.0
2001-01-11	7.5	7.4	8.8	8.3	61807000.0
2001-01-12	8.6	8.6	10.25	9.5	96326300.0
2001-01-15	9.7	9.4	9.9	9.4	70986800.0
2001-01-16	9.5	8.9	9.5	9.1	38055700.0
2001-01-17	9.1	9.1	9.9	9.8	68814800.0
2001-01-18	10.25	9.5	10.75	9.8	48488700.0
2001-01-19	10.0	9.3	10.0	9.5	35114700.0
2001-01-22	9.5	9.4	10.5	10.5	27816700.0
2001-01-23	10.5	10.0	10.75	10.5	53108800.0
2001-01-24	10.75	10.0	11.5	11.25	47588400.0
2001-01-25	11.25	11.0	12.0	11.5	30140400.0
2001-01-26	12.0	11.0	12.75	11.0	39750400.0
2001-01-29	11.25	10.5	11.5	10.5	16304900.0
2001-01-30	10.75	10.0	11.25	10.0	22900800.0
2001-01-31	10.0	9.9	11.0	10.75	22288900.0
2001-02-01	10.5	10.5	11.75	10.75	18884300.0
2001-02-02	11.0	10.5	11.25	11.0	15057500.0
2001-02-05	10.75	10.25	11.0	10.5	5701600.0
2001-02-06	10.75	9.9	10.75	9.9	10788000.0
2001-02-07	10.0	10.0	10.25	10.0	6381300.0
2001-02-09	10.25	9.7	10.5	9.8	15793000.0
2001-02-12	9.8	9.2	9.8	9.4	10184100.0
2001-02-13	9.5	9.4	10.0	10.0	8394700.0
2001-02-14	9.8	9.3	10.25	9.3	12160400.0
2001-02-15	9.4	9.0	9.4	9.2	8645200.0
2001-02-16	9.2	9.2	9.5	9.3	7945100.0
2001-02-19	9.2	8.8	9.2	8.9	5632500.0
2001-02-20	8.9	8.7	9.0	8.8	9670600.0
2001-02-21	8.8	8.7	9.1	8.7	10601700.0
2001-02-22	8.6	8.4	8.7	8.6	10572300.0
2001-02-23	8.7	8.7	9.9	9.8	31844200.0
2001-02-26	10.25	9.5	10.5	9.5	32359000.0
2001-02-27	9.8	9.6	9.9	9.9	18604700.0
2001-02-28	9.9	9.8	10.5	10.0	16379300.0
2001-03-01	10.0	9.4	10.25	9.5	13823100.0
2001-03-02	9.4	8.6	9.4	8.7	42020000.0
2001-03-05	8.3	8.2	8.5	8.4	12786200.0
2001-03-06	8.6	8.1	8.6	8.1	9349900.0
2001-03-07	8.2	8.2	8.6	8.5	15178400.0
2001-03-08	8.5	8.0	8.6	8.1	17549000.0
2001-03-09	8.2	8.2	8.7	8.5	30205200.0
2001-03-12	8.3	8.3	8.9	8.7	28684600.0
2001-03-13	8.5	8.1	8.5	8.4	34176100.0
2001-03-14	8.5	8.1	8.5	8.1	16224700.0
2001-03-15	7.8	7.7	8.1	8.0	18724400.0
2001-03-16	7.9	7.7	8.0	7.7	7202400.0
2001-03-19	7.7	7.6	7.8	7.7	4299100.0
2001-03-20	7.8	7.7	7.8	7.8	3689700.0
2001-03-21	7.6	7.5	8.0	7.9	14361900.0
2001-03-22	7.7	7.6	7.8	7.6	15715800.0
2001-03-23	7.7	7.5	7.8	7.5	19759600.0
2001-03-26	7.6	7.6	7.7	7.7	8921500.0
2001-03-27	7.8	7.5	7.8	7.5	7937300.0
2001-03-28	7.6	7.2	7.7	7.3	6638900.0
2001-03-29	7.2	7.0	7.3	7.3	8482300.0
2001-03-30	7.3	7.1	7.4	7.2	5538300.0
2001-04-02	7.1	7.0	7.2	7.1	8626100.0
2001-04-03	7.0	7.0	7.4	7.0	22867100.0
2001-04-04	6.9	6.7	6.9	6.8	7778500.0
2001-04-05	6.8	6.6	6.9	6.9	4663500.0
2001-04-09	6.8	6.7	7.0	6.8	4797000.0
2001-04-10	6.8	6.7	6.9	6.9	3473900.0
2001-04-11	7.0	6.8	7.1	6.9	13312200.0
2001-04-12	6.9	6.9	8.2	8.0	43663700.0
2001-04-17	8.0	7.7	8.1	7.8	23919800.0
2001-04-18	8.0	8.0	8.8	8.6	70551900.0
2001-04-19	9.0	8.4	9.2	8.5	63661300.0
2001-04-20	8.7	8.1	8.7	8.2	23580500.0
2001-04-23	8.2	8.1	8.4	8.2	10346500.0
2001-04-24	8.2	8.2	8.9	8.9	43090900.0
2001-04-25	8.7	8.3	8.9	8.4	32888000.0
2001-04-26	8.6	8.4	8.9	8.5	36469800.0
2001-04-27	8.5	8.2	8.5	8.2	12223800.0
2001-04-30	8.4	8.3	8.6	8.5	12046800.0
2001-05-02	8.6	8.3	8.7	8.3	10808400.0
2001-05-03	8.4	8.2	8.4	8.3	5419700.0
2001-05-04	8.2	8.2	8.7	8.6	10959300.0
2001-05-09	8.6	8.4	8.7	8.6	8195300.0
2001-05-10	8.8	8.5	8.8	8.6	21019800.0
2001-05-11	8.7	8.5	9.7	9.3	65913500.0
2001-05-14	9.3	8.9	9.4	8.9	32109700.0
2001-05-15	9.1	8.9	9.4	9.2	23300900.0
2001-05-16	9.1	8.5	9.2	8.6	21517500.0
2001-05-17	8.7	8.6	9.1	8.9	27045800.0
2001-05-18	8.9	8.5	8.9	8.5	7684400.0
2001-05-21	8.6	8.3	8.7	8.4	8015600.0
2001-05-22	8.5	8.4	8.7	8.6	23519900.0
2001-05-23	8.7	8.6	9.3	9.1	56289800.0
2001-05-24	9.0	9.0	9.6	9.5	39313500.0
2001-05-25	9.7	9.4	9.9	9.4	40970600.0
2001-05-28	9.5	9.5	10.25	10.0	23348500.0
2001-05-29	10.0	9.3	10.25	9.6	31707900.0
2001-05-30	9.5	9.3	9.7	9.3	25010500.0
2001-05-31	9.2	9.1	9.5	9.3	15537700.0
2001-06-01	9.4	9.4	9.8	9.7	26811200.0
2001-06-04	9.9	9.7	10.25	10.0	18142800.0
2001-06-05	10.0	9.5	10.25	9.5	23600400.0
2001-06-06	9.7	9.2	9.7	9.2	7006600.0
2001-06-07	9.2	9.2	9.5	9.3	6167400.0
2001-06-08	9.4	9.4	9.8	9.8	8516600.0
2001-06-11	9.7	9.6	9.8	9.7	6505400.0
2001-06-12	9.7	9.7	10.0	9.8	16495300.0
2001-06-13	9.9	9.8	11.0	10.5	22577800.0
2001-06-14	10.5	10.5	11.75	11.25	22251900.0
2001-06-15	11.25	10.5	11.5	10.75	17441200.0
2001-06-18	10.75	10.0	11.0	10.25	14710500.0
2001-06-19	10.25	10.0	10.5	10.25	6300800.0
2001-06-20	10.25	9.8	10.25	9.9	8286200.0
2001-06-21	10.0	9.6	10.0	9.6	18909800.0
2001-06-22	9.6	9.6	9.9	9.8	9337100.0
2001-06-25	9.9	9.8	9.9	9.9	4303600.0
2001-06-26	9.9	9.9	10.5	10.0	19906300.0
2001-06-27	10.0	9.7	10.25	10.0	20491000.0
2001-06-28	10.0	9.8	10.25	9.9	14006000.0
2001-06-29	10.0	9.9	10.25	9.9	8704300.0
2001-07-02	10.0	9.8	10.0	9.9	2424200.0
2001-07-03	9.9	9.9	10.25	10.0	8983000.0
2001-07-04	10.0	10.0	10.5	10.0	5875800.0
2001-07-05	10.25	9.8	10.25	9.9	7749700.0
2001-07-09	9.7	9.6	9.8	9.7	3482300.0
2001-07-10	9.7	9.4	9.8	9.5	4628300.0
2001-07-11	9.5	9.0	9.5	9.1	13994100.0
2001-07-12	9.2	8.8	9.2	8.9	5976200.0
2001-07-13	9.1	8.9	9.1	8.9	7194700.0
2001-07-16	9.0	8.9	9.3	9.0	10636500.0
2001-07-17	9.0	8.9	9.2	9.1	7122900.0
2001-07-18	9.2	9.0	9.4	9.2	5778700.0
2001-07-19	9.3	9.1	9.4	9.1	5971100.0
2001-07-20	9.2	8.7	9.2	8.7	3257000.0
2001-07-23	8.8	8.3	8.8	8.4	12266300.0
2001-07-24	8.4	8.3	8.7	8.5	7252700.0
2001-07-25	8.6	8.6	8.9	8.9	7108800.0
2001-07-26	9.0	8.5	9.0	8.5	7426200.0
2001-07-27	8.6	8.5	8.6	8.6	3393500.0
2001-07-30	8.3	8.1	8.4	8.4	17614200.0
2001-07-31	8.4	8.3	8.5	8.3	8455800.0
2001-08-01	8.3	8.3	8.8	8.6	16009300.0
2001-08-02	8.7	8.7	8.9	8.8	9736300.0
2001-08-03	8.9	8.9	10.0	9.8	48901900.0
2001-08-06	10.0	9.4	10.25	9.6	26993700.0
2001-08-07	9.6	9.5	9.8	9.5	15140200.0
2001-08-08	9.6	9.5	9.7	9.6	6380300.0
2001-08-09	9.6	9.3	9.7	9.4	8224500.0
2001-08-10	9.4	9.0	9.4	9.1	9024600.0
2001-08-14	9.2	9.1	9.4	9.3	8802900.0
2001-08-15	9.3	9.3	9.6	9.6	14482100.0
2001-08-16	9.5	9.3	9.6	9.4	11279700.0
2001-08-17	9.5	9.5	9.9	9.9	19355100.0
2001-08-20	9.7	9.5	9.8	9.5	11475900.0
2001-08-21	9.6	9.4	9.7	9.5	13280100.0
2001-08-22	9.5	9.4	9.7	9.6	9552800.0
2001-08-23	9.7	9.5	9.8	9.5	8604500.0
2001-08-24	9.5	9.5	10.25	10.25	30842400.0
2001-08-27	10.5	10.25	11.5	11.0	57280600.0
2001-08-28	10.75	10.25	11.0	10.5	27919800.0
2001-08-29	10.5	10.25	11.0	10.75	31249000.0
2001-08-30	10.5	10.0	10.75	10.25	19657000.0
2001-08-31	10.25	10.0	10.75	10.5	8963000.0
2001-09-03	10.75	10.75	11.25	10.75	21934000.0
2001-09-04	11.0	10.5	11.0	10.5	11573900.0
2001-09-05	10.75	10.5	10.75	10.75	9191000.0
2001-09-06	10.75	10.75	11.25	11.0	11630200.0
2001-09-07	10.75	10.75	11.5	11.5	35177600.0
2001-09-10	11.25	10.25	11.25	10.5	25171100.0
2001-09-11	10.5	10.0	10.5	10.25	8601700.0
2001-09-13	9.1	9.0	9.2	9.1	32988500.0
2001-09-14	9.0	7.4	9.1	8.1	43347100.0
2001-09-17	7.5	7.3	8.1	7.9	13704100.0
2001-09-18	8.6	7.7	8.6	7.9	22417100.0
2001-09-19	8.2	8.0	8.3	8.3	12509900.0
2001-09-20	8.0	7.9	8.3	7.9	7216100.0
2001-09-21	7.7	7.5	7.7	7.7	5445400.0
2001-09-24	7.6	7.6	8.0	7.9	9047400.0
2001-09-25	8.1	7.6	8.2	7.6	14375900.0
2001-09-26	7.7	7.6	7.8	7.8	6767700.0
2001-09-27	7.8	7.7	7.9	7.8	6627500.0
2001-09-28	7.9	7.8	8.0	8.0	6010300.0
2001-10-01	8.0	7.9	8.0	8.0	1883000.0
2001-10-02	7.9	7.9	8.4	8.3	7390100.0
2001-10-03	8.3	8.1	8.4	8.2	7398600.0
2001-10-04	8.5	8.4	8.9	8.8	12039100.0
2001-10-05	8.8	8.6	8.9	8.8	6186200.0
2001-10-08	8.5	8.5	8.8	8.7	4184700.0
2001-10-09	8.8	8.8	9.1	9.0	7349100.0
2001-10-10	9.0	8.9	9.2	9.0	4243300.0
2001-10-11	9.3	9.2	9.5	9.5	12610300.0
2001-10-12	9.6	9.3	9.6	9.3	6503800.0
2001-10-15	9.3	9.1	9.3	9.1	464900.0
2001-10-16	9.3	9.2	9.4	9.4	880300.0
2001-10-17	9.4	9.3	9.7	9.6	3979300.0
2001-10-18	9.4	9.3	9.6	9.3	7349700.0
2001-10-19	9.3	8.5	9.4	8.7	20773300.0
2001-10-22	8.7	8.6	8.8	8.8	2949200.0
2001-10-24	8.9	8.8	9.4	9.3	11857600.0
2001-10-25	9.3	8.9	9.3	8.9	3522900.0
2001-10-26	9.0	8.9	9.1	9.0	2301400.0
2001-10-29	9.0	8.9	9.0	8.9	1188000.0
2001-10-30	8.8	8.6	8.8	8.7	681700.0
2001-10-31	8.7	8.7	8.8	8.7	2958900.0
2001-11-01	8.7	8.5	8.7	8.5	1674800.0
2001-11-02	8.6	8.3	8.7	8.3	4335400.0
2001-11-05	8.3	8.15	8.3	8.15	631000.0
2001-11-06	8.2	8.2	8.25	8.2	739400.0
2001-11-07	8.2	7.85	8.2	7.9	2113700.0
2001-11-08	7.95	7.9	8.25	8.25	8002600.0
2001-11-09	8.2	8.1	8.25	8.15	3467800.0
2001-11-12	8.2	8.2	8.55	8.55	3709700.0
2001-11-13	8.45	8.35	8.45	8.35	3471500.0
2001-11-14	8.45	8.3	8.45	8.3	3122500.0
2001-11-15	8.3	8.3	8.6	8.35	3199200.0
2001-11-16	8.4	8.4	8.8	8.75	6118600.0
2001-11-19	8.8	8.8	9.35	9.3	11855800.0
2001-11-20	9.4	9.4	10.1	10.0	19943700.0
2001-11-21	10.1	10.1	10.9	10.8	17121000.0
2001-11-22	10.7	10.1	10.7	10.3	15596800.0
2001-11-23	10.4	10.1	10.5	10.1	10991100.0
2001-11-26	10.4	10.1	10.6	10.1	5846400.0
2001-11-27	10.3	10.3	11.0	10.7	15100800.0
2001-11-28	10.4	10.3	10.7	10.6	7359800.0
2001-11-29	10.5	10.5	11.1	11.0	6319000.0
2001-11-30	11.1	10.7	11.3	10.7	8842700.0
2001-12-03	10.8	10.5	11.0	10.5	7128200.0
2001-12-04	10.6	10.4	10.8	10.5	7400000.0
2001-12-06	10.9	10.7	11.3	10.9	12998800.0
2001-12-07	11.1	10.4	11.1	10.5	8021000.0
2001-12-11	10.4	9.7	10.7	9.8	11131500.0
2001-12-12	9.85	9.6	10.1	9.95	27875300.0
2001-12-13	9.85	9.15	9.85	9.25	24212300.0
2001-12-14	9.25	9.25	9.55	9.5	11690800.0
2001-12-17	9.55	9.45	9.7	9.5	6403800.0
2001-12-18	9.65	9.4	9.7	9.4	4420800.0
2001-12-19	9.55	9.55	9.85	9.8	6114000.0
2001-12-20	9.8	9.8	10.3	10.2	12885700.0
2001-12-21	10.1	9.7	10.3	9.85	7514700.0
2001-12-24	9.95	9.9	10.7	10.6	15278200.0
2001-12-25	10.8	10.3	10.8	10.3	6610700.0
2001-12-26	10.5	10.5	11.2	10.8	18711000.0
2001-12-27	10.9	10.3	11.0	10.4	9151300.0
2001-12-28	10.5	10.4	10.8	10.6	2546700.0
2002-01-02	10.6	10.5	11.1	11.1	9685900.0
2002-01-03	11.1	11.1	12.2	11.9	41506100.0
2002-01-04	12.1	11.5	12.2	11.6	25480400.0
2002-01-07	11.8	11.4	12.0	11.5	17843800.0
2002-01-08	11.2	11.0	11.8	11.5	17371300.0
2002-01-09	11.8	11.0	11.8	11.0	11051000.0
2002-01-10	11.1	11.1	12.0	11.9	20257800.0
2002-01-11	12.1	11.8	12.2	11.8	15586600.0
2002-01-14	11.8	11.8	13.5	13.2	35435500.0
2002-01-15	13.4	13.4	14.0	13.6	35885800.0
2002-01-16	13.8	13.7	14.8	14.1	23651400.0
2002-01-17	13.9	13.3	13.9	13.8	34665100.0
2002-01-18	13.8	13.3	13.8	13.4	16778700.0
2002-01-21	13.4	12.3	13.4	12.6	13281600.0
2002-01-22	12.8	12.8	13.6	13.6	13499400.0
2002-01-23	13.5	13.5	14.4	14.4	21534500.0
2002-01-24	14.6	14.0	14.6	14.3	20373200.0
2002-01-25	14.6	14.2	15.2	14.5	26546000.0
2002-01-28	14.4	14.4	14.8	14.7	6297600.0
2002-01-29	14.8	14.6	15.1	14.8	21021900.0
2002-01-30	14.6	14.5	14.9	14.8	13171700.0
2002-01-31	15.1	15.1	15.7	15.3	32062200.0
2002-02-01	15.5	14.6	15.6	14.6	6244900.0
2002-02-04	14.5	14.5	15.1	14.7	5326900.0
2002-02-05	14.7	14.7	15.2	15.0	17719000.0
2002-02-06	15.0	14.7	15.2	15.1	9123000.0
2002-02-07	15.2	14.7	15.4	14.7	5846200.0
2002-02-08	14.9	14.8	15.1	14.9	4144000.0
2002-02-11	14.9	14.9	15.4	15.2	5448700.0
2002-02-12	15.4	15.0	15.5	15.1	2612600.0
2002-02-13	15.2	15.2	15.8	15.5	12761200.0
2002-02-14	15.6	15.5	15.8	15.6	10719000.0
2002-02-15	15.6	15.6	16.4	16.0	12670700.0
2002-02-18	16.1	15.9	16.6	16.2	12673300.0
2002-02-19	16.4	16.4	17.1	16.9	15164500.0
2002-02-20	16.7	16.5	17.4	17.2	9281500.0
2002-02-21	17.3	16.2	17.4	16.2	6632100.0
2002-02-22	16.2	14.2	16.2	14.4	19935900.0
2002-02-25	14.6	14.6	15.4	15.4	9304800.0
2002-02-27	15.7	15.7	16.7	16.7	9993600.0
2002-02-28	16.8	16.2	17.0	16.6	4711100.0
2002-03-01	16.8	16.8	17.3	17.1	5158700.0
2002-03-04	17.5	17.5	18.4	18.3	5374900.0
2002-03-05	18.3	17.4	18.3	17.4	8449100.0
2002-03-06	17.6	17.5	18.0	17.8	5606500.0
2002-03-07	17.9	17.0	18.1	17.5	6204800.0
2002-03-08	17.8	17.6	18.0	17.7	4624700.0
2002-03-11	17.5	17.1	17.5	17.2	2280500.0
2002-03-12	17.4	16.8	17.5	16.8	1318900.0
2002-03-13	17.0	16.2	17.0	16.4	2346400.0
2002-03-14	16.3	16.2	16.7	16.7	4241400.0
2002-03-15	16.5	16.0	16.5	16.0	2068600.0
2002-03-18	16.1	16.0	16.3	16.1	3156200.0
2002-03-19	16.3	16.0	16.3	16.1	3321200.0
2002-03-20	16.2	15.8	16.6	16.5	10296500.0
2002-03-21	16.3	16.2	16.6	16.5	7656400.0
2002-03-22	16.7	16.4	16.7	16.5	1552700.0
2002-03-25	16.5	16.0	16.7	16.1	878300.0
2002-03-26	16.3	15.5	16.3	15.5	3802000.0
2002-03-27	15.6	14.7	15.6	15.1	5059000.0
2002-03-28	15.1	14.3	15.5	14.7	8319300.0
2002-03-29	14.8	14.3	15.0	14.5	1122400.0
2002-04-01	14.6	14.5	15.8	15.7	6029200.0
2002-04-02	15.7	15.1	15.9	15.1	3988300.0
2002-04-03	15.1	14.0	15.1	14.1	8405500.0
2002-04-04	14.2	14.0	14.5	14.1	9011400.0
2002-04-05	14.3	14.2	14.8	14.7	13849100.0
2002-04-09	14.9	14.7	15.3	15.0	18439500.0
2002-04-10	15.1	14.5	15.3	14.8	15871800.0
2002-04-11	15.0	14.9	15.7	15.5	15982000.0
2002-04-12	15.3	15.2	15.7	15.6	17074700.0
2002-04-17	16.0	15.9	18.3	17.7	30104100.0
2002-04-18	17.8	17.2	18.1	18.1	10189600.0
2002-04-19	17.6	16.2	17.7	16.7	24211400.0
2002-04-22	16.8	16.0	16.8	16.0	15683100.0
2002-04-23	16.0	15.3	16.1	15.5	18437000.0
2002-04-24	15.3	15.3	16.0	15.8	17907400.0
2002-04-25	15.6	14.8	15.7	14.8	13587000.0
2002-04-26	15.1	14.5	15.2	14.8	13821200.0
2002-04-29	14.5	14.1	14.6	14.2	11776300.0
2002-04-30	14.3	14.3	15.3	15.2	14187200.0
2002-05-02	15.4	14.6	15.5	14.6	8574400.0
2002-05-03	14.8	14.5	15.0	15.0	9879800.0
2002-05-07	14.7	14.6	14.9	14.8	10425800.0
2002-05-08	15.1	15.1	16.0	16.0	19858500.0
2002-05-09	16.4	15.9	16.4	16.0	19381800.0
2002-05-10	16.1	15.3	16.1	15.4	7795200.0
2002-05-13	15.5	15.5	16.0	15.9	7579300.0
2002-05-14	16.1	15.6	16.1	16.0	8739400.0
2002-05-15	16.0	15.4	16.2	15.5	12330100.0
2002-05-16	15.5	15.2	15.7	15.5	9048100.0
2002-05-17	15.5	15.5	16.0	15.9	9072600.0
2002-05-20	15.8	15.2	15.9	15.5	13401100.0
2002-05-21	15.4	15.4	16.0	15.8	16905700.0
2002-05-22	15.9	15.9	16.6	16.3	25274100.0
2002-05-23	16.4	16.2	17.3	17.0	36072600.0
2002-05-24	17.1	16.6	17.3	16.8	18064200.0
2002-05-28	16.9	16.8	18.0	17.9	27315600.0
2002-05-29	17.9	17.9	19.5	19.3	37765200.0
2002-05-30	19.3	18.5	19.3	18.8	17086500.0
2002-05-31	18.7	18.5	19.7	19.2	24684900.0
2002-06-03	19.4	19.2	20.0	19.4	21900400.0
2002-06-04	19.3	18.6	19.5	18.8	12394300.0
2002-06-05	18.8	18.8	19.8	19.8	18787000.0
2002-06-06	19.9	19.5	20.1	19.5	20299500.0
2002-06-07	19.7	18.3	19.7	18.6	39664500.0
2002-06-10	18.7	18.6	19.1	18.7	12189400.0
2002-06-11	18.8	18.3	19.1	18.5	11953100.0
2002-06-12	18.5	18.5	19.2	18.6	15951000.0
2002-06-13	18.7	18.0	18.9	18.2	11511900.0
2002-06-14	18.4	17.6	18.5	17.6	11113300.0
2002-06-17	17.7	17.2	17.9	17.2	5512300.0
2002-06-18	17.5	17.1	17.8	17.7	3689200.0
2002-06-19	17.5	16.0	17.5	16.3	17940400.0
2002-06-20	16.3	16.2	17.3	17.3	14114200.0
2002-06-21	16.8	16.8	17.4	17.1	12543700.0
2002-06-24	16.9	16.7	17.2	16.8	9638700.0
2002-06-25	17.0	16.6	17.2	17.1	13481900.0
2002-06-26	16.7	15.3	16.8	15.5	18635800.0
2002-06-27	15.8	15.3	16.1	15.4	21496400.0
2002-06-28	15.7	15.7	16.2	16.0	13840200.0
2002-07-02	15.9	15.8	16.6	16.6	6233300.0
2002-07-03	16.5	16.5	17.0	16.8	9981100.0
2002-07-04	16.9	16.6	17.0	16.8	4458700.0
2002-07-05	17.0	16.9	17.4	17.2	14387200.0
2002-07-08	17.4	16.5	17.4	16.5	9754200.0
2002-07-09	16.6	16.4	16.9	16.9	6452000.0
2002-07-10	16.8	16.7	16.9	16.7	4407700.0
2002-07-11	16.6	16.5	17.4	16.8	20627700.0
2002-07-12	17.0	16.8	17.0	16.8	9863800.0
2002-07-15	16.9	16.7	17.1	16.8	4749800.0
2002-07-16	16.8	16.3	16.9	16.3	5582800.0
2002-07-17	16.3	16.1	16.5	16.5	3976500.0
2002-07-18	16.5	16.4	16.8	16.8	6173000.0
2002-07-19	16.6	16.5	16.8	16.5	6593200.0
2002-07-22	16.4	15.6	16.5	15.6	5773800.0
2002-07-23	15.7	15.7	16.1	16.0	5937300.0
2002-07-24	15.8	15.2	15.8	15.3	5848000.0
2002-07-26	15.3	14.4	15.3	14.5	12248700.0
2002-07-29	14.7	14.5	15.0	14.7	7441300.0
2002-07-30	15.2	15.0	15.4	15.1	13857200.0
2002-07-31	15.2	15.1	15.5	15.5	3426600.0
2002-08-01	15.5	15.4	15.7	15.5	5952000.0
2002-08-02	15.3	14.6	15.3	14.9	8278400.0
2002-08-05	14.8	13.7	14.8	13.8	16133700.0
2002-08-06	13.6	13.6	14.3	14.2	22185100.0
2002-08-07	14.6	14.5	15.3	15.1	15921700.0
2002-08-08	15.2	14.9	15.4	15.0	9774300.0
2002-08-09	15.3	15.3	15.9	15.8	8801100.0
2002-08-13	15.8	15.8	16.4	16.1	11897000.0
2002-08-14	16.0	15.9	16.5	16.5	8926800.0
2002-08-15	16.7	16.4	17.1	16.7	15486600.0
2002-08-16	16.8	16.5	16.9	16.9	8273800.0
2002-08-19	16.9	16.2	16.9	16.2	6759600.0
2002-08-20	16.5	16.4	16.8	16.6	8692600.0
2002-08-21	16.5	16.2	16.5	16.5	3162900.0
2002-08-22	16.6	16.3	16.7	16.3	4362900.0
2002-08-23	16.4	15.9	16.4	15.9	3581400.0
2002-08-26	15.7	15.7	16.0	16.0	2559100.0
2002-08-27	16.0	15.8	16.4	16.2	3659700.0
2002-08-28	16.2	15.9	16.7	16.0	9964000.0
2002-08-29	16.0	15.9	16.2	16.0	3138700.0
2002-08-30	16.1	15.7	16.2	15.8	4111200.0
2002-09-02	15.8	15.4	15.9	15.4	4568500.0
2002-09-03	15.3	15.3	15.7	15.4	4092200.0
2002-09-04	15.3	14.3	15.3	15.1	17942100.0
2002-09-05	15.0	14.6	15.0	14.6	5996200.0
2002-09-06	14.6	14.5	15.5	15.5	7338800.0
2002-09-09	15.3	15.0	15.4	15.0	4511600.0
2002-09-10	15.2	15.2	15.8	15.7	7129700.0
2002-09-11	15.6	15.3	15.7	15.7	4072100.0
2002-09-12	15.6	15.6	16.2	15.7	14800700.0
2002-09-13	15.4	15.3	15.6	15.3	5086000.0
2002-09-16	15.4	14.7	15.6	14.9	8724300.0
2002-09-17	15.4	15.3	15.9	15.8	11310400.0
2002-09-18	15.3	15.1	15.5	15.3	6712900.0
2002-09-19	15.4	15.1	15.6	15.1	4872900.0
2002-09-20	14.8	14.6	15.0	15.0	7886400.0
2002-09-23	14.8	14.7	14.9	14.7	3490400.0
2002-09-24	14.4	14.1	14.4	14.3	9664000.0
2002-09-25	14.0	13.6	14.3	14.2	13809000.0
2002-09-26	14.4	13.9	14.4	14.0	9891400.0
2002-09-27	14.2	14.1	14.5	14.2	8467400.0
2002-09-30	13.9	13.9	14.1	14.1	4293400.0
2002-10-01	14.2	14.1	14.3	14.3	3492200.0
2002-10-02	14.5	14.2	14.5	14.3	9168100.0
2002-10-03	14.3	14.2	14.5	14.3	2541000.0
2002-10-04	14.4	14.4	14.6	14.5	8218600.0
2002-10-07	14.2	13.8	14.2	13.8	5922900.0
2002-10-08	13.9	13.9	14.2	14.2	3396400.0
2002-10-09	14.1	14.0	14.3	14.0	4612100.0
2002-10-10	13.7	13.3	13.8	13.5	12404400.0
2002-10-11	13.7	13.1	13.7	13.1	6782400.0
2002-10-14	13.2	13.2	13.7	13.4	10357800.0
2002-10-15	13.5	13.4	13.8	13.8	5848000.0
2002-10-16	13.9	13.8	14.2	14.1	14470200.0
2002-10-17	14.2	14.0	14.4	14.4	7568100.0
2002-10-18	14.7	14.7	15.9	15.7	17974900.0
2002-10-21	15.7	15.5	15.8	15.7	6063900.0
2002-10-22	15.8	15.6	16.0	15.6	4193500.0
2002-10-24	15.8	15.7	16.3	16.2	11336200.0
2002-10-25	16.1	15.8	16.3	16.1	6044000.0
2002-10-28	16.3	16.3	16.9	16.8	5032300.0
2002-10-29	16.7	16.6	16.9	16.7	5701300.0
2002-10-30	16.8	16.7	17.1	16.9	5401600.0
2002-10-31	17.0	16.8	17.2	16.9	4399400.0
2002-11-01	17.0	16.6	17.0	16.6	2857500.0
2002-11-04	16.8	16.2	16.8	16.3	2762500.0
2002-11-05	16.4	15.8	16.4	16.2	4056200.0
2002-11-06	16.3	15.9	16.3	16.0	4474200.0
2002-11-07	16.0	15.7	17.1	16.8	12878800.0
2002-11-08	16.6	16.1	16.6	16.1	9699700.0
2002-11-11	16.0	15.9	16.1	16.0	3267100.0
2002-11-12	15.9	15.8	16.2	16.0	5022700.0
2002-11-13	16.0	15.9	16.1	15.9	1408600.0
2002-11-14	16.3	16.0	16.4	16.0	6072800.0
2002-11-15	16.3	16.3	16.6	16.6	5401600.0
2002-11-18	16.6	16.4	16.8	16.8	2046500.0
2002-11-19	16.7	16.4	17.0	16.4	6444300.0
2002-11-20	16.5	16.2	16.7	16.3	1914900.0
2002-11-21	16.6	16.5	16.9	16.8	6931500.0
2002-11-22	17.3	17.2	17.7	17.4	19585000.0
2002-11-25	17.4	17.1	17.8	17.3	8479900.0
2002-11-26	17.1	16.8	17.2	17.0	10500700.0
2002-11-27	16.9	16.9	17.2	16.9	10738000.0
2002-11-28	17.3	17.0	17.4	17.0	8897800.0
2002-11-29	17.0	16.6	17.0	16.6	4210300.0
2002-12-02	16.4	16.4	17.0	17.0	2580400.0
2002-12-03	16.8	16.4	17.0	16.6	5545100.0
2002-12-04	16.4	16.2	16.5	16.3	6877700.0
2002-12-06	16.2	16.2	16.9	16.8	4205700.0
2002-12-09	16.7	16.5	16.8	16.5	1038600.0
2002-12-11	16.5	16.5	16.8	16.8	2023500.0
2002-12-12	16.7	16.3	16.8	16.3	2010400.0
2002-12-13	16.2	16.0	16.3	16.1	2556400.0
2002-12-16	16.0	15.9	16.0	16.0	2913800.0
2002-12-17	16.1	15.6	16.1	15.6	1810800.0
2002-12-18	15.7	15.0	15.7	15.2	2846700.0
2002-12-19	15.1	14.9	15.1	15.0	4551200.0
2002-12-20	14.8	14.3	14.9	14.6	5607500.0
2002-12-23	14.6	14.5	14.9	14.5	2296000.0
2002-12-24	14.6	14.2	14.7	14.5	1274300.0
2002-12-25	14.5	14.5	14.7	14.7	1218400.0
2002-12-26	14.8	14.7	14.9	14.8	1172400.0
2002-12-27	14.8	14.7	15.0	14.8	2314800.0
2003-01-02	14.7	14.2	14.7	14.3	1721500.0
2003-01-03	14.6	14.2	14.6	14.6	12447200.0
2003-01-06	14.6	14.6	15.4	15.2	7105300.0
2003-01-07	15.4	15.1	15.5	15.3	10094700.0
2003-01-08	15.4	15.0	15.5	15.0	7283100.0
2003-01-09	14.9	14.4	14.9	14.5	12517800.0
2003-01-10	14.7	14.5	14.8	14.5	8089100.0
2003-01-13	14.6	14.5	15.2	15.2	9541100.0
2003-01-14	15.3	15.2	16.0	16.0	18121800.0
2003-01-15	16.1	15.9	16.4	16.1	14478100.0
2003-01-16	16.0	15.7	16.2	15.9	9719200.0
2003-01-17	16.1	15.7	16.2	16.0	6447500.0
2003-01-20	15.9	15.9	16.7	16.6	8616300.0
2003-01-21	16.7	16.5	16.9	16.9	11128700.0
2003-01-22	16.7	16.5	16.9	16.5	8927900.0
2003-01-23	16.5	16.5	16.8	16.8	5641700.0
2003-01-24	16.8	16.5	16.9	16.7	4983200.0
2003-01-27	16.6	16.4	16.7	16.5	7797600.0
2003-01-28	16.5	16.1	16.6	16.3	5212700.0
2003-01-29	16.3	15.3	16.5	15.6	5325500.0
2003-01-30	15.7	15.6	16.0	15.8	2254000.0
2003-01-31	15.7	15.6	15.8	15.8	806100.0
2003-02-03	15.8	15.7	15.9	15.9	504300.0
2003-02-04	15.9	15.9	16.2	16.2	2433800.0
2003-02-05	16.2	16.1	16.3	16.1	2276700.0
2003-02-06	16.1	16.1	16.7	16.6	5678800.0
2003-02-07	16.6	16.6	17.3	17.1	18362800.0
2003-02-10	16.9	16.4	16.9	16.5	3585500.0
2003-02-11	16.7	16.4	16.8	16.6	8325700.0
2003-02-12	16.6	16.5	16.8	16.6	1370400.0
2003-02-13	16.6	16.1	16.8	16.2	6976800.0
2003-02-14	16.1	15.3	16.1	15.4	6198100.0
2003-02-18	15.7	15.4	15.8	15.4	2485400.0
2003-02-19	15.6	15.6	15.8	15.6	2256700.0
2003-02-20	15.6	15.4	15.7	15.5	2194200.0
2003-02-21	15.5	14.8	15.5	15.0	3454700.0
2003-02-24	15.1	14.8	15.1	14.9	1765300.0
2003-02-25	14.8	14.5	14.8	14.7	2080400.0
2003-02-26	14.8	14.5	14.9	14.5	1139600.0
2003-02-27	14.5	14.4	14.8	14.6	5173600.0
2003-02-28	14.7	14.2	14.7	14.5	6832900.0
2003-03-03	14.6	14.6	14.9	14.8	6405300.0
2003-03-04	14.7	14.3	14.7	14.5	3069400.0
2003-03-05	14.4	14.0	14.4	14.1	3117100.0
2003-03-06	14.1	14.0	14.2	14.0	2382300.0
2003-03-07	13.9	13.7	14.2	14.0	3381200.0
2003-03-10	14.0	13.6	14.1	13.7	6068800.0
2003-03-11	13.6	13.6	14.1	14.0	1993200.0
2003-03-12	14.0	13.9	14.0	13.9	2014800.0
2003-03-13	14.0	13.9	14.2	14.1	1248200.0
2003-03-14	14.5	14.4	14.8	14.8	3537600.0
2003-03-17	14.4	14.3	14.7	14.6	2384400.0
2003-03-18	15.2	15.2	15.8	15.4	11243400.0
2003-03-19	15.2	15.0	15.5	15.2	5786100.0
2003-03-20	15.5	15.2	15.6	15.4	5942100.0
2003-03-21	15.4	15.2	15.4	15.2	1543200.0
2003-03-24	15.3	14.8	15.3	14.8	1037900.0
2003-03-25	14.6	14.6	15.0	14.7	2954600.0
2003-03-26	14.9	14.9	15.2	15.0	2164400.0
2003-03-27	14.9	14.7	15.0	14.8	1919300.0
2003-03-28	14.0	12.4	14.0	13.5	56112100.0
2003-03-31	13.0	11.9	13.1	12.0	46076300.0
2003-04-01	12.1	11.9	12.4	12.1	44341500.0
2003-04-02	12.0	12.0	12.5	12.4	17076400.0
2003-04-03	12.6	12.0	12.6	12.1	21931200.0
2003-04-04	12.1	12.1	12.7	12.6	26419300.0
2003-04-08	12.8	12.4	12.9	12.5	21326000.0
2003-04-09	12.5	12.3	12.7	12.4	11380400.0
2003-04-10	12.4	12.4	12.7	12.7	11137800.0
2003-04-11	13.0	12.8	13.5	13.4	27004100.0
2003-04-16	13.6	13.2	13.7	13.5	12048800.0
2003-04-17	13.4	13.0	13.5	13.1	8864700.0
2003-04-18	13.2	13.0	13.4	13.0	9590000.0
2003-04-21	13.1	13.0	13.3	13.0	4046300.0
2003-04-22	13.0	12.6	13.1	12.7	8836300.0
2003-04-23	12.7	12.6	12.8	12.6	3930600.0
2003-04-24	12.6	12.3	12.7	12.3	5305000.0
2003-04-25	12.1	12.0	12.3	12.2	11193400.0
2003-04-28	12.2	12.2	12.4	12.4	2894500.0
2003-04-29	12.6	12.3	12.6	12.3	11852800.0
2003-04-30	12.4	12.2	12.6	12.4	7363300.0
2003-05-02	12.5	12.3	12.5	12.3	2197100.0
2003-05-06	12.4	12.2	12.4	12.3	3026600.0
2003-05-07	12.4	12.3	12.6	12.4	11949800.0
2003-05-08	12.4	12.3	12.5	12.3	4316900.0
2003-05-09	12.4	12.4	12.9	12.9	9649200.0
2003-05-12	13.0	12.9	13.3	13.0	10146900.0
2003-05-13	13.3	13.0	13.3	13.0	5501000.0
2003-05-14	13.0	12.9	13.2	13.2	5764500.0
2003-05-16	13.2	12.9	13.2	13.0	1380200.0
2003-05-19	12.9	12.6	12.9	12.7	2795200.0
2003-05-20	12.6	12.6	12.7	12.7	1954700.0
2003-05-21	12.8	12.7	13.1	12.9	9576500.0
2003-05-22	13.0	12.8	13.0	13.0	3933400.0
2003-05-23	13.1	13.1	13.7	13.5	24420100.0
2003-05-26	13.9	13.7	14.1	14.1	23350400.0
2003-05-27	14.0	13.8	14.1	13.8	9498400.0
2003-05-28	14.0	13.9	14.1	13.9	13385600.0
2003-05-29	13.9	13.6	14.3	13.9	19014900.0
2003-05-30	13.9	13.6	14.1	13.8	7981700.0
2003-06-02	14.0	13.8	14.1	13.9	8854500.0
2003-06-03	13.9	13.7	13.9	13.8	3739700.0
2003-06-04	13.8	13.8	14.4	14.4	11985600.0
2003-06-05	14.7	14.2	14.9	14.2	18077000.0
2003-06-06	14.3	14.0	14.4	14.0	7620800.0
2003-06-09	14.0	13.9	14.4	14.4	4247300.0
2003-06-10	14.2	14.0	14.6	14.5	5155500.0
2003-06-11	14.4	14.2	14.4	14.3	3962900.0
2003-06-12	14.3	14.3	14.7	14.5	11336600.0
2003-06-13	14.6	14.4	14.9	14.5	5030400.0
2003-06-16	14.4	14.2	14.5	14.4	1961100.0
2003-06-17	14.5	14.5	14.8	14.6	15956100.0
2003-06-18	14.7	14.6	15.4	15.4	17953300.0
2003-06-19	15.2	15.2	15.8	15.7	7642600.0
2003-06-20	15.4	15.3	15.7	15.4	3701300.0
2003-06-23	15.4	15.4	16.0	15.9	10226400.0
2003-06-24	15.6	14.9	15.8	14.9	4689500.0
2003-06-25	15.0	14.6	15.0	14.8	2613200.0
2003-06-26	14.9	14.9	15.2	15.0	4478000.0
2003-06-27	15.2	15.0	15.4	15.2	3163400.0
2003-06-30	15.1	15.0	15.3	15.1	2028600.0
2003-07-02	15.4	15.0	16.0	16.0	6291500.0
2003-07-03	16.2	16.1	16.9	16.5	19407200.0
2003-07-04	16.5	16.2	17.0	16.5	10334700.0
2003-07-07	16.5	16.1	16.7	16.1	3197200.0
2003-07-08	16.3	16.1	16.6	16.3	5359600.0
2003-07-09	16.3	15.7	16.4	15.7	4710700.0
2003-07-10	15.7	15.3	15.8	15.4	3760600.0
2003-07-11	15.3	15.3	15.8	15.8	1973100.0
2003-07-15	15.9	15.9	16.4	16.4	5579300.0
2003-07-16	16.6	16.3	16.7	16.3	4329600.0
2003-07-17	16.5	16.0	16.5	16.0	2182100.0
2003-07-18	16.0	16.0	16.3	16.2	1532500.0
2003-07-21	16.5	16.0	16.5	16.0	3545500.0
2003-07-22	16.0	15.4	16.0	15.7	5171400.0
2003-07-23	15.8	15.3	15.8	15.3	3120800.0
2003-07-24	15.6	15.3	15.6	15.3	1092800.0
2003-07-25	15.4	15.3	15.6	15.6	2091000.0
2003-07-28	15.7	15.4	15.7	15.4	1695600.0
2003-07-29	15.3	14.9	15.4	15.0	2295200.0
2003-07-30	14.9	14.5	14.9	14.5	4473700.0
2003-07-31	14.6	14.4	15.0	15.0	8568400.0
2003-08-01	15.0	14.6	15.1	14.8	4980200.0
2003-08-04	14.8	14.6	14.9	14.7	3577000.0
2003-08-05	14.8	14.5	14.8	14.6	1095100.0
2003-08-06	14.5	14.2	14.5	14.3	2298600.0
2003-08-07	14.4	14.4	14.6	14.5	2801000.0
2003-08-08	14.6	14.6	14.8	14.7	3549500.0
2003-08-11	14.8	14.7	15.1	14.9	6394800.0
2003-08-13	15.2	15.1	15.7	15.6	6355000.0
2003-08-14	15.4	15.3	15.9	15.5	5095100.0
2003-08-15	15.6	15.4	15.7	15.7	1275400.0
2003-08-18	15.7	15.7	15.8	15.8	1082200.0
2003-08-19	15.9	15.9	16.4	16.4	5099900.0
2003-08-20	16.5	15.9	16.5	16.2	5160500.0
2003-08-21	16.1	16.0	16.4	16.2	8787100.0
2003-08-22	16.4	16.1	16.5	16.1	16838800.0
2003-08-25	16.1	15.4	16.2	15.5	8759000.0
2003-08-26	15.4	14.8	15.5	15.0	6086700.0
2003-08-27	15.0	14.7	15.0	14.7	4622600.0
2003-08-28	14.8	14.3	14.8	14.5	10340500.0
2003-08-29	14.7	14.6	14.8	14.7	2593400.0
2003-09-01	15.0	14.9	15.3	15.1	3330300.0
2003-09-02	15.4	15.2	15.7	15.4	3979400.0
2003-09-03	15.5	15.1	15.5	15.2	2118200.0
2003-09-04	15.3	14.9	15.4	15.2	2212100.0
2003-09-05	15.2	15.2	15.5	15.2	1794900.0
2003-09-08	15.2	14.7	15.3	15.0	6251400.0
2003-09-09	15.1	14.7	15.1	14.7	2216000.0
2003-09-10	14.7	14.4	14.7	14.5	6538800.0
2003-09-11	14.3	14.2	14.8	14.4	12227000.0
2003-09-12	14.5	14.4	15.1	15.0	19828700.0
2003-09-15	15.4	15.4	16.2	15.7	33406000.0
2003-09-16	16.0	15.8	16.3	16.0	22710800.0
2003-09-17	16.5	16.4	18.0	16.4	42371500.0
2003-09-18	16.8	15.6	17.0	15.9	5129500.0
2003-09-19	16.4	16.0	17.5	17.5	30878800.0
2003-09-22	17.1	16.7	17.4	16.9	15402900.0
2003-09-23	16.9	16.9	18.2	18.0	17194600.0
2003-09-24	18.4	18.4	19.8	19.3	29495700.0
2003-09-25	19.0	18.6	19.3	18.6	7338300.0
2003-09-26	18.8	18.3	19.2	18.7	10915100.0
2003-09-29	18.5	18.1	18.6	18.1	6525000.0
2003-09-30	18.3	17.5	18.7	17.5	9439400.0
2003-10-01	17.5	16.1	17.5	16.3	17775100.0
2003-10-02	16.7	16.1	16.7	16.1	12927400.0
2003-10-03	16.1	15.9	16.3	16.3	6646500.0
2003-10-06	16.3	15.5	16.4	15.5	9538300.0
2003-10-07	15.4	15.4	15.7	15.4	17254600.0
2003-10-08	15.8	15.7	16.8	16.8	10959500.0
2003-10-09	16.8	16.2	16.9	16.8	7638200.0
2003-10-10	17.0	16.8	17.5	17.3	5367200.0
2003-10-13	17.4	16.7	17.4	16.7	2115400.0
2003-10-14	16.7	15.8	16.7	15.9	9300200.0
2003-10-15	16.0	15.9	16.3	16.1	4965900.0
2003-10-16	16.1	16.1	16.6	16.5	3783700.0
2003-10-17	16.5	16.3	16.9	16.8	6613100.0
2003-10-20	17.0	16.7	17.0	16.7	1622200.0
2003-10-21	16.8	16.3	16.9	16.4	4449300.0
2003-10-22	16.5	16.4	16.7	16.6	4800400.0
2003-10-24	16.4	16.2	16.5	16.4	6891000.0
2003-10-27	16.5	16.4	16.6	16.5	1928900.0
2003-10-28	16.8	16.2	16.8	16.3	7028900.0
2003-10-29	16.3	16.2	16.5	16.3	8306400.0
2003-10-30	16.4	15.9	16.5	16.0	12203800.0
2003-10-31	16.0	16.0	16.5	16.4	9608400.0
2003-11-03	16.4	16.4	16.9	16.8	7949000.0
2003-11-04	17.2	16.8	17.2	16.8	11467500.0
2003-11-05	17.3	17.3	18.4	18.3	24343500.0
2003-11-06	18.7	17.8	18.7	17.8	11619000.0
2003-11-07	17.9	17.4	18.1	17.6	6624700.0
2003-11-10	17.6	16.9	17.6	17.1	7227200.0
2003-11-11	16.9	16.5	16.9	16.8	3808600.0
2003-11-12	16.8	16.4	16.8	16.5	3530300.0
2003-11-13	16.7	16.5	16.8	16.6	2066700.0
2003-11-14	16.7	16.4	16.8	16.4	2009900.0
2003-11-17	15.6	15.5	16.1	16.0	2626300.0
2003-11-18	15.9	15.7	16.0	15.9	3979800.0
2003-11-19	15.9	15.5	15.9	15.7	4582800.0
2003-11-20	15.9	15.8	16.2	16.1	1576500.0
2003-11-21	16.1	16.0	16.1	16.1	1226000.0
2003-11-24	16.0	15.8	16.1	15.8	1939600.0
2003-11-25	15.9	15.8	16.0	15.8	1912200.0
2003-11-26	15.8	15.8	16.3	16.3	1689800.0
2003-11-27	16.4	16.3	16.5	16.5	1183800.0
2003-11-28	16.6	16.4	16.6	16.5	1870700.0
2003-12-01	16.5	16.5	17.1	16.6	3186900.0
2003-12-02	16.7	16.4	16.8	16.6	2718500.0
2003-12-03	16.6	16.4	16.8	16.6	683800.0
2003-12-04	16.6	16.1	16.7	16.2	4058600.0
2003-12-08	16.1	16.1	16.2	16.2	1577300.0
2003-12-09	16.2	15.9	16.2	15.9	2006300.0
2003-12-11	15.9	15.9	16.3	16.3	1362000.0
2003-12-12	16.3	16.1	16.3	16.1	653500.0
2003-12-15	16.2	16.2	16.8	16.8	2797300.0
2003-12-16	16.6	16.2	16.6	16.3	3254400.0
2003-12-17	16.4	15.9	16.4	16.1	1335900.0
2003-12-18	16.1	15.9	16.2	16.0	1590600.0
2003-12-19	16.2	16.2	16.6	16.6	2245600.0
2003-12-22	16.7	16.3	16.7	16.4	1638000.0
2003-12-23	16.4	16.0	16.4	16.3	1227500.0
2003-12-24	16.3	16.0	16.7	16.6	2559900.0
2003-12-25	16.7	16.2	17.1	16.3	4972900.0
2003-12-26	16.4	16.2	16.4	16.3	1036000.0
2003-12-29	16.4	16.4	17.4	17.3	5008700.0
2003-12-30	17.5	17.1	17.6	17.1	3893500.0
2003-12-31	17.2	16.7	17.2	16.7	860900.0
2004-01-05	16.8	16.7	17.1	17.1	1166000.0
2004-01-06	17.0	16.3	17.1	16.5	2381700.0
2004-01-07	16.5	16.0	16.6	16.0	2812200.0
2004-01-08	16.3	16.3	16.5	16.4	3062000.0
2004-01-09	16.5	16.5	17.0	16.9	3454400.0
2004-01-12	16.9	16.8	17.5	17.2	4310100.0
2004-01-13	17.5	17.2	17.7	17.5	7433200.0
2004-01-14	17.4	17.2	17.5	17.3	1724900.0
2004-01-15	17.4	17.2	17.9	17.3	4737000.0
2004-01-16	17.3	17.0	17.3	17.1	1489000.0
2004-01-19	17.1	16.7	17.2	16.8	3131700.0
2004-01-20	17.0	16.6	17.0	16.7	1738100.0
2004-01-21	17.0	16.6	17.0	16.7	1498100.0
2004-01-22	16.7	16.4	16.7	16.5	2125000.0
2004-01-23	16.3	16.1	16.4	16.3	1196900.0
2004-01-26	16.2	16.0	16.4	16.2	2027900.0
2004-01-27	16.0	15.6	16.0	15.9	6888300.0
2004-01-28	15.9	15.4	15.9	15.4	2760400.0
2004-01-29	15.1	15.0	15.2	15.1	5114500.0
2004-01-30	15.1	14.8	15.3	14.9	3004800.0
2004-02-02	14.9	14.1	14.9	14.1	1525100.0
2004-02-03	14.0	13.9	14.8	14.7	3871600.0
2004-02-04	14.7	14.7	15.2	15.1	3214900.0
2004-02-05	15.1	14.9	15.5	15.5	3547300.0
2004-02-06	15.6	14.8	15.6	14.8	2106300.0
2004-02-09	15.0	15.0	15.2	15.1	1176900.0
2004-02-10	15.2	14.8	15.2	14.9	3242000.0
2004-02-11	15.1	15.0	15.3	15.3	1225000.0
2004-02-12	15.3	15.1	15.4	15.1	2982500.0
2004-02-13	15.1	14.6	15.1	14.9	4155500.0
2004-02-16	14.9	14.8	15.0	14.9	2333900.0
2004-02-17	15.0	14.8	15.0	14.9	1058600.0
2004-02-18	15.0	14.7	15.0	14.8	1170100.0
2004-02-19	14.7	14.4	14.7	14.4	814000.0
2004-02-20	14.4	14.2	14.4	14.4	1519100.0
2004-02-23	14.3	14.1	14.4	14.1	1146200.0
2004-02-24	14.3	14.1	14.4	14.1	887400.0
2004-02-25	14.2	14.1	14.3	14.1	899100.0
2004-02-26	14.2	14.0	14.8	14.8	1809300.0
2004-02-27	14.8	14.8	15.5	15.4	2362400.0
2004-03-01	15.6	15.3	15.6	15.3	2048100.0
2004-03-02	15.3	15.3	16.1	15.7	2636600.0
2004-03-03	15.7	15.6	16.1	15.7	2982100.0
2004-03-04	15.6	15.6	16.0	16.0	1433000.0
2004-03-08	15.9	15.6	15.9	15.7	378500.0
2004-03-09	15.7	15.5	15.9	15.6	1031800.0
2004-03-10	15.6	15.3	15.9	15.5	1317000.0
2004-03-11	15.3	15.3	15.7	15.7	421000.0
2004-03-12	15.4	15.4	15.6	15.5	881300.0
2004-03-15	15.4	15.2	15.4	15.2	647200.0
2004-03-16	15.0	14.9	15.1	14.9	1278200.0
2004-03-17	15.1	15.0	15.1	15.0	277200.0
2004-03-18	15.1	15.1	15.4	15.3	1076500.0
2004-03-19	15.2	15.2	15.5	15.3	600000.0
2004-03-22	15.3	15.1	15.3	15.1	874000.0
2004-03-23	15.1	14.7	15.1	15.0	876400.0
2004-03-24	15.0	15.0	15.2	15.1	1287300.0
2004-03-25	15.0	15.0	15.1	15.1	1208300.0
2004-03-26	15.2	15.2	15.6	15.5	3796000.0
2004-03-29	15.4	15.2	15.5	15.3	2786800.0
2004-03-30	15.2	15.1	15.3	15.2	1327200.0
2004-03-31	15.2	15.0	15.3	15.3	158500.0
2004-04-01	15.1	15.1	15.6	15.6	1318100.0
2004-04-02	15.7	15.7	16.9	16.9	6299100.0
2004-04-05	16.8	16.5	16.8	16.6	3994600.0
2004-04-07	16.4	16.4	16.9	16.8	2554100.0
2004-04-08	16.5	16.5	16.7	16.7	49100.0
2004-04-09	16.4	16.1	16.4	16.2	38500.0
2004-04-12	16.5	16.3	16.5	16.3	106100.0
2004-04-16	16.7	16.5	17.6	17.3	4569900.0
2004-04-19	17.2	17.1	17.7	17.1	907900.0
2004-04-20	17.2	16.9	17.3	17.0	914600.0
2004-04-21	17.0	16.9	17.1	17.0	258500.0
2004-04-22	16.9	16.1	16.9	16.2	259100.0
2004-04-23	16.3	16.2	16.4	16.4	600200.0
2004-04-26	16.2	16.2	16.4	16.3	1509100.0
2004-04-27	16.4	16.4	17.1	17.1	1820700.0
2004-04-28	16.7	16.7	17.1	17.0	1833200.0
2004-04-29	16.7	16.4	16.7	16.5	2066300.0
2004-04-30	16.3	16.1	16.4	16.4	696900.0
2004-05-04	16.4	16.0	16.4	16.1	1948300.0
2004-05-06	16.0	15.9	16.2	16.0	2507500.0
2004-05-07	16.0	15.7	16.1	16.0	3589100.0
2004-05-10	15.8	14.8	15.8	14.8	1345900.0
2004-05-11	14.3	14.3	14.7	14.5	964300.0
2004-05-12	14.6	14.6	14.9	14.8	1997200.0
2004-05-13	14.7	14.6	14.8	14.6	1589500.0
2004-05-14	14.6	14.5	14.7	14.7	1132700.0
2004-05-17	14.3	13.7	14.3	14.0	2994700.0
2004-05-18	13.8	13.8	14.0	13.9	1135000.0
2004-05-19	14.1	14.1	15.2	14.9	2633000.0
2004-05-20	14.5	14.5	14.7	14.7	636000.0
2004-05-21	14.7	14.5	14.9	14.5	1114800.0
2004-05-24	14.8	14.6	14.8	14.6	505200.0
2004-05-25	14.6	14.5	14.6	14.5	16500.0
2004-05-26	14.6	14.4	14.7	14.4	1090400.0
2004-05-27	14.6	14.5	14.7	14.6	191200.0
2004-05-28	14.8	14.6	15.0	14.8	740000.0
2004-05-31	14.8	14.7	14.8	14.8	82000.0
2004-06-01	14.6	14.4	14.8	14.5	1360200.0
2004-06-03	14.6	14.2	14.6	14.5	530800.0
2004-06-04	14.5	14.3	14.7	14.7	779600.0
2004-06-07	14.7	14.3	14.7	14.3	295800.0
2004-06-08	14.4	14.0	14.4	14.3	497500.0
2004-06-09	14.2	14.1	14.4	14.4	161900.0
2004-06-10	14.3	14.3	14.4	14.4	39000.0
2004-06-11	14.4	14.3	14.4	14.3	861100.0
2004-06-14	14.4	14.1	14.4	14.1	447600.0
2004-06-15	14.1	14.1	14.2	14.2	56500.0
2004-06-16	14.3	14.3	14.4	14.4	546800.0
2004-06-17	14.3	14.2	14.3	14.2	287000.0
2004-06-18	14.3	14.2	14.3	14.2	126800.0
2004-06-21	14.2	14.1	14.2	14.1	82000.0
2004-06-22	14.3	14.2	14.3	14.2	410800.0
2004-06-23	14.2	14.0	14.2	14.0	857000.0
2004-06-24	14.1	14.1	14.3	14.3	648000.0
2004-06-25	14.5	14.3	14.5	14.5	385200.0
2004-06-28	14.6	14.6	14.9	14.7	697700.0
2004-06-29	14.7	14.5	14.7	14.5	72000.0
2004-06-30	14.6	14.6	14.8	14.7	1257100.0
2004-07-02	14.5	14.5	14.6	14.6	64500.0
2004-07-05	14.7	14.6	14.8	14.6	44000.0
2004-07-06	14.8	14.8	14.9	14.9	48000.0
2004-07-07	14.9	14.8	14.9	14.8	137000.0
2004-07-08	14.9	14.8	14.9	14.8	94400.0
2004-07-09	14.8	14.8	14.9	14.9	20000.0
2004-07-12	14.8	14.5	14.8	14.6	286000.0
2004-07-13	14.6	14.4	14.6	14.4	697000.0
2004-07-14	14.4	14.0	14.4	14.1	806300.0
2004-07-15	14.2	14.0	14.2	14.0	563200.0
2004-07-16	14.0	14.0	14.1	14.0	1307800.0
2004-07-19	13.8	13.8	14.1	14.1	429200.0
2004-07-20	13.9	13.9	14.0	13.9	459600.0
2004-07-21	14.2	14.0	14.2	14.1	728400.0
2004-07-22	14.0	14.0	14.0	14.0	356400.0
2004-07-23	14.0	14.0	14.2	14.0	570000.0
2004-07-26	13.8	13.5	13.8	13.6	79600.0
2004-07-27	13.8	13.8	13.8	13.8	7000.0
2004-07-28	13.8	13.8	13.8	13.8	112000.0
2004-07-29	13.7	13.6	13.7	13.7	448600.0
2004-07-30	13.7	13.7	13.7	13.7	194000.0
2004-08-03	13.5	13.4	13.5	13.4	28000.0
2004-08-04	13.4	12.7	13.4	12.7	206000.0
2004-08-05	12.8	11.9	12.8	12.1	1033500.0
2004-08-06	12.0	11.9	12.2	12.0	559800.0
2004-08-09	12.0	12.0	12.0	12.0	170000.0
2004-08-10	12.0	11.5	12.0	12.0	718600.0
2004-08-11	12.0	11.3	12.1	11.5	299300.0
2004-08-13	11.5	11.3	11.5	11.5	703000.0
2004-08-16	11.7	11.6	11.7	11.6	21000.0
2004-08-17	11.9	11.8	12.0	11.8	894000.0
2004-08-18	12.0	11.7	12.1	11.8	1064000.0
2004-08-19	12.0	11.5	12.0	11.6	818400.0
2004-08-20	11.5	11.3	11.5	11.3	229000.0
2004-08-23	11.4	11.1	11.4	11.3	225100.0
2004-08-24	11.4	11.4	11.6	11.6	14100.0
2004-08-25	11.4	11.4	11.8	11.7	1677500.0
2004-08-26	11.9	11.9	12.9	12.7	1204000.0
2004-08-27	12.6	12.4	12.6	12.4	366800.0
2004-08-30	12.3	12.1	12.3	12.2	42000.0
2004-08-31	12.2	12.2	12.4	12.4	204000.0
2004-09-01	12.5	12.4	12.6	12.6	2502600.0
2004-09-02	12.4	12.2	12.5	12.3	399000.0
2004-09-03	12.4	12.4	12.5	12.4	1390200.0
2004-09-06	12.4	12.4	13.1	12.9	660700.0
2004-09-07	13.0	12.8	13.0	12.8	69900.0
2004-09-08	12.9	12.9	13.1	13.1	56700.0
2004-09-09	13.2	13.2	13.3	13.3	55500.0
2004-09-10	13.3	13.3	13.4	13.3	52000.0
2004-09-13	13.6	13.6	13.7	13.7	18000.0
2004-09-14	13.9	13.8	13.9	13.8	7000.0
2004-09-15	13.9	13.9	14.1	14.0	41500.0
2004-09-16	14.0	13.7	14.0	13.7	11400.0
2004-09-17	13.7	13.7	14.0	13.7	20600.0
2004-09-20	13.6	13.6	13.6	13.6	1000.0
2004-09-21	13.5	13.0	13.5	13.1	88000.0
2004-09-22	13.3	13.3	13.3	13.3	100.0
2004-09-23	12.9	12.8	12.9	12.8	90000.0
2004-09-24	12.8	12.7	12.8	12.8	68000.0
2004-09-27	12.7	12.4	12.7	12.4	40000.0
2004-09-28	12.2	12.0	12.2	12.0	50000.0
2004-09-30	12.4	12.4	12.7	12.4	465100.0
2004-10-01	12.7	12.7	13.0	13.0	18100.0
2004-10-04	13.1	13.1	13.6	13.6	66000.0
2004-10-06	13.3	13.1	13.3	13.1	8000.0
2004-10-07	13.3	13.3	13.4	13.3	105500.0
2004-10-08	13.4	13.3	13.4	13.4	18400.0
2004-10-11	13.3	13.3	13.3	13.3	5000.0
2004-10-12	13.1	12.7	13.1	12.9	872100.0
2004-10-13	12.7	12.5	12.8	12.8	476900.0
2004-10-14	12.5	12.3	12.5	12.4	369000.0
2004-10-15	12.3	12.3	12.6	12.5	61000.0
2004-10-18	12.7	12.7	12.8	12.8	4900.0
2004-10-19	12.8	12.8	12.9	12.8	25000.0
2004-10-20	12.6	12.6	12.6	12.6	10000.0
2004-10-21	12.5	12.5	12.6	12.5	271600.0
2004-10-22	12.6	12.6	12.8	12.8	17000.0
2004-10-26	12.5	12.5	12.5	12.5	1000.0
2004-10-27	12.7	12.3	12.7	12.3	510900.0
2004-10-28	12.2	12.1	12.2	12.2	10200.0
2004-10-29	11.9	11.7	11.9	11.7	255700.0
2004-11-01	12.0	11.9	12.0	11.9	42000.0
2004-11-02	12.1	12.1	12.1	12.1	7000.0
2004-11-04	12.3	12.2	12.3	12.3	419900.0
2004-11-05	12.2	12.0	12.2	12.0	15000.0
2004-11-08	12.1	12.0	12.1	12.0	22300.0
2004-11-09	12.0	12.0	12.0	12.0	3000.0
2004-11-10	11.9	11.9	11.9	11.9	4500.0
2004-11-12	12.1	12.1	12.1	12.1	29500.0
2004-11-15	12.6	12.6	12.7	12.7	4000.0
2004-11-16	12.5	12.4	12.5	12.4	51000.0
2004-11-17	12.3	12.3	12.3	12.3	10000.0
2004-11-18	12.7	12.7	12.7	12.7	14500.0
2004-11-22	12.7	12.5	12.7	12.5	31000.0
2004-11-29	12.7	12.5	12.7	12.5	11000.0
2004-12-03	12.7	12.7	12.7	12.7	11000.0
2004-12-07	12.7	12.7	12.8	12.8	248000.0
2004-12-09	12.7	12.7	12.7	12.7	62000.0
2004-12-14	12.8	12.8	12.8	12.8	10000.0
2004-12-15	12.9	12.8	13.1	12.8	26000.0
2004-12-16	12.9	12.9	12.9	12.9	50000.0
2004-12-17	13.2	13.1	13.6	13.6	40900.0
2004-12-20	14.0	13.9	14.0	13.9	9000.0
2004-12-21	14.4	13.8	14.4	14.1	12600.0
2004-12-22	14.3	13.7	14.3	13.8	13300.0
2004-12-23	13.8	13.8	14.1	14.1	2200.0
2004-12-27	13.3	13.3	13.3	13.3	5000.0
2004-12-28	13.4	13.4	13.4	13.4	33000.0
2005-01-04	13.7	13.7	14.2	14.2	68600.0
2005-01-05	13.8	13.8	14.1	14.1	600.0
2005-01-06	14.2	14.2	14.9	14.7	158100.0
2005-01-07	14.7	14.4	14.8	14.6	20300.0
2005-01-10	14.7	14.4	14.7	14.4	9900.0
2005-01-11	14.2	14.2	14.5	14.3	38100.0
2005-01-12	14.6	14.5	14.9	14.9	285500.0
2005-01-14	14.3	14.3	14.9	14.9	6200.0
2005-01-17	14.9	14.8	15.0	14.9	26000.0
2005-01-18	14.6	14.6	14.6	14.6	7400.0
2005-01-19	14.8	14.4	14.8	14.4	2100.0
2005-01-20	14.6	14.6	14.7	14.7	4200.0
2005-01-21	14.7	14.4	14.7	14.4	600.0
2005-01-24	14.7	14.4	14.7	14.6	3100.0
2005-01-25	14.4	14.4	14.8	14.8	23100.0
2005-01-26	14.9	14.9	14.9	14.9	100.0
2005-01-31	14.9	14.6	14.9	14.6	10200.0
2005-02-01	14.8	14.8	14.8	14.8	60100.0
2005-02-02	14.9	14.9	14.9	14.9	200.0
2005-02-03	14.8	14.8	14.9	14.9	100100.0
2005-02-04	14.9	14.9	15.6	15.6	252800.0
2005-02-07	15.9	15.6	15.9	15.6	11200.0
2005-02-08	15.7	15.7	15.9	15.9	100100.0
2005-02-11	15.5	15.5	15.5	15.5	1000.0
2005-02-14	15.9	15.9	16.0	16.0	200.0
2005-02-15	16.8	15.9	16.8	15.9	3600.0
2005-02-16	16.0	15.8	16.2	16.0	16400.0
2005-02-17	16.1	16.1	16.2	16.2	600.0
2005-02-21	15.8	15.8	15.8	15.8	3000.0
2005-03-14	14.2	14.2	14.2	14.2	95000.0
2005-03-16	14.9	14.4	14.9	14.7	20200.0
2005-03-18	14.8	14.8	14.9	14.9	1100.0
2005-03-24	14.0	13.9	14.0	14.0	428000.0
2005-03-29	14.3	14.3	14.5	14.5	200.0
2005-03-30	13.8	13.8	13.8	13.8	2000.0
2005-03-31	15.0	15.0	15.0	15.0	100.0
2005-04-01	13.8	13.8	14.0	14.0	200.0
2005-04-08	13.7	13.7	13.7	13.7	6100.0
2005-04-20	13.8	13.8	13.8	13.8	1000.0
2005-05-04	13.3	13.3	13.9	13.9	1900.0
2005-05-09	13.6	13.6	13.9	13.9	1200.0
2005-05-16	13.5	13.5	13.5	13.5	4000.0
2005-05-17	13.4	13.3	13.4	13.3	5600.0
2005-05-18	13.4	13.4	13.5	13.5	180000.0
2005-05-27	13.4	13.3	13.4	13.4	18700.0
2005-06-02	13.1	13.1	13.1	13.1	75400.0
2005-06-08	13.1	13.1	13.1	13.1	500.0
2005-06-09	12.9	12.9	12.9	12.9	31900.0
2005-06-16	13.1	13.1	13.2	13.2	249800.0
2005-06-17	13.3	13.3	13.3	13.3	2000.0
2005-06-20	13.1	13.1	13.1	13.1	20000.0
2005-06-21	13.1	13.1	13.1	13.1	280000.0
2005-06-22	13.1	13.1	13.1	13.1	264300.0
2005-06-23	13.1	13.1	13.1	13.1	310000.0
2005-06-24	13.2	13.1	13.2	13.1	119400.0
2005-06-27	13.1	12.9	13.1	12.9	99700.0
2005-06-28	12.8	12.8	12.9	12.9	108000.0
2005-06-29	13.0	12.8	13.0	13.0	311000.0
2005-07-04	12.7	12.5	12.7	12.5	20000.0
2005-07-05	12.5	12.4	12.5	12.4	10600.0
2005-07-07	12.2	12.1	12.2	12.1	6900.0
2005-07-08	12.0	12.0	12.0	12.0	47300.0
2005-07-11	12.1	11.9	12.1	11.9	56300.0
2005-07-13	12.3	12.1	12.5	12.4	21000.0
2005-07-14	12.5	12.5	12.5	12.5	5000.0
2005-07-19	12.2	12.2	12.2	12.2	2000.0
2005-07-27	12.6	12.6	12.6	12.6	10000.0
2005-07-28	12.7	12.7	12.7	12.7	10000.0
2005-08-03	12.8	12.8	12.8	12.8	100.0
2005-08-30	12.5	12.5	12.5	12.5	2000.0
2005-09-01	12.9	12.9	12.9	12.9	3400.0
2005-09-05	12.9	12.9	12.9	12.9	4800.0
2005-09-07	13.0	13.0	13.0	13.0	30000.0
2005-09-12	13.1	13.1	13.3	13.3	6000.0
2005-09-15	13.1	13.1	13.1	13.1	1000.0
2005-09-27	13.2	13.2	13.2	13.2	24400.0
2005-09-29	13.0	12.9	13.0	12.9	10000.0
2005-09-30	12.9	12.9	12.9	12.9	16700.0
2005-10-05	12.9	12.9	12.9	12.9	27000.0
2005-10-06	12.8	12.7	12.8	12.7	56100.0
2005-10-10	12.5	12.5	12.5	12.5	5000.0
2005-10-13	12.9	12.9	13.0	13.0	1100.0
2005-10-14	12.8	12.7	12.8	12.7	11800.0
2005-10-18	12.7	12.7	12.7	12.7	7000.0
2005-10-20	12.5	12.5	12.5	12.5	10000.0
2005-10-21	12.4	12.4	12.4	12.4	11000.0
2005-10-28	12.5	12.5	12.6	12.5	53000.0
2005-11-01	12.5	12.5	12.6	12.6	3200.0
2005-11-02	12.8	12.8	12.8	12.8	3000.0
2005-11-03	12.9	12.9	13.0	13.0	10000.0
2005-11-25	12.4	12.4	12.4	12.4	8100.0
2005-12-01	12.4	12.4	12.4	12.4	2000.0
2005-12-06	12.7	12.7	12.7	12.7	5000.0
2005-12-09	12.8	12.8	12.8	12.8	10000.0
2005-12-13	12.8	12.7	12.8	12.7	6000.0
2005-12-14	12.8	12.8	12.8	12.8	50000.0
2006-10-18	15.0	15.0	15.0	15.0	424500.0
2006-11-09	15.4	15.4	15.9	15.9	1599500.0
2006-12-18	15.8	15.6	15.8	15.6	1199700.0
2006-12-22	14.5	14.5	14.5	14.5	1631500.0
2006-12-25	14.5	14.5	14.5	14.5	95300.0
2006-12-28	14.1	14.1	14.1	14.1	4000.0
2006-12-29	13.9	13.8	13.9	13.9	41800.0
2007-01-08	12.2	12.2	12.2	12.2	6000.0
2007-01-12	12.3	12.1	12.3	12.2	317900.0
2007-01-25	11.5	11.1	11.5	11.1	600.0
2007-02-02	11.9	11.9	11.9	11.9	100.0
2007-02-05	12.7	12.7	12.7	12.7	100.0
2007-02-08	13.5	13.5	13.5	13.5	2000.0
2007-02-16	13.2	13.2	13.2	13.2	2000.0
2007-02-23	13.1	13.1	13.1	13.1	6000.0
2007-02-27	13.1	13.1	13.1	13.1	20000.0
2007-02-28	11.9	11.9	12.2	12.1	32900.0
2007-03-06	12.3	12.3	12.3	12.3	1000.0
2007-03-07	12.3	12.3	12.3	12.3	2000.0
2007-03-08	12.2	12.2	12.2	12.2	100.0
2007-03-15	12.6	12.6	12.6	12.6	36000.0
2007-04-02	14.7	14.5	14.9	14.9	130300.0
2007-04-11	14.7	14.7	14.7	14.7	255000.0
2007-04-19	14.4	14.4	14.4	14.4	2000.0
2007-07-04	15.9	15.9	15.9	15.9	12000.0
2007-07-06	16.2	16.0	16.2	16.1	89500.0
2007-07-09	16.5	16.5	16.5	16.5	10600.0
2007-07-23	17.0	17.0	17.0	17.0	1300.0
2007-07-24	17.5	17.5	18.5	18.5	64500.0
2007-08-20	16.8	15.0	16.8	15.0	1200.0
2007-12-26	13.9	13.9	13.9	13.9	300000.0
2008-01-29	13.5	13.5	13.5	13.5	25000.0
2008-02-04	14.5	14.5	14.5	14.5	2000.0
2008-02-11	14.8	14.8	14.8	14.8	3000.0
2008-04-16	15.6	15.6	15.8	15.8	348000.0
2008-04-18	16.5	16.5	16.5	16.5	100.0
2008-04-21	17.9	17.9	18.0	18.0	3000.0
2008-10-13	7.7	7.7	7.7	7.7	50000.0
2009-01-30	8.6	8.6	8.6	8.6	100.0
2009-03-16	8.4	8.4	8.4	8.4	3000.0
2009-03-23	9.6	9.6	9.6	9.6	331300.0
2009-04-16	10.6	10.6	10.6	10.6	2000.0
2009-05-04	11.6	11.6	11.6	11.6	5000.0
2009-05-06	11.8	11.8	12.9	12.9	18000.0
2009-05-07	13.6	13.6	13.6	13.6	1000.0
2009-09-23	16.7	16.7	16.7	16.7	100.0
2009-10-06	18.9	18.9	18.9	18.9	100100.0
2009-10-08	19.5	19.5	20.0	20.0	19900.0
2009-10-09	20.5	20.0	21.4	21.4	64000.0
2009-11-30	22.0	22.0	22.0	22.0	2000.0
2009-12-02	23.3	23.3	23.3	23.3	44400.0
2010-01-15	23.5	23.4	23.5	23.5	6400.0
2010-03-18	24.0	24.0	24.0	24.0	3000.0
2010-03-24	26.0	26.0	26.0	26.0	10000.0
2010-05-26	21.5	21.5	21.5	21.5	100.0
2010-06-21	27.0	27.0	27.5	27.5	14000.0
2010-06-22	29.0	29.0	29.0	29.0	7000.0
2010-06-28	29.0	29.0	29.0	29.0	2000.0
2010-07-12	31.0	31.0	31.0	31.0	1000.0
2010-07-20	30.0	30.0	30.0	30.0	201600.0
2010-07-21	30.25	30.25	30.25	30.25	10000.0
2010-08-17	30.25	30.25	30.25	30.25	27100.0
2010-08-18	32.0	32.0	32.0	32.0	56000.0
2010-08-20	32.25	32.25	32.25	32.25	18600.0
2010-08-23	33.0	33.0	33.0	33.0	25200.0
2010-08-24	33.0	33.0	33.0	33.0	2000.0
2010-08-25	32.5	32.5	32.5	32.5	76600.0
2010-08-27	34.0	34.0	34.5	34.5	60000.0
2010-08-31	34.75	34.5	35.0	34.5	86000.0
2010-09-08	35.0	35.0	35.0	35.0	5000.0
2010-09-24	38.75	38.75	38.75	38.75	23000.0
2010-09-29	39.75	39.75	40.0	40.0	71800.0
2010-10-11	39.5	39.5	39.5	39.5	14000.0
2010-10-13	40.75	40.75	40.75	40.75	10000.0
2010-10-20	39.0	39.0	39.0	39.0	28000.0
2010-12-02	39.0	39.0	39.0	39.0	374200.0
2010-12-23	35.5	35.5	35.5	35.5	24000.0
2011-02-16	31.25	31.25	31.5	31.5	25100.0
2011-05-13	31.5	31.5	31.5	31.5	10000.0
2012-03-15	25.0	25.0	25.0	25.0	100.0
2012-12-12	36.75	36.75	37.0	36.75	300.0
2013-02-20	44.0	44.0	44.0	44.0	10000.0
2013-04-30	44.0	44.0	45.0	45.0	2800.0
2013-06-14	41.75	41.5	41.75	41.5	5400.0
2013-08-23	32.0	32.0	32.25	32.25	8900.0
2013-08-29	30.25	30.25	30.25	30.25	200.0
2013-09-10	33.25	33.25	33.25	33.25	2000.0
2013-09-24	33.25	33.25	33.25	33.25	40000.0
2013-10-17	34.0	34.0	34.25	34.25	1600.0
2013-12-24	31.5	31.5	31.75	31.5	1700.0
2014-08-14	34.0	34.0	34.0	34.0	1500.0
2015-05-08	34.5	34.5	34.5	34.5	100.0
2015-05-11	34.75	34.5	35.0	34.5	2900.0
2015-06-17	33.5	33.25	33.75	33.75	34200.0
2015-06-22	32.75	32.75	33.5	33.0	123300.0
2015-06-23	32.75	32.75	32.75	32.75	184900.0
2015-06-24	33.0	32.75	33.5	32.75	230600.0
2015-06-25	32.75	32.5	33.0	32.5	620700.0
2015-06-26	33.0	32.75	33.5	33.5	30000.0
2015-06-29	33.25	33.25	33.5	33.25	15500.0
2015-07-28	31.5	31.5	31.5	31.5	300.0
2015-07-31	31.0	31.0	31.0	31.0	300.0
2015-08-18	29.75	29.75	29.75	29.75	500.0
2015-08-26	29.0	29.0	29.0	29.0	7000.0
2015-08-27	29.25	29.25	29.25	29.25	13600.0
2016-05-26	33.5	33.5	33.5	33.5	100.0
2016-07-20	39.25	39.25	40.0	39.75	65900.0
2016-08-04	40.25	40.25	40.25	40.25	1000.0
2016-08-10	40.5	40.5	40.5	40.5	4200.0
2016-08-11	40.25	40.25	40.25	40.25	2000.0
2016-08-15	39.5	39.5	39.5	39.5	2000.0
2016-08-16	39.5	38.75	39.5	38.75	5000.0
2016-08-18	38.75	38.75	39.0	39.0	8600.0
2016-08-24	39.25	39.25	39.25	39.25	1000.0
2016-09-08	38.75	38.75	38.75	38.75	100.0
2016-10-19	40.0	40.0	40.0	40.0	400.0
2016-11-16	43.25	43.25	43.25	43.25	300.0
2016-11-24	43.0	42.75	43.0	42.75	2300.0
2016-11-25	42.75	42.75	42.75	42.75	1000.0
2016-11-29	42.75	42.75	43.0	42.75	5000.0
2016-11-30	42.75	42.75	44.0	44.0	1500.0
2016-12-13	43.75	43.75	43.75	43.75	2900.0
2016-12-19	43.5	43.5	43.5	43.5	2000.0
2016-12-23	43.5	43.5	43.5	43.5	8000.0
2017-01-09	45.25	42.0	45.25	42.0	400.0
2017-01-10	44.75	44.75	44.75	44.75	200.0
2017-01-26	47.25	47.25	47.75	47.75	9400.0
2017-03-02	49.0	49.0	49.0	49.0	300.0
2017-03-10	47.0	46.75	47.0	46.75	4900.0
2017-03-17	48.75	48.75	48.75	48.75	4600.0
2017-04-04	48.75	48.25	48.75	48.5	21000.0
2017-04-05	48.25	48.25	48.25	48.25	13000.0
2017-04-07	48.25	48.0	48.25	48.25	19600.0
2017-04-19	47.0	47.0	47.0	47.0	14100.0
2017-04-25	46.25	46.0	46.25	46.0	46100.0
2017-05-02	47.25	47.25	47.5	47.25	29500.0
2017-05-11	47.0	47.0	47.0	47.0	200.0
2017-05-15	46.5	46.5	46.75	46.75	12400.0
2017-05-18	47.75	47.75	48.0	48.0	800.0
2017-05-31	46.75	46.75	46.75	46.75	200.0
2017-06-01	46.75	46.75	46.75	46.75	15000.0
2017-06-07	46.5	46.5	46.5	46.5	7300.0
2017-09-13	46.75	46.75	46.75	46.75	500.0
2017-09-22	47.75	47.75	47.75	47.75	13100.0
2018-04-09	53.75	53.75	53.75	53.75	10000.0
2018-08-09	53.0	53.0	53.75	53.25	10300.0
2018-11-30	52.75	52.75	53.0	53.0	4300.0
2019-03-08	55.0	55.0	55.0	55.0	300.0
2019-04-30	52.75	52.75	53.0	53.0	23100.0
2019-05-14	52.5	52.5	52.5	52.5	200.0
2019-06-20	52.5	52.5	52.5	52.5	10000.0
2019-12-12	59.0	59.0	59.0	59.0	3000.0
