Date	Price Open	Price Low	Price High	Price Close	Volume
2021-10-29	15.7	14.2	16.8	14.5	289705300
2021-11-01	14.6	13.9	14.8	14.2	16575700
2021-11-02	14.3	13.8	14.4	13.9	6432100
2021-11-03	13.8	13.7	14.2	13.7	5180700
2021-11-04	13.8	13.6	14.0	13.8	4958100
2021-11-05	13.7	13.6	14.1	14.0	4663000
2021-11-08	14.0	14.0	15.0	15.0	16578700
2021-11-09	14.8	14.7	15.0	15.0	3558200
2021-11-10	15.0	14.9	15.5	15.1	8902200
2021-11-11	15.1	14.9	15.2	14.9	1227400
2021-11-12	15.0	15.0	15.6	15.1	8473300
2021-11-15	15.1	15.1	15.5	15.4	4289300
2021-11-16	15.4	15.2	15.7	15.7	10332100
2021-11-17	15.7	15.4	15.9	15.4	4796700
2021-11-18	15.3	15.2	15.5	15.4	1617300
2021-11-19	15.4	15.1	15.5	15.2	2584900
2021-11-22	15.2	15.0	15.4	15.3	2714500
2021-11-23	15.3	15.0	15.6	15.0	4144700
2021-11-24	15.1	15.0	15.5	15.4	4120100
2021-11-25	15.4	15.1	15.8	15.1	5521100
2021-11-26	15.2	14.8	15.3	14.9	3527500
2021-11-29	14.7	14.5	14.8	14.5	2960700
2021-11-30	14.7	14.1	14.7	14.1	2964200
2021-12-01	14.2	14.0	14.5	14.4	1344600
2021-12-02	14.2	14.0	14.3	14.1	2650700
2021-12-03	14.0	14.0	14.2	14.0	1091900
2021-12-07	14.1	14.0	14.3	14.1	1231700
2021-12-08	14.2	14.1	14.3	14.2	726800
2021-12-09	14.3	13.9	14.4	14.0	2460700
2021-12-13	14.1	14.0	14.3	14.0	1110700
2021-12-14	14.0	14.0	14.1	14.0	947900
2021-12-15	14.0	13.8	14.0	13.8	1105800
2021-12-16	13.8	13.8	14.0	13.8	2305500
2021-12-17	13.9	13.8	14.2	13.9	4814800
2021-12-20	13.8	13.4	14.1	13.5	5386000
2021-12-21	13.6	13.0	13.7	13.2	6850700
2021-12-22	13.3	13.3	13.5	13.4	620700
2021-12-23	13.5	13.3	13.7	13.4	1447200
2021-12-24	13.5	13.4	13.6	13.4	392500
2021-12-27	13.4	13.4	13.5	13.5	180000
2021-12-28	13.6	13.4	13.6	13.4	496800
2021-12-29	13.4	13.4	13.8	13.5	1347200
2021-12-30	13.5	13.5	14.0	13.8	2429400
2022-01-04	13.8	13.7	14.0	13.8	1834000
2022-01-05	13.9	13.4	13.9	13.8	2768000
2022-01-06	13.8	13.7	14.7	14.7	7716100
2022-01-07	14.6	14.2	14.9	14.7	6785300
2022-01-10	14.8	14.5	14.9	14.8	3598000
2022-01-11	14.8	14.5	14.8	14.6	1412800
2022-01-12	14.7	14.5	14.8	14.6	1470900
2022-01-13	14.6	14.3	14.6	14.3	1477500
2022-01-14	14.2	14.1	14.4	14.3	1610600
2022-01-17	14.2	13.7	14.4	13.7	4512000
2022-01-18	13.7	13.3	13.9	13.6	4859200
2022-01-19	13.5	13.4	13.6	13.5	748900
2022-01-20	13.6	13.4	13.7	13.4	1047700
2022-01-21	13.4	13.3	13.6	13.5	667900
2022-01-24	13.5	13.3	13.5	13.3	1779300
2022-01-25	13.3	13.1	13.3	13.3	1019500
2022-01-26	13.3	13.1	13.4	13.1	1242400
2022-01-27	13.1	13.1	13.2	13.2	787800
2022-01-28	13.1	13.1	13.7	13.4	951000
2022-01-31	13.6	13.4	13.6	13.4	221300
2022-02-01	13.5	13.3	13.5	13.3	341800
2022-02-02	13.3	13.3	13.5	13.5	324700
2022-02-03	13.5	13.4	13.6	13.4	319400
2022-02-04	13.4	13.4	13.6	13.5	529700
2022-02-07	13.6	13.4	13.6	13.5	201500
2022-02-08	13.4	13.4	13.5	13.4	211200
2022-02-09	13.4	13.0	13.4	13.2	2968900
2022-02-10	13.2	13.0	13.2	13.1	1464300
2022-02-11	13.0	12.8	13.1	12.8	2633300
2022-02-14	12.8	12.5	12.8	12.6	1772600
2022-02-15	12.6	12.5	12.8	12.6	458900
2022-02-17	12.6	12.6	13.0	12.7	396900
2022-02-18	12.7	12.6	12.9	12.8	512900
2022-02-21	12.7	12.6	13.0	12.8	418100
2022-02-22	12.7	12.5	12.7	12.7	339400
2022-02-23	12.7	12.6	12.8	12.7	287600
2022-02-24	12.7	12.4	12.7	12.6	986800
2022-02-25	12.6	12.6	12.8	12.7	362600
2022-02-28	12.7	12.6	12.8	12.7	310000
2022-03-01	12.7	12.6	12.8	12.7	304600
2022-03-02	12.6	12.4	12.7	12.6	602400
2022-03-03	12.5	12.2	12.6	12.3	888300
2022-03-04	12.4	12.0	12.4	12.0	1181100
2022-03-07	12.0	10.8	12.0	11.0	3876600
2022-03-08	11.0	11.0	11.3	11.3	1495300
2022-03-09	11.2	11.1	11.6	11.6	384500
2022-03-10	11.7	11.7	12.2	12.0	574700
2022-03-11	11.9	11.8	12.2	12.2	133000
2022-03-14	12.2	11.6	12.2	11.9	567100
2022-03-15	11.8	11.6	12.0	11.7	275500
2022-03-16	11.8	11.6	11.9	11.9	224800
2022-03-17	11.9	11.7	12.0	11.8	217600
2022-03-18	11.8	11.8	12.0	11.9	189900
2022-03-21	12.0	11.7	12.0	11.9	76400
2022-03-22	11.8	11.6	11.8	11.8	88100
2022-03-23	11.8	11.7	11.8	11.8	130100
2022-03-24	11.7	11.6	11.9	11.9	61000
2022-03-25	11.8	11.7	11.9	11.8	105300
2022-03-28	11.8	11.6	11.8	11.8	232900
2022-03-29	11.7	11.7	11.9	11.9	203200
2022-03-30	12.0	11.9	12.2	12.2	583200
2022-03-31	12.2	11.9	12.3	12.1	350700
2022-04-01	12.1	11.7	12.1	11.9	544100
2022-04-04	11.8	11.8	11.9	11.8	48200
2022-04-05	11.8	11.7	12.0	11.7	76500
2022-04-07	11.7	11.4	11.7	11.5	501800
2022-04-08	11.5	11.2	11.7	11.2	265400
2022-04-11	11.4	11.3	11.5	11.3	102100
2022-04-12	11.3	11.3	11.8	11.5	431700
2022-04-18	11.5	11.5	11.7	11.7	81400
2022-04-19	11.7	11.7	12.1	11.9	501900
2022-04-20	12.2	11.8	12.2	12.0	354500
2022-04-21	12.0	11.8	12.1	11.9	234900
2022-04-22	11.9	11.7	12.0	11.9	286400
2022-04-25	11.9	11.7	11.9	11.8	203700
2022-04-26	11.7	11.7	12.1	11.9	501300
2022-04-27	11.8	11.7	12.1	12.0	299400
2022-04-28	12.0	11.8	12.0	12.0	59500
2022-04-29	12.0	11.9	12.1	12.1	184200
2022-05-03	11.9	11.5	12.0	11.7	326700
2022-05-05	11.5	11.1	11.6	11.5	719000
2022-05-06	11.4	11.0	11.4	11.1	1276200
2022-05-09	10.9	10.6	11.1	10.7	567400
2022-05-10	10.6	10.4	10.7	10.6	628500
2022-05-11	10.6	10.4	10.6	10.6	355100
2022-05-12	10.6	10.3	10.6	10.4	351000
2022-05-13	10.4	10.3	10.7	10.7	190600
2022-05-17	10.6	10.6	11.1	10.9	640100
2022-05-18	11.0	10.8	11.0	11.0	77900
2022-05-19	10.8	10.8	11.0	10.9	145000
2022-05-20	10.8	10.8	11.0	10.8	154900
2022-05-23	10.8	10.8	11.0	11.0	132800
2022-05-24	11.0	11.0	11.4	11.2	262100
2022-05-25	11.3	11.2	11.5	11.4	154500
2022-05-26	11.4	11.2	11.4	11.4	104100
2022-05-27	11.4	11.1	11.5	11.2	197800
2022-05-30	11.2	11.2	11.3	11.3	112700
2022-05-31	11.3	11.1	11.3	11.3	37000
2022-06-01	11.3	11.2	11.4	11.2	62600
2022-06-02	11.2	10.9	11.3	11.0	227600
2022-06-06	11.0	11.0	11.2	11.1	69200
2022-06-07	11.1	11.0	11.1	11.0	44500
2022-06-08	11.0	11.0	11.2	11.1	99200
2022-06-09	11.1	11.1	11.5	11.1	517400
2022-06-10	11.1	11.0	11.2	11.2	93600
2022-06-13	11.2	10.7	11.2	10.7	155000
2022-06-14	10.7	10.6	10.9	10.6	186500
2022-06-15	10.6	10.6	10.9	10.6	65000
2022-06-16	10.6	10.4	10.8	10.6	249700
2022-06-17	10.6	10.3	10.6	10.5	95700
2022-06-20	10.5	10.4	11.2	11.1	175900
2022-06-21	11.2	11.1	11.3	11.1	159600
2022-06-22	11.2	11.0	11.2	11.0	61100
2022-06-23	11.0	11.0	11.4	11.2	105500
2022-06-24	11.2	11.1	11.2	11.1	79600
2022-06-27	11.1	11.0	11.9	11.7	789500
2022-06-28	11.8	11.5	11.8	11.6	183200
2022-06-29	11.6	11.2	11.6	11.2	226100
2022-06-30	11.2	11.1	11.5	11.3	130300
2022-07-01	11.4	11.3	11.4	11.4	93900
2022-07-04	11.3	11.1	11.3	11.3	103900
2022-07-05	11.3	10.5	11.3	10.7	376100
2022-07-06	10.6	10.6	10.7	10.7	56000
2022-07-07	10.7	10.6	10.8	10.7	68700
2022-07-08	10.7	10.7	10.9	10.8	35600
2022-07-11	10.7	10.7	10.9	10.8	6800
2022-07-12	10.9	10.8	11.0	10.8	97200
2022-07-14	10.9	10.7	10.9	10.8	79300
2022-07-15	10.7	10.6	10.8	10.8	130000
2022-07-18	10.8	10.6	10.8	10.7	120300
2022-07-19	10.7	10.6	10.7	10.6	103900
2022-07-20	10.7	10.6	10.8	10.6	39900
2022-07-21	10.6	10.6	10.7	10.7	18700
2022-07-22	10.7	10.5	10.7	10.7	67900
2022-07-25	10.7	10.6	10.9	10.7	40800
2022-07-26	10.8	10.7	10.9	10.9	34800
2022-07-27	10.9	10.8	10.9	10.9	22600
2022-08-01	10.9	10.8	10.9	10.8	23500
2022-08-02	10.8	10.8	10.9	10.8	62900
2022-08-03	11.0	10.8	11.0	10.8	185700
2022-08-04	11.0	11.0	11.3	11.0	282600
2022-08-05	11.2	11.1	11.3	11.2	131800
2022-08-08	11.2	10.9	11.2	10.9	68300
2022-08-09	11.0	11.0	11.1	11.1	22700
2022-08-10	11.2	11.0	11.2	11.0	45100
2022-08-11	11.1	11.0	11.2	11.2	33700
2022-08-15	11.2	11.0	11.2	11.1	123100
2022-08-16	10.9	10.9	11.0	11.0	44800
2022-08-17	11.0	11.0	11.4	11.4	308100
2022-08-18	11.5	11.2	11.5	11.3	159900
2022-08-19	11.2	11.0	11.2	11.0	121300
2022-08-22	11.0	11.0	11.1	11.0	54000
2022-08-23	11.0	11.0	11.3	11.2	210800
2022-08-24	11.0	11.0	11.2	11.1	113700
2022-08-25	11.1	10.9	11.1	11.0	271600
2022-08-26	11.0	10.5	11.0	10.7	581400
2022-08-29	10.5	10.5	10.8	10.8	72000
2022-08-30	10.9	10.7	11.0	10.7	102700
2022-08-31	10.8	10.7	10.9	10.8	39300
2022-09-01	10.8	10.7	10.8	10.8	19800
2022-09-02	10.8	10.6	10.8	10.8	52900
2022-09-05	10.9	10.8	11.0	10.8	28700
2022-09-06	10.8	10.8	11.0	10.9	19900
2022-09-07	11.0	10.9	11.1	11.0	213500
2022-09-08	11.1	10.9	11.2	10.9	169200
2022-09-09	10.9	10.9	11.0	11.0	13800
2022-09-12	10.9	10.9	11.0	10.9	44000
2022-09-13	10.9	10.9	11.0	11.0	187700
2022-09-14	11.1	10.9	11.1	11.0	102800
2022-09-15	11.1	10.9	11.1	11.0	26200
2022-09-16	11.0	10.9	11.0	11.0	118400
2022-09-19	11.0	10.8	11.0	10.9	28600
2022-09-20	10.9	10.8	11.0	10.8	55200
2022-09-21	10.8	10.5	10.9	10.6	453200
2022-09-22	10.6	10.5	10.7	10.6	133700
2022-09-23	10.6	10.5	10.6	10.5	162000
2022-09-26	10.5	10.3	10.6	10.3	329500
2022-09-27	10.1	9.9	10.2	9.9	566200
2022-09-28	9.7	9.2	9.7	9.35	478600
2022-09-29	9.35	9.2	9.4	9.25	452200
2022-09-30	9.25	9.2	9.25	9.2	80900
2022-10-03	9.2	8.75	9.2	8.85	207100
2022-10-04	8.85	8.85	9.25	9.0	210600
2022-10-05	8.95	8.85	9.05	8.9	139000
2022-10-06	9.0	8.8	9.0	8.9	218300
2022-10-07	8.95	8.85	8.95	8.85	24100
2022-10-10	8.8	8.65	8.95	8.7	96000
2022-10-11	8.65	8.35	8.8	8.4	212700
2022-10-12	8.45	8.2	9.0	8.9	245300
2022-10-17	8.8	8.6	8.8	8.6	134600
2022-10-18	8.6	8.6	8.85	8.65	346800
2022-10-19	8.65	8.65	8.75	8.65	118100
2022-10-20	8.7	8.7	8.85	8.75	138100
2022-10-21	8.75	8.65	8.8	8.65	88600
2022-10-25	8.65	8.6	8.75	8.6	71600
2022-10-26	8.65	8.65	8.75	8.65	95300
2022-10-27	8.7	8.7	8.85	8.7	220500
2022-10-28	8.7	8.7	8.75	8.75	77800
2022-10-31	8.75	8.65	8.8	8.65	25700
2022-11-01	8.7	8.55	8.75	8.6	185100
2022-11-02	9.0	8.9	9.35	8.95	1054600
2022-11-03	9.2	8.9	9.35	9.35	915500
2022-11-04	9.35	9.15	9.45	9.35	594700
2022-11-07	9.45	9.2	9.5	9.45	676000
2022-11-08	9.4	9.25	9.45	9.3	213100
2022-11-09	9.4	9.15	9.4	9.2	203600
2022-11-10	9.15	8.95	9.15	8.95	268200
2022-11-11	9.0	8.9	9.05	8.95	228600
2022-11-14	8.95	8.85	9.0	8.9	131900
2022-11-15	8.85	8.8	8.9	8.8	189200
2022-11-16	8.8	8.7	8.9	8.7	302000
2022-11-17	8.7	8.7	8.95	8.9	156900
2022-11-18	8.9	8.8	9.05	9.0	223200
2022-11-21	9.0	8.95	9.05	8.95	99800
2022-11-22	9.0	8.9	9.0	8.9	35600
2022-11-23	8.95	8.9	9.0	8.9	58500
2022-11-24	8.85	8.85	8.95	8.9	35800
2022-11-25	8.9	8.85	8.95	8.95	31300
2022-11-28	9.0	8.9	9.0	8.95	28800
2022-11-29	8.9	8.9	8.95	8.95	9300
2022-11-30	9.0	8.85	9.0	8.9	49300
2022-12-01	8.95	8.9	9.0	9.0	104900
2022-12-02	8.95	8.9	9.0	9.0	114700
2022-12-06	9.0	8.9	9.0	8.95	152500
2022-12-07	8.9	8.9	9.0	8.95	81500
2022-12-08	9.0	9.0	10.6	9.6	1403800
2022-12-09	9.75	9.3	9.75	9.45	298800
2022-12-13	9.5	9.2	9.5	9.25	131400
2022-12-14	9.3	9.1	9.3	9.2	134400
2022-12-15	9.2	9.2	9.45	9.3	351200
2022-12-16	9.3	9.25	9.35	9.35	468600
2022-12-19	9.4	9.25	9.4	9.3	185100
2022-12-20	9.3	9.0	9.3	9.05	249900
2022-12-21	9.15	9.0	9.2	9.15	141200
2022-12-22	9.05	9.05	9.3	9.3	240900
2022-12-23	9.3	9.2	9.3	9.2	113400
2022-12-26	9.2	9.2	9.3	9.25	69200
2022-12-27	9.3	9.25	9.85	9.85	2095000
2022-12-28	9.6	9.6	9.95	9.75	225700
2022-12-29	9.75	9.65	9.85	9.8	492600
2022-12-30	9.85	9.8	10.0	9.9	514300
