Date	Price Open	Price Low	Price High	Price Close	Volume
2019-07-31	36.0	34.75	36.5	36.5	985100.0
2019-08-01	36.5	36.25	37.0	36.5	625800.0
2019-08-02	36.5	36.5	36.75	36.75	137100.0
2019-08-05	36.75	36.0	36.75	36.5	398300.0
2019-08-06	36.25	36.25	36.5	36.5	174300.0
2019-08-07	36.5	36.5	36.75	36.5	174100.0
2019-08-08	36.75	36.5	36.75	36.5	54900.0
2019-08-09	36.5	36.5	36.75	36.5	301200.0
2019-08-13	36.5	36.5	36.5	36.5	324800.0
2019-08-14	36.25	36.0	36.5	36.5	17900.0
2019-08-15	36.25	36.25	36.5	36.5	12400.0
2019-08-16	36.5	36.25	36.5	36.25	200100.0
2019-08-19	36.5	36.5	36.5	36.5	204200.0
2019-08-20	36.25	36.25	36.5	36.5	100100.0
2019-08-21	36.5	36.25	36.5	36.5	83200.0
2019-08-22	36.5	36.25	36.5	36.5	100400.0
2019-08-23	36.5	26.0	36.5	36.25	146100.0
2019-08-26	36.25	36.25	36.5	36.5	32100.0
2019-08-27	36.25	36.25	36.5	36.5	35100.0
2019-08-28	36.5	36.25	36.5	36.5	107100.0
2019-08-29	36.5	36.25	36.5	36.5	36700.0
2019-08-30	36.25	36.0	36.5	36.5	153500.0
2019-09-02	36.25	36.25	36.5	36.5	300000.0
2019-09-03	36.5	36.5	36.5	36.5	25000.0
2019-09-04	36.25	36.25	36.5	36.5	41000.0
2019-09-05	36.5	36.25	36.5	36.5	10200.0
2019-09-06	36.5	36.25	36.5	36.25	10400.0
2019-09-09	36.75	36.5	45.75	36.5	12500.0
2019-09-10	36.75	36.75	36.75	36.75	21600.0
2019-09-11	36.75	36.75	37.0	36.75	10500.0
2019-09-12	36.5	36.5	36.75	36.5	93200.0
2019-09-13	36.75	36.5	36.75	36.5	325000.0
2019-09-16	36.5	36.5	36.75	36.75	213000.0
2019-09-17	36.75	36.5	36.75	36.5	88600.0
2019-09-18	36.75	36.75	44.0	37.0	158900.0
2019-09-19	36.75	36.75	37.5	37.5	77000.0
2019-09-20	37.5	37.25	37.5	37.25	11900.0
2019-09-23	37.5	37.5	37.5	37.5	700.0
2019-09-25	37.25	37.25	43.0	40.0	500.0
2019-09-26	38.0	36.75	38.0	36.75	47700.0
2019-09-27	37.0	36.75	37.0	36.75	50000.0
2019-09-30	36.75	36.75	36.75	36.75	51000.0
2019-10-01	36.75	36.75	36.75	36.75	101100.0
2019-10-02	36.75	36.75	36.75	36.75	102000.0
2019-10-03	36.75	36.5	36.75	36.5	65300.0
2019-10-04	36.75	36.5	37.0	36.75	144700.0
2019-10-07	37.0	36.75	37.0	36.75	900.0
2019-10-08	36.75	36.75	36.75	36.75	5300.0
2019-10-09	36.75	36.75	37.0	37.0	1200.0
2019-10-10	36.75	36.75	36.75	36.75	14700.0
2019-10-11	37.0	36.75	46.0	46.0	4300.0
2019-10-15	38.0	36.75	38.0	36.75	4000.0
2019-10-16	36.75	36.75	36.75	36.75	6800.0
2019-10-17	44.5	37.0	44.5	37.0	13800.0
2019-10-18	37.25	37.25	37.25	37.25	100.0
2019-10-24	36.75	36.75	36.75	36.75	600.0
2019-10-25	36.75	36.75	36.75	36.75	1500.0
2019-10-28	36.5	28.0	36.5	35.0	3600.0
2019-10-29	35.0	35.0	37.0	37.0	117100.0
2019-11-04	36.5	36.0	36.5	36.0	1200.0
2019-11-06	36.0	36.0	36.0	36.0	200.0
2019-11-07	35.0	35.0	37.0	37.0	62700.0
2019-11-08	36.5	36.5	36.5	36.5	18900.0
2019-11-11	36.0	36.0	36.25	36.25	200.0
2019-11-12	36.25	36.25	36.25	36.25	100.0
2019-11-13	36.0	36.0	36.25	36.25	800.0
2019-11-14	35.75	35.75	36.0	36.0	200.0
2019-11-15	35.5	35.5	35.75	35.75	200.0
2019-11-18	35.5	35.5	35.5	35.5	100.0
2019-11-20	35.75	35.75	35.75	35.75	200.0
2019-11-21	35.5	35.5	35.5	35.5	200.0
2019-11-22	35.25	35.25	36.0	36.0	803000.0
2019-11-25	36.0	36.0	36.5	36.5	1002600.0
2019-11-26	36.0	35.25	36.5	35.25	1213000.0
2019-11-27	36.25	36.25	36.75	36.75	1298400.0
2019-11-28	37.0	36.25	38.75	36.5	1261800.0
2019-11-29	36.5	36.0	36.75	36.0	1222500.0
2019-12-02	36.5	36.5	36.5	36.5	1291000.0
2019-12-03	36.5	36.5	36.5	36.5	1222400.0
2019-12-04	36.5	36.5	37.25	37.25	1289100.0
2019-12-06	36.5	36.5	38.75	37.5	1303400.0
2019-12-09	36.5	36.5	36.5	36.5	1500000.0
2019-12-11	36.5	36.5	37.5	37.5	1600100.0
2019-12-12	36.5	36.25	37.5	37.5	1711400.0
2019-12-13	36.5	36.25	37.75	36.75	1671800.0
2019-12-16	37.5	37.5	37.5	37.5	500.0
2019-12-17	37.5	37.25	37.5	37.25	1600.0
2019-12-18	37.25	36.5	37.25	36.5	300.0
2019-12-19	36.5	36.0	36.5	36.0	1100.0
2019-12-20	36.25	36.0	36.25	36.0	1600.0
2019-12-23	37.0	37.0	37.0	37.0	100.0
2019-12-24	36.0	36.0	36.0	36.0	1700.0
2019-12-25	36.0	35.75	36.0	35.75	1200.0
2019-12-26	40.0	40.0	40.0	40.0	100.0
2019-12-27	36.75	36.5	37.25	37.25	1100.0
2020-01-02	36.5	35.5	36.5	35.5	1000.0
2020-01-03	35.5	35.5	36.0	36.0	900.0
2020-01-06	36.0	36.0	36.0	36.0	200.0
2020-01-07	36.0	36.0	36.0	36.0	600.0
2020-01-09	35.5	35.5	35.5	35.5	300.0
2020-01-14	37.75	37.75	37.75	37.75	100.0
2020-01-16	36.0	34.0	36.75	36.75	2600.0
2020-01-23	36.75	36.0	37.5	36.0	2600.0
2020-01-24	35.5	35.5	36.0	35.5	2100.0
2020-01-27	35.75	35.75	35.75	35.75	100.0
2020-01-28	35.75	35.75	35.75	35.75	700.0
2020-01-30	35.5	35.0	35.5	35.0	1300.0
2020-01-31	35.25	35.0	35.25	35.0	2200.0
2020-02-03	35.0	35.0	35.0	35.0	1000.0
2020-02-04	36.0	35.0	36.0	35.0	5000.0
2020-02-05	35.0	35.0	35.25	35.25	3000.0
2020-02-06	35.0	35.0	35.5	35.5	1400.0
2020-02-07	35.0	35.0	36.0	35.0	5000.0
2020-02-13	35.0	35.0	35.75	35.75	1500.0
2020-02-14	35.5	34.75	35.5	34.75	1400.0
2020-02-17	34.75	34.75	35.0	35.0	1000.0
2020-02-18	35.0	34.75	35.0	34.75	1700.0
2020-02-19	34.75	34.75	35.75	34.75	2400.0
2020-02-21	34.75	34.75	34.75	34.75	500.0
2020-02-24	34.25	34.25	34.5	34.5	1100.0
2020-02-25	33.75	33.25	33.75	33.75	1600.0
2020-02-26	33.75	23.8	33.75	30.0	6400.0
2020-02-27	29.0	28.5	29.0	28.5	5400.0
2020-02-28	28.5	28.5	28.5	28.5	700.0
2020-03-02	28.5	28.5	28.5	28.5	614500.0
2020-03-03	28.5	28.5	28.5	28.5	600.0
2020-03-04	28.5	28.5	28.5	28.5	1300.0
2020-03-05	28.5	28.5	28.5	28.5	3000.0
2020-03-09	28.0	26.0	28.0	26.0	1100.0
2020-03-11	25.75	25.75	26.0	26.0	5900.0
2020-03-12	26.0	26.0	26.0	26.0	400.0
2020-03-17	25.75	25.75	33.75	33.75	44500.0
2020-03-18	33.75	33.5	36.0	36.0	376100.0
2020-03-19	30.75	30.75	35.25	34.75	56800.0
2020-03-20	34.75	31.0	35.0	34.75	97800.0
2020-03-26	34.75	34.75	34.75	34.75	100.0
2020-04-24	34.0	34.0	35.0	35.0	1000.0
2020-04-30	34.75	34.75	34.75	34.75	300.0
2020-05-05	34.25	34.25	34.25	34.25	200.0
2020-05-11	30.75	30.5	33.75	33.75	2000.0
2020-05-12	34.0	34.0	34.25	34.25	200.0
2020-05-18	32.0	29.25	32.0	29.5	23600.0
2020-05-19	30.0	30.0	31.0	31.0	2000.0
2020-05-20	31.75	31.25	31.75	31.25	1200.0
2020-05-22	31.75	30.0	32.0	30.0	1400.0
2020-05-25	28.25	28.25	30.0	30.0	5300.0
2020-05-27	30.0	29.25	30.0	29.5	2300.0
2020-05-28	30.0	29.0	30.0	29.0	1300.0
2020-05-29	29.0	29.0	29.0	29.0	2800.0
2020-06-02	27.75	27.0	28.0	28.0	16900.0
2020-06-04	31.0	28.25	31.0	28.25	300.0
2020-06-05	29.75	27.75	29.75	27.75	8100.0
2020-06-08	28.0	27.75	28.25	28.25	1600.0
2020-06-09	28.25	28.25	28.25	28.25	100.0
2020-06-10	28.25	28.0	28.25	28.25	1000.0
2020-06-11	27.5	24.3	27.5	24.4	107400.0
2020-06-12	24.6	24.0	25.0	25.0	14800.0
2020-06-15	26.5	24.9	26.5	25.0	4700.0
2020-06-16	26.0	25.75	26.0	25.75	2000.0
2020-06-17	25.75	25.25	25.75	25.25	3100.0
2020-06-18	26.0	25.25	26.25	25.5	1900.0
2020-06-19	26.25	24.8	26.25	24.8	14100.0
2020-06-22	24.8	24.5	24.9	24.9	10000.0
2020-06-23	25.25	25.0	25.25	25.0	900.0
2020-06-24	25.25	25.25	26.5	26.0	2800.0
2020-06-25	25.5	25.5	25.5	25.5	100.0
2020-06-26	25.0	24.7	25.0	24.7	1400.0
2020-06-29	25.75	25.0	25.75	25.25	4000.0
2020-06-30	25.0	25.0	26.0	26.0	5100.0
2020-07-01	26.0	26.0	26.0	26.0	100.0
2020-07-02	25.25	25.25	26.25	25.75	7600.0
2020-07-03	26.25	26.0	26.5	26.0	1300.0
2020-07-07	26.0	25.25	26.0	25.25	4500.0
2020-07-08	25.25	25.0	25.25	25.0	6900.0
2020-07-09	25.25	25.0	25.5	25.5	5700.0
2020-07-10	25.25	25.25	25.5	25.25	3200.0
2020-07-13	25.0	25.0	25.0	25.0	3600.0
2020-07-14	25.0	25.0	25.5	25.5	1500.0
2020-07-15	25.0	24.9	25.0	24.9	2200.0
2020-07-16	24.9	24.9	25.0	25.0	1100.0
2020-07-17	25.0	25.0	25.0	25.0	500.0
2020-07-20	25.0	24.0	25.0	24.9	2700.0
2020-07-23	24.9	24.5	24.9	24.9	500.0
2020-07-24	24.8	24.8	24.8	24.8	100.0
2020-07-30	22.0	22.0	22.0	22.0	4400.0
2020-07-31	22.6	22.3	23.6	23.6	3500.0
2020-08-03	24.6	24.6	25.75	25.75	11200.0
2020-08-04	25.75	25.0	25.75	25.0	2000.0
2020-08-05	25.0	23.6	25.0	24.9	10800.0
2020-08-06	24.9	24.6	24.9	24.9	600.0
2020-08-10	24.8	23.6	24.9	24.9	1000.0
2020-08-11	24.6	24.5	24.9	24.9	2100.0
2020-08-13	24.2	24.2	24.4	24.4	2800.0
2020-08-14	24.4	24.4	24.5	24.5	1100.0
2020-08-18	23.4	23.0	23.4	23.0	3200.0
2020-08-19	24.7	23.3	25.0	23.3	1000.0
2020-08-20	23.2	23.2	24.2	24.2	600.0
2020-08-21	24.2	24.0	24.2	24.0	600.0
2020-08-24	23.8	23.3	23.8	23.3	2800.0
2020-08-25	23.2	23.2	23.2	23.2	300.0
2020-08-26	23.4	23.4	23.4	23.4	100.0
2020-08-27	24.1	24.1	24.1	24.1	100.0
2020-08-28	24.0	23.3	24.2	24.2	2200.0
2020-08-31	23.8	23.5	23.8	23.5	300.0
2020-09-01	23.4	23.4	23.8	23.6	2300.0
2020-09-02	23.4	23.2	23.6	23.6	3900.0
2020-09-03	24.4	23.2	24.7	23.8	9200.0
2020-09-08	23.7	23.0	23.7	23.0	1800.0
2020-09-09	23.9	23.9	23.9	23.9	100.0
2020-09-10	23.6	23.6	23.6	23.6	300.0
2020-09-11	23.5	23.5	23.5	23.5	600.0
2020-09-14	23.5	23.0	23.5	23.0	5200.0
2020-09-21	25.0	23.2	25.0	23.2	200.0
2020-09-23	24.4	24.4	25.0	25.0	11400.0
2020-09-24	24.9	23.9	25.0	24.0	4200.0
2020-09-25	24.0	24.0	25.75	25.75	13800.0
2020-09-30	25.75	25.75	26.0	26.0	9700.0
2020-10-05	25.75	24.1	26.0	24.1	3500.0
2020-10-06	26.0	26.0	26.0	26.0	5100.0
2020-10-12	25.25	24.5	26.0	26.0	7300.0
2020-10-16	26.0	26.0	26.0	26.0	3000.0
2020-10-19	25.25	25.25	26.0	26.0	7000.0
2020-10-20	26.0	24.6	27.0	24.6	2700.0
2020-10-21	26.0	26.0	26.0	26.0	100.0
2020-10-22	25.25	25.25	25.25	25.25	900.0
2020-10-26	26.0	25.75	26.0	25.75	4200.0
2020-10-27	26.5	26.5	26.5	26.5	300.0
2020-10-29	26.0	26.0	26.0	26.0	400.0
2020-10-30	26.5	26.5	26.5	26.5	1400.0
2020-11-02	25.0	25.0	26.25	26.25	1200.0
2020-11-03	26.75	26.75	26.75	26.75	400.0
2020-11-04	26.75	26.75	26.75	26.75	400.0
2020-11-05	26.75	26.5	27.0	27.0	4600.0
2020-11-06	26.75	26.75	29.0	28.75	2000.0
2020-11-09	28.5	26.75	28.5	27.0	5800.0
2020-11-10	27.0	27.0	28.25	28.25	3300.0
2020-11-11	28.25	28.25	30.0	30.0	6200.0
2020-11-12	28.0	27.75	39.0	39.0	4800.0
2020-11-13	39.5	32.0	39.5	32.0	12900.0
2020-11-16	30.5	29.5	34.0	30.75	7000.0
2020-11-17	30.0	30.0	30.75	30.75	400.0
2020-11-18	30.75	30.75	30.75	30.75	700.0
2020-11-19	30.75	30.5	30.75	30.5	500.0
2020-11-20	30.0	30.0	30.5	30.5	1400.0
2020-11-23	30.5	30.5	30.5	30.5	1600.0
2020-11-24	30.5	30.0	30.5	30.0	2500.0
2020-11-25	30.0	30.0	30.0	30.0	1800.0
2020-11-26	30.0	30.0	30.0	30.0	1000.0
2020-11-27	30.0	30.0	32.0	32.0	600.0
2020-11-30	32.0	31.0	32.0	32.0	2100.0
2020-12-01	34.0	31.0	34.25	31.25	2600.0
2020-12-02	31.25	31.0	31.25	31.0	400.0
2020-12-03	31.0	30.75	31.0	30.75	400.0
2020-12-04	30.5	30.25	30.5	30.5	700.0
2020-12-08	30.0	30.0	30.25	30.25	400.0
2020-12-09	30.25	30.25	39.0	33.0	8500.0
2020-12-14	33.0	33.0	34.0	34.0	1700.0
2020-12-15	34.0	34.0	36.0	34.75	14100.0
2020-12-16	34.75	34.75	34.75	34.75	100.0
2020-12-17	37.25	32.75	37.25	32.75	4000.0
2020-12-18	33.0	33.0	33.0	33.0	400.0
2020-12-21	33.0	29.5	33.0	29.5	7000.0
2020-12-22	29.5	29.0	32.5	32.5	6800.0
2020-12-23	29.0	29.0	31.5	30.25	800.0
2020-12-24	30.25	30.25	30.25	30.25	100.0
2020-12-25	30.25	30.25	33.0	33.0	900.0
2020-12-28	33.0	32.5	35.0	32.5	5300.0
2020-12-30	32.5	32.5	32.5	32.5	300.0
2021-01-04	32.5	32.5	33.75	33.75	300.0
2021-01-05	31.0	31.0	32.0	31.75	1200.0
2021-01-06	32.0	32.0	32.5	32.5	3500.0
2021-01-07	32.5	32.5	32.5	32.5	1800.0
2021-01-08	37.5	33.5	37.5	34.75	2500.0
2021-01-11	34.5	34.5	36.0	35.25	2200.0
2021-01-12	35.25	35.25	36.0	36.0	3100.0
2021-01-13	36.75	35.5	41.0	35.75	19000.0
2021-01-14	36.75	36.0	37.5	37.5	1400.0
2021-01-15	37.5	37.0	38.75	38.75	3200.0
2021-01-18	37.0	37.0	38.0	38.0	1400.0
2021-01-19	38.25	37.5	38.25	38.0	4300.0
2021-01-20	37.5	37.25	37.5	37.5	2400.0
2021-01-21	37.5	37.5	37.5	37.5	1200.0
2021-01-22	37.5	37.5	37.75	37.75	6900.0
2021-01-25	34.5	34.5	37.0	37.0	1600.0
2021-01-26	35.0	34.5	36.25	36.25	2900.0
2021-01-27	34.5	34.5	36.0	35.5	2000.0
2021-01-28	35.5	35.5	35.5	35.5	200.0
2021-01-29	35.5	34.5	35.5	34.5	800.0
2021-02-02	34.5	34.5	34.5	34.5	500.0
2021-02-04	36.5	36.5	36.5	36.5	100.0
2021-02-08	36.5	35.0	36.5	35.0	1600.0
2021-02-09	35.0	35.0	35.25	35.0	1300.0
2021-02-10	35.0	35.0	35.0	35.0	2000.0
2021-02-15	32.5	32.5	34.25	34.25	1100.0
2021-02-16	31.5	30.75	34.75	34.75	5600.0
2021-02-17	31.75	31.75	34.75	33.25	900.0
2021-02-18	33.5	33.25	33.5	33.25	500.0
2021-02-19	33.5	33.5	33.5	33.5	3000.0
2021-02-22	34.5	34.5	34.5	34.5	200.0
2021-02-24	32.5	32.5	34.5	34.5	200.0
2021-02-25	33.0	32.25	33.0	32.25	4200.0
2021-03-01	32.25	32.25	33.25	33.25	3400.0
2021-03-02	33.25	33.0	33.25	33.25	800.0
2021-03-03	33.25	33.25	33.25	33.25	500.0
2021-03-04	33.25	32.25	33.25	32.5	2500.0
2021-03-05	33.5	33.5	33.5	33.5	200.0
2021-03-08	31.75	31.75	32.25	31.75	3900.0
2021-03-09	32.0	32.0	32.25	32.25	4200.0
2021-03-10	34.25	32.0	34.25	32.0	300.0
2021-03-11	33.75	33.25	33.75	33.25	200.0
2021-03-12	33.0	33.0	33.25	33.0	2000.0
2021-03-15	33.0	32.0	33.0	32.0	1300.0
2021-03-16	32.0	32.0	32.0	32.0	2000.0
2021-03-17	31.75	31.75	31.75	31.75	2600.0
2021-03-18	33.5	33.5	33.5	33.5	100.0
2021-03-19	33.5	33.5	35.0	33.75	15600.0
2021-03-22	38.0	32.0	38.0	34.25	800.0
2021-03-23	34.25	34.25	36.75	35.0	2900.0
2021-03-24	35.0	35.0	35.0	35.0	700.0
2021-03-25	33.5	33.5	33.5	33.5	200.0
2021-03-26	35.75	33.75	35.75	33.75	500.0
2021-03-29	33.25	33.25	33.25	33.25	200.0
2021-03-30	33.0	33.0	33.0	33.0	1800.0
2021-03-31	33.75	33.25	34.75	34.75	2300.0
2021-04-01	34.25	33.0	34.25	33.25	500.0
2021-04-02	34.5	34.5	35.5	34.5	3600.0
2021-04-05	33.0	30.5	35.5	35.5	4000.0
2021-04-08	33.25	33.25	33.5	33.5	1000.0
2021-04-09	33.5	33.5	34.5	34.5	4600.0
2021-04-12	31.5	31.5	34.5	32.0	2300.0
2021-04-16	33.0	32.0	33.5	33.0	4800.0
2021-04-19	35.5	35.5	38.0	38.0	62900.0
2021-04-20	35.0	35.0	37.5	37.5	800.0
2021-04-21	38.0	35.75	38.0	36.0	9200.0
2021-04-23	34.25	34.25	34.25	34.25	100.0
2021-04-26	34.25	33.0	34.25	33.0	700.0
2021-04-27	36.0	36.0	36.0	36.0	1400.0
2021-04-28	36.0	35.0	36.0	35.0	400.0
2021-04-29	35.75	35.75	35.75	35.75	100.0
2021-05-05	34.0	33.0	35.0	35.0	800.0
2021-05-10	33.5	33.5	33.5	33.5	300.0
2021-05-12	33.5	33.5	33.5	33.5	100.0
2021-05-14	35.0	33.5	35.0	33.75	500.0
2021-05-17	34.5	34.5	35.5	34.5	4300.0
2021-05-18	34.5	34.5	34.5	34.5	2800.0
2021-05-20	34.5	34.5	34.5	34.5	100.0
2021-05-24	32.75	32.75	34.25	33.75	6200.0
2021-05-25	33.75	33.5	33.75	33.5	200.0
2021-05-27	33.5	33.25	33.5	33.25	3900.0
2021-05-28	33.25	33.25	34.0	34.0	1300.0
2021-05-31	33.5	33.5	33.5	33.5	1000.0
2021-06-01	33.25	32.5	33.25	33.25	4300.0
2021-06-02	33.0	33.0	33.0	33.0	17900.0
2021-06-04	33.25	33.0	33.25	33.0	1900.0
2021-06-07	33.0	33.0	33.0	33.0	2200.0
2021-06-08	33.0	33.0	33.0	33.0	200.0
2021-06-09	33.0	33.0	33.5	33.0	2600.0
2021-06-10	33.5	32.75	33.5	32.75	800.0
2021-06-11	33.0	33.0	33.5	33.0	1000.0
2021-06-14	33.75	32.5	33.75	32.5	3900.0
2021-06-15	32.75	32.25	33.0	32.75	6900.0
2021-06-17	32.75	32.0	32.75	32.25	6300.0
2021-06-18	32.75	32.75	32.75	32.75	200.0
2021-06-21	32.25	32.0	33.0	33.0	2100.0
2021-06-22	33.5	32.5	33.5	32.5	1000.0
2021-06-23	32.5	32.5	32.5	32.5	200.0
2021-06-24	32.5	31.75	32.5	32.25	1800.0
2021-06-25	33.0	32.25	33.0	32.25	800.0
2021-06-28	32.0	31.75	33.5	33.5	1400.0
2021-06-29	34.0	32.5	34.0	32.5	200.0
2021-07-01	32.75	32.5	32.75	32.75	3300.0
2021-07-02	32.75	31.5	32.75	31.5	4400.0
2021-07-05	32.5	32.5	35.5	34.75	3100.0
2021-07-06	34.75	32.75	34.75	32.75	1000.0
2021-07-07	32.75	32.75	33.75	33.5	2600.0
2021-07-08	33.5	33.0	33.75	33.0	1900.0
2021-07-09	33.5	32.5	33.5	32.5	500.0
2021-07-12	32.5	32.5	33.5	33.5	800.0
2021-07-13	33.5	31.0	33.5	31.5	10800.0
2021-07-14	32.25	31.5	32.25	31.5	1800.0
2021-07-15	32.5	32.0	35.25	35.25	14800.0
2021-07-16	33.5	32.5	34.0	33.0	6900.0
2021-07-19	33.0	33.0	33.5	33.5	6200.0
2021-07-20	33.5	31.0	33.5	32.5	11600.0
2021-07-21	31.5	31.25	32.25	32.0	1000.0
2021-07-22	32.0	31.5	32.0	31.5	600.0
2021-07-23	31.75	31.25	32.0	32.0	600.0
2021-07-27	32.0	31.0	32.0	31.25	3800.0
2021-07-29	31.5	31.5	31.5	31.5	1000.0
2021-07-30	31.5	31.25	31.5	31.25	1900.0
2021-08-02	31.25	31.0	31.25	31.25	6200.0
2021-08-03	31.5	31.5	31.5	31.5	400.0
2021-08-04	32.0	31.5	32.0	31.5	600.0
2021-08-05	32.75	31.25	32.75	31.25	1100.0
2021-08-06	31.5	31.5	32.25	32.25	500.0
2021-08-10	32.5	32.0	32.5	32.0	200.0
2021-08-11	32.0	31.75	32.0	31.75	300.0
2021-08-13	31.5	26.25	33.5	30.25	5500.0
2021-08-16	30.25	29.75	30.25	30.25	700.0
2021-08-20	32.0	30.25	32.0	31.75	600.0
2021-08-23	31.25	30.5	31.25	30.75	4800.0
2021-08-24	30.5	30.5	31.0	31.0	3200.0
2021-08-27	31.0	31.0	31.0	31.0	600.0
2021-08-30	32.0	32.0	32.0	32.0	500.0
2021-09-01	31.75	31.0	31.75	31.0	1300.0
2021-09-02	31.0	30.75	31.0	30.75	1600.0
2021-09-03	31.5	30.0	31.5	31.5	2200.0
2021-09-10	31.75	31.75	31.75	31.75	500.0
2021-09-13	31.0	30.25	31.0	30.75	3000.0
2021-09-14	30.5	30.5	30.5	30.5	1000.0
2021-09-15	29.5	29.0	30.75	29.0	5600.0
2021-09-16	29.75	29.25	31.0	31.0	1600.0
2021-09-17	30.75	29.75	30.75	30.0	2700.0
2021-09-20	30.25	30.0	30.5	30.5	4100.0
2021-09-21	30.0	28.0	30.0	30.0	7900.0
2021-09-22	29.0	29.0	29.0	29.0	400.0
2021-09-23	29.25	29.25	29.25	29.25	900.0
2021-09-27	29.5	29.5	29.5	29.5	1000.0
2021-09-30	29.75	29.75	29.75	29.75	1000.0
2021-10-01	29.75	29.0	29.75	29.25	400.0
2021-10-04	28.25	28.25	29.75	29.75	700.0
2021-10-05	28.5	28.5	28.5	28.5	100.0
2021-10-07	29.0	29.0	29.0	29.0	200.0
2021-10-08	29.0	28.5	29.0	28.5	200.0
2021-10-11	28.5	28.5	28.5	28.5	100.0
2021-10-12	29.25	28.25	29.25	28.25	900.0
2021-10-14	28.0	28.0	29.0	29.0	1000.0
2021-10-19	29.75	27.75	29.75	27.75	500.0
2021-10-20	28.0	27.5	28.0	28.0	1400.0
2021-10-21	28.5	28.5	28.5	28.5	100.0
2021-10-25	28.5	28.5	28.5	28.5	100.0
2021-10-26	28.0	27.75	28.0	28.0	300.0
2021-10-27	29.0	27.5	29.0	27.5	800.0
2021-10-28	27.75	27.5	27.75	27.5	300.0
2021-10-29	27.5	27.0	29.0	29.0	600.0
2021-11-01	32.0	27.5	32.0	29.0	8600.0
2021-11-02	28.5	28.5	29.0	29.0	200.0
2021-11-03	29.25	29.0	29.25	29.0	300.0
2021-11-04	28.25	28.25	28.25	28.25	100.0
2021-11-05	29.25	29.25	29.25	29.25	100.0
2021-11-08	28.0	27.25	29.0	28.0	1800.0
2021-11-09	29.0	26.25	29.0	27.75	4100.0
2021-11-10	26.5	26.5	27.5	27.5	600.0
2021-11-11	27.5	26.75	27.5	27.5	400.0
2021-11-12	26.0	26.0	28.25	28.25	1100.0
2021-11-15	26.0	24.8	26.0	26.0	28200.0
2021-11-16	26.5	25.5	26.5	25.75	1900.0
2021-11-17	25.75	25.5	25.75	25.5	500.0
2021-11-18	25.25	25.25	26.0	25.5	1600.0
2021-11-19	25.25	25.25	25.25	25.25	200.0
2021-11-22	25.25	25.0	25.75	25.5	400.0
2021-11-23	27.25	25.5	27.25	25.5	500.0
2021-11-24	25.5	25.5	25.5	25.5	300.0
2021-11-26	25.5	25.5	25.75	25.75	300.0
2021-11-29	25.0	25.0	25.5	25.5	200.0
2021-11-30	26.0	26.0	26.0	26.0	800.0
2021-12-01	26.0	26.0	26.0	26.0	100.0
2021-12-03	25.0	25.0	26.0	26.0	1000.0
2021-12-07	25.0	24.9	25.0	24.9	4500.0
2021-12-08	26.5	26.5	26.5	26.5	100.0
2021-12-09	25.25	25.25	26.5	25.25	4000.0
2021-12-13	26.25	26.25	26.25	26.25	200.0
2021-12-14	26.5	26.25	26.5	26.5	1400.0
2021-12-15	26.75	25.75	26.75	26.0	900.0
2021-12-16	26.25	26.0	28.0	26.5	4400.0
2021-12-20	26.5	25.5	26.5	26.5	1400.0
2021-12-21	26.5	26.0	26.75	26.0	3000.0
2021-12-22	25.5	25.5	26.75	26.75	400.0
2021-12-27	26.75	26.75	26.75	26.75	300.0
2021-12-28	25.25	25.0	25.75	25.0	9200.0
2021-12-29	25.25	25.0	25.25	25.25	3700.0
2021-12-30	25.0	24.9	25.0	24.9	6700.0
2022-01-04	25.0	24.9	25.0	24.9	1400.0
2022-01-05	24.9	24.9	25.5	25.0	2400.0
2022-01-06	25.0	24.9	25.0	24.9	3400.0
2022-01-07	25.25	24.8	25.25	25.25	17300.0
2022-01-10	25.5	24.4	25.5	24.6	28700.0
2022-01-11	24.9	24.5	24.9	24.5	600.0
2022-01-12	25.0	24.5	25.0	24.5	2000.0
2022-01-13	25.0	24.5	25.0	24.5	1600.0
2022-01-14	25.0	25.0	25.0	25.0	400.0
2022-01-17	25.0	25.0	25.0	25.0	300.0
2022-01-18	25.0	24.9	25.0	25.0	500.0
2022-01-19	25.0	25.0	25.0	25.0	400.0
2022-01-20	24.8	24.5	24.8	24.5	4600.0
2022-01-21	24.5	24.4	25.0	24.4	500.0
2022-01-24	24.1	23.0	24.1	23.0	14200.0
2022-01-25	23.0	22.5	23.0	23.0	1600.0
2022-01-26	22.9	20.0	22.9	20.5	28400.0
2022-01-27	20.5	19.9	20.7	20.2	23300.0
2022-01-28	20.1	20.1	20.4	20.1	2500.0
2022-01-31	20.1	20.1	20.5	20.5	500.0
2022-02-01	20.5	20.5	20.5	20.5	200.0
2022-02-02	20.1	20.0	20.4	20.3	6700.0
2022-02-03	20.3	20.3	20.5	20.4	7200.0
2022-02-07	20.4	20.0	20.4	20.3	5000.0
2022-02-08	20.4	20.0	20.4	20.4	3800.0
2022-02-09	20.4	20.2	20.5	20.2	6100.0
2022-02-10	20.4	20.4	20.4	20.4	100.0
2022-02-11	20.5	20.4	20.8	20.8	7900.0
2022-02-14	20.8	20.7	20.8	20.7	200.0
2022-02-15	20.1	20.1	20.7	20.5	5600.0
2022-02-17	20.4	20.3	20.4	20.4	2400.0
2022-02-18	20.5	20.5	20.5	20.5	3000.0
2022-02-21	20.4	20.4	20.4	20.4	100.0
2022-02-22	20.4	20.0	20.5	20.5	2600.0
2022-02-23	20.5	20.1	21.5	20.1	2000.0
2022-02-25	20.5	20.0	20.5	20.1	14700.0
2022-02-28	20.2	20.2	20.4	20.3	900.0
2022-03-01	20.3	20.3	20.4	20.4	2100.0
2022-03-02	20.4	20.3	20.4	20.4	800.0
2022-03-03	20.4	20.4	20.5	20.5	1500.0
2022-03-04	20.4	20.0	20.4	20.0	7900.0
2022-03-07	20.2	19.9	20.5	19.9	17700.0
2022-03-08	19.9	19.7	20.0	19.7	4000.0
2022-03-09	19.6	19.6	19.8	19.8	8200.0
2022-03-10	19.9	19.9	20.2	20.2	800.0
2022-03-11	20.1	20.0	20.1	20.1	1700.0
2022-03-14	20.0	20.0	20.0	20.0	1000.0
2022-03-15	20.0	19.4	20.0	19.8	11700.0
2022-03-16	19.8	19.7	22.0	20.2	33400.0
2022-03-17	20.1	19.8	20.5	20.0	12900.0
2022-03-18	20.4	20.1	20.5	20.1	8000.0
2022-03-21	20.0	19.8	20.0	19.9	12000.0
2022-03-22	19.9	19.9	20.0	19.9	8300.0
2022-03-23	20.0	19.9	20.0	19.9	2000.0
2022-03-24	19.9	19.4	19.9	19.5	19600.0
2022-03-25	19.6	19.6	19.8	19.6	2600.0
2022-03-28	19.7	19.5	19.7	19.5	500.0
2022-03-29	19.5	19.4	19.8	19.8	2200.0
2022-03-30	19.6	19.6	19.6	19.6	500.0
2022-03-31	19.7	19.7	19.7	19.7	800.0
2022-04-01	19.6	19.6	19.6	19.6	700.0
2022-04-04	19.8	19.6	19.8	19.6	6400.0
2022-04-05	19.9	19.5	20.0	19.5	3300.0
2022-04-07	19.5	19.4	19.5	19.4	2900.0
2022-04-08	19.4	19.4	19.7	19.6	600.0
2022-04-11	19.5	19.2	19.6	19.2	6200.0
2022-04-12	19.3	19.3	19.4	19.4	500.0
2022-04-18	19.5	19.5	19.5	19.5	200.0
2022-04-19	19.6	19.6	19.6	19.6	200.0
2022-04-20	19.6	19.6	19.6	19.6	100.0
2022-04-21	19.9	19.5	19.9	19.5	1100.0
2022-04-25	20.5	20.5	20.5	20.5	100.0
2022-04-27	20.5	19.4	20.5	19.4	3800.0
2022-04-28	19.3	19.3	19.9	19.9	1200.0
2022-04-29	19.5	19.4	20.2	20.2	1500.0
2022-05-03	19.5	19.5	19.5	19.5	100.0
2022-05-05	20.9	19.4	20.9	19.4	6700.0
2022-05-06	19.4	19.4	19.6	19.6	1200.0
2022-05-09	19.3	19.3	19.4	19.3	2100.0
2022-05-10	19.5	19.5	19.5	19.5	200.0
2022-05-11	20.0	20.0	20.0	20.0	100.0
2022-05-12	19.9	19.0	19.9	19.0	6800.0
2022-05-13	19.1	19.0	19.4	19.0	2500.0
2022-05-17	20.7	19.9	20.9	20.1	19600.0
2022-05-18	19.9	19.7	20.1	19.8	3800.0
2022-05-19	20.4	19.9	20.4	20.1	5800.0
2022-05-20	20.1	20.1	20.3	20.2	2800.0
2022-05-23	20.8	20.0	20.8	20.5	39000.0
2022-05-24	20.9	20.4	20.9	20.6	12000.0
2022-05-25	20.2	20.0	20.3	20.0	4900.0
2022-05-26	20.1	20.0	20.2	20.0	14300.0
2022-05-27	20.5	20.5	20.5	20.5	200.0
2022-05-30	20.1	20.1	20.8	20.5	2500.0
2022-05-31	20.2	20.1	20.8	20.5	3400.0
2022-06-01	20.1	20.0	20.5	20.5	5600.0
2022-06-02	20.5	20.5	20.5	20.5	500.0
2022-06-06	20.5	20.1	20.5	20.1	1300.0
2022-06-07	20.1	20.0	20.7	20.1	6800.0
2022-06-08	20.1	20.1	20.1	20.1	1200.0
2022-06-09	20.5	20.1	20.8	20.1	2400.0
2022-06-10	20.8	20.2	20.8	20.7	3500.0
2022-06-13	20.7	20.2	24.0	21.9	63100.0
2022-06-14	26.0	21.0	26.0	21.2	58900.0
2022-06-15	21.1	20.9	21.1	21.0	11800.0
2022-06-16	21.1	20.3	21.1	20.6	14500.0
2022-06-17	20.0	20.0	20.5	20.4	1100.0
2022-06-20	20.6	20.2	20.6	20.5	2700.0
2022-06-21	20.3	20.3	20.5	20.4	2200.0
2022-06-22	20.4	20.4	20.4	20.4	2100.0
2022-06-23	20.2	20.0	20.2	20.0	1500.0
2022-06-24	20.0	20.0	20.2	20.2	13300.0
2022-06-27	20.0	20.0	20.0	20.0	100.0
2022-06-28	20.0	20.0	20.7	20.7	7100.0
2022-06-29	20.7	20.6	20.8	20.6	1100.0
2022-06-30	20.1	20.1	20.1	20.1	300.0
2022-07-04	20.0	20.0	20.1	20.1	4000.0
2022-07-05	20.1	20.0	20.1	20.0	5100.0
2022-07-06	20.0	19.9	20.0	19.9	5500.0
2022-07-07	20.5	20.0	20.5	20.0	2000.0
2022-07-08	20.0	20.0	20.0	20.0	2500.0
2022-07-12	20.7	20.5	20.7	20.5	8000.0
2022-07-18	20.1	20.1	20.1	20.1	2400.0
2022-07-19	20.0	20.0	20.0	20.0	2000.0
2022-07-21	20.0	20.0	20.0	20.0	1200.0
2022-07-25	20.5	20.5	20.5	20.5	500.0
2022-07-26	20.0	20.0	20.0	20.0	200.0
2022-07-27	20.0	20.0	20.0	20.0	1000.0
2022-08-01	20.0	20.0	20.0	20.0	7400.0
2022-08-02	20.0	20.0	20.0	20.0	500.0
2022-08-04	20.5	20.0	20.5	20.0	1700.0
2022-08-05	20.0	20.0	20.0	20.0	100.0
2022-08-09	20.5	19.7	20.6	19.7	3700.0
2022-08-10	20.0	19.8	20.0	19.8	2800.0
2022-08-11	19.7	19.2	20.0	19.4	11500.0
2022-08-15	19.3	19.3	20.3	20.3	3800.0
2022-08-16	20.4	20.2	20.8	20.7	29400.0
2022-08-17	20.7	20.6	20.9	20.9	13500.0
2022-08-18	20.9	20.5	20.9	20.5	2800.0
2022-08-19	20.5	20.5	20.7	20.6	1300.0
2022-08-22	20.5	20.5	20.5	20.5	400.0
2022-08-23	20.5	20.5	20.7	20.7	2600.0
2022-08-24	20.5	20.0	20.7	20.7	2600.0
2022-08-25	20.7	20.7	20.7	20.7	600.0
2022-08-26	20.7	20.4	20.7	20.4	1400.0
2022-08-29	20.5	20.5	20.5	20.5	500.0
2022-08-30	20.4	20.2	20.5	20.4	3400.0
2022-08-31	20.2	20.2	20.6	20.4	6900.0
2022-09-01	20.4	20.4	20.4	20.4	6400.0
2022-09-02	20.6	20.6	20.6	20.6	100.0
2022-09-05	20.6	20.4	20.6	20.4	600.0
2022-09-06	20.4	20.4	20.4	20.4	500.0
2022-09-07	20.5	20.5	20.5	20.5	500.0
2022-09-08	20.5	20.5	20.5	20.5	400.0
2022-09-09	20.5	20.4	20.5	20.4	3300.0
2022-09-12	20.6	20.6	20.6	20.6	1100.0
2022-09-13	20.6	20.6	20.6	20.6	500.0
2022-09-14	20.5	20.4	20.5	20.5	2200.0
2022-09-15	20.6	20.6	20.6	20.6	200.0
2022-09-16	20.6	20.2	20.6	20.2	500.0
2022-09-19	20.4	20.4	20.5	20.5	2900.0
2022-09-20	20.5	20.4	20.5	20.4	1700.0
2022-09-21	20.4	20.2	20.4	20.2	4200.0
2022-09-22	20.8	20.5	20.8	20.5	2500.0
2022-09-23	20.5	20.4	20.5	20.5	1200.0
2022-09-26	20.4	20.4	20.4	20.4	600.0
2022-09-27	20.5	20.4	20.5	20.5	2300.0
2022-09-28	20.4	20.1	20.4	20.3	5400.0
2022-09-29	20.3	20.3	20.3	20.3	1000.0
2022-09-30	20.3	20.3	20.4	20.4	4500.0
2022-10-03	20.3	20.3	20.3	20.3	1100.0
2022-10-04	20.4	20.4	20.9	20.8	2000.0
2022-10-05	20.9	20.5	20.9	20.5	5300.0
2022-10-06	20.5	20.0	20.5	20.0	4800.0
2022-10-07	20.0	20.0	20.2	20.0	4400.0
2022-10-10	20.2	20.0	20.2	20.0	2400.0
2022-10-12	20.2	20.2	20.3	20.3	1500.0
2022-10-18	20.1	20.0	20.1	20.0	1500.0
2022-10-20	20.0	20.0	20.0	20.0	1600.0
2022-10-21	20.5	20.0	20.5	20.0	600.0
2022-10-25	20.0	20.0	20.0	20.0	400.0
2022-10-26	20.0	19.8	20.0	20.0	12500.0
2022-10-27	20.1	20.1	20.1	20.1	200.0
2022-10-31	20.1	19.7	20.1	19.7	1200.0
2022-11-01	20.0	20.0	20.0	20.0	1500.0
2022-11-02	20.0	19.9	20.0	19.9	1300.0
2022-11-03	20.0	20.0	20.0	20.0	1000.0
2022-11-07	19.9	19.9	19.9	19.9	1200.0
2022-11-08	20.0	20.0	20.0	20.0	500.0
2022-11-09	19.5	19.5	19.5	19.5	300.0
2022-11-10	20.0	20.0	20.0	20.0	100.0
2022-11-11	20.1	20.1	20.1	20.1	100.0
2022-11-16	20.3	20.3	20.3	20.3	100.0
2022-11-18	20.2	20.0	20.2	20.0	500.0
2022-11-21	20.0	20.0	20.0	20.0	100.0
2022-11-23	19.8	19.8	19.8	19.8	100.0
2022-11-24	19.8	19.8	19.8	19.8	100.0
2022-11-25	19.8	19.8	19.8	19.8	100.0
2022-12-07	19.9	19.9	19.9	19.9	100.0
2022-12-08	19.8	19.8	19.8	19.8	200.0
2022-12-15	19.8	19.8	19.8	19.8	100.0
2022-12-16	19.8	19.8	20.5	20.5	1600.0
2022-12-19	20.5	20.5	20.5	20.5	200.0
2022-12-20	20.5	20.0	20.5	20.0	1400.0
2022-12-21	20.0	20.0	20.0	20.0	600.0
2022-12-22	20.0	20.0	20.0	20.0	100.0
2022-12-30	20.2	20.2	20.2	20.2	300.0
