Date	Price Open	Price Low	Price High	Price Close	Volume
2018-10-24	3.84	3.5	3.88	3.68	101012000.0
2018-10-25	3.64	3.58	3.68	3.68	8356800.0
2018-10-26	3.66	3.5	3.7	3.7	27399600.0
2018-10-29	3.7	3.62	3.78	3.62	16353600.0
2018-10-30	3.64	3.6	3.66	3.6	2731600.0
2018-10-31	3.62	3.56	3.64	3.6	2574300.0
2018-11-01	3.62	3.58	3.62	3.6	2200000.0
2018-11-02	3.6	3.58	3.64	3.58	3958200.0
2018-11-05	3.6	3.58	3.62	3.58	932700.0
2018-11-06	3.64	3.64	3.74	3.66	9210900.0
2018-11-07	3.68	3.58	3.68	3.62	2080300.0
2018-11-08	3.62	3.6	3.64	3.62	351000.0
2018-11-09	3.58	3.58	3.64	3.6	485800.0
2018-11-12	3.6	3.58	3.68	3.68	624400.0
2018-11-13	3.6	3.6	3.68	3.68	2501000.0
2018-11-14	3.66	3.6	3.66	3.6	749900.0
2018-11-15	3.6	3.5	3.6	3.5	1369600.0
2018-11-16	3.5	3.46	3.66	3.64	1640800.0
2018-11-19	3.68	3.56	3.68	3.56	994300.0
2018-11-20	3.58	3.54	3.64	3.54	154700.0
2018-11-21	3.58	3.56	3.6	3.56	571800.0
2018-11-22	3.6	3.54	3.62	3.6	634100.0
2018-11-23	3.6	3.58	3.62	3.6	277100.0
2018-11-26	3.62	3.62	3.66	3.64	1045600.0
2018-11-27	3.62	3.62	3.7	3.68	6805200.0
2018-11-28	3.7	3.7	3.8	3.8	21208400.0
2018-11-29	3.8	3.78	3.92	3.86	25446700.0
2018-11-30	3.88	3.86	3.92	3.9	7529400.0
2018-12-03	3.94	3.92	4.0	4.0	16512300.0
2018-12-04	4.02	3.92	4.06	3.94	14156700.0
2018-12-06	3.9	3.88	3.92	3.88	2593700.0
2018-12-07	3.9	3.86	4.06	4.0	15763700.0
2018-12-11	4.04	3.98	4.04	3.98	8269000.0
2018-12-12	4.02	4.02	4.14	4.08	20016600.0
2018-12-13	4.12	4.02	4.12	4.04	9110700.0
2018-12-14	4.04	4.02	4.12	4.04	10450600.0
2018-12-17	4.06	4.04	4.08	4.06	3864900.0
2018-12-18	4.06	4.06	4.18	4.16	7481900.0
2018-12-19	4.16	4.14	4.22	4.2	4311900.0
2018-12-20	4.2	4.16	4.22	4.2	3278700.0
2018-12-21	4.18	4.18	4.34	4.32	7211600.0
2018-12-24	4.34	4.32	4.4	4.34	9976600.0
2018-12-25	4.32	4.28	4.32	4.3	3195200.0
2018-12-26	4.3	4.3	4.36	4.32	2744600.0
2018-12-27	4.36	4.34	4.48	4.44	6433900.0
2018-12-28	4.46	4.46	4.5	4.5	4009600.0
2019-01-02	4.5	4.42	4.56	4.44	5859700.0
2019-01-03	4.44	4.02	4.44	4.2	7947200.0
2019-01-04	4.2	4.2	4.26	4.2	3075800.0
2019-01-07	4.2	4.1	4.24	4.1	1415900.0
2019-01-08	4.0	3.7	4.02	3.72	2801500.0
2019-01-09	3.74	3.68	3.78	3.76	1000900.0
2019-01-10	3.76	3.48	3.76	3.48	2547700.0
2019-01-11	3.52	3.48	3.58	3.54	446000.0
2019-01-14	3.56	3.52	3.64	3.52	289200.0
2019-01-15	3.54	3.48	3.54	3.48	368100.0
2019-01-16	3.54	3.46	3.54	3.46	343900.0
2019-01-17	3.44	3.44	3.54	3.48	220000.0
2019-01-18	3.5	3.44	3.5	3.5	134000.0
2019-01-21	3.46	3.46	3.5	3.46	44600.0
2019-01-22	3.46	3.44	3.46	3.46	69300.0
2019-01-23	3.44	3.44	3.52	3.52	151600.0
2019-01-24	3.46	3.46	3.52	3.48	96500.0
2019-01-25	3.52	3.46	3.56	3.5	67400.0
2019-01-28	3.5	3.46	3.74	3.68	2622700.0
2019-01-29	3.7	3.5	3.76	3.54	1996600.0
2019-01-30	3.6	3.52	3.6	3.54	149900.0
2019-01-31	3.54	3.54	3.6	3.54	130100.0
2019-02-01	3.54	3.5	3.54	3.5	293200.0
2019-02-04	3.5	3.46	3.54	3.54	294400.0
2019-02-05	3.54	3.48	3.54	3.48	101400.0
2019-02-06	3.52	3.48	3.52	3.48	64800.0
2019-02-07	3.48	3.46	3.5	3.48	77800.0
2019-02-08	3.48	3.44	3.48	3.46	122900.0
2019-02-11	3.46	3.32	3.46	3.32	363400.0
2019-02-12	3.32	3.3	3.4	3.36	147200.0
2019-02-13	3.34	3.3	3.34	3.34	134800.0
2019-02-14	3.3	3.3	3.32	3.3	288000.0
2019-02-15	3.32	3.26	3.34	3.26	46600.0
2019-02-18	3.26	3.18	3.3	3.3	141800.0
2019-02-20	3.34	3.3	3.4	3.3	300500.0
2019-02-21	3.3	3.3	3.38	3.38	103300.0
2019-02-22	3.36	3.32	3.4	3.34	139800.0
2019-02-25	3.42	3.36	3.42	3.36	66100.0
2019-02-26	3.36	3.34	3.36	3.34	36800.0
2019-02-27	3.36	3.34	3.36	3.36	6500.0
2019-02-28	3.32	3.26	3.32	3.26	136900.0
2019-03-01	3.24	3.22	3.24	3.22	38000.0
2019-03-04	3.2	3.16	3.3	3.16	113700.0
2019-03-05	3.18	3.14	3.18	3.14	19000.0
2019-03-06	3.14	3.08	3.16	3.08	80400.0
2019-03-07	3.1	3.1	3.18	3.16	60100.0
2019-03-08	3.2	3.16	3.2	3.2	8000.0
2019-03-11	3.18	3.14	3.18	3.14	22500.0
2019-03-12	3.12	3.02	3.12	3.02	57600.0
2019-03-13	3.0	3.0	3.1	3.04	71400.0
2019-03-14	3.04	2.98	3.04	3.02	174000.0
2019-03-15	3.02	3.0	3.02	3.0	22500.0
2019-03-18	3.0	2.96	3.0	2.96	705900.0
2019-03-19	2.96	2.92	2.98	2.92	689900.0
2019-03-20	2.94	2.92	3.0	3.0	26600.0
2019-03-21	2.98	2.96	2.98	2.98	7700.0
2019-03-22	2.94	2.94	3.1	3.02	76800.0
2019-03-25	3.02	2.94	3.02	2.94	335200.0
2019-03-26	2.96	2.92	3.0	2.92	64200.0
2019-03-27	2.94	2.94	2.98	2.94	136000.0
2019-03-28	2.96	2.94	2.96	2.94	5500.0
2019-03-29	2.96	2.9	2.96	2.9	186800.0
2019-04-01	2.92	2.88	2.94	2.88	83200.0
2019-04-02	2.9	2.82	2.9	2.84	203000.0
2019-04-03	2.82	2.82	2.88	2.88	12100.0
2019-04-04	2.88	2.6	2.88	2.82	43100.0
2019-04-05	2.82	2.78	2.86	2.8	59100.0
2019-04-09	2.8	2.8	2.82	2.82	42700.0
2019-04-10	2.8	2.7	2.8	2.74	262400.0
2019-04-11	2.76	2.72	2.8	2.8	377900.0
2019-04-12	2.78	2.78	2.88	2.86	688000.0
2019-04-17	2.84	2.8	2.86	2.84	571100.0
2019-04-18	2.84	2.8	2.86	2.8	64300.0
2019-04-19	2.86	2.8	2.86	2.8	42000.0
2019-04-22	2.82	2.8	2.82	2.8	23900.0
2019-04-23	2.82	2.7	2.82	2.78	217300.0
2019-04-24	2.74	2.74	2.84	2.8	571400.0
2019-04-25	2.84	2.3	2.84	2.72	87700.0
2019-04-26	2.72	2.7	2.82	2.74	26800.0
2019-04-29	2.76	2.7	2.76	2.72	3200.0
2019-04-30	2.7	2.7	2.76	2.74	19000.0
2019-05-02	2.76	2.74	2.76	2.74	3200.0
2019-05-03	2.76	2.7	2.76	2.72	60300.0
2019-05-07	2.72	2.7	2.72	2.72	43000.0
2019-05-08	2.7	2.7	2.72	2.72	1000.0
2019-05-09	2.7	2.7	2.72	2.7	12700.0
2019-05-10	2.7	2.7	2.74	2.74	15400.0
2019-05-13	2.72	2.66	2.72	2.66	164100.0
2019-05-14	2.66	2.66	2.72	2.68	73200.0
2019-05-15	2.68	2.66	2.68	2.66	53300.0
2019-05-16	2.66	2.5	2.66	2.64	42300.0
2019-05-17	2.66	2.64	2.66	2.64	67700.0
2019-05-21	2.64	2.64	2.66	2.66	5000.0
2019-05-22	2.66	2.6	2.68	2.66	39700.0
2019-05-23	2.66	2.64	2.66	2.64	2400.0
2019-05-24	2.64	2.64	2.64	2.64	31100.0
2019-05-27	2.64	2.64	2.66	2.66	28100.0
2019-05-28	2.66	2.58	2.66	2.66	96700.0
2019-05-29	2.68	2.68	2.74	2.72	134300.0
2019-05-30	2.72	2.72	2.72	2.72	32000.0
2019-05-31	2.74	2.7	2.74	2.74	36700.0
2019-06-04	2.74	2.74	2.82	2.8	533300.0
2019-06-05	2.8	2.8	2.88	2.88	773100.0
2019-06-06	2.9	2.88	2.9	2.88	306300.0
2019-06-07	2.86	2.8	2.86	2.82	194100.0
2019-06-10	2.84	2.82	2.84	2.82	18000.0
2019-06-11	2.84	2.78	2.84	2.78	254300.0
2019-06-12	2.78	2.78	2.82	2.82	202100.0
2019-06-13	2.82	2.82	2.82	2.82	29400.0
2019-06-14	2.86	2.86	2.86	2.86	30100.0
2019-06-17	2.86	2.86	2.86	2.86	31400.0
2019-06-18	2.84	2.84	2.88	2.86	38600.0
2019-06-19	2.86	2.86	2.88	2.88	65000.0
2019-06-20	2.88	2.88	2.88	2.88	100.0
2019-06-21	2.88	2.88	2.92	2.9	25700.0
2019-06-24	2.88	2.86	2.92	2.86	63800.0
2019-06-25	2.86	2.78	2.88	2.88	397700.0
2019-06-26	2.88	2.8	2.88	2.8	57400.0
2019-06-27	2.78	2.7	2.78	2.72	229600.0
2019-06-28	2.78	2.68	2.78	2.68	75700.0
2019-07-01	2.74	2.68	2.84	2.78	20700.0
2019-07-02	2.76	2.72	2.78	2.72	51300.0
2019-07-03	2.8	2.74	2.8	2.74	400.0
2019-07-04	2.78	2.7	2.78	2.76	37200.0
2019-07-05	2.76	2.68	2.76	2.76	1400.0
2019-07-08	2.78	2.74	2.78	2.74	10100.0
2019-07-09	2.76	2.72	2.76	2.74	18700.0
2019-07-10	2.76	2.7	2.76	2.7	3400.0
2019-07-11	2.78	2.68	2.78	2.68	22200.0
2019-07-12	2.68	2.66	2.72	2.7	215100.0
2019-07-15	2.74	2.72	2.76	2.72	13000.0
2019-07-17	2.7	2.68	2.72	2.72	19100.0
2019-07-18	2.72	2.68	2.74	2.72	15900.0
2019-07-19	2.68	2.68	2.72	2.7	4700.0
2019-07-22	2.7	2.7	2.7	2.7	500.0
2019-07-23	2.68	2.68	2.7	2.7	19100.0
2019-07-24	2.68	2.68	2.72	2.7	1500.0
2019-07-25	2.68	2.68	2.7	2.68	34500.0
2019-07-26	2.68	2.68	2.68	2.68	4600.0
2019-07-30	2.62	2.6	2.66	2.6	88500.0
2019-07-31	2.58	2.56	2.6	2.6	13200.0
2019-08-01	2.68	2.6	2.68	2.62	16700.0
2019-08-02	2.68	2.6	2.68	2.62	6000.0
2019-08-05	2.64	2.58	2.64	2.62	1200.0
2019-08-06	2.56	2.34	2.6	2.46	19100.0
2019-08-07	2.5	2.44	2.5	2.44	8900.0
2019-08-08	2.46	2.4	2.46	2.46	14800.0
2019-08-09	2.42	2.42	2.44	2.42	16300.0
2019-08-13	2.46	2.36	2.46	2.36	7100.0
2019-08-14	2.34	2.34	2.5	2.38	15900.0
2019-08-15	2.36	2.16	2.36	2.34	21400.0
2019-08-16	2.3	2.2	2.32	2.32	1600.0
2019-08-19	2.3	2.2	2.34	2.34	72100.0
2019-08-20	2.34	2.28	2.34	2.28	7200.0
2019-08-21	2.3	2.24	2.3	2.3	3400.0
2019-08-22	2.26	2.26	2.3	2.28	3600.0
2019-08-23	2.3	2.26	2.3	2.26	1800.0
2019-08-26	2.24	2.24	2.24	2.24	2900.0
2019-08-27	2.24	2.22	2.24	2.22	6600.0
2019-08-28	2.24	2.24	2.3	2.3	2400.0
2019-08-29	2.6	2.3	2.6	2.54	500.0
2019-08-30	2.3	2.3	2.32	2.3	6400.0
2019-09-02	2.36	2.32	2.38	2.34	27300.0
2019-09-03	2.34	2.22	2.34	2.3	33300.0
2019-09-04	2.22	2.22	2.32	2.32	23500.0
2019-09-05	2.32	2.24	2.32	2.3	10700.0
2019-09-06	2.3	2.14	2.3	2.18	194600.0
2019-09-09	2.18	2.16	2.2	2.18	12300.0
2019-09-10	2.18	2.16	2.18	2.18	5800.0
2019-09-11	2.2	2.2	2.2	2.2	5100.0
2019-09-12	2.2	2.18	2.22	2.22	34000.0
2019-09-13	2.24	2.22	2.24	2.22	77500.0
2019-09-16	2.22	2.2	2.22	2.22	5900.0
2019-09-17	2.22	2.16	2.52	2.18	307000.0
2019-09-18	2.18	2.16	2.18	2.16	25000.0
2019-09-19	2.16	2.14	2.16	2.16	109300.0
2019-09-20	2.14	2.14	2.2	2.18	13400.0
2019-09-24	2.16	2.14	2.16	2.14	6000.0
2019-09-25	2.16	2.16	2.16	2.16	1800.0
2019-09-26	2.14	2.14	2.16	2.16	7000.0
2019-09-27	2.14	2.14	2.16	2.16	2700.0
2019-09-30	2.14	2.12	2.14	2.12	500.0
2019-10-01	2.14	2.14	2.16	2.14	2800.0
2019-10-02	2.12	2.08	2.14	2.08	35400.0
2019-10-03	2.08	2.08	2.08	2.08	2000.0
2019-10-04	2.08	2.0	2.08	2.0	16800.0
2019-10-07	2.0	1.98	2.0	2.0	12000.0
2019-10-08	2.0	2.0	2.02	2.02	1600.0
2019-10-09	2.02	2.02	2.04	2.04	1200.0
2019-10-10	2.0	2.0	2.0	2.0	1600.0
2019-10-11	1.99	1.98	2.0	2.0	1400.0
2019-10-15	2.0	1.99	2.0	1.99	7200.0
2019-10-16	1.99	1.99	2.24	2.02	132400.0
2019-10-17	2.0	2.0	2.04	2.04	15400.0
2019-10-18	2.0	2.0	2.0	2.0	62200.0
2019-10-21	2.0	1.99	2.22	2.04	15900.0
2019-10-22	2.02	2.02	2.2	2.02	34200.0
2019-10-24	2.18	2.06	2.18	2.06	98000.0
2019-10-25	2.1	2.02	2.16	2.02	115700.0
2019-10-28	2.04	2.0	2.04	2.02	49500.0
2019-10-29	2.18	2.12	2.18	2.12	1400.0
2019-10-30	2.1	2.1	2.1	2.1	100.0
2019-10-31	2.12	2.0	2.2	2.14	1300.0
2019-11-01	2.02	2.02	2.02	2.02	5400.0
2019-11-04	2.02	2.02	2.16	2.02	7000.0
2019-11-05	2.08	2.02	2.24	2.02	23800.0
2019-11-06	2.0	1.97	2.06	1.98	59600.0
2019-11-07	1.99	1.99	2.08	2.04	1300.0
2019-11-08	2.04	2.04	2.16	2.16	2600.0
2019-11-11	2.2	2.02	2.2	2.18	4000.0
2019-11-12	1.99	1.99	2.16	2.16	1700.0
2019-11-13	2.04	2.04	2.18	2.06	23500.0
2019-11-14	2.06	2.02	2.1	2.1	1100.0
2019-11-15	2.12	2.04	2.12	2.08	1900.0
2019-11-18	2.14	1.99	2.14	2.1	10200.0
2019-11-19	2.04	2.04	2.04	2.04	1000.0
2019-11-20	2.1	2.0	2.1	2.04	6000.0
2019-11-21	1.99	1.99	2.04	2.04	1100.0
2019-11-22	2.02	2.02	2.04	2.04	600.0
2019-11-26	2.04	2.02	2.08	2.08	2200.0
2019-11-27	2.06	2.04	2.08	2.08	10900.0
2019-11-28	2.02	2.0	2.04	2.04	3600.0
2019-11-29	2.04	1.97	2.06	2.0	20200.0
2019-12-02	2.0	1.98	2.0	1.98	4600.0
2019-12-03	1.98	1.98	2.0	2.0	1700.0
2019-12-06	2.16	1.98	2.16	2.06	3700.0
2019-12-09	2.06	2.06	2.06	2.06	100.0
2019-12-11	2.04	2.02	2.04	2.02	6400.0
2019-12-12	2.14	2.02	2.14	2.02	300.0
2019-12-13	2.12	2.12	2.12	2.12	300.0
2019-12-16	2.0	1.99	2.02	1.99	4200.0
2019-12-17	2.0	2.0	2.08	2.06	5700.0
2019-12-18	2.1	2.08	2.1	2.08	1100.0
2019-12-23	2.06	1.99	2.06	1.99	600.0
2019-12-24	2.0	1.85	2.04	1.93	312600.0
2019-12-25	1.95	1.92	1.95	1.94	31200.0
2019-12-26	1.94	1.94	2.08	1.95	8400.0
2019-12-27	1.93	1.93	1.94	1.94	32500.0
2019-12-30	1.95	1.95	2.0	2.0	17800.0
2020-01-02	2.0	2.0	2.02	2.02	5300.0
2020-01-03	2.1	2.06	2.1	2.06	4000.0
2020-01-06	1.95	1.95	2.02	2.02	1300.0
2020-01-07	2.04	2.02	2.04	2.02	400.0
2020-01-08	2.0	1.83	2.0	1.83	5100.0
2020-01-09	2.02	2.02	2.06	2.06	200.0
2020-01-10	1.98	1.93	2.06	2.04	4700.0
2020-01-13	2.08	2.08	2.08	2.08	100.0
2020-01-14	2.02	2.0	2.08	2.08	1900.0
2020-01-15	1.95	1.95	2.08	2.08	3300.0
2020-01-16	2.06	1.96	2.08	1.96	7600.0
2020-01-17	2.06	2.0	2.06	2.04	4700.0
2020-01-20	1.99	1.99	2.06	2.06	5700.0
2020-01-21	2.04	2.04	2.04	2.04	100.0
2020-01-22	2.0	2.0	2.0	2.0	2100.0
2020-01-23	2.06	2.0	2.06	2.06	700.0
2020-01-27	2.04	2.02	2.04	2.02	3300.0
2020-01-28	1.9	1.89	2.06	2.04	13500.0
2020-01-29	2.0	2.0	2.0	2.0	100.0
2020-01-30	2.02	2.02	2.02	2.02	300.0
2020-02-03	1.94	1.94	1.94	1.94	300.0
2020-02-04	2.02	1.93	2.02	2.02	3200.0
2020-02-05	1.94	1.9	1.99	1.99	18700.0
2020-02-06	2.06	2.02	2.06	2.02	1500.0
2020-02-11	2.04	2.04	2.04	2.04	500.0
2020-02-12	2.02	2.02	2.04	2.02	25900.0
2020-02-13	2.06	1.95	2.06	2.04	6200.0
2020-02-14	2.08	1.96	2.08	2.04	10600.0
2020-02-17	1.96	1.96	2.0	2.0	4000.0
2020-02-18	1.94	1.94	2.02	2.02	1200.0
2020-02-19	1.95	1.95	1.96	1.95	29400.0
2020-02-20	2.02	2.0	2.02	2.0	600.0
2020-02-21	2.04	2.0	2.06	2.0	196900.0
2020-02-24	2.04	2.0	2.04	2.0	6200.0
2020-02-25	2.04	1.88	2.04	1.94	16700.0
2020-02-26	1.99	1.92	2.04	1.92	191000.0
2020-02-27	1.98	1.97	1.98	1.97	25500.0
2020-02-28	2.0	1.98	2.0	1.98	1000.0
2020-03-02	1.98	1.98	2.02	1.98	27900.0
2020-03-03	2.08	2.0	2.14	2.08	170500.0
2020-03-04	2.08	1.99	2.08	2.0	273700.0
2020-03-05	2.06	2.06	2.1	2.08	123800.0
2020-03-06	1.81	1.8	1.88	1.84	169800.0
2020-03-09	1.83	1.75	1.83	1.79	7700.0
2020-03-10	1.79	1.79	1.79	1.79	1400.0
2020-03-11	1.8	1.79	1.8	1.79	2600.0
2020-03-12	1.77	1.74	1.77	1.74	1500.0
2020-03-13	1.5	1.48	1.5	1.49	47700.0
2020-03-16	1.48	1.2	1.49	1.2	886700.0
2020-03-17	1.2	1.1	1.4	1.3	3800.0
2020-03-18	1.12	1.12	1.35	1.34	178200.0
2020-03-19	1.33	1.33	1.5	1.48	156600.0
2020-03-20	1.56	1.4	1.58	1.44	163500.0
2020-03-23	1.35	1.35	1.55	1.55	27500.0
2020-03-24	1.34	1.33	1.78	1.58	13300.0
2020-03-25	1.4	1.37	1.59	1.59	6000.0
2020-03-26	1.52	1.52	1.52	1.52	100.0
2020-03-27	1.54	1.54	1.7	1.7	78300.0
2020-03-30	1.68	1.68	1.68	1.68	300.0
2020-03-31	1.51	1.47	1.61	1.49	107000.0
2020-04-01	1.5	1.5	1.59	1.56	4300.0
2020-04-02	1.52	1.49	1.56	1.55	29300.0
2020-04-03	1.55	1.55	1.55	1.55	6200.0
2020-04-07	1.51	1.51	1.67	1.52	21100.0
2020-04-08	1.62	1.52	1.62	1.59	4900.0
2020-04-09	1.59	1.54	1.59	1.54	12000.0
2020-04-10	1.5	1.48	1.62	1.51	56600.0
2020-04-13	1.68	1.65	1.68	1.65	12100.0
2020-04-14	1.65	1.56	1.65	1.58	12900.0
2020-04-15	1.73	1.55	1.73	1.55	26600.0
2020-04-16	1.54	1.54	1.61	1.54	5800.0
2020-04-17	1.52	1.49	1.53	1.51	26800.0
2020-04-20	1.52	1.52	1.54	1.54	3700.0
2020-04-21	1.57	1.55	1.57	1.55	400.0
2020-04-22	1.57	1.53	1.58	1.58	400.0
2020-04-23	1.51	1.51	1.57	1.56	7100.0
2020-04-24	1.54	1.52	1.56	1.52	86500.0
2020-04-27	1.5	1.5	1.55	1.52	32100.0
2020-04-28	1.52	1.52	1.54	1.53	6000.0
2020-04-29	1.54	1.53	1.54	1.53	10500.0
2020-04-30	1.56	1.53	1.56	1.55	4200.0
2020-05-05	1.56	1.51	1.56	1.51	105200.0
2020-05-07	1.51	1.5	1.51	1.5	30000.0
2020-05-08	1.53	1.5	1.53	1.5	24900.0
2020-05-11	1.5	1.5	1.52	1.5	1600.0
2020-05-12	1.52	1.51	1.52	1.51	8200.0
2020-05-13	1.52	1.5	1.53	1.52	33500.0
2020-05-14	1.52	1.49	1.52	1.49	19200.0
2020-05-15	1.51	1.51	1.52	1.52	1100.0
2020-05-18	1.52	1.52	1.52	1.52	5600.0
2020-05-19	1.5	1.5	1.53	1.53	2200.0
2020-05-20	1.53	1.53	1.53	1.53	2100.0
2020-05-21	1.53	1.52	1.54	1.54	23600.0
2020-05-22	1.53	1.53	1.67	1.67	39300.0
2020-05-25	1.67	1.57	1.67	1.65	54000.0
2020-05-26	1.6	1.6	1.65	1.64	30400.0
2020-05-27	1.61	1.58	1.61	1.61	30400.0
2020-05-28	1.56	1.56	1.58	1.58	2000.0
2020-05-29	1.6	1.6	1.65	1.63	91400.0
2020-06-01	1.63	1.63	1.68	1.65	210100.0
2020-06-02	1.65	1.64	1.66	1.65	36700.0
2020-06-04	1.67	1.64	1.68	1.67	107700.0
2020-06-05	1.67	1.61	1.67	1.64	157700.0
2020-06-08	1.63	1.63	1.69	1.69	12800.0
2020-06-09	1.64	1.62	1.65	1.62	112000.0
2020-06-10	1.63	1.63	1.66	1.66	3600.0
2020-06-11	1.64	1.56	1.64	1.6	198900.0
2020-06-12	1.58	1.58	1.61	1.61	18100.0
2020-06-15	1.61	1.56	1.73	1.61	49900.0
2020-06-16	1.66	1.66	1.66	1.66	100.0
2020-06-17	1.63	1.57	1.63	1.57	12400.0
2020-06-18	1.59	1.59	1.61	1.61	8400.0
2020-06-19	1.63	1.59	1.63	1.6	10300.0
2020-06-22	1.6	1.59	1.61	1.59	15000.0
2020-06-23	1.67	1.62	1.73	1.64	797800.0
2020-06-24	1.68	1.65	1.7	1.69	313500.0
2020-06-25	1.68	1.65	1.68	1.68	116500.0
2020-06-26	1.67	1.66	1.68	1.66	32000.0
2020-06-29	1.67	1.62	1.67	1.62	66200.0
2020-06-30	1.64	1.58	1.64	1.62	134200.0
2020-07-01	1.62	1.59	1.62	1.6	48500.0
2020-07-02	1.63	1.6	1.63	1.6	14400.0
2020-07-03	1.61	1.61	1.62	1.61	43200.0
2020-07-07	1.63	1.58	1.63	1.61	35700.0
2020-07-08	1.61	1.58	1.61	1.61	35600.0
2020-07-09	1.61	1.6	1.62	1.6	683800.0
2020-07-10	1.61	1.61	1.67	1.62	105700.0
2020-07-13	1.64	1.6	1.65	1.6	28800.0
2020-07-14	1.6	1.39	1.6	1.6	114700.0
2020-07-15	1.54	1.5	1.6	1.59	50000.0
2020-07-16	1.59	1.59	1.61	1.61	5400.0
2020-07-17	1.61	1.61	1.61	1.61	300.0
2020-07-21	1.54	1.54	1.61	1.61	800.0
2020-07-22	1.61	1.61	1.61	1.61	3000.0
2020-07-23	1.61	1.61	1.69	1.66	1100.0
2020-07-24	1.6	1.59	1.61	1.6	24900.0
2020-07-29	1.61	1.61	1.61	1.61	6200.0
2020-07-30	1.6	1.6	1.6	1.6	10100.0
2020-07-31	1.6	1.6	1.6	1.6	100.0
2020-08-03	1.6	1.58	1.6	1.6	3200.0
2020-08-04	1.6	1.6	1.6	1.6	3000.0
2020-08-05	1.59	1.59	1.6	1.6	2800.0
2020-08-06	1.6	1.6	1.61	1.61	2200.0
2020-08-07	1.6	1.58	1.6	1.6	900.0
2020-08-10	1.69	1.68	1.69	1.68	4800.0
2020-08-11	1.6	1.6	1.64	1.6	24600.0
2020-08-13	1.61	1.6	1.63	1.6	7800.0
2020-08-14	1.6	1.6	1.63	1.61	28600.0
2020-08-17	1.61	1.59	1.61	1.6	30800.0
2020-08-18	1.61	1.61	1.68	1.65	75800.0
2020-08-19	1.61	1.61	1.61	1.61	30500.0
2020-08-20	1.63	1.63	1.63	1.63	100.0
2020-08-21	1.65	1.65	1.65	1.65	100.0
2020-08-24	1.62	1.61	1.64	1.64	18700.0
2020-08-25	1.65	1.62	1.66	1.65	92000.0
2020-08-26	1.66	1.61	1.66	1.61	10400.0
2020-08-28	1.65	1.64	1.65	1.64	13400.0
2020-08-31	1.65	1.65	1.72	1.72	43600.0
2020-09-01	1.7	1.69	1.7	1.69	229500.0
2020-09-02	1.69	1.68	1.69	1.69	22200.0
2020-09-03	1.74	1.68	1.74	1.7	224400.0
2020-09-08	1.69	1.63	1.69	1.69	2400.0
2020-09-09	1.64	1.64	1.7	1.7	200.0
2020-09-10	1.68	1.67	1.69	1.67	25200.0
2020-09-15	1.67	1.67	1.67	1.67	900.0
2020-09-16	1.72	1.72	1.72	1.72	5200.0
2020-09-18	1.7	1.69	1.7	1.69	5000.0
2020-09-21	1.74	1.74	1.75	1.74	1400.0
2020-09-22	1.71	1.71	1.71	1.71	100.0
2020-09-23	1.65	1.65	1.66	1.65	7100.0
2020-09-24	1.74	1.66	1.74	1.66	1700.0
2020-09-25	1.65	1.65	1.65	1.65	100.0
2020-09-28	1.71	1.68	1.71	1.68	3200.0
2020-09-29	1.68	1.64	1.72	1.69	157700.0
2020-09-30	1.68	1.68	1.72	1.71	143400.0
2020-10-01	1.7	1.68	1.71	1.7	101200.0
2020-10-02	1.7	1.69	1.74	1.71	134700.0
2020-10-05	1.72	1.72	1.77	1.76	303200.0
2020-10-06	1.78	1.78	1.93	1.83	64500.0
2020-10-07	1.83	1.74	1.88	1.76	318900.0
2020-10-08	1.75	1.75	1.89	1.8	39000.0
2020-10-09	1.9	1.84	1.9	1.88	23000.0
2020-10-12	1.9	1.84	1.9	1.88	41700.0
2020-10-14	1.9	1.86	1.9	1.86	23100.0
2020-10-15	1.86	1.75	1.86	1.76	169200.0
2020-10-16	1.8	1.76	1.8	1.79	87700.0
2020-10-19	1.75	1.75	1.79	1.79	14800.0
2020-10-20	1.79	1.79	1.8	1.79	10100.0
2020-10-21	1.79	1.75	1.79	1.75	117700.0
2020-10-22	1.8	1.74	1.8	1.75	75300.0
2020-10-26	1.77	1.74	1.77	1.75	56300.0
2020-10-27	1.74	1.74	1.76	1.76	56700.0
2020-10-28	1.75	1.74	1.75	1.74	78500.0
2020-10-29	1.73	1.69	1.74	1.73	73200.0
2020-10-30	1.74	1.74	1.74	1.74	400.0
2020-11-02	1.72	1.72	1.77	1.77	2300.0
2020-11-03	1.77	1.74	1.8	1.74	4000.0
2020-11-04	1.81	1.73	1.81	1.8	6100.0
2020-11-05	1.8	1.7	1.8	1.72	114500.0
2020-11-06	1.7	1.69	1.73	1.69	114700.0
2020-11-09	1.7	1.69	1.7	1.7	7900.0
2020-11-10	1.7	1.64	1.7	1.64	62900.0
2020-11-11	1.61	1.61	1.7	1.66	26000.0
2020-11-12	1.67	1.67	1.72	1.7	59700.0
2020-11-13	1.68	1.68	1.7	1.7	19100.0
2020-11-16	1.99	1.71	1.99	1.74	50200.0
2020-11-17	1.74	1.71	1.89	1.72	12500.0
2020-11-18	1.71	1.69	1.72	1.7	12700.0
2020-11-19	1.7	1.69	1.7	1.7	10800.0
2020-11-20	1.71	1.71	1.72	1.71	30200.0
2020-11-23	1.7	1.65	1.71	1.69	172200.0
2020-11-24	1.73	1.69	1.73	1.69	42100.0
2020-11-25	1.73	1.7	1.75	1.75	50900.0
2020-11-26	1.75	1.74	1.75	1.74	6400.0
2020-11-27	1.74	1.71	1.74	1.74	18300.0
2020-11-30	1.75	1.72	1.77	1.72	121800.0
2020-12-01	1.71	1.71	1.75	1.75	10300.0
2020-12-02	1.72	1.72	1.75	1.75	7400.0
2020-12-03	1.76	1.7	1.76	1.75	13500.0
2020-12-04	1.75	1.69	1.75	1.71	82000.0
2020-12-08	1.71	1.7	1.72	1.7	26700.0
2020-12-09	1.71	1.7	1.72	1.7	87300.0
2020-12-14	1.7	1.7	1.74	1.7	67300.0
2020-12-15	1.71	1.7	1.72	1.71	113700.0
2020-12-16	1.72	1.71	1.72	1.72	68800.0
2020-12-17	1.7	1.7	1.72	1.72	38100.0
2020-12-18	1.7	1.7	1.74	1.73	30200.0
2020-12-21	1.69	1.69	1.72	1.7	144700.0
2020-12-22	1.7	1.69	1.7	1.7	12200.0
2020-12-23	1.7	1.7	1.7	1.7	9000.0
2020-12-24	1.7	1.7	1.71	1.7	54200.0
2020-12-25	1.75	1.71	1.75	1.71	17900.0
2020-12-28	1.69	1.69	1.71	1.71	57000.0
2020-12-29	1.7	1.7	1.73	1.71	17000.0
2020-12-30	1.72	1.69	1.73	1.73	800.0
2021-01-04	1.7	1.4	1.71	1.7	64700.0
2021-01-05	1.7	1.69	1.71	1.71	6300.0
2021-01-06	1.71	1.7	1.71	1.7	48000.0
2021-01-07	1.7	1.7	1.72	1.7	19200.0
2021-01-08	1.7	1.68	1.71	1.71	74800.0
2021-01-11	1.73	1.71	1.73	1.71	47400.0
2021-01-12	1.71	1.7	1.72	1.71	40500.0
2021-01-13	1.7	1.7	1.72	1.72	25700.0
2021-01-14	1.71	1.69	1.73	1.7	80000.0
2021-01-15	1.72	1.71	1.72	1.71	10000.0
2021-01-18	1.72	1.71	1.72	1.71	42000.0
2021-01-19	1.71	1.7	1.72	1.71	33800.0
2021-01-20	1.73	1.7	1.73	1.71	13900.0
2021-01-21	1.71	1.7	1.71	1.71	39000.0
2021-01-22	1.71	1.7	1.71	1.71	13700.0
2021-01-25	1.7	1.7	1.71	1.71	57200.0
2021-01-26	1.71	1.71	1.71	1.71	36400.0
2021-01-27	1.71	1.7	1.71	1.7	21700.0
2021-01-28	1.73	1.7	1.73	1.7	16900.0
2021-01-29	1.72	1.71	1.72	1.72	12700.0
2021-02-01	1.72	1.71	1.72	1.71	15300.0
2021-02-02	1.73	1.72	1.73	1.72	1500.0
2021-02-03	1.73	1.73	1.74	1.73	118300.0
2021-02-04	1.73	1.73	1.74	1.73	18400.0
2021-02-05	1.73	1.73	1.75	1.74	16900.0
2021-02-08	1.74	1.73	1.74	1.74	36900.0
2021-02-09	1.74	1.74	1.8	1.8	68000.0
2021-02-10	1.76	1.75	1.8	1.75	29700.0
2021-02-11	1.75	1.74	1.76	1.74	62100.0
2021-02-15	1.74	1.74	1.85	1.81	106400.0
2021-02-16	1.8	1.79	1.81	1.79	83900.0
2021-02-17	1.79	1.79	1.87	1.8	26900.0
2021-02-18	1.89	1.83	1.89	1.85	10100.0
2021-02-19	1.84	1.83	1.84	1.83	85900.0
2021-02-22	1.83	1.74	1.83	1.8	5600.0
2021-02-23	1.8	1.8	1.8	1.8	200.0
2021-02-24	1.8	1.75	1.88	1.75	10300.0
2021-02-25	1.72	1.72	1.77	1.77	16900.0
2021-03-01	1.73	1.71	1.85	1.82	150400.0
2021-03-02	1.8	1.8	1.81	1.8	33200.0
2021-03-03	1.8	1.73	1.8	1.75	23000.0
2021-03-04	1.75	1.75	1.79	1.77	27300.0
2021-03-05	1.77	1.75	1.79	1.75	70400.0
2021-03-08	1.75	1.68	1.77	1.72	184600.0
2021-03-09	1.73	1.73	1.75	1.73	11100.0
2021-03-10	1.74	1.73	1.76	1.76	56800.0
2021-03-11	1.78	1.75	1.84	1.77	250000.0
2021-03-12	1.7	1.69	1.72	1.7	120700.0
2021-03-15	1.71	1.69	1.75	1.69	316600.0
2021-03-16	1.68	1.68	1.92	1.74	1066100.0
2021-03-17	1.74	1.71	1.9	1.74	2248600.0
2021-03-18	1.74	1.73	1.76	1.73	400000.0
2021-03-19	1.73	1.72	1.74	1.74	54900.0
2021-03-22	1.73	1.71	1.74	1.74	83900.0
2021-03-23	1.71	1.71	1.82	1.75	755400.0
2021-03-24	1.75	1.75	1.8	1.75	754000.0
2021-03-25	1.76	1.76	1.8	1.79	311100.0
2021-03-26	1.79	1.79	1.91	1.79	2154600.0
2021-03-29	1.82	1.82	2.32	2.32	11107800.0
2021-03-30	2.36	2.12	2.46	2.16	6281100.0
2021-03-31	2.18	2.14	2.38	2.2	2497500.0
2021-04-01	2.38	2.18	2.38	2.26	526400.0
2021-04-02	2.26	2.2	2.26	2.2	305500.0
2021-04-05	2.28	2.22	2.3	2.22	366800.0
2021-04-07	2.22	2.1	2.22	2.12	1462600.0
2021-04-08	2.1	2.04	2.32	2.08	3186000.0
2021-04-09	2.12	2.0	2.16	2.04	869500.0
2021-04-12	2.04	1.99	2.04	1.99	281500.0
2021-04-16	1.95	1.91	1.98	1.94	189300.0
2021-04-19	1.95	1.95	2.12	2.12	131900.0
2021-04-20	2.1	2.06	2.1	2.1	192600.0
2021-04-21	2.14	2.08	2.16	2.16	819600.0
2021-04-22	2.2	2.14	2.4	2.22	6778200.0
2021-04-23	2.28	2.24	2.68	2.3	15273500.0
2021-04-26	2.4	2.4	2.46	2.42	2957500.0
2021-04-27	2.42	2.3	2.42	2.3	1472900.0
2021-04-28	2.28	2.28	2.48	2.36	1220100.0
2021-04-29	2.32	2.3	2.34	2.3	519600.0
2021-04-30	2.3	2.24	2.32	2.26	394500.0
2021-05-05	2.4	2.36	2.92	2.92	12287600.0
2021-05-06	3.26	3.12	3.5	3.2	15818800.0
2021-05-07	3.24	3.1	3.26	3.1	3054700.0
2021-05-10	3.14	3.14	3.34	3.22	7001200.0
2021-05-11	3.24	3.18	3.32	3.18	2650400.0
2021-05-12	3.2	3.14	3.2	3.14	684700.0
2021-05-13	3.14	2.44	3.14	2.84	2711500.0
2021-05-14	3.0	2.88	3.0	2.92	672800.0
2021-05-17	2.98	2.76	2.98	2.86	316600.0
2021-05-18	2.9	2.78	2.9	2.84	304900.0
2021-05-19	2.8	2.8	3.06	3.04	2890900.0
2021-05-20	3.2	3.1	3.26	3.1	3137300.0
2021-05-21	3.2	3.1	3.2	3.12	824200.0
2021-05-24	3.14	2.96	3.14	3.08	769100.0
2021-05-25	3.0	2.98	3.08	2.98	233200.0
2021-05-27	3.0	2.92	3.0	2.94	478700.0
2021-05-28	3.06	2.94	3.06	2.96	124400.0
2021-05-31	2.98	2.94	2.98	2.96	192700.0
2021-06-01	3.04	2.94	3.04	2.98	300800.0
2021-06-02	3.02	2.96	3.02	2.96	210200.0
2021-06-04	3.0	2.92	3.0	2.94	257000.0
2021-06-07	2.96	2.92	2.96	2.96	211600.0
2021-06-08	2.92	2.9	3.16	3.08	1880400.0
2021-06-09	3.1	3.02	3.1	3.02	240400.0
2021-06-10	3.0	2.98	3.06	2.98	304600.0
2021-06-11	3.04	2.98	3.04	2.98	109400.0
2021-06-14	2.98	2.96	2.98	2.98	163900.0
2021-06-15	2.92	2.92	3.0	2.96	431700.0
2021-06-16	2.94	2.92	2.98	2.92	110800.0
2021-06-17	2.92	2.92	2.98	2.94	276100.0
2021-06-18	2.92	2.92	2.96	2.94	113000.0
2021-06-21	2.92	2.8	2.92	2.8	371500.0
2021-06-22	2.86	2.8	2.86	2.8	119700.0
2021-06-23	2.82	2.78	2.84	2.78	95200.0
2021-06-24	2.8	2.68	2.8	2.7	201000.0
2021-06-25	2.7	2.7	2.78	2.74	91400.0
2021-06-28	2.7	2.52	2.7	2.6	501400.0
2021-06-29	2.6	2.56	2.78	2.78	622700.0
2021-06-30	2.8	2.62	2.8	2.66	484600.0
2021-07-01	2.64	2.58	2.64	2.64	80600.0
2021-07-02	2.68	2.6	2.68	2.62	217300.0
2021-07-05	2.62	2.46	2.62	2.46	325100.0
2021-07-06	2.92	2.78	3.02	2.92	2524100.0
2021-07-07	2.96	2.92	3.06	2.92	1573200.0
2021-07-08	2.9	2.7	2.92	2.8	445900.0
2021-07-09	2.76	2.58	2.8	2.76	121200.0
2021-07-12	2.76	2.7	2.9	2.7	130600.0
2021-07-13	2.7	2.7	2.86	2.74	134800.0
2021-07-14	2.76	2.76	2.84	2.82	190200.0
2021-07-15	2.78	2.78	2.84	2.78	89200.0
2021-07-16	2.78	2.72	2.78	2.78	55400.0
2021-07-19	2.72	2.7	2.8	2.76	47900.0
2021-07-20	2.76	2.64	2.76	2.7	32600.0
2021-07-21	2.66	2.64	2.76	2.7	99700.0
2021-07-22	2.68	2.64	2.7	2.7	71100.0
2021-07-23	2.68	2.6	2.7	2.6	107800.0
2021-07-27	2.62	2.6	2.68	2.64	81700.0
2021-07-29	2.64	2.56	2.64	2.64	87300.0
2021-07-30	2.58	2.54	2.66	2.54	114900.0
2021-08-02	2.52	2.46	2.64	2.52	973100.0
2021-08-03	2.6	2.48	2.6	2.5	80300.0
2021-08-04	2.54	2.5	2.54	2.52	40500.0
2021-08-05	2.52	2.48	2.54	2.52	26300.0
2021-08-06	2.52	2.46	2.52	2.48	109900.0
2021-08-09	2.48	2.4	2.48	2.4	151100.0
2021-08-10	2.46	2.42	2.46	2.42	132900.0
2021-08-11	2.4	2.4	2.42	2.4	45900.0
2021-08-13	2.44	2.42	2.48	2.44	34500.0
2021-08-16	2.36	2.22	2.38	2.22	286000.0
2021-08-17	2.24	2.24	2.28	2.26	93800.0
2021-08-18	2.28	2.26	2.38	2.36	76600.0
2021-08-19	2.36	2.28	2.36	2.3	70400.0
2021-08-20	2.4	2.3	2.4	2.3	51000.0
2021-08-23	2.3	2.28	2.42	2.36	38100.0
2021-08-24	2.38	2.38	2.44	2.44	70000.0
2021-08-25	2.48	2.2	2.48	2.4	178600.0
2021-08-26	2.38	2.38	2.52	2.42	50600.0
2021-08-27	2.4	2.38	2.42	2.4	65200.0
2021-08-30	2.4	2.38	2.42	2.42	98900.0
2021-08-31	2.42	2.4	2.5	2.5	268600.0
2021-09-01	2.5	2.48	2.6	2.56	247600.0
2021-09-02	2.7	2.7	2.86	2.78	2580600.0
2021-09-03	2.74	2.7	2.78	2.72	438300.0
2021-09-06	2.7	2.66	2.76	2.74	211900.0
2021-09-07	2.74	2.7	2.76	2.7	217500.0
2021-09-08	2.7	2.6	2.72	2.66	328600.0
2021-09-09	2.74	2.66	2.74	2.66	65400.0
2021-09-10	2.68	2.64	2.7	2.68	158200.0
2021-09-13	2.68	2.68	2.72	2.68	68700.0
2021-09-14	2.64	2.64	2.7	2.68	39200.0
2021-09-15	2.66	2.66	2.74	2.7	96100.0
2021-09-16	2.68	2.66	2.72	2.68	156300.0
2021-09-17	2.68	2.64	2.68	2.66	53100.0
2021-09-20	2.7	2.58	2.7	2.62	85800.0
2021-09-21	2.6	2.6	2.66	2.62	52800.0
2021-09-22	2.66	2.62	2.66	2.62	39200.0
2021-09-23	2.64	2.62	2.68	2.62	66900.0
2021-09-27	2.7	2.6	2.7	2.66	47100.0
2021-09-28	2.66	2.56	2.68	2.56	94000.0
2021-09-29	2.54	2.54	2.6	2.6	27500.0
2021-09-30	2.6	2.54	2.62	2.54	4300.0
2021-10-01	2.5	2.5	2.6	2.54	14800.0
2021-10-04	2.52	2.48	2.54	2.5	116000.0
2021-10-05	2.42	2.42	2.5	2.48	28700.0
2021-10-06	2.48	2.48	2.6	2.58	24200.0
2021-10-07	2.58	2.4	2.58	2.5	41800.0
2021-10-08	2.52	2.52	2.6	2.56	37800.0
2021-10-11	2.58	2.52	2.58	2.52	68700.0
2021-10-12	2.48	2.48	2.56	2.52	32400.0
2021-10-14	2.48	2.48	2.54	2.5	61800.0
2021-10-15	2.48	2.48	2.5	2.5	55300.0
2021-10-18	2.54	2.5	2.56	2.5	21300.0
2021-10-19	2.5	2.48	2.54	2.48	40100.0
2021-10-20	2.56	2.5	2.56	2.5	28300.0
2021-10-21	2.48	2.48	2.56	2.5	15900.0
2021-10-25	2.54	2.52	2.54	2.52	31700.0
2021-10-26	2.52	2.48	2.54	2.5	36600.0
2021-10-27	2.5	2.48	2.5	2.48	24300.0
2021-10-28	2.48	2.48	2.48	2.48	12000.0
2021-10-29	2.48	2.44	2.48	2.44	67300.0
2021-11-01	2.44	2.38	2.54	2.5	68500.0
2021-11-02	2.6	2.42	2.6	2.44	111000.0
2021-11-03	2.46	2.42	2.46	2.42	81500.0
2021-11-04	2.42	2.4	2.42	2.42	52600.0
2021-11-05	2.4	2.4	2.44	2.42	10000.0
2021-11-08	2.46	2.42	2.46	2.42	38400.0
2021-11-09	2.42	2.4	2.42	2.4	64900.0
2021-11-10	2.48	2.46	2.48	2.46	13700.0
2021-11-11	2.46	2.42	2.46	2.42	20100.0
2021-11-12	2.48	2.4	2.54	2.46	21900.0
2021-11-15	2.5	2.48	2.5	2.48	39200.0
2021-11-16	2.48	2.44	2.48	2.44	12800.0
2021-11-17	2.44	2.34	2.44	2.4	5900.0
2021-11-18	2.4	2.38	2.42	2.4	61500.0
2021-11-19	2.44	2.4	2.44	2.4	11000.0
2021-11-22	2.5	2.4	2.5	2.42	118000.0
2021-11-23	2.42	2.42	2.5	2.46	160800.0
2021-11-24	2.46	2.42	2.46	2.44	46400.0
2021-11-25	2.42	2.42	2.5	2.48	20300.0
2021-11-26	2.42	2.3	2.44	2.42	34300.0
2021-11-29	2.32	2.3	2.4	2.36	93300.0
2021-11-30	2.46	2.36	2.46	2.36	21700.0
2021-12-01	2.36	2.36	2.44	2.42	8200.0
2021-12-02	2.3	2.26	2.5	2.4	39500.0
2021-12-03	2.34	2.34	2.36	2.34	35400.0
2021-12-07	2.34	2.34	2.38	2.36	41200.0
2021-12-08	2.48	2.36	2.48	2.38	58800.0
2021-12-09	2.38	2.32	2.4	2.4	91900.0
2021-12-13	2.36	2.34	2.5	2.38	47200.0
2021-12-14	2.38	2.38	2.46	2.42	22300.0
2021-12-15	2.48	2.42	2.48	2.42	3700.0
2021-12-16	2.48	2.38	2.48	2.38	22200.0
2021-12-17	2.42	2.36	2.48	2.36	78600.0
2021-12-20	2.36	2.36	2.36	2.36	5900.0
2021-12-21	2.38	2.38	2.4	2.38	2100.0
2021-12-22	2.38	2.36	2.38	2.38	2800.0
2021-12-23	2.36	2.36	2.36	2.36	4500.0
2021-12-24	2.36	2.36	2.36	2.36	34000.0
2021-12-27	2.36	2.36	2.46	2.42	39600.0
2021-12-28	2.38	2.38	2.4	2.38	21400.0
2021-12-29	2.38	2.38	2.42	2.42	61600.0
2021-12-30	2.4	2.38	2.4	2.38	3000.0
2022-01-04	2.3	2.1	2.48	2.38	80000.0
2022-01-05	2.4	2.36	2.4	2.38	22400.0
2022-01-06	2.42	2.3	2.42	2.34	76100.0
2022-01-07	2.36	2.1	2.38	2.2	649900.0
2022-01-10	2.26	2.2	2.28	2.28	111600.0
2022-01-11	2.28	2.24	2.3	2.28	19700.0
2022-01-12	2.28	2.28	2.34	2.28	147800.0
2022-01-13	2.28	2.28	2.32	2.3	49900.0
2022-01-14	2.3	2.3	2.36	2.3	109400.0
2022-01-17	2.3	2.28	2.36	2.28	82900.0
2022-01-18	2.28	2.22	2.28	2.28	77600.0
2022-01-19	2.28	2.22	2.28	2.22	92600.0
2022-01-20	2.22	2.22	2.28	2.22	29800.0
2022-01-21	2.22	2.18	2.22	2.2	72100.0
2022-01-24	2.2	2.2	2.22	2.2	22000.0
2022-01-25	2.2	2.16	2.28	2.24	19600.0
2022-01-26	2.26	2.26	2.26	2.26	200.0
2022-01-27	2.16	2.16	2.2	2.18	2600.0
2022-01-28	2.28	2.02	2.28	2.02	143000.0
2022-01-31	2.04	2.04	2.1	2.08	64100.0
2022-02-01	2.08	2.08	2.1	2.08	6400.0
2022-02-02	2.18	2.12	2.24	2.12	103100.0
2022-02-03	2.2	2.14	2.2	2.18	28600.0
2022-02-04	2.16	2.16	2.22	2.18	15100.0
2022-02-07	2.18	2.1	2.22	2.18	13700.0
2022-02-08	2.18	2.16	2.18	2.18	4800.0
2022-02-09	2.16	2.14	2.18	2.16	41500.0
2022-02-10	2.12	2.08	2.18	2.08	30000.0
2022-02-11	2.08	2.06	2.16	2.12	68700.0
2022-02-14	2.1	2.1	2.18	2.14	19000.0
2022-02-15	2.14	2.02	2.14	2.08	74400.0
2022-02-17	2.16	2.06	2.16	2.1	13000.0
2022-02-18	2.08	2.04	2.1	2.06	32800.0
2022-02-21	2.04	2.02	2.16	2.02	114700.0
2022-02-22	2.02	2.02	2.18	2.06	155700.0
2022-02-23	2.06	2.02	2.16	2.02	77200.0
2022-02-24	2.04	1.96	2.16	2.02	193700.0
2022-02-25	2.0	2.0	2.06	2.0	15200.0
2022-02-28	1.94	1.94	2.0	2.0	28900.0
2022-03-01	1.98	1.97	2.02	2.0	23700.0
2022-03-02	2.0	1.98	2.02	2.0	43000.0
2022-03-03	2.0	1.99	2.0	1.99	40900.0
2022-03-04	2.0	1.99	2.02	2.02	61800.0
2022-03-07	1.99	1.98	2.0	1.98	22400.0
2022-03-08	1.94	1.94	2.0	2.0	93600.0
2022-03-09	1.96	1.96	1.97	1.97	8300.0
2022-03-10	2.0	2.0	2.0	2.0	5800.0
2022-03-11	1.99	1.99	2.04	2.02	269700.0
2022-03-14	2.02	1.98	2.04	2.04	770500.0
2022-03-15	2.02	2.02	2.1	2.06	185700.0
2022-03-16	2.08	2.06	2.08	2.08	11000.0
2022-03-17	2.08	2.06	2.22	2.22	298400.0
2022-03-18	2.22	2.2	2.38	2.38	381500.0
2022-03-21	2.44	2.22	2.5	2.24	4641900.0
2022-03-22	2.38	2.24	2.38	2.24	269700.0
2022-03-23	2.28	2.06	2.28	2.1	257200.0
2022-03-24	2.22	2.08	2.22	2.16	210600.0
2022-03-25	2.22	2.12	2.22	2.14	122100.0
2022-03-28	2.06	2.06	2.18	2.14	34900.0
2022-03-29	2.18	2.18	2.78	2.7	10782400.0
2022-03-30	2.72	2.5	2.72	2.62	2298700.0
2022-03-31	2.66	2.46	2.66	2.5	945900.0
2022-04-01	2.48	2.4	2.52	2.46	412400.0
2022-04-04	2.52	2.42	2.52	2.42	402500.0
2022-04-05	2.42	2.42	2.54	2.46	308500.0
2022-04-07	2.4	2.4	2.5	2.46	116300.0
2022-04-08	2.42	2.4	2.48	2.42	77600.0
2022-04-11	2.42	2.42	2.44	2.42	81200.0
2022-04-12	2.22	2.22	2.48	2.4	25300.0
2022-04-18	2.32	2.32	2.44	2.38	38900.0
2022-04-19	2.42	2.38	2.42	2.38	54800.0
2022-04-20	2.38	2.32	2.38	2.32	26300.0
2022-04-21	2.4	2.32	2.4	2.34	64400.0
2022-04-22	2.32	2.32	2.32	2.32	12500.0
2022-04-25	2.28	2.1	2.32	2.32	28600.0
2022-04-26	2.3	2.1	2.3	2.3	71000.0
2022-04-27	2.2	2.2	2.3	2.24	2000.0
2022-04-28	2.2	2.2	2.26	2.26	40700.0
2022-04-29	2.26	2.2	2.26	2.24	81200.0
2022-05-03	2.28	2.2	2.28	2.24	107700.0
2022-05-05	2.16	2.16	2.32	2.16	54300.0
2022-05-06	2.2	2.18	2.2	2.18	41700.0
2022-05-09	2.16	2.12	2.16	2.14	14800.0
2022-05-10	2.22	2.04	2.22	2.2	10900.0
2022-05-11	2.08	2.04	2.18	2.12	12600.0
2022-05-12	2.1	2.1	2.28	2.14	36300.0
2022-05-13	2.16	2.02	2.16	2.02	41000.0
2022-05-17	2.08	2.08	2.16	2.1	19200.0
2022-05-18	2.16	2.12	2.16	2.14	1800.0
2022-05-19	2.0	2.0	2.12	2.12	11600.0
2022-05-20	2.2	2.06	2.2	2.08	56300.0
2022-05-23	2.2	2.0	2.2	2.14	23100.0
2022-05-24	2.06	2.06	2.2	2.08	26500.0
2022-05-25	2.16	2.02	2.16	2.12	12200.0
2022-05-26	2.14	2.04	2.16	2.04	67200.0
2022-05-27	2.18	2.04	2.18	2.06	53600.0
2022-05-30	2.16	2.1	2.16	2.12	33700.0
2022-05-31	2.16	2.1	2.16	2.14	72800.0
2022-06-01	2.12	2.12	2.2	2.2	53500.0
2022-06-02	2.22	2.2	2.3	2.2	44600.0
2022-06-06	2.16	2.16	2.3	2.24	38600.0
2022-06-07	2.26	2.14	2.28	2.24	8000.0
2022-06-08	2.28	2.2	2.28	2.26	60500.0
2022-06-09	2.32	2.28	2.58	2.38	1520200.0
2022-06-10	2.46	2.36	2.68	2.5	3939500.0
2022-06-13	2.48	2.36	2.54	2.44	1137400.0
2022-06-14	2.46	2.36	2.46	2.4	64100.0
2022-06-15	2.48	2.32	2.48	2.38	117800.0
2022-06-16	2.44	2.12	2.46	2.32	84000.0
2022-06-17	2.38	2.24	2.38	2.32	69400.0
2022-06-20	2.28	2.24	2.36	2.32	30100.0
2022-06-21	2.36	2.26	2.36	2.28	26300.0
2022-06-22	2.32	2.12	2.32	2.18	138100.0
2022-06-23	2.16	2.1	2.22	2.12	192300.0
2022-06-24	2.3	2.12	2.3	2.14	9800.0
2022-06-27	2.24	2.1	2.24	2.2	111900.0
2022-06-28	2.2	2.14	2.28	2.2	38800.0
2022-06-29	2.24	2.18	2.38	2.18	209200.0
2022-06-30	2.2	2.16	2.3	2.16	37800.0
2022-07-01	2.1	2.1	2.24	2.22	49200.0
2022-07-04	2.24	2.14	2.36	2.3	20000.0
2022-07-05	2.3	2.0	2.3	2.0	129500.0
2022-07-06	2.0	2.0	2.1	2.04	31600.0
2022-07-07	2.04	2.0	2.04	2.0	64800.0
2022-07-08	2.02	1.98	2.02	2.0	102500.0
2022-07-11	2.0	1.98	2.0	2.0	40400.0
2022-07-12	2.0	1.98	2.0	2.0	30000.0
2022-07-14	2.0	1.97	2.0	1.97	23400.0
2022-07-15	1.96	1.9	1.96	1.93	34400.0
2022-07-18	1.92	1.92	1.98	1.95	21700.0
2022-07-19	1.96	1.91	1.96	1.92	49900.0
2022-07-20	1.92	1.92	2.02	1.93	175100.0
2022-07-21	1.93	1.92	1.93	1.93	46100.0
2022-07-22	1.93	1.82	1.93	1.92	65300.0
2022-07-25	1.96	1.9	2.0	1.96	36600.0
2022-07-26	1.96	1.91	1.96	1.96	68000.0
2022-07-27	1.95	1.95	1.95	1.95	1200.0
2022-08-01	1.95	1.93	1.98	1.98	2000.0
2022-08-02	1.98	1.97	1.99	1.99	42800.0
2022-08-03	1.93	1.93	1.97	1.97	1500.0
2022-08-04	1.97	1.97	1.98	1.97	15400.0
2022-08-05	2.0	2.0	2.0	2.0	300.0
2022-08-08	1.94	1.94	1.98	1.96	11800.0
2022-08-09	1.95	1.95	2.02	2.02	327900.0
2022-08-10	2.22	2.04	2.3	2.1	1063800.0
2022-08-11	2.1	1.98	2.12	2.04	290400.0
2022-08-15	2.08	1.9	2.08	1.97	167800.0
2022-08-16	1.97	1.95	2.02	1.99	24300.0
2022-08-17	2.0	1.95	2.0	1.98	79800.0
2022-08-18	2.0	1.99	2.1	2.0	425900.0
2022-08-19	2.0	1.98	2.04	1.98	137200.0
2022-08-22	1.98	1.94	1.98	1.98	52200.0
2022-08-23	1.98	1.96	2.02	2.02	109400.0
2022-08-24	2.06	2.02	2.06	2.02	216200.0
2022-08-25	2.02	2.02	2.06	2.02	35200.0
2022-08-26	2.02	2.0	2.04	2.0	88400.0
2022-08-29	1.91	1.91	2.0	2.0	19200.0
2022-08-30	2.0	2.0	2.02	2.02	5100.0
2022-08-31	2.0	1.99	2.0	2.0	45200.0
2022-09-01	1.98	1.9	1.98	1.98	103400.0
2022-09-02	1.99	1.95	1.99	1.99	9000.0
2022-09-05	1.94	1.94	2.58	2.44	34451900.0
2022-09-06	2.3	2.18	2.38	2.26	3468400.0
2022-09-07	2.28	2.08	2.3	2.14	2374600.0
2022-09-08	2.14	2.1	2.24	2.14	1655300.0
2022-09-09	2.16	2.12	2.18	2.12	387100.0
2022-09-12	2.12	2.1	2.14	2.14	350400.0
2022-09-13	2.14	2.12	2.42	2.28	4843100.0
2022-09-14	2.22	2.16	2.24	2.24	462100.0
2022-09-15	2.24	2.24	2.36	2.28	899200.0
2022-09-16	2.34	2.26	2.34	2.32	374400.0
2022-09-19	2.32	2.1	2.34	2.26	113800.0
2022-09-20	2.32	2.24	2.34	2.3	544700.0
2022-09-21	2.28	2.26	2.44	2.28	1522000.0
2022-09-22	2.24	2.24	2.32	2.32	269600.0
2022-09-23	2.3	2.3	2.42	2.36	1710700.0
2022-09-26	2.32	2.3	2.48	2.48	5026000.0
2022-09-27	2.4	1.97	2.4	2.06	6422700.0
2022-09-28	2.08	2.04	2.48	2.34	23633000.0
2022-09-29	2.34	2.24	2.42	2.26	5566800.0
2022-09-30	2.26	2.14	2.28	2.16	809600.0
2022-10-03	2.12	2.12	2.24	2.14	446700.0
2022-10-04	2.2	2.16	2.34	2.24	1660200.0
2022-10-05	2.24	2.24	2.58	2.32	17856600.0
2022-10-06	2.32	2.28	2.38	2.28	1325700.0
2022-10-07	2.28	2.14	2.28	2.18	1615700.0
2022-10-10	2.22	2.18	2.32	2.24	2949000.0
2022-10-11	2.26	2.14	2.28	2.2	814000.0
2022-10-12	2.18	2.1	2.24	2.12	403500.0
2022-10-17	2.12	2.12	2.18	2.16	91500.0
2022-10-18	2.18	2.16	2.26	2.18	493300.0
2022-10-19	2.16	2.16	2.22	2.16	256900.0
2022-10-20	2.16	2.02	2.2	2.14	570400.0
2022-10-21	2.18	2.1	2.18	2.12	147800.0
2022-10-25	2.12	2.06	2.2	2.08	280800.0
2022-10-26	2.06	2.04	2.1	2.1	244500.0
2022-10-27	2.1	2.02	2.1	2.06	153900.0
2022-10-28	2.06	2.06	2.08	2.08	46100.0
2022-10-31	2.08	2.04	2.1	2.04	106800.0
2022-11-01	2.06	2.04	2.08	2.06	145000.0
2022-11-02	2.06	2.04	2.1	2.04	97400.0
2022-11-03	2.04	2.02	2.06	2.04	115000.0
2022-11-04	2.04	2.0	2.04	2.04	253100.0
2022-11-07	2.02	2.02	2.08	2.06	102000.0
2022-11-08	2.04	2.02	2.08	2.08	126100.0
2022-11-09	2.06	2.0	2.08	2.04	198900.0
2022-11-10	2.02	1.97	2.04	2.0	381100.0
2022-11-11	1.99	1.96	2.04	1.99	314300.0
2022-11-14	2.02	1.87	2.02	1.94	569100.0
2022-11-15	1.89	1.88	1.94	1.94	45300.0
2022-11-16	1.97	1.92	1.97	1.94	34600.0
2022-11-17	1.93	1.89	1.93	1.9	38200.0
2022-11-18	1.9	1.86	1.92	1.91	85600.0
2022-11-21	1.88	1.82	1.91	1.82	177000.0
2022-11-22	1.83	1.79	1.9	1.79	96100.0
2022-11-23	1.78	1.68	1.82	1.75	461900.0
2022-11-24	1.76	1.74	1.78	1.75	173500.0
2022-11-25	1.75	1.73	1.81	1.81	103800.0
2022-11-28	1.82	1.78	1.84	1.81	69800.0
2022-11-29	1.81	1.78	1.82	1.82	29300.0
2022-11-30	1.82	1.77	1.84	1.82	161600.0
2022-12-01	1.81	1.8	1.84	1.84	37800.0
2022-12-02	1.84	1.82	1.85	1.85	23900.0
2022-12-06	1.83	1.82	1.85	1.82	91500.0
2022-12-07	1.82	1.78	1.86	1.78	35800.0
2022-12-08	1.82	1.78	1.9	1.85	93600.0
2022-12-09	1.84	1.8	1.84	1.81	38800.0
2022-12-13	1.79	1.76	1.83	1.8	38600.0
2022-12-14	1.8	1.74	1.8	1.78	23400.0
2022-12-15	1.74	1.69	1.74	1.69	77600.0
2022-12-16	1.76	1.7	1.85	1.81	67900.0
2022-12-19	1.8	1.73	1.8	1.74	33000.0
2022-12-20	1.84	1.72	1.84	1.81	36800.0
2022-12-21	1.78	1.77	1.81	1.79	1600.0
2022-12-22	1.79	1.73	1.8	1.8	40400.0
2022-12-23	1.75	1.73	1.83	1.8	50300.0
2022-12-26	1.75	1.75	1.82	1.76	103100.0
2022-12-27	1.79	1.77	1.8	1.8	34500.0
2022-12-28	1.79	1.78	1.81	1.8	10900.0
2022-12-29	1.79	1.76	1.8	1.78	69600.0
2022-12-30	1.76	1.76	1.78	1.77	72700.0
