Date	Price Open	Price Low	Price High	Price Close	Volume
2013-01-07	2.8	3.46	3.48	3.46	46500.0
2013-01-08	2.82	3.48	3.48	3.48	100.0
2013-01-09	2.7	3.48	3.52	3.5	237900.0
2013-01-10	2.78	3.46	3.52	3.46	62500.0
2013-01-11	2.74	3.48	3.5	3.48	23000.0
2013-01-14	2.72	3.44	3.48	3.48	100700.0
2013-01-15	2.76	3.44	3.54	3.5	827500.0
2013-01-16	2.66	3.58	3.66	3.58	2985100.0
2013-01-17	2.62	3.56	3.66	3.56	524800.0
2013-01-18	2.66	3.56	3.6	3.56	323900.0
2013-01-21	2.66	3.52	3.6	3.52	551500.0
2013-01-22	2.66	3.52	3.58	3.56	453200.0
2013-01-23	2.62	3.54	3.58	3.58	382100.0
2013-01-24	2.56	3.56	3.6	3.6	193500.0
2013-01-25	2.52	3.58	3.6	3.58	182000.0
2013-01-28	2.5	3.58	3.58	3.58	161300.0
2013-01-29	2.44	3.54	3.58	3.56	94900.0
2013-01-30	2.36	3.56	3.58	3.58	71000.0
2013-01-31	2.38	3.54	3.58	3.58	145000.0
2013-02-01	2.3	3.6	3.98	3.88	13135900.0
2013-02-04	2.42	3.8	3.94	3.8	5570900.0
2013-02-05	2.34	3.7	3.8	3.72	582600.0
2013-02-06	2.44	3.66	3.76	3.66	909800.0
2013-02-07	2.46	3.68	3.74	3.72	163900.0
2013-02-08	2.48	3.66	3.74	3.68	85100.0
2013-02-11	2.48	3.68	3.74	3.68	449900.0
2013-02-12	2.52	3.72	3.78	3.74	580800.0
2013-02-13	2.52	3.68	3.76	3.74	581900.0
2013-02-14	2.5	3.7	3.76	3.76	310500.0
2013-02-15	2.64	3.7	3.74	3.7	209400.0
2013-02-18	2.6	3.7	3.74	3.72	354800.0
2013-02-19	2.58	3.7	3.72	3.72	156200.0
2013-02-20	2.58	3.7	3.74	3.72	336700.0
2013-02-21	2.58	3.76	3.98	3.78	9688100.0
2013-02-22	2.64	3.8	3.84	3.82	1557400.0
2013-02-26	2.56	3.7	3.84	3.76	963400.0
2013-02-27	2.52	3.74	3.8	3.74	487500.0
2013-02-28	2.52	3.74	3.8	3.76	442400.0
2013-03-01	2.52	3.78	3.82	3.82	276300.0
2013-03-04	2.4	3.76	3.82	3.78	460200.0
2013-03-05	2.44	3.78	3.82	3.82	493600.0
2013-03-06	2.3	3.82	4.02	3.92	8257000.0
2013-03-07	2.5	3.88	3.96	3.88	2677300.0
2013-03-08	2.46	3.88	3.96	3.88	692400.0
2013-03-11	2.4	3.86	3.94	3.86	630200.0
2013-03-12	2.46	3.86	4.04	4.0	4965600.0
2013-03-13	2.56	4.1	4.26	4.12	12496500.0
2013-03-14	2.44	4.0	4.2	4.06	3497700.0
2013-03-15	2.5	3.98	4.1	3.98	1535000.0
2013-03-18	2.5	3.96	4.0	3.98	488400.0
2013-03-19	2.54	3.82	4.04	3.9	2265300.0
2013-03-20	2.54	3.68	3.9	3.8	1439300.0
2013-03-21	2.42	3.66	3.74	3.7	1511000.0
2013-03-22	2.42	3.5	3.68	3.54	1642300.0
2013-03-25	2.5	3.54	3.76	3.74	655400.0
2013-03-26	2.44	3.68	3.78	3.74	947200.0
2013-03-27	2.44	3.76	3.82	3.78	293900.0
2013-03-28	2.5	3.66	3.8	3.72	960000.0
2013-03-29	2.5	3.74	3.84	3.74	811200.0
2013-04-01	2.5	3.7	3.76	3.72	497500.0
2013-04-02	2.5	3.7	3.8	3.76	340100.0
2013-04-03	2.58	3.7	3.76	3.7	435700.0
2013-04-04	2.5	3.64	3.72	3.7	376200.0
2013-04-05	2.5	3.7	3.76	3.74	811500.0
2013-04-09	2.48	3.54	3.6	3.56	341700.0
2013-04-10	2.54	3.56	3.6	3.58	115600.0
2013-04-11	2.48	3.58	3.64	3.62	196300.0
2013-04-12	2.46	3.58	3.64	3.62	114400.0
2013-04-17	2.44	3.56	3.6	3.58	84800.0
2013-04-18	2.42	3.58	3.6	3.6	82300.0
2013-04-19	2.4	3.58	3.62	3.58	163300.0
2013-04-22	2.48	3.58	3.62	3.58	228200.0
2013-04-23	2.4	3.56	3.6	3.58	143000.0
2013-04-24	2.38	3.56	3.6	3.56	155100.0
2013-04-25	2.4	3.54	3.6	3.58	159700.0
2013-04-26	2.42	3.56	3.62	3.58	254100.0
2013-04-29	2.44	3.58	3.62	3.6	170800.0
2013-04-30	2.46	3.6	3.7	3.62	875400.0
2013-05-02	2.46	3.62	3.68	3.68	125000.0
2013-05-03	2.46	3.68	3.72	3.72	278300.0
2013-05-07	2.38	3.7	3.74	3.7	255300.0
2013-05-08	2.42	3.68	3.74	3.72	227000.0
2013-05-09	2.42	3.52	3.6	3.56	951000.0
2013-05-10	2.42	3.54	3.58	3.56	246000.0
2013-05-13	2.46	3.52	3.58	3.56	232700.0
2013-05-14	2.46	3.54	3.58	3.56	256000.0
2013-05-15	2.1	3.48	3.54	3.54	412600.0
2013-05-16	2.48	3.5	3.56	3.54	55400.0
2013-05-17	2.46	3.5	3.54	3.54	196800.0
2013-05-20	2.44	3.48	3.58	3.52	135200.0
2013-05-21	2.3	3.5	3.56	3.56	86200.0
2013-05-22	2.38	3.5	3.56	3.52	101600.0
2013-05-23	2.38	3.46	3.54	3.52	133000.0
2013-05-27	2.4	3.48	3.52	3.48	262800.0
2013-05-28	2.48	3.44	3.52	3.5	36900.0
2013-05-29	2.26	3.48	3.5	3.48	59000.0
2013-05-30	2.36	3.48	3.6	3.48	989000.0
2013-05-31	2.34	3.46	3.54	3.52	252700.0
2013-06-03	2.2	3.42	3.52	3.5	237800.0
2013-06-04	2.4	3.46	3.48	3.48	15300.0
2013-06-05	2.32	3.4	3.48	3.4	148000.0
2013-06-06	2.4	3.36	3.48	3.38	218500.0
2013-06-07	2.36	3.36	3.4	3.4	141100.0
2013-06-10	2.32	3.42	3.44	3.42	27800.0
2013-06-11	2.4	3.32	3.44	3.32	413900.0
2013-06-12	2.4	3.28	3.38	3.34	78300.0
2013-06-13	2.46	3.22	3.28	3.22	228300.0
2013-06-14	2.42	3.28	3.34	3.3	94300.0
2013-06-17	2.4	3.28	3.36	3.3	72600.0
2013-06-18	2.38	3.32	3.42	3.36	209800.0
2013-06-19	2.4	3.34	3.4	3.34	19800.0
2013-06-20	2.4	3.28	3.36	3.34	168100.0
2013-06-21	2.4	3.3	3.34	3.32	41900.0
2013-06-24	2.44	3.0	3.36	3.2	207100.0
2013-06-25	2.36	3.16	3.24	3.24	104000.0
2013-06-26	2.38	3.22	3.26	3.22	47400.0
2013-06-27	2.38	3.24	3.28	3.24	23500.0
2013-06-28	2.38	3.24	3.36	3.36	108000.0
2013-07-02	2.4	3.26	3.36	3.28	45800.0
2013-07-03	2.4	3.24	3.28	3.26	23600.0
2013-07-04	2.44	3.24	3.32	3.24	81300.0
2013-07-05	2.4	3.28	3.32	3.3	31300.0
2013-07-08	2.4	3.3	3.34	3.32	20300.0
2013-07-09	2.46	3.32	3.34	3.32	11600.0
2013-07-10	2.3	3.22	3.26	3.22	67500.0
2013-07-11	2.4	3.22	3.28	3.24	60600.0
2013-07-12	2.32	3.26	3.28	3.28	34800.0
2013-07-15	2.36	3.26	3.3	3.28	43000.0
2013-07-16	2.4	3.28	3.32	3.32	121700.0
2013-07-17	2.42	3.32	3.34	3.34	10300.0
2013-07-18	2.46	3.3	3.34	3.32	22300.0
2013-07-19	2.42	3.28	3.32	3.32	10600.0
2013-07-23	2.42	3.3	3.32	3.32	1800.0
2013-07-24	2.38	3.3	3.36	3.34	42200.0
2013-07-25	2.4	3.3	3.4	3.36	69900.0
2013-07-26	2.4	3.32	3.34	3.32	3600.0
2013-07-29	2.36	3.28	3.34	3.34	43500.0
2013-07-30	2.34	3.32	3.34	3.34	3000.0
2013-07-31	2.36	3.3	3.36	3.3	59400.0
2013-08-01	2.32	3.32	3.36	3.34	16800.0
2013-08-02	2.3	3.3	3.32	3.32	21200.0
2013-08-05	2.3	3.28	3.28	3.28	11900.0
2013-08-06	2.32	3.28	3.28	3.28	13200.0
2013-08-07	2.32	3.2	3.4	3.24	582100.0
2013-08-08	2.26	3.28	3.38	3.34	229100.0
2013-08-09	2.26	3.3	3.38	3.38	112300.0
2013-08-13	2.22	3.34	3.38	3.38	123500.0
2013-08-14	2.16	3.4	3.5	3.44	103200.0
2013-08-15	2.16	3.42	3.48	3.48	57900.0
2013-08-16	2.32	3.42	3.54	3.42	602400.0
2013-08-19	2.28	3.38	3.5	3.38	126800.0
2013-08-20	2.3	3.22	3.36	3.24	249600.0
2013-08-21	2.28	3.24	3.3	3.28	45500.0
2013-08-22	2.2	3.2	3.28	3.28	100300.0
2013-08-23	2.22	3.2	3.3	3.22	83600.0
2013-08-26	2.12	3.2	3.22	3.22	24300.0
2013-08-27	2.14	3.1	3.18	3.1	245900.0
2013-08-28	2.2	2.86	2.96	2.9	220000.0
2013-08-29	2.16	2.9	2.98	2.98	38900.0
2013-08-30	2.28	2.96	3.1	3.1	66400.0
2013-09-02	2.26	3.1	3.16	3.16	36200.0
2013-09-03	2.24	3.12	3.12	3.12	13800.0
2013-09-04	2.24	3.12	3.2	3.2	29000.0
2013-09-05	2.0	3.16	3.18	3.16	3400.0
2013-09-06	2.2	3.14	3.2	3.2	74000.0
2013-09-09	2.22	3.2	3.24	3.24	94900.0
2013-09-10	2.22	3.22	3.3	3.3	115100.0
2013-09-11	2.2	3.28	3.3	3.28	137000.0
2013-09-12	2.2	3.28	3.32	3.32	97600.0
2013-09-13	2.26	3.32	3.34	3.34	45800.0
2013-09-16	2.26	3.34	3.48	3.46	320700.0
2013-09-17	2.26	3.46	3.52	3.5	312800.0
2013-09-18	2.26	3.48	3.52	3.5	110000.0
2013-09-19	2.2	3.5	3.52	3.5	163900.0
2013-09-20	2.18	3.48	3.6	3.52	515600.0
2013-09-23	2.2	3.44	3.54	3.44	144100.0
2013-09-24	2.18	3.42	3.5	3.5	104200.0
2013-09-25	2.14	3.44	3.56	3.44	523400.0
2013-09-26	2.16	3.32	3.44	3.32	211500.0
2013-09-27	2.16	3.34	3.4	3.34	154100.0
2013-09-30	2.16	3.3	3.34	3.3	23100.0
2013-10-01	2.2	3.32	3.34	3.34	19300.0
2013-10-02	2.2	3.3	3.34	3.3	60800.0
2013-10-03	2.22	3.34	3.36	3.36	63200.0
2013-10-04	2.24	3.32	3.36	3.36	47500.0
2013-10-07	2.26	3.34	3.38	3.34	65100.0
2013-10-08	2.24	3.34	3.36	3.34	14400.0
2013-10-09	2.26	3.34	3.36	3.34	1800.0
2013-10-10	2.28	3.34	3.36	3.36	16700.0
2013-10-11	2.24	3.3	3.38	3.36	27700.0
2013-10-14	2.28	3.3	3.38	3.38	400.0
2013-10-15	2.28	3.32	3.38	3.34	79200.0
2013-10-16	2.28	3.36	3.46	3.42	738500.0
2013-10-17	2.34	3.38	3.42	3.38	141200.0
2013-10-18	2.26	3.38	3.42	3.42	59400.0
2013-10-21	2.18	3.32	3.44	3.32	194900.0
2013-10-22	2.18	3.32	3.38	3.38	28800.0
2013-10-24	2.18	3.36	3.4	3.38	7900.0
2013-10-25	2.18	3.3	3.38	3.3	143200.0
2013-10-28	2.28	3.32	3.38	3.32	81100.0
2013-10-29	2.2	3.32	3.44	3.4	279700.0
2013-10-30	2.18	3.34	3.44	3.34	139700.0
2013-10-31	2.2	3.32	3.42	3.36	1600.0
2013-11-01	2.24	3.3	3.36	3.36	98800.0
2013-11-04	2.28	3.3	3.38	3.34	85300.0
2013-11-05	2.22	3.32	3.38	3.34	67900.0
2013-11-06	2.2	3.3	3.36	3.34	83000.0
2013-11-07	2.22	3.32	3.36	3.32	62400.0
2013-11-08	2.2	3.32	3.42	3.42	600300.0
2013-11-11	2.22	3.38	3.5	3.44	581000.0
2013-11-12	2.22	3.42	3.52	3.52	287900.0
2013-11-13	2.2	3.5	3.56	3.56	222000.0
2013-11-14	2.2	3.4	3.54	3.42	289900.0
2013-11-15	2.2	3.44	3.46	3.46	46200.0
2013-11-18	2.2	3.5	3.54	3.5	137500.0
2013-11-19	2.08	3.46	3.52	3.5	302800.0
2013-11-20	2.08	3.48	3.52	3.5	287100.0
2013-11-21	2.12	3.48	3.54	3.48	551500.0
2013-11-22	2.14	3.48	3.5	3.48	47500.0
2013-11-25	2.1	3.42	3.48	3.44	171900.0
2013-11-26	2.1	3.38	3.44	3.38	105700.0
2013-11-27	2.12	3.38	3.4	3.4	32400.0
2013-11-28	2.14	3.36	3.4	3.36	121600.0
2013-11-29	2.12	3.36	3.38	3.38	241700.0
2013-12-02	2.14	3.38	3.4	3.38	24000.0
2013-12-03	2.14	3.38	3.44	3.44	153000.0
2013-12-04	2.12	3.4	3.48	3.48	46400.0
2013-12-06	2.12	3.44	3.48	3.44	16400.0
2013-12-09	2.12	3.44	3.48	3.48	45100.0
2013-12-11	2.12	3.4	3.48	3.46	119600.0
2013-12-12	2.12	3.46	3.48	3.46	12100.0
2013-12-13	2.12	3.46	3.5	3.5	20000.0
2013-12-16	2.12	3.44	3.54	3.54	76200.0
2013-12-17	2.12	3.5	3.54	3.54	39400.0
2013-12-18	2.12	3.46	3.52	3.46	15000.0
2013-12-19	2.12	3.46	3.52	3.48	6000.0
2013-12-20	2.14	3.48	3.54	3.54	230500.0
2013-12-23	2.12	3.54	3.66	3.66	692800.0
2013-12-24	2.26	3.68	3.72	3.72	686000.0
2013-12-25	2.2	3.66	3.72	3.7	184600.0
2013-12-26	2.2	3.62	3.7	3.66	413600.0
2013-12-27	2.2	3.58	3.62	3.62	130200.0
2014-01-02	2.18	3.58	3.64	3.6	583300.0
2014-01-03	2.18	3.56	3.6	3.6	416500.0
2014-01-06	2.18	3.52	3.6	3.52	229300.0
2014-01-07	2.18	3.5	3.62	3.6	284200.0
2014-01-08	2.18	3.58	3.6	3.6	151500.0
2014-01-09	2.18	3.62	3.7	3.64	430000.0
2014-01-10	2.2	3.6	3.66	3.62	509000.0
2014-01-13	2.18	3.6	3.66	3.66	94200.0
2014-01-14	2.2	3.66	3.66	3.66	67700.0
2014-01-15	2.18	3.7	3.76	3.7	302700.0
2014-01-16	2.2	3.7	3.76	3.72	77200.0
2014-01-17	2.18	3.7	3.86	3.8	632400.0
2014-01-20	2.2	3.86	3.96	3.9	479600.0
2014-01-21	2.22	3.86	3.94	3.9	173500.0
2014-01-22	2.2	3.86	3.92	3.88	55600.0
2014-01-23	2.2	3.84	3.88	3.86	117700.0
2014-01-24	2.18	3.82	3.86	3.84	113400.0
2014-01-27	2.18	3.8	3.82	3.8	193100.0
2014-01-28	2.18	3.76	3.84	3.82	274700.0
2014-01-29	2.16	3.72	3.8	3.78	242200.0
2014-01-30	2.18	3.72	3.82	3.82	273600.0
2014-01-31	2.14	3.8	3.88	3.86	142600.0
2014-02-03	2.16	3.86	3.9	3.9	239100.0
2014-02-04	2.2	3.86	3.9	3.9	506600.0
2014-02-05	2.2	3.82	3.9	3.9	349300.0
2014-02-06	2.2	3.9	3.92	3.9	419500.0
2014-02-07	2.2	3.88	3.9	3.9	238700.0
2014-02-10	2.18	3.86	3.9	3.9	172700.0
2014-02-11	2.2	3.86	3.92	3.9	95200.0
2014-02-12	2.22	3.84	3.9	3.9	386400.0
2014-02-13	2.22	3.9	3.92	3.9	249600.0
2014-02-17	2.26	3.86	3.9	3.9	153500.0
2014-02-18	2.26	3.84	3.88	3.88	229600.0
2014-02-19	2.24	3.9	3.9	3.9	211300.0
2014-02-20	2.26	3.8	3.86	3.84	683300.0
2014-02-21	2.28	3.82	3.88	3.86	230400.0
2014-02-24	2.34	3.82	3.9	3.9	284000.0
2014-02-25	2.34	3.86	3.9	3.88	31200.0
2014-02-26	2.42	3.84	3.88	3.86	26600.0
2014-02-27	2.44	3.82	3.88	3.88	638500.0
2014-02-28	2.4	3.82	3.9	3.9	198400.0
2014-03-03	2.4	3.86	3.92	3.9	92400.0
2014-03-04	2.38	3.86	3.88	3.86	281200.0
2014-03-05	2.32	3.84	3.88	3.86	180900.0
2014-03-06	2.34	3.86	3.88	3.88	128900.0
2014-03-07	2.32	3.86	3.9	3.88	59300.0
2014-03-10	2.32	3.88	3.92	3.88	269500.0
2014-03-11	2.32	3.9	3.92	3.9	126900.0
2014-03-12	2.32	3.92	4.04	4.02	891800.0
2014-03-13	2.32	4.02	4.1	4.06	699300.0
2014-03-14	2.32	4.04	4.1	4.08	683300.0
2014-03-17	2.36	4.12	4.22	4.2	1788400.0
2014-03-18	2.36	4.14	4.2	4.14	492600.0
2014-03-19	2.3	4.08	4.16	4.12	440500.0
2014-03-20	2.32	4.06	4.12	4.08	133200.0
2014-03-21	2.36	4.02	4.1	4.06	490700.0
2014-03-24	2.32	4.02	4.08	4.06	426500.0
2014-03-25	2.34	4.04	4.1	4.1	122600.0
2014-03-26	2.3	4.08	4.1	4.1	167500.0
2014-03-27	2.32	4.1	4.12	4.12	382600.0
2014-03-28	2.34	4.12	4.18	4.16	1071800.0
2014-03-31	2.48	4.16	4.18	4.16	291100.0
2014-04-01	2.7	4.16	4.2	4.2	286300.0
2014-04-02	2.62	4.18	4.2	4.2	336800.0
2014-04-03	2.62	4.16	4.2	4.18	509700.0
2014-04-04	2.56	4.16	4.2	4.18	619600.0
2014-04-08	2.52	3.9	3.96	3.92	489000.0
2014-04-09	2.52	3.86	3.92	3.88	273200.0
2014-04-10	2.54	3.84	3.88	3.86	238400.0
2014-04-11	2.52	3.8	3.86	3.86	176500.0
2014-04-16	2.5	3.8	3.84	3.8	291700.0
2014-04-17	2.76	3.76	3.82	3.78	522500.0
2014-04-18	2.82	3.78	3.84	3.8	222200.0
2014-04-21	2.76	3.8	3.86	3.86	58100.0
2014-04-22	2.68	3.82	3.86	3.84	91700.0
2014-04-23	2.7	3.84	3.9	3.88	427500.0
2014-04-24	2.6	3.88	3.9	3.9	60700.0
2014-04-25	2.7	3.88	3.92	3.92	117800.0
2014-04-28	2.92	3.92	3.94	3.92	143300.0
2014-04-29	3.1	3.92	3.94	3.94	78200.0
2014-04-30	3.06	3.92	3.96	3.94	156800.0
2014-05-02	3.04	3.92	3.96	3.96	314100.0
2014-05-06	3.04	3.92	3.98	3.92	113700.0
2014-05-07	3.18	3.88	3.96	3.94	454800.0
2014-05-08	3.3	3.88	3.94	3.88	221800.0
2014-05-09	3.28	3.88	3.94	3.92	150400.0
2014-05-12	3.3	3.94	4.0	4.0	173300.0
2014-05-14	3.28	4.04	4.1	4.1	740400.0
2014-05-15	3.22	4.42	5.2	4.84	18374100.0
2014-05-16	3.26	4.8	5.05	5.0	5251600.0
2014-05-19	3.18	4.9	5.05	4.92	980800.0
2014-05-20	3.1	4.78	5.2	5.0	3560000.0
2014-05-21	3.12	4.98	5.1	5.0	881200.0
2014-05-22	3.1	5.0	5.15	5.0	1665500.0
2014-05-23	3.1	4.88	5.25	4.94	2562500.0
2014-05-26	3.06	5.0	5.1	5.1	1401900.0
2014-05-27	3.08	5.05	5.45	5.2	4634000.0
2014-05-28	3.28	5.15	5.35	5.2	1251000.0
2014-05-29	3.22	5.2	5.35	5.25	536300.0
2014-05-30	3.14	5.25	5.35	5.35	388700.0
2014-06-02	3.2	5.35	5.5	5.35	536200.0
2014-06-03	3.18	5.3	5.5	5.3	627600.0
2014-06-04	3.18	5.1	5.4	5.15	1083300.0
2014-06-05	3.16	4.98	5.15	5.0	2245200.0
2014-06-06	3.14	4.96	5.05	5.05	708600.0
2014-06-09	3.12	5.05	5.15	5.05	864900.0
2014-06-10	3.12	5.05	5.25	5.2	950200.0
2014-06-11	3.18	5.1	5.3	5.1	941400.0
2014-06-12	3.44	5.1	5.5	5.3	2284400.0
2014-06-13	3.5	5.25	5.45	5.3	537900.0
2014-06-16	3.54	5.2	5.3	5.25	335900.0
2014-06-17	3.46	5.2	5.3	5.2	304000.0
2014-06-18	3.48	5.1	5.2	5.1	455500.0
2014-06-19	3.48	5.05	5.2	5.2	143900.0
2014-06-20	3.72	5.15	5.15	5.15	80100.0
2014-06-23	3.64	5.1	5.25	5.25	308300.0
2014-06-24	3.72	5.05	5.2	5.15	464900.0
2014-06-25	3.76	5.05	5.1	5.05	285400.0
2014-06-26	4.0	5.1	5.15	5.1	450600.0
2014-06-27	4.24	5.05	5.15	5.1	105300.0
2014-06-30	4.34	5.0	5.15	5.0	672000.0
2014-07-02	4.28	5.0	5.1	5.05	279300.0
2014-07-03	3.88	5.0	5.1	5.05	99800.0
2014-07-04	3.92	5.05	5.1	5.1	214700.0
2014-07-07	4.14	5.05	5.35	5.05	1217900.0
2014-07-08	4.04	5.05	5.15	5.05	334500.0
2014-07-09	4.04	5.0	5.05	5.05	456000.0
2014-07-10	4.16	5.05	5.3	5.25	3121300.0
2014-07-14	4.28	5.25	6.05	5.7	13323700.0
2014-07-15	4.22	5.5	5.85	5.5	4591700.0
2014-07-16	4.24	5.45	5.7	5.45	1324600.0
2014-07-17	4.2	5.3	5.6	5.4	1661300.0
2014-07-18	4.06	5.3	5.45	5.3	1482100.0
2014-07-21	4.14	5.3	5.65	5.4	2997600.0
2014-07-22	4.12	5.2	5.45	5.35	1861300.0
2014-07-23	4.04	5.25	5.35	5.3	621300.0
2014-07-24	4.04	5.35	5.6	5.45	2173300.0
2014-07-25	4.0	5.45	5.8	5.6	3785400.0
2014-07-28	4.02	5.45	5.6	5.5	1140100.0
2014-07-29	4.0	5.35	5.55	5.35	1029600.0
2014-07-30	3.86	5.0	5.45	5.2	3156200.0
2014-07-31	3.8	5.1	5.45	5.3	1703900.0
2014-08-01	3.8	5.15	5.5	5.45	2886500.0
2014-08-04	3.94	5.3	5.7	5.6	1644500.0
2014-08-05	4.04	5.5	5.7	5.6	1821300.0
2014-08-06	4.0	5.5	5.65	5.55	507500.0
2014-08-07	3.94	5.55	5.9	5.85	3629900.0
2014-08-08	3.92	5.7	6.2	6.0	6539500.0
2014-08-13	3.9	5.75	6.2	6.05	5500800.0
2014-08-14	3.84	5.8	6.0	5.85	4236800.0
2014-08-15	3.9	5.85	5.95	5.9	1534600.0
2014-08-18	4.02	5.9	6.05	5.95	1270200.0
2014-08-19	3.92	5.8	6.0	5.8	681600.0
2014-08-20	3.88	5.7	5.9	5.7	510000.0
2014-08-21	3.9	5.65	5.85	5.8	197000.0
2014-08-22	3.86	5.75	5.85	5.8	486900.0
2014-08-25	3.88	5.75	5.9	5.8	549900.0
2014-08-26	3.84	5.65	5.75	5.65	488200.0
2014-08-27	3.88	5.6	5.75	5.7	229400.0
2014-08-28	3.86	5.65	5.75	5.7	729900.0
2014-08-29	3.82	5.65	5.85	5.85	450800.0
2014-09-01	3.7	5.8	5.95	5.9	439700.0
2014-09-02	3.64	5.85	5.95	5.9	625600.0
2014-09-03	3.6	5.75	5.95	5.85	481600.0
2014-09-04	3.5	5.7	5.9	5.8	923100.0
2014-09-05	3.46	5.75	6.3	6.0	10137300.0
2014-09-08	3.5	5.85	6.1	5.85	2347300.0
2014-09-09	3.66	5.8	6.0	5.85	1683800.0
2014-09-10	3.46	5.8	5.9	5.9	547500.0
2014-09-11	3.46	5.9	6.4	6.25	7545000.0
2014-09-12	3.5	6.4	8.1	6.8	87916600.0
2014-09-15	3.5	6.55	6.9	6.65	8196300.0
2014-09-16	3.46	6.3	6.7	6.3	4956200.0
2014-09-17	3.5	6.15	6.45	6.2	2978500.0
2014-09-18	3.46	6.25	6.6	6.4	3970100.0
2014-09-19	3.48	6.15	6.5	6.15	3352900.0
2014-09-22	3.56	6.15	6.35	6.25	2242900.0
2014-09-23	3.5	6.15	6.45	6.4	4565500.0
2014-09-24	3.6	6.45	6.85	6.5	7613700.0
2014-09-25	3.68	6.6	6.7	6.65	2419800.0
2014-09-26	3.68	6.4	6.7	6.5	1460000.0
2014-09-29	3.74	6.25	6.5	6.3	2185000.0
2014-09-30	3.72	6.2	6.35	6.25	714000.0
2014-10-01	3.64	6.2	6.35	6.25	562100.0
2014-10-03	3.7	6.0	6.25	6.1	1440000.0
2014-10-06	3.7	5.8	6.0	5.85	2477200.0
2014-10-07	3.68	5.7	5.95	5.75	1131300.0
2014-10-08	3.74	5.6	5.95	5.95	846100.0
2014-10-09	3.74	5.9	6.0	5.9	187100.0
2014-10-10	3.92	5.85	6.05	6.05	379700.0
2014-10-13	3.88	5.9	6.1	6.05	472300.0
2014-10-14	3.82	6.05	6.15	6.15	489100.0
2014-10-15	3.88	6.05	6.2	6.05	271200.0
2014-10-16	3.88	5.95	6.05	5.95	378100.0
2014-10-17	3.86	5.85	6.0	5.95	402700.0
2014-10-20	3.9	5.9	6.1	5.9	522300.0
2014-10-21	3.88	5.9	6.1	6.1	504900.0
2014-10-22	3.84	6.0	6.1	6.05	152700.0
2014-10-24	3.88	6.0	6.1	6.0	74000.0
2014-10-27	3.82	5.95	6.3	6.2	1303400.0
2014-10-28	3.8	6.15	6.65	6.6	3521200.0
2014-10-29	3.78	6.4	6.65	6.65	2029100.0
2014-10-30	3.84	6.5	6.65	6.65	593600.0
2014-10-31	3.84	6.45	6.65	6.6	336300.0
2014-11-03	3.84	6.5	6.95	6.8	1993700.0
2014-11-04	3.74	6.7	6.95	6.8	1114900.0
2014-11-05	3.74	6.5	6.75	6.5	745500.0
2014-11-06	3.8	6.45	6.55	6.55	138900.0
2014-11-07	3.78	6.3	6.55	6.4	620200.0
2014-11-10	3.8	5.75	6.3	6.0	2403500.0
2014-11-11	3.8	6.05	6.15	6.15	209100.0
2014-11-12	3.76	6.0	6.2	6.05	132000.0
2014-11-13	3.76	5.85	6.0	6.0	537100.0
2014-11-14	3.74	5.95	6.05	6.05	341000.0
2014-11-17	3.7	5.9	6.05	5.9	468000.0
2014-11-18	3.74	5.9	6.45	6.35	3153800.0
2014-11-19	3.78	6.05	6.25	6.05	680700.0
2014-11-20	3.76	6.0	6.1	6.0	384900.0
2014-11-21	3.72	6.0	6.1	6.0	454000.0
2014-11-24	3.74	6.0	6.05	6.05	191300.0
2014-11-25	3.72	6.0	6.1	6.0	243100.0
2014-11-26	3.76	5.9	6.0	6.0	322300.0
2014-11-27	3.74	5.95	6.0	5.95	144400.0
2014-11-28	3.78	5.9	6.0	5.9	171200.0
2014-12-01	3.8	5.9	5.95	5.9	67800.0
2014-12-02	3.8	5.9	6.1	6.0	483800.0
2014-12-03	3.84	6.0	6.05	6.0	314500.0
2014-12-04	3.7	5.95	6.0	6.0	123800.0
2014-12-08	3.68	5.8	6.0	5.8	213100.0
2014-12-09	3.72	5.85	6.0	6.0	232200.0
2014-12-11	3.76	5.8	6.0	5.8	411300.0
2014-12-12	3.8	5.7	5.9	5.7	461200.0
2014-12-15	3.76	4.88	5.6	5.4	2638600.0
2014-12-16	3.74	5.2	5.55	5.45	1318300.0
2014-12-17	3.68	5.35	5.5	5.45	222600.0
2014-12-18	3.7	5.45	5.65	5.55	636700.0
2014-12-19	3.7	5.5	5.85	5.6	340400.0
2014-12-22	3.68	5.6	5.85	5.8	190900.0
2014-12-23	3.7	5.8	5.9	5.8	143500.0
2014-12-24	3.72	5.65	5.85	5.8	193900.0
2014-12-25	3.72	5.6	5.75	5.65	123900.0
2014-12-26	3.8	5.5	5.6	5.6	190500.0
2014-12-29	3.94	5.65	5.85	5.65	31000.0
2014-12-30	4.1	5.6	5.65	5.65	193500.0
2015-01-05	3.9	5.5	5.65	5.5	340200.0
2015-01-06	3.94	5.5	5.65	5.55	144900.0
2015-01-07	3.92	5.5	5.6	5.6	44600.0
2015-01-08	3.86	5.6	5.65	5.6	69200.0
2015-01-09	3.9	5.6	5.7	5.6	124600.0
2015-01-12	3.84	5.5	5.6	5.55	224600.0
2015-01-13	3.86	5.55	5.85	5.65	143800.0
2015-01-14	3.96	5.55	5.7	5.55	179200.0
2015-01-15	3.98	5.5	5.6	5.55	205000.0
2015-01-16	3.96	5.55	5.8	5.6	261400.0
2015-01-19	3.92	5.65	5.8	5.65	455200.0
2015-01-20	3.92	5.7	5.9	5.75	996900.0
2015-01-21	3.96	5.7	5.8	5.75	482900.0
2015-01-22	3.94	5.75	5.9	5.8	335700.0
2015-01-23	3.92	5.7	5.85	5.7	377700.0
2015-01-26	3.9	5.65	5.75	5.75	200700.0
2015-01-27	3.86	5.65	5.75	5.65	244300.0
2015-01-28	3.9	5.65	5.75	5.65	152000.0
2015-01-29	3.92	5.7	5.75	5.7	178100.0
2015-01-30	3.88	5.7	5.8	5.8	838400.0
2015-02-02	3.9	5.8	5.85	5.8	304600.0
2015-02-03	3.9	5.85	6.25	6.2	4565500.0
2015-02-04	3.84	5.85	6.2	6.0	1807800.0
2015-02-05	3.86	5.9	6.1	6.1	861800.0
2015-02-06	3.9	6.05	6.2	6.1	1068800.0
2015-02-09	3.94	6.05	6.2	6.1	288300.0
2015-02-10	3.92	5.95	6.1	6.0	872700.0
2015-02-11	3.86	5.95	6.35	6.15	1864500.0
2015-02-12	3.8	6.05	6.25	6.15	882600.0
2015-02-13	3.8	6.1	6.2	6.15	320300.0
2015-02-16	3.98	6.15	6.2	6.2	367200.0
2015-02-17	3.92	6.05	6.2	6.15	490400.0
2015-02-18	3.9	6.2	6.5	6.35	4926100.0
2015-02-19	3.84	6.3	6.8	6.75	20141900.0
2015-02-20	3.78	6.45	6.85	6.65	10381600.0
2015-02-23	3.88	6.6	6.8	6.7	2003200.0
2015-02-24	3.8	6.55	6.7	6.55	657400.0
2015-02-25	3.74	6.25	6.5	6.45	1418500.0
2015-02-26	3.74	6.4	6.65	6.55	2440800.0
2015-02-27	3.72	6.4	6.55	6.55	552700.0
2015-03-02	3.7	6.35	6.55	6.4	436200.0
2015-03-03	3.72	6.4	6.7	6.55	2404700.0
2015-03-05	3.68	6.5	6.7	6.55	1629500.0
2015-03-06	3.68	6.5	6.65	6.5	285000.0
2015-03-09	3.68	6.45	6.55	6.45	341600.0
2015-03-10	3.68	6.4	6.6	6.5	531800.0
2015-03-11	3.52	6.45	6.6	6.5	544500.0
2015-03-12	3.52	6.55	7.0	7.0	2624000.0
2015-03-13	3.66	6.85	7.5	6.85	4292400.0
2015-03-16	3.6	6.45	6.85	6.45	3184300.0
2015-03-17	3.6	6.4	6.6	6.5	550900.0
2015-03-18	3.6	6.45	6.6	6.5	244500.0
2015-03-19	3.6	6.45	6.6	6.5	281300.0
2015-03-20	3.6	6.55	6.7	6.6	420900.0
2015-03-23	3.76	6.5	6.6	6.5	160200.0
2015-03-24	3.74	6.4	6.55	6.5	549900.0
2015-03-25	3.7	6.45	6.5	6.45	70200.0
2015-03-26	3.68	6.3	6.5	6.3	618500.0
2015-03-27	3.66	6.05	6.3	6.25	1076500.0
2015-03-30	3.8	6.05	6.15	6.1	795400.0
2015-03-31	3.76	6.0	6.3	6.15	602000.0
2015-04-01	3.8	6.15	6.3	6.3	221100.0
2015-04-02	3.8	6.3	6.4	6.3	528300.0
2015-04-03	3.86	6.3	6.35	6.35	462200.0
2015-04-07	3.84	6.05	6.15	6.1	355800.0
2015-04-08	3.82	6.1	6.25	6.1	93000.0
2015-04-09	3.8	6.05	6.15	6.1	157800.0
2015-04-10	3.8	6.2	6.3	6.3	355900.0
2015-04-16	3.74	6.35	6.7	6.5	1015200.0
2015-04-17	3.72	6.35	6.55	6.55	74200.0
2015-04-20	3.72	6.35	6.55	6.35	173200.0
2015-04-21	3.7	6.35	6.4	6.35	66100.0
2015-04-22	3.7	6.35	6.4	6.35	60700.0
2015-04-23	3.64	6.25	6.4	6.25	138400.0
2015-04-24	3.7	6.2	6.4	6.4	105600.0
2015-04-27	3.7	6.25	6.35	6.3	800900.0
2015-04-28	3.78	6.25	6.5	6.4	808000.0
2015-04-29	3.74	6.25	6.4	6.3	27400.0
2015-04-30	3.8	6.25	6.3	6.25	29000.0
2015-05-06	3.8	6.2	6.3	6.2	38000.0
2015-05-07	3.64	6.15	6.25	6.2	46200.0
2015-05-08	3.78	6.15	6.2	6.15	23500.0
2015-05-11	3.78	6.05	6.15	6.1	123700.0
2015-05-12	3.78	6.1	6.7	6.1	2831500.0
2015-05-13	3.8	5.5	6.15	5.8	2007600.0
2015-05-14	3.84	5.55	5.9	5.9	566800.0
2015-05-15	3.86	5.65	5.8	5.7	271800.0
2015-05-18	3.86	5.65	5.7	5.65	209700.0
2015-05-19	3.66	5.75	5.75	5.75	198200.0
2015-05-20	3.86	5.75	5.85	5.75	69100.0
2015-05-21	3.7	5.75	5.9	5.85	286600.0
2015-05-22	3.74	5.8	5.85	5.85	130100.0
2015-05-25	3.76	5.75	5.8	5.75	74700.0
2015-05-26	3.8	5.75	5.8	5.8	42800.0
2015-05-27	3.66	5.75	5.9	5.75	46800.0
2015-05-28	3.8	5.65	5.7	5.7	83600.0
2015-05-29	3.7	5.65	5.75	5.75	12400.0
2015-06-02	3.78	5.75	5.9	5.85	241700.0
2015-06-03	3.76	5.75	5.85	5.75	40600.0
2015-06-04	3.68	5.7	5.8	5.75	80600.0
2015-06-05	3.66	5.75	5.85	5.85	54900.0
2015-06-08	3.72	5.8	5.85	5.8	15000.0
2015-06-09	3.66	5.75	5.8	5.8	44200.0
2015-06-10	3.56	5.75	5.8	5.8	98000.0
2015-06-11	3.48	5.7	5.75	5.7	188200.0
2015-06-12	3.36	5.7	5.8	5.75	154800.0
2015-06-15	3.18	5.7	5.8	5.7	43400.0
2015-06-16	3.18	5.7	5.75	5.75	254100.0
2015-06-17	3.34	5.7	5.8	5.8	94300.0
2015-06-18	3.42	5.8	5.9	5.8	515600.0
2015-06-19	3.2	5.75	5.8	5.8	42500.0
2015-06-22	3.22	5.8	5.9	5.85	121600.0
2015-06-23	3.1	5.8	5.85	5.8	90500.0
2015-06-24	3.18	5.75	5.9	5.75	248700.0
2015-06-25	3.12	5.7	5.9	5.75	127900.0
2015-06-26	3.06	5.75	5.9	5.9	438300.0
2015-06-29	3.04	5.8	5.85	5.85	31100.0
2015-06-30	2.86	5.75	5.9	5.8	96500.0
2015-07-02	2.9	5.7	5.8	5.7	241300.0
2015-07-03	2.9	5.6	5.7	5.65	231900.0
2015-07-06	2.98	5.55	5.65	5.65	70500.0
2015-07-07	3.1	5.7	5.75	5.7	116200.0
2015-07-08	3.1	5.7	5.8	5.7	30100.0
2015-07-09	3.18	5.55	5.7	5.7	145400.0
2015-07-10	3.18	5.6	5.7	5.65	45200.0
2015-07-13	3.16	5.65	5.75	5.7	43000.0
2015-07-14	3.16	5.7	5.75	5.7	8700.0
2015-07-15	3.06	5.65	5.7	5.65	29900.0
2015-07-16	3.06	5.65	5.75	5.75	31200.0
2015-07-17	2.84	5.7	5.75	5.7	15600.0
2015-07-20	2.86	5.6	5.7	5.65	57100.0
2015-07-21	2.9	5.6	5.65	5.65	218600.0
2015-07-22	2.82	5.6	5.65	5.6	87700.0
2015-07-23	2.7	5.65	5.9	5.7	112100.0
2015-07-24	2.7	5.65	5.75	5.65	13200.0
2015-07-27	2.64	5.6	5.65	5.65	54200.0
2015-07-28	2.64	5.55	5.65	5.55	47300.0
2015-07-29	2.6	5.55	5.6	5.6	145200.0
2015-07-31	2.6	5.6	5.8	5.8	56000.0
2015-08-03	2.68	5.7	5.75	5.75	29900.0
2015-08-04	2.6	5.65	5.75	5.7	23600.0
2015-08-05	2.6	5.75	5.8	5.75	11900.0
2015-08-06	2.54	5.65	5.8	5.8	3400.0
2015-08-07	2.54	5.7	5.75	5.7	32300.0
2015-08-10	2.54	5.6	5.8	5.75	17800.0
2015-08-11	2.6	5.6	5.95	5.75	105700.0
2015-08-13	2.7	5.5	5.95	5.8	586100.0
2015-08-14	2.66	5.65	5.75	5.7	79000.0
2015-08-17	2.64	5.7	5.75	5.75	3100.0
2015-08-18	2.64	5.6	5.75	5.75	95500.0
2015-08-19	2.96	5.6	5.7	5.65	37600.0
2015-08-20	2.96	5.65	5.7	5.7	41400.0
2015-08-21	2.96	5.5	5.65	5.55	133400.0
2015-08-24	2.96	5.4	5.6	5.4	361800.0
2015-08-25	2.6	5.1	5.45	5.4	17800.0
2015-08-26	2.6	5.4	5.6	5.6	34400.0
2015-08-27	2.96	5.55	5.6	5.6	14700.0
2015-08-28	2.8	5.5	5.55	5.55	21100.0
2015-08-31	2.7	5.55	5.65	5.6	15100.0
2015-09-01	2.66	5.55	5.7	5.55	111800.0
2015-09-02	2.86	5.55	5.65	5.6	11000.0
2015-09-03	2.86	5.5	5.55	5.55	48600.0
2015-09-04	2.86	5.6	5.7	5.6	40000.0
2015-09-07	2.88	5.65	5.7	5.65	1400.0
2015-09-08	2.86	5.55	5.6	5.6	6500.0
2015-09-09	2.88	5.55	5.8	5.55	150600.0
2015-09-10	2.86	5.5	5.6	5.55	88100.0
2015-09-11	2.96	5.55	5.6	5.55	26900.0
2015-09-14	2.96	5.5	5.65	5.6	3500.0
2015-09-15	2.66	5.55	5.65	5.55	40100.0
2015-09-16	2.72	5.5	5.55	5.55	68300.0
2015-09-17	2.78	5.55	5.6	5.6	73500.0
2015-09-18	2.78	5.55	5.6	5.6	6400.0
2015-09-21	2.76	5.55	5.6	5.6	10500.0
2015-09-22	2.76	5.55	5.6	5.55	35500.0
2015-09-23	2.92	5.55	5.6	5.6	10500.0
2015-09-24	2.94	5.55	5.6	5.6	33900.0
2015-09-25	2.94	5.55	5.65	5.65	88700.0
2015-09-28	2.94	5.55	5.6	5.6	7100.0
2015-09-29	2.96	5.5	5.6	5.6	150300.0
2015-09-30	2.94	5.55	5.65	5.6	23600.0
2015-10-01	2.84	5.6	5.65	5.6	45400.0
2015-10-02	2.84	5.55	5.65	5.55	67200.0
2015-10-05	2.8	5.55	5.6	5.55	83000.0
2015-10-06	2.9	5.55	5.65	5.6	13000.0
2015-10-07	2.64	5.6	5.7	5.6	70600.0
2015-10-08	2.74	5.6	5.7	5.7	91100.0
2015-10-09	2.7	5.75	5.85	5.75	439000.0
2015-10-12	2.7	5.75	5.9	5.75	259500.0
2015-10-13	2.64	5.8	5.8	5.8	118200.0
2015-10-14	2.66	5.75	5.8	5.8	120400.0
2015-10-15	2.66	5.8	5.85	5.8	177600.0
2015-10-16	2.66	5.8	5.8	5.8	324400.0
2015-10-19	2.7	5.8	5.85	5.8	162000.0
2015-10-20	2.78	5.85	5.85	5.85	25400.0
2015-10-21	2.9	5.8	5.85	5.85	90100.0
2015-10-22	2.9	5.85	5.9	5.9	223800.0
2015-10-26	2.9	5.9	6.3	5.9	2176300.0
2015-10-27	2.9	5.95	6.0	5.95	203000.0
2015-10-28	2.9	5.9	6.0	5.9	240800.0
2015-10-29	2.68	5.8	6.05	5.85	456600.0
2015-10-30	2.64	5.7	5.9	5.75	166000.0
2015-11-02	2.64	5.75	6.15	5.9	315800.0
2015-11-03	2.64	5.9	6.4	6.35	4394700.0
2015-11-04	2.64	6.2	6.65	6.2	19792700.0
2015-11-05	2.64	5.95	6.25	5.95	2306800.0
2015-11-06	2.64	5.9	6.25	6.15	2232900.0
2015-11-09	2.64	6.05	6.2	6.05	239300.0
2015-11-10	2.86	6.0	6.15	6.1	348200.0
2015-11-11	2.86	6.05	6.2	6.1	298500.0
2015-11-12	2.86	6.15	6.5	6.45	5034000.0
2015-11-13	2.86	6.3	6.5	6.45	1210500.0
2015-11-16	2.76	6.3	6.45	6.35	221300.0
2015-11-17	2.84	6.25	6.45	6.25	180200.0
2015-11-18	2.84	6.2	6.3	6.25	115300.0
2015-11-19	2.76	6.1	6.25	6.1	343900.0
2015-11-20	2.78	6.05	6.15	6.1	167200.0
2015-11-23	2.68	6.0	6.1	6.0	213500.0
2015-11-24	2.92	5.95	6.0	5.95	167200.0
2015-11-25	2.76	5.95	6.15	6.0	492200.0
2015-11-26	2.8	6.0	6.2	6.15	389000.0
2015-11-27	2.86	6.1	6.25	6.25	315500.0
2015-11-30	2.84	6.1	6.25	6.15	148800.0
2015-12-01	2.84	6.15	6.2	6.2	346100.0
2015-12-02	2.84	6.0	6.2	6.1	166700.0
2015-12-03	2.86	6.05	6.1	6.05	77300.0
2015-12-04	2.86	5.95	6.15	6.15	39400.0
2015-12-08	2.86	5.9	6.1	5.9	265700.0
2015-12-09	2.8	5.75	5.95	5.8	213500.0
2015-12-11	2.94	5.65	5.8	5.75	328700.0
2015-12-14	2.7	5.55	5.75	5.65	80700.0
2015-12-15	2.9	5.6	5.8	5.75	132500.0
2015-12-16	2.68	5.75	5.95	5.9	401000.0
2015-12-17	2.66	5.9	5.95	5.9	36600.0
2015-12-18	2.64	5.5	5.9	5.5	1002800.0
2015-12-21	2.68	5.25	5.55	5.5	703400.0
2015-12-22	2.68	5.5	5.6	5.5	188800.0
2015-12-23	2.66	5.4	5.55	5.55	50400.0
2015-12-24	2.7	5.6	5.65	5.65	169900.0
2015-12-25	2.7	5.5	5.65	5.65	468600.0
2015-12-28	2.74	5.6	5.7	5.7	20900.0
2015-12-29	2.76	5.65	5.8	5.7	62700.0
2015-12-30	2.86	5.7	5.8	5.7	20600.0
2016-01-04	3.0	5.65	5.75	5.65	30100.0
2016-01-05	3.06	5.65	5.9	5.8	305100.0
2016-01-06	3.32	5.7	5.8	5.75	73900.0
2016-01-07	3.32	5.7	5.75	5.7	60400.0
2016-01-08	3.32	5.6	5.7	5.7	90900.0
2016-01-11	3.32	5.6	5.7	5.7	61500.0
2016-01-12	3.22	5.65	5.75	5.75	42400.0
2016-01-13	3.24	5.75	6.0	6.0	143000.0
2016-01-14	3.18	5.85	5.95	5.85	76800.0
2016-01-15	3.1	5.85	5.9	5.85	106100.0
2016-01-18	3.1	5.8	5.95	5.95	43800.0
2016-01-19	3.1	5.9	5.95	5.95	101400.0
2016-01-20	3.12	5.85	5.95	5.85	32100.0
2016-01-21	3.12	5.85	5.85	5.85	30200.0
2016-01-22	3.12	5.85	6.0	5.95	70500.0
2016-01-25	3.12	5.95	5.95	5.95	39800.0
2016-01-26	3.12	5.95	6.2	6.2	892400.0
2016-01-27	3.12	6.05	6.15	6.15	256800.0
2016-01-28	3.08	6.15	6.2	6.2	79600.0
2016-01-29	3.16	6.15	6.2	6.15	45400.0
2016-02-01	3.22	6.0	6.1	6.0	126800.0
2016-02-02	3.16	6.0	6.05	6.0	13000.0
2016-02-03	3.18	5.9	6.0	6.0	63900.0
2016-02-04	3.24	5.95	6.0	6.0	56700.0
2016-02-05	3.2	6.0	6.25	6.15	723800.0
2016-02-08	3.2	6.1	6.2	6.15	504400.0
2016-02-09	3.22	6.05	6.15	6.1	235100.0
2016-02-10	3.16	6.0	6.1	6.05	81700.0
2016-02-11	3.12	5.95	6.05	6.0	152900.0
2016-02-12	3.14	5.95	6.0	6.0	41000.0
2016-02-15	3.14	6.0	6.05	6.0	47400.0
2016-02-16	3.06	6.0	6.25	6.15	997600.0
2016-02-17	3.1	6.1	6.2	6.15	166400.0
2016-02-18	3.08	6.15	6.3	6.2	778100.0
2016-02-19	3.1	6.25	6.35	6.3	659800.0
2016-02-23	3.12	6.35	6.65	6.65	1563200.0
2016-02-24	3.12	6.45	6.6	6.6	694100.0
2016-02-25	3.2	6.55	6.85	6.85	1203600.0
2016-02-26	3.1	6.65	6.9	6.75	1070400.0
2016-02-29	3.16	6.75	6.9	6.75	341800.0
2016-03-01	3.12	6.75	6.85	6.75	199200.0
2016-03-02	3.14	6.55	6.75	6.55	326000.0
2016-03-03	3.18	6.5	6.6	6.55	716500.0
2016-03-04	3.14	6.55	6.6	6.55	77600.0
2016-03-07	3.12	6.55	6.8	6.8	405900.0
2016-03-08	3.18	6.65	6.8	6.8	453800.0
2016-03-09	3.16	6.8	6.85	6.8	525900.0
2016-03-10	3.16	6.7	6.85	6.85	480900.0
2016-03-11	3.2	6.7	6.85	6.7	415700.0
2016-03-14	3.22	6.6	6.75	6.7	211400.0
2016-03-15	3.18	6.6	6.7	6.65	305800.0
2016-03-16	3.18	6.6	6.65	6.65	468100.0
2016-03-17	3.2	6.6	6.7	6.7	90900.0
2016-03-18	3.16	6.55	6.7	6.6	227100.0
2016-03-21	3.22	6.55	6.65	6.65	142100.0
2016-03-22	3.16	6.55	6.65	6.55	61300.0
2016-03-23	3.18	6.55	6.7	6.7	131700.0
2016-03-24	3.22	6.6	6.7	6.7	64300.0
2016-03-25	3.34	6.6	6.75	6.7	129300.0
2016-03-28	3.28	6.7	6.75	6.7	96400.0
2016-03-29	3.28	6.75	6.85	6.85	319300.0
2016-03-30	3.26	6.9	7.05	6.9	379600.0
2016-03-31	3.22	6.85	7.05	6.85	250500.0
2016-04-01	3.22	6.9	7.0	6.95	65200.0
2016-04-04	3.26	6.95	7.0	7.0	227000.0
2016-04-05	3.28	6.9	7.0	6.95	359600.0
2016-04-07	3.26	6.85	6.95	6.95	324600.0
2016-04-08	3.34	6.8	6.85	6.8	160900.0
2016-04-11	3.24	6.75	6.85	6.8	258200.0
2016-04-12	3.24	6.8	6.95	6.9	484600.0
2016-04-18	3.26	6.65	6.8	6.65	848800.0
2016-04-19	3.28	6.55	6.7	6.6	487100.0
2016-04-20	3.24	6.6	6.7	6.7	311200.0
2016-04-21	3.38	6.65	6.75	6.7	345400.0
2016-04-22	3.34	6.6	6.7	6.65	166600.0
2016-04-25	3.3	6.55	6.75	6.7	459600.0
2016-04-26	3.28	6.6	6.7	6.7	31600.0
2016-04-27	3.26	6.6	6.75	6.7	34000.0
2016-04-28	3.26	6.6	6.7	6.65	37300.0
2016-04-29	3.26	6.6	6.7	6.7	29000.0
2016-05-03	3.28	6.65	6.8	6.75	224100.0
2016-05-04	3.32	6.75	6.9	6.8	152700.0
2016-05-06	3.32	6.75	6.9	6.8	152700.0
2016-05-09	3.3	6.85	7.3	7.2	734100.0
2016-05-10	3.28	7.2	7.45	7.45	1431500.0
2016-05-11	3.28	7.2	7.45	7.25	335600.0
2016-05-12	3.24	7.45	8.15	7.7	4449300.0
2016-05-13	3.28	7.75	8.4	8.15	6641200.0
2016-05-16	3.28	7.85	8.45	8.2	3213600.0
2016-05-17	3.28	7.95	8.15	8.0	740900.0
2016-05-18	3.3	7.9	8.1	7.95	565600.0
2016-05-19	3.38	7.95	8.4	8.0	649600.0
2016-05-23	3.36	8.0	8.1	8.0	469100.0
2016-05-24	3.32	7.9	8.05	8.0	313500.0
2016-05-25	3.28	8.0	8.15	8.0	1521900.0
2016-05-26	3.28	7.95	8.4	8.4	1721500.0
2016-05-27	3.28	8.5	9.5	8.55	2973000.0
2016-05-30	3.34	8.45	8.8	8.45	1019500.0
2016-05-31	3.32	8.45	8.85	8.85	2727200.0
2016-06-01	3.28	8.65	8.9	8.8	607600.0
2016-06-02	3.32	8.7	8.85	8.75	297000.0
2016-06-03	3.36	8.8	9.1	9.0	1965200.0
2016-06-06	3.36	9.0	9.2	9.05	472900.0
2016-06-07	3.38	8.85	9.25	8.85	443600.0
2016-06-08	3.34	8.75	8.95	8.9	264500.0
2016-06-09	3.32	8.8	9.1	8.9	161000.0
2016-06-10	3.32	8.55	8.85	8.8	420200.0
2016-06-13	3.3	8.65	8.8	8.7	235600.0
2016-06-14	3.28	8.7	9.1	8.85	110100.0
2016-06-15	3.26	8.8	9.0	8.9	69300.0
2016-06-16	3.24	8.9	9.3	8.9	1819200.0
2016-06-17	3.28	8.6	8.95	8.75	593800.0
2016-06-20	3.3	8.7	8.9	8.85	343800.0
2016-06-21	3.3	8.9	8.95	8.95	190900.0
2016-06-22	3.28	8.05	9.0	8.05	673700.0
2016-06-23	3.28	7.7	8.0	7.85	2253300.0
2016-06-24	3.28	7.45	7.85	7.7	2569900.0
2016-06-27	3.34	7.5	7.95	7.95	1910800.0
2016-06-28	3.3	7.85	8.4	8.4	324800.0
2016-06-29	3.26	8.2	8.55	8.2	558800.0
2016-06-30	3.2	8.0	8.4	8.05	427200.0
2016-07-04	3.18	7.9	8.05	8.05	374900.0
2016-07-05	3.26	7.8	8.05	7.8	707800.0
2016-07-06	3.24	7.75	8.05	7.8	675700.0
2016-07-07	3.28	7.8	7.85	7.85	356200.0
2016-07-08	3.28	7.8	7.85	7.85	280900.0
2016-07-11	3.28	7.8	8.0	8.0	139300.0
2016-07-12	3.28	7.95	8.1	7.95	84200.0
2016-07-13	3.28	8.0	8.15	8.05	285300.0
2016-07-14	3.2	8.1	8.45	8.25	628100.0
2016-07-15	3.2	8.25	8.6	8.5	884200.0
2016-07-20	3.18	8.5	8.75	8.65	726100.0
2016-07-21	3.24	8.35	8.95	8.5	656900.0
2016-07-22	3.24	8.4	8.65	8.45	117300.0
2016-07-25	3.24	8.3	8.6	8.45	198500.0
2016-07-26	3.24	8.25	8.5	8.3	698300.0
2016-07-27	3.24	8.2	8.3	8.25	241700.0
2016-07-28	3.24	8.25	8.4	8.3	71400.0
2016-07-29	3.32	8.3	8.5	8.3	58800.0
2016-08-01	3.24	7.85	8.3	8.05	361500.0
2016-08-02	3.32	7.9	8.1	7.95	256100.0
2016-08-03	3.24	7.7	7.95	7.95	422900.0
2016-08-04	3.28	7.9	8.1	8.0	147600.0
2016-08-05	3.28	8.0	8.15	8.15	44700.0
2016-08-08	3.3	8.05	8.2	8.15	69800.0
2016-08-09	3.28	7.9	8.2	8.05	105600.0
2016-08-10	3.24	8.0	8.1	8.1	55500.0
2016-08-11	3.24	7.5	7.85	7.7	1416400.0
2016-08-15	3.2	7.5	7.85	7.65	692000.0
2016-08-16	3.22	7.65	7.8	7.65	329800.0
2016-08-17	3.22	7.7	7.85	7.7	566700.0
2016-08-18	3.24	7.6	7.75	7.65	232700.0
2016-08-19	3.2	7.65	7.8	7.65	920700.0
2016-08-22	3.3	7.55	7.75	7.65	177800.0
2016-08-23	3.26	7.5	7.7	7.6	66000.0
2016-08-24	3.28	7.6	7.7	7.6	124000.0
2016-08-25	3.24	7.55	7.7	7.6	25300.0
2016-08-26	3.24	7.6	7.7	7.65	79200.0
2016-08-29	3.3	7.6	7.7	7.6	55900.0
2016-08-30	3.28	7.65	7.8	7.65	420100.0
2016-08-31	3.28	7.8	8.15	8.15	1159600.0
2016-09-01	3.28	7.8	8.55	7.8	1544500.0
2016-09-02	3.28	7.7	7.9	7.75	394000.0
2016-09-05	3.3	7.5	7.9	7.6	516200.0
2016-09-06	3.3	7.5	7.8	7.8	110100.0
2016-09-07	3.28	7.6	7.85	7.65	87000.0
2016-09-08	3.3	7.55	7.85	7.6	513400.0
2016-09-09	3.32	7.4	7.85	7.55	299700.0
2016-09-12	3.3	7.5	7.8	7.6	247000.0
2016-09-13	3.3	7.55	7.8	7.75	133000.0
2016-09-14	3.36	7.65	7.9	7.9	120600.0
2016-09-15	3.36	7.8	7.9	7.9	176900.0
2016-09-16	3.32	7.85	8.0	8.0	112900.0
2016-09-19	3.28	8.0	8.45	8.3	1082600.0
2016-09-20	3.32	8.25	8.5	8.35	333000.0
2016-09-21	3.2	8.3	8.45	8.3	112600.0
2016-09-22	3.2	8.2	8.3	8.2	157100.0
2016-09-23	3.24	8.2	8.5	8.45	2069200.0
2016-09-26	3.2	8.4	8.6	8.6	810200.0
2016-09-27	3.26	8.4	8.65	8.5	529500.0
2016-09-28	3.2	8.2	8.5	8.3	288300.0
2016-09-29	3.2	8.45	8.8	8.6	801600.0
2016-09-30	3.26	8.65	9.2	9.15	2346300.0
2016-10-03	3.26	9.45	11.8	9.65	1426100.0
2016-10-04	3.28	9.35	9.7	9.4	459600.0
2016-10-05	3.28	8.85	9.35	9.0	372300.0
2016-10-06	3.28	8.9	9.0	8.9	83100.0
2016-10-07	3.26	8.85	9.05	8.9	100700.0
2016-10-10	3.24	8.15	8.65	8.35	381900.0
2016-10-11	3.26	8.2	8.5	8.3	321600.0
2016-10-12	3.28	7.7	8.1	7.9	737400.0
2016-10-13	3.36	7.5	8.1	7.6	755300.0
2016-10-14	3.3	7.95	8.35	8.3	341000.0
2016-10-17	3.3	8.35	8.45	8.4	71200.0
2016-10-18	3.3	8.4	8.45	8.45	15700.0
2016-10-19	3.3	8.45	8.6	8.6	84800.0
2016-10-20	3.3	8.65	8.85	8.7	32600.0
2016-10-21	3.3	8.7	8.85	8.7	164900.0
2016-10-25	3.3	8.7	8.8	8.75	87400.0
2016-10-26	3.32	8.65	8.85	8.8	441000.0
2016-10-27	3.32	8.7	8.8	8.75	50100.0
2016-10-28	3.3	8.75	8.75	8.75	11700.0
2016-10-31	3.32	8.75	9.15	9.15	701400.0
2016-11-01	3.32	8.95	9.25	8.95	62600.0
2016-11-02	3.34	9.0	9.05	9.05	106400.0
2016-11-03	3.3	8.8	9.05	8.85	78500.0
2016-11-04	3.32	8.8	8.9	8.9	46900.0
2016-11-07	3.3	8.75	8.95	8.9	50900.0
2016-11-08	3.3	8.75	8.9	8.85	33700.0
2016-11-09	3.32	8.65	8.8	8.7	29700.0
2016-11-10	3.32	8.0	8.5	8.2	462300.0
2016-11-11	3.34	8.05	8.3	8.05	178400.0
2016-11-14	3.34	8.05	8.15	8.1	96600.0
2016-11-15	3.34	7.9	8.05	8.05	71600.0
2016-11-16	3.34	8.0	8.1	8.0	79800.0
2016-11-17	3.34	7.95	8.05	8.05	60500.0
2016-11-18	3.36	7.95	8.0	8.0	71600.0
2016-11-21	3.34	7.95	8.0	8.0	76300.0
2016-11-22	3.36	8.0	8.1	8.0	42300.0
2016-11-23	3.36	8.0	8.1	8.05	23400.0
2016-11-24	3.34	8.0	8.05	8.05	50900.0
2016-11-25	3.38	7.9	8.05	8.0	314100.0
2016-11-28	3.38	8.0	8.0	8.0	32800.0
2016-11-29	3.38	7.9	8.0	7.95	119000.0
2016-11-30	3.38	7.95	8.05	7.95	52300.0
2016-12-01	3.4	7.9	8.0	8.0	500500.0
2016-12-02	3.4	7.95	8.0	7.95	55600.0
2016-12-06	3.44	7.95	7.95	7.95	13000.0
2016-12-07	3.4	8.0	8.1	8.05	266200.0
2016-12-08	3.24	8.05	8.3	8.05	137300.0
2016-12-09	3.2	8.05	8.1	8.1	219500.0
2016-12-13	3.16	8.1	8.2	8.2	58800.0
2016-12-14	3.2	8.05	8.2	8.15	132400.0
2016-12-15	3.22	8.05	8.15	8.15	47900.0
2016-12-16	3.28	8.05	8.2	8.2	101500.0
2016-12-19	3.28	8.15	8.25	8.25	85600.0
2016-12-20	3.28	8.25	8.4	8.4	92700.0
2016-12-21	3.28	8.4	8.55	8.5	79800.0
2016-12-22	3.28	8.3	8.6	8.4	203500.0
2016-12-23	3.28	8.3	8.45	8.45	279700.0
2016-12-26	3.24	8.3	8.4	8.3	22100.0
2016-12-27	3.24	8.1	8.4	8.35	433800.0
2016-12-28	3.3	8.15	8.3	8.25	22700.0
2016-12-29	3.32	8.25	8.35	8.3	75500.0
2016-12-30	3.32	8.3	8.5	8.4	72600.0
2017-01-04	3.32	8.35	8.45	8.45	32000.0
2017-01-05	3.34	8.3	8.5	8.4	127700.0
2017-01-06	3.42	8.25	8.45	8.45	69300.0
2017-01-09	3.36	8.3	8.4	8.4	3400.0
2017-01-10	3.48	8.4	8.4	8.4	43900.0
2017-01-11	3.62	8.3	8.4	8.35	21600.0
2017-01-12	3.62	8.3	8.35	8.3	26600.0
2017-01-13	3.62	8.35	8.4	8.4	32600.0
2017-01-16	3.44	8.3	8.4	8.3	7000.0
2017-01-17	3.34	8.3	8.3	8.3	9600.0
2017-01-18	3.42	8.25	8.4	8.25	32300.0
2017-01-19	3.48	8.1	8.25	8.25	32300.0
2017-01-20	3.48	8.2	8.35	8.35	3600.0
2017-01-23	3.58	8.25	8.35	8.35	79000.0
2017-01-24	3.72	8.25	8.35	8.25	59000.0
2017-01-25	3.8	8.25	8.35	8.35	67700.0
2017-01-26	3.88	8.35	8.55	8.5	139100.0
2017-01-27	3.84	8.35	8.55	8.5	32600.0
2017-01-30	3.82	8.45	8.5	8.5	50100.0
2017-01-31	3.88	8.45	8.5	8.45	82000.0
2017-02-01	3.94	8.4	8.65	8.55	165700.0
2017-02-02	3.9	8.6	8.7	8.65	105500.0
2017-02-03	3.78	8.5	8.55	8.55	29500.0
2017-02-06	3.88	8.5	8.85	8.65	72800.0
2017-02-07	3.84	8.55	8.65	8.55	67600.0
2017-02-08	3.78	8.55	8.65	8.55	90400.0
2017-02-09	3.8	8.5	8.55	8.55	109000.0
2017-02-10	3.76	8.5	8.55	8.5	15800.0
2017-02-14	3.84	8.5	8.6	8.6	88700.0
2017-02-15	3.86	8.55	8.65	8.65	55700.0
2017-02-16	3.8	9.0	9.45	9.2	1464100.0
2017-02-17	3.82	9.25	10.4	9.7	2815000.0
2017-02-20	3.8	9.8	10.1	9.8	1242600.0
2017-02-21	3.8	9.25	9.95	9.35	681500.0
2017-02-22	3.82	9.2	9.35	9.25	72800.0
2017-02-23	3.8	9.35	9.7	9.5	125400.0
2017-02-24	3.78	9.4	9.5	9.5	5900.0
2017-02-27	3.86	9.1	9.5	9.1	69300.0
2017-02-28	3.9	9.2	9.5	9.5	146800.0
2017-03-01	3.94	9.25	9.45	9.3	61600.0
2017-03-02	3.96	9.3	9.4	9.3	122600.0
2017-03-03	3.94	9.3	9.4	9.3	26600.0
2017-03-06	4.02	9.3	9.3	9.3	39300.0
2017-03-07	4.08	9.45	9.5	9.45	54500.0
2017-03-08	4.06	9.35	9.45	9.45	88900.0
2017-03-09	4.04	9.45	9.65	9.45	196200.0
2017-03-10	4.14	9.5	9.6	9.5	41500.0
2017-03-13	4.14	9.3	9.4	9.35	103300.0
2017-03-14	4.18	9.35	9.55	9.55	162400.0
2017-03-15	4.12	9.4	9.65	9.65	43700.0
2017-03-16	4.16	9.5	9.65	9.55	28800.0
2017-03-17	4.12	9.6	9.75	9.65	58400.0
2017-03-20	4.06	9.65	9.75	9.75	94300.0
2017-03-21	4.06	9.7	9.8	9.8	46100.0
2017-03-22	4.08	9.6	9.75	9.7	35000.0
2017-03-23	4.06	9.65	9.8	9.65	26200.0
2017-03-24	4.02	9.6	9.65	9.65	7800.0
2017-03-27	4.06	9.75	9.95	9.95	30800.0
2017-03-28	4.04	9.8	9.9	9.8	16000.0
2017-03-29	4.0	9.65	9.9	9.75	42700.0
2017-03-30	4.06	9.7	9.85	9.75	16500.0
2017-03-31	3.96	9.8	9.9	9.9	90800.0
2017-04-03	3.98	9.9	10.0	9.9	103200.0
2017-04-04	3.96	9.7	9.95	9.8	82300.0
2017-04-05	3.96	9.9	9.9	9.9	86200.0
2017-04-07	3.98	9.75	9.9	9.85	42500.0
2017-04-10	3.96	9.7	9.75	9.7	35100.0
2017-04-11	3.92	9.7	9.8	9.8	37200.0
2017-04-12	4.12	9.7	9.8	9.75	33200.0
2017-04-17	4.0	9.45	9.7	9.45	97600.0
2017-04-18	4.0	9.2	9.35	9.2	116200.0
2017-04-19	4.02	8.9	9.15	9.0	205900.0
2017-04-20	4.0	8.95	9.25	9.25	110200.0
2017-04-21	4.02	9.2	9.3	9.3	49200.0
2017-04-24	4.0	9.0	9.25	9.1	522000.0
2017-04-25	4.0	8.9	9.15	9.0	431700.0
2017-04-26	4.0	8.95	9.0	9.0	295900.0
2017-04-27	4.0	9.0	9.0	9.0	271000.0
2017-04-28	3.92	8.95	9.0	9.0	282500.0
2017-05-02	3.86	9.0	9.05	9.05	112200.0
2017-05-03	3.88	9.05	9.1	9.05	10500.0
2017-05-04	3.84	9.0	9.05	9.0	183400.0
2017-05-05	3.82	9.0	9.05	9.05	26600.0
2017-05-08	3.86	8.9	8.95	8.95	61100.0
2017-05-09	3.84	8.5	8.95	8.55	507500.0
2017-05-11	3.84	8.6	8.85	8.6	113400.0
2017-05-12	3.86	8.5	8.65	8.55	40700.0
2017-05-15	3.82	8.55	8.6	8.55	15400.0
2017-05-16	3.92	8.5	8.7	8.6	122500.0
2017-05-17	3.86	8.4	8.6	8.4	73400.0
2017-05-18	3.86	8.3	8.5	8.4	234000.0
2017-05-19	3.86	8.35	8.5	8.35	211500.0
2017-05-22	3.86	8.35	8.4	8.4	112700.0
2017-05-23	3.88	8.4	8.4	8.4	508600.0
2017-05-24	3.86	8.35	8.45	8.45	74400.0
2017-05-25	3.88	8.5	8.6	8.6	47600.0
2017-05-26	3.84	8.5	8.6	8.55	150300.0
2017-05-29	3.84	8.55	8.55	8.55	35800.0
2017-05-30	3.82	8.55	8.6	8.55	56100.0
2017-05-31	3.8	8.55	8.6	8.55	64200.0
2017-06-01	3.78	8.5	8.55	8.55	5100.0
2017-06-02	3.78	8.5	8.55	8.55	48000.0
2017-06-05	3.76	8.5	8.6	8.6	15600.0
2017-06-06	3.78	8.55	8.6	8.55	44800.0
2017-06-07	3.84	8.45	8.55	8.5	93400.0
2017-06-08	3.84	8.5	8.55	8.5	153800.0
2017-06-09	3.8	8.55	8.65	8.55	11000.0
2017-06-12	3.78	8.55	8.6	8.6	108600.0
2017-06-13	3.8	8.6	8.65	8.65	41700.0
2017-06-14	3.8	8.6	8.7	8.65	3700.0
2017-06-15	3.8	8.55	8.65	8.6	5700.0
2017-06-16	3.8	8.4	8.55	8.4	152900.0
2017-06-19	3.8	8.4	8.5	8.5	57400.0
2017-06-20	3.78	8.6	8.6	8.6	26700.0
2017-06-21	3.76	8.6	8.7	8.6	153100.0
2017-06-22	3.7	8.7	9.2	8.95	483500.0
2017-06-23	3.64	8.9	9.05	8.95	95300.0
2017-06-26	3.66	9.0	9.25	9.0	70300.0
2017-06-27	3.72	8.9	9.0	8.95	65900.0
2017-06-28	3.76	8.85	8.95	8.85	42300.0
2017-06-29	3.76	8.75	8.95	8.8	33100.0
2017-06-30	3.78	8.65	8.75	8.7	8900.0
2017-07-03	3.84	8.6	8.75	8.6	5800.0
2017-07-04	3.8	8.6	8.85	8.6	22800.0
2017-07-05	3.82	8.7	8.8	8.7	1100.0
2017-07-06	3.78	8.7	8.8	8.8	17900.0
2017-07-07	3.76	8.8	8.9	8.8	16900.0
2017-07-11	3.78	8.7	8.9	8.7	23000.0
2017-07-12	3.74	8.7	8.75	8.7	27800.0
2017-07-13	3.76	8.7	8.75	8.75	5200.0
2017-07-14	3.76	8.7	8.8	8.8	7700.0
2017-07-17	3.76	8.75	8.8	8.8	800.0
2017-07-18	3.74	8.65	8.85	8.8	20600.0
2017-07-19	3.7	8.65	8.85	8.65	3200.0
2017-07-20	3.76	8.7	8.75	8.7	12300.0
2017-07-21	3.72	8.75	8.8	8.75	35800.0
2017-07-24	3.72	8.6	8.85	8.85	11500.0
2017-07-25	3.78	8.7	8.8	8.8	2300.0
2017-07-26	3.84	8.6	8.7	8.7	115000.0
2017-07-27	3.9	8.6	8.85	8.75	19200.0
2017-07-31	3.92	8.7	8.75	8.75	26800.0
2017-08-01	3.86	8.65	8.8	8.8	230200.0
2017-08-02	3.9	8.8	8.85	8.8	161400.0
2017-08-03	3.92	8.6	8.85	8.85	121600.0
2017-08-04	3.9	8.8	8.85	8.85	11700.0
2017-08-07	3.88	8.7	8.85	8.8	21800.0
2017-08-08	3.88	8.7	8.8	8.8	398300.0
2017-08-09	3.88	8.75	8.8	8.8	443500.0
2017-08-10	3.88	8.4	8.7	8.4	967100.0
2017-08-11	3.88	8.1	8.35	8.2	457700.0
2017-08-15	3.98	8.05	8.2	8.05	227700.0
2017-08-16	3.86	8.0	8.2	8.0	393300.0
2017-08-17	3.82	7.9	8.15	7.9	1451300.0
2017-08-18	3.82	7.55	7.95	7.7	822100.0
2017-08-21	3.82	7.55	7.75	7.6	548300.0
2017-08-22	3.82	7.5	7.7	7.55	674500.0
2017-08-23	3.86	7.6	7.8	7.75	190200.0
2017-08-24	3.82	7.75	7.9	7.9	34800.0
2017-08-25	3.86	7.85	8.0	7.95	159100.0
2017-08-28	3.88	7.8	8.0	7.95	26700.0
2017-08-29	3.86	7.85	8.0	7.9	340500.0
2017-08-30	3.88	7.9	7.95	7.95	41400.0
2017-08-31	3.9	7.95	8.0	8.0	194500.0
2017-09-01	3.88	7.95	8.05	8.0	534600.0
2017-09-04	3.88	7.95	8.0	8.0	37400.0
2017-09-05	3.9	7.95	8.05	7.95	48500.0
2017-09-06	3.9	7.95	8.0	8.0	89100.0
2017-09-07	3.92	7.95	8.0	8.0	19200.0
2017-09-08	3.92	7.9	8.0	7.95	230500.0
2017-09-11	3.92	7.7	7.9	7.8	377500.0
2017-09-12	3.98	7.7	7.85	7.8	119500.0
2017-09-13	4.0	7.8	7.9	7.85	260800.0
2017-09-14	4.0	7.85	7.9	7.85	385300.0
2017-09-15	3.98	7.85	7.9	7.85	51500.0
2017-09-18	4.12	7.85	8.0	7.9	52000.0
2017-09-19	4.24	7.9	7.95	7.9	17700.0
2017-09-20	4.3	7.9	8.0	7.9	30200.0
2017-09-21	4.26	7.85	7.9	7.85	166900.0
2017-09-22	4.4	7.9	7.95	7.9	47200.0
2017-09-25	4.34	7.85	7.9	7.9	526400.0
2017-09-26	4.42	7.9	7.95	7.95	33500.0
2017-09-27	4.36	8.0	8.1	8.05	42400.0
2017-09-28	4.36	8.0	8.15	8.05	61700.0
2017-09-29	4.3	8.15	8.2	8.15	59600.0
2017-10-02	4.38	8.15	8.8	8.35	91700.0
2017-10-03	4.34	8.2	8.35	8.2	42100.0
2017-10-04	4.52	8.2	8.25	8.2	2900.0
2017-10-05	4.5	8.2	8.25	8.25	11300.0
2017-10-06	4.52	8.3	8.3	8.3	27500.0
2017-10-09	4.52	8.3	8.4	8.3	8600.0
2017-10-10	4.64	8.25	8.3	8.3	12400.0
2017-10-11	4.6	8.15	8.3	8.15	331700.0
2017-10-12	4.64	8.1	8.25	8.2	33300.0
2017-10-16	4.6	8.05	8.25	8.2	29900.0
2017-10-17	4.62	8.15	8.2	8.15	33500.0
2017-10-18	4.6	8.1	8.2	8.2	31600.0
2017-10-19	4.6	8.15	8.3	8.2	47500.0
2017-10-20	4.6	8.1	8.25	8.2	33500.0
2017-10-24	4.6	8.05	8.2	8.2	18500.0
2017-10-25	4.76	8.1	8.35	8.25	63700.0
2017-10-27	4.78	8.15	8.25	8.15	2400.0
2017-10-30	4.8	8.15	8.2	8.15	2100.0
2017-10-31	4.86	8.2	8.25	8.2	8600.0
2017-11-02	4.84	8.15	8.25	8.15	1600.0
2017-11-03	4.82	8.1	8.2	8.2	55500.0
2017-11-06	4.86	8.15	8.15	8.15	1100.0
2017-11-07	4.86	8.1	8.15	8.15	10800.0
2017-11-08	4.8	8.15	8.15	8.15	3700.0
2017-11-09	4.82	8.05	8.15	8.1	331800.0
2017-11-10	4.8	8.05	8.15	8.05	123800.0
2017-11-13	4.8	7.95	8.0	8.0	513900.0
2017-11-14	4.8	7.85	7.95	7.9	734100.0
2017-11-15	4.78	7.6	7.95	7.65	573500.0
2017-11-16	4.72	7.75	7.8	7.75	78900.0
2017-11-17	4.52	7.7	7.75	7.75	326300.0
2017-11-20	4.7	7.65	7.75	7.7	646200.0
2017-11-21	4.76	7.6	7.7	7.7	374300.0
2017-11-22	4.62	7.65	7.75	7.7	652200.0
2017-11-23	4.6	7.45	7.75	7.7	3038600.0
2017-11-24	4.62	7.65	7.8	7.8	113400.0
2017-11-27	4.62	7.75	7.8	7.75	105900.0
2017-11-28	4.6	7.7	7.8	7.7	307500.0
2017-11-29	4.5	7.65	7.7	7.65	255700.0
2017-11-30	4.48	7.7	7.8	7.7	102800.0
2017-12-01	4.52	7.65	7.7	7.65	42000.0
2017-12-04	4.48	7.65	7.8	7.7	37000.0
2017-12-06	4.56	7.6	7.7	7.65	165900.0
2017-12-07	4.5	7.7	7.75	7.7	67700.0
2017-12-08	4.44	7.7	7.9	7.8	39600.0
2017-12-12	4.46	7.65	7.85	7.85	118200.0
2017-12-13	4.48	7.85	7.9	7.85	2900.0
2017-12-14	4.58	7.8	7.85	7.8	40600.0
2017-12-15	4.58	7.8	8.0	8.0	57300.0
2017-12-18	4.56	7.9	8.1	7.95	85000.0
2017-12-19	4.66	7.9	8.1	8.05	17100.0
2017-12-20	4.68	8.0	8.05	8.0	3100.0
2017-12-21	4.64	7.9	8.0	7.9	75700.0
2017-12-22	4.58	7.95	8.15	7.95	9700.0
2017-12-25	4.58	7.95	7.95	7.95	1200.0
2017-12-26	4.6	7.8	8.15	7.9	106500.0
2017-12-27	4.62	7.85	7.9	7.85	35800.0
2017-12-28	4.66	7.85	7.85	7.85	26600.0
2017-12-29	4.66	7.9	7.95	7.95	2300.0
2018-01-03	4.7	7.95	8.0	7.95	11600.0
2018-01-04	4.66	7.95	7.95	7.95	2300.0
2018-01-05	4.7	7.95	7.95	7.95	10100.0
2018-01-08	4.6	7.95	8.1	8.05	265100.0
2018-01-09	4.58	8.0	8.0	8.0	2800.0
2018-01-10	4.52	7.95	8.0	8.0	5100.0
2018-01-11	4.56	7.95	8.0	8.0	4900.0
2018-01-12	4.54	7.9	8.05	7.95	102500.0
2018-01-15	4.5	7.95	8.0	7.95	31400.0
2018-01-16	4.46	7.95	7.95	7.95	35800.0
2018-01-17	4.52	7.9	7.95	7.9	92400.0
2018-01-18	4.5	7.9	7.95	7.9	15700.0
2018-01-19	4.42	7.9	7.95	7.9	20700.0
2018-01-22	4.5	7.9	7.95	7.95	36900.0
2018-01-23	4.48	7.9	7.95	7.9	26600.0
2018-01-24	4.5	7.85	7.95	7.85	52400.0
2018-01-25	4.48	7.85	7.95	7.85	43100.0
2018-01-26	4.48	7.9	7.9	7.9	3600.0
2018-01-29	4.48	7.9	8.0	7.95	10100.0
2018-01-30	4.48	8.0	8.0	8.0	1500.0
2018-01-31	4.46	7.9	8.0	7.95	21600.0
2018-02-01	4.56	7.95	8.0	7.95	27100.0
2018-02-02	4.56	7.9	8.0	7.9	69700.0
2018-02-05	4.56	7.9	7.95	7.95	17800.0
2018-02-06	4.5	7.8	8.0	7.95	55600.0
2018-02-07	4.52	7.95	8.0	7.95	6200.0
2018-02-08	4.5	8.0	8.0	8.0	3200.0
2018-02-09	4.5	7.95	8.0	8.0	4600.0
2018-02-12	4.52	8.3	9.0	8.55	1105700.0
2018-02-13	4.52	8.6	8.8	8.7	655000.0
2018-02-14	4.56	8.45	8.65	8.45	227700.0
2018-02-15	4.48	8.05	8.3	8.15	529600.0
2018-02-16	4.48	8.1	8.3	8.1	200600.0
2018-02-19	4.5	7.8	8.05	7.85	772900.0
2018-02-20	4.58	7.65	7.95	7.65	360400.0
2018-02-21	4.46	7.75	7.9	7.8	35900.0
2018-02-22	4.48	7.55	7.8	7.55	1363100.0
2018-02-23	4.44	7.3	7.6	7.3	1032100.0
2018-02-26	4.42	7.15	7.35	7.2	1072100.0
2018-02-27	4.4	7.1	7.2	7.1	468500.0
2018-02-28	4.34	7.1	7.2	7.15	74600.0
2018-03-02	4.38	7.1	7.25	7.15	112000.0
2018-03-05	4.38	7.05	7.2	7.05	111500.0
2018-03-06	4.36	7.0	7.15	7.05	150600.0
2018-03-07	4.38	7.05	7.15	7.15	99000.0
2018-03-08	4.38	7.15	7.25	7.25	42900.0
2018-03-09	4.38	7.1	7.2	7.15	41400.0
2018-03-12	4.36	7.1	7.2	7.15	126100.0
2018-03-13	4.46	7.15	7.2	7.15	19900.0
2018-03-14	4.44	7.1	7.2	7.2	95700.0
2018-03-15	4.44	7.2	7.25	7.2	16000.0
2018-03-16	4.4	7.25	7.25	7.25	36400.0
2018-03-19	4.4	7.25	7.4	7.25	32900.0
2018-03-20	4.34	7.25	7.3	7.3	29600.0
2018-03-21	4.36	7.3	7.4	7.35	72000.0
2018-03-22	4.4	7.15	7.6	7.15	516100.0
2018-03-23	4.38	7.1	7.25	7.1	516500.0
2018-03-26	4.26	7.1	7.2	7.2	95600.0
2018-03-27	4.2	7.15	7.25	7.25	27600.0
2018-03-28	4.22	7.15	7.25	7.15	323000.0
2018-03-29	4.22	7.05	7.15	7.1	390100.0
2018-03-30	4.04	7.05	7.15	7.1	73700.0
2018-04-02	4.02	7.0	7.15	7.05	1137100.0
2018-04-03	4.0	7.05	7.1	7.1	24100.0
2018-04-04	4.02	6.85	7.1	7.1	479500.0
2018-04-05	4.0	6.75	7.1	6.8	659800.0
2018-04-09	4.0	6.65	6.85	6.8	291400.0
2018-04-10	4.0	6.75	6.85	6.85	46500.0
2018-04-11	3.96	6.6	6.9	6.7	849100.0
2018-04-12	3.96	6.7	6.85	6.85	155700.0
2018-04-17	3.84	6.4	6.6	6.4	641200.0
2018-04-18	3.76	6.25	6.45	6.25	600600.0
2018-04-19	3.66	6.05	6.4	6.1	737900.0
2018-04-20	3.6	6.05	6.4	6.0	619600.0
2018-04-23	3.72	5.95	6.1	6.1	35300.0
2018-04-24	3.72	5.9	6.15	5.95	345300.0
2018-04-25	3.6	5.9	6.05	6.0	340300.0
2018-04-26	3.6	5.85	6.1	5.9	167000.0
2018-04-27	3.5	5.9	6.0	5.95	27100.0
2018-04-30	3.34	5.95	6.05	6.0	34800.0
2018-05-02	3.32	5.95	6.05	5.95	106600.0
2018-05-03	3.26	6.0	6.05	6.0	210100.0
2018-05-04	3.2	5.95	6.05	5.95	198300.0
2018-05-07	3.22	5.8	6.0	5.8	409000.0
2018-05-08	3.22	5.7	5.9	5.75	487200.0
2018-05-09	3.22	5.7	5.85	5.75	155800.0
2018-05-10	3.2	5.15	5.65	5.25	2264300.0
2018-05-11	3.22	5.2	5.3	5.25	221400.0
2018-05-14	3.26	5.15	5.25	5.2	323000.0
2018-05-15	3.2	5.15	5.3	5.25	233500.0
2018-05-16	3.24	5.2	5.3	5.25	32700.0
2018-05-17	3.14	5.1	5.35	5.15	317400.0
2018-05-18	2.9	4.9	5.2	4.96	780400.0
2018-05-21	2.96	4.94	5.1	4.94	944000.0
2018-05-22	2.92	4.88	5.05	4.9	702600.0
2018-05-23	2.96	4.86	5.1	4.9	1275900.0
2018-05-24	2.92	4.88	5.0	5.0	783000.0
2018-05-25	2.84	4.8	5.0	4.9	944000.0
2018-05-28	2.76	4.7	4.9	4.8	848000.0
2018-05-30	2.72	4.52	4.78	4.6	1554900.0
2018-05-31	2.74	4.6	4.7	4.68	123200.0
2018-06-01	2.82	4.64	4.68	4.66	92700.0
2018-06-04	2.74	4.66	4.7	4.68	35200.0
2018-06-05	2.66	4.66	4.72	4.72	160100.0
2018-06-06	2.68	4.72	4.86	4.86	235800.0
2018-06-07	2.7	4.9	5.05	4.94	236400.0
2018-06-08	2.66	4.9	4.98	4.94	125500.0
2018-06-11	2.64	4.9	4.94	4.94	33800.0
2018-06-12	2.66	4.96	5.0	4.96	15300.0
2018-06-13	2.6	4.92	4.94	4.92	44300.0
2018-06-14	2.58	4.88	4.98	4.92	115100.0
2018-06-15	2.56	4.9	4.94	4.92	13400.0
2018-06-18	2.58	4.86	4.94	4.86	51800.0
2018-06-19	2.58	4.78	4.86	4.78	126300.0
2018-06-20	2.62	4.72	4.96	4.9	47000.0
2018-06-21	2.6	4.88	4.92	4.88	47000.0
2018-06-22	2.6	4.88	4.92	4.9	55700.0
2018-06-25	2.58	4.9	5.0	4.92	51500.0
2018-06-26	2.58	4.88	4.96	4.92	26000.0
2018-06-27	2.66	4.9	4.94	4.9	23600.0
2018-06-28	2.68	4.86	4.94	4.9	49400.0
2018-06-29	2.7	4.76	4.9	4.82	69500.0
2018-07-02	2.68	4.8	4.84	4.82	17400.0
2018-07-03	2.64	4.82	4.9	4.86	57000.0
2018-07-04	2.7	4.88	4.98	4.92	35100.0
2018-07-05	2.68	4.86	4.96	4.88	64800.0
2018-07-06	2.68	4.82	4.9	4.9	20200.0
2018-07-09	2.72	4.86	4.9	4.88	51500.0
2018-07-10	2.82	4.86	4.9	4.9	4800.0
2018-07-11	2.86	4.92	5.3	4.98	121000.0
2018-07-12	2.84	4.9	4.98	4.94	79800.0
2018-07-13	2.72	4.92	4.96	4.94	47900.0
2018-07-16	2.72	4.9	4.98	4.9	61000.0
2018-07-17	2.8	4.88	4.96	4.96	36800.0
2018-07-18	2.78	4.86	4.98	4.96	92500.0
2018-07-19	2.78	4.94	4.98	4.96	32300.0
2018-07-20	2.76	4.96	5.1	5.0	162100.0
2018-07-23	2.8	5.0	5.1	5.05	40300.0
2018-07-24	2.78	5.0	5.05	5.0	30600.0
2018-07-25	2.82	5.0	5.15	5.05	38500.0
2018-07-26	2.8	5.05	5.3	5.2	228200.0
2018-07-31	2.82	5.15	5.25	5.2	46100.0
2018-08-01	2.86	5.1	5.25	5.15	54700.0
2018-08-02	2.82	5.15	5.2	5.15	24500.0
2018-08-03	2.8	5.2	5.3	5.25	21400.0
2018-08-06	2.82	5.15	5.3	5.2	14800.0
2018-08-07	2.78	5.1	5.3	5.3	7700.0
2018-08-08	2.8	5.1	5.25	5.25	34100.0
2018-08-09	2.8	5.15	5.2	5.15	15300.0
2018-08-10	2.84	4.92	5.15	4.98	197300.0
2018-08-14	2.8	4.96	5.05	4.98	55400.0
2018-08-15	2.8	5.1	5.25	5.15	107000.0
2018-08-16	2.8	5.05	5.15	5.05	17200.0
2018-08-17	2.76	5.05	5.15	5.05	6300.0
2018-08-20	2.8	5.0	5.05	5.0	55500.0
2018-08-21	2.78	4.98	5.05	5.0	104600.0
2018-08-22	2.8	4.92	5.0	4.92	101900.0
2018-08-23	2.78	4.92	4.98	4.96	23000.0
2018-08-24	2.8	4.86	4.96	4.9	249700.0
2018-08-27	2.8	4.84	4.9	4.88	150400.0
2018-08-28	2.78	4.8	4.94	4.82	171300.0
2018-08-29	2.8	4.7	4.88	4.8	133600.0
2018-08-30	2.82	4.7	4.82	4.72	239900.0
2018-08-31	2.82	4.72	4.8	4.78	99800.0
2018-09-03	2.78	4.7	4.78	4.72	180300.0
2018-09-04	2.78	4.72	4.76	4.76	67800.0
2018-09-05	2.8	4.7	4.78	4.72	139300.0
2018-09-06	2.82	4.72	4.76	4.74	71400.0
2018-09-07	2.82	4.72	4.74	4.72	38600.0
2018-09-10	2.84	4.68	4.74	4.72	141300.0
2018-09-11	2.88	4.66	4.74	4.7	62000.0
2018-09-12	2.94	4.6	4.72	4.66	93200.0
2018-09-13	2.9	4.68	4.72	4.72	44000.0
2018-09-14	2.9	4.74	4.76	4.74	11000.0
2018-09-17	2.94	4.66	4.74	4.7	102500.0
2018-09-18	2.9	4.7	4.76	4.76	68600.0
2018-09-19	2.9	4.74	4.8	4.78	38400.0
2018-09-20	2.9	4.76	4.82	4.8	16200.0
2018-09-21	2.88	4.8	4.86	4.86	49500.0
2018-09-24	2.92	4.76	4.86	4.8	102800.0
2018-09-25	2.92	4.76	4.82	4.76	10500.0
2018-09-26	2.9	4.76	4.82	4.8	13300.0
2018-09-27	2.9	4.8	4.82	4.82	6700.0
2018-09-28	2.9	4.8	4.84	4.8	18100.0
2018-10-01	2.9	4.8	4.86	4.84	27400.0
2018-10-02	2.92	4.78	4.84	4.84	58000.0
2018-10-03	2.88	4.76	4.84	4.76	51700.0
2018-10-04	2.9	4.7	4.8	4.76	18200.0
2018-10-05	2.86	4.76	4.78	4.76	26900.0
2018-10-08	2.88	4.7	4.78	4.74	60900.0
2018-10-09	2.88	4.74	4.78	4.74	15000.0
2018-10-10	2.88	4.78	4.8	4.78	17700.0
2018-10-11	2.88	4.64	4.8	4.7	81100.0
2018-10-12	2.88	4.74	4.76	4.76	3400.0
2018-10-16	2.88	4.76	4.78	4.78	3500.0
2018-10-17	2.86	4.76	4.8	4.76	84900.0
2018-10-18	2.88	4.72	4.76	4.72	41400.0
2018-10-19	2.92	4.66	4.72	4.66	75600.0
2018-10-22	2.9	4.66	4.8	4.68	14100.0
2018-10-24	2.9	4.6	4.68	4.62	93200.0
2018-10-25	2.86	4.56	4.62	4.58	112700.0
2018-10-26	2.88	4.56	4.62	4.62	57900.0
2018-10-29	2.96	4.6	4.64	4.64	19700.0
2018-10-30	3.02	4.6	4.68	4.6	31900.0
2018-10-31	3.02	4.56	4.64	4.6	116600.0
2018-11-01	3.06	4.56	4.66	4.64	140900.0
2018-11-02	3.14	4.56	4.64	4.64	126300.0
2018-11-05	3.18	4.58	4.8	4.72	152000.0
2018-11-06	3.16	4.68	4.72	4.72	60500.0
2018-11-07	3.1	4.7	4.72	4.72	65500.0
2018-11-08	3.1	4.58	4.64	4.62	425500.0
2018-11-09	3.12	4.6	4.62	4.6	32800.0
2018-11-12	3.12	4.58	4.62	4.6	67900.0
2018-11-13	3.14	4.6	4.62	4.62	6300.0
2018-11-14	3.12	4.66	4.7	4.66	1300.0
2018-11-15	3.3	4.6	4.64	4.62	9200.0
2018-11-16	3.28	4.52	4.64	4.52	116000.0
2018-11-19	3.3	4.56	4.64	4.6	27000.0
2018-11-20	3.28	4.56	4.64	4.58	51800.0
2018-11-21	3.26	4.54	4.62	4.62	21000.0
2018-11-22	3.26	4.6	4.68	4.6	49400.0
2018-11-23	3.24	4.56	4.6	4.56	40900.0
2018-11-26	3.28	4.58	4.64	4.6	31700.0
2018-11-27	3.26	4.56	4.6	4.58	70500.0
2018-11-28	3.18	4.5	4.6	4.52	146700.0
2018-11-29	3.16	4.5	4.54	4.54	100300.0
2018-11-30	3.22	4.5	4.56	4.52	131900.0
2018-12-03	3.3	4.56	4.6	4.6	137800.0
2018-12-04	3.3	4.54	4.6	4.56	8500.0
2018-12-06	3.28	4.56	4.8	4.6	30600.0
2018-12-07	3.36	4.56	4.6	4.58	8400.0
2018-12-11	3.36	4.52	4.56	4.54	3800.0
2018-12-12	3.28	4.54	4.56	4.54	30800.0
2018-12-13	3.32	4.54	4.56	4.54	38400.0
2018-12-14	3.34	4.52	4.56	4.52	29800.0
2018-12-17	3.3	4.52	4.56	4.52	55500.0
2018-12-18	3.36	4.5	4.52	4.52	113600.0
2018-12-19	3.4	4.42	4.52	4.44	239300.0
2018-12-20	3.34	4.4	4.46	4.4	143000.0
2018-12-21	3.36	4.4	4.42	4.4	66200.0
2018-12-24	3.36	4.38	4.4	4.38	14600.0
2018-12-25	3.38	4.36	4.4	4.38	72000.0
2018-12-26	3.56	4.36	4.38	4.36	131000.0
2018-12-27	3.7	4.38	4.4	4.38	16000.0
2018-12-28	3.48	4.36	4.46	4.36	118900.0
2019-01-02	3.32	4.36	4.4	4.4	200.0
2019-01-03	3.28	4.44	4.72	4.44	9000.0
2019-01-04	3.22	4.44	4.46	4.46	7000.0
2019-01-07	3.2	4.46	4.78	4.5	24700.0
2019-01-08	3.14	4.52	4.52	4.52	1200.0
2019-01-09	3.08	4.5	4.6	4.56	1200.0
2019-01-10	3.14	4.58	4.58	4.58	300.0
2019-01-11	3.18	4.46	4.8	4.8	209200.0
2019-01-14	3.2	4.72	4.86	4.86	117500.0
2019-01-15	3.2	4.8	4.86	4.8	16200.0
2019-01-16	3.22	4.76	4.84	4.76	30800.0
2019-01-17	3.22	4.76	4.78	4.78	28400.0
2019-01-18	3.2	4.78	4.8	4.78	700.0
2019-01-21	3.26	4.78	4.78	4.78	8700.0
2019-01-22	3.22	4.78	4.82	4.8	178300.0
2019-01-23	3.12	4.78	4.84	4.8	125200.0
2019-01-24	3.12	4.8	4.86	4.8	56700.0
2019-01-25	3.08	4.8	4.84	4.8	35300.0
2019-01-28	3.08	4.8	4.8	4.8	10100.0
2019-01-29	3.08	4.68	4.82	4.78	10600.0
2019-01-30	3.18	4.8	4.82	4.82	49600.0
2019-01-31	3.08	4.8	4.84	4.8	1600.0
2019-02-01	3.1	4.76	4.84	4.84	3700.0
2019-02-04	3.14	4.8	4.84	4.82	11800.0
2019-02-05	3.12	4.8	4.8	4.8	4600.0
2019-02-06	3.12	4.8	4.86	4.8	4500.0
2019-02-07	3.24	4.8	4.8	4.8	3000.0
2019-02-08	3.24	4.8	4.8	4.8	6000.0
2019-02-11	3.36	4.8	4.86	4.86	2400.0
2019-02-12	3.42	4.2	4.84	4.74	21400.0
2019-02-13	3.32	4.8	4.98	4.88	169900.0
2019-02-14	3.36	4.88	4.98	4.96	55200.0
2019-02-15	3.36	4.88	4.96	4.88	108000.0
2019-02-18	3.34	4.9	4.96	4.9	9200.0
2019-02-20	3.34	4.88	4.92	4.9	32300.0
2019-02-21	3.3	4.88	4.96	4.96	62500.0
2019-02-22	3.28	4.94	5.0	5.0	36200.0
2019-02-25	3.32	4.96	4.98	4.96	20600.0
2019-02-26	3.38	4.96	4.98	4.96	3200.0
2019-02-27	3.36	4.9	4.98	4.98	91300.0
2019-02-28	3.36	4.92	5.05	4.94	40500.0
2019-03-01	3.38	4.94	4.96	4.94	13200.0
2019-03-04	3.38	4.88	4.94	4.88	62300.0
2019-03-05	3.48	4.82	5.25	4.82	1212400.0
2019-03-06	3.56	4.82	4.94	4.9	28300.0
2019-03-07	3.62	4.9	4.92	4.9	5900.0
2019-03-08	3.62	4.9	4.92	4.9	42100.0
2019-03-11	3.66	4.9	4.94	4.92	26600.0
2019-03-12	3.58	4.88	4.92	4.92	26900.0
2019-03-13	3.56	4.88	4.92	4.88	41300.0
2019-03-14	3.66	4.86	4.9	4.88	24000.0
2019-03-15	3.68	4.88	4.92	4.88	23300.0
2019-03-18	3.64	4.9	4.9	4.9	4500.0
2019-03-19	3.54	4.86	5.0	5.0	19300.0
2019-03-20	3.62	4.94	5.0	4.94	7200.0
2019-03-21	3.62	4.94	4.98	4.94	4100.0
2019-03-22	3.56	4.94	5.0	4.94	21800.0
2019-03-25	3.64	4.94	5.0	5.0	30600.0
2019-03-26	3.56	4.96	4.98	4.96	8600.0
2019-03-27	3.54	4.96	5.0	4.96	24600.0
2019-03-28	3.6	4.96	5.0	4.96	4300.0
2019-03-29	3.68	4.96	5.0	4.98	20400.0
2019-04-01	3.62	4.98	5.05	4.98	39500.0
2019-04-02	3.72	4.98	5.0	4.98	10700.0
2019-04-03	3.78	4.96	5.0	4.98	11000.0
2019-04-04	3.74	4.94	5.0	4.98	24900.0
2019-04-05	3.72	4.98	5.0	5.0	10000.0
2019-04-09	3.66	4.96	5.0	4.98	27900.0
2019-04-10	3.62	4.96	5.0	4.96	180300.0
2019-04-11	3.66	4.94	4.96	4.96	26600.0
2019-04-12	3.8	4.94	5.0	5.0	46800.0
2019-04-17	3.74	4.62	4.78	4.76	154900.0
2019-04-18	3.72	4.76	4.92	4.78	16300.0
2019-04-19	3.78	4.78	4.82	4.8	21400.0
2019-04-22	3.78	4.78	4.8	4.78	58600.0
2019-04-23	3.7	4.78	4.94	4.86	23800.0
2019-04-24	3.84	4.84	4.88	4.88	28600.0
2019-04-25	3.82	4.86	4.9	4.86	2100.0
2019-04-26	3.8	4.8	4.86	4.8	87900.0
2019-04-29	3.8	4.8	4.84	4.84	70800.0
2019-04-30	3.8	4.8	4.84	4.8	45400.0
2019-05-02	3.76	4.8	4.84	4.82	9100.0
2019-05-03	3.84	4.82	4.9	4.82	6600.0
2019-05-07	3.8	4.84	4.86	4.86	7400.0
2019-05-08	3.78	4.86	4.9	4.9	63900.0
2019-05-09	3.76	5.7	6.35	5.8	8565300.0
2019-05-10	3.76	5.6	5.9	5.85	1997200.0
2019-05-13	3.7	5.4	6.0	5.5	1087100.0
2019-05-14	3.68	5.5	5.95	5.8	1217200.0
2019-05-15	3.78	5.65	5.8	5.65	309200.0
2019-05-16	3.8	5.65	5.8	5.7	350800.0
2019-05-17	3.78	5.65	5.75	5.65	15500.0
2019-05-21	3.76	5.55	5.8	5.8	133100.0
2019-05-22	3.74	5.65	5.8	5.7	96300.0
2019-05-23	3.72	5.65	5.9	5.7	598100.0
2019-05-24	3.72	5.65	5.7	5.7	13700.0
2019-05-27	3.72	5.65	5.75	5.7	196400.0
2019-05-28	3.7	5.7	5.8	5.8	417900.0
2019-05-29	3.72	5.8	5.9	5.85	511100.0
2019-05-30	3.72	5.7	5.8	5.75	310000.0
2019-05-31	3.7	5.7	5.8	5.8	252100.0
2019-06-04	3.7	5.65	5.75	5.7	224900.0
2019-06-05	3.72	5.6	5.7	5.7	193500.0
2019-06-06	3.7	5.65	5.7	5.65	153400.0
2019-06-07	3.62	5.5	5.7	5.6	655400.0
2019-06-10	3.52	5.5	5.65	5.55	513600.0
2019-06-11	3.58	5.5	5.55	5.55	58300.0
2019-06-12	3.6	5.5	5.65	5.6	78400.0
2019-06-13	3.58	5.6	5.7	5.7	197000.0
2019-06-14	3.6	5.65	5.7	5.65	351400.0
2019-06-17	3.58	5.6	5.65	5.6	48100.0
2019-06-18	3.52	5.55	5.75	5.7	169900.0
2019-06-19	3.58	5.65	5.75	5.75	1091600.0
2019-06-20	3.54	5.65	5.75	5.65	22700.0
2019-06-21	3.56	5.65	5.75	5.7	269500.0
2019-06-24	3.52	5.65	5.75	5.65	106000.0
2019-06-25	3.54	5.65	5.7	5.7	123900.0
2019-06-26	3.54	5.7	5.75	5.75	35400.0
2019-06-27	3.52	5.7	5.85	5.7	240600.0
2019-06-28	3.54	5.7	5.75	5.7	230800.0
2019-07-01	3.56	5.7	5.75	5.7	413600.0
2019-07-02	3.58	5.65	5.75	5.65	126100.0
2019-07-03	3.52	5.65	5.7	5.7	84600.0
2019-07-04	3.5	5.7	5.9	5.75	1050800.0
2019-07-05	3.52	5.75	5.8	5.8	108300.0
2019-07-08	3.44	5.7	5.8	5.7	63900.0
2019-07-09	3.4	5.7	5.8	5.7	155300.0
2019-07-10	3.34	5.7	5.75	5.75	41500.0
2019-07-11	3.34	5.6	5.7	5.7	254900.0
2019-07-12	3.26	5.6	5.7	5.7	38200.0
2019-07-15	3.32	5.65	5.75	5.7	151200.0
2019-07-17	3.38	5.7	5.8	5.8	146500.0
2019-07-18	3.4	5.75	5.85	5.75	38400.0
2019-07-19	3.44	5.7	5.8	5.75	93100.0
2019-07-22	3.4	5.7	5.85	5.7	119900.0
2019-07-23	3.44	5.7	5.75	5.7	161700.0
2019-07-24	3.46	5.7	5.75	5.7	58600.0
2019-07-25	3.46	5.7	5.75	5.7	73600.0
2019-07-26	3.48	5.7	5.75	5.7	6200.0
2019-07-30	3.48	5.65	5.75	5.7	98200.0
2019-07-31	3.44	5.7	5.75	5.7	66000.0
2019-08-01	3.48	5.7	5.75	5.75	8700.0
2019-08-02	3.48	5.4	5.75	5.6	425800.0
2019-08-05	3.44	5.5	5.6	5.5	187600.0
2019-08-06	3.44	5.5	5.6	5.6	77700.0
2019-08-07	3.44	5.5	5.6	5.5	55900.0
2019-08-08	3.42	5.0	5.35	5.2	484400.0
2019-08-09	3.44	5.2	5.45	5.35	57000.0
2019-08-13	3.42	5.25	5.35	5.3	87100.0
2019-08-14	3.42	5.15	5.35	5.2	122600.0
2019-08-15	3.44	4.9	5.05	5.0	143200.0
2019-08-16	3.42	5.0	5.2	5.15	76600.0
2019-08-19	3.44	5.15	5.3	5.15	41000.0
2019-08-20	3.42	5.3	5.5	5.35	100100.0
2019-08-21	3.44	5.3	5.5	5.35	40700.0
2019-08-22	3.44	5.25	5.35	5.3	15600.0
2019-08-23	3.44	5.3	5.3	5.3	8800.0
2019-08-26	3.42	5.15	5.3	5.15	63500.0
2019-08-27	3.46	5.15	5.2	5.15	17900.0
2019-08-28	3.44	5.1	5.15	5.1	9100.0
2019-08-29	3.44	5.2	5.2	5.2	10000.0
2019-08-30	3.48	5.2	5.35	5.2	31900.0
2019-09-03	3.48	5.2	5.2	5.2	7300.0
2019-09-04	3.5	5.2	5.25	5.2	27700.0
2019-09-05	3.48	5.2	5.2	5.2	21800.0
2019-09-06	3.44	5.2	5.3	5.2	22500.0
2019-09-09	3.46	5.2	5.25	5.2	30200.0
2019-09-10	3.6	5.15	5.3	5.2	17900.0
2019-09-11	3.66	5.25	5.25	5.25	100.0
2019-09-12	3.6	5.2	5.25	5.2	23100.0
2019-09-13	3.54	5.3	5.4	5.3	68900.0
2019-09-16	3.54	5.25	5.35	5.35	12300.0
2019-09-17	3.56	5.2	5.35	5.3	35500.0
2019-09-18	3.58	5.25	5.25	5.25	4000.0
2019-09-19	3.6	5.2	5.25	5.2	4300.0
2019-09-20	3.58	5.2	5.5	5.2	15400.0
2019-09-23	3.58	5.2	5.25	5.2	14400.0
2019-09-24	3.56	5.25	5.25	5.25	500.0
2019-09-26	3.6	5.15	5.25	5.15	38200.0
2019-09-27	3.9	5.05	5.1	5.1	56100.0
2019-09-30	3.8	5.2	5.25	5.2	8200.0
2019-10-01	3.76	5.1	5.2	5.1	31300.0
2019-10-02	3.68	5.1	5.15	5.1	1000.0
2019-10-03	3.74	5.05	5.1	5.05	26000.0
2019-10-04	3.72	5.2	5.2	5.2	5100.0
2019-10-07	3.72	5.2	5.2	5.2	1000.0
2019-10-08	3.76	5.1	5.15	5.15	300.0
2019-10-09	3.72	5.05	5.1	5.1	12100.0
2019-10-10	3.7	4.96	5.15	4.96	178500.0
2019-10-11	3.72	5.0	5.1	5.0	1900.0
2019-10-15	3.72	5.0	5.1	5.05	13500.0
2019-10-16	3.72	5.05	5.1	5.1	29500.0
2019-10-17	3.86	5.05	5.1	5.1	13300.0
2019-10-18	3.82	5.1	5.1	5.1	14500.0
2019-10-21	3.84	4.98	5.1	4.98	35900.0
2019-10-22	3.74	5.0	5.1	5.1	7000.0
2019-10-24	3.76	4.84	5.05	4.86	87800.0
2019-10-25	3.82	4.76	4.94	4.82	257300.0
2019-10-28	3.82	4.82	4.82	4.82	22400.0
2019-10-29	3.82	4.8	4.86	4.8	9500.0
2019-10-30	3.84	4.92	4.98	4.92	9500.0
2019-10-31	3.96	4.96	4.98	4.96	6900.0
2019-11-01	3.94	4.96	4.98	4.96	6400.0
2019-11-04	3.94	4.94	4.96	4.94	7700.0
2019-11-05	3.86	4.92	4.94	4.94	2000.0
2019-11-06	4.1	4.96	4.96	4.96	8100.0
2019-11-07	4.2	4.92	5.1	4.98	260300.0
2019-11-08	4.06	4.96	5.0	4.98	89600.0
2019-11-11	3.96	4.88	5.05	4.88	228600.0
2019-11-12	4.0	4.78	4.88	4.86	157700.0
2019-11-13	3.9	4.8	4.88	4.86	35100.0
2019-11-14	3.68	4.9	4.9	4.9	500.0
2019-11-15	3.66	4.92	5.0	5.0	114900.0
2019-11-18	3.54	4.96	5.1	5.1	91500.0
2019-11-19	3.78	5.1	5.2	5.15	131300.0
2019-11-20	3.76	5.05	5.25	5.2	157600.0
2019-11-21	3.78	5.2	5.25	5.25	218500.0
2019-11-22	3.74	5.2	5.4	5.35	85700.0
2019-11-25	3.74	5.35	5.5	5.45	103100.0
2019-11-26	3.7	5.45	5.6	5.5	237200.0
2019-11-27	3.76	5.45	5.5	5.45	73000.0
2019-11-28	3.68	5.45	5.55	5.5	61600.0
2019-11-29	3.72	5.4	5.55	5.5	50800.0
2019-12-02	3.54	5.35	5.55	5.4	64500.0
2019-12-03	3.6	5.4	5.5	5.4	57500.0
2019-12-04	3.58	5.4	5.45	5.4	1900.0
2019-12-06	3.58	5.25	5.5	5.5	93200.0
2019-12-09	3.6	5.45	5.55	5.55	104600.0
2019-12-11	3.58	5.45	5.55	5.5	47400.0
2019-12-12	3.62	5.5	5.6	5.6	168400.0
2019-12-13	3.62	5.6	5.7	5.7	177900.0
2019-12-16	3.58	5.7	5.8	5.8	331100.0
2019-12-17	3.58	5.75	5.8	5.8	256900.0
2019-12-18	3.54	5.75	5.9	5.85	229800.0
2019-12-19	3.56	5.6	5.8	5.6	67600.0
2019-12-20	3.6	5.7	5.8	5.7	133400.0
2019-12-23	3.64	5.75	5.8	5.8	91200.0
2019-12-24	3.62	5.65	5.85	5.8	356200.0
2019-12-25	3.7	5.75	5.85	5.8	213500.0
2019-12-26	3.72	5.75	5.85	5.8	76700.0
2019-12-27	3.72	5.75	5.85	5.8	300500.0
2019-12-30	3.56	5.75	5.85	5.85	132200.0
2020-01-02	3.56	5.45	5.8	5.75	128600.0
2020-01-03	3.52	5.75	5.85	5.8	336900.0
2020-01-06	3.58	5.6	5.8	5.65	14800.0
2020-01-07	3.54	5.65	5.8	5.8	1200.0
2020-01-08	3.56	5.55	5.8	5.8	69700.0
2020-01-09	3.5	5.7	5.8	5.7	109600.0
2020-01-10	3.5	5.75	5.8	5.75	36400.0
2020-01-13	3.52	5.6	5.9	5.8	153900.0
2020-01-14	3.52	5.8	5.8	5.8	22600.0
2020-01-15	3.54	5.75	5.85	5.75	51600.0
2020-01-16	3.5	5.7	5.8	5.75	89200.0
2020-01-17	3.48	5.7	5.8	5.8	52300.0
2020-01-20	3.5	5.7	5.8	5.75	20100.0
2020-01-21	3.48	5.7	5.7	5.7	2500.0
2020-01-22	3.54	5.7	5.7	5.7	33900.0
2020-01-23	3.52	5.7	5.8	5.8	24200.0
2020-01-24	3.48	5.75	5.8	5.75	47900.0
2020-01-27	3.48	5.3	5.7	5.5	43300.0
2020-01-28	3.48	5.2	5.6	5.25	76800.0
2020-01-29	3.36	5.25	5.35	5.3	8400.0
2020-01-30	3.42	5.3	5.35	5.35	7200.0
2020-01-31	3.42	5.35	5.4	5.4	3100.0
2020-02-03	3.32	5.35	5.45	5.35	30800.0
2020-02-04	3.28	5.2	5.35	5.35	19100.0
2020-02-05	3.3	5.3	5.5	5.5	37700.0
2020-02-06	3.3	5.3	5.5	5.35	70300.0
2020-02-07	3.34	5.4	5.45	5.45	12100.0
2020-02-11	3.36	5.45	5.55	5.45	5800.0
2020-02-12	3.32	5.5	5.5	5.5	4000.0
2020-02-13	3.3	5.1	5.45	5.2	137100.0
2020-02-14	3.36	5.0	5.2	5.1	133500.0
2020-02-17	3.22	4.8	5.0	4.9	246700.0
2020-02-18	3.24	4.74	4.96	4.78	318800.0
2020-02-19	3.28	4.7	4.8	4.72	101200.0
2020-02-20	3.28	4.6	4.7	4.7	49300.0
2020-02-21	3.36	4.64	4.74	4.7	62300.0
2020-02-24	3.26	4.58	4.74	4.7	61100.0
2020-02-25	3.26	4.58	4.76	4.76	11100.0
2020-02-26	3.28	4.6	4.8	4.66	46600.0
2020-02-27	3.34	4.58	4.82	4.82	14800.0
2020-02-28	3.32	4.58	4.68	4.6	46000.0
2020-03-02	3.26	4.5	4.6	4.5	31000.0
2020-03-03	3.22	4.6	4.78	4.6	18600.0
2020-03-04	3.26	4.48	4.7	4.54	2100.0
2020-03-05	3.28	4.6	4.62	4.6	34300.0
2020-03-06	3.3	4.6	4.68	4.68	2000.0
2020-03-09	3.32	4.5	4.6	4.5	14700.0
2020-03-10	3.3	4.56	4.68	4.56	11400.0
2020-03-11	3.32	4.52	4.6	4.52	34000.0
2020-03-12	3.3	4.12	4.58	4.3	33100.0
2020-03-13	3.34	3.7	4.0	3.98	98100.0
2020-03-16	3.32	3.02	4.0	3.6	54000.0
2020-03-17	3.34	3.2	4.0	3.7	44300.0
2020-03-18	3.32	3.7	4.0	3.78	21800.0
2020-03-19	3.34	3.64	3.7	3.7	15900.0
2020-03-20	3.34	3.42	3.94	3.58	44600.0
2020-03-23	3.36	3.06	3.68	3.06	343500.0
2020-03-24	3.32	2.98	3.08	3.02	91500.0
2020-03-25	3.28	3.0	3.14	3.1	93700.0
2020-03-26	3.28	3.16	3.26	3.16	53500.0
2020-03-27	3.26	3.0	3.36	3.08	116800.0
2020-03-30	3.28	3.1	3.16	3.16	3500.0
2020-03-31	3.3	3.16	3.38	3.24	46600.0
2020-04-01	3.38	3.0	3.22	3.0	173600.0
2020-04-02	3.5	2.96	3.14	3.02	131000.0
2020-04-03	3.42	3.02	3.14	3.12	44700.0
2020-04-07	3.48	3.12	3.28	3.22	101700.0
2020-04-08	3.5	3.2	3.28	3.28	134100.0
2020-04-09	3.34	3.2	3.32	3.3	58100.0
2020-04-10	3.26	3.26	3.34	3.3	33500.0
2020-04-13	3.22	3.32	3.54	3.4	21600.0
2020-04-14	3.2	3.4	3.6	3.48	31500.0
2020-04-15	3.22	3.48	3.78	3.64	41000.0
2020-04-16	3.18	3.38	3.68	3.44	30000.0
2020-04-17	2.96	3.38	3.46	3.46	12400.0
2020-04-20	2.9	3.32	3.66	3.5	17600.0
2020-04-21	2.98	3.4	3.6	3.4	11000.0
2020-04-22	3.1	3.58	3.62	3.6	23800.0
2020-04-23	3.12	3.6	3.66	3.64	80500.0
2020-04-24	3.12	3.6	3.66	3.62	51300.0
2020-04-27	3.18	3.62	3.74	3.68	40700.0
2020-04-28	3.16	3.7	3.88	3.7	28000.0
2020-04-29	3.2	3.7	3.86	3.82	41500.0
2020-04-30	3.22	3.7	3.78	3.76	59500.0
2020-05-05	3.28	3.76	3.98	3.78	81200.0
2020-05-07	3.28	3.7	3.96	3.8	24800.0
2020-05-08	3.32	3.72	3.82	3.8	18700.0
2020-05-11	3.4	3.76	3.8	3.8	34200.0
2020-05-12	3.46	3.86	3.9	3.88	46300.0
2020-05-13	3.48	3.76	3.94	3.76	108300.0
2020-05-14	3.5	3.74	3.78	3.74	6300.0
2020-05-15	3.52	3.66	3.84	3.68	64000.0
2020-05-18	3.5	3.7	4.0	3.74	41000.0
2020-05-19	3.46	3.74	3.76	3.74	43500.0
2020-05-20	3.46	3.76	4.02	3.8	197100.0
2020-05-21	3.44	3.76	3.88	3.8	68600.0
2020-05-22	3.38	3.76	3.9	3.76	36900.0
2020-05-25	3.32	3.7	3.94	3.72	141600.0
2020-05-26	3.34	3.7	3.8	3.74	526700.0
2020-05-27	3.32	3.7	3.92	3.7	335000.0
2020-05-28	3.34	3.68	3.72	3.68	118700.0
2020-05-29	3.32	3.68	3.7	3.7	59200.0
2020-06-01	3.38	3.7	3.74	3.7	98600.0
2020-06-02	3.36	3.68	3.72	3.72	135000.0
2020-06-04	3.36	3.68	3.78	3.72	303300.0
2020-06-05	3.34	3.66	3.72	3.66	455700.0
2020-06-08	3.38	3.6	3.7	3.62	452900.0
2020-06-09	3.38	3.6	3.66	3.6	116100.0
2020-06-10	3.38	3.58	3.66	3.62	140600.0
2020-06-11	3.38	3.56	3.68	3.56	178200.0
2020-06-12	3.42	3.5	3.56	3.52	188600.0
2020-06-15	3.42	3.4	3.54	3.46	119900.0
2020-06-16	3.44	3.42	3.48	3.46	241500.0
2020-06-17	3.32	3.44	3.48	3.46	312300.0
2020-06-18	3.4	3.5	3.66	3.6	161200.0
2020-06-19	3.38	3.54	3.62	3.6	105800.0
2020-06-22	3.36	3.52	3.6	3.58	73400.0
2020-06-23	3.32	3.52	3.58	3.58	68500.0
2020-06-24	3.44	3.5	3.6	3.54	120900.0
2020-06-25	3.32	3.44	3.54	3.52	74300.0
2020-06-26	3.32	3.46	3.52	3.48	21600.0
2020-06-29	3.38	3.4	3.46	3.46	96600.0
2020-06-30	3.36	3.44	3.48	3.46	174200.0
2020-07-01	3.3	3.44	3.46	3.44	1600.0
2020-07-02	3.36	3.44	3.52	3.46	24800.0
2020-07-03	3.32	3.26	3.5	3.4	348900.0
2020-07-07	3.44	3.38	3.44	3.42	199100.0
2020-07-08	3.42	3.42	3.46	3.44	32300.0
2020-07-09	3.5	3.42	3.46	3.44	7200.0
2020-07-10	3.54	3.44	3.46	3.44	600.0
2020-07-13	3.44	3.4	3.42	3.4	79100.0
2020-07-14	3.5	3.3	3.4	3.38	161400.0
2020-07-15	3.5	3.34	3.38	3.34	133000.0
2020-07-16	3.5	3.32	3.38	3.32	454600.0
2020-07-17	3.5	3.3	3.36	3.32	190800.0
2020-07-20	3.48	3.28	3.36	3.3	35200.0
2020-07-21	3.48	3.34	3.42	3.38	37800.0
2020-07-22	3.44	3.34	3.38	3.34	93100.0
2020-07-23	3.38	3.34	3.4	3.34	44500.0
2020-07-24	3.4	3.34	3.36	3.34	40000.0
2020-07-29	3.36	3.32	3.4	3.32	90000.0
2020-07-30	3.38	3.28	3.3	3.28	87600.0
2020-07-31	3.38	3.26	3.32	3.28	7800.0
2020-08-03	3.42	3.28	3.3	3.28	25900.0
2020-08-04	3.44	3.3	3.32	3.3	40200.0
2020-08-05	3.44	3.3	3.34	3.32	23700.0
2020-08-06	3.48	3.22	3.34	3.3	32800.0
2020-08-07	3.46	3.28	3.3	3.28	16900.0
2020-08-10	3.48	3.2	3.3	3.3	197800.0
2020-08-11	3.44	3.26	3.4	3.28	39000.0
2020-08-13	3.54	3.26	3.4	3.3	53700.0
2020-08-14	3.52	3.24	3.32	3.26	139800.0
2020-08-17	3.46	3.26	3.36	3.26	181000.0
2020-08-18	3.5	3.24	3.3	3.26	43900.0
2020-08-19	3.6	3.26	3.28	3.26	42400.0
2020-08-20	3.68	3.26	3.28	3.28	15700.0
2020-08-21	3.7	3.24	3.28	3.26	12900.0
2020-08-24	3.7	3.24	3.26	3.26	51400.0
2020-08-25	3.6	3.24	3.38	3.26	15800.0
2020-08-26	3.58	3.24	3.26	3.24	4800.0
2020-08-27	3.56	3.24	3.36	3.36	17000.0
2020-08-28	3.56	3.28	3.32	3.3	8100.0
2020-08-31	3.5	3.24	3.36	3.36	68500.0
2020-09-01	3.6	3.38	3.4	3.38	11300.0
2020-09-02	3.64	3.4	3.42	3.4	28800.0
2020-09-03	3.62	3.38	3.48	3.4	41700.0
2020-09-08	3.6	3.36	3.42	3.42	3500.0
2020-09-09	3.66	3.34	3.4	3.4	14700.0
2020-09-10	3.7	3.4	3.4	3.4	10300.0
2020-09-11	3.7	3.38	3.4	3.38	7900.0
2020-09-14	3.74	3.38	3.38	3.38	22300.0
2020-09-15	3.96	3.4	3.4	3.4	16100.0
2020-09-16	3.9	3.4	3.4	3.4	8800.0
2020-09-17	3.92	3.3	3.38	3.38	48500.0
2020-09-18	3.88	3.3	3.38	3.38	500.0
2020-09-21	3.86	3.36	3.38	3.36	21800.0
2020-09-22	3.82	3.3	3.36	3.34	90100.0
2020-09-23	3.78	3.3	3.34	3.34	45300.0
2020-09-24	3.74	3.3	3.36	3.36	22400.0
2020-09-25	3.72	3.36	3.36	3.36	4400.0
2020-09-28	3.8	3.32	3.36	3.34	2300.0
2020-09-29	3.86	3.32	3.34	3.34	26000.0
2020-09-30	3.9	3.32	3.36	3.32	13100.0
2020-10-01	3.82	3.24	3.36	3.36	26900.0
2020-10-02	3.9	3.3	3.36	3.34	11200.0
2020-10-05	3.9	3.24	3.3	3.3	8300.0
2020-10-06	3.9	3.3	3.3	3.3	8000.0
2020-10-07	3.9	3.3	3.36	3.36	14000.0
2020-10-08	3.86	3.36	3.4	3.4	7600.0
2020-10-09	3.9	3.48	3.62	3.52	175400.0
2020-10-12	3.9	3.44	3.5	3.5	59800.0
2020-10-14	3.86	3.46	3.48	3.46	159800.0
2020-10-15	3.9	3.4	3.46	3.46	23300.0
2020-10-16	3.86	3.44	3.44	3.44	15000.0
2020-10-19	3.88	3.38	3.44	3.38	8600.0
2020-10-21	3.9	3.4	3.46	3.42	27000.0
2020-10-22	3.88	3.38	3.4	3.4	79100.0
2020-10-26	3.84	3.4	3.52	3.42	13000.0
2020-10-27	3.86	3.4	3.48	3.48	13700.0
2020-10-28	3.9	3.42	3.46	3.42	18600.0
2020-10-29	3.86	3.5	3.5	3.5	11600.0
2020-10-30	3.86	3.38	3.52	3.38	36400.0
2020-11-02	3.86	3.3	3.38	3.3	86600.0
2020-11-03	3.88	3.28	3.36	3.36	7100.0
2020-11-04	3.88	3.36	3.38	3.38	30200.0
2020-11-05	3.9	3.32	3.54	3.46	132700.0
2020-11-06	3.92	3.4	3.48	3.42	34100.0
2020-11-09	4.1	3.38	3.5	3.4	50100.0
2020-11-10	4.04	3.36	3.48	3.48	66900.0
2020-11-11	4.12	3.44	3.54	3.54	102700.0
2020-11-12	4.2	3.42	3.48	3.42	21400.0
2020-11-13	4.14	3.4	3.48	3.48	17800.0
2020-11-16	4.12	3.44	3.5	3.5	5100.0
2020-11-17	4.06	3.48	3.5	3.5	38300.0
2020-11-18	4.06	3.5	3.56	3.52	28200.0
2020-11-19	4.08	3.54	3.58	3.58	7800.0
2020-11-20	4.1	3.58	3.6	3.6	100800.0
2020-11-23	4.12	3.6	3.68	3.66	241100.0
2020-11-24	4.12	3.68	3.76	3.74	79100.0
2020-11-25	4.16	3.74	3.78	3.78	33800.0
2020-11-26	4.16	3.76	3.8	3.8	37700.0
2020-11-27	4.2	3.78	3.82	3.82	20900.0
2020-11-30	4.2	3.8	3.84	3.82	15800.0
2020-12-01	4.18	3.76	3.8	3.8	29300.0
2020-12-02	3.96	3.74	3.8	3.74	51300.0
2020-12-03	3.86	3.72	3.78	3.72	35700.0
2020-12-04	3.86	3.7	3.76	3.72	36300.0
2020-12-08	3.86	3.64	3.72	3.72	82500.0
2020-12-09	3.84	3.68	3.72	3.72	17900.0
2020-12-14	3.8	3.76	3.78	3.76	15000.0
2020-12-15	3.78	3.7	3.76	3.7	12300.0
2020-12-16	3.8	3.7	3.8	3.78	33800.0
2020-12-17	3.86	3.78	3.8	3.78	43600.0
2020-12-18	3.84	3.74	3.8	3.76	88100.0
2020-12-21	3.88	3.6	3.72	3.6	183300.0
2020-12-22	3.9	3.6	3.66	3.66	40200.0
2020-12-23	3.92	3.64	3.7	3.7	35900.0
2020-12-24	3.92	3.7	3.72	3.7	31800.0
2020-12-25	3.92	3.6	3.72	3.6	75200.0
2020-12-28	3.94	3.62	3.66	3.62	12100.0
2020-12-29	3.98	3.56	3.66	3.66	128000.0
2020-12-30	3.92	3.62	3.68	3.62	41000.0
2021-01-04	3.88	3.58	3.62	3.62	57500.0
2021-01-05	3.88	3.62	3.68	3.68	10100.0
2021-01-06	3.94	3.68	3.76	3.74	43100.0
2021-01-07	4.04	3.62	3.76	3.72	72400.0
2021-01-08	4.42	3.72	3.78	3.72	53900.0
2021-01-11	4.98	3.68	3.74	3.7	74600.0
2021-01-12	5.05	3.72	3.74	3.74	24700.0
2021-01-13	4.8	3.72	3.74	3.72	8400.0
2021-01-14	5.0	3.7	3.72	3.7	9100.0
2021-01-15	5.05	3.72	3.72	3.72	19200.0
2021-01-18	4.98	3.72	3.74	3.72	1700.0
2021-01-19	5.0	3.58	3.72	3.62	236900.0
2021-01-20	5.1	3.6	3.66	3.66	77600.0
2021-01-21	5.3	3.64	3.68	3.64	6100.0
2021-01-22	5.2	3.64	3.68	3.64	82700.0
2021-01-25	5.35	3.56	3.64	3.6	40300.0
2021-01-26	5.5	3.56	3.64	3.62	26000.0
2021-01-27	5.5	3.64	3.64	3.64	7400.0
2021-01-28	5.4	3.58	3.64	3.58	59900.0
2021-01-29	5.1	3.56	3.6	3.56	114800.0
2021-02-01	4.96	3.56	3.6	3.6	1900.0
2021-02-02	5.1	3.52	3.6	3.54	139600.0
2021-02-03	5.1	3.5	3.6	3.54	82600.0
2021-02-04	5.25	3.56	3.56	3.56	300.0
2021-02-05	5.1	3.5	3.62	3.54	159900.0
2021-02-08	5.45	3.58	3.6	3.58	12600.0
2021-02-09	5.25	3.56	3.58	3.58	96400.0
2021-02-10	5.2	3.54	3.6	3.58	182600.0
2021-02-11	5.15	3.56	3.6	3.6	201200.0
2021-02-15	5.05	3.54	3.64	3.64	103500.0
2021-02-16	5.15	3.52	3.62	3.62	207700.0
2021-02-17	5.15	3.56	3.64	3.64	35300.0
2021-02-18	5.2	4.0	4.4	4.26	2970700.0
2021-02-19	5.05	4.22	4.34	4.28	392400.0
2021-02-22	5.1	4.16	4.28	4.24	391300.0
2021-02-23	5.05	4.22	4.3	4.3	246200.0
2021-02-24	5.1	4.18	4.28	4.28	381300.0
2021-02-25	5.0	4.26	4.32	4.32	290500.0
2021-03-01	5.0	4.28	4.4	4.38	246800.0
2021-03-02	5.05	4.38	4.46	4.4	36900.0
2021-03-03	5.05	4.4	4.42	4.42	44300.0
2021-03-04	5.15	4.38	4.44	4.4	132500.0
2021-03-05	5.05	4.38	4.44	4.44	80900.0
2021-03-08	5.1	4.4	4.44	4.42	86600.0
2021-03-09	5.25	4.4	4.46	4.42	244700.0
2021-03-10	5.7	4.36	4.44	4.4	39400.0
2021-03-11	5.6	4.38	4.4	4.4	127300.0
2021-03-12	5.5	4.38	4.4	4.4	114300.0
2021-03-15	5.35	4.36	4.44	4.38	74800.0
2021-03-16	5.3	4.4	4.44	4.42	150200.0
2021-03-17	5.45	4.44	4.66	4.64	1000700.0
2021-03-18	5.35	4.64	4.68	4.64	477000.0
2021-03-19	5.4	4.3	4.64	4.62	73800.0
2021-03-22	5.45	4.62	4.8	4.66	575100.0
2021-03-23	5.55	4.56	4.74	4.64	338600.0
2021-03-24	5.55	4.6	4.7	4.66	31900.0
2021-03-25	5.4	4.6	4.68	4.6	157700.0
2021-03-26	5.1	4.6	4.68	4.68	18700.0
2021-03-29	5.15	4.64	4.76	4.74	688100.0
2021-03-30	5.45	4.6	4.76	4.62	187600.0
2021-03-31	5.65	4.64	4.7	4.68	57400.0
2021-04-01	5.6	4.62	4.84	4.76	1472400.0
2021-04-02	5.6	4.68	4.86	4.68	208800.0
2021-04-05	5.75	4.68	4.74	4.7	15400.0
2021-04-07	6.15	4.6	4.68	4.66	34500.0
2021-04-08	6.0	4.58	4.66	4.66	30800.0
2021-04-09	5.95	4.64	4.7	4.66	183500.0
2021-04-12	5.95	4.2	4.68	4.6	35600.0
2021-04-16	5.95	4.6	4.64	4.64	23000.0
2021-04-19	5.8	4.58	4.64	4.6	162600.0
2021-04-20	5.65	4.48	4.54	4.5	127000.0
2021-04-21	5.8	4.44	4.56	4.5	212300.0
2021-04-22	5.75	4.46	4.52	4.5	93300.0
2021-04-23	5.75	4.48	4.5	4.48	16300.0
2021-04-26	5.6	4.46	4.56	4.46	150000.0
2021-04-27	5.65	4.46	4.52	4.48	111900.0
2021-04-28	5.7	4.46	4.54	4.54	37000.0
2021-04-29	5.95	4.48	4.56	4.56	124700.0
2021-04-30	5.95	4.5	4.58	4.56	69900.0
2021-05-05	5.9	4.56	4.78	4.6	367900.0
2021-05-06	5.9	5.7	5.95	5.95	28389100.0
2021-05-07	5.85	5.8	6.05	6.0	10031000.0
2021-05-10	6.05	6.05	6.45	6.4	5098200.0
2021-05-11	5.95	5.95	6.35	6.2	2919200.0
2021-05-12	5.9	5.9	6.2	6.05	1353900.0
2021-05-13	5.9	5.3	6.0	5.8	3643400.0
2021-05-14	6.4	5.8	6.0	5.9	1538800.0
2021-05-17	6.8	5.8	6.4	6.15	2423500.0
2021-05-18	6.65	6.2	6.4	6.25	819900.0
2021-05-19	6.45	6.05	6.3	6.2	621500.0
2021-05-20	6.3	6.0	6.2	6.15	627800.0
2021-05-21	6.45	6.05	6.9	6.9	5219500.0
2021-05-24	6.2	6.7	7.1	6.75	2944000.0
2021-05-25	6.3	6.7	7.45	7.25	4133400.0
2021-05-27	6.5	7.05	7.4	7.2	1841600.0
2021-05-28	6.6	7.0	7.2	7.1	925300.0
2021-05-31	6.7	7.1	7.65	7.55	2415600.0
2021-06-01	6.5	7.4	7.65	7.5	1214300.0
2021-06-02	6.3	7.35	7.6	7.45	547000.0
2021-06-04	6.35	7.4	7.65	7.55	432600.0
2021-06-07	6.25	7.4	7.7	7.45	541500.0
2021-06-08	5.95	6.95	7.5	6.95	1770700.0
2021-06-09	5.7	6.65	7.05	6.7	2207900.0
2021-06-10	5.75	6.65	6.95	6.85	1402000.0
2021-06-11	5.95	6.85	7.25	7.15	1900500.0
2021-06-14	5.85	6.95	7.1	6.95	884300.0
2021-06-15	6.0	6.95	7.1	7.1	780900.0
2021-06-16	6.05	7.0	7.3	7.3	904000.0
2021-06-17	6.15	6.85	7.3	6.9	1783800.0
2021-06-18	6.05	6.95	7.05	6.95	650200.0
2021-06-21	5.9	6.7	6.9	6.75	1337500.0
2021-06-22	6.0	6.75	6.9	6.75	510900.0
2021-06-23	5.9	6.75	6.85	6.75	242300.0
2021-06-24	6.05	6.4	6.75	6.65	1173500.0
2021-06-25	6.1	6.6	6.9	6.7	832400.0
2021-06-28	6.0	6.6	6.8	6.75	528800.0
2021-06-29	6.2	6.75	6.9	6.75	216400.0
2021-06-30	6.6	6.85	7.0	6.85	331600.0
2021-07-01	6.5	6.8	6.9	6.9	120600.0
2021-07-02	6.6	6.8	7.0	6.85	412000.0
2021-07-05	6.5	6.8	6.95	6.9	217700.0
2021-07-06	6.85	6.75	6.9	6.85	355800.0
2021-07-07	6.75	6.65	6.9	6.7	377100.0
2021-07-08	6.5	6.3	6.65	6.3	1804800.0
2021-07-09	6.5	6.1	6.7	6.65	1555800.0
2021-07-12	6.3	6.5	6.75	6.7	575500.0
2021-07-13	6.1	6.6	6.75	6.7	384900.0
2021-07-14	6.2	6.7	6.85	6.8	478200.0
2021-07-15	5.85	6.8	7.25	7.15	3048200.0
2021-07-16	6.0	7.15	7.35	7.25	1516000.0
2021-07-19	6.0	6.85	7.2	7.1	1207000.0
2021-07-20	5.9	6.85	7.1	6.95	796800.0
2021-07-21	6.25	6.6	7.1	6.8	1079700.0
2021-07-22	6.05	6.75	7.05	7.05	387100.0
2021-07-23	6.0	7.0	7.7	7.35	3719200.0
2021-07-27	6.0	7.25	7.9	7.4	3750700.0
2021-07-29	6.1	6.9	7.5	7.25	895400.0
2021-07-30	5.95	7.05	7.35	7.15	765600.0
2021-08-02	5.95	6.95	7.25	7.15	625500.0
2021-08-03	6.0	7.15	7.6	7.6	1122300.0
2021-08-04	5.9	7.4	8.1	8.1	3617700.0
2021-08-05	5.95	7.55	8.25	7.75	3285200.0
2021-08-06	6.0	7.8	8.35	8.1	6354300.0
2021-08-09	6.0	8.0	8.5	8.1	2729600.0
2021-08-10	5.9	8.05	8.35	8.2	1922000.0
2021-08-11	5.85	7.7	8.25	7.8	2622600.0
2021-08-13	5.9	7.95	8.4	8.0	4911700.0
2021-08-16	5.8	7.8	8.95	8.75	6695500.0
2021-08-17	5.5	8.65	9.05	8.75	4261600.0
2021-08-18	5.35	8.5	8.9	8.55	2179500.0
2021-08-19	5.4	8.4	8.6	8.5	1542000.0
2021-08-20	5.45	8.5	8.75	8.75	1797700.0
2021-08-23	5.6	8.5	9.0	8.6	2645900.0
2021-08-24	5.75	8.55	8.85	8.7	1617500.0
2021-08-25	5.8	8.55	8.7	8.65	667800.0
2021-08-26	5.65	8.45	8.65	8.5	1022700.0
2021-08-27	5.75	8.0	8.4	8.1	1360000.0
2021-08-30	5.5	7.85	8.3	8.25	1207100.0
2021-08-31	5.85	8.15	8.3	8.25	451600.0
2021-09-01	5.65	8.2	8.95	8.8	3157900.0
2021-09-02	5.65	9.0	9.65	9.55	5779000.0
2021-09-03	5.65	9.05	9.85	9.45	2633400.0
2021-09-06	5.5	9.15	9.5	9.25	958200.0
2021-09-07	5.65	8.8	9.4	8.95	1788800.0
2021-09-08	5.65	8.65	9.0	8.95	1067800.0
2021-09-09	5.6	8.8	9.15	8.85	807200.0
2021-09-10	5.6	8.9	9.45	9.2	1385300.0
2021-09-13	5.7	9.05	9.35	9.3	711600.0
2021-09-14	5.5	8.95	9.45	9.05	1094000.0
2021-09-15	5.55	9.0	9.2	9.1	501700.0
2021-09-16	5.75	9.05	9.15	9.1	446700.0
2021-09-17	5.85	8.9	9.15	9.1	346600.0
2021-09-20	5.75	8.7	9.1	8.85	1018600.0
2021-09-21	5.75	8.65	9.1	9.0	961200.0
2021-09-22	5.85	9.05	9.65	9.15	4748300.0
2021-09-23	5.75	9.05	9.15	9.05	814800.0
2021-09-27	5.75	9.0	9.45	9.35	2324400.0
2021-09-28	5.7	9.05	9.55	9.15	1407500.0
2021-09-29	5.7	8.95	9.25	9.0	650700.0
2021-09-30	5.75	8.75	9.15	8.95	864500.0
2021-10-01	5.8	8.75	9.0	8.8	577400.0
2021-10-04	5.9	8.85	9.0	8.85	247800.0
2021-10-05	6.2	8.65	8.9	8.65	510000.0
2021-10-06	6.0	8.0	8.65	8.45	2312700.0
2021-10-07	6.15	8.35	8.65	8.45	1111400.0
2021-10-08	6.2	8.45	8.85	8.7	860800.0
2021-10-11	6.1	8.55	9.0	8.75	732900.0
2021-10-12	5.95	8.7	8.9	8.75	188200.0
2021-10-14	6.25	8.6	8.8	8.6	400700.0
2021-10-15	6.1	8.55	8.8	8.7	731000.0
2021-10-18	6.2	8.55	8.7	8.65	269200.0
2021-10-19	6.2	8.5	8.65	8.6	318100.0
2021-10-20	6.2	8.5	8.65	8.6	275600.0
2021-10-21	6.45	8.55	8.75	8.7	131200.0
2021-10-25	6.85	8.6	8.75	8.65	58900.0
2021-10-26	6.75	8.55	8.7	8.65	200300.0
2021-10-27	6.7	8.65	8.9	8.8	574500.0
2021-10-28	6.5	8.75	8.9	8.8	521600.0
2021-10-29	6.6	8.8	9.3	9.15	2947200.0
2021-11-01	6.45	8.75	9.35	8.8	1701100.0
2021-11-02	6.55	8.65	8.9	8.65	951900.0
2021-11-03	6.55	8.25	8.8	8.4	1299100.0
2021-11-04	6.7	8.3	8.6	8.5	841500.0
2021-11-05	6.6	8.15	8.65	8.3	1825100.0
2021-11-08	6.55	8.1	8.4	8.15	944700.0
2021-11-09	6.6	8.1	8.35	8.3	672800.0
2021-11-10	6.6	8.25	8.35	8.3	348400.0
2021-11-11	6.6	8.25	8.45	8.3	909900.0
2021-11-12	7.4	8.1	8.35	8.2	777200.0
2021-11-15	6.8	8.15	8.3	8.3	733100.0
2021-11-16	6.55	8.15	8.35	8.3	351800.0
2021-11-17	6.5	8.25	8.4	8.3	256500.0
2021-11-18	6.55	8.15	8.3	8.2	751700.0
2021-11-19	6.65	8.05	8.3	8.1	810800.0
2021-11-22	6.6	8.05	8.15	8.15	395400.0
2021-11-23	6.5	8.1	8.25	8.15	627900.0
2021-11-24	6.5	8.05	8.25	8.1	546400.0
2021-11-25	6.5	7.9	8.15	7.95	1366600.0
2021-11-26	6.05	7.9	8.15	7.95	911000.0
2021-11-29	6.1	7.65	8.0	7.85	873400.0
2021-11-30	6.0	7.65	8.0	7.65	1079700.0
2021-12-01	6.15	7.65	7.95	7.85	325500.0
2021-12-02	6.3	7.75	7.95	7.75	260400.0
2021-12-03	6.35	7.85	8.1	7.85	235000.0
2021-12-07	6.15	7.85	8.1	7.9	335200.0
2021-12-08	6.25	7.9	8.05	8.0	141700.0
2021-12-09	6.05	7.95	8.15	8.15	270400.0
2021-12-13	6.2	8.3	8.95	8.85	3002800.0
2021-12-14	6.45	8.7	9.35	9.1	2783100.0
2021-12-15	6.4	8.95	9.3	8.95	1402600.0
2021-12-16	6.55	8.85	9.1	9.0	774900.0
2021-12-17	6.35	9.0	10.1	10.1	6822100.0
2021-12-20	6.35	9.85	10.7	10.2	7636500.0
2021-12-21	6.35	10.3	11.0	10.4	8437300.0
2021-12-22	6.25	10.4	11.0	10.5	3101500.0
2021-12-23	6.3	10.2	10.7	10.5	1812100.0
2021-12-24	6.25	10.1	10.6	10.1	1920500.0
2021-12-27	6.4	10.2	11.3	10.5	6766300.0
2021-12-28	6.3	10.2	10.6	10.2	1413000.0
2021-12-29	6.25	10.1	10.5	10.3	1851700.0
2021-12-30	6.25	10.2	10.7	10.4	1181500.0
2022-01-04	6.2	10.5	12.0	11.7	10278600.0
2022-01-05	6.15	11.0	11.8	11.3	4676700.0
2022-01-06	6.2	11.0	11.3	11.2	1590600.0
2022-01-07	6.1	11.0	11.5	11.3	1540800.0
2022-01-10	5.85	11.1	11.7	11.1	2713100.0
2022-01-11	5.8	11.1	12.3	11.9	5617400.0
2022-01-12	5.65	11.5	12.3	11.9	3644900.0
2022-01-13	5.75	11.9	12.8	12.4	4909700.0
2022-01-14	5.85	11.9	12.7	12.0	3127900.0
2022-01-17	5.9	10.5	12.0	10.8	9359600.0
2022-01-18	5.85	10.4	10.9	10.4	3625000.0
2022-01-19	5.75	10.2	10.9	10.6	3778800.0
2022-01-20	5.75	10.9	11.3	11.0	3147400.0
2022-01-21	5.9	10.6	11.1	11.0	1492800.0
2022-01-24	5.7	10.4	11.0	10.5	1472500.0
2022-01-25	5.65	10.0	10.5	10.2	1650600.0
2022-01-26	5.9	10.2	10.4	10.2	628300.0
2022-01-27	5.85	9.8	10.3	10.1	1985200.0
2022-01-28	5.8	10.0	10.3	10.1	402500.0
2022-01-31	5.8	10.0	10.3	10.1	694900.0
2022-02-01	5.85	10.1	10.6	10.2	1676300.0
2022-02-02	5.8	10.1	10.3	10.2	672800.0
2022-02-03	5.75	10.2	10.5	10.5	923000.0
2022-02-04	5.75	10.3	10.6	10.4	578800.0
2022-02-07	5.8	10.1	10.4	10.2	692400.0
2022-02-08	5.75	10.2	10.5	10.3	622800.0
2022-02-09	5.7	9.35	10.4	9.55	3972000.0
2022-02-10	5.75	9.35	9.9	9.65	1889700.0
2022-02-11	5.8	9.55	9.85	9.7	557900.0
2022-02-14	5.8	9.55	9.8	9.65	523600.0
2022-02-15	5.9	9.6	9.95	9.9	490100.0
2022-02-17	5.8	10.2	11.1	10.4	6607300.0
2022-02-18	5.9	10.2	10.7	10.3	1742800.0
2022-02-21	5.85	10.2	10.9	10.5	1931300.0
2022-02-22	5.8	10.1	10.6	10.5	969500.0
2022-02-23	5.8	10.3	10.6	10.5	985800.0
2022-02-24	5.9	9.85	10.5	10.0	2175200.0
2022-02-25	5.8	10.1	10.4	10.3	645800.0
2022-02-28	5.7	9.95	10.5	10.0	906500.0
2022-03-01	5.65	9.95	10.2	10.0	1965900.0
2022-03-02	5.75	9.75	10.0	9.95	1247300.0
2022-03-03	5.8	9.8	10.1	10.1	727400.0
2022-03-04	5.55	9.9	10.1	10.0	679800.0
2022-03-07	5.6	9.55	9.9	9.6	1439700.0
2022-03-08	5.7	8.95	9.7	9.2	1828100.0
2022-03-09	5.7	9.1	9.5	9.4	769200.0
2022-03-10	5.65	9.45	9.75	9.6	301500.0
2022-03-11	5.7	9.45	9.65	9.6	190600.0
2022-03-14	5.75	9.5	9.65	9.6	87500.0
2022-03-15	5.6	9.4	9.8	9.5	275500.0
2022-03-16	5.6	9.45	9.6	9.5	220500.0
2022-03-17	5.6	9.5	9.65	9.65	196700.0
2022-03-18	5.65	9.5	9.65	9.6	134800.0
2022-03-21	5.65	9.25	9.6	9.4	449700.0
2022-03-22	5.6	9.45	9.75	9.65	374700.0
2022-03-23	5.65	9.6	9.9	9.7	255700.0
2022-03-24	5.55	9.45	9.7	9.7	259800.0
2022-03-25	5.6	9.6	9.85	9.6	351200.0
2022-03-28	5.75	9.45	9.6	9.55	149100.0
2022-03-29	5.75	9.4	9.65	9.45	615200.0
2022-03-30	5.8	9.45	9.6	9.6	167400.0
2022-03-31	5.8	9.55	9.75	9.65	289600.0
2022-04-01	5.75	9.6	9.75	9.7	126400.0
2022-04-04	5.65	9.6	9.75	9.6	350600.0
2022-04-05	5.95	9.5	9.65	9.6	194500.0
2022-04-07	5.6	9.4	9.65	9.45	373100.0
2022-04-08	5.75	9.35	9.45	9.35	342200.0
2022-04-11	5.7	9.3	9.5	9.4	385600.0
2022-04-12	5.75	9.25	9.45	9.35	1080500.0
2022-04-18	5.65	9.25	9.4	9.3	1226700.0
2022-04-19	5.65	8.95	9.2	9.2	393200.0
2022-04-20	5.5	9.1	9.2	9.15	118600.0
2022-04-21	5.55	9.1	9.45	9.45	536700.0
2022-04-22	5.1	9.45	10.0	9.95	2771900.0
2022-04-25	5.4	9.7	10.2	9.7	2004500.0
2022-04-26	5.6	9.75	10.1	10.0	2325800.0
2022-04-27	5.55	9.7	10.0	9.85	1584900.0
2022-04-28	5.65	9.75	9.95	9.75	491700.0
2022-04-29	5.65	9.8	10.2	10.1	1889200.0
2022-05-03	5.65	9.25	10.5	9.4	7334100.0
2022-05-05	5.55	9.05	9.55	9.05	1369100.0
2022-05-06	5.65	8.65	8.95	8.85	2419400.0
2022-05-09	5.7	8.5	8.95	8.5	1029900.0
2022-05-10	5.55	8.5	8.95	8.85	546700.0
2022-05-11	5.55	8.55	8.95	8.65	406900.0
2022-05-12	5.6	7.65	8.35	7.75	3832400.0
2022-05-13	5.6	7.5	7.95	7.55	897500.0
2022-05-17	5.5	7.5	7.8	7.6	968600.0
2022-05-18	5.65	7.45	7.9	7.7	797100.0
2022-05-19	5.55	7.35	7.7	7.65	855200.0
2022-05-20	5.55	7.6	7.8	7.7	601400.0
2022-05-23	5.55	7.6	7.9	7.75	591500.0
2022-05-24	5.55	7.7	7.85	7.8	222300.0
2022-05-25	5.55	7.65	7.9	7.65	286100.0
2022-05-26	5.6	7.65	7.95	7.9	394100.0
2022-05-27	5.55	7.85	8.05	7.95	748600.0
2022-05-30	5.55	8.0	8.15	8.1	404300.0
2022-05-31	5.6	7.95	8.1	8.1	426500.0
2022-06-01	5.5	8.0	8.1	8.05	121400.0
2022-06-02	5.55	7.95	8.05	8.0	135400.0
2022-06-06	5.6	7.8	8.0	7.95	186300.0
2022-06-07	5.65	7.75	7.95	7.8	253700.0
2022-06-08	5.6	7.75	8.5	8.05	1755000.0
2022-06-09	5.55	7.95	8.1	7.95	367200.0
2022-06-10	5.7	7.9	8.5	8.15	1711500.0
2022-06-13	5.6	7.85	8.05	7.9	777700.0
2022-06-14	5.8	7.7	8.15	7.9	445700.0
2022-06-15	5.85	7.8	8.05	7.85	319000.0
2022-06-16	5.8	7.7	8.0	7.7	291800.0
2022-06-17	5.8	7.5	7.7	7.7	332500.0
2022-06-20	5.8	7.55	7.8	7.8	124700.0
2022-06-21	5.8	7.75	8.0	8.0	306500.0
2022-06-22	5.85	7.75	8.0	7.85	261500.0
2022-06-23	5.85	7.6	7.8	7.7	201800.0
2022-06-24	5.8	7.7	7.85	7.8	519900.0
2022-06-27	5.85	7.85	8.0	7.95	263500.0
2022-06-28	5.95	7.8	7.95	7.85	229000.0
2022-06-29	5.95	7.8	7.9	7.9	140700.0
2022-06-30	6.0	7.7	7.9	7.8	344100.0
2022-07-01	5.95	7.7	7.9	7.8	97400.0
2022-07-04	5.75	7.6	7.75	7.6	447300.0
2022-07-05	5.85	7.2	7.7	7.3	730800.0
2022-07-06	5.95	7.1	7.3	7.15	597200.0
2022-07-07	6.55	7.15	7.35	7.35	166600.0
2022-07-08	6.2	7.25	7.55	7.35	213500.0
2022-07-11	5.9	7.25	7.4	7.35	325000.0
2022-07-12	6.15	7.3	7.4	7.4	78600.0
2022-07-14	6.05	7.35	7.5	7.35	114300.0
2022-07-15	6.05	7.15	7.45	7.4	272200.0
2022-07-18	6.5	7.35	7.5	7.4	75400.0
2022-07-19	6.3	7.3	7.45	7.35	109000.0
2022-07-20	6.4	7.3	7.55	7.45	195400.0
2022-07-21	6.45	7.45	7.7	7.7	222500.0
2022-07-22	6.3	7.7	7.8	7.75	228200.0
2022-07-25	6.25	7.7	7.85	7.85	155700.0
2022-07-26	6.05	7.75	7.9	7.75	195000.0
2022-07-27	6.0	7.75	7.9	7.8	84200.0
2022-08-01	6.0	7.9	8.05	8.0	451100.0
2022-08-02	5.95	8.0	8.15	8.0	202400.0
2022-08-03	6.0	7.95	8.05	8.05	154900.0
2022-08-04	6.15	8.05	8.35	8.35	944700.0
2022-08-05	6.25	8.05	8.35	8.3	451100.0
2022-08-08	6.15	8.2	8.35	8.2	141200.0
2022-08-09	6.2	8.25	8.65	8.6	736900.0
2022-08-10	6.1	8.5	8.7	8.7	580900.0
2022-08-11	6.0	8.85	9.35	9.2	2602900.0
2022-08-15	6.1	9.15	9.35	9.2	1006400.0
2022-08-16	5.85	9.1	9.25	9.1	376200.0
2022-08-17	5.65	9.1	9.45	9.35	932200.0
2022-08-18	5.6	9.2	9.45	9.3	635000.0
2022-08-19	5.6	9.25	9.55	9.35	649500.0
2022-08-22	5.75	9.25	9.45	9.4	791900.0
2022-08-23	5.95	9.15	9.4	9.25	1025500.0
2022-08-24	5.9	9.15	9.25	9.2	229400.0
2022-08-25	5.4	9.1	9.25	9.15	189400.0
2022-08-26	5.5	9.1	9.2	9.1	434000.0
2022-08-29	5.55	8.95	9.1	9.05	414800.0
2022-08-30	5.6	9.0	9.15	9.05	162900.0
2022-08-31	5.65	9.0	9.4	9.4	522800.0
2022-09-01	5.6	9.2	9.45	9.2	364100.0
2022-09-02	5.7	9.15	9.3	9.25	101900.0
2022-09-05	5.7	9.1	9.25	9.2	136700.0
2022-09-06	5.75	9.1	9.2	9.1	149200.0
2022-09-07	5.65	9.1	9.3	9.2	227900.0
2022-09-08	5.8	9.15	9.3	9.15	163000.0
2022-09-09	5.7	9.1	9.2	9.15	130200.0
2022-09-12	5.6	9.1	9.3	9.2	413600.0
2022-09-13	5.65	9.15	9.3	9.3	459600.0
2022-09-14	5.7	9.15	9.65	9.65	1038900.0
2022-09-15	5.75	9.6	9.8	9.65	1025000.0
2022-09-16	5.85	9.3	9.7	9.65	795300.0
2022-09-19	5.85	9.4	9.9	9.45	793200.0
2022-09-20	5.95	9.15	9.65	9.6	665800.0
2022-09-21	5.95	9.5	9.7	9.6	226100.0
2022-09-22	5.95	9.55	9.65	9.65	166000.0
2022-09-23	5.85	9.55	9.7	9.7	354600.0
2022-09-26	5.95	9.65	10.3	10.3	3186600.0
2022-09-27	5.95	9.65	10.4	9.75	1845500.0
2022-09-28	6.0	9.5	9.8	9.75	436600.0
2022-09-29	6.1	9.5	10.1	9.5	833800.0
2022-09-30	6.15	9.4	9.7	9.7	297600.0
2022-10-03	6.2	9.05	9.7	9.2	1489900.0
2022-10-04	6.1	9.2	9.45	9.25	603100.0
2022-10-05	6.05	9.05	9.3	9.05	616500.0
2022-10-06	6.0	9.0	9.2	9.15	396600.0
2022-10-07	6.0	9.1	9.4	9.15	141000.0
2022-10-10	6.05	9.05	9.3	9.2	338700.0
2022-10-11	6.2	9.15	9.2	9.15	112800.0
2022-10-12	6.15	9.05	9.2	9.1	239000.0
2022-10-17	6.05	8.85	9.15	8.95	429300.0
2022-10-18	6.05	8.95	9.1	9.1	111900.0
2022-10-19	6.0	9.05	9.2	9.1	92300.0
2022-10-20	6.05	9.05	9.4	9.4	213000.0
2022-10-21	6.15	9.2	9.4	9.2	201400.0
2022-10-25	6.2	9.05	9.25	9.2	71800.0
2022-10-26	6.15	9.15	9.25	9.2	75400.0
2022-10-27	6.3	9.2	9.25	9.2	78400.0
2022-10-28	6.45	9.1	9.2	9.1	43900.0
2022-10-31	6.55	9.15	9.4	9.3	243100.0
2022-11-01	6.55	9.25	9.45	9.3	146000.0
2022-11-02	6.9	9.25	9.4	9.25	113400.0
2022-11-03	6.85	9.2	9.3	9.3	59500.0
2022-11-04	6.8	9.35	9.65	9.6	559700.0
2022-11-07	6.75	9.65	9.8	9.75	771200.0
2022-11-08	6.55	9.65	9.95	9.85	464000.0
2022-11-09	6.55	9.6	9.85	9.65	350400.0
2022-11-10	6.55	9.8	10.1	9.9	1397300.0
2022-11-11	6.8	9.7	9.95	9.85	319200.0
2022-11-14	6.8	9.45	9.85	9.45	484000.0
2022-11-15	6.8	9.5	9.65	9.6	83000.0
2022-11-16	6.85	9.4	9.75	9.6	188300.0
2022-11-17	6.75	9.5	9.65	9.55	77700.0
2022-11-18	6.65	9.4	9.55	9.55	139400.0
2022-11-21	6.65	9.4	9.5	9.45	218200.0
2022-11-22	6.6	9.35	9.55	9.35	327500.0
2022-11-23	6.65	9.2	9.45	9.45	104000.0
2022-11-24	6.55	9.35	9.45	9.45	24700.0
2022-11-25	6.55	9.4	9.65	9.65	192500.0
2022-11-28	6.55	9.55	9.8	9.65	274300.0
2022-11-29	6.6	9.5	9.6	9.6	30900.0
2022-11-30	6.6	9.5	9.6	9.55	143800.0
2022-12-01	6.75	9.4	9.5	9.5	138500.0
2022-12-02	6.75	9.35	9.45	9.35	266800.0
2022-12-06	7.0	9.35	9.45	9.4	148800.0
2022-12-07	7.0	9.35	9.6	9.4	266700.0
2022-12-08	7.0	9.4	9.5	9.5	62600.0
2022-12-09	6.95	9.5	9.7	9.55	181700.0
2022-12-13	6.95	9.35	9.6	9.55	107400.0
2022-12-14	6.85	9.45	9.6	9.5	87100.0
2022-12-15	6.8	9.2	9.5	9.4	142600.0
2022-12-16	6.85	9.3	9.45	9.3	38100.0
2022-12-19	6.8	9.3	9.45	9.4	91800.0
2022-12-20	6.8	9.35	9.5	9.4	212300.0
2022-12-21	6.55	9.35	9.45	9.35	94700.0
2022-12-22	6.6	9.35	9.6	9.55	181500.0
2022-12-23	6.7	9.5	9.6	9.6	58000.0
2022-12-26	6.65	9.45	9.65	9.45	101500.0
2022-12-27	6.6	9.45	9.6	9.5	55900.0
2022-12-28	6.6	9.45	9.6	9.6	144000.0
2022-12-29	6.75	9.55	9.65	9.6	48000.0
2022-12-30	6.7	9.3	9.6	9.6	544600.0
