Date	Price Open	Price Low	Price High	Price Close	Volume
2016-03-24	14.0	13.6	14.6	14.3	233731800.0
2016-03-25	14.1	13.8	14.4	13.8	62008300.0
2016-03-28	13.9	13.0	14.0	13.0	22063400.0
2016-03-29	13.1	13.1	13.7	13.7	25141100.0
2016-03-30	13.6	13.5	13.9	13.7	12100800.0
2016-03-31	13.7	13.7	14.2	14.1	29618000.0
2016-04-01	14.0	14.0	16.2	15.9	90264000.0
2016-04-04	16.0	15.0	16.9	15.3	99037200.0
2016-04-05	15.2	15.0	15.6	15.4	37724000.0
2016-04-07	15.4	14.1	15.6	14.4	18691400.0
2016-04-08	14.5	14.5	15.5	15.3	25754000.0
2016-04-11	15.4	15.4	16.6	16.4	47602900.0
2016-04-12	16.5	16.4	17.0	16.9	51635500.0
2016-04-18	17.2	17.1	18.6	18.6	40808300.0
2016-04-19	18.3	17.8	18.6	18.1	35943600.0
2016-04-20	18.3	17.7	18.6	17.7	29584100.0
2016-04-21	18.0	17.7	18.5	17.7	34074400.0
2016-04-22	17.9	17.1	18.0	17.2	14363900.0
2016-04-25	17.2	16.8	17.5	16.9	11260100.0
2016-04-26	17.1	17.0	18.6	18.4	38013400.0
2016-04-27	18.8	18.1	19.0	18.3	35454900.0
2016-04-28	18.4	17.9	18.4	18.0	13403700.0
2016-04-29	18.1	17.9	18.7	18.1	24135200.0
2016-05-03	18.2	17.7	18.3	17.7	7025900.0
2016-05-04	17.8	17.7	18.3	18.0	10181100.0
2016-05-06	17.8	17.7	18.3	18.0	10181100.0
2016-05-09	18.1	18.1	19.2	19.2	25643600.0
2016-05-10	19.0	18.4	19.1	18.4	16045400.0
2016-05-11	18.6	18.0	19.0	18.1	19283800.0
2016-05-12	18.3	18.2	18.7	18.3	10742200.0
2016-05-13	18.4	18.1	18.9	18.3	14931700.0
2016-05-16	18.5	18.2	18.7	18.3	7456100.0
2016-05-17	18.4	18.1	18.5	18.2	5239900.0
2016-05-18	18.2	18.2	18.7	18.7	10058600.0
2016-05-19	18.8	18.3	18.8	18.4	6790500.0
2016-05-23	18.4	18.2	18.7	18.3	5949700.0
2016-05-24	18.3	18.1	18.5	18.1	4281300.0
2016-05-25	17.7	17.6	17.9	17.9	2861900.0
2016-05-26	18.0	17.8	18.1	17.8	2539100.0
2016-05-27	17.9	17.4	17.9	17.5	3547300.0
2016-05-30	17.6	17.5	17.8	17.7	2221700.0
2016-05-31	17.7	17.5	17.9	17.6	1442900.0
2016-06-01	17.6	17.2	17.8	17.2	3827800.0
2016-06-02	17.2	16.8	17.3	16.9	3067100.0
2016-06-03	17.0	17.0	17.4	17.3	6239700.0
2016-06-06	17.3	17.1	17.5	17.2	2703300.0
2016-06-07	17.3	17.1	17.6	17.3	6521000.0
2016-06-08	17.3	17.1	17.5	17.1	2473600.0
2016-06-09	17.2	17.0	17.4	17.1	2761300.0
2016-06-10	17.1	16.8	17.2	16.8	1788700.0
2016-06-13	16.7	16.0	16.7	16.2	3181600.0
2016-06-14	16.2	16.0	16.3	16.2	2581600.0
2016-06-15	16.3	16.2	17.0	16.9	8346600.0
2016-06-16	16.9	16.2	17.1	16.2	5522100.0
2016-06-17	16.3	16.3	16.7	16.3	2316000.0
2016-06-20	16.4	16.1	17.0	17.0	4127700.0
2016-06-21	17.1	16.8	17.2	16.8	3360500.0
2016-06-22	16.8	16.3	16.9	16.3	1529600.0
2016-06-23	16.5	16.2	16.5	16.2	774900.0
2016-06-24	16.2	15.5	16.4	15.8	4589200.0
2016-06-27	15.9	15.9	16.4	16.3	1423000.0
2016-06-28	16.3	16.1	16.4	16.1	876300.0
2016-06-29	16.3	16.0	16.4	16.0	1042400.0
2016-06-30	16.3	15.9	16.3	15.9	1009200.0
2016-07-04	15.9	15.8	16.0	15.8	807700.0
2016-07-05	15.8	15.5	15.8	15.6	973700.0
2016-07-06	15.6	15.5	16.1	15.7	3970700.0
2016-07-07	15.8	15.6	16.0	15.7	916100.0
2016-07-08	15.7	15.2	15.8	15.3	1589000.0
2016-07-11	15.5	15.4	15.6	15.4	760500.0
2016-07-12	15.4	15.0	15.5	15.3	1717800.0
2016-07-13	15.3	14.9	15.3	14.9	787500.0
2016-07-14	15.0	15.0	15.1	15.0	1092400.0
2016-07-15	15.2	15.0	15.6	15.5	1894500.0
2016-07-20	15.6	15.3	15.7	15.5	1768900.0
2016-07-21	15.6	15.2	15.8	15.2	1790800.0
2016-07-22	15.2	15.2	15.4	15.3	265800.0
2016-07-25	15.4	15.1	15.4	15.4	317100.0
2016-07-26	15.4	15.0	15.4	15.0	603100.0
2016-07-27	15.2	14.9	15.2	15.0	1080000.0
2016-07-28	15.0	14.6	15.2	15.0	4198600.0
2016-07-29	15.2	15.0	15.2	15.0	717500.0
2016-08-01	15.0	14.8	15.1	14.9	746400.0
2016-08-02	15.0	14.9	15.6	14.9	2775900.0
2016-08-03	14.9	14.9	15.3	15.1	1095900.0
2016-08-04	15.1	15.1	15.7	15.6	2276200.0
2016-08-05	15.7	15.7	16.6	16.3	17226700.0
2016-08-08	16.5	16.0	16.7	16.1	8674800.0
2016-08-09	16.2	16.1	17.0	16.4	14791900.0
2016-08-10	16.1	15.6	16.2	15.6	6255100.0
2016-08-11	15.6	14.8	15.7	15.0	5428000.0
2016-08-15	14.9	14.7	15.2	14.8	3409500.0
2016-08-16	14.9	14.7	15.1	14.7	1896300.0
2016-08-17	14.6	14.5	14.7	14.6	1679600.0
2016-08-18	14.6	14.6	14.9	14.7	610600.0
2016-08-19	14.7	14.6	15.2	14.8	3964000.0
2016-08-22	14.9	14.6	15.0	14.7	578300.0
2016-08-23	14.7	14.6	14.9	14.7	607500.0
2016-08-24	14.7	14.7	15.0	14.9	957200.0
2016-08-25	15.0	15.0	16.1	15.7	17959600.0
2016-08-26	15.7	15.3	15.8	15.5	3329000.0
2016-08-29	15.4	15.3	15.7	15.5	1883900.0
2016-08-30	15.6	15.6	16.0	15.6	5135400.0
2016-08-31	15.7	15.3	15.8	15.8	2794200.0
2016-09-01	15.8	15.6	15.9	15.6	1640900.0
2016-09-02	15.7	15.1	15.7	15.2	1757300.0
2016-09-05	15.1	14.2	15.2	14.5	2640800.0
2016-09-06	14.4	14.4	14.7	14.7	500700.0
2016-09-07	14.7	14.3	15.1	14.3	2164000.0
2016-09-08	14.3	13.3	14.4	13.3	3878900.0
2016-09-09	13.3	13.0	13.5	13.2	1258000.0
2016-09-12	12.9	12.7	13.2	12.7	1345200.0
2016-09-13	13.1	13.0	13.6	13.4	939300.0
2016-09-14	13.4	13.1	13.4	13.4	520800.0
2016-09-15	13.7	13.4	14.0	13.5	1514200.0
2016-09-16	13.5	13.5	14.0	13.7	1557100.0
2016-09-19	13.7	13.6	13.8	13.7	622600.0
2016-09-20	13.7	13.3	13.7	13.4	507600.0
2016-09-21	13.5	13.5	13.7	13.6	254900.0
2016-09-22	13.8	13.8	14.7	14.7	8701100.0
2016-09-23	14.7	14.0	14.8	14.3	5904800.0
2016-09-26	14.3	14.2	14.8	14.4	5811300.0
2016-09-27	14.5	14.2	14.7	14.2	1984300.0
2016-09-28	14.3	13.9	14.3	14.0	1429200.0
2016-09-29	14.1	14.0	14.2	14.0	699400.0
2016-09-30	14.0	13.7	14.0	13.8	1225800.0
2016-10-03	13.9	13.9	14.1	14.1	881700.0
2016-10-04	14.1	14.0	14.2	14.1	179200.0
2016-10-05	14.3	14.2	15.1	14.9	7767300.0
2016-10-06	15.1	15.1	16.0	16.0	10456200.0
2016-10-07	16.0	15.6	16.0	15.6	1727100.0
2016-10-10	14.1	14.1	15.1	14.9	7608100.0
2016-10-11	15.0	14.4	15.0	14.9	2410100.0
2016-10-12	14.7	13.8	15.3	15.0	5440600.0
2016-10-13	14.7	14.1	15.0	15.0	3723100.0
2016-10-14	15.3	14.8	15.5	15.5	5527700.0
2016-10-17	15.6	15.5	16.1	16.1	3894100.0
2016-10-18	16.2	16.2	16.8	16.5	6937200.0
2016-10-19	16.5	16.3	16.7	16.3	3856200.0
2016-10-20	16.4	16.2	16.9	16.9	7530000.0
2016-10-21	16.9	16.9	17.6	17.5	9288800.0
2016-10-25	17.5	17.2	17.5	17.3	1694800.0
2016-10-26	17.4	16.8	17.7	16.8	2162700.0
2016-10-27	16.8	16.3	16.9	16.9	1736200.0
2016-10-28	16.7	16.2	17.0	16.5	1333300.0
2016-10-31	16.5	16.2	16.7	16.3	966300.0
2016-11-01	16.3	16.3	17.0	16.8	2107500.0
2016-11-02	16.9	16.4	16.9	16.7	1772600.0
2016-11-03	16.7	16.4	16.8	16.6	552800.0
2016-11-04	16.5	16.2	16.5	16.3	574600.0
2016-11-07	16.2	16.2	16.7	16.4	541200.0
2016-11-08	16.3	16.2	16.5	16.5	324800.0
2016-11-09	16.5	15.8	16.9	16.9	2769300.0
2016-11-10	17.0	16.7	17.3	16.7	2249400.0
2016-11-11	16.7	16.2	16.7	16.3	539600.0
2016-11-14	16.1	15.7	16.2	15.7	872600.0
2016-11-15	15.7	15.7	15.9	15.8	274800.0
2016-11-16	15.9	15.5	16.2	15.6	497900.0
2016-11-17	15.6	15.6	15.8	15.7	83500.0
2016-11-18	15.8	15.4	15.8	15.5	101300.0
2016-11-21	15.5	15.3	15.7	15.3	277200.0
2016-11-22	15.5	15.4	15.6	15.5	330900.0
2016-11-23	15.5	15.4	16.3	15.9	1413900.0
2016-11-24	16.1	15.7	16.1	15.8	263600.0
2016-11-25	15.8	15.7	16.1	16.0	546300.0
2016-11-28	16.2	16.0	16.3	16.1	534000.0
2016-11-29	16.1	15.8	16.2	16.0	141100.0
2016-11-30	16.0	15.8	16.0	15.9	141400.0
2016-12-01	15.9	15.5	16.0	15.5	374700.0
2016-12-02	15.5	15.5	15.8	15.5	171100.0
2016-12-06	15.7	15.6	15.8	15.8	234900.0
2016-12-07	15.8	15.6	15.9	15.7	173700.0
2016-12-08	15.9	15.8	16.3	16.1	815500.0
2016-12-09	16.2	15.8	16.2	15.8	291800.0
2016-12-13	16.0	15.7	16.0	15.8	204200.0
2016-12-14	15.9	15.5	15.9	15.6	145400.0
2016-12-15	15.6	15.5	15.8	15.6	117000.0
2016-12-16	15.7	15.7	16.0	15.8	234800.0
2016-12-19	15.7	15.6	16.0	15.9	109700.0
2016-12-20	16.0	15.5	16.0	15.7	193400.0
2016-12-21	15.6	15.4	15.6	15.5	378300.0
2016-12-22	15.5	14.7	15.5	15.0	1270000.0
2016-12-23	14.9	14.7	14.9	14.7	463300.0
2016-12-26	14.8	14.8	15.6	15.0	2330200.0
2016-12-27	15.0	14.8	15.1	14.8	415000.0
2016-12-28	14.9	14.9	15.2	14.9	475700.0
2016-12-29	15.2	15.0	15.4	15.1	951300.0
2016-12-30	15.1	15.0	15.2	15.0	408600.0
2017-01-04	15.2	14.9	15.2	15.2	320800.0
2017-01-05	15.3	15.1	15.4	15.2	1008500.0
2017-01-06	15.2	15.2	16.0	15.2	1486600.0
2017-01-09	15.4	15.3	15.7	15.5	631700.0
2017-01-10	15.5	15.4	15.7	15.4	436000.0
2017-01-11	15.5	14.8	15.5	14.8	1709800.0
2017-01-12	15.0	14.8	15.1	14.8	1029300.0
2017-01-13	14.9	14.8	15.0	14.9	509600.0
2017-01-16	15.0	14.9	15.3	14.9	1224900.0
2017-01-17	15.0	14.9	15.2	14.9	1189200.0
2017-01-18	15.0	14.8	15.0	14.8	678200.0
2017-01-19	14.8	14.4	14.9	14.5	1631600.0
2017-01-20	14.5	14.4	14.6	14.5	906500.0
2017-01-23	14.5	14.4	14.6	14.5	800900.0
2017-01-24	14.5	14.5	14.8	14.5	788400.0
2017-01-25	14.6	14.5	14.7	14.6	434100.0
2017-01-26	14.6	14.5	14.6	14.6	96900.0
2017-01-27	14.6	14.6	14.9	14.7	461400.0
2017-01-30	14.9	14.8	15.0	14.8	215100.0
2017-01-31	14.9	14.6	14.9	14.6	169300.0
2017-02-01	14.6	14.5	14.7	14.5	232300.0
2017-02-02	14.6	14.5	14.9	14.7	474300.0
2017-02-03	14.8	14.6	14.8	14.6	247500.0
2017-02-06	14.7	14.6	15.0	14.8	805800.0
2017-02-07	15.0	14.6	15.0	14.6	538500.0
2017-02-08	14.7	14.7	15.1	14.8	2057900.0
2017-02-09	14.9	14.9	15.6	15.5	5721800.0
2017-02-10	15.7	15.3	15.7	15.4	3771500.0
2017-02-14	15.6	14.9	15.6	14.9	1109100.0
2017-02-15	14.9	14.7	15.0	14.9	456400.0
2017-02-16	15.0	14.8	15.0	14.8	217700.0
2017-02-17	15.0	14.8	15.1	15.0	432900.0
2017-02-20	15.2	14.8	15.2	14.8	254500.0
2017-02-21	14.8	14.7	14.9	14.7	167900.0
2017-02-22	14.7	14.7	14.8	14.8	125700.0
2017-02-23	14.8	14.5	14.8	14.6	280700.0
2017-02-24	14.6	14.6	14.8	14.6	57600.0
2017-02-27	14.8	14.7	15.2	15.1	1575600.0
2017-02-28	15.1	15.0	15.2	15.1	591100.0
2017-03-01	15.1	14.7	15.1	14.7	1053000.0
2017-03-02	14.7	14.6	14.7	14.7	896800.0
2017-03-03	14.7	14.6	14.7	14.7	207000.0
2017-03-06	14.7	14.4	14.7	14.5	1061000.0
2017-03-07	14.5	14.3	14.5	14.4	665000.0
2017-03-08	14.3	14.1	14.4	14.2	447600.0
2017-03-09	14.2	14.2	14.4	14.3	147500.0
2017-03-10	14.3	14.2	14.4	14.3	165800.0
2017-03-13	14.3	14.2	14.3	14.3	209200.0
2017-03-14	14.3	14.2	14.4	14.4	212800.0
2017-03-15	14.4	14.2	14.4	14.3	259500.0
2017-03-16	14.3	14.3	14.5	14.4	252800.0
2017-03-17	14.5	14.3	14.6	14.4	192700.0
2017-03-20	14.4	14.2	14.6	14.6	652900.0
2017-03-21	14.6	14.4	14.7	14.7	469900.0
2017-03-22	14.6	14.5	14.6	14.6	156700.0
2017-03-23	14.6	14.5	14.6	14.5	64600.0
2017-03-24	14.5	14.4	14.6	14.5	49800.0
2017-03-27	14.4	14.4	14.5	14.5	349700.0
2017-03-28	14.5	14.5	14.7	14.7	630500.0
2017-03-29	14.8	14.5	14.8	14.7	174700.0
2017-03-30	14.7	14.5	14.7	14.5	184600.0
2017-03-31	14.5	14.5	14.7	14.6	36500.0
2017-04-03	14.7	14.6	14.7	14.6	212200.0
2017-04-04	14.6	14.6	14.7	14.6	114800.0
2017-04-05	14.7	14.6	14.7	14.6	346000.0
2017-04-07	14.6	14.6	14.9	14.8	179400.0
2017-04-10	14.8	14.7	14.9	14.7	414800.0
2017-04-11	14.8	14.7	14.8	14.8	105600.0
2017-04-12	14.8	14.7	14.8	14.8	218500.0
2017-04-17	14.7	14.6	14.8	14.6	340300.0
2017-04-18	14.6	14.6	14.8	14.8	176300.0
2017-04-19	14.8	14.7	14.8	14.7	245500.0
2017-04-20	14.7	14.6	14.7	14.6	156400.0
2017-04-21	14.7	14.7	14.8	14.7	141100.0
2017-04-24	14.8	14.7	14.8	14.7	112200.0
2017-04-25	14.7	14.5	14.7	14.6	412500.0
2017-04-26	14.6	14.6	14.8	14.7	325300.0
2017-04-27	14.7	14.6	14.8	14.6	483100.0
2017-04-28	14.0	14.0	14.3	14.2	290400.0
2017-05-02	14.1	14.1	14.3	14.1	180200.0
2017-05-03	14.1	14.1	14.2	14.2	91600.0
2017-05-04	14.2	14.2	14.4	14.3	125900.0
2017-05-05	14.4	14.2	14.4	14.2	62300.0
2017-05-08	14.2	14.2	14.3	14.2	85000.0
2017-05-09	14.2	14.1	14.3	14.1	55900.0
2017-05-11	14.1	13.7	14.2	13.7	307700.0
2017-05-12	13.8	13.7	13.9	13.8	150300.0
2017-05-15	13.8	13.7	14.1	13.9	291500.0
2017-05-16	12.9	12.8	13.5	13.4	536600.0
2017-05-17	13.5	13.3	13.5	13.5	504800.0
2017-05-18	13.5	13.4	13.6	13.4	54300.0
2017-05-19	13.4	13.4	13.6	13.5	100100.0
2017-05-22	13.7	13.5	13.7	13.6	130400.0
2017-05-23	13.8	13.6	13.8	13.6	269000.0
2017-05-24	13.6	13.6	13.7	13.7	92700.0
2017-05-25	13.7	13.5	13.7	13.5	193400.0
2017-05-26	13.6	13.6	13.8	13.8	104300.0
2017-05-29	13.8	13.7	14.3	14.3	491000.0
2017-05-30	14.3	13.9	14.3	14.0	574200.0
2017-05-31	14.0	13.8	14.1	13.9	95900.0
2017-06-01	13.9	13.9	14.1	13.9	57300.0
2017-06-02	13.9	13.8	14.0	14.0	163600.0
2017-06-05	14.0	13.9	14.0	14.0	111100.0
2017-06-06	14.1	14.0	14.1	14.0	77400.0
2017-06-07	14.1	14.0	14.2	14.2	78600.0
2017-06-08	14.2	14.1	14.6	14.5	1607000.0
2017-06-09	14.5	14.2	14.5	14.2	145400.0
2017-06-12	14.2	14.0	14.2	14.0	79400.0
2017-06-13	14.0	14.0	14.1	14.0	86500.0
2017-06-14	14.0	13.9	14.1	14.1	199600.0
2017-06-15	14.1	14.0	14.1	14.0	177300.0
2017-06-16	14.1	14.0	14.1	14.0	120300.0
2017-06-19	14.1	13.9	14.1	14.0	120700.0
2017-06-20	14.0	14.0	14.1	14.0	33400.0
2017-06-21	13.9	13.9	14.0	13.9	29600.0
2017-06-22	13.9	13.9	14.3	14.0	600600.0
2017-06-23	14.1	14.0	14.2	14.0	663700.0
2017-06-26	14.1	14.0	14.2	14.1	376800.0
2017-06-27	14.1	14.1	14.1	14.1	145700.0
2017-06-28	14.2	14.1	14.2	14.1	319100.0
2017-06-29	14.1	14.0	14.2	14.0	15500.0
2017-06-30	14.0	13.9	14.0	14.0	87300.0
2017-07-03	14.0	13.9	14.0	13.9	57600.0
2017-07-04	13.8	13.8	14.0	13.8	50400.0
2017-07-05	13.8	13.8	13.8	13.8	78200.0
2017-07-06	13.8	13.7	13.8	13.8	104200.0
2017-07-07	13.8	13.8	13.9	13.8	8200.0
2017-07-11	13.8	13.7	13.9	13.7	31700.0
2017-07-12	13.8	13.7	13.8	13.8	14800.0
2017-07-13	13.7	13.7	13.9	13.9	25000.0
2017-07-14	13.8	13.8	13.9	13.8	41200.0
2017-07-17	13.9	13.7	13.9	13.8	19300.0
2017-07-18	13.7	13.7	13.9	13.9	54700.0
2017-07-19	13.8	13.7	13.8	13.8	39500.0
2017-07-20	13.7	13.7	13.8	13.7	67800.0
2017-07-21	13.7	13.5	13.8	13.6	148600.0
2017-07-24	13.6	13.5	13.6	13.6	77200.0
2017-07-25	13.6	13.5	13.7	13.5	79300.0
2017-07-26	13.6	13.6	13.8	13.7	48100.0
2017-07-27	13.8	13.5	13.8	13.6	36100.0
2017-07-31	13.6	13.5	13.6	13.6	58600.0
2017-08-01	13.6	13.4	13.6	13.6	70300.0
2017-08-02	13.6	13.5	13.6	13.5	11600.0
2017-08-03	13.5	13.5	13.6	13.5	43600.0
2017-08-04	13.5	13.5	13.6	13.6	33500.0
2017-08-07	13.6	13.4	13.6	13.4	58500.0
2017-08-08	13.5	13.3	13.5	13.3	97200.0
2017-08-09	13.3	13.0	13.4	13.0	405100.0
2017-08-10	13.0	12.9	13.1	13.0	92900.0
2017-08-11	13.0	12.8	13.0	12.8	307400.0
2017-08-15	12.5	12.3	12.7	12.4	819700.0
2017-08-16	12.4	11.9	12.5	12.0	809900.0
2017-08-17	12.1	11.6	12.1	11.8	373200.0
2017-08-18	11.8	11.7	11.9	11.7	411800.0
2017-08-21	11.7	11.6	11.8	11.6	336300.0
2017-08-22	11.7	11.3	11.7	11.3	643600.0
2017-08-23	11.3	11.3	11.4	11.4	208300.0
2017-08-24	11.5	11.5	11.6	11.6	168300.0
2017-08-25	11.6	11.5	11.6	11.6	29300.0
2017-08-28	11.6	11.5	11.7	11.6	49300.0
2017-08-29	11.6	11.6	12.1	12.1	492000.0
2017-08-30	12.1	11.9	12.1	11.9	90900.0
2017-08-31	11.9	11.9	12.1	12.0	126200.0
2017-09-01	12.1	12.1	12.7	12.3	682700.0
2017-09-04	12.3	12.2	12.4	12.4	105100.0
2017-09-05	12.4	12.3	12.5	12.3	154300.0
2017-09-06	12.3	12.2	12.5	12.5	245100.0
2017-09-07	12.5	12.5	12.8	12.5	277600.0
2017-09-08	12.7	12.5	12.7	12.5	147800.0
2017-09-11	12.5	12.5	12.8	12.8	300500.0
2017-09-12	12.9	12.8	13.1	12.9	296200.0
2017-09-13	13.2	12.8	13.2	13.0	159200.0
2017-09-14	13.2	12.9	13.2	13.1	189300.0
2017-09-15	13.2	12.9	13.2	13.1	66400.0
2017-09-18	13.0	12.8	13.1	13.0	160700.0
2017-09-19	12.9	12.8	13.0	13.0	71100.0
2017-09-20	13.0	12.8	13.0	12.9	78200.0
2017-09-21	12.8	12.7	12.9	12.9	114000.0
2017-09-22	12.7	12.6	12.9	12.7	60900.0
2017-09-25	12.9	12.7	12.9	12.8	43800.0
2017-09-26	12.8	12.8	13.1	13.0	405300.0
2017-09-27	12.9	12.8	13.1	13.1	67800.0
2017-09-28	13.1	12.9	13.2	13.1	97000.0
2017-09-29	13.0	12.8	13.0	12.8	90600.0
2017-10-02	13.1	12.7	13.1	12.8	359100.0
2017-10-03	13.0	12.7	13.0	12.8	40600.0
2017-10-04	12.8	12.8	13.1	13.0	253000.0
2017-10-05	13.1	13.0	13.1	13.0	72600.0
2017-10-06	13.0	13.0	13.1	13.1	89600.0
2017-10-09	13.1	12.9	13.1	13.0	98200.0
2017-10-10	12.9	12.8	13.1	12.9	49100.0
2017-10-11	12.9	12.7	12.9	12.9	141100.0
2017-10-12	12.9	12.8	13.1	12.9	145800.0
2017-10-16	12.9	12.7	13.1	12.9	234200.0
2017-10-17	12.8	12.6	13.2	13.0	555700.0
2017-10-18	13.2	12.6	13.2	12.9	522300.0
2017-10-19	12.8	12.5	12.8	12.7	327600.0
2017-10-20	12.7	12.7	12.8	12.8	82600.0
2017-10-24	12.7	12.2	12.8	12.4	470500.0
2017-10-25	12.3	12.0	12.4	12.2	850200.0
2017-10-27	12.2	12.1	12.3	12.2	341400.0
2017-10-30	12.1	11.9	12.2	11.9	211300.0
2017-10-31	12.0	11.9	12.3	11.9	490000.0
2017-11-01	12.0	11.9	12.1	12.0	256300.0
2017-11-02	12.0	11.8	12.2	12.0	280400.0
2017-11-03	11.9	11.7	11.9	11.9	314900.0
2017-11-06	11.8	11.7	11.9	11.9	433900.0
2017-11-07	11.9	11.8	12.0	11.9	168400.0
2017-11-08	12.0	11.8	12.0	12.0	172000.0
2017-11-09	11.9	11.8	11.9	11.9	123200.0
2017-11-10	11.8	11.7	11.9	11.8	148000.0
2017-11-13	11.7	11.6	11.8	11.7	149600.0
2017-11-14	11.6	11.6	12.0	11.8	190900.0
2017-11-15	11.8	11.8	11.9	11.8	202300.0
2017-11-16	11.8	11.7	11.9	11.8	203400.0
2017-11-17	11.7	11.7	12.0	12.0	81600.0
2017-11-20	11.9	11.9	12.6	12.3	431500.0
2017-11-21	12.2	12.0	12.3	12.2	56500.0
2017-11-22	12.0	11.9	12.2	12.0	182900.0
2017-11-23	12.0	11.9	12.1	12.0	38300.0
2017-11-24	12.0	11.6	12.0	11.6	214100.0
2017-11-27	11.7	11.7	11.8	11.8	72300.0
2017-11-28	11.8	11.8	11.9	11.9	31500.0
2017-11-29	11.9	11.8	11.9	11.9	12100.0
2017-11-30	11.8	11.7	11.9	11.8	38400.0
2017-12-01	11.7	11.6	11.8	11.7	214700.0
2017-12-04	11.8	11.6	11.9	11.8	229600.0
2017-12-06	11.7	11.6	11.9	11.8	140400.0
2017-12-07	11.8	11.5	11.8	11.7	169100.0
2017-12-08	11.6	11.6	11.9	11.7	53900.0
2017-12-12	11.7	11.5	11.9	11.7	293800.0
2017-12-13	11.6	11.6	11.9	11.9	70400.0
2017-12-14	11.9	11.6	12.0	12.0	144200.0
2017-12-15	11.9	11.7	11.9	11.9	91600.0
2017-12-18	11.8	11.5	11.9	11.7	213400.0
2017-12-19	11.7	11.5	11.8	11.7	143200.0
2017-12-20	11.7	11.6	11.8	11.8	89900.0
2017-12-21	11.8	11.6	11.8	11.8	82000.0
2017-12-22	11.7	11.6	11.8	11.6	17500.0
2017-12-25	11.7	11.6	11.7	11.7	68400.0
2017-12-26	11.7	11.6	12.0	12.0	77900.0
2017-12-27	11.8	11.7	11.8	11.8	7700.0
2017-12-28	11.8	11.6	11.9	11.8	127700.0
2017-12-29	11.7	11.6	12.2	12.2	392200.0
2018-01-03	12.0	11.9	12.1	12.0	64000.0
2018-01-04	12.0	11.7	12.0	12.0	139800.0
2018-01-05	12.0	11.7	12.0	11.8	80400.0
2018-01-08	11.7	11.6	11.8	11.6	224300.0
2018-01-09	11.6	11.5	11.8	11.6	410300.0
2018-01-10	11.8	11.5	11.8	11.6	154500.0
2018-01-11	11.6	11.6	11.7	11.7	193500.0
2018-01-12	11.8	11.5	11.8	11.6	233700.0
2018-01-15	11.6	11.6	11.7	11.6	46900.0
2018-01-16	11.6	11.4	11.6	11.6	207300.0
2018-01-17	11.5	11.4	11.6	11.6	216200.0
2018-01-18	11.5	11.3	11.5	11.5	537000.0
2018-01-19	11.4	11.0	11.4	11.0	804800.0
2018-01-22	11.0	11.0	11.4	11.4	126700.0
2018-01-23	11.3	11.0	11.3	11.3	393900.0
2018-01-24	11.3	11.0	11.3	11.1	359000.0
2018-01-25	11.1	11.0	11.2	11.1	67800.0
2018-01-26	11.2	11.1	11.3	11.1	81000.0
2018-01-29	11.2	11.2	11.3	11.3	26900.0
2018-01-30	11.3	11.0	11.3	11.1	143200.0
2018-01-31	11.2	11.1	11.3	11.2	33200.0
2018-02-01	11.1	11.0	11.2	11.2	68000.0
2018-02-02	11.2	11.2	11.3	11.2	117400.0
2018-02-05	11.2	11.2	11.4	11.3	93000.0
2018-02-06	11.2	11.1	11.4	11.3	187800.0
2018-02-07	11.2	11.2	11.4	11.3	100800.0
2018-02-08	11.3	11.2	11.3	11.3	18000.0
2018-02-09	11.2	11.0	11.3	11.3	485800.0
2018-02-12	11.2	11.1	11.3	11.3	77600.0
2018-02-13	11.3	11.1	11.3	11.2	34900.0
2018-02-14	11.2	11.2	11.3	11.3	14400.0
2018-02-15	11.3	11.0	11.3	11.1	158800.0
2018-02-16	11.1	11.1	11.2	11.1	11200.0
2018-02-19	11.1	11.0	11.2	11.0	22200.0
2018-02-20	11.2	11.0	11.2	11.2	370500.0
2018-02-21	11.0	10.8	11.1	10.8	238200.0
2018-02-22	10.9	10.7	11.0	10.7	135700.0
2018-02-23	10.7	10.6	10.7	10.7	61600.0
2018-02-26	10.6	10.6	10.8	10.8	156600.0
2018-02-27	10.7	10.5	10.7	10.5	98500.0
2018-02-28	10.6	10.6	10.8	10.6	85600.0
2018-03-02	10.6	10.6	10.7	10.7	34500.0
2018-03-05	10.6	10.3	10.7	10.3	218000.0
2018-03-06	10.4	10.3	10.5	10.5	95100.0
2018-03-07	10.5	10.1	10.5	10.1	107700.0
2018-03-08	10.1	9.8	10.3	9.9	307600.0
2018-03-09	9.8	9.65	9.9	9.8	177600.0
2018-03-12	9.8	9.8	10.1	9.95	190800.0
2018-03-13	9.9	9.9	10.3	10.2	191900.0
2018-03-14	10.2	10.2	10.7	10.7	323700.0
2018-03-15	10.7	10.5	11.1	11.1	227900.0
2018-03-16	11.0	11.0	11.6	11.6	440500.0
2018-03-19	11.6	11.4	11.7	11.6	259200.0
2018-03-20	11.2	11.2	11.4	11.4	168900.0
2018-03-21	11.5	11.3	11.5	11.4	163100.0
2018-03-22	11.3	11.2	11.4	11.3	161000.0
2018-03-23	11.2	11.2	12.3	11.9	1210200.0
2018-03-26	11.9	11.8	12.6	12.6	1786900.0
2018-03-27	12.6	12.4	13.0	12.7	1103500.0
2018-03-28	12.7	12.5	12.7	12.7	475300.0
2018-03-29	12.7	12.3	12.7	12.7	430300.0
2018-03-30	12.5	12.3	13.2	13.2	1151100.0
2018-04-02	13.0	12.5	13.0	12.6	197500.0
2018-04-03	12.6	12.3	12.7	12.3	112300.0
2018-04-04	12.2	11.6	12.3	11.8	354200.0
2018-04-05	11.5	11.5	12.0	11.7	55500.0
2018-04-09	11.7	11.7	12.1	12.0	47200.0
2018-04-10	12.3	12.0	12.3	12.1	39800.0
2018-04-11	12.3	12.1	12.3	12.2	62400.0
2018-04-12	12.1	12.1	12.1	12.1	600.0
2018-04-17	12.0	11.8	12.1	11.8	61000.0
2018-04-18	11.8	11.8	12.2	12.0	40500.0
2018-04-19	12.0	11.8	12.1	12.1	20900.0
2018-04-20	12.0	12.0	12.1	12.0	5300.0
2018-04-23	12.0	11.9	12.1	11.9	80400.0
2018-04-24	11.9	11.8	11.9	11.9	17300.0
2018-04-25	11.9	11.8	12.0	12.0	6800.0
2018-04-26	11.9	11.8	12.0	12.0	74400.0
2018-04-27	11.9	11.8	11.9	11.9	36200.0
2018-04-30	11.9	11.7	11.9	11.9	49400.0
2018-05-02	11.8	11.7	11.8	11.8	17400.0
2018-05-03	11.7	11.7	11.8	11.8	71600.0
2018-05-04	11.8	11.7	11.8	11.7	99700.0
2018-05-07	11.4	11.2	11.5	11.2	65400.0
2018-05-08	11.2	11.1	11.3	11.3	57700.0
2018-05-09	11.2	11.0	11.2	11.1	22600.0
2018-05-10	11.0	11.0	11.2	11.2	4500.0
2018-05-11	11.0	11.0	11.2	11.2	14400.0
2018-05-14	10.8	10.5	10.9	10.8	175400.0
2018-05-15	10.6	10.5	10.7	10.6	122600.0
2018-05-16	10.6	10.5	10.8	10.7	57900.0
2018-05-17	10.8	10.7	10.8	10.8	66000.0
2018-05-18	10.8	10.6	10.8	10.7	17300.0
2018-05-21	10.6	10.5	10.7	10.6	66600.0
2018-05-22	10.6	10.5	10.7	10.6	68900.0
2018-05-23	10.5	10.5	10.6	10.6	74600.0
2018-05-24	10.6	10.3	10.6	10.5	53700.0
2018-05-25	10.5	10.1	10.5	10.2	128200.0
2018-05-28	10.2	10.0	10.2	10.2	11600.0
2018-05-30	10.0	10.0	10.1	10.1	186400.0
2018-05-31	10.1	9.95	10.1	10.1	30400.0
2018-06-01	10.0	9.9	10.1	10.1	32600.0
2018-06-04	10.1	10.0	10.2	10.0	8200.0
2018-06-05	10.0	9.8	10.1	9.95	84000.0
2018-06-06	9.9	9.9	10.0	10.0	14200.0
2018-06-07	9.95	9.7	10.0	9.75	127000.0
2018-06-08	9.7	9.7	9.9	9.85	15900.0
2018-06-11	9.8	9.75	9.85	9.85	18200.0
2018-06-12	9.8	9.8	9.85	9.85	47700.0
2018-06-13	9.85	9.8	9.85	9.8	7200.0
2018-06-14	9.8	9.7	9.8	9.75	20600.0
2018-06-15	9.75	9.65	9.8	9.65	46400.0
2018-06-18	9.6	9.45	9.6	9.5	135200.0
2018-06-19	9.45	9.1	9.45	9.2	265600.0
2018-06-20	9.2	9.1	9.2	9.15	49400.0
2018-06-21	9.1	8.8	9.1	8.8	187400.0
2018-06-22	8.85	8.8	8.85	8.8	82500.0
2018-06-25	8.8	8.6	8.8	8.6	66800.0
2018-06-26	8.55	8.4	8.55	8.5	54800.0
2018-06-27	8.45	8.4	8.5	8.4	29700.0
2018-06-28	8.4	8.25	9.0	8.25	100600.0
2018-06-29	8.25	8.1	8.25	8.25	101600.0
2018-07-02	8.1	8.1	8.2	8.15	6600.0
2018-07-03	8.5	8.2	8.9	8.25	6800.0
2018-07-04	8.2	8.15	8.35	8.35	4800.0
2018-07-05	8.2	8.15	8.2	8.15	3000.0
2018-07-06	8.15	8.1	8.15	8.1	30000.0
2018-07-09	8.1	8.1	8.15	8.15	400.0
2018-07-10	8.1	8.1	8.25	8.15	7000.0
2018-07-11	8.15	8.15	8.25	8.25	34300.0
2018-07-12	8.25	8.2	8.25	8.2	5600.0
2018-07-13	8.2	8.15	8.4	8.25	52300.0
2018-07-16	8.3	8.1	8.3	8.25	37600.0
2018-07-17	8.2	8.2	8.25	8.25	29500.0
2018-07-18	8.25	8.2	8.3	8.3	400.0
2018-07-19	8.25	8.2	8.25	8.25	5300.0
2018-07-20	8.25	8.25	8.3	8.25	3700.0
2018-07-23	8.25	8.25	8.4	8.3	22700.0
2018-07-24	8.4	8.3	8.4	8.3	30300.0
2018-07-25	8.35	8.3	8.35	8.3	18000.0
2018-07-26	8.4	8.25	8.4	8.3	36800.0
2018-07-31	8.3	8.3	8.3	8.3	12200.0
2018-08-01	8.3	8.3	8.4	8.3	37600.0
2018-08-02	8.35	8.25	8.4	8.35	125800.0
2018-08-03	8.35	8.35	8.4	8.4	76400.0
2018-08-06	8.4	8.3	8.4	8.3	11700.0
2018-08-07	8.4	8.35	8.4	8.35	16500.0
2018-08-08	8.35	8.25	8.35	8.3	28900.0
2018-08-09	8.3	8.25	8.35	8.35	18600.0
2018-08-10	8.3	8.25	8.35	8.35	1100.0
2018-08-14	8.25	8.25	8.4	8.35	10800.0
2018-08-15	8.35	8.15	8.35	8.35	3100.0
2018-08-16	8.25	8.25	8.3	8.3	1500.0
2018-08-17	8.35	8.2	8.35	8.35	27900.0
2018-08-20	8.3	8.3	8.35	8.35	400.0
2018-08-21	8.3	8.25	8.3	8.25	17700.0
2018-08-22	8.2	8.2	8.3	8.3	3200.0
2018-08-23	8.3	8.3	8.3	8.3	800.0
2018-08-24	8.3	8.25	8.3	8.3	1800.0
2018-08-27	8.25	8.25	8.5	8.4	2300.0
2018-08-28	8.25	8.0	8.35	8.3	40100.0
2018-08-29	8.25	8.2	8.35	8.2	7400.0
2018-08-30	8.25	8.2	8.25	8.2	20500.0
2018-08-31	8.25	8.2	8.3	8.3	19700.0
2018-09-03	8.3	8.2	8.3	8.2	7700.0
2018-09-04	8.2	8.2	8.25	8.25	86200.0
2018-09-05	8.25	8.1	8.25	8.1	29900.0
2018-09-06	8.1	8.1	8.25	8.25	56900.0
2018-09-07	8.2	8.1	8.2	8.1	5200.0
2018-09-10	8.1	8.1	8.15	8.15	3200.0
2018-09-11	8.2	8.1	8.25	8.2	24000.0
2018-09-12	8.2	8.0	8.2	8.0	278100.0
2018-09-13	8.05	8.05	8.15	8.05	31400.0
2018-09-14	8.15	8.15	8.15	8.15	4100.0
2018-09-17	8.15	8.1	8.15	8.1	1700.0
2018-09-18	8.15	8.1	8.2	8.2	21800.0
2018-09-19	8.2	8.2	8.3	8.2	31100.0
2018-09-20	8.15	8.1	8.2	8.2	26100.0
2018-09-21	8.15	8.1	8.15	8.15	14500.0
2018-09-24	8.15	8.1	8.15	8.15	26200.0
2018-09-25	8.15	8.1	8.2	8.15	46500.0
2018-09-26	8.15	8.1	8.15	8.15	3700.0
2018-09-27	8.15	8.1	8.25	8.15	29200.0
2018-09-28	8.1	8.1	8.35	8.2	142600.0
2018-10-01	8.2	8.2	8.25	8.2	53600.0
2018-10-02	8.2	8.15	8.25	8.15	17000.0
2018-10-03	8.2	8.15	8.4	8.2	36700.0
2018-10-04	8.2	8.0	8.2	8.15	74100.0
2018-10-05	8.05	8.05	8.25	8.15	35900.0
2018-10-08	8.15	8.0	8.15	8.0	68100.0
2018-10-09	8.1	8.0	8.1	8.0	62000.0
2018-10-10	8.05	8.05	8.05	8.05	7400.0
2018-10-11	8.05	7.95	8.05	7.95	44800.0
2018-10-12	8.0	8.0	8.05	8.05	11200.0
2018-10-16	8.1	8.05	8.1	8.05	6300.0
2018-10-17	8.1	8.0	8.1	8.0	17900.0
2018-10-18	8.0	8.0	8.05	8.05	10800.0
2018-10-19	8.1	7.95	8.1	8.0	18200.0
2018-10-22	8.0	7.95	8.0	8.0	30300.0
2018-10-24	8.0	7.95	8.0	8.0	29800.0
2018-10-25	7.9	7.9	8.0	7.95	2600.0
2018-10-26	7.95	7.9	8.05	7.95	21500.0
2018-10-29	7.95	7.9	8.0	7.9	18200.0
2018-10-30	8.0	8.0	8.05	8.0	1100.0
2018-10-31	8.0	7.95	8.05	8.05	4000.0
2018-11-01	8.0	8.0	8.15	8.1	28500.0
2018-11-02	8.15	8.05	8.15	8.15	7700.0
2018-11-05	8.0	8.0	8.15	8.15	3600.0
2018-11-06	8.0	7.95	8.15	8.0	15000.0
2018-11-07	8.05	8.0	8.05	8.05	42300.0
2018-11-08	8.05	8.0	8.05	8.05	4700.0
2018-11-09	8.05	7.9	8.05	7.9	15700.0
2018-11-12	7.85	7.45	7.85	7.6	91300.0
2018-11-13	7.6	7.2	7.6	7.5	45000.0
2018-11-14	7.45	7.2	7.45	7.35	25300.0
2018-11-15	7.35	7.0	7.45	7.1	56100.0
2018-11-16	7.0	6.3	7.0	6.9	196100.0
2018-11-19	6.8	5.75	6.8	6.7	260300.0
2018-11-20	6.6	6.5	7.05	7.05	35900.0
2018-11-21	7.05	7.0	7.35	7.1	85900.0
2018-11-22	7.3	7.15	7.65	7.55	91400.0
2018-11-23	7.5	7.3	7.6	7.5	6900.0
2018-11-26	7.3	7.2	7.55	7.4	23400.0
2018-11-27	7.2	7.05	7.55	7.3	41900.0
2018-11-28	7.5	7.4	7.65	7.5	24600.0
2018-11-29	7.5	7.35	7.5	7.35	20700.0
2018-11-30	7.35	7.35	7.65	7.65	1300.0
2018-12-03	7.55	7.45	7.6	7.55	100800.0
2018-12-04	7.35	7.25	7.55	7.55	12200.0
2018-12-06	7.5	7.25	7.5	7.35	26900.0
2018-12-07	7.55	7.25	7.55	7.4	3400.0
2018-12-11	7.2	7.2	7.3	7.3	20600.0
2018-12-12	7.2	7.2	7.4	7.4	3200.0
2018-12-13	7.1	7.0	7.4	7.2	29100.0
2018-12-14	6.75	6.7	7.15	6.7	152100.0
2018-12-17	6.7	6.55	6.95	6.85	18800.0
2018-12-18	6.8	6.55	6.9	6.55	16100.0
2018-12-19	6.55	6.4	6.55	6.55	8700.0
2018-12-20	6.5	6.2	6.5	6.35	49200.0
2018-12-21	6.3	6.0	6.3	6.25	16900.0
2018-12-24	6.25	6.2	6.6	6.2	34000.0
2018-12-25	6.05	5.85	6.1	5.9	119500.0
2018-12-26	5.9	5.9	6.0	5.95	19600.0
2018-12-27	5.95	5.9	6.1	5.95	28800.0
2018-12-28	6.0	5.95	6.0	5.95	2500.0
2019-01-02	5.95	5.85	6.0	6.0	4900.0
2019-01-03	6.0	5.95	6.0	6.0	300.0
2019-01-04	5.9	5.9	6.0	6.0	8300.0
2019-01-07	6.05	6.05	6.1	6.1	200.0
2019-01-08	6.1	6.1	6.1	6.1	700.0
2019-01-09	6.1	6.0	6.1	6.0	1100.0
2019-01-10	6.05	6.0	6.05	6.0	4600.0
2019-01-11	6.0	6.0	6.05	6.0	10100.0
2019-01-14	6.0	5.85	6.1	5.85	26100.0
2019-01-15	5.8	5.75	5.8	5.75	12700.0
2019-01-16	5.8	5.8	5.8	5.8	500.0
2019-01-17	5.75	5.55	5.75	5.55	52100.0
2019-01-18	5.65	5.55	5.75	5.55	28300.0
2019-01-21	5.55	5.5	5.55	5.5	11500.0
2019-01-22	5.55	5.5	5.8	5.5	14500.0
2019-01-23	5.5	5.3	5.5	5.3	50100.0
2019-01-24	5.4	5.2	5.55	5.35	42000.0
2019-01-25	5.35	5.2	5.45	5.2	50500.0
2019-01-28	5.25	5.25	5.35	5.35	8200.0
2019-01-29	5.4	5.1	5.4	5.15	166700.0
2019-01-30	5.2	5.15	5.25	5.15	26100.0
2019-01-31	5.15	5.15	5.25	5.15	22400.0
2019-02-01	5.2	5.15	5.2	5.2	7700.0
2019-02-04	5.2	5.15	5.25	5.15	16100.0
2019-02-05	5.25	5.05	5.25	5.1	98100.0
2019-02-06	5.15	5.1	5.6	5.35	346200.0
2019-02-07	5.4	5.4	5.6	5.45	154900.0
2019-02-08	5.55	5.4	5.55	5.55	127900.0
2019-02-11	5.55	5.35	5.55	5.4	42500.0
2019-02-12	5.35	5.35	5.6	5.4	21100.0
2019-02-13	5.5	5.5	5.6	5.6	14300.0
2019-02-14	5.7	5.55	5.7	5.6	24100.0
2019-02-15	5.55	5.5	5.55	5.5	12300.0
2019-02-18	5.45	5.3	5.5	5.35	28400.0
2019-02-20	5.4	5.35	5.6	5.35	43800.0
2019-02-21	5.4	5.35	5.4	5.35	11300.0
2019-02-22	5.35	5.25	5.5	5.35	54000.0
2019-02-25	5.35	5.2	5.55	5.5	185300.0
2019-02-26	5.45	5.4	5.5	5.4	3100.0
2019-02-27	5.4	5.4	5.55	5.55	9400.0
2019-02-28	5.55	5.4	5.55	5.4	24000.0
2019-03-01	5.45	5.45	5.45	5.45	5000.0
2019-03-04	5.4	5.3	5.5	5.3	13400.0
2019-03-05	5.25	5.1	5.45	5.45	76400.0
2019-03-06	5.35	5.35	5.5	5.35	2900.0
2019-03-07	5.4	5.3	5.45	5.45	7100.0
2019-03-08	5.3	5.3	5.4	5.35	800.0
2019-03-11	5.5	5.25	5.5	5.25	11800.0
2019-03-12	5.3	5.3	5.4	5.3	26400.0
2019-03-13	5.4	5.3	5.4	5.35	29900.0
2019-03-14	5.35	5.1	5.35	5.3	21000.0
2019-03-15	5.25	5.25	5.25	5.25	4000.0
2019-03-18	5.25	5.25	5.25	5.25	300.0
2019-03-19	5.15	5.05	5.3	5.3	19200.0
2019-03-20	5.15	5.15	5.25	5.2	13500.0
2019-03-21	5.3	5.15	5.3	5.15	3100.0
2019-03-22	5.15	5.15	5.25	5.15	153400.0
2019-03-25	5.15	5.1	5.25	5.2	157000.0
2019-03-26	5.15	5.1	5.15	5.1	76000.0
2019-03-27	5.1	5.05	5.1	5.1	18100.0
2019-03-28	5.1	5.0	5.15	5.0	155800.0
2019-03-29	5.05	4.98	5.05	4.98	206600.0
2019-04-01	5.0	4.98	5.0	4.98	144100.0
2019-04-02	5.0	4.98	5.0	5.0	57100.0
2019-04-03	5.0	5.0	5.1	5.1	31500.0
2019-04-04	5.05	4.92	5.05	4.94	314300.0
2019-04-05	4.96	4.94	5.05	5.05	93800.0
2019-04-09	4.98	4.98	5.05	5.05	10100.0
2019-04-10	5.05	5.0	5.05	5.0	21800.0
2019-04-11	5.0	4.98	5.1	5.0	7600.0
2019-04-12	5.1	5.0	5.1	5.05	9200.0
2019-04-17	5.05	5.0	5.05	5.0	5000.0
2019-04-18	5.0	4.98	5.1	5.0	126200.0
2019-04-19	5.0	4.98	5.15	4.98	48600.0
2019-04-22	5.0	5.0	5.0	5.0	100.0
2019-04-23	5.0	5.0	5.1	5.1	5400.0
2019-04-24	5.05	5.0	5.1	5.0	120800.0
2019-04-25	5.0	5.0	5.05	5.05	18400.0
2019-04-26	5.0	5.0	5.1	5.0	296900.0
2019-04-29	5.05	5.05	5.1	5.05	177100.0
2019-04-30	5.05	5.0	5.05	5.05	58100.0
2019-05-02	5.05	5.0	5.15	5.1	5400.0
2019-05-03	5.05	4.98	5.05	5.05	12400.0
2019-05-07	5.05	5.0	5.05	5.0	14500.0
2019-05-08	5.05	4.98	5.05	5.05	6700.0
2019-05-09	5.0	5.0	5.05	5.05	2300.0
2019-05-10	5.05	4.98	5.05	5.05	3600.0
2019-05-13	5.05	4.98	5.05	5.05	23500.0
2019-05-14	5.0	5.0	5.05	5.0	28000.0
2019-05-15	5.0	5.0	5.1	5.0	41200.0
2019-05-16	5.0	5.0	5.05	5.0	28300.0
2019-05-17	5.0	4.94	5.0	5.0	14200.0
2019-05-21	4.98	4.96	5.0	4.98	28600.0
2019-05-22	4.96	4.96	4.96	4.96	7500.0
2019-05-23	4.98	4.98	4.98	4.98	500.0
2019-05-27	4.96	4.92	5.0	5.0	21100.0
2019-05-28	4.96	4.96	4.98	4.98	2600.0
2019-05-29	4.96	4.96	5.0	5.0	14700.0
2019-05-30	5.0	5.0	5.0	5.0	2600.0
2019-05-31	5.0	4.98	5.1	4.98	14900.0
2019-06-04	4.96	4.96	5.0	5.0	1600.0
2019-06-05	5.0	5.0	5.05	5.05	51500.0
2019-06-06	5.05	5.0	5.05	5.0	16200.0
2019-06-07	5.0	4.96	5.0	5.0	19600.0
2019-06-10	5.0	4.98	5.05	5.05	29300.0
2019-06-11	5.0	4.9	5.0	4.96	123400.0
2019-06-12	4.94	4.94	5.0	4.96	28700.0
2019-06-13	4.96	4.96	5.0	5.0	2400.0
2019-06-14	5.0	4.94	5.0	4.98	3600.0
2019-06-17	5.0	4.98	5.0	4.98	1500.0
2019-06-18	4.98	4.98	5.0	5.0	200.0
2019-06-19	4.94	4.9	5.0	5.0	84900.0
2019-06-20	4.94	4.94	5.0	4.96	56300.0
2019-06-21	5.0	4.96	5.0	4.98	25500.0
2019-06-24	4.96	4.94	4.98	4.94	27400.0
2019-06-25	4.94	4.9	4.98	4.96	165300.0
2019-06-26	4.98	4.94	4.98	4.98	6600.0
2019-06-27	4.98	4.94	4.98	4.98	7700.0
2019-06-28	4.92	4.92	4.98	4.98	42400.0
2019-07-01	4.98	4.92	5.0	4.96	26900.0
2019-07-02	4.92	4.92	4.98	4.98	22800.0
2019-07-03	4.98	4.96	4.98	4.98	4800.0
2019-07-04	4.96	4.92	4.98	4.94	118600.0
2019-07-05	4.92	4.9	4.96	4.92	102100.0
2019-07-08	4.9	4.9	4.92	4.9	91300.0
2019-07-09	4.94	4.9	4.98	4.9	7800.0
2019-07-10	4.92	4.9	4.96	4.94	10400.0
2019-07-11	4.94	4.94	4.96	4.96	18100.0
2019-07-12	4.96	4.92	4.96	4.96	2300.0
2019-07-15	4.98	4.94	4.98	4.94	7300.0
2019-07-17	4.94	4.9	4.94	4.92	28800.0
2019-07-18	4.92	4.9	4.92	4.92	92700.0
2019-07-19	4.92	4.9	4.94	4.9	10700.0
2019-07-22	4.94	4.9	4.94	4.9	4300.0
2019-07-23	4.88	4.88	4.98	4.92	19400.0
2019-07-24	4.9	4.9	4.94	4.92	3900.0
2019-07-25	4.92	4.92	4.94	4.94	17100.0
2019-07-26	4.94	4.9	4.94	4.94	98400.0
2019-07-30	4.94	4.9	4.94	4.94	16000.0
2019-07-31	4.96	4.9	5.0	4.96	167500.0
2019-08-01	4.94	4.92	4.94	4.92	8700.0
2019-08-02	4.92	4.92	4.94	4.92	13500.0
2019-08-05	4.9	4.9	4.94	4.94	6600.0
2019-08-06	4.9	4.9	4.94	4.94	14500.0
2019-08-07	4.96	4.92	4.98	4.96	25800.0
2019-08-08	4.94	4.94	4.94	4.94	1000.0
2019-08-09	4.94	4.9	4.94	4.92	10700.0
2019-08-13	4.9	4.9	4.96	4.9	9000.0
2019-08-14	4.9	4.9	4.94	4.92	19500.0
2019-08-15	4.9	4.9	4.92	4.92	6100.0
2019-08-16	4.96	4.94	4.96	4.94	10200.0
2019-08-19	4.94	4.94	4.96	4.96	3000.0
2019-08-20	4.96	4.9	5.0	4.94	8600.0
2019-08-21	4.94	4.92	4.94	4.92	3000.0
2019-08-22	4.92	4.92	4.92	4.92	2000.0
2019-08-23	4.92	4.9	4.92	4.92	9200.0
2019-08-26	4.9	4.9	4.92	4.9	13800.0
2019-08-27	4.9	4.9	4.9	4.9	7000.0
2019-08-28	4.9	4.9	4.98	4.98	69300.0
2019-08-29	4.96	4.9	4.98	4.96	59000.0
2019-08-30	4.98	4.88	4.98	4.94	18200.0
2019-09-02	4.94	4.94	4.94	4.94	1200.0
2019-09-03	4.94	4.9	4.94	4.92	13700.0
2019-09-04	4.98	4.98	4.98	4.98	100.0
2019-09-05	4.98	4.9	4.98	4.9	5200.0
2019-09-06	4.88	4.88	4.94	4.94	3900.0
2019-09-09	4.9	4.0	4.9	4.86	56400.0
2019-09-10	4.84	4.72	4.88	4.88	55100.0
2019-09-11	4.82	4.8	4.86	4.86	23200.0
2019-09-12	4.84	4.8	4.86	4.82	27600.0
2019-09-13	4.82	4.82	4.86	4.86	35500.0
2019-09-16	4.82	4.8	4.88	4.86	67700.0
2019-09-17	4.82	4.8	4.86	4.8	114300.0
2019-09-18	4.8	4.8	4.84	4.82	6800.0
2019-09-19	4.82	4.78	4.84	4.84	14100.0
2019-09-20	4.84	4.8	4.84	4.84	6700.0
2019-09-23	4.8	4.76	4.84	4.82	86500.0
2019-09-24	4.8	4.76	4.8	4.8	900.0
2019-09-25	4.76	4.7	4.8	4.8	27400.0
2019-09-26	4.78	4.76	4.82	4.78	14700.0
2019-09-27	4.8	4.74	4.8	4.76	16500.0
2019-09-30	4.72	4.72	4.78	4.76	32100.0
2019-10-01	4.74	4.7	4.76	4.76	3200.0
2019-10-02	4.74	4.74	4.76	4.76	3500.0
2019-10-03	4.7	4.46	4.7	4.58	169800.0
2019-10-04	4.58	4.54	4.58	4.56	12700.0
2019-10-07	4.54	4.26	4.54	4.34	67100.0
2019-10-08	4.32	4.3	4.36	4.3	17700.0
2019-10-09	4.28	4.22	4.3	4.3	13300.0
2019-10-10	4.26	4.2	4.3	4.3	4600.0
2019-10-11	4.2	4.2	4.3	4.3	10400.0
2019-10-15	4.3	4.24	4.3	4.3	4800.0
2019-10-16	4.3	4.28	4.86	4.3	28200.0
2019-10-17	4.28	4.28	4.3	4.3	7300.0
2019-10-18	4.26	4.24	4.3	4.3	3000.0
2019-10-21	4.86	4.26	4.86	4.28	8700.0
2019-10-22	4.26	4.26	4.32	4.3	2600.0
2019-10-24	4.26	4.1	4.26	4.24	35000.0
2019-10-25	4.26	4.2	4.3	4.3	15200.0
2019-10-28	4.3	4.3	4.32	4.3	22800.0
2019-10-29	4.22	4.18	4.32	4.26	11100.0
2019-10-30	4.2	4.2	4.28	4.24	1300.0
2019-10-31	4.28	4.26	4.3	4.28	11500.0
2019-11-01	4.28	4.2	4.28	4.2	5900.0
2019-11-04	4.24	4.2	4.38	4.26	78100.0
2019-11-05	4.2	4.2	4.2	4.2	17800.0
2019-11-06	4.18	4.18	4.24	4.24	7300.0
2019-11-07	4.2	4.16	4.28	4.22	27300.0
2019-11-08	4.24	4.24	4.26	4.26	19400.0
2019-11-11	4.26	4.26	4.3	4.3	22200.0
2019-11-12	4.4	4.2	4.4	4.28	10300.0
2019-11-13	4.2	4.2	4.22	4.2	23100.0
2019-11-14	4.28	4.16	4.8	4.16	50900.0
2019-11-15	4.16	4.16	4.4	4.26	25300.0
2019-11-18	4.2	4.08	4.26	4.24	121700.0
2019-11-19	4.12	4.1	4.18	4.18	94500.0
2019-11-20	4.12	4.08	4.18	4.18	37200.0
2019-11-21	4.12	4.08	4.16	4.16	21700.0
2019-11-22	4.16	3.4	4.2	4.18	53200.0
2019-11-25	4.14	4.14	4.2	4.2	4600.0
2019-11-26	4.3	4.16	4.3	4.18	14800.0
2019-11-27	4.18	4.12	4.24	4.24	66500.0
2019-11-28	4.16	4.16	4.28	4.28	9800.0
2019-11-29	4.28	4.24	4.28	4.24	25100.0
2019-12-02	4.24	4.24	4.24	4.24	7400.0
2019-12-03	4.24	4.24	4.24	4.24	10000.0
2019-12-04	4.18	4.12	4.18	4.12	11300.0
2019-12-06	4.28	4.28	4.3	4.3	600.0
2019-12-11	4.24	4.24	4.24	4.24	200.0
2019-12-12	4.12	4.12	4.24	4.22	3000.0
2019-12-13	4.22	4.22	4.22	4.22	3100.0
2019-12-16	4.2	4.12	4.2	4.2	4800.0
2019-12-20	4.1	4.06	4.2	4.2	37800.0
2019-12-24	4.2	4.0	4.2	4.14	53000.0
2019-12-25	4.04	4.0	4.1	4.1	30100.0
2019-12-26	4.08	4.0	4.18	4.16	248500.0
2019-12-27	4.08	4.0	4.12	4.12	61200.0
2019-12-30	4.02	4.02	4.14	4.12	74500.0
2020-01-02	4.1	4.08	4.12	4.08	30200.0
2020-01-03	4.08	4.08	4.1	4.1	7300.0
2020-01-06	4.06	4.0	4.1	4.08	12800.0
2020-01-07	4.0	3.98	4.06	4.04	72600.0
2020-01-08	4.02	4.0	4.06	4.04	34200.0
2020-01-09	4.0	4.0	4.12	4.1	24400.0
2020-01-10	4.0	4.0	4.18	4.14	43600.0
2020-01-13	4.12	4.1	4.16	4.1	19400.0
2020-01-14	4.1	4.04	4.1	4.04	3800.0
2020-01-15	4.02	4.0	4.12	4.0	64400.0
2020-01-16	4.02	4.0	4.1	4.08	5000.0
2020-01-17	4.02	4.02	4.1	4.08	2900.0
2020-01-20	4.08	4.0	4.08	4.0	600.0
2020-01-21	4.0	3.98	4.0	3.98	5700.0
2020-01-22	3.98	3.98	4.02	4.02	500.0
2020-01-23	3.98	3.98	4.1	4.1	20400.0
2020-01-24	4.0	4.0	4.0	4.0	2100.0
2020-01-27	4.0	3.98	4.0	3.98	6700.0
2020-01-28	3.96	3.9	3.96	3.9	15900.0
2020-01-29	3.96	3.94	3.96	3.94	300.0
2020-01-30	3.94	3.92	3.96	3.96	1500.0
2020-01-31	3.96	3.94	4.0	3.94	2500.0
2020-02-03	3.94	3.94	3.94	3.94	200.0
2020-02-04	3.94	3.92	3.94	3.94	800.0
2020-02-05	3.92	3.92	3.92	3.92	500.0
2020-02-06	3.92	3.82	3.92	3.9	19700.0
2020-02-07	3.88	3.8	3.92	3.86	46300.0
2020-02-11	3.84	3.84	3.94	3.86	32300.0
2020-02-12	3.92	3.86	4.0	3.98	15600.0
2020-02-13	3.84	3.84	3.98	3.98	200.0
2020-02-14	3.98	3.86	3.98	3.96	12500.0
2020-02-17	3.84	3.84	3.96	3.96	300.0
2020-02-19	3.84	3.84	3.94	3.92	10300.0
2020-02-20	3.88	3.8	3.88	3.8	22700.0
2020-02-21	3.8	3.72	3.8	3.8	10200.0
2020-02-24	3.72	3.7	3.9	3.72	3400.0
2020-02-25	3.72	2.66	3.9	3.9	15000.0
2020-02-26	3.6	3.04	3.8	3.78	8400.0
2020-02-27	3.78	3.78	3.9	3.8	3100.0
2020-02-28	3.0	3.0	3.7	3.7	16400.0
2020-03-02	3.1	2.8	3.72	3.72	55200.0
2020-03-03	3.7	3.08	3.9	3.9	154800.0
2020-03-04	3.26	3.16	3.7	3.34	36800.0
2020-03-05	3.34	3.28	3.36	3.34	24800.0
2020-03-06	3.38	3.26	3.4	3.28	14000.0
2020-03-09	3.26	3.1	3.28	3.28	20200.0
2020-03-10	3.22	3.1	3.7	3.7	62100.0
2020-03-11	3.2	3.18	3.64	3.18	17000.0
2020-03-12	3.18	2.68	3.18	2.9	52600.0
2020-03-13	2.1	2.1	2.9	2.9	140500.0
2020-03-16	2.4	2.4	2.92	2.92	87400.0
2020-03-17	2.9	2.88	2.9	2.9	6100.0
2020-03-18	2.88	2.5	3.0	2.5	16300.0
2020-03-19	2.4	2.4	2.4	2.4	50600.0
2020-03-20	2.44	2.44	2.5	2.5	57500.0
2020-03-23	2.5	2.38	2.6	2.38	14200.0
2020-03-24	2.3	2.3	2.5	2.5	9000.0
2020-03-25	2.4	2.4	2.5	2.4	70400.0
2020-03-26	2.5	2.5	2.76	2.6	88900.0
2020-03-27	2.6	2.48	2.6	2.48	17900.0
2020-03-30	2.6	2.6	2.6	2.6	4000.0
2020-03-31	2.6	2.54	2.6	2.6	14600.0
2020-04-01	2.54	2.5	2.6	2.6	9600.0
2020-04-02	2.58	2.3	2.6	2.32	180400.0
2020-04-03	2.36	2.3	2.48	2.3	93300.0
2020-04-07	2.3	2.3	2.4	2.4	60100.0
2020-04-08	2.3	2.26	2.36	2.3	66200.0
2020-04-09	2.3	2.28	2.48	2.38	246500.0
2020-04-10	2.34	2.3	2.34	2.3	124400.0
2020-04-13	2.3	2.26	2.34	2.3	203700.0
2020-04-14	2.3	2.28	2.36	2.34	631400.0
2020-04-15	2.34	2.3	2.36	2.34	442400.0
2020-04-16	2.3	2.2	2.32	2.32	220200.0
2020-04-17	2.28	2.28	2.34	2.34	53400.0
2020-04-20	2.34	2.3	2.36	2.3	532400.0
2020-04-21	2.3	2.28	2.6	2.42	924700.0
2020-04-22	2.38	2.36	2.76	2.5	1486100.0
2020-04-23	2.56	2.54	2.68	2.62	1051300.0
2020-04-24	2.66	2.6	3.0	3.0	687400.0
2020-04-27	3.32	3.08	3.32	3.12	1274300.0
2020-04-28	3.36	3.16	3.4	3.2	133200.0
2020-04-29	3.3	3.16	3.3	3.24	182400.0
2020-04-30	3.24	3.24	3.38	3.28	149800.0
2020-05-05	3.28	3.0	3.28	3.14	309900.0
2020-05-07	3.06	2.98	3.14	2.98	163100.0
2020-05-08	3.0	2.96	3.16	3.04	79800.0
2020-05-11	3.1	3.08	3.16	3.08	51500.0
2020-05-12	3.12	3.06	3.12	3.1	42800.0
2020-05-13	3.16	3.08	3.16	3.14	18800.0
2020-05-14	3.12	3.06	3.14	3.1	10300.0
2020-05-15	3.14	3.02	3.34	3.04	122200.0
2020-05-18	3.08	3.02	3.16	3.16	57100.0
2020-05-19	3.16	3.14	3.2	3.16	317400.0
2020-05-20	3.18	3.16	3.36	3.36	126000.0
2020-05-21	3.48	3.22	3.58	3.22	400000.0
2020-05-22	3.22	3.18	3.4	3.2	251300.0
2020-05-25	3.2	3.16	3.2	3.16	63300.0
2020-05-26	3.2	3.18	3.5	3.3	300800.0
2020-05-27	3.4	3.32	3.46	3.4	143200.0
2020-05-28	3.48	3.4	3.48	3.4	43200.0
2020-05-29	3.46	3.4	3.54	3.46	482300.0
2020-06-01	3.5	3.44	3.54	3.48	68100.0
2020-06-02	3.5	3.48	3.56	3.5	110200.0
2020-06-04	3.6	3.5	3.6	3.56	108200.0
2020-06-05	3.52	3.42	3.64	3.56	67400.0
2020-06-08	3.5	3.5	3.56	3.5	71200.0
2020-06-09	3.54	3.5	3.6	3.54	128100.0
2020-06-10	3.6	3.54	3.7	3.6	46800.0
2020-06-11	3.6	3.54	3.6	3.54	27100.0
2020-06-12	3.46	3.4	3.48	3.44	122000.0
2020-06-15	3.42	3.34	3.5	3.34	111300.0
2020-06-16	3.34	3.34	3.4	3.38	81900.0
2020-06-17	3.46	3.44	3.5	3.44	31200.0
2020-06-18	3.46	3.46	3.48	3.48	18900.0
2020-06-19	3.5	3.46	3.54	3.46	39300.0
2020-06-22	3.44	3.44	3.5	3.46	55600.0
2020-06-23	3.5	3.48	3.5	3.48	800.0
2020-06-24	3.48	3.46	3.6	3.52	34300.0
2020-06-25	3.54	3.36	3.54	3.42	157200.0
2020-06-26	3.42	3.42	3.42	3.42	12100.0
2020-06-29	3.46	3.4	3.46	3.4	16300.0
2020-06-30	3.4	3.4	3.5	3.42	33500.0
2020-07-01	3.5	3.44	3.5	3.5	13000.0
2020-07-02	3.48	3.48	3.6	3.58	72200.0
2020-07-03	3.6	3.58	4.02	3.8	193300.0
2020-07-07	4.3	3.94	4.3	4.02	1067200.0
2020-07-08	4.0	3.88	4.06	4.04	260100.0
2020-07-09	4.04	4.04	4.3	4.16	482900.0
2020-07-10	4.28	4.14	4.28	4.28	128000.0
2020-07-13	4.3	4.3	4.44	4.4	212000.0
2020-07-14	4.44	4.34	4.5	4.46	125300.0
2020-07-15	4.6	4.48	4.6	4.56	176800.0
2020-07-16	4.6	4.52	4.6	4.52	123600.0
2020-07-17	4.6	4.56	4.64	4.58	208200.0
2020-07-20	4.58	4.54	4.66	4.6	103400.0
2020-07-21	4.66	4.4	4.66	4.4	275600.0
2020-07-22	4.48	4.38	4.48	4.46	11400.0
2020-07-23	4.46	4.46	4.64	4.52	34500.0
2020-07-24	4.52	4.52	4.6	4.52	13600.0
2020-07-29	4.6	4.5	4.68	4.52	67600.0
2020-07-30	4.48	4.38	4.48	4.38	282700.0
2020-07-31	4.26	4.26	4.54	4.5	85100.0
2020-08-03	4.56	4.52	4.88	4.86	276300.0
2020-08-04	5.3	4.88	5.3	4.9	392400.0
2020-08-05	4.94	4.94	5.05	4.98	187100.0
2020-08-06	5.1	5.05	5.3	5.15	231500.0
2020-08-07	5.25	5.05	5.25	5.15	75500.0
2020-08-10	5.9	5.3	5.9	5.3	2713500.0
2020-08-11	5.35	5.0	5.4	5.2	299600.0
2020-08-13	5.2	4.86	5.2	4.94	871300.0
2020-08-14	4.84	4.68	4.84	4.76	478500.0
2020-08-17	4.88	4.6	4.88	4.68	200400.0
2020-08-18	4.6	4.6	4.8	4.76	100600.0
2020-08-19	4.7	4.5	4.76	4.74	287400.0
2020-08-20	4.7	4.62	4.8	4.7	49700.0
2020-08-21	4.86	4.66	4.86	4.7	379600.0
2020-08-24	4.78	4.68	4.78	4.7	27100.0
2020-08-25	4.8	4.68	4.88	4.7	97800.0
2020-08-26	4.7	4.68	4.78	4.7	15200.0
2020-08-27	4.7	4.7	4.78	4.78	206900.0
2020-08-28	4.78	4.76	4.78	4.76	29000.0
2020-08-31	4.82	4.72	4.82	4.78	27400.0
2020-09-01	4.84	4.7	4.84	4.76	12700.0
2020-09-02	4.76	4.66	4.76	4.7	57000.0
2020-09-03	4.54	4.54	4.7	4.7	46200.0
2020-09-08	4.74	4.64	4.74	4.64	84100.0
2020-09-09	4.6	4.6	4.68	4.68	46900.0
2020-09-10	4.72	4.64	4.72	4.68	85500.0
2020-09-11	4.74	4.64	4.74	4.68	162500.0
2020-09-14	4.68	4.62	4.72	4.68	171100.0
2020-09-15	4.66	4.62	4.68	4.68	109400.0
2020-09-16	4.7	4.6	4.7	4.66	60500.0
2020-09-17	4.62	4.62	4.66	4.64	37200.0
2020-09-18	4.7	4.6	4.7	4.6	44800.0
2020-09-21	4.68	4.62	4.68	4.62	42100.0
2020-09-22	4.54	4.54	4.62	4.62	78100.0
2020-09-23	4.62	4.6	4.66	4.64	131300.0
2020-09-24	4.66	4.62	4.66	4.66	16500.0
2020-09-25	4.6	4.6	4.64	4.62	8400.0
2020-09-28	4.64	4.6	4.66	4.64	64800.0
2020-09-29	4.66	4.6	4.66	4.66	1500.0
2020-09-30	4.7	4.6	4.7	4.64	2900.0
2020-10-01	4.7	4.66	4.72	4.7	100700.0
2020-10-02	4.7	4.7	4.8	4.78	76000.0
2020-10-05	4.78	4.76	4.9	4.9	128500.0
2020-10-06	5.0	5.0	5.25	5.2	174900.0
2020-10-07	5.2	5.15	5.25	5.25	69600.0
2020-10-08	5.3	5.25	5.35	5.25	471900.0
2020-10-09	5.25	5.1	5.35	5.15	184500.0
2020-10-12	5.35	5.05	5.35	5.2	106900.0
2020-10-14	5.3	5.15	5.3	5.2	62700.0
2020-10-15	5.3	5.05	5.3	5.15	116000.0
2020-10-16	5.25	5.0	5.25	5.2	71900.0
2020-10-19	5.2	5.1	5.2	5.15	39000.0
2020-10-20	5.0	5.0	5.2	5.15	44800.0
2020-10-21	5.15	5.1	5.2	5.15	27100.0
2020-10-22	5.2	5.05	5.2	5.15	25500.0
2020-10-26	5.1	5.05	5.2	5.15	21000.0
2020-10-27	5.1	5.05	5.1	5.1	26000.0
2020-10-28	5.15	4.98	5.15	5.1	15500.0
2020-10-29	5.1	5.1	5.1	5.1	10000.0
2020-10-30	5.05	5.05	5.2	5.2	169500.0
2020-11-02	5.2	5.15	5.25	5.25	107800.0
2020-11-03	5.25	5.15	5.3	5.25	343600.0
2020-11-04	5.3	5.2	5.3	5.25	6800.0
2020-11-05	5.3	5.2	5.3	5.3	63500.0
2020-11-06	5.3	5.05	5.3	5.05	39700.0
2020-11-09	5.45	5.15	5.5	5.2	858800.0
2020-11-10	5.15	4.8	5.15	4.84	917800.0
2020-11-11	4.86	4.84	5.0	4.84	263600.0
2020-11-12	4.9	4.88	4.92	4.92	108200.0
2020-11-13	4.92	4.92	4.96	4.96	23500.0
2020-11-16	4.88	4.8	4.94	4.84	281000.0
2020-11-17	4.88	4.82	4.9	4.84	113000.0
2020-11-18	4.88	4.82	4.92	4.92	66500.0
2020-11-19	4.86	4.84	4.9	4.84	102000.0
2020-11-20	4.9	4.8	4.92	4.9	369400.0
2020-11-23	4.9	4.86	4.92	4.9	157900.0
2020-11-24	4.88	4.84	4.9	4.86	379400.0
2020-11-25	4.86	4.84	4.88	4.86	108100.0
2020-11-26	4.86	4.84	4.88	4.84	161300.0
2020-11-27	4.84	4.84	4.9	4.86	481200.0
2020-11-30	4.86	4.86	4.9	4.88	186300.0
2020-12-01	4.88	4.88	4.9	4.9	22600.0
2020-12-02	4.88	4.86	4.9	4.88	30600.0
2020-12-03	4.9	4.9	5.1	5.1	232100.0
2020-12-04	5.05	5.0	5.25	5.2	295000.0
2020-12-08	5.3	5.2	5.3	5.25	206100.0
2020-12-09	5.3	5.1	5.35	5.2	145400.0
2020-12-14	5.2	5.1	5.25	5.15	86800.0
2020-12-15	5.15	5.05	5.2	5.15	109700.0
2020-12-16	5.1	5.05	5.2	5.2	84500.0
2020-12-17	5.2	5.1	5.3	5.2	58500.0
2020-12-18	5.2	5.2	5.35	5.25	138200.0
2020-12-21	5.1	4.96	5.2	4.98	159600.0
2020-12-22	4.98	4.96	5.0	5.0	124600.0
2020-12-23	4.94	4.94	5.05	4.98	90100.0
2020-12-24	4.98	4.96	5.0	5.0	48600.0
2020-12-25	4.98	4.96	5.0	5.0	110700.0
2020-12-28	5.0	4.94	5.0	4.94	124000.0
2020-12-29	4.98	4.94	4.98	4.98	80000.0
2020-12-30	4.98	4.96	5.05	5.05	1140800.0
2021-01-04	5.05	5.05	5.25	5.2	525000.0
2021-01-05	5.3	5.3	6.2	6.2	3347400.0
2021-01-06	6.4	6.35	7.1	6.95	2182400.0
2021-01-07	6.8	6.7	7.3	7.1	1874300.0
2021-01-08	7.2	6.95	7.45	7.05	1556700.0
2021-01-11	7.1	6.7	7.25	6.8	496400.0
2021-01-12	6.95	6.95	7.3	7.1	769200.0
2021-01-13	7.2	7.1	7.8	7.6	3368600.0
2021-01-14	7.6	7.55	8.0	7.85	2102700.0
2021-01-15	7.95	7.55	8.25	8.25	1943800.0
2021-01-18	8.35	8.15	8.5	8.45	1549000.0
2021-01-19	8.45	8.45	8.9	8.75	1798500.0
2021-01-20	8.9	8.55	8.9	8.75	833200.0
2021-01-21	8.75	8.55	8.8	8.7	691800.0
2021-01-22	8.65	8.55	8.9	8.75	1034400.0
2021-01-25	9.0	9.0	9.25	9.25	2052500.0
2021-01-26	9.25	9.2	9.4	9.35	1193800.0
2021-01-27	9.35	9.1	9.35	9.2	893700.0
2021-01-28	9.05	8.75	9.15	8.85	701000.0
2021-01-29	8.8	8.0	8.85	8.6	4372500.0
2021-02-01	8.6	8.5	8.65	8.6	566900.0
2021-02-02	8.85	8.5	8.85	8.65	308900.0
2021-02-03	8.7	8.45	8.7	8.5	225000.0
2021-02-04	8.45	8.3	9.1	9.1	597400.0
2021-02-05	9.15	9.1	9.3	9.2	463700.0
2021-02-08	9.3	8.6	9.35	8.95	234700.0
2021-02-09	8.8	8.8	9.0	9.0	85700.0
2021-02-10	9.05	8.8	9.05	9.0	32400.0
2021-02-11	8.75	8.7	8.9	8.85	31700.0
2021-02-15	8.75	8.65	8.85	8.85	92100.0
2021-02-16	8.9	8.6	9.05	9.05	780500.0
2021-02-17	9.05	8.8	9.05	8.8	203900.0
2021-02-18	8.8	8.65	8.9	8.85	180000.0
2021-02-19	8.95	8.75	9.0	8.85	323200.0
2021-02-22	8.7	7.85	8.9	8.9	1197000.0
2021-02-23	8.75	8.1	8.8	8.5	252100.0
2021-02-24	8.5	8.15	8.5	8.15	101900.0
2021-02-25	8.15	7.8	8.2	8.1	175600.0
2021-03-01	8.1	7.9	8.1	7.9	45600.0
2021-03-02	7.9	7.65	8.0	7.65	100900.0
2021-03-03	7.4	7.0	7.5	7.0	701800.0
2021-03-04	7.1	6.6	7.1	7.0	1248900.0
2021-03-05	6.9	6.75	6.9	6.85	350200.0
2021-03-08	6.8	6.7	6.85	6.8	395700.0
2021-03-09	6.8	6.7	6.85	6.8	103300.0
2021-03-10	6.9	6.9	7.1	6.95	366600.0
2021-03-11	7.0	6.85	7.1	6.95	318800.0
2021-03-12	6.95	6.75	6.95	6.85	193900.0
2021-03-15	6.9	6.8	7.0	6.9	155600.0
2021-03-16	6.9	6.85	7.0	6.95	148900.0
2021-03-17	7.0	6.8	7.0	6.8	396400.0
2021-03-18	6.9	6.7	6.9	6.7	733900.0
2021-03-19	6.75	6.65	6.9	6.7	1395300.0
2021-03-22	6.85	6.65	6.85	6.75	825300.0
2021-03-23	6.8	6.7	6.9	6.75	480500.0
2021-03-24	6.75	6.7	6.8	6.75	450600.0
2021-03-25	6.8	6.75	7.05	6.75	1953800.0
2021-03-26	6.8	6.65	6.85	6.7	1200500.0
2021-03-29	6.75	6.65	6.8	6.75	775400.0
2021-03-30	6.8	6.7	6.8	6.7	624100.0
2021-03-31	6.75	6.65	6.75	6.7	834500.0
2021-04-01	6.75	6.7	6.9	6.8	622200.0
2021-04-02	6.9	6.8	7.15	7.0	1819700.0
2021-04-05	7.2	7.15	7.9	7.85	5929000.0
2021-04-07	8.05	7.5	8.05	7.5	3077400.0
2021-04-08	7.5	7.1	7.6	7.25	1655300.0
2021-04-09	7.2	7.15	7.35	7.2	894600.0
2021-04-12	7.2	7.15	7.3	7.2	575800.0
2021-04-16	7.2	6.7	7.2	6.95	1138300.0
2021-04-19	7.0	6.8	7.25	7.15	1040700.0
2021-04-20	7.15	7.0	7.2	7.05	373800.0
2021-04-21	7.05	7.0	7.2	7.15	684300.0
2021-04-22	7.2	7.0	7.2	7.1	554800.0
2021-04-23	7.15	6.9	7.15	6.95	651700.0
2021-04-26	6.95	6.8	7.0	6.85	750800.0
2021-04-27	6.95	6.7	6.95	6.7	1635700.0
2021-04-28	6.85	6.7	6.85	6.7	795500.0
2021-04-29	6.75	6.7	6.85	6.75	1237700.0
2021-04-30	6.6	6.5	6.65	6.6	684000.0
2021-05-05	6.6	6.5	6.6	6.5	653700.0
2021-05-06	6.5	6.45	6.7	6.7	437500.0
2021-05-07	6.75	6.7	6.9	6.85	590700.0
2021-05-10	6.4	5.9	6.4	6.05	3354400.0
2021-05-11	6.1	5.55	6.1	5.6	2252300.0
2021-05-12	5.55	5.45	5.8	5.65	951200.0
2021-05-13	5.7	5.25	5.7	5.4	625300.0
2021-05-14	5.5	5.4	5.65	5.65	344600.0
2021-05-17	5.7	5.4	5.7	5.6	281400.0
2021-05-18	5.6	5.5	5.6	5.6	138300.0
2021-05-19	5.6	5.55	5.6	5.6	137400.0
2021-05-20	5.65	5.4	5.65	5.55	680800.0
2021-05-21	5.55	5.35	5.55	5.35	419800.0
2021-05-24	5.45	5.25	5.45	5.35	201400.0
2021-05-25	5.35	5.3	5.45	5.35	131900.0
2021-05-27	5.35	5.3	5.4	5.3	446400.0
2021-05-28	5.4	5.3	5.4	5.3	390300.0
2021-05-31	5.3	5.2	5.3	5.2	537300.0
2021-06-01	5.2	5.15	5.35	5.2	579100.0
2021-06-02	5.2	5.1	5.35	5.35	479500.0
2021-06-04	5.35	5.35	5.7	5.65	885600.0
2021-06-07	5.95	5.8	6.0	6.0	1489000.0
2021-06-08	6.0	5.8	6.0	5.8	669300.0
2021-06-09	5.8	5.75	5.9	5.85	379200.0
2021-06-10	6.0	5.9	6.1	5.9	821800.0
2021-06-11	5.9	5.7	6.0	5.85	397700.0
2021-06-14	5.9	5.7	5.9	5.7	397600.0
2021-06-15	5.7	5.7	5.75	5.75	92700.0
2021-06-16	5.7	5.65	5.75	5.7	203800.0
2021-06-17	5.7	5.55	5.7	5.55	364900.0
2021-06-18	5.55	5.5	5.65	5.55	525500.0
2021-06-21	5.6	5.35	5.6	5.5	2360400.0
2021-06-22	5.55	5.45	5.6	5.55	107700.0
2021-06-23	5.5	5.4	5.55	5.45	188000.0
2021-06-24	5.45	5.3	5.45	5.4	325000.0
2021-06-25	5.4	5.2	5.45	5.25	488100.0
2021-06-28	5.25	5.1	5.25	5.15	382500.0
2021-06-29	5.15	5.0	5.35	5.1	823700.0
2021-06-30	5.25	5.2	5.5	5.45	450900.0
2021-07-01	5.6	5.45	5.6	5.5	223600.0
2021-07-02	5.45	5.4	5.6	5.45	281600.0
2021-07-05	5.45	5.35	5.5	5.35	183300.0
2021-07-06	5.4	5.4	5.5	5.45	174900.0
2021-07-07	5.45	5.3	5.45	5.3	187100.0
2021-07-08	5.25	5.1	5.3	5.1	328800.0
2021-07-09	5.25	4.9	5.25	5.2	225300.0
2021-07-12	5.15	5.15	5.25	5.2	106300.0
2021-07-13	5.2	5.2	5.3	5.3	54900.0
2021-07-14	5.3	5.2	5.3	5.25	78800.0
2021-07-15	5.3	5.25	5.8	5.3	351400.0
2021-07-16	5.4	5.35	5.45	5.35	48500.0
2021-07-19	5.3	5.2	5.35	5.2	66600.0
2021-07-20	5.2	5.1	5.3	5.15	159600.0
2021-07-21	5.15	5.0	5.2	5.15	48100.0
2021-07-22	5.25	5.15	5.25	5.25	4800.0
2021-07-23	5.15	5.15	5.25	5.2	34600.0
2021-07-27	5.25	5.2	5.25	5.2	101100.0
2021-07-29	5.15	5.1	5.15	5.15	132600.0
2021-07-30	5.15	5.05	5.15	5.05	116900.0
2021-08-02	5.0	5.0	5.15	5.05	59700.0
2021-08-03	4.96	4.96	5.1	5.05	85000.0
2021-08-04	5.1	5.0	5.1	5.0	126100.0
2021-08-05	5.05	5.0	5.1	5.1	64300.0
2021-08-06	5.1	5.05	5.2	5.15	191000.0
2021-08-09	5.1	5.0	5.1	5.1	168200.0
2021-08-10	5.1	5.0	5.1	5.0	284600.0
2021-08-11	5.05	5.0	5.05	5.0	83600.0
2021-08-13	5.0	4.96	5.05	4.96	160900.0
2021-08-16	4.98	4.94	5.0	4.96	187500.0
2021-08-17	4.94	4.94	5.0	4.98	34400.0
2021-08-18	4.98	4.94	4.98	4.98	180600.0
2021-08-19	4.96	4.92	4.96	4.92	118900.0
2021-08-20	4.98	4.92	5.0	4.96	180900.0
2021-08-23	4.98	4.94	5.0	5.0	78100.0
2021-08-24	5.05	5.0	5.1	5.05	58400.0
2021-08-25	5.0	5.0	5.0	5.0	66300.0
2021-08-26	5.05	5.0	5.05	5.0	43400.0
2021-08-27	5.05	5.0	5.05	5.0	177600.0
2021-08-30	5.05	4.98	5.1	5.0	217000.0
2021-08-31	5.0	5.0	5.05	5.0	195700.0
2021-09-01	5.05	4.98	5.05	5.0	147500.0
2021-09-02	5.05	4.98	5.05	5.0	142700.0
2021-09-03	5.05	4.98	5.05	5.05	139200.0
2021-09-06	5.1	5.0	5.1	5.0	243300.0
2021-09-07	5.05	5.0	5.05	5.0	193500.0
2021-09-08	5.0	4.98	5.0	4.98	129200.0
2021-09-09	5.0	5.0	5.05	5.05	91200.0
2021-09-10	5.05	5.0	5.05	5.0	135100.0
2021-09-13	5.05	4.98	5.05	5.05	133200.0
2021-09-14	5.0	5.0	5.05	5.0	354300.0
2021-09-15	5.0	5.0	5.05	5.0	127100.0
2021-09-16	5.05	4.96	5.05	4.98	781400.0
2021-09-17	5.0	4.96	5.05	4.98	170500.0
2021-09-20	4.98	4.94	5.0	4.94	240300.0
2021-09-21	4.94	4.92	4.98	4.98	69500.0
2021-09-22	5.0	4.98	5.0	4.98	20100.0
2021-09-23	5.0	4.98	5.0	4.98	67700.0
2021-09-27	5.0	4.96	5.0	4.96	34600.0
2021-09-28	4.98	4.96	4.98	4.96	130700.0
2021-09-29	4.96	4.96	4.96	4.96	11500.0
2021-09-30	4.96	4.9	4.96	4.92	264500.0
2021-10-01	4.92	4.9	4.96	4.96	227200.0
2021-10-04	4.96	4.94	4.96	4.96	24900.0
2021-10-05	5.05	4.96	5.05	4.96	157200.0
2021-10-06	4.96	4.96	4.96	4.96	5300.0
2021-10-07	4.96	4.94	4.96	4.96	48300.0
2021-10-08	4.96	4.94	5.0	4.98	73700.0
2021-10-11	4.98	4.96	4.98	4.96	47000.0
2021-10-12	4.98	4.94	4.98	4.96	76300.0
2021-10-14	5.0	4.9	5.0	4.96	317100.0
2021-10-15	4.94	4.94	4.96	4.94	13000.0
2021-10-18	4.92	4.92	5.0	4.96	19300.0
2021-10-19	4.96	4.92	4.96	4.94	45000.0
2021-10-20	4.94	4.92	4.96	4.96	11200.0
2021-10-21	4.98	4.94	4.98	4.96	12600.0
2021-10-25	4.96	4.96	4.98	4.98	7100.0
2021-10-26	4.98	4.96	4.98	4.96	30300.0
2021-10-27	4.96	4.96	4.98	4.96	45000.0
2021-10-28	4.96	4.5	4.96	4.92	109600.0
2021-10-29	4.94	4.92	4.96	4.96	13800.0
2021-11-01	4.94	4.9	4.94	4.9	46800.0
2021-11-02	4.9	4.88	4.92	4.9	68100.0
2021-11-03	4.9	4.88	4.9	4.88	33200.0
2021-11-04	4.86	4.84	4.88	4.86	111800.0
2021-11-05	4.92	4.86	4.92	4.86	29900.0
2021-11-08	4.92	4.9	5.05	4.9	64200.0
2021-11-09	4.9	4.9	4.9	4.9	16200.0
2021-11-10	4.92	4.92	4.92	4.92	6000.0
2021-11-11	4.94	4.94	4.98	4.94	18600.0
2021-11-12	4.94	4.92	4.94	4.94	11000.0
2021-11-15	4.96	4.94	4.96	4.94	19100.0
2021-11-16	4.94	4.88	4.94	4.94	16900.0
2021-11-17	4.84	4.78	4.94	4.92	221500.0
2021-11-18	4.96	4.92	4.96	4.94	35500.0
2021-11-19	4.9	4.76	4.9	4.82	370200.0
2021-11-22	4.86	4.84	4.9	4.88	27000.0
2021-11-23	4.88	4.84	4.88	4.86	14900.0
2021-11-24	4.86	4.82	4.86	4.84	61300.0
2021-11-25	4.86	4.84	4.88	4.86	19100.0
2021-11-26	4.88	4.82	4.88	4.82	50300.0
2021-11-29	4.88	4.6	4.88	4.78	549300.0
2021-11-30	4.78	4.72	4.78	4.72	51400.0
2021-12-01	4.88	4.7	4.88	4.78	70500.0
2021-12-02	4.66	4.66	4.7	4.68	229700.0
2021-12-03	4.68	4.66	4.68	4.68	132700.0
2021-12-07	4.66	4.66	4.72	4.68	40000.0
2021-12-08	4.68	4.68	4.74	4.7	101400.0
2021-12-09	4.7	4.68	4.7	4.7	62700.0
2021-12-13	4.7	4.64	4.7	4.64	117000.0
2021-12-14	4.64	4.64	4.66	4.64	153700.0
2021-12-15	4.64	4.6	4.68	4.66	347700.0
2021-12-16	4.64	4.62	4.66	4.62	82100.0
2021-12-17	4.64	4.62	4.66	4.66	72100.0
2021-12-20	4.62	4.62	4.66	4.62	26600.0
2021-12-21	4.64	4.62	4.64	4.62	25700.0
2021-12-22	4.62	4.6	4.62	4.6	74900.0
2021-12-23	4.62	4.6	4.62	4.6	17200.0
2021-12-24	4.6	4.58	4.6	4.6	34400.0
2021-12-27	4.58	4.58	4.6	4.6	526600.0
2021-12-28	4.6	4.58	4.6	4.6	11800.0
2021-12-29	4.56	4.56	4.58	4.58	54100.0
2021-12-30	4.6	4.58	4.6	4.6	50200.0
2022-01-04	4.6	4.58	4.62	4.6	64400.0
2022-01-05	4.6	4.58	4.62	4.6	122200.0
2022-01-06	4.58	4.56	4.6	4.58	51500.0
2022-01-07	4.6	4.56	4.6	4.56	57200.0
2022-01-10	4.54	4.54	4.56	4.54	78600.0
2022-01-11	4.56	4.54	4.56	4.54	80000.0
2022-01-12	4.56	4.54	4.58	4.56	131500.0
2022-01-13	4.6	4.54	4.6	4.54	151000.0
2022-01-14	4.56	4.52	4.58	4.58	225700.0
2022-01-17	4.56	4.52	4.64	4.62	624200.0
2022-01-18	4.62	4.6	4.64	4.62	231800.0
2022-01-19	4.6	4.56	4.62	4.62	111600.0
2022-01-20	4.62	4.62	4.72	4.62	92300.0
2022-01-21	4.6	4.6	4.64	4.6	142200.0
2022-01-24	4.58	4.58	4.7	4.6	92700.0
2022-01-25	4.6	4.6	4.64	4.64	248100.0
2022-01-26	4.66	4.58	4.68	4.58	43800.0
2022-01-27	4.6	4.58	4.64	4.64	507500.0
2022-01-28	4.66	4.64	4.66	4.64	23000.0
2022-01-31	4.66	4.64	4.66	4.64	21700.0
2022-02-01	4.66	4.62	4.66	4.62	23200.0
2022-02-02	4.62	4.62	4.64	4.62	12300.0
2022-02-03	4.64	4.6	4.64	4.6	78300.0
2022-02-04	4.62	4.6	4.66	4.66	53800.0
2022-02-07	4.66	4.62	4.66	4.62	34300.0
2022-02-08	4.6	4.58	4.64	4.6	107100.0
2022-02-09	4.6	4.58	4.6	4.6	40800.0
2022-02-10	4.6	4.58	4.62	4.58	71800.0
2022-02-11	4.56	4.56	4.6	4.6	16200.0
2022-02-14	4.58	4.58	4.6	4.6	30000.0
2022-02-15	4.6	4.6	4.64	4.64	33600.0
2022-02-17	4.64	4.62	4.64	4.64	129100.0
2022-02-18	4.6	4.6	4.64	4.64	26700.0
2022-02-21	4.68	4.64	4.68	4.66	54300.0
2022-02-22	4.66	4.6	4.7	4.66	96600.0
2022-02-23	4.66	4.62	4.66	4.62	47500.0
2022-02-24	4.62	4.54	4.62	4.56	72300.0
2022-02-25	4.54	4.54	4.64	4.64	32200.0
2022-02-28	4.64	4.5	4.64	4.54	73700.0
2022-03-01	4.52	4.52	4.58	4.54	8600.0
2022-03-02	4.54	4.52	4.58	4.56	6000.0
2022-03-03	4.54	4.54	4.6	4.56	12600.0
2022-03-04	4.56	4.52	4.56	4.52	21800.0
2022-03-07	4.48	4.36	4.48	4.36	196900.0
2022-03-08	4.38	4.12	4.38	4.22	109300.0
2022-03-09	4.22	4.18	4.26	4.26	40900.0
2022-03-10	4.36	4.22	4.36	4.34	22900.0
2022-03-11	4.3	4.2	4.34	4.28	70100.0
2022-03-14	4.22	4.22	4.38	4.24	24700.0
2022-03-15	4.34	4.22	4.38	4.3	9700.0
2022-03-16	4.24	4.14	4.3	4.18	221700.0
2022-03-17	4.2	4.2	4.26	4.26	67500.0
2022-03-18	4.26	4.22	4.26	4.22	10100.0
2022-03-21	4.16	4.14	4.22	4.18	73600.0
2022-03-22	4.42	4.2	4.42	4.4	101700.0
2022-03-23	4.38	4.2	4.38	4.34	80100.0
2022-03-24	4.3	4.26	4.3	4.26	12600.0
2022-03-25	4.36	4.2	4.36	4.28	52100.0
2022-03-28	4.22	4.2	4.24	4.22	8900.0
2022-03-29	4.28	4.24	4.28	4.24	76300.0
2022-03-30	4.24	4.22	4.24	4.24	11600.0
2022-03-31	4.22	4.22	4.24	4.22	14000.0
2022-04-01	4.26	4.22	4.26	4.24	84200.0
2022-04-04	4.22	4.22	4.38	4.3	76000.0
2022-04-05	4.3	4.28	4.34	4.28	115000.0
2022-04-07	4.22	4.16	4.22	4.2	74800.0
2022-04-08	4.28	4.18	4.28	4.22	44700.0
2022-04-11	4.16	4.16	4.22	4.2	39800.0
2022-04-12	4.28	4.16	4.28	4.16	8100.0
2022-04-18	4.16	4.12	4.22	4.18	28800.0
2022-04-19	4.14	4.14	4.28	4.18	31500.0
2022-04-20	4.2	4.2	4.2	4.2	15200.0
2022-04-21	4.2	4.18	4.22	4.2	29100.0
2022-04-22	4.18	4.18	4.2	4.18	24000.0
2022-04-25	4.16	4.12	4.18	4.18	64300.0
2022-04-26	4.18	4.16	4.18	4.16	15100.0
2022-04-27	4.14	4.1	4.14	4.1	103000.0
2022-04-28	4.0	4.0	4.14	4.14	13000.0
2022-04-29	4.08	4.02	4.16	4.16	75000.0
2022-05-03	4.16	4.06	4.16	4.06	41700.0
2022-05-05	4.04	4.02	4.08	4.06	28500.0
2022-05-06	4.04	4.04	4.08	4.06	31600.0
2022-05-09	4.2	4.06	4.2	4.08	57800.0
2022-05-10	4.08	4.04	4.16	4.14	53000.0
2022-05-11	4.1	4.06	4.12	4.12	24600.0
2022-05-12	4.02	4.02	4.1	4.1	45300.0
2022-05-13	4.0	3.98	4.08	4.08	43600.0
2022-05-17	4.08	4.08	4.24	4.24	88400.0
2022-05-18	4.18	4.1	4.18	4.18	16800.0
2022-05-19	4.18	4.08	4.2	4.14	50500.0
2022-05-20	4.1	4.1	4.16	4.12	40800.0
2022-05-23	4.12	4.1	4.24	4.2	84900.0
2022-05-24	4.2	4.14	4.2	4.18	62600.0
2022-05-25	4.22	4.18	4.22	4.18	59200.0
2022-05-26	4.18	4.18	4.42	4.34	158200.0
2022-05-27	4.44	4.36	4.5	4.4	168400.0
2022-05-30	4.48	4.38	4.48	4.38	41400.0
2022-05-31	4.46	4.4	4.86	4.6	755900.0
2022-06-01	4.64	4.6	5.7	5.0	6561600.0
2022-06-02	5.0	4.66	5.05	4.66	1165400.0
2022-06-06	4.66	4.66	5.2	4.9	2178800.0
2022-06-07	4.92	4.82	5.35	4.82	6447300.0
2022-06-08	4.88	4.88	5.1	4.98	1623700.0
2022-06-09	5.05	4.82	5.05	4.88	600000.0
2022-06-10	4.9	4.76	4.9	4.76	296800.0
2022-06-13	4.68	4.36	4.72	4.38	944500.0
2022-06-14	4.38	4.36	4.46	4.38	125800.0
2022-06-15	4.38	4.3	4.42	4.4	228700.0
2022-06-16	4.42	4.14	4.52	4.36	424200.0
2022-06-17	4.2	4.18	4.36	4.34	134600.0
2022-06-20	4.34	4.26	4.34	4.26	70200.0
2022-06-21	4.38	4.3	4.38	4.3	9000.0
2022-06-22	4.3	4.2	4.38	4.22	51900.0
2022-06-23	4.22	4.14	4.22	4.18	87200.0
2022-06-24	4.2	4.18	4.3	4.18	30300.0
2022-06-27	4.18	4.18	4.24	4.18	66100.0
2022-06-28	4.22	4.22	4.4	4.28	97100.0
2022-06-29	4.28	4.28	4.48	4.34	101500.0
2022-06-30	4.34	4.26	4.44	4.26	102700.0
2022-07-01	4.2	4.2	4.34	4.3	40700.0
2022-07-04	4.26	4.18	4.26	4.18	54200.0
2022-07-05	4.18	4.1	4.2	4.16	122400.0
2022-07-06	4.1	4.1	4.22	4.18	24900.0
2022-07-07	4.22	4.16	4.24	4.24	56000.0
2022-07-08	4.2	4.18	4.22	4.22	45100.0
2022-07-11	4.26	4.16	4.26	4.2	2100.0
2022-07-12	4.16	4.08	4.26	4.08	15800.0
2022-07-14	4.12	4.12	4.4	4.2	79900.0
2022-07-15	4.26	4.2	5.4	4.34	19826600.0
2022-07-18	4.36	4.3	4.82	4.32	7992900.0
2022-07-19	4.34	4.24	4.42	4.24	993100.0
2022-07-20	4.26	4.16	4.34	4.2	774600.0
2022-07-21	4.22	4.22	4.54	4.28	3961500.0
2022-07-22	4.36	4.22	4.38	4.22	945200.0
2022-07-25	4.22	4.1	4.6	4.1	16256800.0
2022-07-26	4.16	4.02	4.22	4.02	1587100.0
2022-07-27	4.04	4.02	4.14	4.02	843900.0
2022-08-01	4.06	4.02	4.12	4.06	612800.0
2022-08-02	4.1	4.0	4.1	4.0	312900.0
2022-08-03	4.02	4.0	4.18	4.06	1478400.0
2022-08-04	4.1	4.04	4.14	4.08	491800.0
2022-08-05	4.1	4.04	4.12	4.06	242500.0
2022-08-08	4.3	4.04	4.4	4.08	5896300.0
2022-08-09	4.06	4.06	4.14	4.08	911600.0
2022-08-10	4.1	4.04	4.18	4.06	1520200.0
2022-08-11	4.08	4.06	4.12	4.08	569000.0
2022-08-15	4.08	4.04	4.1	4.08	315400.0
2022-08-16	4.1	4.06	4.16	4.08	1525000.0
2022-08-17	4.12	4.1	4.2	4.16	2724100.0
2022-08-18	4.18	4.16	4.28	4.22	1864200.0
2022-08-19	4.26	4.2	4.38	4.26	3214200.0
2022-08-22	4.26	4.22	4.4	4.24	1559000.0
2022-08-23	4.24	4.22	4.28	4.24	570100.0
2022-08-24	4.28	3.98	4.28	4.14	789900.0
2022-08-25	4.14	4.12	4.18	4.14	511100.0
2022-08-26	4.14	4.12	4.22	4.12	610400.0
2022-08-29	4.08	4.08	4.18	4.12	534500.0
2022-08-30	4.14	4.12	4.2	4.14	420200.0
2022-08-31	4.14	4.08	4.16	4.12	337200.0
2022-09-01	4.14	4.02	4.16	4.04	923100.0
2022-09-02	4.06	4.04	4.08	4.04	234200.0
2022-09-05	4.04	4.02	4.08	4.06	198000.0
2022-09-06	4.1	4.06	4.1	4.06	354700.0
2022-09-07	4.06	4.04	4.08	4.04	203200.0
2022-09-08	4.06	4.06	4.12	4.08	305000.0
2022-09-09	4.1	4.08	4.2	4.08	1858400.0
2022-09-12	4.12	4.08	4.16	4.1	227200.0
2022-09-13	4.1	4.06	4.12	4.1	135000.0
2022-09-14	4.06	4.06	4.12	4.08	57900.0
2022-09-15	4.12	4.06	4.16	4.08	903800.0
2022-09-16	4.1	4.04	4.14	4.04	564200.0
2022-09-19	4.08	4.04	4.12	4.04	735700.0
2022-09-20	4.04	4.04	4.12	4.08	242500.0
2022-09-21	4.1	4.06	4.18	4.16	835900.0
2022-09-22	4.2	4.12	4.24	4.18	915700.0
2022-09-23	4.18	4.14	4.2	4.18	338500.0
2022-09-26	4.18	4.16	4.26	4.26	1063500.0
2022-09-27	4.26	4.14	4.3	4.16	981400.0
2022-09-28	4.16	4.08	4.2	4.12	550000.0
2022-09-29	4.18	4.1	4.26	4.14	250300.0
2022-09-30	4.14	4.12	4.18	4.14	98600.0
2022-10-03	4.16	4.06	4.18	4.06	168100.0
2022-10-04	4.1	4.02	4.14	4.1	247100.0
2022-10-05	4.1	4.1	4.2	4.14	132100.0
2022-10-06	4.12	4.1	4.18	4.12	100900.0
2022-10-07	4.1	4.08	4.14	4.12	131400.0
2022-10-10	4.08	4.04	4.12	4.08	88100.0
2022-10-11	4.12	4.06	4.3	4.2	1270300.0
2022-10-12	4.26	4.16	4.3	4.16	564000.0
2022-10-17	4.18	4.1	4.18	4.14	221900.0
2022-10-18	4.16	4.14	4.16	4.14	70600.0
2022-10-19	4.14	4.14	4.2	4.14	180700.0
2022-10-20	4.14	4.12	4.18	4.18	77000.0
2022-10-21	4.18	4.16	4.2	4.2	340600.0
2022-10-25	4.22	4.18	4.24	4.18	258300.0
2022-10-26	4.18	4.14	4.2	4.14	413400.0
2022-10-27	4.12	4.12	4.18	4.18	36700.0
2022-10-28	4.18	4.16	4.26	4.2	42200.0
2022-10-31	4.2	4.18	4.28	4.2	632000.0
2022-11-01	4.24	4.18	4.28	4.28	311100.0
2022-11-02	4.24	4.22	4.3	4.3	529100.0
2022-11-03	4.32	4.26	4.32	4.32	520500.0
2022-11-04	4.32	4.32	4.44	4.4	745300.0
2022-11-07	5.05	4.68	5.1	4.7	11095000.0
2022-11-08	4.92	4.76	5.4	5.25	14481100.0
2022-11-09	5.1	4.96	5.2	5.15	6810200.0
2022-11-10	5.1	5.0	5.25	5.0	3607900.0
2022-11-11	5.0	4.7	5.05	5.0	4710200.0
2022-11-14	4.94	4.86	5.05	4.96	1535800.0
2022-11-15	4.94	4.66	5.0	4.76	2705000.0
2022-11-16	4.8	4.74	4.86	4.86	813400.0
2022-11-17	4.86	4.8	4.94	4.82	1201700.0
2022-11-18	4.78	4.78	4.94	4.92	691700.0
2022-11-21	4.94	4.84	5.05	4.84	963800.0
2022-11-22	4.84	4.8	4.86	4.8	421500.0
2022-11-23	4.76	4.76	4.86	4.82	348000.0
2022-11-24	4.8	4.76	4.8	4.78	467900.0
2022-11-25	4.8	4.8	4.92	4.9	685200.0
2022-11-28	4.82	4.8	4.88	4.8	732600.0
2022-11-29	4.82	4.8	4.88	4.86	218200.0
2022-11-30	4.86	4.84	4.88	4.84	314200.0
2022-12-01	4.86	4.84	5.3	5.1	5772700.0
2022-12-02	5.25	4.84	5.3	4.9	3388200.0
2022-12-06	4.86	4.86	5.1	5.05	1762100.0
2022-12-07	5.1	4.92	5.1	5.0	878200.0
2022-12-08	5.0	5.0	5.8	5.6	12889500.0
2022-12-09	5.55	5.25	5.6	5.6	7204400.0
2022-12-13	5.55	5.35	5.55	5.5	1637700.0
2022-12-14	5.65	5.35	5.95	5.4	8188500.0
2022-12-15	5.4	5.2	5.45	5.25	2350800.0
2022-12-16	5.2	5.1	5.2	5.15	830200.0
2022-12-19	5.15	5.15	5.35	5.3	834300.0
2022-12-20	5.3	4.86	5.3	4.88	2574700.0
2022-12-21	4.9	4.86	4.96	4.9	802300.0
2022-12-22	4.92	4.92	5.0	5.0	408500.0
2022-12-23	4.96	4.9	4.98	4.92	418000.0
2022-12-26	4.92	4.9	4.98	4.96	622100.0
2022-12-27	4.94	4.94	5.05	5.05	274500.0
2022-12-28	5.1	5.0	5.1	5.0	419900.0
2022-12-29	4.98	4.96	5.05	4.98	197900.0
2022-12-30	4.96	4.94	5.0	4.94	271900.0
