Date	Price Open	Price Low	Price High	Price Close	Volume
2018-12-20	11.5	10.5	11.9	11.4	109953200
2018-12-21	11.4	11.25	11.75	11.5	57269200
2018-12-24	11.6	11.45	11.7	11.45	15342600
2018-12-25	11.3	11.25	11.6	11.55	9629800
2018-12-26	11.5	11.45	11.55	11.45	5682800
2018-12-27	11.6	11.35	11.65	11.4	6417800
2018-12-28	11.5	11.35	11.5	11.4	2611600
2019-01-02	11.45	11.4	11.6	11.4	1443200
2019-01-03	11.4	10.95	11.5	11.25	4797800
2019-01-04	11.25	11.0	11.4	11.25	2247200
2019-01-07	11.4	11.4	11.45	11.45	848800
2019-01-08	11.4	11.3	11.4	11.3	211800
2019-01-09	11.3	11.25	11.35	11.35	251600
2019-01-10	11.25	11.25	11.45	11.35	1816600
2019-01-11	11.35	11.35	11.45	11.45	227600
2019-01-14	11.45	11.35	11.5	11.4	376000
2019-01-15	11.35	11.35	11.4	11.35	857600
2019-01-16	11.4	11.3	11.4	11.4	877200
2019-01-17	11.45	11.35	11.45	11.35	551800
2019-01-18	11.35	11.35	11.5	11.4	730200
2019-01-21	11.4	11.3	11.45	11.45	289800
2019-01-22	11.35	11.3	11.5	11.45	679400
2019-01-23	11.35	11.25	11.45	11.35	407600
2019-01-24	11.4	11.4	11.7	11.7	9224000
2019-01-25	11.85	11.8	12.25	12.2	27593000
2019-01-28	12.25	11.9	12.3	11.9	8288200
2019-01-29	11.9	11.9	12.625	12.4	19094400
2019-01-30	12.5	12.35	12.75	12.35	9040400
2019-01-31	12.35	12.2	12.45	12.45	4071200
2019-02-01	12.5	11.95	12.875	12.15	11013200
2019-02-04	12.15	11.95	12.4	12.35	13202200
2019-02-05	12.4	12.2	12.45	12.2	4610400
2019-02-06	12.0	12.0	12.2	12.1	2262800
2019-02-07	12.15	11.95	12.25	12.0	4965000
2019-02-08	11.9	11.9	12.15	11.9	2111600
2019-02-11	11.95	11.6	11.95	11.6	4585200
2019-02-12	11.65	11.65	12.0	11.95	7031800
2019-02-13	12.0	11.9	12.15	12.1	4760000
2019-02-14	12.15	12.0	12.15	12.0	1310400
2019-02-15	12.0	12.0	12.15	12.05	2079000
2019-02-18	12.05	11.3	12.1	11.4	10710800
2019-02-20	11.45	11.45	11.6	11.5	2128000
2019-02-21	11.5	11.5	11.7	11.65	3406000
2019-02-22	11.65	11.65	12.0	12.0	3173000
2019-02-25	12.0	11.75	12.1	11.95	3068600
2019-02-26	12.35	12.05	12.45	12.15	12656800
2019-02-27	12.2	12.15	12.35	12.15	4632600
2019-02-28	12.15	12.15	13.0	13.0	13385000
2019-03-01	13.125	12.875	13.625	13.5	7894000
2019-03-04	13.5	13.0	13.5	13.125	4002000
2019-03-05	13.0	13.0	14.0	14.0	5338000
2019-03-06	13.875	13.375	14.25	13.625	4790200
2019-03-07	13.75	13.5	14.375	14.375	3620800
2019-03-08	14.25	14.125	14.625	14.25	4285600
2019-03-11	14.125	14.0	15.0	14.5	4298400
2019-03-12	14.625	14.25	14.75	14.25	2240600
2019-03-13	14.25	13.75	14.5	14.25	4071600
2019-03-14	14.25	14.0	14.75	14.0	4005200
2019-03-15	14.0	13.75	14.25	14.0	2274400
2019-03-18	14.25	14.125	15.375	15.25	9617400
2019-03-19	15.125	15.0	15.625	15.5	4794800
2019-03-20	15.5	15.5	16.5	16.5	5183400
2019-03-21	16.5	15.75	16.5	15.875	3907200
2019-03-22	15.875	15.25	16.125	15.375	4849600
2019-03-25	15.0	14.75	15.625	15.5	3262200
2019-03-26	15.625	14.875	15.75	14.875	3636000
2019-03-27	14.875	14.375	15.5	15.5	7219000
2019-03-28	15.625	15.125	15.75	15.125	2870800
2019-03-29	15.125	15.125	15.625	15.5	2739400
2019-04-01	15.625	15.5	16.125	16.125	2570000
2019-04-02	16.25	15.125	16.25	15.375	4329600
2019-04-03	15.5	14.75	15.75	14.875	6744200
2019-04-04	15.0	14.875	15.125	15.0	2566600
2019-04-05	15.125	14.75	15.25	15.0	1456400
2019-04-09	15.125	14.875	15.25	15.0	872600
2019-04-10	15.0	15.0	15.625	15.5	1575800
2019-04-11	15.5	15.375	15.75	15.5	1705600
2019-04-12	15.625	15.0	15.75	15.125	1660600
2019-04-17	15.125	14.5	15.25	14.875	3235800
2019-04-18	15.0	14.875	15.5	15.125	1682600
2019-04-19	15.125	14.875	15.25	14.875	1243600
2019-04-22	15.0	14.875	15.375	15.25	2662400
2019-04-23	15.25	15.25	17.0	16.75	14794600
2019-04-24	16.75	16.375	17.375	17.125	5411400
2019-04-25	17.25	16.75	17.25	17.125	3044600
2019-04-26	17.125	16.875	17.5	17.25	5596000
2019-04-29	17.25	16.75	17.375	16.875	3756800
2019-04-30	16.875	16.875	17.875	17.875	5204600
2019-05-02	17.875	17.625	18.25	18.25	3687000
2019-05-03	18.25	17.875	19.125	18.25	6368400
2019-05-07	18.0	18.0	18.5	18.25	1162400
2019-05-08	18.375	16.625	18.375	16.75	10017200
2019-05-09	16.875	16.875	17.25	17.0	2421800
2019-05-10	17.125	16.25	17.375	17.25	4465400
2019-05-13	17.125	17.125	17.625	17.375	2344000
2019-05-14	17.375	17.25	18.5	18.25	5960200
2019-05-15	16.125	15.625	17.125	16.75	14626200
2019-05-16	17.0	16.25	17.0	16.375	3193600
2019-05-17	16.5	16.5	17.625	17.375	4760800
2019-05-21	17.375	16.875	17.375	17.25	2021400
2019-05-22	17.375	16.875	17.625	17.0	2545800
2019-05-23	17.0	16.75	17.125	16.875	910200
2019-05-24	17.0	16.75	17.0	16.75	715200
2019-05-27	17.0	16.75	17.25	16.875	3164400
2019-05-28	17.0	16.5	17.0	16.625	1782000
2019-05-29	16.625	16.625	17.0	16.625	913200
2019-05-30	16.75	16.125	16.75	16.125	2612800
2019-05-31	16.125	16.0	16.75	16.125	2456200
2019-06-04	16.25	16.125	16.5	16.375	1263000
2019-06-05	16.5	16.375	17.0	16.75	5069800
2019-06-06	16.875	16.875	17.5	17.125	5714200
2019-06-07	17.25	16.75	17.25	16.75	2011800
2019-06-10	16.875	16.625	17.0	17.0	1543200
2019-06-11	16.875	16.75	17.0	16.875	1143800
2019-06-12	16.875	16.75	17.25	17.125	2486800
2019-06-13	17.125	17.125	18.375	18.25	11443200
2019-06-14	18.25	17.875	18.25	18.0	2225800
2019-06-17	18.0	17.875	18.5	18.25	3412600
2019-06-18	18.25	18.0	18.5	18.0	2551000
2019-06-19	18.125	17.75	18.375	18.0	2984800
2019-06-20	18.0	17.875	19.25	19.0	19372600
2019-06-21	19.0	18.75	19.5	19.0	7580000
2019-06-24	19.125	19.125	19.875	19.5	5154000
2019-06-25	19.625	19.5	19.875	19.5	3147600
2019-06-26	19.5	18.75	19.875	18.75	5487200
2019-06-27	18.875	18.75	19.375	18.875	1550800
2019-06-28	19.0	18.5	19.125	18.5	1903600
2019-07-01	19.0	18.75	19.0	18.75	1524600
2019-07-02	18.625	18.5	19.25	18.625	1985800
2019-07-03	18.75	18.75	19.25	19.25	2668000
2019-07-04	19.5	19.5	20.25	20.25	7544400
2019-07-05	20.375	20.0	21.875	21.625	5619200
2019-07-08	21.625	21.5	22.875	21.875	10605800
2019-07-09	21.875	21.875	22.625	22.125	4174200
2019-07-10	22.875	22.75	23.625	22.875	4379600
2019-07-11	22.5	22.125	23.0	22.375	4049800
2019-07-12	22.625	22.625	24.25	24.25	5160400
2019-07-15	24.375	23.5	24.625	23.5	2372400
2019-07-17	23.375	23.375	24.0	23.5	1344400
2019-07-18	23.125	22.875	23.5	23.0	1367600
2019-07-19	23.25	23.25	24.0	24.0	1234400
2019-07-22	23.875	23.625	24.25	23.625	835400
2019-07-23	23.75	22.875	23.875	22.875	1690000
2019-07-24	23.375	22.625	23.375	23.0	1060000
2019-07-25	23.125	22.75	24.125	23.625	2623400
2019-07-26	23.625	23.25	23.875	23.375	607800
2019-07-30	23.375	22.25	23.375	22.375	2662800
2019-07-31	22.25	21.875	22.875	22.375	2072800
2019-08-01	22.625	22.375	22.75	22.5	1052800
2019-08-02	21.875	21.625	22.5	22.375	2841600
2019-08-05	22.375	20.875	22.375	21.0	3201200
2019-08-06	20.0	19.875	21.0	20.5	8284800
2019-08-07	20.5	20.375	21.75	21.375	5047200
2019-08-08	21.375	20.625	21.625	20.625	1643800
2019-08-09	21.125	20.5	21.25	20.875	2159400
2019-08-13	20.75	20.125	20.75	20.375	1876400
2019-08-14	21.125	20.625	21.625	20.875	3837800
2019-08-15	20.875	20.25	21.125	21.0	2360200
2019-08-16	21.375	21.25	22.5	22.375	4011800
2019-08-19	22.625	22.25	22.875	22.875	4156000
2019-08-20	23.0	23.0	23.75	23.75	5576400
2019-08-21	23.625	23.0	23.875	23.875	1552800
2019-08-22	24.0	23.625	24.0	24.0	1425200
2019-08-23	23.75	22.875	23.875	23.375	2062600
2019-08-26	22.5	22.5	23.25	23.0	1811400
2019-08-27	23.125	23.0	23.625	23.25	1367000
2019-08-28	23.0	23.0	23.75	23.75	1152400
2019-08-29	23.75	23.75	24.875	24.5	7032400
2019-08-30	24.625	24.375	25.25	24.5	5271400
2019-09-02	24.5	23.875	24.5	24.25	1053000
2019-09-03	24.375	23.875	24.5	24.0	978400
2019-09-04	24.25	24.0	24.875	24.0	1665000
2019-09-05	24.25	23.875	24.5	24.25	1813600
2019-09-06	24.5	24.5	25.75	25.5	5873000
2019-09-09	25.5	25.25	26.0	25.375	3836600
2019-09-10	25.5	24.25	25.625	24.75	2318400
2019-09-11	24.75	24.0	24.875	24.125	4295000
2019-09-12	24.25	23.25	24.375	23.5	2685800
2019-09-13	23.625	23.375	23.875	23.625	1303000
2019-09-16	23.875	23.625	24.125	23.875	1626400
2019-09-17	23.875	23.25	24.0	23.25	1833000
2019-09-18	23.625	23.375	24.0	23.875	2032000
2019-09-19	23.75	23.5	23.875	23.5	855400
2019-09-20	23.625	22.375	23.625	22.625	3430200
2019-09-23	22.375	21.375	22.625	22.5	3143400
2019-09-24	22.625	22.25	22.875	22.25	1148000
2019-09-25	22.375	22.0	22.625	22.5	1199000
2019-09-26	22.75	22.625	23.0	23.0	745200
2019-09-27	23.125	22.875	23.5	23.375	1119400
2019-09-30	23.5	23.125	23.5	23.125	455000
2019-10-01	23.375	22.5	23.375	23.125	875000
2019-10-02	22.75	22.5	23.0	22.5	473400
2019-10-03	22.625	22.125	22.75	22.375	277600
2019-10-04	22.5	22.125	22.625	22.25	1095400
2019-10-07	22.5	22.375	23.125	23.0	1457200
2019-10-08	23.0	22.75	23.25	22.75	742600
2019-10-09	22.625	22.125	22.625	22.5	715400
2019-10-10	22.5	22.375	22.5	22.375	267600
2019-10-11	22.75	22.625	23.625	23.625	2063800
2019-10-15	23.625	23.125	23.75	23.375	1288800
2019-10-16	23.375	23.125	23.875	23.375	2190400
2019-10-17	24.0	23.0	24.125	23.0	3473800
2019-10-18	23.25	22.625	23.5	23.5	1883200
2019-10-21	23.5	23.0	23.625	23.5	741400
2019-10-22	23.75	23.5	24.625	24.25	3160200
2019-10-24	24.375	23.875	24.375	23.875	941000
2019-10-25	24.0	22.875	24.0	22.875	2832200
2019-10-28	22.875	22.5	23.25	23.0	731800
2019-10-29	23.25	22.75	23.375	22.75	785600
2019-10-30	22.75	22.625	22.875	22.625	608400
2019-10-31	22.75	22.75	23.5	23.25	1380000
2019-11-01	23.375	23.0	23.875	23.25	1384200
2019-11-04	23.5	23.25	24.125	24.125	2432000
2019-11-05	24.125	23.625	25.25	25.25	4607200
2019-11-06	25.5	24.75	25.5	24.875	1377600
2019-11-07	24.75	24.75	26.875	26.25	8154600
2019-11-08	26.5	25.0	26.5	25.5	4365600
2019-11-11	25.5	24.875	25.75	25.375	1173200
2019-11-12	25.375	25.375	26.375	25.75	2834200
2019-11-13	25.625	25.375	25.875	25.625	1537800
2019-11-14	25.75	25.125	25.75	25.375	748800
2019-11-15	25.25	25.125	25.625	25.25	659800
2019-11-18	25.375	25.25	25.75	25.25	822600
2019-11-19	25.375	25.375	26.25	26.25	4733800
2019-11-20	26.25	26.0	28.0	27.5	6641000
2019-11-21	27.625	27.5	28.625	28.375	4515200
2019-11-22	28.75	28.25	29.25	28.375	4288400
2019-11-25	28.875	28.5	29.625	28.875	5880600
2019-11-26	29.125	27.0	29.375	27.0	8899600
2019-11-27	27.125	26.5	27.625	27.0	3948200
2019-11-28	27.125	27.0	27.625	27.375	2953400
2019-11-29	27.25	26.875	27.5	27.125	2694000
2019-12-02	27.125	27.0	28.0	27.75	3338200
2019-12-03	27.875	27.5	28.625	28.5	2980800
2019-12-04	28.625	27.5	28.625	27.5	2377000
2019-12-06	27.625	27.375	27.875	27.5	1173200
2019-12-09	27.625	26.5	27.625	26.875	1390200
2019-12-11	26.875	26.875	27.375	27.125	653200
2019-12-12	27.375	27.25	28.25	28.25	3874200
2019-12-13	28.5	28.125	28.75	28.375	2726600
2019-12-16	28.625	28.0	29.5	28.0	4556400
2019-12-17	28.0	27.75	29.125	29.0	5304000
2019-12-18	29.125	28.5	30.0	30.0	4488800
2019-12-19	29.875	29.5	31.5	31.25	4544400
2019-12-20	31.25	30.5	31.75	30.5	2973400
2019-12-23	30.5	30.25	31.75	31.75	3048000
2019-12-24	31.75	31.375	32.5	31.625	4122200
2019-12-25	31.875	31.25	32.75	32.25	4485200
2019-12-26	32.25	32.125	33.625	33.375	4176400
2019-12-27	33.5	33.375	34.5	33.5	4911800
2019-12-30	33.75	32.5	33.875	33.0	5543600
2020-01-02	33.0	32.75	33.625	32.75	2346200
2020-01-03	33.375	33.25	34.0	33.375	2836000
2020-01-06	32.75	32.5	33.5	32.5	4710400
2020-01-07	33.0	32.375	33.25	32.5	2938200
2020-01-08	32.5	32.0	32.75	32.125	1922600
2020-01-09	32.625	32.375	33.25	32.75	2613400
2020-01-10	33.0	33.0	33.5	33.5	3243600
2020-01-13	33.875	33.5	36.75	36.625	8559600
2020-01-14	36.75	36.125	37.5	36.5	4720400
2020-01-15	36.625	36.375	37.875	36.875	5291800
2020-01-16	36.875	35.875	37.75	36.375	4617800
2020-01-17	36.5	35.75	36.75	36.5	3310000
2020-01-20	36.75	35.625	36.75	35.75	2035200
2020-01-21	35.625	35.0	36.625	35.25	3594200
2020-01-22	34.0	31.875	35.625	35.5	21478000
2020-01-23	36.5	36.5	38.5	38.5	12081400
2020-01-24	38.625	38.0	40.625	38.25	11178200
2020-01-27	38.0	37.125	38.75	38.125	3925200
2020-01-28	38.625	37.5	39.125	37.625	3508600
2020-01-29	38.375	37.5	38.5	37.75	2837400
2020-01-30	37.875	37.625	38.375	37.75	1238800
2020-01-31	38.0	36.75	38.25	36.875	2592000
2020-02-03	36.5	36.125	37.75	36.75	4868400
2020-02-04	37.25	37.0	39.5	39.5	4749200
2020-02-05	40.125	40.125	41.625	41.0	8147800
2020-02-06	41.5	40.875	41.875	41.125	3309600
2020-02-07	41.5	41.125	42.125	41.375	3794400
2020-02-11	41.5	41.5	42.25	41.625	3307000
2020-02-12	41.625	41.25	42.0	41.375	1639600
2020-02-13	41.625	41.25	43.0	42.5	4376800
2020-02-14	42.625	42.5	45.0	43.5	6332000
2020-02-17	43.75	42.25	43.875	42.5	3159400
2020-02-18	42.625	41.75	43.0	41.75	2403400
2020-02-19	41.875	38.875	42.125	39.0	6279200
2020-02-20	38.875	38.125	39.875	38.5	5473200
2020-02-21	38.625	37.75	40.0	40.0	4429600
2020-02-24	39.5	38.5	39.75	38.5	2951600
2020-02-25	37.75	36.5	39.625	39.0	6268200
2020-02-26	39.0	36.625	40.0	36.625	5526200
2020-02-27	37.5	36.0	38.375	37.125	4222600
2020-02-28	36.25	36.25	37.5	36.375	3055200
2020-03-02	37.0	32.75	37.125	33.0	6087200
2020-03-03	34.75	32.75	35.0	33.0	8552600
2020-03-04	32.25	30.375	33.375	33.0	9041600
2020-03-05	34.125	33.125	34.875	33.5	5054600
2020-03-06	32.5	32.125	33.125	32.125	3384800
2020-03-09	30.125	29.75	31.125	30.0	3203800
2020-03-10	30.25	29.75	32.0	31.75	6608200
2020-03-11	31.5	30.125	32.375	30.125	5451000
2020-03-12	29.0	25.375	29.25	26.625	4792800
2020-03-13	24.0	21.375	29.5	26.25	6077400
2020-03-16	25.875	25.25	29.375	27.0	12317800
2020-03-17	28.25	26.0	28.375	26.0	5631200
2020-03-18	26.75	26.75	28.5	28.25	7799600
2020-03-19	29.25	28.5	32.375	32.375	13838400
2020-03-20	35.375	35.25	37.125	35.5	16681400
2020-03-23	34.0	31.5	38.0	31.5	16939800
2020-03-24	35.0	31.5	35.5	32.5	11722600
2020-03-25	33.75	33.0	34.25	33.375	4288400
2020-03-26	33.25	32.0	33.875	32.5	2853600
2020-03-27	33.375	32.25	33.5	32.75	2470800
2020-03-30	32.75	32.75	33.75	33.375	3635400
2020-03-31	33.75	33.25	33.875	33.625	2497200
2020-04-01	33.625	33.5	35.5	34.375	8375000
2020-04-02	35.0	34.375	37.0	35.875	7856200
2020-04-03	36.0	34.75	36.125	35.0	2910800
2020-04-07	36.125	35.25	36.25	35.75	2565800
2020-04-08	35.5	34.125	37.875	34.25	6341200
2020-04-09	34.625	33.25	35.375	34.125	5078800
2020-04-10	34.625	34.25	35.75	35.5	3370200
2020-04-13	35.5	34.875	35.75	35.25	1148400
2020-04-14	35.25	34.25	35.5	34.375	1892400
2020-04-15	34.75	34.125	35.125	34.5	1539600
2020-04-16	34.625	33.625	34.75	33.75	1222000
2020-04-17	34.25	34.125	35.25	34.5	1692200
2020-04-20	34.625	34.625	36.125	35.75	3530400
2020-04-21	35.875	35.5	37.5	36.5	5320400
2020-04-22	37.25	35.875	37.25	36.25	2804600
2020-04-23	36.875	36.625	38.75	38.5	6135800
2020-04-24	38.875	38.5	39.5	38.875	3780800
2020-04-27	39.0	38.25	40.125	39.25	2848400
2020-04-28	39.375	39.125	40.625	39.25	3463400
2020-04-29	39.75	39.375	40.0	39.75	1144200
2020-04-30	40.0	39.375	40.0	39.375	868800
2020-05-05	39.25	37.125	39.25	37.125	2838400
2020-05-07	36.5	34.75	37.0	35.0	4052000
2020-05-08	35.0	35.0	37.25	36.75	4241000
2020-05-11	38.0	37.375	39.0	37.5	3113400
2020-05-12	37.375	37.25	38.75	38.125	2327600
2020-05-13	38.5	38.125	39.125	38.75	3781600
2020-05-14	38.75	37.5	39.125	37.875	3929400
2020-05-15	38.25	38.0	38.625	38.125	1208600
2020-05-18	38.5	37.875	38.625	38.25	1249000
2020-05-19	38.625	38.625	42.0	40.75	7497400
2020-05-20	41.125	41.0	44.375	43.875	7089200
2020-05-21	44.5	44.5	47.25	46.5	8719400
2020-05-22	46.875	46.0	49.0	48.75	9238800
2020-05-25	49.0	48.875	52.25	51.0	5554600
2020-05-26	53.0	51.75	54.5	52.75	4859600
2020-05-27	53.25	50.5	54.0	51.0	4340800
2020-05-28	51.0	48.75	52.0	51.0	5834800
2020-05-29	51.0	49.875	51.0	51.0	1644800
2020-06-01	51.0	50.5	52.75	50.5	3477400
2020-06-02	51.25	50.0	52.25	51.0	2457600
2020-06-04	52.25	50.0	52.25	50.75	1757600
2020-06-05	51.5	50.75	52.0	51.25	1106400
2020-06-08	51.5	49.75	51.75	50.0	2651400
2020-06-09	49.75	49.0	50.75	49.0	1179400
2020-06-10	49.5	49.375	50.75	50.5	1643000
2020-06-11	49.75	49.75	54.0	54.0	5068600
2020-06-12	53.0	51.5	54.25	52.5	7350200
2020-06-15	52.25	51.0	54.75	51.0	3172600
2020-06-16	52.5	52.0	58.5	57.5	7203000
2020-06-17	57.5	56.5	59.0	56.75	5640800
2020-06-18	57.25	55.25	58.25	57.75	3380800
2020-06-19	58.25	57.75	63.75	61.5	10753200
2020-06-22	63.25	62.0	64.75	62.5	4798400
2020-06-23	63.5	61.0	63.75	63.0	3813600
2020-06-24	62.5	60.5	63.0	61.0	2934400
2020-06-25	59.5	58.25	63.0	63.0	9618400
2020-06-26	63.5	62.75	64.25	63.0	4295400
2020-06-29	62.75	62.25	67.5	67.5	7253800
2020-06-30	68.0	66.0	69.75	66.75	6093200
2020-07-01	67.5	66.5	68.5	67.0	3303000
2020-07-02	67.5	66.25	68.0	66.25	2496600
2020-07-03	66.25	64.25	67.5	65.75	4676400
2020-07-07	66.5	65.5	66.75	65.5	1930000
2020-07-08	66.25	64.25	66.5	64.75	1684600
2020-07-09	65.0	64.25	67.75	67.5	3660400
2020-07-10	67.25	65.25	69.0	65.25	4973600
2020-07-13	66.0	66.0	73.5	72.5	10123800
2020-07-14	71.5	68.25	73.0	68.75	8918400
2020-07-15	69.75	69.5	72.0	69.75	5291600
2020-07-16	70.25	68.0	70.5	68.25	2940400
2020-07-17	68.5	67.75	69.25	68.0	1672400
2020-07-20	68.75	68.5	70.75	70.0	3155000
2020-07-21	70.75	68.75	71.0	68.75	1706000
2020-07-22	68.75	66.5	69.25	66.5	2181800
2020-07-23	66.5	64.5	68.0	66.5	1706600
2020-07-24	67.25	67.0	69.75	69.0	3698600
2020-07-29	69.25	66.0	69.75	66.0	2420200
2020-07-30	66.0	64.25	67.5	64.25	2834800
2020-07-31	65.0	64.5	67.25	66.75	3656600
2020-08-03	67.0	66.5	67.75	67.75	1504600
2020-08-04	68.25	67.5	68.75	68.0	1850800
2020-08-05	67.75	66.25	68.0	66.5	838800
2020-08-06	66.5	66.5	68.0	66.5	1072200
2020-08-07	67.0	65.75	67.0	67.0	804000
2020-08-10	66.75	66.0	67.25	66.5	715400
2020-08-11	67.5	65.75	70.25	66.5	4689200
2020-08-13	67.5	60.75	67.75	60.75	6257800
2020-08-14	60.5	56.5	62.25	60.0	6761400
2020-08-17	60.0	58.75	61.25	58.75	1913000
2020-08-18	59.5	59.5	60.75	60.0	2087600
2020-08-19	60.0	59.5	65.5	65.5	9188800
2020-08-20	64.0	60.75	64.75	62.0	9225800
2020-08-21	62.0	61.75	63.75	62.25	2728800
2020-08-24	62.25	59.75	63.25	62.5	2211800
2020-08-25	63.0	60.0	63.0	60.0	1724800
2020-08-26	60.0	60.0	61.5	60.75	771000
2020-08-27	61.25	61.0	63.0	62.5	2567000
2020-08-28	62.75	61.5	63.25	61.75	954200
2020-08-31	61.5	61.5	63.5	63.0	2795600
2020-09-01	62.75	61.0	63.5	61.25	1598400
2020-09-02	61.5	61.0	62.0	61.5	866600
2020-09-03	61.75	61.0	62.25	62.0	889200
2020-09-08	61.5	60.0	61.75	60.0	1307800
2020-09-09	59.5	58.75	60.75	60.5	1474600
2020-09-10	61.25	59.5	61.5	59.5	1284400
2020-09-11	60.0	59.0	60.25	59.25	967800
2020-09-14	59.5	59.25	60.0	59.75	1222600
2020-09-15	59.5	59.5	60.25	60.25	456400
2020-09-16	60.25	60.25	64.0	63.0	3418600
2020-09-17	63.0	62.0	63.25	62.0	1572800
2020-09-18	62.5	62.25	65.25	65.0	4009400
2020-09-21	66.25	66.0	68.25	67.5	5416400
2020-09-22	67.5	65.5	68.0	66.5	2194000
2020-09-23	67.5	67.25	72.5	72.25	8272800
2020-09-24	72.0	69.5	74.5	70.25	5999200
2020-09-25	72.0	70.75	72.0	71.0	2733800
2020-09-28	71.5	68.0	71.75	68.25	3208600
2020-09-29	69.0	66.5	69.0	67.0	1850400
2020-09-30	66.75	64.25	68.25	64.25	2945400
2020-10-01	64.75	63.5	67.25	66.5	3157800
2020-10-02	66.5	65.0	69.0	67.0	3511400
2020-10-05	67.25	65.75	67.5	66.0	943000
2020-10-06	66.5	66.25	68.25	68.0	3660000
2020-10-07	68.25	67.0	68.75	68.5	1184200
2020-10-08	69.5	68.5	71.75	70.0	4750200
2020-10-09	70.75	65.5	70.75	66.0	4885200
2020-10-12	66.25	64.0	66.75	64.0	2709000
2020-10-14	64.0	62.5	65.25	62.5	2309800
2020-10-15	62.5	59.0	62.75	59.5	3772200
2020-10-16	59.75	59.5	61.0	59.75	1675000
2020-10-19	58.75	56.75	59.25	57.5	2459400
2020-10-20	57.5	57.5	59.5	57.75	2380800
2020-10-21	58.0	55.0	59.0	55.75	3583800
2020-10-22	56.0	55.5	57.0	56.75	3269400
2020-10-26	57.0	56.0	58.25	56.0	1764000
2020-10-27	56.0	55.5	56.75	56.25	1544800
2020-10-28	56.25	56.25	57.75	57.25	2015600
2020-10-29	57.0	56.5	57.75	57.25	1719000
2020-10-30	57.25	56.75	59.5	59.0	2333400
2020-11-02	59.0	57.25	59.25	57.5	1707800
2020-11-03	58.0	57.5	58.25	57.75	845200
2020-11-04	58.0	57.5	59.5	57.75	2236400
2020-11-05	58.0	58.0	60.5	60.25	2329200
2020-11-06	60.5	60.5	63.75	62.75	5392200
2020-11-09	64.5	62.0	64.5	64.0	2803600
2020-11-10	60.25	56.5	61.5	56.5	6345000
2020-11-11	57.5	56.5	58.5	58.5	3239400
2020-11-12	59.0	58.5	61.0	58.75	3451400
2020-11-13	59.25	58.0	59.5	58.75	1496800
2020-11-16	59.5	58.0	59.5	58.0	1173200
2020-11-17	58.25	57.5	58.75	57.5	849400
2020-11-18	58.0	57.75	59.25	58.25	1014000
2020-11-19	58.5	57.5	59.0	58.25	1356800
2020-11-20	58.5	57.25	58.75	57.5	1457000
2020-11-23	57.5	56.75	57.75	56.75	1751600
2020-11-24	57.25	56.0	59.25	59.0	4157800
2020-11-25	59.25	58.25	59.5	58.25	1590600
2020-11-26	58.0	58.0	60.75	60.5	2623800
2020-11-27	60.75	60.5	64.25	62.5	5552400
2020-11-30	63.5	60.75	63.75	62.5	2902000
2020-12-01	64.0	61.5	64.0	62.5	1679000
2020-12-02	62.5	61.5	63.0	62.0	1552200
2020-12-03	61.75	61.5	62.75	62.75	1111600
2020-12-04	62.75	60.75	62.75	60.75	1327200
2020-12-08	60.75	60.0	61.25	60.5	2023400
2020-12-09	61.0	59.0	61.0	59.0	1540000
2020-12-14	59.25	57.5	59.5	58.0	1308600
2020-12-15	58.0	57.0	58.5	57.25	1279200
2020-12-16	58.25	57.0	58.5	58.5	1649000
2020-12-17	58.5	58.25	60.5	60.0	1387200
2020-12-18	61.0	60.75	63.75	63.75	5462000
2020-12-21	66.25	61.75	68.25	61.75	13523200
2020-12-22	62.75	61.75	63.5	62.0	2962800
2020-12-23	62.75	61.0	63.25	61.0	2130200
2020-12-24	61.75	61.5	65.0	64.5	5785200
2020-12-25	64.25	63.0	66.25	64.25	4159800
2020-12-28	65.0	63.25	65.75	63.25	2742000
2020-12-29	63.5	63.25	67.25	66.0	6390000
2020-12-30	67.25	65.75	70.25	67.25	14012600
2021-01-04	67.5	64.25	67.75	65.0	5786000
2021-01-05	65.0	64.25	66.25	64.25	2553200
2021-01-06	63.75	61.5	64.25	61.5	4048000
2021-01-07	62.5	61.5	63.25	62.0	2185000
2021-01-08	62.5	61.75	63.5	62.0	2440600
2021-01-11	62.0	60.75	62.75	60.75	2572600
2021-01-12	61.25	60.25	62.25	60.25	2374600
2021-01-13	60.5	60.5	62.25	60.5	3154600
2021-01-14	61.0	60.25	61.5	60.5	1788000
2021-01-15	60.75	58.75	60.75	59.25	3023600
2021-01-18	59.25	59.25	60.5	60.5	1373400
2021-01-19	61.5	60.5	62.0	62.0	2702800
2021-01-20	62.0	62.0	63.25	62.5	2962000
2021-01-21	62.75	61.25	62.75	61.25	1861800
2021-01-22	61.25	60.25	62.0	60.5	1049800
2021-01-25	60.5	59.25	61.0	59.5	2156000
2021-01-26	60.5	60.0	62.75	62.75	5141200
2021-01-27	62.75	61.5	63.75	61.5	2824000
2021-01-28	61.25	60.25	62.0	60.25	1521800
2021-01-29	60.75	59.75	61.0	60.0	1061800
2021-02-01	60.0	60.0	61.25	61.25	576400
2021-02-02	61.75	60.75	61.75	61.5	1290800
2021-02-03	61.5	61.0	63.25	62.5	3455600
2021-02-04	62.0	61.25	63.0	62.5	2195200
2021-02-05	62.5	61.75	63.5	62.0	2135400
2021-02-08	62.5	61.5	62.5	62.0	1058200
2021-02-09	62.0	60.5	62.5	60.5	2390800
2021-02-10	60.5	60.5	61.25	61.0	747600
2021-02-11	60.75	59.5	60.75	60.25	878000
2021-02-15	60.5	60.25	62.25	61.0	1877600
2021-02-16	61.25	61.0	62.25	61.25	1133000
2021-02-17	62.5	62.5	68.0	68.0	23084800
2021-02-18	67.5	63.5	67.5	63.5	11483000
2021-02-19	62.75	60.75	64.25	61.25	4811600
2021-02-22	62.25	60.0	62.25	60.5	2315000
2021-02-23	59.75	59.75	62.0	61.0	2879000
2021-02-24	62.0	60.0	62.0	61.0	2291200
2021-02-25	61.25	60.5	61.75	60.5	1204400
2021-03-01	60.25	60.0	60.75	60.25	1041200
2021-03-02	60.5	60.0	60.5	60.0	1269200
2021-03-03	59.75	59.75	60.25	60.0	1264200
2021-03-04	60.0	59.5	60.0	59.5	1714600
2021-03-05	59.5	58.75	59.5	59.0	2373800
2021-03-08	59.0	58.5	59.75	59.0	2073000
2021-03-09	58.5	57.25	58.5	57.25	1988000
2021-03-10	57.25	57.25	59.25	57.75	4565000
2021-03-11	58.25	57.75	58.5	57.75	1397200
2021-03-12	57.75	57.75	60.0	59.25	3795800
2021-03-15	60.0	59.75	63.0	63.0	7395600
2021-03-16	63.0	61.75	63.25	62.5	3115000
2021-03-17	62.75	62.25	64.5	62.25	4271000
2021-03-18	63.0	62.0	63.25	62.0	1367400
2021-03-19	62.0	62.0	63.5	62.5	1670600
2021-03-22	63.25	62.25	63.75	62.75	3159800
2021-03-23	62.5	62.5	64.0	63.25	2422000
2021-03-24	63.25	62.75	64.25	63.25	3189200
2021-03-25	63.0	59.75	63.0	60.0	5883400
2021-03-26	60.25	60.0	61.0	60.25	3389800
2021-03-29	60.25	60.25	61.25	60.5	996400
2021-03-30	60.75	60.5	61.5	61.0	1041000
2021-03-31	61.0	60.25	62.0	61.25	2753800
2021-04-01	61.0	60.25	61.25	60.25	2130400
2021-04-02	61.25	60.75	62.0	62.0	3029600
2021-04-05	61.75	60.75	62.0	61.0	1225600
2021-04-07	62.0	61.25	62.5	61.25	1835800
2021-04-08	61.75	61.75	65.0	64.25	14432600
2021-04-09	64.75	62.75	66.0	63.5	7878200
2021-04-12	64.25	64.0	66.75	64.25	9134800
2021-04-16	65.0	62.5	66.0	62.75	6876200
2021-04-19	62.75	62.5	63.25	62.5	2363600
2021-04-20	62.75	62.5	63.5	62.5	2084600
2021-04-21	62.25	62.0	64.25	63.75	3361200
2021-04-22	63.75	63.0	64.25	63.0	1084600
2021-04-23	63.0	62.0	64.0	62.5	2476600
2021-04-26	62.5	60.5	63.5	61.0	2886400
2021-04-27	61.0	59.5	61.5	59.5	2933200
2021-04-28	60.75	59.5	60.75	59.75	2443600
2021-04-29	60.5	60.0	61.0	60.5	1405000
2021-04-30	61.0	60.0	61.5	60.25	1631200
2021-05-05	60.25	59.5	60.5	59.75	1124200
2021-05-06	60.0	59.0	60.5	59.75	1496000
2021-05-07	60.0	59.5	60.5	59.5	1695400
2021-05-10	59.75	58.75	59.75	59.0	969000
2021-05-11	59.0	58.25	59.5	58.5	1480000
2021-05-12	58.5	58.5	59.75	59.25	2273200
2021-05-13	58.5	55.5	59.75	57.25	5630800
2021-05-14	58.25	56.5	58.5	56.75	1980600
2021-05-17	56.0	56.0	57.25	56.25	1823200
2021-05-18	56.5	56.5	58.75	58.5	1334600
2021-05-19	58.25	57.25	59.25	57.5	1905000
2021-05-20	57.5	56.5	58.75	56.5	2374800
2021-05-21	56.0	56.0	57.0	56.25	2313800
2021-05-24	56.5	56.5	57.25	56.5	955600
2021-05-25	56.75	56.75	58.0	57.0	1816400
2021-05-27	57.25	57.25	58.25	58.25	1857400
2021-05-28	58.0	58.0	60.0	58.25	2647200
2021-05-31	58.75	57.25	58.75	58.0	712400
2021-06-01	58.25	57.5	58.5	57.75	916000
2021-06-02	58.25	58.0	59.25	58.75	1645600
2021-06-04	58.75	58.25	59.25	58.25	1614800
2021-06-07	58.75	58.75	60.75	60.0	4282200
2021-06-08	60.0	59.5	61.25	60.0	3741600
2021-06-09	60.5	59.75	60.5	59.75	1699200
2021-06-10	59.75	58.75	60.5	59.25	1663000
2021-06-11	59.75	59.0	60.25	59.75	2502000
2021-06-14	60.25	59.25	60.5	59.75	2245800
2021-06-15	59.5	57.25	59.5	57.5	3762000
2021-06-16	57.75	57.5	58.25	58.0	2513000
2021-06-17	58.25	58.25	59.5	59.25	2153200
2021-06-18	59.0	58.25	59.5	59.5	1555600
2021-06-21	58.5	58.25	59.0	58.5	503000
2021-06-22	58.75	58.5	59.75	59.25	1616200
2021-06-23	59.0	58.25	59.75	58.5	2035600
2021-06-24	59.0	57.75	59.25	59.0	2391000
2021-06-25	58.25	58.25	59.5	58.75	1792400
2021-06-28	59.0	58.5	60.5	60.25	2895200
2021-06-29	60.75	60.25	61.75	60.5	4270400
2021-06-30	60.75	60.25	61.25	60.75	1555200
2021-07-01	61.0	60.0	61.25	60.25	1037000
2021-07-02	60.5	59.25	60.75	59.75	1613800
2021-07-05	60.0	59.75	60.5	60.25	1561400
2021-07-06	60.25	59.5	60.5	59.5	543600
2021-07-07	59.5	58.0	59.75	58.5	788000
2021-07-08	58.0	56.5	58.0	56.5	1586200
2021-07-09	56.5	56.0	57.5	57.0	618800
2021-07-12	57.25	57.25	57.75	57.5	256800
2021-07-13	57.75	57.5	58.5	58.0	372000
2021-07-14	58.25	56.75	58.5	57.5	1344800
2021-07-15	58.0	57.5	58.25	58.0	1325400
2021-07-16	58.0	57.25	58.5	57.75	1122200
2021-07-19	57.5	57.0	57.75	57.5	765800
2021-07-20	57.25	56.5	57.5	57.0	1121400
2021-07-21	56.75	56.5	57.5	57.5	1120000
2021-07-22	57.5	57.25	58.5	57.5	433000
2021-07-23	58.0	57.5	58.25	58.0	1006600
2021-07-27	58.0	57.5	58.0	57.5	825200
2021-07-29	57.75	56.5	58.0	57.0	545600
2021-07-30	57.75	55.5	57.75	56.0	1636400
2021-08-02	57.5	56.5	57.5	56.75	552600
2021-08-03	57.0	57.0	60.0	59.0	1907600
2021-08-04	59.25	57.75	59.5	58.25	643800
2021-08-05	58.5	57.25	58.75	57.25	483200
2021-08-06	57.75	56.0	58.0	56.5	806000
2021-08-09	57.0	56.5	57.25	56.5	453800
2021-08-10	57.0	56.25	57.25	56.5	284000
2021-08-11	57.25	56.75	57.25	56.75	236000
2021-08-13	57.0	55.75	57.75	56.0	1117400
2021-08-16	56.5	56.0	56.75	56.25	450200
2021-08-17	56.25	56.0	56.75	56.25	600600
2021-08-18	56.0	55.75	57.0	56.5	1340000
2021-08-19	56.25	55.75	56.5	56.0	713800
2021-08-20	56.25	56.0	56.5	56.25	864000
2021-08-23	56.25	56.25	57.0	56.25	1023200
2021-08-24	57.0	56.5	58.0	57.5	2334800
2021-08-25	58.0	58.0	58.75	58.0	1692600
2021-08-26	57.75	56.0	58.0	57.75	1450400
2021-08-27	57.5	56.75	58.0	57.0	647000
2021-08-30	56.75	56.75	57.75	57.75	619200
2021-08-31	57.75	57.75	59.25	58.5	1359400
2021-09-01	58.75	57.75	59.0	58.25	614200
2021-09-02	58.0	57.5	58.5	57.75	848200
2021-09-03	57.5	56.5	58.0	57.0	2426400
2021-09-06	56.5	56.25	57.25	56.25	1678800
2021-09-07	56.75	56.25	56.75	56.25	1203800
2021-09-08	56.75	56.0	56.75	56.25	742800
2021-09-09	56.5	56.0	56.5	56.25	343000
2021-09-10	56.25	55.5	56.5	56.0	1320600
2021-09-13	55.75	53.0	56.5	53.75	5293000
2021-09-14	54.0	52.0	54.5	52.0	2866200
2021-09-15	52.75	52.5	54.0	54.0	3021800
2021-09-16	54.5	53.75	55.75	54.25	4161000
2021-09-17	56.25	55.25	57.0	55.25	4525200
2021-09-20	55.5	54.0	55.5	54.0	1802200
2021-09-21	54.0	53.0	55.0	54.5	1949600
2021-09-22	54.5	53.75	55.0	54.5	1275200
2021-09-23	54.5	53.75	54.75	53.75	850600
2021-09-27	53.5	51.75	54.25	51.75	2251400
2021-09-28	52.25	51.0	52.25	51.25	1247800
2021-09-29	50.5	50.25	52.0	51.75	908200
2021-09-30	51.75	51.5	52.75	52.25	680200
2021-10-01	52.25	51.5	52.5	51.5	491000
2021-10-04	51.5	50.5	52.0	51.5	772200
2021-10-05	51.25	51.0	51.5	51.25	341600
2021-10-06	51.0	51.0	52.0	51.75	598200
2021-10-07	51.5	51.5	53.5	53.0	1276800
2021-10-08	53.5	53.25	53.75	53.5	581800
2021-10-11	53.5	53.5	54.0	54.0	620000
2021-10-12	53.75	52.75	54.0	52.75	682800
2021-10-14	52.75	52.5	53.5	53.5	573800
2021-10-15	53.5	53.0	53.75	53.25	319200
2021-10-18	52.75	52.5	53.5	52.75	448400
2021-10-19	53.0	52.25	53.0	53.0	727400
2021-10-20	53.25	53.0	54.25	53.75	736800
2021-10-21	54.0	53.0	54.0	53.25	469800
2021-10-25	53.5	53.0	54.0	53.0	641800
2021-10-26	53.0	52.5	53.5	52.75	278200
2021-10-27	52.5	52.5	53.25	52.75	775600
2021-10-28	53.0	51.75	53.0	52.5	619800
2021-10-29	52.75	52.0	52.75	52.5	643000
2021-11-01	52.5	51.0	52.5	51.0	1443600
2021-11-02	51.25	51.0	51.75	51.75	313200
2021-11-03	51.75	50.75	52.0	51.25	570000
2021-11-04	51.25	51.0	51.5	51.5	632400
2021-11-05	51.5	51.25	52.0	51.75	533000
2021-11-08	52.0	51.75	53.0	51.75	998400
2021-11-09	52.0	51.75	53.5	53.5	1544000
2021-11-10	53.5	53.25	54.0	53.5	709000
2021-11-11	53.25	53.25	54.5	54.0	1785400
2021-11-12	55.0	52.5	55.25	53.0	3074800
2021-11-15	53.25	52.5	54.25	53.25	1282600
2021-11-16	53.0	52.75	53.5	53.0	1717200
2021-11-17	53.0	52.75	53.5	52.75	509400
2021-11-18	53.0	53.0	53.5	53.5	628200
2021-11-19	53.5	53.5	56.25	55.25	7005000
2021-11-22	55.25	53.5	55.5	54.25	3657600
2021-11-23	54.0	54.0	56.0	55.25	2146400
2021-11-24	55.5	55.0	57.0	55.0	2072000
2021-11-25	55.0	54.5	55.25	54.75	1624000
2021-11-26	54.5	53.0	55.0	53.75	1456400
2021-11-29	53.5	52.5	54.0	52.5	1097200
2021-11-30	52.75	52.0	54.0	52.5	1551600
2021-12-01	53.0	51.5	53.25	52.25	1504600
2021-12-02	52.25	51.0	52.5	52.0	1278600
2021-12-03	51.75	51.75	53.5	53.0	838200
2021-12-07	53.25	51.75	53.25	52.5	2497600
2021-12-08	52.5	52.5	53.75	52.5	1554400
2021-12-09	53.0	53.0	55.25	53.75	3190400
2021-12-13	53.5	52.5	54.25	54.0	2361200
2021-12-14	54.0	52.5	54.0	53.0	690000
2021-12-15	53.0	51.25	53.25	51.5	1542000
2021-12-16	51.75	51.0	52.5	51.5	1655000
2021-12-17	51.75	51.5	53.0	53.0	1576000
2021-12-20	53.25	51.25	53.25	52.0	1772000
2021-12-21	52.0	51.25	52.25	51.25	856000
2021-12-22	51.5	51.0	51.75	51.25	1618200
2021-12-23	51.25	50.75	51.5	50.75	1595800
2021-12-24	51.0	51.0	51.5	51.25	340400
2021-12-27	51.25	50.0	51.5	50.25	1506600
2021-12-28	50.25	48.75	50.5	48.75	3536200
2021-12-29	49.0	47.75	49.125	48.375	2357000
2021-12-30	48.75	48.375	49.125	48.5	1589200
2022-01-04	48.875	47.25	49.0	47.625	3292400
2022-01-05	47.75	47.375	48.0	47.5	2449200
2022-01-06	47.5	46.5	47.625	46.875	2176200
2022-01-07	46.625	46.25	47.375	47.0	2556800
2022-01-10	47.0	46.375	47.125	46.875	2683800
2022-01-11	47.0	46.75	47.25	46.75	3577200
2022-01-12	47.0	47.0	49.375	49.0	7119800
2022-01-13	49.75	49.0	50.25	49.0	2203500
2022-01-14	49.25	48.25	49.5	48.25	1351800
2022-01-17	48.5	48.0	49.0	48.5	1076300
2022-01-18	48.75	47.0	49.0	47.25	1305800
2022-01-19	47.25	46.5	47.75	47.0	873000
2022-01-20	47.0	47.0	47.75	47.75	822500
2022-01-21	47.75	47.25	48.25	47.5	798900
2022-01-24	47.75	46.25	48.0	46.75	552500
2022-01-25	46.75	44.75	48.0	47.5	4928000
2022-01-26	47.75	46.0	48.0	46.5	1018200
2022-01-27	46.0	44.5	46.0	45.25	2107900
2022-01-28	45.25	45.25	46.75	46.0	800400
2022-01-31	46.25	46.25	49.0	48.25	1386000
2022-02-01	47.75	47.25	48.75	47.5	1397000
2022-02-02	47.5	46.5	47.5	47.0	1220900
2022-02-03	47.0	46.75	48.0	46.75	776800
2022-02-04	47.0	46.5	47.75	46.75	1032800
2022-02-07	47.0	45.75	47.25	46.5	2218500
2022-02-08	46.75	45.75	47.0	46.25	1591600
2022-02-09	46.5	46.5	47.5	47.0	2339800
2022-02-10	47.0	46.25	47.25	46.25	694100
2022-02-11	46.5	46.0	47.0	46.25	2686800
2022-02-14	46.5	45.25	46.75	46.0	1560100
2022-02-15	46.0	45.5	46.5	45.75	1215500
2022-02-17	45.5	45.25	46.25	45.5	937000
2022-02-18	45.75	45.5	46.25	45.5	1198400
2022-02-21	45.75	45.25	46.5	45.25	1326900
2022-02-22	45.25	44.75	45.75	45.5	1219100
2022-02-23	45.5	45.5	47.25	46.0	2265800
2022-02-24	46.25	44.5	46.75	45.0	2264300
2022-02-25	45.0	45.0	46.25	45.75	1789200
2022-02-28	45.75	45.25	46.25	45.25	1889500
2022-03-01	45.75	45.0	46.75	46.5	3785000
2022-03-02	46.5	43.75	46.75	43.75	3796500
2022-03-03	44.25	44.25	45.5	44.25	1616700
2022-03-04	44.25	44.0	45.5	45.0	7703400
2022-03-07	44.75	42.5	44.75	42.75	3122200
2022-03-08	42.75	40.5	43.25	41.75	2914500
2022-03-09	42.5	41.75	43.5	42.75	1114100
2022-03-10	43.25	43.25	44.5	43.5	1657700
2022-03-11	43.5	42.5	43.5	43.0	1242600
2022-03-14	43.0	42.25	43.25	42.5	639600
2022-03-15	42.75	41.25	43.0	41.5	1669100
2022-03-16	42.0	41.75	43.0	42.0	4549500
2022-03-17	42.25	41.75	42.5	41.75	4522400
2022-03-18	42.0	40.75	42.0	41.0	5329700
2022-03-21	41.25	41.0	42.5	41.25	4591500
2022-03-22	41.25	41.25	41.75	41.5	2337700
2022-03-23	41.5	41.5	42.75	41.75	3993700
2022-03-24	41.25	41.25	42.5	42.0	3953000
2022-03-25	42.0	41.5	42.5	41.5	1027700
2022-03-28	41.75	41.0	42.0	41.5	1450900
2022-03-29	41.5	40.5	41.75	40.75	2275300
2022-03-30	41.0	40.75	41.5	41.0	2364000
2022-03-31	41.0	39.75	41.25	40.0	2978800
2022-04-01	40.0	39.5	40.25	40.0	1154300
2022-04-04	40.0	39.75	41.0	40.75	1386700
2022-04-05	41.0	40.5	41.0	40.75	606800
2022-04-07	40.75	39.5	40.75	40.0	4788800
2022-04-08	40.0	40.0	41.25	41.0	1783500
2022-04-11	41.25	40.5	41.25	40.75	1548900
2022-04-12	40.5	40.0	40.75	40.5	777000
2022-04-18	40.75	40.5	41.5	40.75	2198700
2022-04-19	41.0	41.0	45.75	44.0	9344400
2022-04-20	45.25	43.5	47.25	44.0	10893000
2022-04-21	44.5	44.25	46.0	44.75	9471900
2022-04-22	45.0	44.75	45.75	45.0	10564700
2022-04-25	44.75	44.0	46.25	45.5	12177700
2022-04-26	45.75	44.25	46.25	45.0	10922500
2022-04-27	45.0	44.25	48.25	47.25	22627200
2022-04-28	48.0	46.75	49.5	48.0	23215300
2022-04-29	48.0	47.5	49.75	49.75	10850100
2022-05-03	49.25	47.75	49.5	47.75	6555600
2022-05-05	48.0	47.5	48.75	48.0	7825800
2022-05-06	47.25	45.5	47.25	46.25	7405800
2022-05-09	45.0	43.0	45.5	43.5	7944700
2022-05-10	43.5	42.5	45.25	44.75	6253500
2022-05-11	44.5	44.0	45.0	44.5	2602700
2022-05-12	44.25	41.0	44.25	41.5	6826200
2022-05-13	42.0	41.0	42.5	41.75	4487900
2022-05-17	43.0	42.25	43.5	43.0	4566900
2022-05-18	43.25	42.75	44.25	43.5	4002100
2022-05-19	42.25	42.0	43.0	42.0	1989500
2022-05-20	42.75	42.75	44.25	44.0	3973500
2022-05-23	43.75	43.75	46.25	45.5	6657600
2022-05-24	45.75	44.5	46.25	45.0	3680700
2022-05-25	45.0	44.25	45.25	45.0	3205500
2022-05-26	45.0	45.0	46.25	45.75	4611200
2022-05-27	45.5	45.0	46.5	46.0	4018700
2022-05-30	46.0	46.0	48.25	47.75	7358800
2022-05-31	48.25	47.25	48.25	47.75	3415200
2022-06-01	47.75	47.5	49.5	48.5	9681000
2022-06-02	47.75	47.25	48.25	48.0	6559300
2022-06-06	47.75	47.0	49.5	49.0	6707600
2022-06-07	48.75	47.0	49.25	47.5	4718400
2022-06-08	47.5	47.5	49.0	48.75	4043500
2022-06-09	49.0	48.5	50.5	50.0	7365400
2022-06-10	49.5	49.5	51.0	50.25	6218000
2022-06-13	49.25	48.25	50.0	49.0	5987300
2022-06-14	48.75	48.5	49.75	49.5	2751900
2022-06-15	49.5	49.0	50.5	49.0	3357900
2022-06-16	49.0	47.75	49.75	48.0	4881400
2022-06-17	47.0	47.0	48.75	48.5	3855500
2022-06-20	48.25	47.25	48.5	48.25	1764800
2022-06-21	48.25	47.75	48.5	48.5	497200
2022-06-22	48.25	46.5	48.25	48.25	4156000
2022-06-23	48.25	48.25	50.25	49.75	5122100
2022-06-24	49.75	49.25	50.0	49.25	1830100
2022-06-27	49.25	48.25	49.75	48.5	2215700
2022-06-28	48.5	47.75	48.75	48.0	2008600
2022-06-29	47.75	47.0	48.25	48.0	1566300
2022-06-30	48.25	47.5	49.5	49.5	6165600
2022-07-01	48.75	48.0	49.5	49.25	3516500
2022-07-04	49.25	48.0	50.5	48.0	2955300
2022-07-05	48.0	45.5	48.25	47.0	4634400
2022-07-06	46.5	46.25	48.0	48.0	2379700
2022-07-07	48.0	47.5	49.0	48.5	1952900
2022-07-08	48.75	47.75	48.75	48.25	1187500
2022-07-11	48.0	46.25	48.25	46.75	3344400
2022-07-12	46.25	43.5	46.25	44.25	7860900
2022-07-14	44.5	43.5	44.5	44.0	2205400
2022-07-15	43.75	43.75	44.75	44.5	2169700
2022-07-18	44.75	43.5	45.25	44.0	2714300
2022-07-19	43.75	43.0	44.0	43.5	2140200
2022-07-20	44.0	43.75	44.5	44.0	1768000
2022-07-21	44.0	43.75	44.5	44.5	1133900
2022-07-22	44.75	44.25	44.75	44.75	1609200
2022-07-25	44.75	44.25	45.75	45.5	2214800
2022-07-26	46.0	44.75	46.25	45.0	2170000
2022-07-27	45.0	44.5	45.25	45.0	639400
2022-08-01	45.5	45.5	47.25	46.75	2501000
2022-08-02	46.5	46.25	47.25	47.0	1719400
2022-08-03	47.25	46.5	47.25	47.0	1953200
2022-08-04	47.0	46.5	47.25	47.0	1827300
2022-08-05	47.25	47.25	49.25	48.0	5240700
2022-08-08	47.75	47.25	48.5	48.0	2250300
2022-08-09	48.0	47.5	48.25	47.75	2072100
2022-08-10	47.75	47.0	48.25	47.25	2374900
2022-08-11	47.5	47.25	48.0	47.25	3087700
2022-08-15	44.0	41.75	44.5	43.75	13152900
2022-08-16	43.5	41.75	43.5	42.0	11590700
2022-08-17	42.0	42.0	42.75	42.0	4375700
2022-08-18	42.0	41.75	42.5	42.0	2665800
2022-08-19	42.25	42.25	43.25	42.5	4896400
2022-08-22	42.5	42.5	43.5	43.0	2901900
2022-08-23	42.75	42.5	44.0	43.25	2789100
2022-08-24	43.5	43.25	44.0	43.5	2255900
2022-08-25	43.75	42.75	43.75	43.0	2539100
2022-08-26	42.5	42.25	43.25	43.0	3511200
2022-08-29	42.25	41.75	43.25	43.0	2854700
2022-08-30	43.0	42.5	43.25	42.75	1402800
2022-08-31	42.5	42.5	43.5	42.75	2880000
2022-09-01	42.75	42.75	43.75	43.25	2044100
2022-09-02	43.25	42.25	43.5	42.5	2743300
2022-09-05	42.5	42.5	43.5	43.25	1265000
2022-09-06	43.25	43.25	44.5	44.5	3497400
2022-09-07	44.0	43.75	45.25	45.0	2626800
2022-09-08	45.75	44.25	45.75	44.75	3155400
2022-09-09	44.75	44.25	45.5	45.25	2097000
2022-09-12	45.0	44.0	45.75	44.25	2203000
2022-09-13	44.5	43.75	45.0	44.75	1588800
2022-09-14	44.0	43.75	45.0	44.75	1257000
2022-09-15	45.0	43.75	45.5	44.0	2349600
2022-09-16	43.75	43.25	44.25	43.25	2030300
2022-09-19	43.25	42.5	43.5	42.5	941600
2022-09-20	42.75	42.75	43.75	43.5	1179900
2022-09-21	43.5	42.5	44.0	42.75	1542700
2022-09-22	43.0	42.5	43.5	43.25	953700
2022-09-23	42.75	42.75	43.25	43.0	1008600
2022-09-26	42.75	42.5	43.75	42.75	2191400
2022-09-27	43.0	42.0	43.25	42.25	1874900
2022-09-28	42.25	41.0	42.25	41.0	2293000
2022-09-29	41.25	38.75	41.75	39.5	6004500
2022-09-30	39.0	38.75	39.75	39.0	2531100
2022-10-03	39.25	36.25	39.25	36.5	3925500
2022-10-04	37.0	36.0	37.25	36.75	2889600
2022-10-05	37.25	36.75	38.0	37.0	2048600
2022-10-06	36.75	36.5	37.5	37.0	2794600
2022-10-07	37.0	34.75	37.0	35.5	3644700
2022-10-10	35.25	34.75	35.5	35.0	3270900
2022-10-11	35.0	33.25	35.0	34.75	3411800
2022-10-12	34.75	34.0	35.0	34.25	1850100
2022-10-17	34.25	33.75	35.0	35.0	1720300
2022-10-18	35.25	35.0	36.0	35.75	997200
2022-10-19	36.0	36.0	36.5	36.5	1712100
2022-10-20	36.5	35.75	36.5	36.0	2478700
2022-10-21	36.0	35.5	36.25	35.5	470100
2022-10-25	35.5	34.5	35.75	34.75	1798200
2022-10-26	34.75	34.25	35.75	34.75	2365500
2022-10-27	34.75	34.25	36.0	35.25	2585400
2022-10-28	35.5	35.5	37.25	37.25	5029400
2022-10-31	37.25	37.25	38.25	37.5	3656300
2022-11-01	38.0	37.5	38.75	38.25	1615000
2022-11-02	38.5	38.0	39.0	38.5	2942200
2022-11-03	38.5	38.0	39.5	39.25	1967300
2022-11-04	38.75	38.75	40.0	39.25	1971800
2022-11-07	39.25	38.25	39.5	38.5	2468000
2022-11-08	39.0	38.5	39.5	38.75	1429600
2022-11-09	39.0	38.5	39.25	38.75	1152300
2022-11-10	38.75	38.75	39.75	39.0	3096600
2022-11-11	39.0	38.5	39.75	38.75	2028500
2022-11-14	39.0	38.75	40.0	38.75	4643500
2022-11-15	38.75	37.75	39.0	38.5	2004700
2022-11-16	38.75	38.25	38.75	38.75	576800
2022-11-17	38.75	38.0	39.25	38.5	1011800
2022-11-18	38.25	38.25	38.75	38.25	363600
2022-11-21	38.25	37.75	38.75	38.0	535800
2022-11-22	37.75	37.75	38.5	38.25	932500
2022-11-23	38.5	38.0	38.75	38.75	631700
2022-11-24	39.0	38.75	39.75	38.75	1435500
2022-11-25	38.75	38.5	39.25	38.5	737900
2022-11-28	38.75	38.5	39.0	39.0	1615000
2022-11-29	39.0	38.25	39.0	38.5	747000
2022-11-30	38.75	38.0	39.0	38.75	1497800
2022-12-01	38.75	38.5	39.75	39.5	1633100
2022-12-02	39.5	38.75	39.75	39.25	1290400
2022-12-06	39.5	38.75	40.25	39.0	885900
2022-12-07	39.0	38.25	39.0	38.5	548600
2022-12-08	38.25	38.0	38.75	38.25	1420200
2022-12-09	38.0	38.0	40.0	39.75	4069600
2022-12-13	39.75	38.75	39.75	39.25	1836200
2022-12-14	39.5	39.25	39.75	39.25	534800
2022-12-15	39.25	38.25	39.5	39.0	748800
2022-12-16	38.75	38.5	39.25	39.25	558500
2022-12-19	39.0	38.75	39.25	38.75	279600
2022-12-20	38.75	38.25	39.25	39.0	991500
2022-12-21	39.0	38.75	39.0	39.0	189200
2022-12-22	39.0	38.5	39.0	39.0	452600
2022-12-23	39.0	38.75	39.0	38.75	113000
2022-12-26	38.75	38.75	39.5	39.25	342100
2022-12-27	39.5	39.0	39.5	39.25	446200
2022-12-28	39.25	39.0	39.5	39.25	551500
2022-12-29	39.25	39.0	39.75	39.25	619600
2022-12-30	39.25	39.0	39.75	39.0	590400
