Date	Price Open	Price Low	Price High	Price Close	Volume
2015-05-08	2.9228567	1.885714	2.97942812	1.9799997	491419000.0
2015-05-11	1.94228542	1.7914283	1.9799997	1.7914283	73517000.0
2015-05-12	1.81028544	1.7914283	2.09314254	2.01771398	266263400.0
2015-05-13	2.03657112	1.85742829	2.03657112	1.86685686	92144200.0
2015-05-14	1.87628543	1.86685686	1.96114256	1.87628543	41881400.0
2015-05-15	1.90457114	1.85742829	1.90457114	1.86685686	23953900.0
2015-05-18	1.885714	1.82914258	1.90457114	1.82914258	29558800.0
2015-05-19	1.83857115	1.81971401	1.86685686	1.82914258	24198500.0
2015-05-20	1.83857115	1.83857115	1.92342828	1.885714	61221900.0
2015-05-21	1.90457114	1.81971401	1.90457114	1.83857115	30100400.0
2015-05-22	1.85742829	1.82914258	1.86685686	1.83857115	6907100.0
2015-05-25	1.84799972	1.80085687	1.84799972	1.80085687	7746700.0
2015-05-26	1.81971401	1.70657117	1.82914258	1.71599974	35317000.0
2015-05-27	1.72542831	1.71599974	1.7914283	1.75371402	15039700.0
2015-05-28	1.76314259	1.72542831	1.78199973	1.72542831	9189200.0
2015-05-29	1.73485688	1.71599974	1.75371402	1.71599974	9949000.0
2015-06-02	1.71599974	1.64999975	1.71599974	1.65942832	7852400.0
2015-06-03	1.65942832	1.65942832	1.70657117	1.65942832	6230400.0
2015-06-04	1.67828546	1.65942832	1.74428545	1.74428545	16770300.0
2015-06-05	1.75371402	1.73485688	1.77257116	1.73485688	17332200.0
2015-06-08	1.90457114	1.84799972	2.03657112	2.03657112	183985000.0
2015-06-09	2.01771398	1.885714	2.05542826	1.92342828	152273900.0
2015-06-10	1.94228542	1.87628543	1.99885684	1.885714	59173700.0
2015-06-11	1.885714	1.885714	1.96114256	1.90457114	38974000.0
2015-06-12	1.92342828	1.90457114	2.0742854	1.99885684	91886100.0
2015-06-15	1.96114256	1.96114256	2.20628538	2.20628538	66693700.0
2015-06-16	2.20628538	2.11199968	2.28171394	2.28171394	36556400.0
2015-06-17	2.31942822	2.22514252	2.31942822	2.28171394	15135800.0
2015-06-18	2.2628568	2.0742854	2.31942822	2.1685711	28563100.0
2015-06-19	2.13085682	2.0742854	2.18742824	2.13085682	12914500.0
2015-06-22	2.18742824	2.14971396	2.30057108	2.30057108	38038600.0
2015-06-23	2.30057108	2.20628538	2.31942822	2.22514252	21824000.0
2015-06-24	2.24399966	2.1685711	2.2628568	2.20628538	11454900.0
2015-06-25	2.22514252	2.0742854	2.22514252	2.18742824	27127600.0
2015-06-26	2.18742824	2.1685711	2.31942822	2.30057108	23934700.0
2015-06-29	2.20628538	2.18742824	2.48914248	2.43257106	74869500.0
2015-06-30	2.4514282	2.3571425	2.58342818	2.52685676	51019500.0
2015-07-02	2.50799962	2.50799962	2.71542816	2.71542816	56094300.0
2015-07-03	2.6399996	2.50799962	2.71542816	2.62114246	43367300.0
2015-07-06	2.5457139	2.5457139	2.69657102	2.6399996	22514500.0
2015-07-07	2.65885674	2.58342818	2.69657102	2.6399996	12025900.0
2015-07-08	2.6399996	2.60228532	2.77199958	2.77199958	39267600.0
2015-07-09	2.7342853	2.69657102	2.828571	2.77199958	18096400.0
2015-07-10	2.79085672	2.69657102	2.79085672	2.75314244	10869600.0
2015-07-13	2.75314244	2.69657102	2.77199958	2.77199958	8747600.0
2015-07-14	2.75314244	2.75314244	2.84742814	2.79085672	15443700.0
2015-07-15	2.79085672	2.67771388	2.828571	2.67771388	9330600.0
2015-07-16	2.67771388	2.43257106	2.67771388	2.4514282	25035700.0
2015-07-17	2.43257106	2.37599964	2.5457139	2.52685676	18135300.0
2015-07-20	2.50799962	2.48914248	2.58342818	2.52685676	7446900.0
2015-07-21	2.5457139	2.03657112	2.5457139	2.22514252	72072400.0
2015-07-22	2.14971396	2.11199968	2.24399966	2.24399966	19929200.0
2015-07-23	2.22514252	2.20628538	2.39485678	2.37599964	27503100.0
2015-07-24	2.33828536	2.11199968	2.3571425	2.24399966	25510800.0
2015-07-27	2.28171394	2.20628538	2.41371392	2.37599964	54538800.0
2015-07-28	2.33828536	2.30057108	2.41371392	2.30057108	20724200.0
2015-07-29	2.33828536	2.30057108	2.3571425	2.31942822	6051600.0
2015-07-31	2.30057108	2.30057108	2.47028534	2.41371392	25891000.0
2015-08-03	2.43257106	2.41371392	2.5457139	2.48914248	31737000.0
2015-08-04	2.50799962	2.47028534	2.58342818	2.50799962	36523600.0
2015-08-05	2.5457139	2.47028534	2.56457104	2.47028534	11804300.0
2015-08-06	2.47028534	2.3571425	2.50799962	2.41371392	15023200.0
2015-08-07	2.43257106	2.37599964	2.47028534	2.39485678	5317500.0
2015-08-10	2.39485678	2.39485678	2.5457139	2.48914248	23074700.0
2015-08-11	2.48914248	2.39485678	2.56457104	2.41371392	20111100.0
2015-08-13	2.3571425	2.24399966	2.3571425	2.30057108	14882300.0
2015-08-14	2.33828536	2.31942822	2.39485678	2.31942822	7514700.0
2015-08-17	2.33828536	2.33828536	2.50799962	2.4514282	18608300.0
2015-08-18	2.31942822	2.30057108	2.41371392	2.3571425	14016800.0
2015-08-19	2.43257106	2.3571425	2.43257106	2.3571425	7457600.0
2015-08-20	2.39485678	2.33828536	2.39485678	2.33828536	1574200.0
2015-08-21	2.31942822	2.28171394	2.33828536	2.28171394	4945800.0
2015-08-24	2.22514252	2.01771398	2.24399966	2.01771398	13821800.0
2015-08-25	2.11199968	1.77257116	2.11199968	2.05542826	19818000.0
2015-08-26	1.99885684	1.99885684	2.18742824	2.03657112	13287200.0
2015-08-27	2.09314254	2.0742854	2.14971396	2.11199968	5691400.0
2015-08-28	2.14971396	2.11199968	2.22514252	2.13085682	23903100.0
2015-08-31	2.14971396	2.14971396	2.22514252	2.18742824	14482900.0
2015-09-01	2.18742824	2.1685711	2.28171394	2.1685711	27147400.0
2015-09-02	2.20628538	2.1685711	2.30057108	2.24399966	21793100.0
2015-09-03	2.28171394	2.24399966	2.37599964	2.24399966	25440400.0
2015-09-04	2.30057108	2.18742824	2.30057108	2.30057108	10664400.0
2015-09-07	2.28171394	2.24399966	2.30057108	2.2628568	2573500.0
2015-09-08	2.28171394	2.24399966	2.28171394	2.28171394	3004500.0
2015-09-09	2.31942822	2.30057108	2.43257106	2.33828536	25950800.0
2015-09-10	2.30057108	2.30057108	2.3571425	2.3571425	6746200.0
2015-09-11	2.3571425	2.2628568	2.37599964	2.2628568	5261800.0
2015-09-14	2.28171394	2.24399966	2.30057108	2.30057108	4510100.0
2015-09-15	2.31942822	2.22514252	2.31942822	2.2628568	5118400.0
2015-09-16	2.28171394	2.24399966	2.28171394	2.2628568	1158100.0
2015-09-17	2.2628568	2.24399966	2.30057108	2.24399966	1132200.0
2015-09-18	2.2628568	2.22514252	2.30057108	2.28171394	3018500.0
2015-09-21	2.28171394	2.24399966	2.28171394	2.24399966	1688900.0
2015-09-22	2.2628568	2.22514252	2.31942822	2.22514252	11985800.0
2015-09-23	2.20628538	2.14971396	2.20628538	2.1685711	8591000.0
2015-09-24	2.18742824	2.14971396	2.2628568	2.14971396	14110900.0
2015-09-25	2.1685711	2.13085682	2.1685711	2.14971396	3025700.0
2015-09-28	2.13085682	2.05542826	2.1685711	2.05542826	3948600.0
2015-09-29	2.03657112	1.99885684	2.05542826	2.01771398	5860300.0
2015-09-30	2.03657112	2.01771398	2.0742854	2.01771398	3873300.0
2015-10-01	2.0742854	2.01771398	2.14971396	2.09314254	22930500.0
2015-10-02	2.09314254	2.0742854	2.18742824	2.11199968	18319600.0
2015-10-05	2.13085682	2.09314254	2.14971396	2.11199968	5691500.0
2015-10-06	2.13085682	2.09314254	2.14971396	2.09314254	2544600.0
2015-10-07	2.09314254	2.09314254	2.22514252	2.18742824	16338500.0
2015-10-08	2.18742824	2.14971396	2.24399966	2.14971396	19271400.0
2015-10-09	2.1685711	2.14971396	2.18742824	2.1685711	3293800.0
2015-10-12	2.20628538	2.14971396	2.20628538	2.1685711	5294200.0
2015-10-13	2.18742824	2.14971396	2.18742824	2.14971396	2812700.0
2015-10-14	2.1685711	2.13085682	2.18742824	2.13085682	2413600.0
2015-10-15	2.1685711	2.1685711	2.22514252	2.22514252	8237900.0
2015-10-16	2.24399966	2.22514252	2.33828536	2.2628568	39455700.0
2015-10-19	2.28171394	2.20628538	2.30057108	2.24399966	12749400.0
2015-10-20	2.24399966	2.22514252	2.2628568	2.24399966	6036600.0
2015-10-21	2.24399966	2.24399966	2.33828536	2.30057108	35587800.0
2015-10-22	2.31942822	2.2628568	2.31942822	2.30057108	11048900.0
2015-10-26	2.31942822	2.28171394	2.33828536	2.28171394	6875500.0
2015-10-27	2.28171394	2.28171394	2.37599964	2.3571425	48018900.0
2015-10-28	2.39485678	2.28171394	2.39485678	2.28171394	17143500.0
2015-10-29	2.28171394	2.13085682	2.30057108	2.1685711	23123400.0
2015-10-30	2.14971396	2.13085682	2.18742824	2.1685711	8674000.0
2015-11-02	2.1685711	2.14971396	2.28171394	2.28171394	20946700.0
2015-11-03	2.30057108	2.22514252	2.31942822	2.22514252	10426200.0
2015-11-04	2.24399966	2.20628538	2.28171394	2.24399966	8008500.0
2015-11-05	2.2628568	2.18742824	2.2628568	2.18742824	4956300.0
2015-11-06	2.20628538	2.18742824	2.24399966	2.18742824	3958800.0
2015-11-09	2.20628538	2.18742824	2.20628538	2.18742824	2182500.0
2015-11-10	2.1685711	2.1685711	2.47028534	2.39485678	62486100.0
2015-11-11	2.37599964	2.24399966	2.37599964	2.2628568	18568700.0
2015-11-12	2.2628568	2.22514252	2.33828536	2.2628568	9356300.0
2015-11-13	2.2628568	2.22514252	2.28171394	2.24399966	3004800.0
2015-11-16	2.18742824	2.0742854	2.24399966	2.11199968	18820400.0
2015-11-17	2.13085682	2.11199968	2.1685711	2.13085682	9084100.0
2015-11-18	2.14971396	2.09314254	2.1685711	2.11199968	5302100.0
2015-11-19	2.13085682	2.03657112	2.14971396	2.09314254	4632100.0
2015-11-20	2.0742854	2.0742854	2.13085682	2.09314254	3937800.0
2015-11-23	2.09314254	2.09314254	2.14971396	2.11199968	3790300.0
2015-11-24	2.13085682	2.09314254	2.20628538	2.09314254	16331600.0
2015-11-25	2.09314254	2.0742854	2.11199968	2.0742854	2730700.0
2015-11-26	2.09314254	2.05542826	2.11199968	2.0742854	3245100.0
2015-11-27	2.09314254	2.05542826	2.11199968	2.0742854	1558200.0
2015-11-30	2.05542826	2.05542826	2.0742854	2.05542826	1342400.0
2015-12-01	2.05542826	1.9799997	2.0742854	1.99885684	3775700.0
2015-12-02	2.01771398	1.90457114	2.03657112	1.94228542	7473300.0
2015-12-03	1.96114256	1.90457114	1.96114256	1.92342828	2696400.0
2015-12-04	1.90457114	1.82914258	1.92342828	1.82914258	6717800.0
2015-12-08	1.83857115	1.78199973	1.83857115	1.7914283	1573700.0
2015-12-09	1.77257116	1.71599974	1.7914283	1.72542831	3856800.0
2015-12-11	1.73485688	1.66885689	1.7914283	1.68771403	15856700.0
2015-12-14	1.66885689	1.6028569	1.68771403	1.68771403	3508700.0
2015-12-15	1.6971426	1.6971426	1.72542831	1.72542831	3646100.0
2015-12-16	1.74428545	1.70657117	1.75371402	1.70657117	2266300.0
2015-12-17	1.70657117	1.70657117	1.83857115	1.83857115	2866000.0
2015-12-18	1.81028544	1.75371402	1.83857115	1.76314259	4855000.0
2015-12-21	1.74428545	1.66885689	1.74428545	1.6971426	7256300.0
2015-12-22	1.6971426	1.65942832	1.6971426	1.65942832	1801600.0
2015-12-23	1.65942832	1.65942832	1.75371402	1.6971426	7053100.0
2015-12-24	1.6971426	1.6971426	1.81971401	1.71599974	24294200.0
2015-12-25	1.73485688	1.70657117	1.75371402	1.70657117	6924900.0
2015-12-28	1.71599974	1.70657117	1.75371402	1.71599974	4632700.0
2015-12-29	1.71599974	1.71599974	1.80085687	1.78199973	16459000.0
2015-12-30	1.80085687	1.76314259	1.90457114	1.87628543	26403900.0
2016-01-04	1.84799972	1.75371402	1.85742829	1.75371402	12906700.0
2016-01-05	1.77257116	1.70657117	1.77257116	1.70657117	2994400.0
2016-01-06	1.71599974	1.71599974	1.74428545	1.73485688	1401600.0
2016-01-07	1.71599974	1.70657117	1.78199973	1.72542831	22206300.0
2016-01-08	1.74428545	1.72542831	1.76314259	1.73485688	7570400.0
2016-01-11	1.74428545	1.74428545	1.7914283	1.77257116	21589400.0
2016-01-12	1.80085687	1.77257116	1.81028544	1.78199973	14329000.0
2016-01-13	1.7914283	1.75371402	1.7914283	1.75371402	6273500.0
2016-01-14	1.73485688	1.72542831	1.76314259	1.72542831	3113300.0
2016-01-15	1.74428545	1.68771403	1.74428545	1.68771403	5832900.0
2016-01-18	1.68771403	1.62171404	1.68771403	1.65942832	2123400.0
2016-01-19	1.67828546	1.65942832	1.73485688	1.73485688	8676000.0
2016-01-20	1.70657117	1.66885689	1.71599974	1.66885689	4425500.0
2016-01-21	1.67828546	1.65942832	1.70657117	1.65942832	2289300.0
2016-01-22	1.67828546	1.67828546	1.6971426	1.68771403	892300.0
2016-01-25	1.70657117	1.65942832	1.71599974	1.65942832	1305200.0
2016-01-26	1.67828546	1.65942832	1.68771403	1.66885689	514500.0
2016-01-27	1.6971426	1.67828546	1.72542831	1.67828546	2856900.0
2016-01-28	1.6971426	1.66885689	1.6971426	1.67828546	1827000.0
2016-01-29	1.68771403	1.67828546	1.73485688	1.70657117	4196000.0
2016-02-01	1.70657117	1.68771403	1.71599974	1.68771403	1559800.0
2016-02-02	1.68771403	1.65942832	1.72542831	1.65942832	3772000.0
2016-02-03	1.66885689	1.65942832	1.67828546	1.66885689	1431600.0
2016-02-04	1.68771403	1.66885689	1.72542831	1.6971426	2583600.0
2016-02-05	1.70657117	1.68771403	1.70657117	1.6971426	1230400.0
2016-02-08	1.70657117	1.70657117	1.7914283	1.76314259	14934300.0
2016-02-09	1.76314259	1.72542831	1.77257116	1.75371402	5453100.0
2016-02-10	1.75371402	1.72542831	1.77257116	1.74428545	11590700.0
2016-02-11	1.75371402	1.6971426	1.75371402	1.6971426	3426500.0
2016-02-12	1.70657117	1.66885689	1.71599974	1.67828546	2160900.0
2016-02-15	1.68771403	1.68771403	1.74428545	1.74428545	9035700.0
2016-02-16	1.75371402	1.73485688	1.80085687	1.7914283	20027000.0
2016-02-17	1.81028544	1.76314259	1.92342828	1.885714	47809300.0
2016-02-18	1.90457114	1.885714	1.96114256	1.92342828	33615800.0
2016-02-19	1.92342828	1.92342828	2.01771398	1.96114256	16732100.0
2016-02-23	1.92342828	1.885714	1.99885684	1.90457114	25512500.0
2016-02-24	1.96114256	1.885714	1.96114256	1.885714	31575200.0
2016-02-25	1.90457114	1.885714	1.92342828	1.885714	7724600.0
2016-02-26	1.92342828	1.90457114	2.18742824	2.1685711	94726300.0
2016-02-29	2.13085682	2.11199968	2.20628538	2.14971396	33792000.0
2016-03-01	2.1685711	2.11199968	2.18742824	2.14971396	18595000.0
2016-03-02	2.14971396	2.03657112	2.14971396	2.09314254	21247400.0
2016-03-03	2.11199968	2.0742854	2.14971396	2.14971396	19171000.0
2016-03-04	2.1685711	2.0742854	2.18742824	2.09314254	20285300.0
2016-03-07	2.09314254	1.92342828	2.11199968	1.99885684	36411300.0
2016-03-08	1.9799997	1.96114256	1.99885684	1.96114256	5192800.0
2016-03-09	1.9799997	1.96114256	2.05542826	2.03657112	9234200.0
2016-03-10	2.03657112	1.94228542	2.05542826	1.96114256	11528500.0
2016-03-11	1.9799997	1.96114256	1.9799997	1.9799997	2706100.0
2016-03-14	1.99885684	1.9799997	2.01771398	1.9799997	3643200.0
2016-03-15	1.9799997	1.9799997	2.01771398	1.99885684	2044000.0
2016-03-16	2.01771398	2.01771398	2.11199968	2.03657112	34601700.0
2016-03-17	2.05542826	2.03657112	2.0742854	2.03657112	6244800.0
2016-03-18	2.05542826	1.96114256	2.05542826	1.99885684	14640700.0
2016-03-21	1.9799997	1.96114256	1.99885684	1.9799997	5843900.0
2016-03-22	1.96114256	1.96114256	2.01771398	1.9799997	3537100.0
2016-03-23	1.9799997	1.96114256	1.99885684	1.9799997	1543200.0
2016-03-24	1.9799997	1.96114256	1.99885684	1.9799997	1219600.0
2016-03-25	1.9799997	1.96114256	2.03657112	1.9799997	6106900.0
2016-03-28	1.99885684	1.9799997	2.01771398	1.99885684	2462300.0
2016-03-29	1.99885684	1.9799997	2.05542826	2.01771398	7155700.0
2016-03-30	2.05542826	2.03657112	2.11199968	2.0742854	18764300.0
2016-03-31	2.09314254	2.03657112	2.11199968	2.03657112	9193400.0
2016-04-01	2.03657112	2.01771398	2.05542826	2.03657112	3285200.0
2016-04-04	2.05542826	2.03657112	2.05542826	2.03657112	3499300.0
2016-04-05	2.01771398	1.9799997	2.03657112	1.99885684	11267500.0
2016-04-07	1.9799997	1.96114256	2.01771398	1.96114256	10175900.0
2016-04-08	1.96114256	1.92342828	1.96114256	1.94228542	4504900.0
2016-04-11	1.94228542	1.94228542	1.9799997	1.94228542	744300.0
2016-04-12	1.94228542	1.90457114	1.94228542	1.92342828	12106000.0
2016-04-18	1.92342828	1.90457114	1.96114256	1.94228542	2796700.0
2016-04-19	1.94228542	1.94228542	2.03657112	2.03657112	17565100.0
2016-04-20	2.01771398	1.9799997	2.01771398	1.99885684	5631100.0
2016-04-21	1.99885684	1.9799997	2.01771398	1.9799997	3033200.0
2016-04-22	2.03657112	1.99885684	2.09314254	2.0742854	29964000.0
2016-04-25	2.0742854	2.05542826	2.13085682	2.05542826	30312600.0
2016-04-26	2.0742854	2.01771398	2.09314254	2.03657112	13706400.0
2016-04-27	2.03657112	2.01771398	2.03657112	2.01771398	5939100.0
2016-04-28	2.01771398	1.9799997	2.03657112	2.01771398	6844300.0
2016-04-29	2.01771398	2.01771398	2.09314254	2.01771398	12231900.0
2016-05-03	2.03657112	1.96114256	2.03657112	1.9799997	17738800.0
2016-05-04	1.84	1.84	1.92	1.89	16064500.0
2016-05-06	1.84	1.84	1.92	1.89	16064500.0
2016-05-09	1.89	1.89	1.91	1.9	2798500.0
2016-05-10	1.89	1.88	1.92	1.89	5349900.0
2016-05-11	1.89	1.88	1.9	1.88	1962500.0
2016-05-12	1.87	1.87	2.18	2.18	117154200.0
2016-05-13	2.18	2.06	2.2	2.14	41184600.0
2016-05-16	2.16	2.14	2.24	2.2	39287400.0
2016-05-17	2.22	2.1	2.22	2.1	20301100.0
2016-05-18	2.1	1.97	2.1	2.06	23991700.0
2016-05-19	2.04	1.99	2.04	2.02	4928400.0
2016-05-23	2.02	1.99	2.02	2.0	4644900.0
2016-05-24	1.99	1.99	2.08	2.04	8525300.0
2016-05-25	2.06	2.04	2.1	2.04	6801000.0
2016-05-26	2.04	2.0	2.06	2.0	5077300.0
2016-05-27	2.0	2.0	2.04	2.0	2450300.0
2016-05-30	2.02	2.02	2.04	2.04	1707200.0
2016-05-31	2.04	2.02	2.04	2.02	2130100.0
2016-06-01	2.06	2.06	2.12	2.12	17803200.0
2016-06-02	2.18	2.14	2.2	2.14	25756600.0
2016-06-03	2.14	2.04	2.14	2.08	33185000.0
2016-06-06	2.06	2.06	2.14	2.1	5083200.0
2016-06-07	2.1	2.08	2.14	2.1	6359500.0
2016-06-08	2.1	2.06	2.1	2.08	3751500.0
2016-06-09	2.08	2.08	2.14	2.08	6324800.0
2016-06-10	2.1	2.06	2.1	2.06	2768200.0
2016-06-13	2.06	2.04	2.12	2.06	10918600.0
2016-06-14	2.06	2.04	2.08	2.04	4488900.0
2016-06-15	2.04	2.04	2.06	2.04	1545300.0
2016-06-16	2.04	2.0	2.06	2.02	4518400.0
2016-06-17	2.04	2.0	2.06	2.02	7017800.0
2016-06-20	2.02	1.99	2.02	2.0	9676400.0
2016-06-21	2.02	2.0	2.02	2.0	3161000.0
2016-06-22	2.02	2.0	2.06	2.0	6908400.0
2016-06-23	2.0	1.97	2.02	2.0	7382900.0
2016-06-24	1.98	1.96	2.0	1.98	6743400.0
2016-06-27	1.98	1.98	2.04	2.02	5054300.0
2016-06-28	2.04	2.02	2.06	2.02	4927100.0
2016-06-29	2.04	2.0	2.04	2.0	6021300.0
2016-06-30	2.0	2.0	2.02	2.02	3023200.0
2016-07-04	2.04	2.0	2.04	2.0	2254100.0
2016-07-05	2.02	2.02	2.14	2.1	41864400.0
2016-07-06	2.12	2.1	2.16	2.16	40602400.0
2016-07-07	2.18	2.14	2.2	2.14	31521800.0
2016-07-08	2.18	2.14	2.18	2.14	10506000.0
2016-07-11	2.14	2.1	2.16	2.12	7275100.0
2016-07-12	2.12	2.1	2.14	2.1	4682200.0
2016-07-13	2.12	2.06	2.12	2.06	11564100.0
2016-07-14	2.08	2.06	2.12	2.08	4960000.0
2016-07-15	2.12	2.1	2.16	2.1	10051200.0
2016-07-20	2.12	2.1	2.24	2.24	53419300.0
2016-07-21	2.3	2.3	2.46	2.32	146144300.0
2016-07-22	2.4	2.3	2.4	2.3	41297900.0
2016-07-25	2.3	2.28	2.36	2.32	15105100.0
2016-07-26	2.34	2.28	2.36	2.28	9295800.0
2016-07-27	2.3	2.24	2.32	2.28	14075200.0
2016-07-28	2.32	2.24	2.32	2.28	6761000.0
2016-07-29	2.28	2.26	2.32	2.28	4322300.0
2016-08-01	2.3	2.24	2.3	2.24	8915100.0
2016-08-02	2.22	2.14	2.22	2.16	11532200.0
2016-08-03	2.14	2.1	2.16	2.14	10179500.0
2016-08-04	2.14	2.14	2.24	2.18	12481100.0
2016-08-05	2.18	2.16	2.22	2.18	3323900.0
2016-08-08	2.2	2.18	2.3	2.24	12413500.0
2016-08-09	2.26	2.22	2.3	2.22	6426500.0
2016-08-10	2.24	2.22	2.26	2.22	3757900.0
2016-08-11	2.22	2.18	2.24	2.18	4406500.0
2016-08-15	2.18	2.14	2.2	2.18	2548800.0
2016-08-16	2.2	2.1	2.2	2.12	4861200.0
2016-08-17	2.1	2.1	2.14	2.14	3214200.0
2016-08-18	2.16	2.14	2.18	2.16	1497400.0
2016-08-19	2.14	2.06	2.14	2.1	14216200.0
2016-08-22	2.1	2.08	2.12	2.1	1045800.0
2016-08-23	2.1	2.1	2.12	2.1	1762000.0
2016-08-24	2.12	2.12	2.24	2.24	26608600.0
2016-08-25	2.24	2.16	2.24	2.16	17467700.0
2016-08-26	2.16	2.16	2.2	2.16	2170200.0
2016-08-29	2.16	2.14	2.18	2.14	3237900.0
2016-08-30	2.14	2.12	2.16	2.14	2240000.0
2016-08-31	2.16	2.12	2.16	2.12	1630300.0
2016-09-01	2.14	2.12	2.16	2.16	2153800.0
2016-09-02	2.18	2.1	2.18	2.1	6185900.0
2016-09-05	2.1	1.97	2.1	2.0	13460900.0
2016-09-06	2.0	2.0	2.06	2.04	2963500.0
2016-09-07	2.04	2.0	2.06	2.0	2536700.0
2016-09-08	2.02	1.92	2.02	1.92	9276300.0
2016-09-09	1.89	1.84	1.92	1.88	5178400.0
2016-09-12	1.8	1.8	1.87	1.86	11581200.0
2016-09-13	1.88	1.88	1.92	1.92	9341700.0
2016-09-14	1.91	1.9	1.93	1.92	1732400.0
2016-09-15	1.91	1.9	1.93	1.9	3845800.0
2016-09-16	1.92	1.91	1.95	1.93	5028200.0
2016-09-19	1.93	1.91	1.94	1.94	3656000.0
2016-09-20	1.93	1.9	1.93	1.93	5534900.0
2016-09-21	1.93	1.93	2.04	1.96	8137000.0
2016-09-22	1.98	1.97	2.04	2.02	6165800.0
2016-09-23	2.02	1.99	2.02	1.99	3084900.0
2016-09-26	1.99	1.96	2.02	1.97	3035000.0
2016-09-27	1.97	1.94	1.99	1.95	6989000.0
2016-09-28	1.95	1.92	1.96	1.92	4852100.0
2016-09-29	1.92	1.92	1.95	1.94	563400.0
2016-09-30	1.93	1.9	1.93	1.91	8454500.0
2016-10-03	1.92	1.9	1.93	1.9	2538400.0
2016-10-04	1.9	1.89	1.94	1.9	15121200.0
2016-10-05	1.9	1.9	1.92	1.91	1831900.0
2016-10-06	1.92	1.91	1.94	1.92	6408900.0
2016-10-07	1.92	1.92	1.94	1.93	3148400.0
2016-10-10	1.85	1.82	1.87	1.82	8344300.0
2016-10-11	1.83	1.74	1.84	1.75	10348200.0
2016-10-12	1.74	1.42	1.74	1.59	16376000.0
2016-10-13	1.59	1.52	1.61	1.59	13226100.0
2016-10-14	1.6	1.6	1.73	1.72	20547400.0
2016-10-17	1.73	1.66	1.73	1.72	3921300.0
2016-10-18	1.72	1.71	1.98	1.91	45367600.0
2016-10-19	1.91	1.91	1.96	1.92	24831300.0
2016-10-20	1.92	1.92	2.0	2.0	40247100.0
2016-10-21	2.0	1.93	2.02	1.96	29504300.0
2016-10-25	1.97	1.93	2.02	2.02	12987800.0
2016-10-26	2.02	1.93	2.04	1.93	15315400.0
2016-10-27	1.95	1.93	1.97	1.94	4169800.0
2016-10-28	1.95	1.91	1.95	1.92	4137800.0
2016-10-31	1.92	1.91	1.93	1.92	2077800.0
2016-11-01	1.92	1.91	1.98	1.94	10948000.0
2016-11-02	1.93	1.92	1.97	1.93	3586200.0
2016-11-03	1.93	1.93	1.99	1.94	10899100.0
2016-11-04	1.94	1.91	1.96	1.92	5300400.0
2016-11-07	1.94	1.92	1.96	1.93	3358700.0
2016-11-08	1.94	1.93	1.95	1.95	2739800.0
2016-11-09	1.93	1.89	1.94	1.92	8104100.0
2016-11-10	1.94	1.92	1.95	1.92	2070100.0
2016-11-11	1.95	1.9	1.95	1.9	7092500.0
2016-11-14	1.9	1.81	1.9	1.83	6362900.0
2016-11-15	1.83	1.83	1.91	1.84	10002900.0
2016-11-16	1.85	1.83	1.85	1.83	2874100.0
2016-11-17	1.84	1.82	1.84	1.82	1550600.0
2016-11-18	1.81	1.81	1.83	1.82	965400.0
2016-11-21	1.82	1.82	1.88	1.86	3736500.0
2016-11-22	1.87	1.85	1.9	1.85	5316300.0
2016-11-23	1.85	1.84	1.87	1.84	1539800.0
2016-11-24	1.85	1.82	1.86	1.82	1480900.0
2016-11-25	1.82	1.82	1.88	1.83	7741300.0
2016-11-28	1.84	1.84	1.85	1.84	1181000.0
2016-11-29	1.85	1.83	1.86	1.83	594200.0
2016-11-30	1.83	1.83	1.86	1.83	1607000.0
2016-12-01	1.85	1.84	1.9	1.84	27699200.0
2016-12-02	1.83	1.83	1.85	1.83	2423800.0
2016-12-06	1.84	1.83	1.85	1.83	909200.0
2016-12-07	1.83	1.83	1.85	1.84	945500.0
2016-12-08	1.84	1.83	1.86	1.84	663300.0
2016-12-09	1.84	1.83	1.85	1.85	794800.0
2016-12-13	1.84	1.83	1.88	1.84	9270900.0
2016-12-14	1.86	1.84	1.87	1.87	5627700.0
2016-12-15	1.87	1.85	1.88	1.88	2496500.0
2016-12-16	1.95	1.92	1.97	1.95	29773700.0
2016-12-19	1.94	1.89	2.0	1.91	40547800.0
2016-12-20	1.9	1.86	1.92	1.87	5873200.0
2016-12-21	1.88	1.86	1.89	1.87	2021600.0
2016-12-22	1.88	1.87	1.9	1.88	1081400.0
2016-12-23	1.88	1.87	1.89	1.88	1357900.0
2016-12-26	1.89	1.88	1.91	1.89	3955500.0
2016-12-27	1.89	1.87	1.9	1.87	2242700.0
2016-12-28	1.87	1.87	1.88	1.88	746500.0
2016-12-29	1.88	1.87	1.91	1.88	4134000.0
2016-12-30	1.88	1.87	1.97	1.97	17794500.0
2017-01-04	1.98	1.91	1.98	1.92	9030100.0
2017-01-05	1.94	1.86	1.94	1.87	21489100.0
2017-01-06	1.88	1.87	1.91	1.89	6777300.0
2017-01-09	1.9	1.87	1.9	1.88	1899600.0
2017-01-10	1.87	1.87	1.91	1.89	5276500.0
2017-01-11	1.89	1.88	1.92	1.88	9758700.0
2017-01-12	1.89	1.86	1.89	1.87	5757500.0
2017-01-13	1.87	1.87	1.89	1.89	1296900.0
2017-01-16	1.89	1.87	1.89	1.87	1709400.0
2017-01-17	1.88	1.86	1.89	1.87	1823800.0
2017-01-18	1.87	1.87	1.88	1.87	2494800.0
2017-01-19	1.87	1.83	1.87	1.84	2929100.0
2017-01-20	1.84	1.8	1.87	1.82	9981700.0
2017-01-23	1.82	1.82	1.84	1.83	1779600.0
2017-01-24	1.83	1.83	1.87	1.85	5490200.0
2017-01-25	1.86	1.84	1.86	1.84	950400.0
2017-01-26	1.87	1.86	1.95	1.93	42767800.0
2017-01-27	1.93	1.89	1.94	1.9	12236100.0
2017-01-30	1.9	1.88	1.91	1.88	3870900.0
2017-01-31	1.9	1.89	1.9	1.89	2365000.0
2017-02-01	1.9	1.88	1.91	1.88	1474100.0
2017-02-02	1.88	1.86	1.9	1.87	2492600.0
2017-02-03	1.88	1.86	1.9	1.86	1532500.0
2017-02-06	1.88	1.86	1.89	1.87	1632500.0
2017-02-07	1.87	1.84	1.87	1.85	2494000.0
2017-02-08	1.85	1.84	1.86	1.86	1479500.0
2017-02-09	1.86	1.85	1.86	1.85	425900.0
2017-02-10	1.86	1.86	1.88	1.86	2148700.0
2017-02-14	1.86	1.86	1.87	1.86	1130700.0
2017-02-15	1.86	1.86	1.88	1.86	759000.0
2017-02-16	1.86	1.85	1.88	1.86	1131800.0
2017-02-17	1.87	1.86	1.88	1.86	1582800.0
2017-02-20	1.85	1.82	1.86	1.83	8688400.0
2017-02-21	1.84	1.83	1.85	1.83	2714600.0
2017-02-22	1.84	1.83	1.85	1.84	3005200.0
2017-02-23	1.84	1.82	1.84	1.83	1794600.0
2017-02-24	1.83	1.82	1.83	1.82	857800.0
2017-02-27	1.82	1.8	1.83	1.8	1824400.0
2017-02-28	1.8	1.79	1.82	1.79	955600.0
2017-03-01	1.79	1.79	1.8	1.8	1294800.0
2017-03-02	1.8	1.79	1.81	1.8	789200.0
2017-03-03	1.79	1.79	1.8	1.8	666400.0
2017-03-06	1.81	1.78	1.82	1.78	951400.0
2017-03-07	1.8	1.78	1.8	1.78	857800.0
2017-03-08	1.78	1.74	1.79	1.77	3168500.0
2017-03-09	1.77	1.76	1.81	1.77	1991400.0
2017-03-10	1.77	1.75	1.78	1.75	848400.0
2017-03-13	1.75	1.72	1.75	1.72	1574100.0
2017-03-14	1.73	1.72	1.74	1.73	636200.0
2017-03-15	1.73	1.72	1.73	1.72	435900.0
2017-03-16	1.73	1.73	1.77	1.74	1299900.0
2017-03-17	1.74	1.73	1.78	1.74	773000.0
2017-03-20	1.76	1.73	1.76	1.74	853300.0
2017-03-21	1.75	1.74	1.77	1.77	1628600.0
2017-03-22	1.76	1.75	1.81	1.76	3936000.0
2017-03-23	1.76	1.75	1.77	1.76	724900.0
2017-03-24	1.76	1.75	1.77	1.76	338400.0
2017-03-27	1.76	1.76	1.78	1.76	904000.0
2017-03-28	1.77	1.76	1.78	1.76	505700.0
2017-03-29	1.77	1.77	1.79	1.77	910700.0
2017-03-30	1.77	1.77	1.81	1.78	2736400.0
2017-03-31	1.79	1.78	1.79	1.78	81200.0
2017-04-03	1.8	1.78	1.8	1.78	275200.0
2017-04-04	1.77	1.77	1.79	1.79	775200.0
2017-04-05	1.79	1.78	1.83	1.8	3245900.0
2017-04-07	1.79	1.78	1.81	1.8	1364200.0
2017-04-10	1.8	1.79	1.81	1.79	419300.0
2017-04-11	1.78	1.78	1.8	1.8	1123300.0
2017-04-12	1.8	1.78	1.8	1.8	627600.0
2017-04-17	1.8	1.78	1.8	1.8	480800.0
2017-04-18	1.8	1.78	1.81	1.78	363500.0
2017-04-19	1.77	1.77	1.8	1.79	796000.0
2017-04-20	1.8	1.78	1.8	1.78	84400.0
2017-04-21	1.78	1.78	1.83	1.83	3674500.0
2017-04-24	1.83	1.82	1.86	1.84	2104300.0
2017-04-25	1.85	1.82	1.87	1.86	10840500.0
2017-04-26	1.86	1.85	1.87	1.86	5981400.0
2017-04-27	1.86	1.86	1.92	1.87	44988000.0
2017-04-28	1.83	1.79	1.87	1.79	10220700.0
2017-05-02	1.79	1.75	1.79	1.76	1606700.0
2017-05-03	1.77	1.76	1.78	1.76	901100.0
2017-05-04	1.76	1.76	1.78	1.78	365000.0
2017-05-05	1.77	1.77	1.8	1.79	1129100.0
2017-05-08	1.79	1.79	1.8	1.79	214900.0
2017-05-09	1.8	1.79	1.8	1.79	667700.0
2017-05-11	1.71	1.69	1.79	1.7	5980700.0
2017-05-12	1.7	1.67	1.71	1.68	1359200.0
2017-05-15	1.67	1.65	1.68	1.67	462800.0
2017-05-16	1.67	1.65	1.67	1.65	722300.0
2017-05-17	1.67	1.66	1.69	1.67	1466600.0
2017-05-18	1.68	1.65	1.7	1.67	753400.0
2017-05-19	1.67	1.67	1.69	1.67	119400.0
2017-05-22	1.67	1.67	1.68	1.67	183800.0
2017-05-23	1.66	1.66	1.69	1.69	681100.0
2017-05-24	1.7	1.68	1.7	1.69	141100.0
2017-05-25	1.69	1.68	1.69	1.68	368700.0
2017-05-26	1.69	1.68	1.7	1.68	549100.0
2017-05-29	1.69	1.68	1.69	1.69	123600.0
2017-05-30	1.7	1.68	1.7	1.69	75700.0
2017-05-31	1.69	1.67	1.7	1.67	1073500.0
2017-06-01	1.68	1.63	1.68	1.65	1047200.0
2017-06-02	1.66	1.65	1.67	1.66	143800.0
2017-06-05	1.65	1.65	1.67	1.66	313600.0
2017-06-06	1.65	1.65	1.67	1.66	250500.0
2017-06-07	1.67	1.63	1.67	1.63	335400.0
2017-06-08	1.64	1.63	1.64	1.63	706000.0
2017-06-09	1.64	1.6	1.64	1.62	1144400.0
2017-06-12	1.62	1.6	1.62	1.6	1260300.0
2017-06-13	1.62	1.59	1.62	1.59	1946900.0
2017-06-14	1.61	1.59	1.61	1.59	1263500.0
2017-06-15	1.58	1.48	1.59	1.53	15243800.0
2017-06-16	1.54	1.54	1.55	1.54	5363000.0
2017-06-19	1.54	1.52	1.55	1.52	1250700.0
2017-06-20	1.52	1.52	1.53	1.53	890400.0
2017-06-21	1.53	1.52	1.54	1.52	102200.0
2017-06-22	1.52	1.52	1.55	1.54	2505300.0
2017-06-23	1.54	1.52	1.54	1.53	522600.0
2017-06-26	1.53	1.52	1.54	1.52	485800.0
2017-06-27	1.52	1.51	1.53	1.51	478500.0
2017-06-28	1.52	1.5	1.54	1.5	1743000.0
2017-06-29	1.52	1.49	1.53	1.49	1144600.0
2017-06-30	1.5	1.48	1.51	1.49	1147100.0
2017-07-03	1.5	1.49	1.51	1.49	461300.0
2017-07-04	1.5	1.48	1.5	1.49	463000.0
2017-07-05	1.5	1.47	1.5	1.48	610200.0
2017-07-06	1.48	1.43	1.49	1.45	921900.0
2017-07-07	1.46	1.42	1.46	1.44	487900.0
2017-07-11	1.42	1.4	1.43	1.41	1335400.0
2017-07-12	1.4	1.39	1.42	1.39	1106500.0
2017-07-13	1.38	1.36	1.39	1.37	1304500.0
2017-07-14	1.36	1.34	1.37	1.34	935700.0
2017-07-17	1.31	1.3	1.52	1.5	39931100.0
2017-07-18	1.5	1.48	1.51	1.5	4427000.0
2017-07-19	1.5	1.5	1.52	1.5	3837000.0
2017-07-20	1.51	1.49	1.52	1.49	3315300.0
2017-07-21	1.5	1.47	1.5	1.47	1790200.0
2017-07-24	1.48	1.44	1.49	1.44	2739200.0
2017-07-25	1.44	1.44	1.48	1.45	1660800.0
2017-07-26	1.45	1.44	1.46	1.45	1281500.0
2017-07-27	1.45	1.42	1.46	1.43	3312900.0
2017-07-31	1.45	1.42	1.46	1.44	998900.0
2017-08-01	1.43	1.43	1.44	1.43	177300.0
2017-08-02	1.44	1.43	1.46	1.45	1765700.0
2017-08-03	1.45	1.43	1.49	1.43	7393800.0
2017-08-04	1.43	1.43	1.45	1.43	258900.0
2017-08-07	1.43	1.43	1.44	1.43	353100.0
2017-08-08	1.43	1.43	1.47	1.44	3467000.0
2017-08-09	1.45	1.43	1.47	1.43	955900.0
2017-08-10	1.43	1.42	1.44	1.42	418900.0
2017-08-11	1.42	1.38	1.43	1.4	613800.0
2017-08-15	1.37	1.33	1.37	1.34	3070000.0
2017-08-16	1.34	1.34	1.41	1.39	2965100.0
2017-08-17	1.4	1.4	1.46	1.45	6872600.0
2017-08-18	1.45	1.45	1.51	1.51	5934600.0
2017-08-21	1.51	1.49	1.51	1.51	1600700.0
2017-08-22	1.51	1.51	1.61	1.61	29556200.0
2017-08-23	1.61	1.6	1.61	1.6	1220400.0
2017-08-24	1.62	1.6	1.63	1.6	3313000.0
2017-08-25	1.6	1.51	1.61	1.53	6478600.0
2017-08-28	1.53	1.53	1.57	1.54	881900.0
2017-08-29	1.55	1.54	1.57	1.56	376400.0
2017-08-30	1.56	1.56	1.57	1.57	277700.0
2017-08-31	1.54	1.53	1.56	1.54	406100.0
2017-09-01	1.56	1.54	1.56	1.54	454600.0
2017-09-04	1.55	1.53	1.55	1.54	508800.0
2017-09-05	1.56	1.53	1.56	1.55	433300.0
2017-09-06	1.56	1.52	1.56	1.53	493400.0
2017-09-07	1.54	1.52	1.54	1.53	543700.0
2017-09-08	1.54	1.52	1.54	1.53	305400.0
2017-09-11	1.54	1.52	1.54	1.53	184800.0
2017-09-12	1.54	1.52	1.54	1.52	144100.0
2017-09-13	1.54	1.51	1.56	1.54	1643400.0
2017-09-14	1.54	1.49	1.54	1.54	588900.0
2017-09-15	1.53	1.52	1.54	1.53	110500.0
2017-09-18	1.53	1.52	1.54	1.53	279600.0
2017-09-19	1.53	1.51	1.53	1.51	491500.0
2017-09-20	1.52	1.51	1.52	1.52	108900.0
2017-09-21	1.5	1.5	1.53	1.53	294700.0
2017-09-22	1.53	1.51	1.53	1.52	271600.0
2017-09-25	1.52	1.51	1.52	1.52	80600.0
2017-09-26	1.51	1.51	1.52	1.52	101700.0
2017-09-27	1.52	1.51	1.59	1.57	4012500.0
2017-09-28	1.58	1.53	1.59	1.53	976700.0
2017-09-29	1.53	1.52	1.55	1.52	571900.0
2017-10-02	1.53	1.5	1.54	1.5	1245100.0
2017-10-03	1.52	1.49	1.52	1.49	895000.0
2017-10-04	1.49	1.49	1.5	1.5	157300.0
2017-10-05	1.51	1.49	1.51	1.49	216500.0
2017-10-06	1.49	1.49	1.5	1.49	432200.0
2017-10-09	1.51	1.49	1.51	1.49	170100.0
2017-10-10	1.5	1.48	1.5	1.49	266100.0
2017-10-11	1.49	1.49	1.51	1.51	457200.0
2017-10-12	1.51	1.49	1.51	1.5	442900.0
2017-10-16	1.52	1.5	1.52	1.5	529100.0
2017-10-17	1.5	1.49	1.51	1.5	189200.0
2017-10-18	1.5	1.49	1.51	1.49	376100.0
2017-10-19	1.49	1.49	1.51	1.49	184900.0
2017-10-20	1.5	1.49	1.5	1.49	194800.0
2017-10-24	1.5	1.5	1.54	1.51	1935700.0
2017-10-25	1.51	1.51	1.53	1.51	189700.0
2017-10-27	1.51	1.5	1.52	1.5	177000.0
2017-10-30	1.53	1.5	1.54	1.51	638600.0
2017-10-31	1.51	1.51	1.52	1.51	34400.0
2017-11-01	1.5	1.5	1.52	1.51	121100.0
2017-11-02	1.52	1.5	1.52	1.5	32600.0
2017-11-03	1.5	1.49	1.5	1.49	230500.0
2017-11-06	1.49	1.49	1.5	1.5	192200.0
2017-11-07	1.49	1.48	1.5	1.49	319600.0
2017-11-08	1.5	1.49	1.5	1.5	7300.0
2017-11-09	1.5	1.49	1.51	1.49	286700.0
2017-11-10	1.54	1.48	1.55	1.48	6119400.0
2017-11-13	1.49	1.48	1.5	1.5	303700.0
2017-11-14	1.5	1.48	1.5	1.48	191800.0
2017-11-15	1.49	1.46	1.49	1.47	368800.0
2017-11-16	1.47	1.45	1.47	1.46	296400.0
2017-11-17	1.45	1.44	1.46	1.46	598800.0
2017-11-20	1.45	1.43	1.46	1.43	400000.0
2017-11-21	1.45	1.42	1.49	1.45	969200.0
2017-11-22	1.43	1.43	1.5	1.44	1627100.0
2017-11-23	1.45	1.43	1.45	1.43	347700.0
2017-11-24	1.43	1.41	1.45	1.41	373200.0
2017-11-27	1.41	1.4	1.43	1.42	339300.0
2017-11-28	1.42	1.41	1.43	1.41	166900.0
2017-11-29	1.43	1.42	1.43	1.43	160700.0
2017-11-30	1.43	1.42	1.43	1.42	315800.0
2017-12-01	1.42	1.4	1.42	1.41	230000.0
2017-12-04	1.42	1.4	1.43	1.4	303200.0
2017-12-06	1.4	1.34	1.42	1.37	472700.0
2017-12-07	1.36	1.36	1.39	1.38	208500.0
2017-12-08	1.38	1.38	1.4	1.39	83200.0
2017-12-12	1.4	1.38	1.4	1.39	130600.0
2017-12-13	1.39	1.37	1.39	1.38	232300.0
2017-12-14	1.38	1.38	1.39	1.38	127800.0
2017-12-15	1.39	1.37	1.39	1.37	428400.0
2017-12-18	1.37	1.35	1.39	1.36	345500.0
2017-12-19	1.38	1.36	1.38	1.36	209400.0
2017-12-20	1.37	1.35	1.37	1.37	166900.0
2017-12-21	1.4	1.36	1.42	1.36	1753700.0
2017-12-22	1.39	1.36	1.39	1.36	131000.0
2017-12-25	1.38	1.35	1.38	1.35	382300.0
2017-12-26	1.37	1.34	1.37	1.35	251200.0
2017-12-27	1.36	1.34	1.36	1.35	88200.0
2017-12-28	1.38	1.35	1.38	1.35	282600.0
2017-12-29	1.38	1.35	1.38	1.36	128100.0
2018-01-03	1.37	1.35	1.56	1.39	10803900.0
2018-01-04	1.39	1.38	1.4	1.4	1174800.0
2018-01-05	1.4	1.38	1.4	1.38	589800.0
2018-01-08	1.4	1.37	1.4	1.38	246400.0
2018-01-09	1.39	1.38	1.39	1.38	184000.0
2018-01-10	1.38	1.37	1.39	1.38	189300.0
2018-01-11	1.38	1.34	1.39	1.34	353200.0
2018-01-12	1.36	1.34	1.36	1.36	229700.0
2018-01-15	1.35	1.34	1.37	1.34	145300.0
2018-01-16	1.34	1.33	1.39	1.34	807400.0
2018-01-17	1.34	1.32	1.35	1.33	295200.0
2018-01-18	1.33	1.31	1.35	1.35	391700.0
2018-01-19	1.34	1.33	1.35	1.34	24100.0
2018-01-22	1.34	1.32	1.34	1.34	302800.0
2018-01-23	1.34	1.29	1.34	1.31	1482900.0
2018-01-24	1.33	1.31	1.39	1.38	1896800.0
2018-01-25	1.41	1.33	1.41	1.33	2999700.0
2018-01-26	1.34	1.33	1.41	1.38	2844100.0
2018-01-29	1.38	1.35	1.39	1.35	453400.0
2018-01-30	1.35	1.33	1.36	1.35	532500.0
2018-01-31	1.35	1.33	1.35	1.33	294900.0
2018-02-01	1.36	1.32	1.36	1.34	440300.0
2018-02-02	1.34	1.33	1.34	1.33	157900.0
2018-02-05	1.3	1.3	1.32	1.32	311300.0
2018-02-06	1.31	1.29	1.32	1.31	554100.0
2018-02-07	1.32	1.3	1.32	1.31	139500.0
2018-02-08	1.31	1.3	1.32	1.3	155600.0
2018-02-09	1.31	1.31	1.33	1.32	247100.0
2018-02-12	1.33	1.3	1.33	1.32	76400.0
2018-02-13	1.33	1.31	1.33	1.32	80000.0
2018-02-14	1.3	1.3	1.32	1.32	297000.0
2018-02-15	1.33	1.31	1.33	1.32	72200.0
2018-02-16	1.33	1.31	1.33	1.31	82500.0
2018-02-19	1.31	1.31	1.32	1.31	193400.0
2018-02-20	1.33	1.32	1.35	1.34	719300.0
2018-02-21	1.35	1.33	1.35	1.33	715200.0
2018-02-22	1.33	1.31	1.34	1.32	238400.0
2018-02-23	1.32	1.31	1.35	1.33	542700.0
2018-02-26	1.31	1.31	1.35	1.35	1099600.0
2018-02-27	1.35	1.33	1.36	1.34	701100.0
2018-02-28	1.32	1.28	1.36	1.28	2130100.0
2018-03-02	1.32	1.29	1.32	1.31	1770200.0
2018-03-05	1.31	1.31	1.33	1.32	1228800.0
2018-03-06	1.34	1.32	1.34	1.32	537900.0
2018-03-07	1.34	1.33	1.36	1.33	2598400.0
2018-03-08	1.33	1.29	1.35	1.3	666300.0
2018-03-09	1.32	1.31	1.33	1.31	2827000.0
2018-03-12	1.33	1.31	1.34	1.32	634300.0
2018-03-13	1.35	1.34	1.37	1.35	766600.0
2018-03-14	1.35	1.35	1.38	1.35	712800.0
2018-03-15	1.37	1.35	1.57	1.45	38199700.0
2018-03-16	1.46	1.46	1.53	1.46	3763600.0
2018-03-19	1.47	1.45	1.48	1.47	1151000.0
2018-03-20	1.48	1.48	1.73	1.68	53716800.0
2018-03-21	1.66	1.58	1.73	1.58	19353200.0
2018-03-22	1.59	1.58	1.65	1.64	5556000.0
2018-03-23	1.62	1.6	1.69	1.61	6123100.0
2018-03-26	1.62	1.62	1.66	1.63	8121700.0
2018-03-27	1.63	1.63	1.7	1.7	4089000.0
2018-03-28	1.7	1.64	1.7	1.65	6479100.0
2018-03-29	1.69	1.66	1.87	1.87	34341800.0
2018-03-30	1.86	1.31	1.97	1.31	90933300.0
2018-04-02	1.34	1.17	1.42	1.23	50038800.0
2018-04-03	1.21	1.18	1.23	1.18	7336600.0
2018-04-04	1.18	1.16	1.25	1.17	8396700.0
2018-04-05	1.19	1.15	1.19	1.15	2960200.0
2018-04-09	1.15	1.07	1.16	1.08	4448600.0
2018-04-10	1.09	1.0	1.09	1.02	11780100.0
2018-04-11	1.04	1.04	1.23	1.19	46304000.0
2018-04-12	1.21	1.12	1.21	1.14	11261300.0
2018-04-17	1.14	1.07	1.15	1.1	5212700.0
2018-04-18	1.12	1.09	1.12	1.1	1618000.0
2018-04-19	1.11	1.09	1.15	1.11	5085700.0
2018-04-20	1.11	1.1	1.13	1.11	1392600.0
2018-04-23	1.11	1.1	1.17	1.13	4859500.0
2018-04-24	1.13	1.12	1.17	1.15	4523500.0
2018-04-25	1.16	1.15	1.27	1.27	37971300.0
2018-04-26	1.26	1.2	1.28	1.21	14490000.0
2018-04-27	1.22	1.14	1.23	1.14	6689300.0
2018-04-30	1.18	1.14	1.18	1.14	1749300.0
2018-05-02	1.15	1.13	1.15	1.13	979100.0
2018-05-03	1.14	1.14	1.19	1.17	2573000.0
2018-05-04	1.18	1.14	1.21	1.14	3619900.0
2018-05-07	1.16	1.15	1.18	1.15	705800.0
2018-05-08	1.15	1.15	1.18	1.15	1059300.0
2018-05-09	1.17	1.15	1.17	1.15	1018100.0
2018-05-10	1.16	1.14	1.17	1.14	1081100.0
2018-05-11	1.16	1.14	1.16	1.15	1114000.0
2018-05-14	1.16	1.14	1.16	1.14	1047200.0
2018-05-15	1.15	1.11	1.15	1.13	2454900.0
2018-05-16	1.12	1.11	1.13	1.11	365100.0
2018-05-17	1.13	1.1	1.13	1.11	879500.0
2018-05-18	1.12	1.11	1.13	1.12	823300.0
2018-05-21	1.12	1.12	1.13	1.12	468600.0
2018-05-22	1.12	1.11	1.13	1.12	364700.0
2018-05-23	1.12	1.11	1.14	1.13	206400.0
2018-05-24	1.16	1.15	1.23	1.16	19415000.0
2018-05-25	1.14	1.11	1.14	1.12	4751000.0
2018-05-28	1.12	1.11	1.13	1.12	739300.0
2018-05-30	1.12	1.11	1.12	1.11	252900.0
2018-05-31	1.11	1.11	1.13	1.11	694500.0
2018-06-01	1.15	1.12	1.2	1.13	10318100.0
2018-06-04	1.13	1.08	1.14	1.11	3394300.0
2018-06-05	1.11	1.09	1.12	1.11	769800.0
2018-06-06	1.11	1.09	1.11	1.1	340200.0
2018-06-07	1.11	1.1	1.11	1.1	426400.0
2018-06-08	1.11	1.1	1.12	1.11	340500.0
2018-06-11	1.1	1.1	1.11	1.11	202000.0
2018-06-12	1.11	1.1	1.11	1.1	281700.0
2018-06-13	1.1	1.1	1.11	1.1	169600.0
2018-06-14	1.1	1.09	1.11	1.09	119000.0
2018-06-15	1.11	1.1	1.11	1.11	147600.0
2018-06-18	1.11	1.08	1.11	1.09	389500.0
2018-06-19	1.08	1.06	1.08	1.07	246000.0
2018-06-20	1.07	1.06	1.08	1.06	117500.0
2018-06-21	1.06	1.04	1.09	1.05	313600.0
2018-06-22	1.03	1.03	1.05	1.04	297700.0
2018-06-25	1.06	1.02	1.06	1.04	106400.0
2018-06-26	1.03	1.02	1.07	1.05	139300.0
2018-06-27	1.03	1.03	1.07	1.05	83700.0
2018-06-28	1.04	1.02	1.05	1.02	146000.0
2018-06-29	1.01	0.99	1.04	0.99	462100.0
2018-07-02	1.04	1.0	1.04	1.02	61100.0
2018-07-03	1.04	1.01	1.04	1.02	99900.0
2018-07-04	1.04	1.01	1.04	1.03	189800.0
2018-07-05	1.03	1.0	1.03	1.0	145700.0
2018-07-06	1.0	0.99	1.01	1.01	151000.0
2018-07-09	1.01	1.01	1.02	1.02	124600.0
2018-07-10	1.01	1.0	1.02	1.02	383600.0
2018-07-11	1.02	1.01	1.03	1.03	161900.0
2018-07-12	1.03	1.01	1.03	1.03	68500.0
2018-07-13	1.03	1.01	1.03	1.03	109800.0
2018-07-16	1.03	0.99	1.03	1.0	596300.0
2018-07-17	1.0	1.0	1.02	1.02	183900.0
2018-07-18	1.0	1.0	1.02	1.0	308300.0
2018-07-19	1.02	1.01	1.04	1.01	587900.0
2018-07-20	1.01	1.01	1.03	1.02	246400.0
2018-07-23	1.02	1.0	1.02	1.02	74700.0
2018-07-24	1.01	1.01	1.02	1.02	235000.0
2018-07-25	1.01	1.0	1.02	1.01	1145500.0
2018-07-26	1.01	1.01	1.02	1.01	91500.0
2018-07-31	1.01	1.01	1.02	1.01	273100.0
2018-08-01	0.97	0.97	1.01	1.01	1556100.0
2018-08-02	1.0	1.0	1.09	1.02	2776500.0
2018-08-03	1.02	1.01	1.03	1.02	419600.0
2018-08-06	1.04	1.01	1.04	1.01	460400.0
2018-08-07	1.02	1.02	1.04	1.02	230300.0
2018-08-08	1.03	1.02	1.04	1.03	70200.0
2018-08-09	1.03	1.02	1.06	1.02	1398900.0
2018-08-10	1.05	1.01	1.07	1.01	2446700.0
2018-08-14	1.02	1.01	1.02	1.01	215500.0
2018-08-15	1.02	1.0	1.02	1.01	507600.0
2018-08-16	1.01	1.01	1.02	1.02	26600.0
2018-08-17	1.03	1.01	1.03	1.02	100000.0
2018-08-20	1.03	1.03	1.14	1.11	21521200.0
2018-08-21	1.14	1.14	1.26	1.15	41460300.0
2018-08-22	1.14	1.1	1.15	1.13	7450200.0
2018-08-23	1.13	1.1	1.14	1.11	2851100.0
2018-08-24	1.12	1.12	1.17	1.13	7932400.0
2018-08-27	1.16	1.12	1.16	1.14	2063600.0
2018-08-28	1.14	1.12	1.14	1.12	1867700.0
2018-08-29	1.13	1.11	1.15	1.11	2233200.0
2018-08-30	1.12	1.11	1.13	1.11	623500.0
2018-08-31	1.11	1.1	1.12	1.11	808600.0
2018-09-03	1.11	1.11	1.13	1.12	766600.0
2018-09-04	1.12	1.1	1.12	1.1	398800.0
2018-09-05	1.11	1.07	1.11	1.07	667700.0
2018-09-06	1.06	1.05	1.07	1.07	478800.0
2018-09-07	1.07	1.06	1.07	1.07	97900.0
2018-09-10	1.06	1.05	1.09	1.06	153200.0
2018-09-11	1.06	1.04	1.06	1.04	417800.0
2018-09-12	1.04	1.01	1.04	1.02	1914300.0
2018-09-13	1.02	1.02	1.03	1.03	416900.0
2018-09-14	1.03	1.02	1.03	1.02	187200.0
2018-09-17	1.02	1.02	1.04	1.02	365900.0
2018-09-18	1.03	1.03	1.04	1.03	325700.0
2018-09-19	1.04	1.03	1.04	1.04	286700.0
2018-09-20	1.04	1.02	1.04	1.03	492900.0
2018-09-21	1.04	1.02	1.04	1.03	252100.0
2018-09-24	1.05	1.02	1.05	1.02	488300.0
2018-09-25	1.02	1.02	1.05	1.04	945200.0
2018-09-26	1.04	1.03	1.04	1.03	105600.0
2018-09-27	1.03	1.03	1.08	1.05	4521200.0
2018-09-28	1.05	1.05	1.06	1.05	149400.0
2018-10-01	1.05	1.05	1.07	1.05	238100.0
2018-10-02	1.08	1.05	1.09	1.05	647600.0
2018-10-03	1.06	1.05	1.07	1.05	314800.0
2018-10-04	1.06	1.04	1.06	1.04	468400.0
2018-10-05	1.04	1.03	1.04	1.04	179500.0
2018-10-08	1.05	1.02	1.06	1.04	208100.0
2018-10-09	1.03	1.02	1.04	1.03	239200.0
2018-10-10	1.04	1.03	1.04	1.03	58900.0
2018-10-11	1.02	1.0	1.02	1.01	626800.0
2018-10-12	1.0	1.0	1.07	1.03	1859800.0
2018-10-16	1.03	1.02	1.04	1.03	226700.0
2018-10-17	1.04	1.02	1.04	1.02	80600.0
2018-10-18	1.03	1.0	1.03	1.01	449400.0
2018-10-19	1.01	1.0	1.01	1.01	387400.0
2018-10-22	1.0	0.99	1.0	1.0	334200.0
2018-10-24	0.99	0.95	0.99	0.95	527000.0
2018-10-25	0.96	0.95	0.97	0.96	541500.0
2018-10-26	0.99	0.97	0.99	0.97	49400.0
2018-10-29	0.99	0.97	1.0	0.97	56100.0
2018-10-30	0.99	0.97	0.99	0.98	16800.0
2018-10-31	0.99	0.97	0.99	0.97	98900.0
2018-11-01	0.99	0.98	0.99	0.98	42100.0
2018-11-02	0.99	0.98	1.03	1.0	1202300.0
2018-11-05	1.01	1.0	1.03	1.01	75000.0
2018-11-06	1.03	1.01	1.05	1.02	1867800.0
2018-11-07	1.03	1.01	1.03	1.01	33200.0
2018-11-08	1.03	1.0	1.03	1.01	103900.0
2018-11-09	1.02	1.0	1.02	1.01	4700.0
2018-11-12	1.03	0.96	1.03	0.96	395200.0
2018-11-13	0.98	0.94	0.99	0.97	362500.0
2018-11-14	0.98	0.93	1.0	0.93	3499100.0
2018-11-15	0.94	0.88	0.95	0.88	3190300.0
2018-11-16	0.9	0.89	0.91	0.89	341200.0
2018-11-19	0.9	0.9	0.94	0.9	778700.0
2018-11-20	0.91	0.88	0.91	0.88	427700.0
2018-11-21	0.89	0.89	0.91	0.9	70600.0
2018-11-22	0.9	0.83	0.92	0.83	50300.0
2018-11-23	0.87	0.87	0.89	0.88	37800.0
2018-11-26	0.9	0.88	0.91	0.91	37900.0
2018-11-27	0.92	0.9	0.92	0.91	12400.0
2018-11-28	0.92	0.9	0.95	0.9	851800.0
2018-11-29	0.94	0.9	0.94	0.92	77800.0
2018-11-30	0.92	0.91	0.92	0.91	34000.0
2018-12-03	0.92	0.88	0.92	0.89	284600.0
2018-12-04	0.9	0.88	0.9	0.9	39800.0
2018-12-06	0.89	0.89	0.9	0.89	15000.0
2018-12-07	0.89	0.88	0.91	0.89	31100.0
2018-12-11	0.88	0.88	0.91	0.89	64300.0
2018-12-12	0.89	0.87	0.9	0.9	99900.0
2018-12-13	0.9	0.87	0.9	0.87	21600.0
2018-12-14	0.87	0.85	0.89	0.86	101800.0
2018-12-17	0.87	0.84	0.89	0.86	72100.0
2018-12-18	0.85	0.83	0.87	0.87	87200.0
2018-12-19	0.86	0.84	0.87	0.85	88000.0
2018-12-20	0.85	0.84	0.86	0.84	50100.0
2018-12-21	0.85	0.83	0.85	0.85	4100.0
2018-12-24	0.84	0.82	0.85	0.82	41100.0
2018-12-25	0.82	0.75	0.82	0.78	219000.0
2018-12-26	0.78	0.75	0.79	0.75	149500.0
2018-12-27	0.79	0.74	0.79	0.74	259300.0
2018-12-28	0.76	0.7	0.76	0.71	342300.0
2019-01-02	0.72	0.71	0.73	0.72	8300.0
2019-01-03	0.73	0.71	0.73	0.71	170100.0
2019-01-04	0.71	0.71	0.72	0.72	13600.0
2019-01-07	0.73	0.72	0.76	0.72	183400.0
2019-01-08	0.73	0.73	0.76	0.76	90700.0
2019-01-09	0.76	0.74	0.76	0.75	38200.0
2019-01-10	0.76	0.73	0.77	0.73	61600.0
2019-01-11	0.77	0.74	0.8	0.76	224200.0
2019-01-14	0.77	0.75	0.8	0.77	472000.0
2019-01-15	0.78	0.76	0.79	0.76	58900.0
2019-01-16	0.78	0.78	0.87	0.79	3366300.0
2019-01-17	0.8	0.78	0.81	0.78	184500.0
2019-01-18	0.79	0.78	0.8	0.78	353900.0
2019-01-21	0.8	0.78	0.81	0.78	124700.0
2019-01-22	0.79	0.78	0.79	0.78	126900.0
2019-01-23	0.8	0.79	0.8	0.79	43600.0
2019-01-24	0.8	0.79	0.8	0.8	104300.0
2019-01-25	0.81	0.79	0.81	0.8	178400.0
2019-01-28	0.81	0.8	0.81	0.81	27100.0
2019-01-29	0.81	0.8	0.83	0.81	387700.0
2019-01-30	0.81	0.81	0.83	0.82	296200.0
2019-01-31	0.82	0.82	0.84	0.83	277400.0
2019-02-01	0.84	0.82	0.84	0.83	532800.0
2019-02-04	0.84	0.82	0.85	0.83	377900.0
2019-02-05	0.83	0.83	0.85	0.84	116200.0
2019-02-06	0.85	0.85	0.86	0.86	101600.0
2019-02-07	0.85	0.84	0.86	0.86	242000.0
2019-02-08	0.85	0.84	0.86	0.85	128600.0
2019-02-11	0.85	0.84	0.85	0.85	61300.0
2019-02-12	0.85	0.85	0.85	0.85	147700.0
2019-02-13	0.85	0.84	0.86	0.85	154000.0
2019-02-14	0.86	0.85	0.86	0.85	90000.0
2019-02-15	0.85	0.82	0.85	0.83	159300.0
2019-02-18	0.83	0.82	0.85	0.84	86400.0
2019-02-20	0.85	0.84	0.89	0.89	2177800.0
2019-02-21	0.91	0.86	0.91	0.86	794600.0
2019-02-22	0.86	0.86	0.9	0.88	348000.0
2019-02-25	0.86	0.86	0.89	0.87	328900.0
2019-02-26	0.94	0.94	1.06	1.0	26343600.0
2019-02-27	1.0	0.97	1.02	0.99	4978100.0
2019-02-28	0.99	0.98	1.01	0.98	1662000.0
2019-03-01	0.98	0.98	1.04	1.0	5494800.0
2019-03-04	0.99	0.98	1.0	0.99	729700.0
2019-03-05	1.0	0.99	1.0	0.99	295800.0
2019-03-06	0.99	0.99	1.04	1.0	3045500.0
2019-03-07	1.01	1.0	1.01	1.0	157600.0
2019-03-08	1.01	1.0	1.02	1.02	371300.0
2019-03-11	1.03	1.0	1.03	1.01	467800.0
2019-03-12	1.02	1.0	1.02	1.0	690700.0
2019-03-13	0.99	0.98	1.0	0.99	1295600.0
2019-03-14	1.0	1.0	1.01	1.0	163300.0
2019-03-15	1.0	1.0	1.01	1.0	330500.0
2019-03-18	0.99	0.99	1.01	0.99	36800.0
2019-03-19	1.0	0.99	1.0	1.0	107600.0
2019-03-20	1.0	0.99	1.0	1.0	139800.0
2019-03-21	0.99	0.99	1.01	0.99	89000.0
2019-03-22	1.0	0.99	1.0	1.0	186300.0
2019-03-25	1.0	0.98	1.01	0.99	198300.0
2019-03-26	1.0	0.99	1.0	1.0	108500.0
2019-03-27	1.0	1.0	1.0	1.0	93200.0
2019-03-28	1.0	1.0	1.01	1.0	157300.0
2019-03-29	1.0	0.99	1.01	1.0	176500.0
2019-04-01	1.0	1.0	1.01	1.0	540700.0
2019-04-02	1.0	0.99	1.01	1.0	266600.0
2019-04-03	1.02	1.02	1.1	1.09	24215000.0
2019-04-04	1.08	1.04	1.08	1.06	6620200.0
2019-04-05	1.07	1.06	1.09	1.07	4179000.0
2019-04-09	1.08	1.04	1.09	1.05	3072800.0
2019-04-10	1.05	1.04	1.07	1.05	1398600.0
2019-04-11	1.05	1.05	1.07	1.05	1194900.0
2019-04-12	1.05	1.04	1.06	1.05	880400.0
2019-04-17	1.05	1.05	1.08	1.07	1379900.0
2019-04-18	1.08	1.07	1.08	1.07	818800.0
2019-04-19	1.07	1.07	1.09	1.07	949100.0
2019-04-22	1.07	1.06	1.08	1.06	1273700.0
2019-04-23	1.06	1.05	1.07	1.06	523500.0
2019-04-24	1.06	1.05	1.07	1.06	1180300.0
2019-04-25	1.07	1.05	1.07	1.06	394400.0
2019-04-26	1.06	1.06	1.07	1.06	639400.0
2019-04-29	1.06	1.05	1.07	1.05	783300.0
2019-04-30	1.06	1.05	1.07	1.07	2965400.0
2019-05-02	0.99	0.97	1.01	0.98	3343800.0
2019-05-03	0.97	0.97	1.0	0.98	1055200.0
2019-05-07	0.99	0.98	0.99	0.99	269400.0
2019-05-08	0.99	0.96	0.99	0.96	915200.0
2019-05-09	0.96	0.96	0.98	0.98	428200.0
2019-05-10	0.99	0.97	0.99	0.98	258800.0
2019-05-13	0.98	0.97	0.98	0.98	80600.0
2019-05-14	0.97	0.94	0.97	0.94	599900.0
2019-05-15	0.95	0.93	0.95	0.93	697300.0
2019-05-16	0.91	0.91	0.96	0.94	182300.0
2019-05-17	0.96	0.94	0.96	0.94	8431000.0
2019-05-21	0.92	0.91	0.96	0.91	291300.0
2019-05-22	0.91	0.91	0.94	0.94	115800.0
2019-05-23	0.93	0.91	0.94	0.93	392900.0
2019-05-24	0.93	0.91	0.93	0.93	71200.0
2019-05-27	0.91	0.87	0.92	0.89	639600.0
2019-05-28	0.88	0.88	0.91	0.91	332600.0
2019-05-29	0.91	0.88	0.91	0.9	286600.0
2019-05-30	0.9	0.86	0.9	0.87	469400.0
2019-05-31	0.87	0.87	0.88	0.88	44100.0
2019-06-04	0.88	0.86	0.89	0.87	155500.0
2019-06-05	0.88	0.88	0.88	0.88	106900.0
2019-06-06	0.89	0.87	0.89	0.88	28500.0
2019-06-07	0.88	0.87	0.89	0.87	113700.0
2019-06-10	0.88	0.86	0.88	0.88	317600.0
2019-06-11	0.88	0.87	0.89	0.88	381700.0
2019-06-12	0.88	0.88	0.88	0.88	84400.0
2019-06-13	0.88	0.88	0.88	0.88	168200.0
2019-06-14	0.88	0.88	0.9	0.88	240000.0
2019-06-17	0.89	0.88	0.89	0.88	194300.0
2019-06-18	0.88	0.87	0.89	0.88	158400.0
2019-06-19	0.89	0.89	0.96	0.91	855500.0
2019-06-20	0.93	0.91	0.95	0.92	1151900.0
2019-06-21	0.91	0.91	0.93	0.91	93400.0
2019-06-24	0.92	0.92	0.93	0.92	319000.0
2019-06-25	0.93	0.92	0.93	0.93	159300.0
2019-06-26	0.94	0.92	0.94	0.92	16100.0
2019-06-27	0.93	0.93	0.94	0.93	50800.0
2019-06-28	0.93	0.92	0.93	0.93	54700.0
2019-07-01	0.92	0.91	0.93	0.92	192300.0
2019-07-02	0.92	0.92	0.93	0.92	87200.0
2019-07-03	0.93	0.92	0.93	0.92	48600.0
2019-07-04	0.93	0.9	0.93	0.92	371200.0
2019-07-05	0.91	0.9	0.92	0.92	13200.0
2019-07-08	0.92	0.89	0.93	0.9	207600.0
2019-07-09	0.93	0.92	0.93	0.92	152800.0
2019-07-10	0.93	0.89	0.93	0.9	547000.0
2019-07-11	0.9	0.89	0.9	0.9	507900.0
2019-07-12	0.91	0.89	0.91	0.9	214800.0
2019-07-15	0.89	0.89	0.91	0.89	222800.0
2019-07-17	0.9	0.86	0.9	0.88	354700.0
2019-07-18	0.88	0.88	0.91	0.88	82100.0
2019-07-19	0.88	0.88	0.9	0.88	257900.0
2019-07-22	0.88	0.87	0.89	0.88	122400.0
2019-07-23	0.89	0.89	0.91	0.89	132400.0
2019-07-24	0.9	0.9	0.9	0.9	15400.0
2019-07-25	0.9	0.87	0.9	0.87	501100.0
2019-07-26	0.9	0.88	0.92	0.88	541000.0
2019-07-30	0.89	0.85	0.92	0.85	499000.0
2019-07-31	0.86	0.86	0.89	0.89	218000.0
2019-08-01	0.89	0.85	0.89	0.85	245500.0
2019-08-02	0.87	0.85	0.87	0.85	195300.0
2019-08-05	0.86	0.82	0.86	0.86	294400.0
2019-08-06	0.84	0.83	0.89	0.87	371300.0
2019-08-07	0.87	0.84	0.87	0.84	421900.0
2019-08-08	0.84	0.83	0.85	0.84	38200.0
2019-08-09	0.85	0.82	0.85	0.83	104100.0
2019-08-13	0.83	0.8	0.83	0.8	96800.0
2019-08-14	0.8	0.79	0.83	0.82	102800.0
2019-08-15	0.82	0.78	0.83	0.8	272000.0
2019-08-16	0.84	0.81	0.84	0.81	76600.0
2019-08-19	0.82	0.79	0.82	0.8	213000.0
2019-08-20	0.82	0.8	0.82	0.82	7300.0
2019-08-21	0.82	0.79	0.82	0.8	202700.0
2019-08-22	0.8	0.79	0.81	0.8	27000.0
2019-08-23	0.8	0.79	0.8	0.8	58100.0
2019-08-26	0.8	0.79	0.81	0.8	7600.0
2019-08-27	0.8	0.78	0.8	0.79	79900.0
2019-08-28	0.8	0.78	0.8	0.78	106300.0
2019-08-29	0.78	0.78	0.81	0.8	202700.0
2019-08-30	0.8	0.79	0.8	0.79	94800.0
2019-09-02	0.8	0.8	0.81	0.81	337800.0
2019-09-03	0.82	0.8	0.9	0.8	3081900.0
2019-09-04	0.8	0.8	0.82	0.81	163000.0
2019-09-05	0.81	0.79	0.82	0.8	208100.0
2019-09-06	0.8	0.79	0.81	0.81	57100.0
2019-09-09	0.81	0.8	0.81	0.81	11600.0
2019-09-10	0.81	0.8	0.81	0.8	24200.0
2019-09-11	0.81	0.8	0.81	0.8	9400.0
2019-09-12	0.81	0.79	0.81	0.8	135400.0
2019-09-13	0.81	0.8	0.81	0.8	27500.0
2019-09-16	0.79	0.79	0.8	0.8	6200.0
2019-09-17	0.81	0.78	0.81	0.78	72600.0
2019-09-18	0.79	0.78	0.81	0.78	66500.0
2019-09-19	0.8	0.78	0.8	0.78	18900.0
2019-09-20	0.79	0.77	0.79	0.77	90400.0
2019-09-23	0.8	0.78	0.8	0.78	2400.0
2019-09-24	0.78	0.77	0.81	0.78	103200.0
2019-09-25	0.79	0.77	0.79	0.77	1800.0
2019-09-26	0.78	0.76	0.78	0.77	45900.0
2019-09-27	0.77	0.75	0.78	0.75	79000.0
2019-09-30	0.78	0.74	0.78	0.75	143600.0
2019-10-01	0.77	0.7	0.77	0.72	576800.0
2019-10-02	0.75	0.7	0.75	0.75	178200.0
2019-10-03	0.74	0.71	0.75	0.75	172700.0
2019-10-04	0.74	0.7	0.75	0.71	400000.0
2019-10-07	0.72	0.7	0.72	0.71	73900.0
2019-10-08	0.71	0.71	0.73	0.72	137000.0
2019-10-09	0.72	0.71	0.73	0.73	217600.0
2019-10-10	0.73	0.71	0.76	0.71	1458100.0
2019-10-11	0.72	0.7	0.73	0.7	179600.0
2019-10-15	0.71	0.69	0.71	0.7	70300.0
2019-10-16	0.7	0.68	0.7	0.69	229400.0
2019-10-17	0.69	0.67	0.7	0.67	190100.0
2019-10-18	0.69	0.66	0.69	0.66	95800.0
2019-10-21	0.67	0.67	0.67	0.67	1800.0
2019-10-22	0.67	0.65	0.67	0.67	174700.0
2019-10-24	0.65	0.63	0.67	0.63	248700.0
2019-10-25	0.64	0.6	0.64	0.6	376000.0
2019-10-28	0.62	0.57	0.62	0.57	359800.0
2019-10-29	0.6	0.58	0.6	0.58	27200.0
2019-10-30	0.63	0.59	0.63	0.59	48100.0
2019-10-31	0.6	0.56	0.62	0.58	68000.0
2019-11-01	0.59	0.58	0.59	0.59	14300.0
2019-11-04	0.6	0.59	0.61	0.6	28300.0
2019-11-05	0.63	0.58	0.63	0.59	143700.0
2019-11-06	0.6	0.59	0.6	0.59	73100.0
2019-11-07	0.6	0.59	0.6	0.59	102800.0
2019-11-08	0.59	0.59	0.6	0.59	76800.0
2019-11-11	0.6	0.59	0.6	0.59	58000.0
2019-11-12	0.6	0.57	0.6	0.59	264700.0
2019-11-13	0.59	0.55	0.59	0.55	399800.0
2019-11-14	0.56	0.55	0.56	0.56	94600.0
2019-11-15	0.57	0.53	0.57	0.54	52900.0
2019-11-18	0.57	0.54	0.57	0.56	44700.0
2019-11-19	0.57	0.54	0.57	0.56	101500.0
2019-11-20	0.56	0.54	0.56	0.55	25900.0
2019-11-21	0.55	0.53	0.55	0.55	85300.0
2019-11-22	0.55	0.53	0.55	0.54	312900.0
2019-11-25	0.54	0.51	0.55	0.53	452500.0
2019-11-26	0.54	0.53	0.54	0.54	57400.0
2019-11-27	0.54	0.54	0.57	0.56	1028000.0
2019-11-28	0.57	0.55	0.57	0.56	402900.0
2019-11-29	0.57	0.54	0.57	0.57	157900.0
2019-12-02	0.55	0.54	0.56	0.56	152000.0
2019-12-03	0.56	0.55	0.56	0.55	202800.0
2019-12-04	0.55	0.54	0.55	0.54	90500.0
2019-12-06	0.54	0.54	0.55	0.54	11900.0
2019-12-09	0.55	0.53	0.55	0.55	184100.0
2019-12-11	0.56	0.55	0.59	0.59	790300.0
2019-12-12	0.59	0.55	0.64	0.55	2946500.0
2019-12-13	0.56	0.56	0.57	0.57	139400.0
2019-12-16	0.57	0.56	0.57	0.56	271900.0
2019-12-17	0.57	0.56	0.59	0.57	332600.0
2019-12-18	0.58	0.56	0.58	0.56	21100.0
2019-12-19	0.59	0.58	0.59	0.58	63800.0
2019-12-20	0.58	0.58	0.58	0.58	11000.0
2019-12-23	0.58	0.57	0.58	0.57	1500.0
2019-12-24	0.58	0.58	0.59	0.58	42100.0
2019-12-25	0.59	0.59	0.61	0.6	576900.0
2019-12-26	0.59	0.58	0.6	0.6	271600.0
2019-12-27	0.6	0.59	0.64	0.59	1174300.0
2019-12-30	0.61	0.6	0.61	0.6	3900.0
2020-01-02	0.59	0.59	0.62	0.62	27700.0
2020-01-03	0.62	0.6	0.62	0.62	46900.0
2020-01-06	0.61	0.59	0.62	0.6	51400.0
2020-01-07	0.61	0.58	0.61	0.58	199400.0
2020-01-08	0.59	0.57	0.59	0.58	193700.0
2020-01-09	0.59	0.58	0.6	0.6	97100.0
2020-01-10	0.6	0.6	0.61	0.6	144000.0
2020-01-13	0.61	0.6	0.61	0.6	92800.0
2020-01-14	0.6	0.6	0.61	0.6	23700.0
2020-01-15	0.61	0.6	0.61	0.6	8400.0
2020-01-16	0.6	0.59	0.61	0.61	76600.0
2020-01-17	0.61	0.6	0.62	0.6	138200.0
2020-01-20	0.6	0.59	0.62	0.59	31400.0
2020-01-21	0.59	0.59	0.61	0.6	26900.0
2020-01-22	0.59	0.59	0.6	0.59	54600.0
2020-01-23	0.6	0.55	0.6	0.57	153500.0
2020-01-24	0.57	0.51	0.57	0.57	148900.0
2020-01-27	0.57	0.54	0.57	0.56	340700.0
2020-01-28	0.57	0.52	0.57	0.53	1318800.0
2020-01-29	0.53	0.53	0.55	0.54	276500.0
2020-01-30	0.54	0.53	0.54	0.53	82600.0
2020-01-31	0.55	0.54	0.58	0.58	693200.0
2020-02-03	0.57	0.56	0.57	0.56	4100.0
2020-02-04	0.56	0.56	0.57	0.56	218600.0
2020-02-05	0.57	0.57	0.58	0.58	23800.0
2020-02-06	0.58	0.57	0.58	0.58	90200.0
2020-02-07	0.58	0.57	0.58	0.57	61400.0
2020-02-11	0.57	0.57	0.58	0.57	10100.0
2020-02-12	0.57	0.57	0.58	0.58	17700.0
2020-02-13	0.59	0.58	0.59	0.59	129100.0
2020-02-14	0.59	0.57	0.59	0.57	47900.0
2020-02-17	0.58	0.56	0.58	0.57	38500.0
2020-02-18	0.57	0.57	0.58	0.57	47900.0
2020-02-19	0.58	0.56	0.58	0.56	369200.0
2020-02-20	0.56	0.56	0.57	0.56	297200.0
2020-02-21	0.56	0.55	0.56	0.55	372300.0
2020-02-24	0.56	0.51	0.56	0.51	60900.0
2020-02-25	0.51	0.48	0.51	0.51	119300.0
2020-02-26	0.51	0.49	0.51	0.49	61900.0
2020-02-27	0.49	0.47	0.54	0.53	133800.0
2020-02-28	0.53	0.47	0.53	0.48	27400.0
2020-03-02	0.48	0.46	0.48	0.46	37900.0
2020-03-03	0.47	0.47	0.48	0.47	48600.0
2020-03-04	0.48	0.45	0.49	0.45	128100.0
2020-03-05	0.46	0.46	0.49	0.46	77100.0
2020-03-06	0.48	0.45	0.48	0.45	36900.0
2020-03-09	0.45	0.4	0.46	0.4	236300.0
2020-03-10	0.41	0.4	0.42	0.41	73400.0
2020-03-11	0.41	0.39	0.41	0.39	149800.0
2020-03-12	0.39	0.35	0.39	0.36	209500.0
2020-03-13	0.37	0.35	0.38	0.36	213900.0
2020-03-16	0.36	0.3	0.36	0.35	63500.0
2020-03-17	0.35	0.3	0.4	0.4	1246300.0
2020-03-18	0.41	0.39	0.41	0.4	1615200.0
2020-03-19	0.4	0.36	0.4	0.39	1626600.0
2020-03-20	0.39	0.38	0.4	0.39	312800.0
2020-03-23	0.39	0.37	0.39	0.38	91900.0
2020-03-24	0.38	0.35	0.39	0.39	6800.0
2020-03-25	0.39	0.34	0.39	0.36	70000.0
2020-03-26	0.36	0.34	0.37	0.37	39800.0
2020-03-27	0.38	0.37	0.38	0.37	1100.0
2020-03-30	0.37	0.33	0.37	0.33	300800.0
2020-03-31	0.33	0.31	0.35	0.34	277100.0
2020-04-01	0.34	0.31	0.35	0.34	80500.0
2020-04-02	0.33	0.32	0.34	0.34	54000.0
2020-04-03	0.34	0.32	0.35	0.35	400000.0
2020-04-07	0.35	0.34	0.36	0.34	233900.0
2020-04-08	0.36	0.33	0.36	0.33	1011600.0
2020-04-09	0.34	0.33	0.34	0.33	443200.0
2020-04-10	0.34	0.34	0.35	0.35	107300.0
2020-04-13	0.35	0.35	0.37	0.36	219000.0
2020-04-14	0.38	0.36	0.38	0.37	41000.0
2020-04-15	0.37	0.35	0.37	0.36	51800.0
2020-04-16	0.36	0.33	0.36	0.34	499900.0
2020-04-17	0.34	0.34	0.36	0.36	119500.0
2020-04-20	0.35	0.35	0.37	0.37	164500.0
2020-04-21	0.37	0.36	0.38	0.38	148500.0
2020-04-22	0.38	0.38	0.39	0.39	204700.0
2020-04-23	0.4	0.4	0.44	0.44	3965500.0
2020-04-24	0.44	0.38	0.44	0.4	2635100.0
2020-04-27	0.41	0.39	0.42	0.4	248700.0
2020-04-28	0.42	0.4	0.42	0.4	253700.0
2020-04-29	0.41	0.39	0.41	0.4	193900.0
2020-04-30	0.4	0.4	0.42	0.41	413700.0
2020-05-05	0.4	0.37	0.4	0.4	284500.0
2020-05-07	0.41	0.39	0.42	0.39	283600.0
2020-05-08	0.39	0.39	0.41	0.4	155000.0
2020-05-11	0.4	0.4	0.41	0.4	166700.0
2020-05-12	0.4	0.39	0.4	0.4	259100.0
2020-05-13	0.4	0.39	0.41	0.4	41800.0
2020-05-14	0.41	0.41	0.43	0.41	637000.0
2020-05-15	0.41	0.39	0.41	0.4	871700.0
2020-05-18	0.41	0.4	0.41	0.4	211800.0
2020-05-19	0.41	0.41	0.42	0.42	206200.0
2020-05-20	0.41	0.41	0.44	0.44	1282200.0
2020-05-21	0.45	0.44	0.45	0.45	689300.0
2020-05-22	0.45	0.44	0.45	0.45	211100.0
2020-05-25	0.45	0.45	0.49	0.47	600700.0
2020-05-26	0.48	0.48	0.51	0.5	811500.0
2020-05-27	0.5	0.5	0.53	0.53	238500.0
2020-05-28	0.53	0.51	0.53	0.51	407900.0
2020-05-29	0.53	0.5	0.53	0.51	151700.0
2020-06-01	0.52	0.52	0.53	0.52	224100.0
2020-06-02	0.53	0.53	0.54	0.54	66700.0
2020-06-04	0.54	0.54	0.57	0.57	442600.0
2020-06-05	0.58	0.56	0.59	0.59	275200.0
2020-06-08	0.6	0.6	0.65	0.64	932200.0
2020-06-09	0.66	0.64	0.71	0.66	1029100.0
2020-06-10	0.66	0.62	0.66	0.62	396500.0
2020-06-11	0.62	0.61	0.63	0.63	347600.0
2020-06-12	0.62	0.58	0.62	0.59	647800.0
2020-06-15	0.6	0.58	0.61	0.59	120100.0
2020-06-16	0.57	0.57	0.6	0.59	109800.0
2020-06-17	0.59	0.59	0.64	0.61	312500.0
2020-06-18	0.62	0.6	0.62	0.62	95700.0
2020-06-19	0.62	0.6	0.62	0.62	191100.0
2020-06-22	0.62	0.6	0.62	0.6	57300.0
2020-06-23	0.6	0.59	0.61	0.6	156900.0
2020-06-24	0.6	0.59	0.6	0.59	61400.0
2020-06-25	0.59	0.57	0.6	0.57	184700.0
2020-06-26	0.59	0.58	0.59	0.59	86900.0
2020-06-29	0.59	0.59	0.61	0.61	37100.0
2020-06-30	0.61	0.61	0.62	0.61	21000.0
2020-07-01	0.62	0.58	0.62	0.6	95500.0
2020-07-02	0.6	0.59	0.6	0.6	168900.0
2020-07-03	0.6	0.58	0.6	0.59	174000.0
2020-07-07	0.6	0.6	0.61	0.61	87400.0
2020-07-08	0.61	0.6	0.61	0.61	34500.0
2020-07-09	0.62	0.61	0.62	0.62	71300.0
2020-07-10	0.62	0.62	0.71	0.71	8367700.0
2020-07-13	0.73	0.63	0.79	0.63	11286500.0
2020-07-14	0.61	0.59	0.66	0.64	1218400.0
2020-07-15	0.65	0.63	0.65	0.64	284000.0
2020-07-16	0.64	0.62	0.64	0.62	47800.0
2020-07-17	0.64	0.63	0.66	0.64	187100.0
2020-07-20	0.65	0.63	0.65	0.64	44900.0
2020-07-21	0.64	0.62	0.64	0.64	68400.0
2020-07-22	0.64	0.62	0.64	0.63	101100.0
2020-07-23	0.64	0.63	0.64	0.63	33700.0
2020-07-24	0.63	0.62	0.7	0.66	3171600.0
2020-07-29	0.66	0.62	0.72	0.62	10023900.0
2020-07-30	0.65	0.61	0.65	0.62	804500.0
2020-07-31	0.64	0.62	0.64	0.63	156700.0
2020-08-03	0.63	0.62	0.63	0.62	125700.0
2020-08-04	0.63	0.62	0.63	0.62	141100.0
2020-08-05	0.64	0.64	0.64	0.64	76800.0
2020-08-06	0.64	0.61	0.64	0.62	188200.0
2020-08-07	0.62	0.62	0.63	0.63	197700.0
2020-08-10	0.64	0.63	0.64	0.63	92800.0
2020-08-11	0.63	0.62	0.64	0.63	244500.0
2020-08-13	0.63	0.61	0.64	0.64	310800.0
2020-08-14	0.64	0.63	0.66	0.63	54300.0
2020-08-17	0.63	0.61	0.64	0.61	88500.0
2020-08-18	0.63	0.61	0.63	0.63	125400.0
2020-08-19	0.65	0.6	0.65	0.61	3200.0
2020-08-20	0.64	0.63	0.64	0.64	1500.0
2020-08-21	0.64	0.63	0.64	0.63	300.0
2020-08-24	0.62	0.62	0.64	0.62	1800.0
2020-08-25	0.63	0.62	0.63	0.62	3800.0
2020-08-26	0.62	0.61	0.62	0.62	103600.0
2020-08-27	0.61	0.6	0.63	0.6	79100.0
2020-08-28	0.59	0.59	0.63	0.63	122300.0
2020-08-31	0.68	0.63	0.68	0.63	144900.0
2020-09-01	0.63	0.62	0.64	0.64	100600.0
2020-09-02	0.64	0.64	0.66	0.64	264200.0
2020-09-03	0.65	0.63	0.65	0.63	174300.0
2020-09-08	0.62	0.62	0.65	0.65	2200.0
2020-09-09	0.64	0.62	0.65	0.65	119300.0
2020-09-10	0.65	0.64	0.65	0.65	3200.0
2020-09-11	0.64	0.63	0.66	0.65	117000.0
2020-09-14	0.65	0.64	0.66	0.64	168000.0
2020-09-15	0.66	0.65	0.66	0.65	10000.0
2020-09-16	0.64	0.64	0.65	0.65	55200.0
2020-09-17	0.66	0.64	0.66	0.65	55000.0
2020-09-18	0.66	0.64	0.66	0.65	15000.0
2020-09-21	0.65	0.64	0.65	0.65	27700.0
2020-09-22	0.65	0.64	0.66	0.65	21400.0
2020-09-23	0.65	0.62	0.66	0.66	203000.0
2020-09-24	0.66	0.65	0.66	0.65	20000.0
2020-09-25	0.65	0.63	0.66	0.65	163800.0
2020-09-28	0.65	0.65	0.67	0.66	58900.0
2020-09-29	0.66	0.65	0.66	0.66	56200.0
2020-09-30	0.66	0.66	0.66	0.66	26300.0
2020-10-01	0.66	0.64	0.68	0.64	112900.0
2020-10-02	0.64	0.64	0.67	0.66	7100.0
2020-10-05	0.66	0.64	0.66	0.66	28500.0
2020-10-06	0.66	0.66	0.69	0.66	221700.0
2020-10-07	0.65	0.65	0.67	0.67	12000.0
2020-10-08	0.66	0.65	0.66	0.65	5100.0
2020-10-09	0.65	0.64	0.67	0.67	30500.0
2020-10-12	0.67	0.65	0.67	0.66	59200.0
2020-10-14	0.65	0.64	0.67	0.66	191000.0
2020-10-15	0.67	0.65	0.67	0.66	30400.0
2020-10-16	0.66	0.61	0.67	0.67	212500.0
2020-10-19	0.65	0.63	0.67	0.67	178800.0
2020-10-20	0.67	0.65	0.68	0.67	69700.0
2020-10-21	0.65	0.65	0.67	0.67	8800.0
2020-10-26	0.66	0.66	0.66	0.66	5000.0
2020-10-27	0.64	0.62	0.67	0.67	4000.0
2020-10-28	0.64	0.63	0.68	0.68	141800.0
2020-10-29	0.68	0.66	0.68	0.67	7200.0
2020-10-30	0.68	0.64	0.68	0.67	36500.0
2020-11-02	0.67	0.63	0.68	0.68	33300.0
2020-11-03	0.65	0.64	0.68	0.67	143800.0
2020-11-06	0.66	0.64	0.66	0.66	16700.0
2020-11-09	0.64	0.64	0.68	0.68	24000.0
2020-11-10	0.64	0.6	0.68	0.67	263000.0
2020-11-11	0.68	0.67	0.68	0.67	37100.0
2020-11-12	0.65	0.65	0.65	0.65	53600.0
2020-11-13	0.65	0.64	0.65	0.64	5100.0
2020-11-16	0.64	0.63	0.64	0.64	118500.0
2020-11-17	0.62	0.62	0.63	0.62	80900.0
2020-11-18	0.62	0.62	0.63	0.63	2700.0
2020-11-19	0.63	0.6	0.63	0.62	144500.0
2020-11-20	0.62	0.62	0.63	0.62	21700.0
2020-11-23	0.61	0.57	0.62	0.61	995200.0
2020-11-24	0.61	0.57	0.62	0.59	872900.0
2020-11-25	0.59	0.58	0.6	0.58	191700.0
2020-11-26	0.59	0.59	0.59	0.59	2900.0
2020-11-27	0.59	0.59	0.6	0.6	13600.0
2020-11-30	0.6	0.59	0.6	0.6	43100.0
2020-12-01	0.6	0.57	0.6	0.58	327600.0
2020-12-02	0.59	0.58	0.6	0.59	34200.0
2020-12-03	0.6	0.59	0.6	0.59	119900.0
2020-12-04	0.6	0.59	0.63	0.6	374000.0
2020-12-08	0.6	0.6	0.62	0.6	98800.0
2020-12-09	0.61	0.6	0.62	0.6	62600.0
2020-12-14	0.6	0.59	0.6	0.6	155600.0
2020-12-15	0.59	0.58	0.6	0.58	126100.0
2020-12-16	0.6	0.59	0.6	0.59	88300.0
2020-12-17	0.6	0.6	0.6	0.6	42700.0
2020-12-18	0.6	0.6	0.61	0.61	37300.0
2020-12-21	0.6	0.6	0.65	0.62	603300.0
2020-12-22	0.6	0.59	0.64	0.62	29700.0
2020-12-23	0.63	0.61	0.63	0.61	24000.0
2020-12-24	0.64	0.61	0.65	0.61	406100.0
2020-12-25	0.61	0.61	0.62	0.61	8700.0
2020-12-28	0.62	0.61	0.62	0.61	44300.0
2020-12-29	0.61	0.61	0.62	0.61	12600.0
2020-12-30	0.62	0.59	0.63	0.62	45900.0
2021-01-04	0.6	0.6	0.61	0.61	111200.0
2021-01-05	0.62	0.6	0.62	0.6	46100.0
2021-01-06	0.6	0.6	0.62	0.6	288100.0
2021-01-07	0.62	0.61	0.63	0.62	107900.0
2021-01-08	0.62	0.61	0.62	0.61	2100.0
2021-01-11	0.63	0.6	0.63	0.61	76600.0
2021-01-12	0.61	0.61	0.62	0.62	27100.0
2021-01-13	0.63	0.59	0.63	0.6	259500.0
2021-01-14	0.61	0.59	0.61	0.6	164000.0
2021-01-15	0.6	0.6	0.61	0.61	112100.0
2021-01-18	0.61	0.61	0.61	0.61	24800.0
2021-01-19	0.61	0.61	0.63	0.61	329700.0
2021-01-20	0.61	0.61	0.63	0.62	189400.0
2021-01-21	0.63	0.62	0.64	0.62	182500.0
2021-01-22	0.63	0.61	0.63	0.63	274200.0
2021-01-25	0.67	0.64	0.69	0.64	1393900.0
2021-01-26	0.64	0.64	0.67	0.64	636800.0
2021-01-27	0.64	0.63	0.65	0.64	58000.0
2021-01-28	0.63	0.62	0.65	0.62	277400.0
2021-01-29	0.62	0.61	0.63	0.63	113200.0
2021-02-01	0.63	0.61	0.63	0.62	79800.0
2021-02-02	0.62	0.61	0.63	0.62	167100.0
2021-02-03	0.61	0.61	0.63	0.63	66400.0
2021-02-04	0.63	0.61	0.63	0.63	372900.0
2021-02-05	0.62	0.62	0.64	0.64	198100.0
2021-02-08	0.62	0.62	0.65	0.63	284900.0
2021-02-09	0.63	0.63	0.64	0.64	370200.0
2021-02-10	0.63	0.63	0.64	0.64	95000.0
2021-02-11	0.63	0.62	0.65	0.65	632300.0
2021-02-15	0.64	0.63	0.65	0.65	338700.0
2021-02-16	0.65	0.65	0.66	0.65	417600.0
2021-02-17	0.65	0.63	0.65	0.63	593800.0
2021-02-18	0.63	0.63	0.65	0.64	154200.0
2021-02-19	0.64	0.63	0.64	0.63	81700.0
2021-02-22	0.64	0.62	0.64	0.63	54400.0
2021-02-23	0.63	0.62	0.64	0.64	53200.0
2021-02-24	0.62	0.61	0.64	0.63	224500.0
2021-02-25	0.62	0.61	0.63	0.62	58300.0
2021-03-01	0.62	0.61	0.63	0.63	74300.0
2021-03-02	0.63	0.58	0.63	0.59	1050600.0
2021-03-03	0.6	0.6	0.61	0.61	61200.0
2021-03-04	0.61	0.61	0.63	0.62	159800.0
2021-03-05	0.62	0.61	0.64	0.63	317800.0
2021-03-08	0.72	0.64	0.72	0.64	1934200.0
2021-03-09	0.65	0.64	0.66	0.66	344800.0
2021-03-10	0.66	0.66	0.68	0.68	692100.0
2021-03-11	0.68	0.68	0.71	0.68	126200.0
2021-03-12	0.68	0.67	0.78	0.7	7585600.0
2021-03-15	0.7	0.68	0.7	0.68	836800.0
2021-03-16	0.69	0.67	0.69	0.67	138400.0
2021-03-17	0.67	0.67	0.69	0.68	231400.0
2021-03-18	0.67	0.67	0.75	0.73	5327600.0
2021-03-19	0.73	0.7	0.75	0.72	806200.0
2021-03-22	0.72	0.71	0.74	0.74	513200.0
2021-03-23	0.76	0.71	0.76	0.71	904600.0
2021-03-24	0.71	0.7	0.76	0.75	1386300.0
2021-03-25	0.76	0.73	0.77	0.73	3364400.0
2021-03-26	0.71	0.71	0.75	0.73	545300.0
2021-03-29	0.74	0.73	0.8	0.8	4465000.0
2021-03-30	0.81	0.76	0.81	0.78	2130200.0
2021-03-31	0.78	0.73	0.8	0.75	3263100.0
2021-04-01	0.76	0.75	0.77	0.76	1027500.0
2021-04-02	0.76	0.76	0.87	0.85	13245700.0
2021-04-05	0.85	0.78	0.85	0.79	2176300.0
2021-04-07	0.76	0.74	0.78	0.75	1403400.0
2021-04-08	0.75	0.74	0.83	0.81	1185200.0
2021-04-09	0.81	0.75	0.81	0.78	1749700.0
2021-04-12	0.77	0.74	0.77	0.74	584400.0
2021-04-16	0.71	0.7	0.73	0.73	967800.0
2021-04-19	0.71	0.7	0.75	0.75	151500.0
2021-04-20	0.74	0.74	0.78	0.76	638500.0
2021-04-21	0.75	0.75	0.77	0.77	299700.0
2021-04-22	0.77	0.76	0.82	0.77	3126300.0
2021-04-23	0.78	0.76	0.82	0.79	1425700.0
2021-04-26	0.77	0.76	0.78	0.76	488600.0
2021-04-27	0.77	0.74	0.77	0.77	609000.0
2021-04-28	0.77	0.74	0.77	0.76	662100.0
2021-04-29	0.76	0.74	0.86	0.83	4131300.0
2021-04-30	0.83	0.79	0.85	0.79	3451200.0
2021-05-05	0.77	0.76	0.78	0.78	1345600.0
2021-05-06	0.78	0.76	0.78	0.76	512800.0
2021-05-07	0.76	0.75	0.78	0.76	474700.0
2021-05-10	0.77	0.75	0.78	0.75	404600.0
2021-05-11	0.76	0.76	0.8	0.8	1897700.0
2021-05-12	0.82	0.77	0.84	0.77	1778600.0
2021-05-13	0.77	0.75	0.8	0.77	970300.0
2021-05-14	0.77	0.7	0.78	0.78	2076000.0
2021-05-17	0.84	0.79	0.84	0.79	4066300.0
2021-05-18	0.82	0.79	0.84	0.79	1479200.0
2021-05-19	0.8	0.78	0.8	0.79	1458200.0
2021-05-20	0.78	0.78	0.96	0.9	50983400.0
2021-05-21	0.9	0.83	0.9	0.83	11404100.0
2021-05-24	0.85	0.82	0.91	0.89	13082800.0
2021-05-25	0.91	0.85	0.93	0.86	10294700.0
2021-05-27	0.87	0.83	0.88	0.83	5400700.0
2021-05-28	0.84	0.82	0.86	0.82	3786500.0
2021-05-31	0.82	0.81	0.83	0.81	2109700.0
2021-06-01	0.81	0.81	0.84	0.81	2291100.0
2021-06-02	0.82	0.82	0.83	0.83	807300.0
2021-06-04	0.83	0.82	0.87	0.83	3697500.0
2021-06-07	0.83	0.83	0.85	0.85	1147100.0
2021-06-08	0.85	0.83	0.85	0.84	701000.0
2021-06-09	0.83	0.83	0.9	0.84	11360100.0
2021-06-10	0.84	0.84	0.86	0.85	1491500.0
2021-06-11	0.86	0.82	0.86	0.82	2286600.0
2021-06-14	0.82	0.81	0.84	0.82	2222700.0
2021-06-15	0.81	0.81	0.85	0.82	1784600.0
2021-06-16	0.82	0.8	0.82	0.81	559200.0
2021-06-17	0.82	0.81	0.82	0.81	329500.0
2021-06-18	0.81	0.81	0.82	0.81	820500.0
2021-06-21	0.8	0.78	0.81	0.78	540200.0
2021-06-22	0.78	0.78	0.81	0.79	326800.0
2021-06-23	0.79	0.76	0.83	0.76	4824500.0
2021-06-24	0.77	0.75	0.78	0.75	541300.0
2021-06-25	0.75	0.72	0.77	0.74	760300.0
2021-06-28	0.74	0.7	0.74	0.72	522300.0
2021-06-29	0.74	0.73	0.75	0.75	808700.0
2021-06-30	0.76	0.75	0.77	0.75	1020400.0
2021-07-01	0.76	0.74	0.77	0.75	141400.0
2021-07-02	0.75	0.73	0.77	0.74	237300.0
2021-07-05	0.74	0.73	0.76	0.73	305500.0
2021-07-06	0.73	0.73	0.76	0.74	388700.0
2021-07-07	0.74	0.71	0.75	0.72	258300.0
2021-07-08	0.72	0.63	0.72	0.64	2563400.0
2021-07-09	0.63	0.62	0.67	0.65	771200.0
2021-07-12	0.66	0.64	0.66	0.66	39500.0
2021-07-13	0.65	0.65	0.69	0.67	464200.0
2021-07-14	0.68	0.66	0.69	0.68	228000.0
2021-07-15	0.71	0.68	0.73	0.68	706400.0
2021-07-16	0.72	0.69	0.72	0.69	336500.0
2021-07-19	0.68	0.68	0.69	0.69	397700.0
2021-07-20	0.7	0.67	0.7	0.69	209400.0
2021-07-21	0.72	0.7	0.76	0.73	2759700.0
2021-07-22	0.75	0.73	0.75	0.73	1220800.0
2021-07-23	0.73	0.71	0.73	0.71	558700.0
2021-07-27	0.71	0.71	0.73	0.71	208000.0
2021-07-29	0.72	0.69	0.72	0.7	196300.0
2021-07-30	0.72	0.69	0.73	0.69	126700.0
2021-08-02	0.69	0.68	0.72	0.69	1074400.0
2021-08-03	0.69	0.69	0.72	0.69	975100.0
2021-08-04	0.69	0.69	0.73	0.7	999000.0
2021-08-05	0.71	0.69	0.72	0.69	255100.0
2021-08-06	0.69	0.69	0.7	0.69	35700.0
2021-08-09	0.69	0.67	0.7	0.67	471500.0
2021-08-10	0.68	0.67	0.69	0.67	186700.0
2021-08-11	0.68	0.68	0.79	0.74	10170400.0
2021-08-13	0.75	0.7	0.75	0.7	3436200.0
2021-08-16	0.7	0.67	0.71	0.68	1856800.0
2021-08-17	0.68	0.67	0.72	0.69	1824900.0
2021-08-18	0.69	0.69	0.74	0.74	2084400.0
2021-08-19	0.76	0.75	0.82	0.8	24054200.0
2021-08-20	0.8	0.78	0.84	0.78	10392200.0
2021-08-23	0.8	0.78	0.81	0.78	1620800.0
2021-08-24	0.78	0.75	0.78	0.77	3185600.0
2021-08-25	0.77	0.77	0.85	0.84	12944400.0
2021-08-26	0.83	0.8	0.83	0.82	4749200.0
2021-08-27	0.83	0.79	0.83	0.79	2277400.0
2021-08-30	0.8	0.78	0.8	0.79	1009000.0
2021-08-31	0.79	0.78	0.8	0.78	717800.0
2021-09-01	0.79	0.79	0.88	0.82	26107500.0
2021-09-02	0.82	0.78	0.82	0.78	4088700.0
2021-09-03	0.79	0.79	0.82	0.8	3872100.0
2021-09-06	0.81	0.81	0.88	0.88	10765100.0
2021-09-07	0.88	0.88	1.14	1.14	47704300.0
2021-09-08	1.24	1.07	1.3	1.15	69933000.0
2021-09-09	1.12	1.1	1.15	1.13	4786700.0
2021-09-10	1.16	1.13	1.25	1.16	24553900.0
2021-09-13	1.18	1.07	1.19	1.09	7570300.0
2021-09-14	1.09	1.08	1.14	1.12	3922400.0
2021-09-15	1.13	1.12	1.17	1.13	4633200.0
2021-09-16	1.13	1.1	1.13	1.1	1631000.0
2021-09-17	1.12	1.1	1.22	1.12	46138000.0
2021-09-20	1.1	1.07	1.11	1.08	5741200.0
2021-09-21	1.09	1.08	1.12	1.1	6207200.0
2021-09-22	1.11	1.11	1.24	1.22	35979700.0
2021-09-23	1.28	1.2	1.42	1.21	73830400.0
2021-09-27	1.23	1.19	1.28	1.22	22651800.0
2021-09-28	1.23	1.21	1.26	1.22	8150700.0
2021-09-29	1.23	1.22	1.3	1.26	13760100.0
2021-09-30	1.26	1.23	1.34	1.25	21453200.0
2021-10-01	1.24	1.24	1.3	1.25	10627400.0
2021-10-04	1.26	1.2	1.29	1.25	7981400.0
2021-10-05	1.25	1.16	1.25	1.19	4141100.0
2021-10-06	1.19	1.15	1.21	1.2	2916500.0
2021-10-07	1.2	1.13	1.2	1.2	3399800.0
2021-10-08	1.2	1.17	1.2	1.17	1714900.0
2021-10-11	1.2	1.18	1.25	1.25	5728600.0
2021-10-12	1.25	1.2	1.28	1.24	15258800.0
2021-10-14	1.24	1.21	1.26	1.24	1932600.0
2021-10-15	1.25	1.21	1.26	1.21	3359700.0
2021-10-18	1.2	1.18	1.23	1.21	4891700.0
2021-10-19	1.21	1.18	1.21	1.18	573900.0
2021-10-20	1.2	1.17	1.23	1.17	3993200.0
2021-10-21	1.18	1.13	1.18	1.13	3166200.0
2021-10-25	1.14	1.09	1.16	1.1	4586000.0
2021-10-26	1.1	1.05	1.11	1.08	3933800.0
2021-10-27	1.08	1.07	1.17	1.15	13901200.0
2021-10-28	1.15	1.08	1.18	1.09	15254900.0
2021-10-29	1.1	1.1	1.14	1.13	5262700.0
2021-11-01	1.14	1.1	1.15	1.1	2134700.0
2021-11-02	1.1	1.01	1.11	1.05	7461100.0
2021-11-03	1.05	1.01	1.05	1.05	2117200.0
2021-11-04	1.04	1.04	1.06	1.05	917400.0
2021-11-05	1.06	1.04	1.07	1.06	1266300.0
2021-11-08	1.05	1.05	1.13	1.13	6307500.0
2021-11-09	1.12	1.07	1.12	1.07	3574500.0
2021-11-10	1.08	1.07	1.1	1.07	997700.0
2021-11-11	1.07	1.06	1.11	1.08	2183400.0
2021-11-12	1.09	1.05	1.09	1.05	1061400.0
2021-11-15	1.05	1.01	1.05	1.04	6587800.0
2021-11-16	1.04	1.04	1.06	1.04	9147900.0
2021-11-17	1.05	0.99	1.1	1.04	14210600.0
2021-11-18	1.04	1.04	1.06	1.04	1317300.0
2021-11-19	1.04	1.02	1.06	1.03	2591400.0
2021-11-22	1.04	0.99	1.07	1.03	11721600.0
2021-11-23	1.03	1.02	1.07	1.02	7139200.0
2021-11-24	1.03	1.01	1.03	1.02	2160100.0
2021-11-25	1.03	1.01	1.05	1.04	2466800.0
2021-11-26	1.04	1.0	1.04	1.01	1726800.0
2021-11-29	1.0	0.98	1.03	1.01	2857000.0
2021-11-30	1.01	0.99	1.03	0.99	2024000.0
2021-12-01	0.98	0.98	1.01	1.0	474500.0
2021-12-02	1.01	0.99	1.01	0.99	128200.0
2021-12-03	0.99	0.99	1.02	0.99	482500.0
2021-12-07	0.99	0.98	1.01	0.98	812800.0
2021-12-08	0.99	0.98	0.99	0.99	699600.0
2021-12-09	0.99	0.99	1.02	0.99	1655300.0
2021-12-13	0.99	0.99	1.0	0.99	381400.0
2021-12-14	1.0	0.97	1.0	0.98	1124600.0
2021-12-15	0.98	0.98	1.11	1.08	21959300.0
2021-12-16	1.1	1.06	1.13	1.07	11386200.0
2021-12-17	1.08	1.03	1.08	1.05	2771500.0
2021-12-20	1.04	1.03	1.06	1.03	2156700.0
2021-12-21	1.03	1.03	1.05	1.04	974400.0
2021-12-22	1.1	1.04	1.11	1.05	6670300.0
2021-12-23	1.06	1.04	1.09	1.05	2106600.0
2021-12-24	1.05	1.04	1.05	1.04	632000.0
2021-12-27	1.04	1.03	1.06	1.05	1169300.0
2021-12-28	1.05	1.03	1.06	1.03	1787800.0
2021-12-29	1.03	1.03	1.08	1.08	5724200.0
2021-12-30	1.09	1.04	1.11	1.04	7078300.0
2022-01-04	1.04	1.04	1.06	1.05	497300.0
2022-01-05	1.05	1.04	1.08	1.04	2128200.0
2022-01-06	1.05	1.04	1.09	1.06	4189600.0
2022-01-07	1.09	1.08	1.2	1.15	52787900.0
2022-01-10	1.15	1.13	1.29	1.26	50212500.0
2022-01-11	1.26	1.21	1.28	1.21	21993500.0
2022-01-12	1.23	1.18	1.32	1.2	48220400.0
2022-01-13	1.2	1.2	1.23	1.22	6278000.0
2022-01-14	1.23	1.21	1.38	1.26	68957200.0
2022-01-17	1.26	1.24	1.35	1.26	25769100.0
2022-01-18	1.27	1.23	1.29	1.27	7495200.0
2022-01-19	1.27	1.27	1.39	1.37	83945600.0
2022-01-20	1.39	1.24	1.44	1.25	65467400.0
2022-01-21	1.25	1.25	1.29	1.26	16280700.0
2022-01-24	1.27	1.27	1.32	1.28	13961200.0
2022-01-25	1.28	1.27	1.41	1.4	167614300.0
2022-01-26	1.58	1.23	1.63	1.23	192623100.0
2022-01-27	1.19	1.11	1.2	1.11	29830400.0
2022-01-28	1.13	1.13	1.2	1.13	21617100.0
2022-01-31	1.12	1.01	1.13	1.08	16987300.0
2022-02-01	1.07	1.07	1.2	1.19	10410100.0
2022-02-02	1.2	1.15	1.21	1.19	9560100.0
2022-02-03	1.19	1.15	1.2	1.17	5351700.0
2022-02-04	1.18	1.15	1.18	1.17	1882100.0
2022-02-07	1.17	1.16	1.21	1.19	6465100.0
2022-02-08	1.19	1.16	1.21	1.17	7796500.0
2022-02-09	1.17	1.11	1.19	1.13	4089300.0
2022-02-10	1.12	1.12	1.15	1.13	976500.0
2022-02-11	1.13	1.13	1.16	1.13	1139500.0
2022-02-14	1.13	1.07	1.13	1.11	1651300.0
2022-02-15	1.08	1.08	1.12	1.09	2368900.0
2022-02-17	1.08	1.08	1.12	1.1	1485200.0
2022-02-18	1.1	1.08	1.12	1.12	1154700.0
2022-02-21	1.12	1.08	1.12	1.08	1493500.0
2022-02-22	1.06	1.05	1.1	1.06	2119800.0
2022-02-23	1.15	1.14	1.36	1.24	66387300.0
2022-02-24	1.18	1.07	1.21	1.11	10341800.0
2022-02-25	1.12	1.11	1.18	1.16	4481000.0
2022-02-28	1.16	1.12	1.17	1.13	1381400.0
2022-03-01	1.15	1.13	1.17	1.16	1944300.0
2022-03-02	1.16	1.15	1.24	1.18	8266600.0
2022-03-03	1.18	1.17	1.21	1.18	3713600.0
2022-03-04	1.18	1.15	1.2	1.15	2367400.0
2022-03-07	1.15	1.06	1.19	1.09	4162900.0
2022-03-08	1.08	1.01	1.12	1.08	3812900.0
2022-03-09	1.08	1.05	1.13	1.13	1408400.0
2022-03-10	1.15	1.11	1.15	1.12	1430400.0
2022-03-11	1.13	1.1	1.23	1.2	11222900.0
2022-03-14	1.25	1.24	1.35	1.28	51569000.0
2022-03-15	1.26	1.2	1.3	1.23	18151900.0
2022-03-16	1.27	1.25	1.51	1.41	223401600.0
2022-03-17	1.36	1.3	1.42	1.39	72081000.0
2022-03-18	1.35	1.31	1.38	1.31	13130000.0
2022-03-21	1.25	1.14	1.29	1.18	21670600.0
2022-03-22	1.18	1.15	1.2	1.18	6159000.0
2022-03-23	1.19	1.19	1.23	1.22	8375100.0
2022-03-24	1.23	1.2	1.23	1.2	4061600.0
2022-03-25	1.2	1.18	1.22	1.2	3156500.0
2022-03-28	1.19	1.18	1.23	1.21	2983900.0
2022-03-29	1.23	1.21	1.26	1.24	5040800.0
2022-03-30	1.25	1.21	1.25	1.22	2897900.0
2022-03-31	1.22	1.19	1.24	1.21	2404400.0
2022-04-01	1.19	1.19	1.22	1.22	1470400.0
2022-04-04	1.21	1.2	1.23	1.2	799500.0
2022-04-05	1.2	1.19	1.22	1.21	2721900.0
2022-04-07	1.2	1.18	1.21	1.2	3752900.0
2022-04-08	1.21	1.19	1.22	1.22	1433300.0
2022-04-11	1.22	1.19	1.24	1.19	4792800.0
2022-04-12	1.2	1.19	1.22	1.19	1684900.0
2022-04-18	1.19	1.17	1.21	1.19	3572600.0
2022-04-19	1.18	1.18	1.23	1.23	2260300.0
2022-04-20	1.24	1.22	1.3	1.28	12151400.0
2022-04-21	1.28	1.26	1.32	1.29	5320400.0
2022-04-22	1.27	1.23	1.28	1.25	4542100.0
2022-04-25	1.25	1.25	1.36	1.32	17868900.0
2022-04-26	1.32	1.26	1.33	1.3	5837800.0
2022-04-27	1.32	1.27	1.37	1.34	22978300.0
2022-04-28	1.35	1.31	1.36	1.33	7897200.0
2022-04-29	1.34	1.31	1.37	1.32	12379400.0
2022-05-03	1.28	1.15	1.29	1.15	18928400.0
2022-05-05	1.15	1.05	1.19	1.08	13205600.0
2022-05-06	1.06	1.05	1.09	1.07	5925700.0
2022-05-09	1.06	1.05	1.1	1.05	8545000.0
2022-05-10	1.04	1.0	1.09	1.08	11569200.0
2022-05-11	1.07	1.01	1.08	1.02	5904700.0
2022-05-12	1.0	0.92	1.0	0.94	8046300.0
2022-05-13	0.93	0.9	0.96	0.93	4216900.0
2022-05-17	0.93	0.93	1.01	0.99	13379400.0
2022-05-18	0.99	0.96	0.99	0.98	1888800.0
2022-05-19	0.95	0.94	0.98	0.94	1241300.0
2022-05-20	0.95	0.94	0.97	0.97	835400.0
2022-05-23	0.96	0.95	0.98	0.96	1391400.0
2022-05-24	0.98	0.96	1.06	1.02	26901700.0
2022-05-25	1.02	1.0	1.04	1.01	8372200.0
2022-05-26	1.01	1.0	1.04	1.01	4137800.0
2022-05-27	1.02	1.0	1.03	1.0	2636800.0
2022-05-30	1.01	0.99	1.02	0.99	2608600.0
2022-05-31	0.98	0.98	1.01	1.01	1430500.0
2022-06-01	1.0	1.0	1.04	1.0	3769300.0
2022-06-02	1.0	0.99	1.02	1.0	1403000.0
2022-06-06	1.01	0.98	1.01	0.99	529100.0
2022-06-07	1.0	0.98	1.01	0.98	862200.0
2022-06-08	0.98	0.98	1.0	0.99	499800.0
2022-06-09	0.99	0.99	1.0	0.99	506000.0
2022-06-10	1.0	0.98	1.02	0.99	3432200.0
2022-06-13	0.99	0.94	1.0	0.95	1548900.0
2022-06-14	0.94	0.94	1.0	0.95	3816600.0
2022-06-15	0.95	0.94	0.97	0.94	575400.0
2022-06-16	0.96	0.92	0.97	0.92	2314500.0
2022-06-17	0.92	0.92	0.95	0.94	1835800.0
2022-06-20	0.93	0.93	0.94	0.93	262500.0
2022-06-21	0.94	0.94	0.97	0.94	491400.0
2022-06-22	0.94	0.93	0.95	0.93	553200.0
2022-06-23	0.94	0.93	0.96	0.93	705600.0
2022-06-24	0.96	0.92	0.96	0.92	302300.0
2022-06-27	0.93	0.92	0.94	0.92	383700.0
2022-06-28	0.94	0.92	0.94	0.93	443300.0
2022-06-29	0.94	0.92	0.94	0.92	234400.0
2022-06-30	0.94	0.92	0.96	0.93	897400.0
2022-07-01	0.94	0.9	0.94	0.92	467700.0
2022-07-04	0.92	0.9	0.93	0.9	404400.0
2022-07-05	0.92	0.83	0.93	0.83	1232500.0
2022-07-06	0.83	0.79	0.85	0.83	473400.0
2022-07-07	0.85	0.83	0.85	0.85	103500.0
2022-07-08	0.88	0.84	0.88	0.84	74800.0
2022-07-11	0.86	0.86	0.92	0.86	566900.0
2022-07-12	0.86	0.83	0.86	0.84	164000.0
2022-07-14	0.86	0.82	0.9	0.82	158300.0
2022-07-15	0.81	0.78	0.84	0.79	751100.0
2022-07-18	0.78	0.78	0.86	0.79	631600.0
2022-07-19	0.79	0.79	0.83	0.81	248700.0
2022-07-20	0.81	0.79	0.83	0.8	204100.0
2022-07-21	0.81	0.79	0.82	0.82	42300.0
2022-07-22	0.84	0.82	0.85	0.85	175400.0
2022-07-25	0.84	0.84	0.87	0.87	117600.0
2022-07-26	0.87	0.85	0.87	0.86	96900.0
2022-07-27	0.87	0.85	0.87	0.86	49700.0
2022-08-01	0.88	0.83	0.89	0.87	115700.0
2022-08-02	0.88	0.83	0.88	0.83	91700.0
2022-08-03	0.85	0.81	0.87	0.85	206400.0
2022-08-04	0.85	0.82	0.86	0.84	139000.0
2022-08-05	0.84	0.84	0.86	0.85	10800.0
2022-08-08	0.85	0.84	0.87	0.84	57200.0
2022-08-09	0.87	0.83	0.87	0.85	193600.0
2022-08-10	0.84	0.82	0.85	0.85	259300.0
2022-08-11	0.85	0.82	0.85	0.83	307800.0
2022-08-15	0.82	0.8	0.85	0.81	286400.0
2022-08-16	0.8	0.75	0.83	0.75	3438600.0
2022-08-17	0.76	0.75	0.78	0.75	785100.0
2022-08-18	0.76	0.74	0.76	0.75	327300.0
2022-08-19	0.75	0.74	0.77	0.76	927100.0
2022-08-22	0.76	0.74	0.76	0.75	540200.0
2022-08-23	0.75	0.74	0.76	0.75	163800.0
2022-08-24	0.76	0.74	0.76	0.76	341400.0
2022-08-25	0.75	0.74	0.76	0.76	141900.0
2022-08-26	0.76	0.74	0.77	0.77	646500.0
2022-08-29	0.75	0.74	0.78	0.78	695100.0
2022-08-30	0.77	0.77	0.81	0.8	1681400.0
2022-08-31	0.8	0.8	0.9	0.85	8661200.0
2022-09-01	0.85	0.79	0.85	0.79	1791900.0
2022-09-02	0.81	0.79	0.84	0.84	673500.0
2022-09-05	0.84	0.83	0.88	0.87	5570800.0
2022-09-06	0.89	0.89	0.95	0.89	8839000.0
2022-09-07	0.89	0.89	0.91	0.89	1271600.0
2022-09-08	0.9	0.86	0.91	0.86	760800.0
2022-09-09	0.88	0.82	0.89	0.82	1175600.0
2022-09-12	0.81	0.81	0.86	0.86	929700.0
2022-09-13	0.87	0.84	0.87	0.84	334500.0
2022-09-14	0.84	0.82	0.92	0.92	8523400.0
2022-09-15	0.93	0.87	0.93	0.87	3641500.0
2022-09-16	0.86	0.83	0.87	0.83	2148500.0
2022-09-19	0.86	0.83	0.89	0.86	1143500.0
2022-09-20	0.87	0.84	0.87	0.84	783700.0
2022-09-21	0.84	0.84	0.87	0.85	739500.0
2022-09-22	0.85	0.82	0.87	0.84	1080300.0
2022-09-23	0.84	0.81	0.85	0.82	866700.0
2022-09-26	0.82	0.8	0.84	0.8	782300.0
2022-09-27	0.81	0.79	0.84	0.8	1702700.0
2022-09-28	0.82	0.8	0.82	0.82	352500.0
2022-09-29	0.81	0.79	0.82	0.81	754500.0
2022-09-30	0.8	0.79	0.82	0.81	339200.0
2022-10-03	0.81	0.79	0.82	0.8	1520800.0
2022-10-04	0.81	0.79	0.81	0.81	260400.0
2022-10-05	0.8	0.78	0.83	0.79	3703900.0
2022-10-06	0.8	0.78	0.8	0.79	323600.0
2022-10-07	0.79	0.77	0.8	0.78	452700.0
2022-10-10	0.79	0.77	0.8	0.79	133800.0
2022-10-11	0.77	0.76	0.78	0.76	174000.0
2022-10-12	0.78	0.75	0.78	0.76	555700.0
2022-10-17	0.75	0.75	0.77	0.77	278000.0
2022-10-18	0.76	0.76	0.79	0.79	391900.0
2022-10-19	0.78	0.77	0.79	0.79	332900.0
2022-10-20	0.77	0.77	0.8	0.79	471800.0
2022-10-21	0.79	0.78	0.91	0.81	15423400.0
2022-10-25	0.83	0.8	0.84	0.8	2522300.0
2022-10-26	0.81	0.81	0.84	0.83	1368200.0
2022-10-27	0.83	0.81	0.83	0.82	276900.0
2022-10-28	0.83	0.8	0.84	0.83	883100.0
2022-10-31	0.82	0.82	0.87	0.82	1076400.0
2022-11-01	0.85	0.82	0.85	0.84	205100.0
2022-11-02	0.83	0.82	0.84	0.83	235400.0
2022-11-03	0.81	0.81	0.82	0.82	304200.0
2022-11-04	0.82	0.82	0.83	0.82	141700.0
2022-11-07	0.83	0.81	0.83	0.82	158200.0
2022-11-08	0.84	0.81	0.84	0.82	151600.0
2022-11-09	0.82	0.8	0.82	0.81	204000.0
2022-11-10	0.81	0.78	0.81	0.8	341100.0
2022-11-11	0.8	0.79	0.81	0.79	284800.0
2022-11-14	0.78	0.78	0.81	0.8	172800.0
2022-11-15	0.77	0.77	0.8	0.78	102100.0
2022-11-16	0.78	0.77	0.79	0.77	297900.0
2022-11-17	0.77	0.76	0.78	0.77	157800.0
2022-11-18	0.77	0.76	0.78	0.78	166100.0
2022-11-21	0.76	0.76	0.8	0.78	124100.0
2022-11-22	0.77	0.74	0.79	0.76	298800.0
2022-11-23	0.75	0.72	0.77	0.73	504500.0
2022-11-24	0.72	0.68	0.72	0.7	1051800.0
2022-11-25	0.7	0.69	0.73	0.72	231600.0
2022-11-28	0.73	0.7	0.73	0.7	227200.0
2022-11-29	0.7	0.7	0.73	0.71	81100.0
2022-11-30	0.71	0.71	0.73	0.72	110800.0
2022-12-01	0.73	0.73	0.76	0.74	508600.0
2022-12-02	0.76	0.73	0.78	0.76	407100.0
2022-12-06	0.78	0.71	0.78	0.74	210300.0
2022-12-07	0.74	0.69	0.74	0.71	996900.0
2022-12-08	0.71	0.7	0.72	0.71	75500.0
2022-12-09	0.71	0.7	0.72	0.7	100100.0
2022-12-13	0.71	0.7	0.71	0.7	191100.0
2022-12-14	0.7	0.7	0.71	0.71	10100.0
2022-12-15	0.7	0.7	0.71	0.71	56800.0
2022-12-16	0.71	0.68	0.71	0.7	304000.0
2022-12-19	0.7	0.69	0.71	0.7	49500.0
2022-12-20	0.7	0.68	0.71	0.68	130400.0
2022-12-21	0.69	0.69	0.71	0.71	15000.0
2022-12-22	0.71	0.69	0.71	0.7	30500.0
2022-12-23	0.69	0.69	0.71	0.71	67500.0
2022-12-26	0.7	0.7	0.71	0.71	13000.0
2022-12-27	0.69	0.69	0.73	0.73	305300.0
2022-12-28	0.72	0.7	0.73	0.71	70000.0
2022-12-29	0.71	0.7	0.73	0.7	156400.0
2022-12-30	0.71	0.7	0.72	0.71	54300.0
