Date	Price Open	Price Low	Price High	Price Close	Volume
2014-10-13	1.7899164	11.1372576	11.5350168	11.3361372	12169775.0
2014-10-14	1.85952426	11.1372576	11.5350168	11.3361372	24730238.0
2014-10-15	2.1876756	10.5406188	11.435577	10.5406188	39117335.0
2014-10-16	2.32689132	10.1428596	10.5406188	10.1428596	39575803.0
2014-10-17	2.52577092	9.8942601	10.2422994	10.1428596	29146880.0
2014-10-20	2.44621908	9.75	10.4	9.95	19589500.0
2014-10-21	2.22745152	9.8	10.2	10.0	10839300.0
2014-10-22	2.26722744	10.0	10.3	10.1	12569500.0
2014-10-24	2.20756356	10.1	10.2	10.1	3759500.0
2014-10-27	2.22745152	10.1	11.6	11.3	34907900.0
2014-10-28	2.30700336	11.0	11.4	11.1	13372700.0
2014-10-29	2.22745152	11.0	11.3	11.1	12729600.0
2014-10-30	2.24733948	10.5	11.2	10.7	15461700.0
2014-10-31	2.42633112	10.3	10.8	10.5	21601100.0
2014-11-03	2.3865552	10.4	10.7	10.5	5280700.0
2014-11-04	2.32689132	10.5	11.1	11.0	29772200.0
2014-11-05	2.32689132	10.4	11.0	10.5	16853800.0
2014-11-06	2.30700336	10.3	10.6	10.3	7903500.0
2014-11-07	2.30700336	10.4	10.8	10.5	6017100.0
2014-11-10	2.36666724	10.5	10.9	10.5	8316800.0
2014-11-11	2.40644316	10.5	10.9	10.6	7512200.0
2014-11-12	2.36666724	10.3	10.6	10.3	4585200.0
2014-11-13	2.7843144	10.2	10.5	10.4	4171100.0
2014-11-14	2.76442644	10.4	10.5	10.4	2734200.0
2014-11-17	2.74453848	10.1	10.6	10.2	9169400.0
2014-11-18	2.7843144	10.2	10.5	10.3	9742500.0
2014-11-19	3.00308196	10.3	10.9	10.6	19805300.0
2014-11-20	2.983194	10.6	11.2	11.1	46823200.0
2014-11-21	3.04285788	11.0	11.3	11.1	18870200.0
2014-11-24	3.06274584	11.2	11.7	11.7	31544700.0
2014-11-25	3.24173748	11.5	12.0	11.5	22765300.0
2014-11-26	3.26162544	11.0	11.8	11.0	14038200.0
2014-11-27	3.2815134	11.4	12.0	11.8	67189900.0
2014-11-28	3.34117728	11.7	12.6	12.6	70029900.0
2014-12-01	3.32128932	12.4	12.9	12.8	33569000.0
2014-12-02	3.30140136	11.9	12.8	12.2	28021200.0
2014-12-03	3.24173748	11.9	12.4	12.1	9744100.0
2014-12-04	3.2815134	12.2	12.5	12.4	21589700.0
2014-12-08	3.2815134	11.7	12.5	11.8	28200000.0
2014-12-09	3.32128932	11.8	12.8	12.4	76874600.0
2014-12-11	3.54005688	11.8	12.5	12.1	41604900.0
2014-12-12	3.50028096	12.0	12.5	12.0	27564100.0
2014-12-15	3.44061708	10.3	12.0	11.5	25471700.0
2014-12-16	3.46050504	10.9	12.0	11.7	26476300.0
2014-12-17	3.42072912	11.7	12.1	12.1	18305800.0
2014-12-18	3.44061708	12.0	12.3	12.1	18868100.0
2014-12-19	3.30140136	11.9	12.4	12.0	12587600.0
2014-12-22	3.10252176	12.0	12.3	12.2	6664400.0
2014-12-23	3.06274584	11.9	12.3	11.9	7485500.0
2014-12-24	3.16218564	11.8	12.1	11.9	2571900.0
2014-12-25	3.26162544	11.6	12.0	11.7	2676400.0
2014-12-26	3.20196156	11.6	11.8	11.7	1179600.0
2014-12-29	3.26162544	11.7	12.0	11.8	1765700.0
2014-12-30	3.34117728	11.5	11.8	11.5	3564200.0
2015-01-05	3.32128932	11.5	11.8	11.6	2727000.0
2015-01-06	3.32128932	11.5	11.8	11.8	4001700.0
2015-01-07	3.32128932	11.7	12.3	12.2	12321500.0
2015-01-08	3.32128932	12.2	12.5	12.3	16784000.0
2015-01-09	3.40084116	12.1	12.4	12.3	8829600.0
2015-01-12	3.54005688	11.8	12.3	12.0	12682200.0
2015-01-13	3.480393	11.9	12.9	12.9	32795600.0
2015-01-14	3.54005688	13.1	13.8	13.4	79557500.0
2015-01-15	3.5798328	13.1	13.5	13.2	22988500.0
2015-01-16	3.79860036	12.7	13.2	12.9	29914800.0
2015-01-19	3.71904852	12.8	13.1	13.1	12748600.0
2015-01-20	3.89804016	13.1	14.1	13.6	56137800.0
2015-01-21	3.977592	13.8	14.7	14.7	45850400.0
2015-01-22	3.95770404	14.8	15.5	15.4	39688500.0
2015-01-23	3.91792812	14.8	15.8	15.5	32407300.0
2015-01-26	3.977592	14.9	15.7	14.9	17575300.0
2015-01-27	3.977592	15.0	16.4	16.2	32089600.0
2015-01-28	3.99747996	15.8	16.4	15.9	16426300.0
2015-01-29	3.95770404	15.8	16.2	16.0	11174100.0
2015-01-30	3.8781522	15.8	16.3	15.8	11437900.0
2015-02-02	3.91792812	15.5	16.0	16.0	12057900.0
2015-02-03	3.81848832	16.1	16.7	16.2	31430100.0
2015-02-04	3.89804016	16.0	16.5	16.0	15450200.0
2015-02-05	3.85826424	15.7	16.2	16.1	8238400.0
2015-02-06	3.8781522	15.7	16.3	15.8	11732800.0
2015-02-09	3.7787124	15.4	16.0	15.7	11807900.0
2015-02-10	3.83837628	15.4	15.9	15.4	8183800.0
2015-02-11	3.73893648	15.0	15.7	15.7	15579500.0
2015-02-12	3.75882444	15.5	15.9	15.6	6075000.0
2015-02-13	3.6792726	15.5	16.3	16.1	24992500.0
2015-02-16	3.61960872	15.8	16.2	15.8	8707100.0
2015-02-17	3.6792726	15.3	15.8	15.3	6760300.0
2015-02-18	3.5798328	15.3	15.5	15.5	2612500.0
2015-02-19	3.59972076	15.4	15.7	15.6	4750100.0
2015-02-20	3.46050504	15.2	15.7	15.3	3689300.0
2015-02-23	3.52016892	14.7	15.4	14.7	10106800.0
2015-02-24	3.54005688	14.7	15.1	15.0	6161400.0
2015-02-25	3.44061708	14.3	15.1	14.5	5932200.0
2015-02-26	3.42072912	13.9	14.9	14.9	11861300.0
2015-02-27	3.480393	14.6	15.0	14.9	6238500.0
2015-03-02	3.52016892	14.7	15.1	14.9	5752500.0
2015-03-03	3.32128932	14.4	14.9	14.4	2579200.0
2015-03-05	3.34117728	14.1	14.6	14.6	6647900.0
2015-03-06	3.34117728	14.8	15.8	15.8	27223100.0
2015-03-09	3.40084116	15.7	16.1	15.7	27422600.0
2015-03-10	3.40084116	15.1	15.9	15.1	13540100.0
2015-03-11	3.34117728	14.7	15.7	15.7	15863000.0
2015-03-12	3.36106524	15.3	15.6	15.3	8454200.0
2015-03-13	3.34117728	15.3	15.9	15.4	16342400.0
2015-03-16	3.32128932	14.9	15.4	15.0	8430300.0
2015-03-17	3.3809532	14.4	15.2	15.0	8772000.0
2015-03-18	3.26162544	14.7	15.4	15.2	3519300.0
2015-03-19	3.2815134	15.0	15.5	15.0	3751200.0
2015-03-20	3.2815134	14.7	15.2	14.9	5486000.0
2015-03-23	3.2815134	13.8	15.0	13.8	12578800.0
2015-03-24	3.30140136	13.2	14.2	14.2	14981000.0
2015-03-25	3.32128932	13.9	14.5	13.9	6275800.0
2015-03-26	3.30140136	13.3	13.9	13.3	3733400.0
2015-03-27	3.32128932	13.0	13.7	13.4	7705500.0
2015-03-30	3.34117728	13.5	13.8	13.6	2130900.0
2015-03-31	3.44061708	13.6	13.9	13.8	3496700.0
2015-04-01	3.46050504	13.7	14.6	14.5	9987600.0
2015-04-02	3.46050504	14.3	14.7	14.5	7460000.0
2015-04-03	3.480393	14.6	15.1	15.0	14299400.0
2015-04-07	3.46050504	14.8	15.1	14.8	6155400.0
2015-04-08	3.46050504	14.4	15.0	14.4	5154300.0
2015-04-09	3.46050504	14.3	14.6	14.3	1845300.0
2015-04-10	3.480393	14.1	14.5	14.3	3766900.0
2015-04-16	3.52016892	14.3	14.8	14.7	7314300.0
2015-04-17	3.480393	14.8	15.4	15.1	15654800.0
2015-04-20	3.46050504	14.5	15.0	14.6	4981400.0
2015-04-21	3.46050504	14.5	14.8	14.8	7249100.0
2015-04-22	3.44061708	14.7	15.0	14.8	6091400.0
2015-04-23	3.40084116	14.6	15.0	14.6	3655400.0
2015-04-24	3.42072912	14.6	14.8	14.7	1650800.0
2015-04-27	3.3809532	14.6	14.8	14.6	1078800.0
2015-04-28	3.3809532	14.3	14.7	14.3	2526700.0
2015-04-29	3.3809532	13.9	14.5	14.2	4079100.0
2015-04-30	3.3809532	13.9	14.3	14.1	3605000.0
2015-05-06	3.3809532	13.9	14.1	13.9	1616900.0
2015-05-07	3.36106524	13.6	14.1	13.7	3932200.0
2015-05-08	3.34117728	13.5	14.2	14.1	6535300.0
2015-05-11	3.30140136	13.8	14.1	13.9	2976500.0
2015-05-12	3.3809532	13.5	13.9	13.6	6165100.0
2015-05-13	3.30140136	13.4	13.8	13.4	3085500.0
2015-05-14	3.34117728	13.5	13.8	13.5	3092400.0
2015-05-15	3.36106524	13.6	14.1	14.0	5070500.0
2015-05-18	3.34117728	13.8	14.0	13.9	3193900.0
2015-05-19	3.30140136	13.9	14.8	14.7	9959800.0
2015-05-20	3.2815134	14.7	15.1	14.8	13287000.0
2015-05-21	3.2815134	14.8	15.2	14.9	11503400.0
2015-05-22	3.2815134	15.0	15.8	15.3	18409400.0
2015-05-25	3.26162544	14.9	15.3	15.1	8599200.0
2015-05-26	3.2815134	14.9	15.3	14.9	3180400.0
2015-05-27	3.26162544	14.9	15.2	15.1	3779900.0
2015-05-28	3.22184952	14.9	15.5	15.1	7135300.0
2015-05-29	3.1820736	15.2	15.6	15.4	11247500.0
2015-06-02	3.36106524	15.1	15.5	15.1	2350400.0
2015-06-03	3.2815134	15.0	15.4	15.3	7582900.0
2015-06-04	3.26162544	15.3	15.8	15.8	10726900.0
2015-06-05	3.32128932	15.6	15.9	15.9	7762300.0
2015-06-08	3.26162544	15.8	16.2	15.8	6676500.0
2015-06-09	3.22184952	15.7	16.3	15.9	8584400.0
2015-06-10	3.22184952	15.8	16.2	16.0	5870500.0
2015-06-11	3.14229768	15.9	16.2	15.9	3504200.0
2015-06-12	3.24173748	15.5	16.0	16.0	7834900.0
2015-06-15	3.22184952	15.6	16.1	15.9	4442500.0
2015-06-16	3.3809532	15.5	16.0	15.7	3646200.0
2015-06-17	3.06274584	15.7	16.1	16.0	3274200.0
2015-06-18	3.02296992	15.8	16.0	15.9	3858400.0
2015-06-19	3.00308196	15.5	15.9	15.7	3718700.0
2015-06-22	3.00308196	15.6	15.9	15.6	1460400.0
2015-06-23	3.04285788	15.6	15.9	15.8	3580800.0
2015-06-24	3.02296992	15.8	16.1	16.1	4999700.0
2015-06-25	3.00308196	15.9	16.2	16.0	2936000.0
2015-06-26	3.00308196	15.7	16.1	16.0	3046000.0
2015-06-29	2.983194	15.6	16.1	16.1	3388000.0
2015-06-30	2.983194	15.9	16.2	16.2	3701800.0
2015-07-02	2.96330604	16.3	17.1	16.9	18779300.0
2015-07-03	2.92353012	16.8	17.4	16.8	14950300.0
2015-07-06	2.92353012	16.3	16.9	16.9	7592700.0
2015-07-07	2.92353012	16.9	17.6	17.4	10965700.0
2015-07-08	2.90364216	17.1	17.6	17.6	6332500.0
2015-07-09	2.90364216	16.9	17.9	17.4	11059200.0
2015-07-10	2.86386624	17.2	17.8	17.6	3845100.0
2015-07-13	2.82409032	17.5	17.7	17.5	2109500.0
2015-07-14	2.8837542	17.8	18.7	18.6	19233000.0
2015-07-15	2.8837542	18.5	19.2	18.5	7043000.0
2015-07-16	2.8837542	18.3	18.8	18.6	6266000.0
2015-07-17	2.8837542	18.5	19.1	18.5	6233900.0
2015-07-20	2.8837542	18.1	18.5	18.3	5364600.0
2015-07-21	2.84397828	17.1	18.3	17.3	15384100.0
2015-07-22	2.84397828	17.0	17.9	17.6	6112000.0
2015-07-23	2.76442644	17.4	17.9	17.5	2968100.0
2015-07-24	2.80420236	17.3	18.5	18.1	8615300.0
2015-07-27	2.76442644	17.5	18.3	17.7	7177700.0
2015-07-28	2.76442644	17.5	18.1	17.5	7208600.0
2015-07-29	2.74453848	16.4	17.8	17.2	10657800.0
2015-07-31	2.70476256	17.2	17.5	17.4	5313500.0
2015-08-03	2.70476256	17.5	18.1	17.7	5200500.0
2015-08-04	2.82409032	17.5	18.0	17.5	7967500.0
2015-08-05	2.84397828	17.6	18.0	17.9	4087000.0
2015-08-06	2.84397828	17.9	18.6	18.3	6684300.0
2015-08-07	2.86386624	18.1	18.5	18.2	1518400.0
2015-08-10	2.92353012	17.9	18.2	17.9	1949200.0
2015-08-11	2.92353012	17.9	18.2	18.0	4319600.0
2015-08-13	2.96330604	17.5	18.1	18.0	6689400.0
2015-08-14	2.86386624	18.1	18.8	18.6	6323400.0
2015-08-17	2.8837542	18.6	19.5	19.3	6100500.0
2015-08-18	3.02296992	18.4	19.1	18.6	24923200.0
2015-08-19	3.14229768	18.7	19.2	19.0	7981900.0
2015-08-20	3.0826338	19.1	19.5	19.2	10131900.0
2015-08-21	3.06274584	19.0	19.3	19.0	3967600.0
2015-08-24	3.22184952	17.8	18.6	17.8	18117500.0
2015-08-25	3.50028096	17.9	19.0	18.9	14035800.0
2015-08-26	3.52016892	18.7	20.1	19.8	14812700.0
2015-08-27	3.52016892	20.1	20.8	20.2	17441900.0
2015-08-28	3.6792726	19.5	20.4	19.8	10729400.0
2015-08-31	3.63949668	19.6	20.1	19.6	5372800.0
2015-09-01	3.40084116	19.1	19.9	19.3	7560000.0
2015-09-02	3.55994484	19.1	20.1	19.9	7378500.0
2015-09-03	3.59972076	19.4	20.4	20.3	7404100.0
2015-09-04	3.55994484	19.8	20.3	19.9	3421900.0
2015-09-07	3.61960872	20.0	20.3	20.0	3966000.0
2015-09-08	3.65938464	19.8	20.3	20.2	4507700.0
2015-09-09	3.65938464	20.1	20.5	20.1	3199300.0
2015-09-10	3.63949668	20.0	20.3	20.0	3420700.0
2015-09-11	3.65938464	19.8	20.2	19.8	4022400.0
2015-09-14	3.75882444	19.9	20.2	20.0	3722000.0
2015-09-15	3.59972076	20.0	20.3	20.0	4931500.0
2015-09-16	3.59972076	19.9	20.2	20.0	4259900.0
2015-09-17	3.52016892	19.9	20.1	19.9	1398500.0
2015-09-18	3.50028096	19.5	20.0	19.8	4478400.0
2015-09-21	3.50028096	19.8	20.3	20.2	3057600.0
2015-09-22	3.44061708	20.0	20.5	20.1	2991700.0
2015-09-23	3.46050504	19.9	20.3	20.1	3661100.0
2015-09-24	3.46050504	19.9	20.2	20.0	1376000.0
2015-09-25	3.42072912	20.0	20.4	20.1	5588000.0
2015-09-28	3.42072912	19.8	20.2	19.9	3588500.0
2015-09-29	3.40084116	19.7	20.1	20.0	1940300.0
2015-09-30	3.44061708	19.9	20.2	20.0	2063900.0
2015-10-01	3.32128932	19.9	20.3	19.9	2868300.0
2015-10-02	3.2815134	20.0	20.1	20.1	1560800.0
2015-10-05	3.30140136	20.1	20.3	20.2	840100.0
2015-10-06	3.36106524	20.3	22.1	21.1	38746800.0
2015-10-07	3.22184952	20.6	21.3	20.8	11492100.0
2015-10-08	3.24173748	20.7	21.3	20.8	14499300.0
2015-10-09	3.32128932	20.9	21.2	21.1	4170500.0
2015-10-12	3.24173748	21.2	22.1	22.0	23761800.0
2015-10-13	3.22184952	21.8	22.7	21.8	19515100.0
2015-10-14	3.20196156	21.8	22.1	21.8	4248700.0
2015-10-15	3.22184952	21.9	22.2	22.1	4322400.0
2015-10-16	3.20196156	21.9	22.3	21.9	2667300.0
2015-10-19	3.20196156	21.6	22.0	21.7	2820100.0
2015-10-20	3.24173748	21.7	22.0	21.8	2955500.0
2015-10-21	3.26162544	21.6	22.0	21.7	1522800.0
2015-10-22	3.20196156	21.4	21.8	21.5	5501900.0
2015-10-26	3.24173748	21.6	22.2	21.9	5201000.0
2015-10-27	3.32128932	21.7	22.0	21.8	3154100.0
2015-10-28	3.50028096	21.0	21.8	21.7	8369700.0
2015-10-29	3.42072912	21.3	21.7	21.4	3328800.0
2015-10-30	3.36106524	21.3	21.6	21.5	2087000.0
2015-11-02	3.36106524	21.7	22.2	22.0	5160700.0
2015-11-03	3.3809532	21.9	22.3	21.9	3158000.0
2015-11-04	3.36106524	22.0	22.1	22.0	1762400.0
2015-11-05	3.30140136	21.5	22.3	21.6	3891200.0
2015-11-06	3.26162544	21.3	21.8	21.6	4688900.0
2015-11-09	3.24173748	21.5	22.0	21.7	2955400.0
2015-11-10	3.20196156	21.3	21.6	21.3	2009000.0
2015-11-11	3.16218564	21.0	21.4	21.0	2730100.0
2015-11-12	3.22184952	20.4	21.3	21.3	5122700.0
2015-11-13	3.20196156	21.0	21.8	21.6	4543800.0
2015-11-16	3.1820736	21.3	21.6	21.3	1739400.0
2015-11-17	3.22184952	21.5	21.6	21.5	3178600.0
2015-11-18	3.22184952	21.5	21.8	21.7	1459500.0
2015-11-19	3.20196156	21.6	22.0	21.7	1073600.0
2015-11-20	3.20196156	21.7	21.9	21.7	532800.0
2015-11-23	3.1820736	21.7	22.2	21.7	4606900.0
2015-11-24	3.1820736	21.7	22.1	21.8	1454700.0
2015-11-25	3.16218564	21.6	21.8	21.7	1174500.0
2015-11-26	3.1820736	21.4	21.9	21.5	1863900.0
2015-11-27	3.1820736	21.0	21.7	21.6	1991000.0
2015-11-30	3.1820736	21.5	21.7	21.6	837400.0
2015-12-01	3.16218564	21.4	21.7	21.4	572300.0
2015-12-02	3.1820736	21.2	21.6	21.2	927400.0
2015-12-03	3.16218564	20.1	21.4	20.6	8991200.0
2015-12-04	3.0826338	19.7	20.5	19.9	7300500.0
2015-12-08	3.10252176	19.0	19.8	19.2	3454000.0
2015-12-09	3.10252176	18.8	19.6	18.9	5943800.0
2015-12-11	3.0826338	17.5	18.9	18.0	9850900.0
2015-12-14	3.06274584	17.2	18.5	18.3	5225800.0
2015-12-15	3.10252176	18.2	19.3	19.1	4994700.0
2015-12-16	3.06274584	18.9	19.5	19.0	1069200.0
2015-12-17	3.04285788	18.8	19.3	19.0	6774100.0
2015-12-18	3.06274584	18.3	19.1	18.9	2975900.0
2015-12-21	3.04285788	18.0	19.0	18.0	2086600.0
2015-12-22	3.02296992	18.0	18.6	18.1	2384700.0
2015-12-23	3.02296992	18.3	18.8	18.7	2914000.0
2015-12-24	2.96330604	18.8	19.3	19.2	1538300.0
2015-12-25	2.86386624	18.9	19.4	19.0	3046300.0
2015-12-28	2.82409032	19.1	20.7	20.7	4464000.0
2015-12-29	2.7843144	20.5	21.5	21.1	4930700.0
2015-12-30	2.74453848	20.7	22.0	22.0	8112700.0
2016-01-04	2.7843144	20.1	21.9	20.4	8827500.0
2016-01-05	2.64509868	20.4	21.1	20.9	4216900.0
2016-01-06	2.66498664	20.7	21.1	20.8	2464100.0
2016-01-07	2.62521072	20.5	21.0	20.5	2208400.0
2016-01-08	2.7843144	20.3	20.9	20.8	2819700.0
2016-01-11	2.76442644	19.7	20.7	19.8	6233800.0
2016-01-12	2.7843144	18.8	20.0	19.0	10510800.0
2016-01-13	2.74453848	18.1	19.3	18.3	19686300.0
2016-01-14	2.74453848	18.2	19.1	19.0	25927600.0
2016-01-15	2.74453848	18.2	19.3	18.2	10063400.0
2016-01-18	2.72465052	17.7	18.8	18.7	9236100.0
2016-01-19	2.72465052	18.6	19.0	18.9	4673400.0
2016-01-20	2.76442644	17.8	18.8	18.0	8322100.0
2016-01-21	2.64509868	17.6	18.4	17.8	4086000.0
2016-01-22	2.64509868	18.1	18.5	18.3	4757800.0
2016-01-25	2.64509868	18.0	18.6	18.0	5272000.0
2016-01-26	2.52577092	17.9	18.2	18.0	2165500.0
2016-01-27	2.6848746	18.0	18.5	18.2	8977900.0
2016-01-28	2.52577092	17.3	18.4	17.5	14183100.0
2016-01-29	2.60532276	17.6	17.8	17.6	4183500.0
2016-02-01	2.5854348	17.6	18.3	18.1	5382800.0
2016-02-02	2.62521072	17.8	18.1	18.0	6488700.0
2016-02-03	2.52577092	17.4	17.8	17.5	6719600.0
2016-02-04	2.50588296	17.4	17.8	17.4	4462900.0
2016-02-05	2.60532276	17.9	18.6	18.5	19310500.0
2016-02-08	2.52577092	18.6	19.1	18.8	9114600.0
2016-02-09	2.56554684	18.6	18.8	18.7	4481500.0
2016-02-10	2.54565888	18.7	19.1	19.0	5817700.0
2016-02-11	2.5854348	18.5	19.0	18.5	3737200.0
2016-02-12	2.56554684	17.9	18.6	18.1	4260600.0
2016-02-15	2.54565888	17.9	18.3	18.1	3028200.0
2016-02-16	2.56554684	17.5	18.3	17.8	4657900.0
2016-02-17	2.54565888	16.9	17.9	16.9	11664800.0
2016-02-18	2.76442644	15.4	17.2	16.2	21900500.0
2016-02-19	2.64509868	16.2	16.9	16.9	11999200.0
2016-02-23	2.66498664	16.0	17.0	16.1	9042700.0
2016-02-24	2.62521072	16.2	16.6	16.4	7462800.0
2016-02-25	2.62521072	16.5	16.9	16.7	6069500.0
2016-02-26	2.62521072	16.2	16.8	16.2	5877500.0
2016-02-29	2.62521072	14.6	16.4	14.7	24736700.0
2016-03-01	2.62521072	14.5	15.4	15.4	10773200.0
2016-03-02	2.62521072	15.4	16.1	15.8	22939700.0
2016-03-03	2.5854348	15.6	16.2	15.9	10173700.0
2016-03-04	2.5854348	15.9	16.5	16.1	15414900.0
2016-03-07	2.5854348	16.2	16.5	16.4	5976500.0
2016-03-08	2.62521072	15.4	16.5	15.4	14625900.0
2016-03-09	2.62521072	15.5	16.7	16.7	27288900.0
2016-03-10	2.52577092	16.8	17.6	17.2	26841700.0
2016-03-11	2.54565888	17.0	17.4	17.0	8344000.0
2016-03-14	2.56554684	16.8	17.5	16.9	10457000.0
2016-03-15	2.56554684	16.5	17.0	16.7	7059800.0
2016-03-16	2.50588296	16.4	17.0	16.5	4983100.0
2016-03-17	2.52577092	16.8	17.1	16.9	11982300.0
2016-03-18	2.52577092	16.9	17.4	16.9	16527300.0
2016-03-21	2.52577092	16.7	17.1	16.9	3934000.0
2016-03-22	2.52577092	16.7	17.1	16.8	5362900.0
2016-03-23	2.485995	16.8	17.2	17.2	3447900.0
2016-03-24	2.485995	17.0	17.7	17.5	19165300.0
2016-03-25	2.50588296	17.3	17.8	17.5	11601600.0
2016-03-28	2.50588296	17.5	18.0	17.5	14672200.0
2016-03-29	2.50588296	17.6	18.1	18.0	16251700.0
2016-03-30	2.40644316	17.8	18.1	17.9	8023600.0
2016-03-31	2.2871154	18.0	18.6	18.3	26695500.0
2016-04-01	2.26722744	17.8	18.4	18.1	21695800.0
2016-04-04	2.26722744	18.0	18.4	18.2	8854500.0
2016-04-05	2.34677928	17.9	18.2	17.9	6978000.0
2016-04-07	2.26722744	17.7	18.1	17.7	5232600.0
2016-04-08	2.16778764	17.5	18.0	17.9	4226200.0
2016-04-11	2.22745152	17.9	18.2	18.1	2714500.0
2016-04-12	2.22745152	17.9	18.2	18.1	2571900.0
2016-04-18	2.16778764	17.9	18.3	18.2	2447700.0
2016-04-19	2.10812376	18.2	19.0	19.0	21687400.0
2016-04-20	2.12801172	18.8	19.3	18.8	17476000.0
2016-04-21	2.14789968	18.4	19.0	18.6	9418900.0
2016-04-22	2.12801172	18.4	18.7	18.4	2852200.0
2016-04-25	2.00868396	18.4	18.7	18.4	4415200.0
2016-04-26	1.80980436	17.9	18.4	18.1	15974600.0
2016-04-27	1.6904766	17.8	18.3	17.8	6794800.0
2016-04-28	1.53137292	17.6	18.1	17.7	3939300.0
2016-04-29	1.47170904	17.6	17.9	17.8	1612500.0
2016-05-03	1.4418771	17.8	18.1	18.1	2622300.0
2016-05-04	1.5413169	17.6	18.1	17.7	3362800.0
2016-05-06	1.76008446	17.6	18.1	17.7	3362800.0
2016-05-09	1.62086874	16.8	17.7	17.0	12160700.0
2016-05-10	1.66064466	16.3	16.8	16.3	21687300.0
2016-05-11	1.6904766	16.1	16.8	16.1	15507800.0
2016-05-12	1.6904766	16.3	16.6	16.6	6480500.0
2016-05-13	1.68053262	16.3	16.8	16.6	4338500.0
2016-05-16	1.66064466	16.6	16.7	16.7	2774600.0
2016-05-17	1.45182108	16.3	16.8	16.4	4116700.0
2016-05-18	1.5910368	16.4	16.9	16.5	5693900.0
2016-05-19	2.00868396	16.3	16.6	16.4	2581300.0
2016-05-23	1.71036456	15.8	16.5	15.9	6513500.0
2016-05-24	1.6904766	15.8	16.2	16.0	2992400.0
2016-05-25	1.71036456	15.9	16.4	16.0	7162500.0
2016-05-26	1.77997242	15.9	16.1	15.9	4517200.0
2016-05-27	1.92913212	15.9	16.4	16.3	8623600.0
2016-05-30	1.7401965	16.3	17.2	17.2	19838100.0
2016-05-31	1.73025252	16.9	17.4	17.4	11383500.0
2016-06-01	1.71036456	16.8	17.4	16.9	8278300.0
2016-06-02	1.70042058	16.9	17.5	17.5	26200700.0
2016-06-03	1.6407567	17.3	17.7	17.4	7355200.0
2016-06-06	1.5910368	17.2	17.6	17.3	5598800.0
2016-06-07	1.56120486	17.1	17.5	17.1	4032900.0
2016-06-08	1.50154098	17.0	17.3	17.0	5277200.0
2016-06-09	1.48165302	17.0	17.3	17.0	5286800.0
2016-06-10	1.4418771	16.8	17.1	16.9	3004300.0
2016-06-13	1.4418771	16.4	16.8	16.5	10799600.0
2016-06-14	1.3424373	16.5	16.9	16.7	4012200.0
2016-06-15	1.36232526	16.7	17.0	17.0	3706500.0
2016-06-16	1.3921572	16.6	16.9	16.6	4465200.0
2016-06-17	1.36232526	16.5	16.9	16.8	2958700.0
2016-06-20	1.37226924	16.7	17.0	16.9	2214100.0
2016-06-21	1.38221322	16.6	17.0	16.7	3643200.0
2016-06-22	1.38221322	16.5	16.8	16.5	2175400.0
2016-06-23	1.37226924	16.3	16.6	16.5	4055500.0
2016-06-24	1.33249332	15.9	16.3	16.2	5858400.0
2016-06-27	1.37226924	16.3	16.5	16.3	2827700.0
2016-06-28	1.3921572	16.2	16.6	16.4	5503500.0
2016-06-29	1.5413169	16.6	17.2	17.1	21053800.0
2016-06-30	1.7401965	16.9	17.3	17.1	11268500.0
2016-07-04	1.6407567	17.0	17.5	17.5	10342400.0
2016-07-05	2.5854348	17.4	18.1	18.0	28291300.0
2016-07-06	3.36106524	17.8	18.3	17.9	15737100.0
2016-07-07	3.00308196	18.1	18.4	18.1	17059000.0
2016-07-08	2.60532276	18.1	18.7	18.5	17736200.0
2016-07-11	2.70476256	18.5	18.9	18.6	7542000.0
2016-07-12	2.6848746	18.2	18.7	18.5	10762700.0
2016-07-13	2.485995	18.5	19.1	18.8	24008100.0
2016-07-14	2.54565888	18.8	19.0	19.0	8210400.0
2016-07-15	2.62521072	18.5	19.0	18.5	10492600.0
2016-07-20	2.60532276	18.5	18.8	18.6	6487200.0
2016-07-21	2.64509868	18.5	18.9	18.7	9203000.0
2016-07-22	2.76442644	18.5	18.8	18.5	5829400.0
2016-07-25	2.5854348	18.4	18.7	18.4	4456800.0
2016-07-26	2.50588296	17.9	18.4	17.9	11183500.0
2016-07-27	2.44621908	18.1	18.4	18.3	9811700.0
2016-07-28	2.46610704	18.0	18.4	18.0	5504800.0
2016-07-29	2.60532276	17.7	18.2	18.0	10048300.0
2016-08-01	2.60532276	17.9	18.3	18.1	7847300.0
2016-08-02	2.66498664	18.1	18.3	18.1	8743500.0
2016-08-03	2.3865552	18.1	18.3	18.2	2086800.0
2016-08-04	2.10812376	18.1	18.4	18.2	1851700.0
2016-08-05	2.20756356	18.0	18.4	18.2	2698100.0
2016-08-08	2.2871154	18.4	19.7	19.5	42365000.0
2016-08-09	2.20756356	19.2	19.8	19.5	26297500.0
2016-08-10	2.0882358	19.2	19.7	19.3	7835900.0
2016-08-11	2.14789968	19.3	20.0	19.8	18415200.0
2016-08-15	2.24733948	19.5	19.8	19.5	7722100.0
2016-08-16	2.20756356	18.5	19.6	18.7	14380000.0
2016-08-17	2.16778764	18.2	18.8	18.4	10072400.0
2016-08-18	2.1876756	18.3	19.0	18.7	9582300.0
2016-08-19	2.24733948	18.8	19.0	18.8	1848200.0
2016-08-22	2.06834784	18.7	19.1	18.8	1228800.0
2016-08-23	2.06834784	18.7	19.1	18.9	1370500.0
2016-08-24	2.04845988	18.9	19.7	19.5	13200500.0
2016-08-25	1.95896406	18.9	19.6	19.0	7324400.0
2016-08-26	1.90924416	18.9	19.3	19.1	3256000.0
2016-08-29	1.9390761	18.7	19.1	18.8	4985100.0
2016-08-30	1.90924416	18.4	19.0	18.6	3095700.0
2016-08-31	1.86946824	18.5	19.0	18.8	2301800.0
2016-09-01	1.86946824	18.7	19.0	18.8	1680600.0
2016-09-02	1.90924416	18.5	18.9	18.5	3547300.0
2016-09-05	1.90924416	17.2	18.8	17.7	10558400.0
2016-09-06	1.89930018	17.5	17.9	17.7	6911400.0
2016-09-07	1.8396363	17.3	18.1	17.3	9122400.0
2016-09-08	1.82969232	16.4	17.5	16.4	14453100.0
2016-09-09	1.90924416	16.1	16.4	16.2	8800500.0
2016-09-12	1.91918814	15.9	16.3	16.1	2826600.0
2016-09-13	1.92913212	16.1	16.5	16.4	8725000.0
2016-09-14	1.94902008	16.1	16.5	16.3	5005500.0
2016-09-15	1.90924416	16.3	16.6	16.4	7576200.0
2016-09-16	1.9390761	16.3	16.6	16.6	5725700.0
2016-09-19	1.91918814	16.5	17.0	16.8	4497700.0
2016-09-20	1.72030854	16.3	16.9	16.4	4812500.0
2016-09-21	1.7899164	16.5	16.8	16.5	7078800.0
2016-09-22	1.90924416	16.6	17.0	16.9	5578900.0
2016-09-23	1.84958028	16.6	17.1	16.7	5768300.0
2016-09-26	1.96890804	16.6	16.9	16.8	1748800.0
2016-09-27	1.90924416	16.6	16.9	16.9	3767800.0
2016-09-28	1.96890804	16.7	16.9	16.7	2709800.0
2016-09-29	1.9390761	16.6	16.9	16.7	1777500.0
2016-09-30	2.16778764	16.5	16.7	16.5	2347500.0
2016-10-03	2.10812376	16.4	16.6	16.4	1809100.0
2016-10-04	2.0882358	16.2	16.5	16.4	6649700.0
2016-10-05	2.00868396	16.3	16.5	16.4	6221500.0
2016-10-06	2.02857192	16.4	16.9	16.9	12500800.0
2016-10-07	1.988796	16.6	16.9	16.7	5738600.0
2016-10-10	1.988796	15.6	16.2	15.6	12277800.0
2016-10-11	2.00868396	14.7	15.9	15.1	9989800.0
2016-10-12	1.91918814	13.4	15.1	14.6	20549700.0
2016-10-13	1.988796	13.9	14.9	14.6	15679500.0
2016-10-14	2.02857192	15.2	16.7	16.2	22021500.0
2016-10-17	2.04845988	16.1	16.4	16.2	7755800.0
2016-10-18	2.00868396	16.2	16.5	16.2	7342900.0
2016-10-19	2.02857192	16.3	17.0	16.8	8868500.0
2016-10-20	1.988796	16.7	17.0	16.7	4287500.0
2016-10-21	2.00868396	16.6	17.0	17.0	3170800.0
2016-10-25	2.00868396	16.9	17.2	17.0	1731800.0
2016-10-26	1.988796	16.7	17.0	16.7	2338800.0
2016-10-27	1.95896406	16.4	17.0	16.4	5142600.0
2016-10-28	2.00868396	16.3	16.6	16.4	5050300.0
2016-10-31	2.00868396	16.4	17.0	17.0	7547700.0
2016-11-01	2.00868396	17.2	17.9	17.7	16124900.0
2016-11-02	1.988796	17.5	17.9	17.8	8944000.0
2016-11-03	1.988796	17.6	18.1	17.7	7491600.0
2016-11-04	1.988796	17.4	17.7	17.5	5287500.0
2016-11-07	2.00868396	17.8	18.1	17.9	8029300.0
2016-11-08	2.02857192	17.5	18.0	17.6	7312000.0
2016-11-09	2.02857192	17.1	17.6	17.6	7921900.0
2016-11-10	1.988796	17.7	18.1	17.8	8710700.0
2016-11-11	2.00868396	17.4	17.8	17.5	4107200.0
2016-11-14	2.485995	17.3	17.6	17.4	1567300.0
2016-11-15	2.34677928	16.9	17.5	17.3	6009100.0
2016-11-16	2.3865552	17.3	17.7	17.6	2473300.0
2016-11-17	2.3865552	17.4	17.8	17.6	3383400.0
2016-11-18	2.32689132	17.4	17.7	17.6	757400.0
2016-11-21	2.30700336	17.1	17.6	17.4	3490600.0
2016-11-22	2.34677928	17.3	17.7	17.4	2056200.0
2016-11-23	2.34677928	17.1	17.6	17.4	3272800.0
2016-11-24	2.10812376	17.3	17.5	17.3	761500.0
2016-11-25	2.1876756	17.3	17.5	17.3	1213500.0
2016-11-28	2.1876756	17.3	17.6	17.4	5364500.0
2016-11-29	2.26722744	17.2	17.6	17.3	7020400.0
2016-11-30	2.34677928	17.2	17.9	17.8	9442900.0
2016-12-01	2.20756356	17.4	18.0	17.5	8808400.0
2016-12-02	2.26722744	17.4	17.7	17.5	3031700.0
2016-12-06	2.30700336	17.4	17.7	17.7	1206800.0
2016-12-07	2.26722744	17.6	17.8	17.7	2520600.0
2016-12-08	2.2871154	17.8	18.5	18.5	19364900.0
2016-12-09	2.2871154	18.1	18.6	18.4	25164700.0
2016-12-13	2.24733948	18.7	19.2	19.0	24850600.0
2016-12-14	2.30700336	18.7	19.4	19.2	22864300.0
2016-12-15	2.32689132	19.0	20.0	19.8	22757800.0
2016-12-16	2.30700336	19.7	20.0	19.7	9556400.0
2016-12-19	2.30700336	19.8	20.7	20.3	15417700.0
2016-12-20	2.30700336	19.0	20.4	19.4	22749700.0
2016-12-21	2.2871154	19.0	19.6	19.5	7130400.0
2016-12-22	2.2871154	19.2	19.8	19.3	4742400.0
2016-12-23	2.34677928	19.3	20.1	20.0	9857200.0
2016-12-26	2.24733948	19.8	20.3	19.9	5462100.0
2016-12-27	2.20756356	19.3	20.0	19.4	8124500.0
2016-12-28	2.1876756	19.5	19.9	19.9	4508500.0
2016-12-29	2.14789968	19.8	20.1	19.9	2741600.0
2016-12-30	2.0882358	19.6	20.1	19.8	5028900.0
2017-01-04	2.0882358	19.8	20.8	20.5	20748400.0
2017-01-05	2.0882358	20.4	21.1	20.4	15948000.0
2017-01-06	2.0882358	20.0	20.5	20.2	10493100.0
2017-01-09	2.0882358	19.8	20.3	19.9	6921300.0
2017-01-10	2.14789968	19.9	20.3	20.0	5088700.0
2017-01-11	2.24733948	19.9	20.5	19.9	12347500.0
2017-01-12	2.20756356	19.7	20.2	19.8	5670900.0
2017-01-13	2.26722744	19.4	19.9	19.6	7876100.0
2017-01-16	2.2871154	19.3	19.9	19.4	9781300.0
2017-01-17	2.1876756	19.1	19.6	19.2	11678400.0
2017-01-18	2.16778764	19.2	19.7	19.3	10448900.0
2017-01-19	2.1876756	18.8	19.4	19.0	8554900.0
2017-01-20	2.1876756	18.8	19.4	19.3	4581800.0
2017-01-23	2.12801172	19.3	19.6	19.4	3222800.0
2017-01-24	2.1876756	19.2	19.6	19.4	3681900.0
2017-01-25	2.1876756	19.2	19.7	19.3	5169500.0
2017-01-26	2.20756356	19.3	19.6	19.3	5205400.0
2017-01-27	2.20756356	19.2	19.5	19.4	2298800.0
2017-01-30	2.30700336	19.4	20.0	19.7	11419600.0
2017-01-31	2.3865552	19.4	19.8	19.4	4730600.0
2017-02-01	2.5854348	19.4	19.7	19.5	4334600.0
2017-02-02	2.74453848	19.5	20.0	19.7	13063100.0
2017-02-03	2.7843144	19.5	19.8	19.7	6683800.0
2017-02-06	2.80420236	19.6	19.8	19.7	6280800.0
2017-02-07	2.82409032	19.2	19.7	19.3	8818400.0
2017-02-08	2.80420236	19.0	19.4	19.2	9179000.0
2017-02-09	2.7843144	19.1	19.4	19.1	3112800.0
2017-02-10	2.82409032	19.2	19.4	19.3	2737000.0
2017-02-14	2.82409032	19.0	19.3	19.1	3933600.0
2017-02-15	2.82409032	18.6	19.2	18.8	8289200.0
2017-02-16	2.7843144	18.9	19.2	19.0	7946300.0
2017-02-17	2.80420236	18.9	19.2	19.1	4614800.0
2017-02-20	2.7843144	19.0	19.2	19.0	2156000.0
2017-02-21	2.7843144	18.9	19.4	18.9	8289300.0
2017-02-22	2.7843144	18.8	19.1	19.0	3064100.0
2017-02-23	2.76442644	18.5	18.9	18.6	6511100.0
2017-02-24	2.7843144	18.3	18.8	18.5	6463200.0
2017-02-27	2.74453848	18.4	18.7	18.5	3889400.0
2017-02-28	2.76442644	18.3	18.7	18.4	3947500.0
2017-03-01	2.7843144	18.4	18.8	18.7	5859700.0
2017-03-02	2.80420236	18.7	19.0	18.8	5293400.0
2017-03-03	2.76442644	18.4	18.7	18.5	6283500.0
2017-03-06	2.76442644	18.5	18.7	18.5	2766700.0
2017-03-07	2.74453848	18.4	18.6	18.5	1730800.0
2017-03-08	2.80420236	18.3	18.6	18.4	3150000.0
2017-03-09	2.80420236	18.4	18.6	18.5	3070900.0
2017-03-10	2.7843144	18.0	18.4	18.2	5251100.0
2017-03-13	2.76442644	18.1	18.5	18.2	4549700.0
2017-03-14	2.76442644	18.2	18.4	18.3	2746000.0
2017-03-15	2.74453848	18.2	18.5	18.2	2191500.0
2017-03-16	2.72465052	18.2	18.5	18.3	2778200.0
2017-03-17	2.74453848	18.3	18.8	18.7	14791200.0
2017-03-20	2.7843144	18.4	18.7	18.4	8224800.0
2017-03-21	2.7843144	18.0	18.5	18.1	12215800.0
2017-03-22	2.76442644	17.9	18.4	18.3	7281900.0
2017-03-23	2.76442644	17.4	18.3	17.6	45581800.0
2017-03-24	2.76442644	16.8	17.7	17.3	44113300.0
2017-03-27	2.86386624	17.0	17.6	17.4	9528900.0
2017-03-28	2.94341808	17.3	17.6	17.4	4027700.0
2017-03-29	3.16218564	17.2	17.5	17.2	3973400.0
2017-03-30	3.480393	17.2	17.5	17.3	3269300.0
2017-03-31	3.3809532	17.2	17.4	17.2	3074200.0
2017-04-03	3.3809532	17.2	17.3	17.3	2106100.0
2017-04-04	3.5798328	17.1	17.4	17.4	5960400.0
2017-04-05	3.73893648	17.3	17.7	17.4	8792900.0
2017-04-07	3.63949668	17.3	17.5	17.4	2830100.0
2017-04-10	3.71904852	17.2	17.4	17.3	1424900.0
2017-04-11	3.65938464	17.2	17.7	17.5	13781700.0
2017-04-12	3.59972076	17.4	17.6	17.5	2370200.0
2017-04-17	3.71904852	17.2	17.5	17.3	2984000.0
2017-04-18	3.71904852	17.2	17.5	17.3	2836100.0
2017-04-19	3.73893648	17.1	17.3	17.1	1504600.0
2017-04-20	4.11680772	17.1	17.2	17.1	1976500.0
2017-04-21	4.33557528	17.1	17.3	17.1	1434500.0
2017-04-24	4.65378264	16.9	17.2	16.9	4111900.0
2017-04-25	4.97199	16.5	17.0	16.6	7863000.0
2017-04-26	5.3200293	16.6	16.8	16.8	3227300.0
2017-04-27	5.3697492	16.7	17.0	16.9	1741300.0
2017-04-28	5.5189089	16.6	17.1	16.8	3731800.0
2017-05-02	6.0658278	16.7	16.9	16.8	1388000.0
2017-05-03	6.2647074	16.6	16.8	16.8	2074200.0
2017-05-04	6.1155477	16.7	17.0	17.0	1401100.0
2017-05-05	6.1155477	16.9	17.2	17.2	4639900.0
2017-05-08	6.3144273	17.0	17.4	17.3	5518100.0
2017-05-09	6.8116263	16.9	17.4	16.9	2586900.0
2017-05-11	6.7121865	16.6	17.1	16.6	3238800.0
2017-05-12	6.7121865	16.4	16.8	16.6	2865900.0
2017-05-15	7.8557442	16.5	16.8	16.6	2907000.0
2017-05-16	8.0049039	16.6	17.0	16.9	2159000.0
2017-05-17	7.8060243	16.7	16.9	16.8	1291500.0
2017-05-18	8.1043437	16.8	17.1	17.0	4522900.0
2017-05-19	8.3032233	16.9	17.1	17.0	2314200.0
2017-05-22	8.3032233	16.9	17.1	17.0	1508500.0
2017-05-23	8.3529432	16.9	17.3	17.1	11406800.0
2017-05-24	8.2535034	17.0	17.1	17.0	4371800.0
2017-05-25	8.4026631	17.0	17.2	17.1	6605100.0
2017-05-26	8.1043437	16.8	17.2	16.9	9951500.0
2017-05-29	8.0049039	16.9	17.5	17.4	16137200.0
2017-05-30	7.955184	17.2	17.6	17.2	9225700.0
2017-05-31	7.955184	16.9	17.3	17.1	5832700.0
2017-06-01	7.6568646	17.0	17.1	17.0	1900500.0
2017-06-02	7.8557442	17.0	17.2	17.0	2021200.0
2017-06-05	7.5574248	16.9	17.2	16.9	2011900.0
2017-06-06	7.4082651	16.9	17.1	17.0	1512300.0
2017-06-07	7.0602258	17.2	17.8	17.7	25744900.0
2017-06-08	6.960786	17.5	17.8	17.7	6623900.0
2017-06-09	7.0602258	17.4	17.8	17.5	5278700.0
2017-06-12	7.0105059	17.5	17.7	17.6	2647500.0
2017-06-13	6.960786	17.7	18.3	18.2	30809300.0
2017-06-14	7.0105059	18.2	18.4	18.2	11806400.0
2017-06-15	6.960786	18.2	18.6	18.3	19574500.0
2017-06-16	7.0105059	18.4	18.9	18.9	28080700.0
2017-06-19	7.0105059	18.3	19.0	18.5	15556700.0
2017-06-20	7.2093855	18.5	18.8	18.8	9312300.0
2017-06-21	7.1596656	18.5	18.8	18.6	6949800.0
2017-06-22	7.3088253	18.7	19.0	19.0	19059000.0
2017-06-23	7.1099457	19.0	19.4	19.4	23248300.0
2017-06-26	7.1596656	19.1	19.5	19.2	8116500.0
2017-06-27	7.1099457	18.7	19.2	18.8	10700700.0
2017-06-28	7.1596656	18.8	19.1	18.9	5737900.0
2017-06-29	7.1099457	18.7	19.0	18.7	4654400.0
2017-06-30	7.1099457	18.3	18.7	18.4	15128900.0
2017-07-03	7.2093855	18.3	19.0	19.0	11963800.0
2017-07-04	7.1596656	18.7	19.0	18.7	5739200.0
2017-07-05	7.2093855	18.6	18.9	18.7	6639100.0
2017-07-06	7.2093855	18.2	18.8	18.3	13036700.0
2017-07-07	7.1099457	18.2	18.5	18.4	3786000.0
2017-07-11	7.1596656	18.4	18.8	18.8	6044100.0
2017-07-12	7.1099457	18.5	18.9	18.7	5121200.0
2017-07-13	7.0602258	18.7	19.0	18.7	4428300.0
2017-07-14	7.0602258	18.6	18.8	18.8	2638200.0
2017-07-17	7.0602258	18.7	19.0	18.7	4979400.0
2017-07-18	7.0602258	18.5	18.8	18.6	2903500.0
2017-07-19	7.0105059	18.4	18.7	18.6	2251900.0
2017-07-20	7.0105059	18.2	18.6	18.3	5839900.0
2017-07-21	6.960786	18.2	18.5	18.4	4464000.0
2017-07-24	7.0105059	18.1	18.6	18.1	6329200.0
2017-07-25	7.1099457	18.2	18.4	18.3	5093600.0
2017-07-26	7.1596656	18.3	18.8	18.6	12815100.0
2017-07-27	7.0602258	18.4	18.9	18.6	12964700.0
2017-07-31	7.0602258	18.0	18.6	18.0	14193200.0
2017-08-01	7.0602258	17.7	18.1	17.8	12993300.0
2017-08-02	7.3585452	17.9	18.1	18.0	5013600.0
2017-08-03	7.7065845	17.3	18.1	17.5	20266400.0
2017-08-04	7.5574248	17.2	17.6	17.3	11902300.0
2017-08-07	7.5574248	17.1	17.7	17.1	6990700.0
2017-08-08	7.457985	17.2	17.5	17.2	5984200.0
2017-08-09	7.4082651	17.2	17.4	17.4	2976100.0
2017-08-10	7.457985	17.3	18.0	17.8	12854100.0
2017-08-11	7.457985	17.4	17.8	17.5	4612100.0
2017-08-15	7.457985	17.5	17.8	17.8	3765200.0
2017-08-16	6.960786	17.6	17.9	17.7	2456000.0
2017-08-17	7.0602258	17.5	17.8	17.6	1433500.0
2017-08-18	7.1099457	17.5	17.8	17.6	1792000.0
2017-08-21	7.0602258	17.5	17.7	17.5	1199500.0
2017-08-22	7.0105059	17.6	18.0	18.0	5730200.0
2017-08-23	6.7121865	17.8	18.2	17.9	5484900.0
2017-08-24	6.9110661	17.7	17.9	17.7	1849300.0
2017-08-25	6.960786	17.5	17.8	17.6	3275200.0
2017-08-28	6.960786	17.5	17.9	17.8	5677100.0
2017-08-29	7.0602258	17.7	18.1	18.1	9863700.0
2017-08-30	7.0105059	18.0	18.2	18.1	9172000.0
2017-08-31	6.8613462	18.0	18.3	18.2	8229800.0
2017-09-01	6.8613462	18.1	18.3	18.2	7137300.0
2017-09-04	6.960786	18.3	18.7	18.4	19926600.0
2017-09-05	6.9110661	18.5	18.8	18.6	13234300.0
2017-09-06	6.6624666	18.3	18.6	18.6	10648100.0
2017-09-07	6.6127467	18.4	18.9	18.8	24182900.0
2017-09-08	6.0161079	18.5	19.2	18.5	20677500.0
2017-09-11	5.966388	18.3	18.6	18.6	6446500.0
2017-09-12	5.966388	18.5	18.8	18.6	4344100.0
2017-09-13	6.0161079	18.4	18.9	18.5	8358500.0
2017-09-14	5.966388	18.4	18.8	18.7	4388000.0
2017-09-15	6.1652676	18.5	18.8	18.6	3617100.0
2017-09-18	6.0658278	18.8	19.1	18.8	18815800.0
2017-09-19	6.0658278	18.8	19.0	18.9	5760800.0
2017-09-20	6.0161079	18.7	19.0	18.8	4189700.0
2017-09-21	5.9166681	18.7	18.9	18.9	5798500.0
2017-09-22	5.9166681	18.5	18.8	18.6	7090800.0
2017-09-25	5.9166681	18.4	18.5	18.4	6566300.0
2017-09-26	5.8669482	18.3	18.6	18.4	10799200.0
2017-09-27	5.7675084	18.3	18.6	18.4	2940800.0
2017-09-28	5.8172283	18.3	18.6	18.3	3180700.0
2017-09-29	5.8669482	18.2	18.5	18.5	5375400.0
2017-10-02	5.8172283	18.2	18.6	18.3	4303500.0
2017-10-03	5.7177885	18.1	18.6	18.3	7883200.0
2017-10-04	5.6183487	18.2	18.4	18.2	2243900.0
2017-10-05	5.4194691	18.1	18.4	18.4	4787600.0
2017-10-06	5.2205895	18.2	18.5	18.3	4150500.0
2017-10-09	5.0217099	18.2	18.4	18.3	4159900.0
2017-10-10	5.0217099	18.2	18.9	18.8	24992000.0
2017-10-11	5.0714298	18.8	19.1	18.8	18241600.0
2017-10-12	5.0217099	18.7	19.0	18.7	8001000.0
2017-10-16	5.0714298	18.7	19.1	18.8	18559500.0
2017-10-17	4.89243816	18.4	18.8	18.5	13176400.0
2017-10-18	4.85266224	18.2	18.4	18.2	9500600.0
2017-10-19	4.65378264	17.7	18.3	17.7	27160300.0
2017-10-20	4.5742308	17.6	18.0	17.8	7982400.0
2017-10-24	4.474791	17.8	18.0	17.9	2285600.0
2017-10-25	3.8781522	17.8	18.0	17.9	3626400.0
2017-10-27	3.6792726	17.8	18.0	17.9	2952600.0
2017-10-30	3.5798328	17.7	17.9	17.8	2900100.0
2017-10-31	3.46050504	17.7	17.9	17.7	1402700.0
2017-11-01	3.1820736	17.7	18.1	17.8	4016400.0
2017-11-02	3.24173748	17.8	18.1	18.0	9095600.0
2017-11-03	3.46050504	17.9	18.2	18.0	4371600.0
2017-11-06	3.2815134	18.0	18.7	18.7	15055000.0
2017-11-07	3.32128932	18.2	18.7	18.3	9023100.0
2017-11-08	3.32128932	18.1	18.4	18.2	3964100.0
2017-11-09	3.26162544	18.1	18.3	18.1	1987900.0
2017-11-10	3.24173748	17.9	18.2	17.9	2193300.0
2017-11-13	3.2815134	17.6	17.9	17.7	4961800.0
2017-11-14	3.3809532	17.7	17.9	17.8	1127400.0
2017-11-15	3.3809532	17.8	18.0	17.8	1501800.0
2017-11-16	3.54005688	17.7	18.0	17.7	3190200.0
2017-11-17	3.65938464	17.8	18.1	18.0	3270600.0
2017-11-20	4.19635956	18.0	18.6	18.5	10346800.0
2017-11-21	4.13669568	18.3	18.6	18.6	7824600.0
2017-11-22	4.0770318	17.9	18.6	17.9	11181900.0
2017-11-23	3.71904852	17.7	18.0	17.8	4495500.0
2017-11-24	3.59972076	17.7	18.0	17.9	3017800.0
2017-11-27	3.5798328	17.7	17.9	17.8	1744900.0
2017-11-28	3.54005688	17.7	18.0	17.9	2298000.0
2017-11-29	3.59972076	17.7	17.9	17.8	2764900.0
2017-11-30	3.44061708	17.5	17.8	17.7	3100600.0
2017-12-01	3.3809532	17.4	17.8	17.6	3796000.0
2017-12-04	3.3809532	17.1	17.6	17.3	9675400.0
2017-12-06	3.46050504	16.9	17.3	16.9	6704400.0
2017-12-07	3.7787124	15.6	16.7	15.6	53282800.0
2017-12-08	3.977592	15.8	16.1	15.9	11886400.0
2017-12-12	4.61400672	15.8	16.1	15.9	3909000.0
2017-12-13	4.49467896	15.6	16.1	16.1	6569500.0
2017-12-14	4.21624752	16.0	16.3	16.2	3898900.0
2017-12-15	4.19635956	16.0	16.3	16.1	2590000.0
2017-12-18	4.13669568	15.9	16.2	16.0	6408500.0
2017-12-19	4.23613548	15.5	16.0	15.8	18571800.0
2017-12-20	4.19635956	15.8	16.2	15.9	10172000.0
2017-12-21	4.0770318	15.8	16.0	15.9	1393200.0
2017-12-22	4.15658364	15.8	16.0	15.9	3323400.0
2017-12-25	4.0770318	15.7	15.9	15.8	2922800.0
2017-12-26	4.13669568	15.7	15.9	15.8	4017800.0
2017-12-27	4.25602344	15.8	16.2	16.0	8845300.0
2017-12-28	4.19635956	15.8	16.1	15.8	4901700.0
2017-12-29	4.1764716	15.9	16.4	16.3	11945300.0
2018-01-03	4.13669568	16.0	16.4	16.4	9019200.0
2018-01-04	4.15658364	16.2	16.5	16.3	4689400.0
2018-01-05	3.977592	16.3	17.1	17.0	55848900.0
2018-01-08	4.03725588	16.7	16.9	16.7	10124700.0
2018-01-09	3.977592	16.7	17.0	16.8	13417800.0
2018-01-10	3.977592	16.4	16.9	16.5	14380700.0
2018-01-11	3.91792812	16.4	16.7	16.5	6057500.0
2018-01-12	3.81848832	16.5	16.7	16.6	3698300.0
2018-01-15	3.79860036	16.4	16.8	16.5	6833600.0
2018-01-16	3.83837628	16.3	17.0	16.9	25896200.0
2018-01-17	3.7787124	16.6	17.0	16.7	16738700.0
2018-01-18	3.73893648	16.0	16.8	16.1	17256300.0
2018-01-19	3.73893648	16.0	16.3	16.1	10104700.0
2018-01-22	3.69916056	16.0	16.2	16.0	3501900.0
2018-01-23	3.73893648	16.0	16.2	16.0	3363600.0
2018-01-24	3.69916056	16.0	16.3	16.1	3880000.0
2018-01-25	3.69916056	16.0	16.4	16.0	6013900.0
2018-01-26	3.63949668	15.7	16.0	15.9	10980500.0
2018-01-29	3.61960872	15.8	16.1	16.0	4870200.0
2018-01-30	3.59972076	15.8	16.2	16.2	11193000.0
2018-01-31	3.61960872	15.9	16.1	16.0	10919100.0
2018-02-01	3.5798328	15.9	16.1	15.9	3024200.0
2018-02-02	3.71904852	15.8	16.0	15.8	2547300.0
2018-02-05	3.6792726	15.3	15.6	15.5	7993600.0
2018-02-06	3.65938464	14.8	15.2	15.1	11680600.0
2018-02-07	3.63949668	14.7	15.4	14.7	8798500.0
2018-02-08	3.63949668	14.8	15.0	14.9	3762300.0
2018-02-09	3.7787124	14.5	14.9	14.8	5291700.0
2018-02-12	3.71904852	14.9	15.1	15.0	2157600.0
2018-02-13	3.75882444	14.7	15.1	14.7	2902700.0
2018-02-14	3.73893648	14.5	14.8	14.5	5681600.0
2018-02-15	3.85826424	13.8	14.6	14.0	12510700.0
2018-02-16	3.89804016	14.0	14.3	14.1	4367300.0
2018-02-19	3.75882444	14.1	14.3	14.2	3462300.0
2018-02-20	3.6792726	13.9	14.3	14.0	5893000.0
2018-02-21	3.63949668	13.4	14.1	13.5	9380800.0
2018-02-22	3.63949668	12.8	13.6	12.9	9892600.0
2018-02-23	3.69916056	12.9	13.9	13.9	6047200.0
2018-02-26	3.81848832	13.5	14.0	13.6	2935100.0
2018-02-27	3.93781608	13.3	14.0	13.3	6161700.0
2018-02-28	3.99747996	13.4	13.9	13.6	6267300.0
2018-03-02	3.8781522	13.3	13.7	13.4	4572500.0
2018-03-05	3.83837628	13.1	13.4	13.2	3514800.0
2018-03-06	3.93781608	13.0	13.4	13.1	3682300.0
2018-03-07	4.25602344	12.9	13.3	13.0	4573200.0
2018-03-08	4.1764716	12.9	13.1	13.0	2511600.0
2018-03-09	4.19635956	12.8	13.1	12.9	3815800.0
2018-03-12	4.15658364	12.9	13.2	13.1	2363800.0
2018-03-13	4.1764716	13.0	13.2	13.1	5526600.0
2018-03-14	4.35546324	12.8	13.5	13.3	15397000.0
2018-03-15	4.21624752	13.1	13.5	13.2	6716900.0
2018-03-16	4.05714384	12.9	13.3	12.9	8130900.0
2018-03-19	4.21624752	12.9	13.0	13.0	1409600.0
2018-03-20	4.11680772	12.9	13.2	13.0	2580800.0
2018-03-21	4.09691976	13.0	13.3	13.2	3840100.0
2018-03-22	4.19635956	13.2	13.6	13.4	8161200.0
2018-03-23	3.99747996	13.0	13.4	13.3	5223300.0
2018-03-26	3.99747996	13.2	13.5	13.4	2573200.0
2018-03-27	4.01736792	13.2	13.6	13.4	4945400.0
2018-03-28	3.95770404	13.1	13.4	13.1	2311300.0
2018-03-29	3.93781608	12.6	13.2	12.8	7782600.0
2018-03-30	3.95770404	12.6	13.1	13.0	7490700.0
2018-04-02	3.99747996	12.9	13.2	13.0	1471500.0
2018-04-03	3.95770404	12.9	13.1	13.0	4133300.0
2018-04-04	4.01736792	12.6	13.0	12.7	6623000.0
2018-04-05	4.11680772	12.5	12.9	12.5	4805200.0
2018-04-09	4.0770318	12.5	12.7	12.5	3583200.0
2018-04-10	4.21624752	12.5	12.7	12.7	1444100.0
2018-04-11	4.1764716	12.6	13.0	12.8	3548400.0
2018-04-12	4.15658364	12.7	13.0	12.9	1795400.0
2018-04-17	4.05714384	12.7	13.0	12.7	649800.0
2018-04-18	4.0770318	12.7	13.0	12.8	1295000.0
2018-04-19	4.11680772	12.8	13.2	13.1	3297400.0
2018-04-20	4.05714384	12.9	13.1	12.9	1450200.0
2018-04-23	3.99747996	12.8	13.1	13.0	1801400.0
2018-04-24	4.01736792	12.9	13.1	12.9	753100.0
2018-04-25	4.03725588	12.7	12.9	12.9	1996600.0
2018-04-26	4.05714384	12.7	13.0	12.8	1227000.0
2018-04-27	3.99747996	12.6	12.9	12.7	1764600.0
2018-04-30	3.99747996	12.7	12.9	12.9	836400.0
2018-05-02	3.95770404	12.7	13.0	13.0	959800.0
2018-05-03	3.89804016	12.9	13.3	13.3	4900800.0
2018-05-04	3.93781608	12.9	13.2	13.0	2380600.0
2018-05-07	3.91792812	12.8	13.1	12.8	2287300.0
2018-05-08	3.8781522	12.8	12.9	12.8	1296900.0
2018-05-09	3.93781608	12.6	12.9	12.7	2825700.0
2018-05-10	3.8781522	12.6	12.9	12.7	1641500.0
2018-05-11	3.85826424	12.7	12.9	12.8	1618800.0
2018-05-14	3.81848832	12.9	13.2	13.2	4064300.0
2018-05-15	3.8781522	12.9	13.2	13.2	4664900.0
2018-05-16	3.8781522	13.1	14.0	13.9	33812300.0
2018-05-17	3.93781608	13.4	13.9	13.6	13453500.0
2018-05-18	3.93781608	13.3	13.6	13.5	4936900.0
2018-05-21	3.7787124	13.6	14.3	14.2	24501400.0
2018-05-22	3.63949668	14.0	14.6	14.5	21786300.0
2018-05-23	3.63949668	14.3	14.8	14.7	14215300.0
2018-05-24	3.6792726	14.4	14.8	14.5	8548500.0
2018-05-25	3.81848832	14.3	14.7	14.7	5119500.0
2018-05-28	3.63949668	14.6	15.0	14.9	8318800.0
2018-05-30	3.65938464	14.5	14.8	14.8	8839500.0
2018-05-31	3.5798328	14.6	14.9	14.7	8759000.0
2018-06-01	3.59972076	14.3	14.7	14.6	8230200.0
2018-06-04	3.5798328	14.1	14.6	14.2	5999300.0
2018-06-05	3.61960872	14.0	14.6	14.6	10910200.0
2018-06-06	3.63949668	14.4	14.9	14.6	10758400.0
2018-06-07	3.59972076	14.5	14.8	14.6	3085500.0
2018-06-08	3.61960872	14.4	14.6	14.5	3227900.0
2018-06-11	3.65938464	14.3	14.6	14.5	2479000.0
2018-06-12	3.59972076	14.5	15.1	14.8	19881300.0
2018-06-13	3.69916056	14.5	14.8	14.7	5659900.0
2018-06-14	3.83837628	14.3	14.7	14.5	7493500.0
2018-06-15	3.83837628	14.2	14.6	14.2	4568800.0
2018-06-18	3.85826424	13.7	14.2	13.8	6108600.0
2018-06-19	3.99747996	13.2	13.6	13.2	12272800.0
2018-06-20	3.93781608	13.1	13.5	13.4	4466500.0
2018-06-21	3.8781522	12.8	13.5	12.8	8570500.0
2018-06-22	3.91792812	12.6	13.0	12.7	7377000.0
2018-06-25	3.89804016	12.8	13.2	12.9	5022200.0
2018-06-26	3.89804016	12.7	13.0	12.9	7049600.0
2018-06-27	4.05714384	12.5	13.0	12.5	7196800.0
2018-06-28	4.01736792	11.4	12.5	11.4	14372600.0
2018-06-29	3.99747996	10.9	11.5	11.0	7660200.0
2018-07-02	3.8781522	11.0	11.5	11.5	9376400.0
2018-07-03	3.95770404	11.3	12.4	12.3	10875500.0
2018-07-04	3.89804016	11.9	12.4	12.4	4788500.0
2018-07-05	3.89804016	11.8	12.4	11.8	4557700.0
2018-07-06	3.83837628	11.6	12.2	12.1	7470100.0
2018-07-09	3.85826424	12.1	12.4	12.2	4008300.0
2018-07-10	3.89804016	12.0	12.4	12.4	3539100.0
2018-07-11	3.89804016	12.2	12.6	12.4	4257600.0
2018-07-12	3.89804016	12.4	12.7	12.5	5566600.0
2018-07-13	3.89804016	12.4	12.8	12.5	4278500.0
2018-07-16	3.95770404	12.3	12.6	12.4	2514700.0
2018-07-17	3.91792812	12.2	12.4	12.4	1718100.0
2018-07-18	3.85826424	12.3	12.6	12.4	900100.0
2018-07-19	3.83837628	12.4	12.8	12.6	4277400.0
2018-07-20	3.81848832	12.6	12.9	12.7	2348800.0
2018-07-23	3.79860036	12.6	12.9	12.7	2327500.0
2018-07-24	3.83837628	12.7	13.1	12.8	8980900.0
2018-07-25	3.79860036	12.7	12.9	12.8	1651700.0
2018-07-26	3.81848832	12.7	12.9	12.8	2230300.0
2018-07-31	3.81848832	12.7	13.0	12.8	2248500.0
2018-08-01	3.79860036	12.8	13.0	12.8	2125100.0
2018-08-02	3.73893648	12.5	12.9	12.6	2072500.0
2018-08-03	3.63949668	12.5	12.8	12.7	1044000.0
2018-08-06	3.44061708	12.4	12.9	12.6	2262300.0
2018-08-07	3.32128932	12.4	12.8	12.8	2874400.0
2018-08-08	3.3809532	12.5	12.8	12.8	2976100.0
2018-08-09	3.40084116	12.6	12.8	12.7	2334400.0
2018-08-10	3.3809532	12.4	12.7	12.5	3385400.0
2018-08-14	3.30140136	12.0	12.4	12.2	7095500.0
2018-08-15	3.2815134	12.0	12.3	12.1	5215400.0
2018-08-16	3.2815134	12.0	12.2	12.1	2343300.0
2018-08-17	3.2815134	12.1	12.3	12.1	2281100.0
2018-08-20	3.24173748	12.2	12.5	12.4	2999900.0
2018-08-21	3.22184952	12.2	12.5	12.3	1682800.0
2018-08-22	3.30140136	12.2	12.4	12.2	908600.0
2018-08-23	3.26162544	12.2	12.4	12.3	761200.0
2018-08-24	3.24173748	12.1	12.4	12.1	913800.0
2018-08-27	3.24173748	12.2	12.4	12.4	1354500.0
2018-08-28	3.1820736	12.4	12.8	12.6	5197400.0
2018-08-29	3.20196156	12.5	12.8	12.8	2927900.0
2018-08-30	3.2815134	12.8	13.1	13.0	8505700.0
2018-08-31	3.36106524	12.8	13.1	12.9	2804600.0
2018-09-03	3.26162544	12.6	12.9	12.7	3274800.0
2018-09-04	3.24173748	12.6	12.8	12.7	4291600.0
2018-09-05	3.20196156	12.2	12.7	12.2	7836100.0
2018-09-06	3.14229768	12.1	12.5	12.3	4475000.0
2018-09-07	3.14229768	12.1	12.4	12.3	2134500.0
2018-09-10	3.14229768	12.1	12.4	12.2	2342300.0
2018-09-11	3.14229768	12.2	12.5	12.2	4506700.0
2018-09-12	3.14229768	12.1	12.4	12.2	1269600.0
2018-09-13	3.16218564	12.4	13.4	13.3	27978100.0
2018-09-14	3.1820736	13.3	13.6	13.5	10418000.0
2018-09-17	3.20196156	13.2	13.5	13.4	7173700.0
2018-09-18	3.1820736	13.4	14.3	14.2	19382500.0
2018-09-19	3.06274584	14.2	14.4	14.2	11759500.0
2018-09-20	3.04285788	14.0	14.4	14.1	4613800.0
2018-09-21	3.06274584	14.1	14.5	14.2	8627900.0
2018-09-24	3.04285788	14.0	14.2	14.0	2439000.0
2018-09-25	3.02296992	13.8	14.2	14.0	2840500.0
2018-09-26	3.06274584	14.0	14.3	14.1	3995400.0
2018-09-27	3.02296992	13.9	14.3	14.2	2779700.0
2018-09-28	3.00308196	14.3	14.7	14.6	11014800.0
2018-10-01	3.10252176	14.4	14.7	14.6	3987200.0
2018-10-02	3.06274584	14.3	14.8	14.6	6486800.0
2018-10-03	3.0826338	14.3	14.7	14.3	3370700.0
2018-10-04	3.06274584	13.9	14.4	14.1	5839400.0
2018-10-05	3.0826338	13.9	14.3	14.0	5248600.0
2018-10-08	3.04285788	13.5	14.3	13.6	8068000.0
2018-10-09	3.30140136	13.6	13.9	13.8	5566700.0
2018-10-10	3.26162544	13.9	14.2	14.2	3931200.0
2018-10-11	3.24173748	13.3	13.9	13.5	12644300.0
2018-10-12	3.24173748	13.6	14.1	14.0	6828300.0
2018-10-16	3.24173748	13.9	14.1	14.0	1844000.0
2018-10-17	3.20196156	13.8	14.2	13.9	3547800.0
2018-10-18	3.14229768	13.5	13.9	13.5	2982900.0
2018-10-19	3.14229768	13.0	13.5	13.2	7500100.0
2018-10-22	3.10252176	12.8	13.2	13.0	4350600.0
2018-10-24	3.12240972	12.2	12.8	12.4	6826300.0
2018-10-25	3.0826338	11.6	12.7	12.7	15415900.0
2018-10-26	3.0826338	12.1	12.5	12.1	8033000.0
2018-10-29	3.1820736	12.1	12.4	12.2	4519900.0
2018-10-30	3.14229768	12.1	12.4	12.2	4773600.0
2018-10-31	3.14229768	12.3	12.7	12.6	3265300.0
2018-11-01	3.0826338	12.4	12.8	12.5	3042400.0
2018-11-02	3.12240972	12.6	12.8	12.6	1889400.0
2018-11-05	3.10252176	12.2	12.7	12.3	4842300.0
2018-11-06	3.14229768	12.2	12.6	12.2	3388800.0
2018-11-07	3.0826338	12.1	12.4	12.3	4731400.0
2018-11-08	3.00308196	12.3	12.6	12.4	6428200.0
2018-11-09	3.00308196	12.1	12.4	12.1	3110900.0
2018-11-12	2.96330604	11.9	12.2	12.0	3417500.0
2018-11-13	3.00308196	11.6	12.0	11.9	3646400.0
2018-11-14	3.00308196	11.7	11.9	11.8	2060300.0
2018-11-15	3.00308196	11.7	11.9	11.7	2204600.0
2018-11-16	3.02296992	11.2	11.7	11.3	7503900.0
2018-11-19	2.983194	11.3	11.6	11.5	1230400.0
2018-11-20	2.983194	11.1	11.4	11.1	2635300.0
2018-11-21	2.983194	11.0	11.4	11.4	1882400.0
2018-11-22	2.94341808	10.9	11.4	10.9	4388600.0
2018-11-23	2.86386624	10.8	11.1	11.0	4084500.0
2018-11-26	2.7843144	10.9	11.3	11.3	4798800.0
2018-11-27	2.80420236	11.0	11.3	11.1	4253300.0
2018-11-28	2.80420236	11.1	11.3	11.1	2114600.0
2018-11-29	2.80420236	11.1	11.4	11.1	4834500.0
2018-11-30	2.82409032	11.0	11.2	11.2	2689600.0
2018-12-03	2.80420236	11.3	11.6	11.5	6013600.0
2018-12-04	2.80420236	11.4	11.7	11.4	2717400.0
2018-12-06	2.80420236	11.1	11.3	11.2	1968800.0
2018-12-07	2.80420236	11.2	11.4	11.2	2094500.0
2018-12-11	2.70476256	11.1	11.3	11.3	2279500.0
2018-12-12	2.62521072	11.1	11.4	11.1	1458000.0
2018-12-13	2.485995	11.0	11.2	11.0	1381100.0
2018-12-14	2.46610704	10.8	11.1	11.0	1811800.0
2018-12-17	2.42633112	10.3	11.0	10.4	5941900.0
2018-12-18	2.50588296	10.1	10.3	10.1	3665700.0
2018-12-19	2.7843144	10.0	10.3	10.2	2854500.0
2018-12-20	2.6848746	9.75	10.2	9.9	10088700.0
2018-12-21	2.66498664	9.65	9.9	9.85	4218900.0
2018-12-24	2.62521072	9.75	9.9	9.75	1502000.0
2018-12-25	2.64509868	9.35	9.7	9.35	4303500.0
2018-12-26	2.5854348	9.1	9.4	9.1	2957800.0
2018-12-27	2.56554684	9.1	9.4	9.1	3854400.0
2018-12-28	2.54565888	9.15	9.6	9.6	6987300.0
2019-01-02	2.52577092	9.25	9.6	9.25	3565900.0
2019-01-03	2.485995	9.2	9.4	9.2	2610200.0
2019-01-04	2.50588296	9.15	9.45	9.35	3468200.0
2019-01-07	2.52577092	9.4	9.65	9.65	3976900.0
2019-01-08	2.56554684	9.65	9.85	9.75	3534700.0
2019-01-09	2.70476256	9.6	9.85	9.6	3201600.0
2019-01-10	2.64509868	9.5	9.75	9.5	1763800.0
2019-01-11	2.66498664	9.55	9.7	9.7	635300.0
2019-01-14	2.66498664	9.45	9.7	9.45	958500.0
2019-01-15	2.62521072	9.15	9.5	9.2	2924500.0
2019-01-16	2.64509868	8.8	9.25	8.9	6280500.0
2019-01-17	2.62521072	8.95	9.15	9.05	2823300.0
2019-01-18	2.64509868	8.9	9.2	8.9	2096800.0
2019-01-21	2.80420236	9.0	9.3	9.25	2906600.0
2019-01-22	2.72465052	9.1	9.6	9.55	5627100.0
2019-01-23	2.82409032	9.55	10.0	10.0	10113600.0
2019-01-24	2.7843144	9.8	10.2	9.8	7236400.0
2019-01-25	2.70476256	9.85	10.0	9.9	4799900.0
2019-01-28	2.76442644	9.85	10.0	9.9	5482700.0
2019-01-29	2.72465052	9.8	10.2	10.1	6446300.0
2019-01-30	2.74453848	9.95	10.2	10.0	3130200.0
2019-01-31	2.74453848	10.0	10.4	10.3	6937500.0
2019-02-01	2.74453848	10.1	10.5	10.3	5258200.0
2019-02-04	2.92353012	10.3	10.5	10.4	1759600.0
2019-02-05	3.02296992	10.1	10.4	10.3	2519800.0
2019-02-06	2.90364216	9.95	10.4	10.0	6285100.0
2019-02-07	3.04285788	9.95	10.1	10.0	3159200.0
2019-02-08	2.82409032	9.95	10.1	10.0	1904400.0
2019-02-11	2.80420236	9.8	10.0	9.95	3282400.0
2019-02-12	2.62521072	9.95	10.1	10.0	1757900.0
2019-02-13	2.60532276	10.0	10.2	10.1	1807300.0
2019-02-14	2.64509868	10.0	10.2	10.2	979300.0
2019-02-15	2.66498664	9.95	10.2	9.95	1830900.0
2019-02-18	2.70476256	9.95	10.1	10.0	832100.0
2019-02-20	2.66498664	9.95	10.1	9.95	1101300.0
2019-02-21	2.70476256	9.95	10.1	10.1	1076300.0
2019-02-22	2.66498664	10.0	10.2	10.1	1076000.0
2019-02-25	2.66498664	10.0	10.2	10.0	1811700.0
2019-02-26	2.66498664	9.95	10.1	10.0	1121300.0
2019-02-27	2.64509868	10.1	10.7	10.6	15856300.0
2019-02-28	2.60532276	10.3	10.6	10.5	5549800.0
2019-03-01	2.485995	10.2	10.6	10.3	3472500.0
2019-03-04	2.52577092	10.2	10.4	10.3	978800.0
2019-03-05	2.54565888	10.2	10.4	10.3	1492300.0
2019-03-06	2.50588296	10.2	10.4	10.2	1217900.0
2019-03-07	2.60532276	10.1	10.4	10.3	1858600.0
2019-03-08	2.56554684	10.1	10.6	10.2	4962000.0
2019-03-11	2.54565888	10.1	10.3	10.1	3721900.0
2019-03-12	2.52577092	9.8	9.95	9.85	1961100.0
2019-03-13	2.52577092	9.85	10.0	10.0	1680300.0
2019-03-14	2.54565888	9.9	10.1	10.0	1117000.0
2019-03-15	2.52577092	9.85	10.0	9.9	1366200.0
2019-03-18	2.50588296	9.8	10.0	9.85	1857500.0
2019-03-19	2.46610704	9.8	9.95	9.85	614600.0
2019-03-20	2.44621908	9.85	9.95	9.9	310700.0
2019-03-21	2.44621908	9.85	10.0	9.9	730500.0
2019-03-22	2.44621908	9.85	9.95	9.95	572600.0
2019-03-25	2.40644316	9.8	9.9	9.85	1304600.0
2019-03-26	2.34677928	9.8	9.9	9.85	850600.0
2019-03-27	2.2871154	9.8	9.85	9.85	589500.0
2019-03-28	2.22745152	9.65	9.85	9.8	2668700.0
2019-03-29	1.6407567	9.75	9.85	9.85	376800.0
2019-04-01	1.85952426	9.8	9.95	9.9	1628800.0
2019-04-02	1.92913212	9.85	10.1	9.9	3170300.0
2019-04-03	1.87941222	9.75	10.0	9.75	1718000.0
2019-04-04	1.91918814	9.7	9.85	9.7	2154100.0
2019-04-05	1.84958028	9.75	9.85	9.75	1420500.0
2019-04-09	1.72030854	9.75	9.9	9.85	710200.0
2019-04-10	1.70042058	9.8	9.9	9.8	980300.0
2019-04-11	1.6904766	9.8	9.95	9.85	698100.0
2019-04-12	1.76008446	9.85	9.95	9.9	434600.0
2019-04-17	1.76008446	9.9	10.2	10.2	4821100.0
2019-04-18	1.71036456	10.1	10.5	10.4	9336700.0
2019-04-19	1.7401965	10.4	10.5	10.4	1756100.0
2019-04-22	1.7401965	10.2	10.5	10.2	2762400.0
2019-04-23	1.7899164	10.2	10.4	10.3	1516800.0
2019-04-24	1.73025252	10.1	10.3	10.2	878300.0
2019-04-25	1.76008446	10.1	10.3	10.1	540600.0
2019-04-26	1.76008446	10.0	10.2	10.1	972900.0
2019-04-29	1.73025252	10.2	10.3	10.2	761400.0
2019-04-30	1.75014048	10.2	10.4	10.3	2525000.0
2019-05-02	1.7401965	10.3	10.6	10.6	6798300.0
2019-05-03	1.7401965	10.6	11.1	11.1	12884900.0
2019-05-07	1.6904766	10.9	11.5	11.4	9170000.0
2019-05-08	1.71036456	11.0	11.4	11.2	5826300.0
2019-05-09	1.7401965	10.8	11.3	10.8	6061100.0
2019-05-10	1.75014048	10.6	11.2	11.2	6076800.0
2019-05-13	1.86946824	10.9	11.3	11.2	4749100.0
2019-05-14	1.79986038	11.0	11.2	11.1	1604800.0
2019-05-15	1.8396363	10.8	11.2	10.8	1725400.0
2019-05-16	1.85952426	10.6	10.9	10.8	2258500.0
2019-05-17	1.82969232	10.7	11.0	10.8	903000.0
2019-05-21	1.81974834	10.7	10.9	10.7	950300.0
2019-05-22	1.90924416	10.7	11.1	11.0	3346100.0
2019-05-23	1.86946824	10.8	11.1	10.8	1100200.0
2019-05-24	1.91918814	10.7	11.1	10.9	2734800.0
2019-05-27	1.9390761	11.0	11.3	11.3	5468400.0
2019-05-28	1.96890804	11.3	11.7	11.5	14508200.0
2019-05-29	1.92913212	11.3	11.5	11.4	5227400.0
2019-05-30	1.9390761	11.3	11.8	11.7	9074200.0
2019-05-31	1.91918814	11.5	11.7	11.5	3535800.0
2019-06-04	1.91918814	11.5	11.9	11.8	8146300.0
2019-06-05	1.92913212	11.7	12.0	11.8	4452200.0
2019-06-06	1.91918814	11.8	12.3	12.2	17028100.0
2019-06-07	1.90924416	12.1	12.3	12.3	6611300.0
2019-06-10	1.89930018	12.2	12.4	12.2	5295300.0
2019-06-11	2.00868396	11.8	12.2	11.9	8084800.0
2019-06-12	2.02857192	11.8	12.1	12.0	8738800.0
2019-06-13	2.12801172	12.0	12.2	12.1	2201200.0
2019-06-14	2.14789968	11.9	12.1	12.0	2071800.0
2019-06-17	2.10812376	12.0	12.2	12.1	3299200.0
2019-06-18	2.10812376	11.9	12.1	12.1	2255000.0
2019-06-19	2.0882358	12.1	12.5	12.3	11819700.0
2019-06-20	2.10812376	12.2	12.4	12.3	8236300.0
2019-06-21	2.06834784	11.8	12.4	11.9	7700100.0
2019-06-24	2.12801172	11.7	12.0	11.8	3532500.0
2019-06-25	2.14789968	11.8	12.2	12.1	4086300.0
2019-06-26	2.06834784	11.9	12.1	11.9	1771200.0
2019-06-27	2.06834784	11.9	12.1	11.9	1952700.0
2019-06-28	2.0882358	11.8	12.1	11.8	5325500.0
2019-07-01	2.02857192	11.4	11.9	11.5	13704900.0
2019-07-02	2.02857192	11.4	11.7	11.6	2483500.0
2019-07-03	2.14789968	11.5	11.8	11.8	5040500.0
2019-07-04	2.14789968	11.5	11.8	11.5	4483500.0
2019-07-05	2.10812376	11.4	11.6	11.6	1276800.0
2019-07-08	2.04845988	11.4	11.7	11.5	1665400.0
2019-07-09	2.04845988	11.4	11.7	11.4	2158500.0
2019-07-10	2.02857192	11.4	11.6	11.5	2025400.0
2019-07-11	2.04845988	11.6	11.8	11.6	2735900.0
2019-07-12	2.06834784	11.4	11.7	11.6	1388000.0
2019-07-15	2.0882358	11.1	11.6	11.2	3737300.0
2019-07-17	2.06834784	11.0	11.3	11.1	4596700.0
2019-07-18	2.0882358	11.1	11.3	11.3	1643600.0
2019-07-19	2.10812376	11.2	11.4	11.3	1684400.0
2019-07-22	2.10812376	11.1	11.3	11.2	1331400.0
2019-07-23	2.0882358	11.0	11.2	11.1	2436100.0
2019-07-24	2.10812376	11.0	11.2	11.1	2293000.0
2019-07-25	2.04845988	11.1	11.3	11.2	1705000.0
2019-07-26	2.0882358	11.1	11.3	11.1	1762500.0
2019-07-30	2.06834784	10.9	11.2	11.1	2592800.0
2019-07-31	2.0882358	10.9	11.1	10.9	1565000.0
2019-08-01	2.04845988	10.7	11.0	10.8	2449500.0
2019-08-02	2.02857192	10.5	10.8	10.8	1775000.0
2019-08-05	2.02857192	10.5	10.7	10.5	972900.0
2019-08-06	2.02857192	10.2	10.5	10.5	2202600.0
2019-08-07	2.02857192	10.3	10.6	10.4	1785600.0
2019-08-08	2.02857192	10.3	10.6	10.4	1660400.0
2019-08-09	2.04845988	10.3	10.5	10.4	506500.0
2019-08-13	2.02857192	9.95	10.4	9.95	2118600.0
2019-08-14	2.14789968	9.9	10.2	9.9	1194800.0
2019-08-15	2.12801172	9.4	9.8	9.7	3787500.0
2019-08-16	2.0882358	9.6	9.8	9.8	881200.0
2019-08-19	2.0882358	9.85	9.95	9.9	1126300.0
2019-08-20	2.06834784	9.8	9.9	9.85	1294100.0
2019-08-21	2.06834784	9.6	9.95	9.65	3434500.0
2019-08-22	2.06834784	9.15	9.65	9.25	4075300.0
2019-08-23	2.0882358	9.35	9.6	9.5	1846500.0
2019-08-26	2.06834784	9.25	9.45	9.45	1078800.0
2019-08-27	2.04845988	9.2	9.45	9.2	983000.0
2019-08-28	2.04845988	9.25	9.35	9.35	427100.0
2019-08-29	2.02857192	9.3	9.55	9.55	1866800.0
2019-08-30	2.04845988	9.5	9.7	9.55	883300.0
2019-09-02	2.04845988	9.55	9.6	9.55	259600.0
2019-09-03	2.04845988	9.35	9.65	9.4	743500.0
2019-09-04	2.02857192	9.25	9.45	9.25	827100.0
2019-09-05	2.04845988	9.3	9.45	9.35	579600.0
2019-09-06	2.06834784	9.3	9.4	9.35	439000.0
2019-09-09	2.02857192	9.3	9.55	9.45	1404300.0
2019-09-10	2.02857192	9.4	9.55	9.5	942800.0
2019-09-11	1.988796	9.5	9.7	9.7	1734600.0
2019-09-12	1.91918814	9.75	10.0	9.8	4284700.0
2019-09-13	1.91918814	9.75	10.2	10.1	4246700.0
2019-09-16	1.9390761	9.85	10.0	9.9	1622600.0
2019-09-17	1.92913212	9.8	10.1	9.8	1083100.0
2019-09-18	1.92913212	9.7	9.9	9.7	561200.0
2019-09-19	1.92913212	9.5	9.75	9.5	1193800.0
2019-09-20	1.92913212	9.4	9.6	9.45	1109500.0
2019-09-23	1.95896406	9.45	9.65	9.6	1149500.0
2019-09-24	1.94902008	9.45	9.6	9.55	466300.0
2019-09-25	1.94902008	9.45	9.7	9.55	525800.0
2019-09-26	1.91918814	9.45	9.6	9.45	526900.0
2019-09-27	1.94902008	9.35	9.55	9.55	633300.0
2019-09-30	1.92913212	9.4	9.6	9.4	361200.0
2019-10-01	1.92913212	9.25	9.4	9.3	1202200.0
2019-10-02	1.92913212	9.3	9.4	9.4	800200.0
2019-10-03	1.91918814	9.25	9.35	9.25	360800.0
2019-10-04	1.91918814	9.15	9.3	9.15	577000.0
2019-10-07	1.90924416	9.15	9.35	9.35	619800.0
2019-10-08	1.91918814	9.4	9.65	9.45	1010800.0
2019-10-09	1.92913212	9.35	9.45	9.35	281300.0
2019-10-10	1.91918814	9.35	9.45	9.4	112900.0
2019-10-11	1.91918814	9.4	9.45	9.4	83900.0
2019-10-15	1.89930018	9.3	9.4	9.3	393900.0
2019-10-16	1.90924416	9.35	9.45	9.4	290000.0
2019-10-17	1.90924416	9.35	9.55	9.35	570400.0
2019-10-18	1.8893562	9.35	9.6	9.6	925600.0
2019-10-21	1.87941222	9.4	9.6	9.4	338600.0
2019-10-22	1.89930018	9.35	9.55	9.5	345800.0
2019-10-24	1.8893562	9.1	9.45	9.15	1210200.0
2019-10-25	1.85952426	8.85	9.2	8.95	1681300.0
2019-10-28	1.8396363	8.7	8.95	8.9	1322000.0
2019-10-29	1.85952426	8.7	8.95	8.9	856700.0
2019-10-30	1.89930018	8.45	8.85	8.55	3420800.0
2019-10-31	1.8893562	8.55	8.8	8.8	1870000.0
2019-11-01	1.89930018	8.6	8.8	8.65	401300.0
2019-11-04	1.87941222	8.6	8.75	8.6	1221300.0
2019-11-05	1.87941222	8.45	8.65	8.45	1714600.0
2019-11-06	1.8893562	8.5	8.6	8.5	1695500.0
2019-11-07	1.87941222	8.55	8.75	8.65	2520600.0
2019-11-08	1.87941222	8.6	8.8	8.6	2827500.0
2019-11-11	1.86946824	8.5	8.65	8.5	730000.0
2019-11-12	1.87941222	8.4	8.55	8.4	1988100.0
2019-11-13	1.87941222	7.85	8.4	7.85	5455400.0
2019-11-14	1.86946824	7.75	8.0	7.75	2007700.0
2019-11-15	1.84958028	7.15	7.8	7.25	5929400.0
2019-11-18	1.82969232	7.25	7.55	7.55	3582000.0
2019-11-19	1.79986038	7.45	8.15	8.05	5580500.0
2019-11-20	1.7899164	7.8	8.0	7.8	1631400.0
2019-11-21	1.7899164	7.65	7.85	7.75	1111100.0
2019-11-22	1.77002844	7.8	7.95	7.85	947700.0
2019-11-25	1.7401965	7.65	7.85	7.75	1913500.0
2019-11-26	1.73025252	7.8	7.95	7.95	1893500.0
2019-11-27	1.71036456	7.85	8.0	7.85	586400.0
2019-11-28	1.66064466	7.75	7.85	7.8	844000.0
2019-11-29	1.6407567	7.75	7.85	7.8	492100.0
2019-12-02	1.68053262	7.7	7.85	7.7	414200.0
2019-12-03	1.68053262	7.65	7.8	7.75	302100.0
2019-12-04	1.70042058	7.55	7.7	7.7	205200.0
2019-12-06	1.67058864	7.5	7.75	7.5	753600.0
2019-12-09	1.68053262	7.4	7.55	7.45	1021900.0
2019-12-11	1.6407567	7.15	7.5	7.25	2147000.0
2019-12-12	1.6407567	7.25	7.45	7.35	718800.0
2019-12-13	1.68053262	7.35	7.4	7.35	795600.0
2019-12-16	1.68053262	7.25	7.4	7.3	325800.0
2019-12-17	1.6904766	7.2	7.3	7.3	556800.0
2019-12-18	1.67058864	7.25	7.3	7.25	562800.0
2019-12-19	1.6904766	7.2	7.35	7.35	1607600.0
2019-12-20	1.68053262	7.25	7.35	7.3	934900.0
2019-12-23	1.68053262	7.2	7.3	7.2	582400.0
2019-12-24	1.67058864	7.05	7.25	7.1	1756500.0
2019-12-25	1.67058864	7.05	7.15	7.1	956200.0
2019-12-26	1.66064466	7.05	7.2	7.1	767200.0
2019-12-27	1.65070068	7.15	7.25	7.2	708700.0
2019-12-30	1.66064466	7.2	7.25	7.2	200400.0
2020-01-02	1.77997242	7.25	7.4	7.4	3357700.0
2020-01-03	1.81974834	7.4	7.6	7.5	2601200.0
2020-01-06	1.81974834	7.2	7.5	7.2	1032000.0
2020-01-07	1.82969232	7.25	7.4	7.4	494900.0
2020-01-08	1.77997242	7.15	7.25	7.2	838200.0
2020-01-09	1.7899164	7.3	7.5	7.45	1561200.0
2020-01-10	1.7899164	7.25	7.55	7.35	2033400.0
2020-01-13	1.8396363	7.35	7.9	7.8	8349100.0
2020-01-14	1.85952426	7.7	7.95	7.7	2944500.0
2020-01-15	1.988796	7.65	7.95	7.65	5399700.0
2020-01-16	1.96890804	7.7	8.15	8.0	8749400.0
2020-01-17	1.94902008	7.85	8.05	7.9	4606300.0
2020-01-20	1.95896406	7.75	7.95	7.8	1991400.0
2020-01-21	1.91918814	7.6	7.75	7.6	1434400.0
2020-01-22	1.87941222	7.35	7.65	7.45	1607500.0
2020-01-23	1.92913212	7.35	7.55	7.45	1311800.0
2020-01-24	1.91918814	7.45	7.5	7.45	192100.0
2020-01-27	1.90924416	7.1	7.4	7.15	1466700.0
2020-01-28	1.89930018	7.1	7.3	7.15	617300.0
2020-01-29	1.91918814	7.15	7.3	7.15	1254200.0
2020-01-30	1.89930018	7.15	7.35	7.25	1375500.0
2020-01-31	1.8893562	7.15	7.3	7.15	783300.0
2020-02-03	1.8893562	7.05	7.15	7.1	868500.0
2020-02-04	1.89930018	7.1	7.2	7.2	865100.0
2020-02-05	2.06834784	7.1	7.25	7.25	1387500.0
2020-02-06	2.06834784	7.3	7.55	7.45	3934400.0
2020-02-07	2.06834784	7.3	7.6	7.35	3597800.0
2020-02-11	2.04845988	7.35	7.55	7.35	939100.0
2020-02-12	2.00868396	7.4	7.55	7.5	950800.0
2020-02-13	1.97885202	7.5	7.65	7.5	808200.0
2020-02-14	1.988796	7.45	7.65	7.5	1306200.0
2020-02-17	1.97885202	7.35	7.55	7.35	764900.0
2020-02-18	1.988796	7.2	7.3	7.3	832000.0
2020-02-19	1.988796	7.25	7.35	7.25	313100.0
2020-02-20	2.00868396	7.15	7.25	7.15	809600.0
2020-02-21	2.00868396	7.05	7.25	7.25	478600.0
2020-02-24	2.02857192	6.95	7.15	6.95	1926300.0
2020-02-25	2.00868396	6.6	6.9	6.9	2623200.0
2020-02-26	2.10812376	6.35	6.7	6.45	1933100.0
2020-02-27	2.00868396	6.2	6.55	6.5	1217000.0
2020-02-28	1.988796	6.0	6.3	6.3	1991300.0
2020-03-02	2.00868396	5.9	6.2	5.9	1920500.0
2020-03-03	1.988796	6.0	6.15	6.05	1252300.0
2020-03-04	2.00868396	6.0	6.25	6.25	1295900.0
2020-03-05	2.02857192	6.25	6.4	6.25	1085600.0
2020-03-06	2.0882358	6.1	6.2	6.1	824800.0
2020-03-09	2.02857192	5.75	6.0	5.8	2077200.0
2020-03-10	2.00868396	5.7	5.9	5.8	1712100.0
2020-03-11	2.00868396	5.4	5.85	5.45	2351800.0
2020-03-12	2.04845988	4.36	5.1	4.48	3962600.0
2020-03-13	2.00868396	3.14	4.36	4.04	21926700.0
2020-03-16	2.12801172	3.5	3.96	3.52	2528700.0
2020-03-17	2.16778764	3.26	3.58	3.3	7450800.0
2020-03-18	2.30700336	3.22	3.42	3.26	7719400.0
2020-03-19	2.26722744	3.16	3.36	3.3	4271200.0
2020-03-20	2.42633112	3.38	3.74	3.68	6437500.0
2020-03-23	2.42633112	3.4	3.52	3.42	3142000.0
2020-03-24	2.56554684	3.4	3.54	3.52	2781400.0
2020-03-25	2.70476256	3.56	3.72	3.7	2618100.0
2020-03-26	2.74453848	3.64	3.84	3.82	2366300.0
2020-03-27	2.64509868	3.9	4.06	4.02	3829700.0
2020-03-30	2.72465052	3.88	4.08	4.04	4270400.0
2020-03-31	2.7843144	3.82	3.9	3.84	2933300.0
2020-04-01	2.96330604	3.82	3.92	3.82	2100100.0
2020-04-02	3.10252176	3.82	3.92	3.86	1348500.0
2020-04-03	3.00308196	3.84	3.98	3.98	1575800.0
2020-04-07	3.26162544	4.06	4.28	4.22	3141100.0
2020-04-08	3.24173748	4.22	4.46	4.42	2708300.0
2020-04-09	3.26162544	4.5	5.0	5.0	6665600.0
2020-04-10	3.26162544	5.05	5.65	5.65	6161400.0
2020-04-13	3.26162544	5.4	6.3	6.25	6829100.0
2020-04-14	3.3809532	6.15	6.45	6.2	5508800.0
2020-04-15	3.24173748	6.2	6.6	6.45	4930600.0
2020-04-16	3.22184952	5.5	6.45	5.7	7576300.0
2020-04-17	3.14229768	5.5	5.9	5.75	3614600.0
2020-04-20	3.00308196	5.75	5.95	5.85	1353500.0
2020-04-21	2.94341808	5.7	5.9	5.75	1589600.0
2020-04-22	2.84397828	5.65	6.1	6.1	3049100.0
2020-04-23	2.92353012	5.9	6.2	5.95	2744300.0
2020-04-24	2.86386624	5.9	6.1	5.9	1469000.0
2020-04-27	2.90364216	5.85	5.95	5.9	1074700.0
2020-04-28	2.90364216	5.9	6.2	6.1	3548000.0
2020-04-29	2.92353012	6.0	6.3	6.05	2880700.0
2020-04-30	3.02296992	6.1	6.15	6.15	1119600.0
2020-05-05	3.1820736	5.9	6.1	6.0	1352600.0
2020-05-07	3.1820736	5.7	6.0	5.85	1744900.0
2020-05-08	3.16218564	5.8	5.95	5.85	1001900.0
2020-05-11	3.10252176	5.85	6.0	5.95	1014800.0
2020-05-12	3.12240972	5.45	5.95	5.6	10799000.0
2020-05-13	3.14229768	5.45	5.6	5.5	3893400.0
2020-05-14	3.14229768	5.4	5.55	5.45	879400.0
2020-05-15	3.06274584	5.4	5.6	5.45	2032700.0
2020-05-18	3.04285788	5.35	5.55	5.35	1837100.0
2020-05-19	3.04285788	5.4	5.5	5.45	1573100.0
2020-05-20	3.10252176	5.45	5.65	5.6	1633300.0
2020-05-21	3.16218564	5.45	5.7	5.45	3270200.0
2020-05-22	3.1820736	5.3	5.45	5.4	1320500.0
2020-05-25	3.14229768	5.35	5.6	5.5	3618400.0
2020-05-26	3.0826338	5.5	5.9	5.8	12828100.0
2020-05-27	3.14229768	5.8	6.05	5.85	13605600.0
2020-05-28	3.10252176	5.6	5.95	5.6	5384600.0
2020-05-29	3.06274584	5.2	5.6	5.2	17046000.0
2020-06-01	3.06274584	5.3	5.6	5.45	5941000.0
2020-06-02	3.0826338	5.55	5.65	5.6	2285800.0
2020-06-04	3.26162544	5.65	5.95	5.9	8490800.0
2020-06-05	3.32128932	6.0	6.2	6.1	12176300.0
2020-06-08	3.32128932	5.9	6.25	6.0	14588100.0
2020-06-09	3.26162544	5.7	6.05	5.75	6756100.0
2020-06-10	3.44061708	5.65	5.85	5.8	3540700.0
2020-06-11	3.63949668	5.65	5.9	5.7	3181800.0
2020-06-12	3.83837628	5.4	5.6	5.6	4634800.0
2020-06-15	3.75882444	5.35	5.6	5.35	3971100.0
2020-06-16	3.83837628	5.4	5.5	5.4	1588500.0
2020-06-17	3.977592	5.4	5.6	5.5	2292200.0
2020-06-18	3.93781608	5.4	5.65	5.55	2943800.0
2020-06-19	3.73893648	5.5	5.7	5.5	2826500.0
2020-06-22	3.71904852	5.35	5.6	5.35	2461800.0
2020-06-23	3.65938464	5.35	5.45	5.45	751600.0
2020-06-24	3.8781522	5.3	5.5	5.3	2843600.0
2020-06-25	3.8781522	5.05	5.25	5.15	2847700.0
2020-06-26	4.03725588	5.15	5.25	5.15	1608000.0
2020-06-29	4.09691976	5.05	5.15	5.1	1251100.0
2020-06-30	3.99747996	5.15	5.25	5.2	921700.0
2020-07-01	3.93781608	5.15	5.25	5.2	484700.0
2020-07-02	3.85826424	5.2	5.4	5.4	2631200.0
2020-07-03	3.83837628	5.25	5.45	5.3	1043600.0
2020-07-07	3.95770404	5.25	5.45	5.35	802200.0
2020-07-08	3.95770404	5.3	5.45	5.35	959800.0
2020-07-09	3.93781608	5.25	5.4	5.3	1784200.0
2020-07-10	3.89804016	5.25	5.35	5.3	531500.0
2020-07-13	3.8781522	5.05	5.4	5.15	3698200.0
2020-07-14	4.1764716	5.05	5.15	5.1	947200.0
2020-07-15	4.31568732	5.1	5.2	5.1	430200.0
2020-07-16	4.33557528	5.1	5.2	5.15	376500.0
2020-07-17	4.29579936	5.1	5.2	5.15	398800.0
2020-07-20	4.33557528	5.1	5.2	5.1	178200.0
2020-07-21	4.25602344	5.1	5.2	5.2	509200.0
2020-07-22	4.15658364	5.2	5.4	5.2	2039900.0
2020-07-23	4.1764716	5.15	5.3	5.2	723700.0
2020-07-24	4.33557528	5.1	5.2	5.2	622800.0
2020-07-29	4.31568732	5.15	5.25	5.2	351000.0
2020-07-30	4.89243816	5.0	5.2	5.1	1348600.0
2020-07-31	4.97199	5.05	5.15	5.1	751600.0
2020-08-03	5.0217099	5.1	5.25	5.1	1013400.0
2020-08-04	5.4194691	5.15	5.3	5.2	1242000.0
2020-08-05	5.3200293	5.15	5.25	5.15	891100.0
2020-08-06	5.3200293	5.1	5.3	5.2	4716200.0
2020-08-07	5.6183487	5.05	5.2	5.15	1452800.0
2020-08-10	5.6680686	5.1	5.2	5.15	538400.0
2020-08-11	5.5686288	5.15	5.3	5.15	2283700.0
2020-08-13	5.7177885	5.1	5.2	5.15	629800.0
2020-08-14	6.1652676	5.1	5.15	5.1	731700.0
2020-08-17	6.3641472	5.0	5.1	5.05	1284900.0
2020-08-18	6.2149875	4.94	5.1	4.98	3331500.0
2020-08-19	6.2149875	4.84	4.98	4.86	2049600.0
2020-08-20	6.463587	4.8	4.94	4.8	999900.0
2020-08-21	6.5630268	4.8	4.86	4.8	547300.0
2020-08-24	6.9110661	4.8	4.86	4.82	271600.0
2020-08-25	7.3088253	4.82	4.88	4.84	767600.0
2020-08-26	7.2591054	4.84	4.88	4.88	677000.0
2020-08-27	7.0602258	4.86	5.1	5.05	4455100.0
2020-08-28	6.960786	4.96	5.1	5.0	2143800.0
2020-08-31	7.1099457	4.94	5.05	4.94	652400.0
2020-09-01	6.960786	4.9	4.96	4.94	706800.0
2020-09-02	6.7619064	4.88	4.96	4.92	406500.0
2020-09-03	7.3088253	4.88	4.98	4.9	461000.0
2020-09-08	6.960786	4.82	4.9	4.82	1047400.0
2020-09-09	7.1596656	4.78	4.84	4.8	742200.0
2020-09-10	7.1596656	4.78	4.84	4.78	650100.0
2020-09-11	7.1099457	4.76	4.82	4.76	338700.0
2020-09-14	7.0602258	4.68	4.8	4.68	457700.0
2020-09-15	6.960786	4.64	4.74	4.66	861800.0
2020-09-16	6.960786	4.64	4.68	4.64	342600.0
2020-09-17	7.0602258	4.6	4.68	4.62	544200.0
2020-09-18	7.0105059	4.58	4.66	4.58	696900.0
2020-09-21	7.0602258	4.56	4.62	4.58	972000.0
2020-09-22	7.955184	4.46	4.62	4.54	1368200.0
2020-09-23	8.1043437	4.5	4.6	4.54	557900.0
2020-09-24	9.0987417	4.42	4.54	4.46	875300.0
2020-09-25	9.0987417	4.42	4.54	4.44	1793100.0
2020-09-28	8.8501422	4.44	4.56	4.48	1010800.0
2020-09-29	8.6512626	4.4	4.52	4.42	952500.0
2020-09-30	8.5518228	4.4	4.44	4.4	388400.0
2020-10-01	9.0490218	4.4	4.44	4.4	336900.0
2020-10-02	8.4026631	4.36	4.44	4.36	716500.0
2020-10-05	7.8060243	4.36	4.4	4.4	166600.0
2020-10-06	7.6568646	4.42	4.52	4.52	735300.0
2020-10-07	6.960786	4.46	4.54	4.54	417300.0
2020-10-08	7.2093855	4.54	4.64	4.56	816600.0
2020-10-09	8.1540636	4.48	4.62	4.5	503400.0
2020-10-12	7.7065845	4.48	4.56	4.5	729700.0
2020-10-14	7.6568646	4.46	4.54	4.46	362300.0
2020-10-15	8.0049039	4.42	4.52	4.42	551700.0
2020-10-16	7.9054641	4.38	4.5	4.4	247800.0
2020-10-19	7.7563044	4.26	4.38	4.26	1421500.0
2020-10-20	7.0602258	4.22	4.34	4.26	370300.0
2020-10-21	7.5574248	4.24	4.36	4.28	890500.0
2020-10-22	7.2591054	4.02	4.26	4.02	3037200.0
2020-10-26	6.8613462	3.98	4.1	4.02	1088400.0
2020-10-27	6.8116263	3.94	4.06	3.96	1627000.0
2020-10-28	7.0602258	3.98	4.14	4.06	1106600.0
2020-10-29	7.1099457	4.02	4.12	4.08	2146600.0
2020-10-30	7.0602258	4.06	4.18	4.06	2927000.0
2020-11-02	7.2591054	4.04	4.12	4.1	1366300.0
2020-11-03	7.9054641	4.08	4.3	4.3	3048200.0
2020-11-04	8.5518228	4.24	4.38	4.26	1594400.0
2020-11-05	8.4026631	4.26	4.38	4.36	1601400.0
2020-11-06	8.2037835	4.32	4.42	4.36	1849000.0
2020-11-09	8.452383	4.4	4.48	4.4	995700.0
2020-11-10	8.8004223	4.42	4.6	4.58	2437200.0
2020-11-11	8.7507024	4.58	4.76	4.68	2607800.0
2020-11-12	8.6512626	4.62	4.74	4.64	1199800.0
2020-11-13	8.8501422	4.6	4.7	4.6	1203300.0
2020-11-16	8.4026631	4.52	4.62	4.56	2021600.0
2020-11-17	8.7009825	4.54	4.62	4.56	765500.0
2020-11-18	8.5518228	4.56	4.64	4.62	701300.0
2020-11-19	8.5518228	4.62	4.66	4.62	813200.0
2020-11-20	8.3032233	4.6	4.86	4.86	3226100.0
2020-11-23	8.1540636	4.9	5.1	5.05	5726600.0
2020-11-24	8.5518228	4.94	5.15	4.94	3083500.0
2020-11-25	8.5021029	4.94	5.05	4.96	2152900.0
2020-11-26	8.5518228	4.96	5.0	5.0	943000.0
2020-11-27	8.8501422	4.96	5.1	5.05	2610300.0
2020-11-30	9.8445402	4.96	5.1	5.0	1489600.0
2020-12-01	9.94398	5.0	5.15	5.05	2848200.0
2020-12-02	9.4965009	4.98	5.1	5.0	1816700.0
2020-12-03	9.2976213	5.0	5.3	5.3	9696700.0
2020-12-04	10.5406188	5.15	5.35	5.2	4444300.0
2020-12-08	11.0378178	5.1	5.3	5.25	3958900.0
2020-12-09	11.3361372	5.15	5.35	5.15	3041100.0
2020-12-14	10.938378	5.1	5.2	5.1	1177000.0
2020-12-15	10.6400586	5.0	5.1	5.1	1490300.0
2020-12-16	10.441179	5.05	5.2	5.05	1720400.0
2020-12-17	9.8445402	5.1	5.25	5.2	2088800.0
2020-12-18	9.2479014	5.1	5.3	5.1	1981800.0
2020-12-21	8.8501422	4.82	5.1	4.84	5098800.0
2020-12-22	9.2479014	4.8	4.88	4.86	1363200.0
2020-12-23	9.6953805	4.84	4.94	4.86	1072200.0
2020-12-24	8.5518228	4.82	4.92	4.92	1389900.0
2020-12-25	8.452383	4.88	4.98	4.9	1616500.0
2020-12-28	8.6015427	4.8	4.92	4.8	2458000.0
2020-12-29	9.0987417	4.74	4.84	4.76	1326700.0
2020-12-30	9.0490218	4.62	4.88	4.62	4272500.0
2021-01-04	8.8501422	4.56	4.7	4.66	1891300.0
2021-01-05	8.7507024	4.62	4.7	4.7	2716500.0
2021-01-06	8.452383	4.72	4.84	4.72	3810300.0
2021-01-07	8.2535034	4.76	4.84	4.78	1335700.0
2021-01-08	7.6568646	4.74	4.84	4.76	1047400.0
2021-01-11	8.3529432	4.64	4.78	4.68	2127400.0
2021-01-12	8.6512626	4.64	4.72	4.68	1362000.0
2021-01-13	8.452383	4.66	4.76	4.68	2842200.0
2021-01-14	8.1043437	4.68	4.86	4.82	6702200.0
2021-01-15	8.1540636	4.74	4.86	4.78	3461000.0
2021-01-18	8.3032233	4.76	4.8	4.8	811300.0
2021-01-19	8.0546238	4.78	4.82	4.82	1546700.0
2021-01-20	7.8557442	4.78	4.82	4.78	1030700.0
2021-01-21	7.7065845	4.74	4.82	4.76	1667700.0
2021-01-22	7.5574248	4.64	4.8	4.64	3544600.0
2021-01-25	7.0602258	4.6	4.66	4.64	1609400.0
2021-01-26	7.5574248	4.64	4.68	4.68	666800.0
2021-01-27	8.2037835	4.62	4.68	4.64	441400.0
2021-01-28	8.3529432	4.6	4.66	4.6	872900.0
2021-01-29	8.3032233	4.54	4.64	4.54	1457500.0
2021-02-01	8.1540636	4.54	4.58	4.58	499600.0
2021-02-02	8.4026631	4.56	4.62	4.6	548400.0
2021-02-03	8.452383	4.6	4.68	4.64	1767700.0
2021-02-04	8.3032233	4.58	4.64	4.58	934300.0
2021-02-05	8.3032233	4.58	4.62	4.6	348600.0
2021-02-08	7.9054641	4.58	4.64	4.6	1845100.0
2021-02-09	7.9054641	4.56	4.62	4.56	1233100.0
2021-02-10	7.8557442	4.52	4.6	4.58	1289300.0
2021-02-11	7.6071447	4.52	4.58	4.56	645800.0
2021-02-15	7.5077049	4.52	4.58	4.54	841600.0
2021-02-16	7.4082651	4.52	4.58	4.58	585700.0
2021-02-17	7.1099457	4.52	4.58	4.52	1766500.0
2021-02-18	7.0602258	4.5	4.56	4.52	755300.0
2021-02-19	7.0602258	4.46	4.54	4.5	2047200.0
2021-02-22	7.457985	4.42	4.52	4.42	1456100.0
2021-02-23	7.8060243	4.36	4.46	4.36	3309000.0
2021-02-24	7.7065845	4.36	4.42	4.4	568600.0
2021-02-25	8.0049039	4.36	4.42	4.38	1283700.0
2021-03-01	8.3529432	4.36	4.4	4.4	381500.0
2021-03-02	8.0049039	4.38	4.42	4.38	1741500.0
2021-03-03	7.9054641	4.38	4.44	4.42	1281800.0
2021-03-04	7.2093855	4.42	4.54	4.5	6876300.0
2021-03-05	7.2591054	4.5	4.58	4.56	4244200.0
2021-03-08	7.0602258	4.58	4.72	4.62	5448000.0
2021-03-09	7.1099457	4.56	4.66	4.58	1654100.0
2021-03-10	7.2093855	4.58	4.7	4.68	2372200.0
2021-03-11	7.0105059	4.64	4.7	4.68	1616000.0
2021-03-12	6.3641472	4.66	4.72	4.68	2905300.0
2021-03-15	6.8613462	4.68	4.78	4.72	4203100.0
2021-03-16	6.8613462	4.72	4.8	4.72	3378000.0
2021-03-17	6.8613462	4.68	4.8	4.78	3274800.0
2021-03-18	7.0105059	4.72	4.8	4.76	1924000.0
2021-03-19	6.1652676	4.72	4.86	4.82	4421800.0
2021-03-22	6.6127467	4.82	4.94	4.94	8379900.0
2021-03-23	6.6127467	4.94	5.3	5.3	13756000.0
2021-03-24	6.7121865	5.2	5.4	5.25	8453700.0
2021-03-25	7.1596656	5.15	5.3	5.3	6340700.0
2021-03-26	7.0602258	5.35	5.65	5.55	13735500.0
2021-03-29	7.0105059	5.55	5.7	5.6	6835300.0
2021-03-30	6.9110661	5.7	6.15	6.0	21309300.0
2021-03-31	7.8060243	5.8	6.1	6.1	10536400.0
2021-04-01	8.0546238	6.05	6.6	6.55	15364400.0
2021-04-02	7.9054641	6.45	6.65	6.55	6996100.0
2021-04-05	8.3032233	6.05	6.6	6.35	11303900.0
2021-04-07	7.955184	6.05	6.25	6.1	7361600.0
2021-04-08	7.955184	5.9	6.15	6.15	4963000.0
2021-04-09	7.6568646	6.05	6.15	6.05	2766200.0
2021-04-12	7.8060243	5.7	6.05	5.75	6464300.0
2021-04-16	7.8060243	5.45	5.75	5.6	3981000.0
2021-04-19	7.8060243	5.7	5.95	5.9	4211600.0
2021-04-20	7.457985	5.85	6.05	5.85	4398500.0
2021-04-21	7.3585452	5.8	6.05	5.9	3264000.0
2021-04-22	7.6568646	5.95	6.15	5.95	4847100.0
2021-04-23	7.7065845	5.8	5.95	5.9	3325100.0
2021-04-26	7.7563044	5.85	6.5	6.4	13326800.0
2021-04-27	8.1043437	6.1	6.55	6.2	9775000.0
2021-04-28	8.0546238	6.15	6.3	6.25	2475900.0
2021-04-29	8.452383	6.25	6.4	6.4	5451800.0
2021-04-30	8.5518228	6.35	6.8	6.6	15976600.0
2021-05-05	8.7009825	6.25	6.6	6.25	9716000.0
2021-05-06	8.5518228	6.25	6.4	6.3	3454400.0
2021-05-07	8.7507024	6.3	6.4	6.3	2333800.0
2021-05-10	8.6512626	6.15	6.4	6.4	3517200.0
2021-05-11	8.7009825	6.2	6.4	6.25	3437000.0
2021-05-12	8.8998621	6.05	6.25	6.15	3103400.0
2021-05-13	9.0490218	5.65	6.15	6.0	7560200.0
2021-05-14	8.5518228	5.75	6.05	5.9	6530600.0
2021-05-17	8.6015427	5.7	6.05	6.05	3296100.0
2021-05-18	8.8004223	6.15	6.45	6.35	12382900.0
2021-05-19	8.7009825	6.35	7.15	7.15	41770800.0
2021-05-20	8.5518228	7.15	7.5	7.15	28839100.0
2021-05-21	8.7009825	7.05	7.2	7.15	10210100.0
2021-05-24	8.1540636	7.15	7.6	7.3	19568900.0
2021-05-25	8.0546238	7.2	7.65	7.5	15768000.0
2021-05-27	7.955184	7.4	7.7	7.45	8738600.0
2021-05-28	7.6568646	7.5	7.85	7.75	17593900.0
2021-05-31	7.955184	7.7	8.75	8.65	39283500.0
2021-06-01	8.2535034	8.35	8.9	8.45	15132900.0
2021-06-02	7.955184	8.25	8.55	8.4	9123600.0
2021-06-04	7.7065845	8.2	8.5	8.5	5496000.0
2021-06-07	7.955184	8.25	8.5	8.25	5325900.0
2021-06-08	7.8557442	8.25	8.6	8.3	11365200.0
2021-06-09	8.0049039	8.25	8.45	8.4	4075200.0
2021-06-10	8.6512626	8.25	8.45	8.25	3286100.0
2021-06-11	8.5021029	8.3	8.65	8.65	9757600.0
2021-06-14	8.4026631	7.85	8.65	8.05	16175200.0
2021-06-15	8.3529432	7.9	8.1	8.0	4546100.0
2021-06-16	8.1043437	8.0	8.2	8.1	3076200.0
2021-06-17	7.8060243	8.0	8.3	8.2	3858600.0
2021-06-18	7.6071447	7.85	8.1	8.05	4783500.0
2021-06-21	7.5077049	7.8	8.0	7.85	3575000.0
2021-06-22	7.8060243	7.85	8.0	7.85	1333800.0
2021-06-23	8.1043437	7.65	7.9	7.65	2380400.0
2021-06-24	7.8060243	7.4	7.6	7.45	4971500.0
2021-06-25	7.7563044	7.3	7.6	7.35	2549200.0
2021-06-28	7.955184	7.05	7.35	7.35	3869100.0
2021-06-29	8.0546238	7.25	7.55	7.35	3275900.0
2021-06-30	8.0546238	7.25	7.45	7.25	1647300.0
2021-07-01	7.7563044	7.25	7.45	7.45	1103800.0
2021-07-02	7.5077049	7.25	7.5	7.3	2149800.0
2021-07-05	7.7065845	7.1	7.3	7.1	3286400.0
2021-07-06	7.5077049	7.3	7.85	7.75	9012500.0
2021-07-07	7.5574248	7.3	7.75	7.35	5898100.0
2021-07-08	7.4082651	7.05	7.35	7.1	3544200.0
2021-07-09	7.3585452	6.95	7.25	7.15	2730500.0
2021-07-12	7.2591054	7.0	7.2	7.05	2509900.0
2021-07-13	7.1099457	7.05	7.2	7.15	541100.0
2021-07-14	6.7619064	6.95	7.15	7.0	2738600.0
2021-07-15	6.3144273	7.0	7.15	7.0	1824200.0
2021-07-16	6.5133069	6.95	7.05	7.0	2342700.0
2021-07-19	6.6624666	6.7	6.9	6.75	3026300.0
2021-07-20	6.5133069	6.45	6.75	6.5	4139000.0
2021-07-21	6.2647074	6.35	6.6	6.4	2160600.0
2021-07-22	5.8669482	6.4	6.6	6.45	817800.0
2021-07-23	5.966388	6.4	6.5	6.4	780400.0
2021-07-27	6.0161079	6.25	6.45	6.25	737600.0
2021-07-29	6.1155477	6.15	6.35	6.25	1659400.0
2021-07-30	6.0658278	5.95	6.25	6.1	2406900.0
2021-08-02	5.966388	6.0	6.5	6.5	1971400.0
2021-08-03	5.9166681	6.35	6.6	6.4	2444000.0
2021-08-04	6.1652676	6.4	6.5	6.4	638600.0
2021-08-05	6.463587	6.35	6.45	6.35	831400.0
2021-08-06	6.3641472	6.2	6.4	6.3	1220400.0
2021-08-09	6.6127467	6.25	6.45	6.45	901700.0
2021-08-10	6.463587	6.35	6.7	6.5	3246700.0
2021-08-11	6.463587	6.3	6.55	6.3	904800.0
2021-08-13	6.2647074	6.1	6.35	6.1	785400.0
2021-08-16	6.3144273	5.9	6.1	6.0	2080800.0
2021-08-17	6.463587	6.0	6.15	6.05	752900.0
2021-08-18	6.5630268	6.0	6.3	6.15	1304100.0
2021-08-19	6.463587	6.05	6.25	6.1	1136900.0
2021-08-20	6.463587	6.15	6.45	6.45	2406400.0
2021-08-23	6.6624666	6.45	6.65	6.65	3901200.0
2021-08-24	6.5630268	6.5	6.7	6.6	2663900.0
2021-08-25	6.5133069	6.55	6.85	6.8	2718700.0
2021-08-26	6.5133069	6.7	6.8	6.75	1393100.0
2021-08-27	6.6127467	6.65	6.85	6.65	1780000.0
2021-08-30	6.5630268	6.65	6.8	6.65	1361100.0
2021-08-31	6.7121865	6.6	6.75	6.6	2581100.0
2021-09-01	7.0105059	6.5	6.65	6.6	1247300.0
2021-09-02	7.1099457	6.6	6.7	6.65	1864400.0
2021-09-03	7.2591054	6.6	6.7	6.6	892900.0
2021-09-06	7.3585452	6.5	7.0	6.9	5433400.0
2021-09-07	7.4082651	6.7	7.05	6.75	4221800.0
2021-09-08	7.3585452	6.6	6.8	6.7	1836400.0
2021-09-09	7.6568646	6.6	6.75	6.7	865400.0
2021-09-10	7.5574248	6.55	6.7	6.65	1192500.0
2021-09-13	7.3585452	6.55	6.7	6.65	999700.0
2021-09-14	7.3585452	6.7	6.75	6.75	820200.0
2021-09-15	7.3088253	6.7	6.85	6.7	1084000.0
2021-09-16	7.2093855	6.65	6.75	6.7	745900.0
2021-09-17	7.2093855	6.5	6.7	6.6	1782000.0
2021-09-20	7.2093855	6.35	6.65	6.35	2352000.0
2021-09-21	7.3088253	6.2	6.5	6.45	1874900.0
2021-09-22	7.2591054	6.2	6.5	6.45	687700.0
2021-09-23	7.2093855	6.4	6.6	6.45	1464800.0
2021-09-27	7.1099457	6.4	6.65	6.4	1361600.0
2021-09-28	7.1596656	6.35	6.45	6.4	422800.0
2021-09-29	7.4082651	6.45	6.9	6.75	9031400.0
2021-09-30	7.3585452	6.3	6.75	6.35	7536000.0
2021-10-01	7.2591054	6.15	6.45	6.4	5023300.0
2021-10-04	7.2591054	6.4	6.65	6.5	2955900.0
2021-10-05	7.2591054	6.45	6.6	6.6	1045600.0
2021-10-06	7.3088253	6.45	6.6	6.55	1450200.0
2021-10-07	7.4082651	6.5	6.7	6.65	3312100.0
2021-10-08	7.2591054	6.6	6.85	6.8	4295000.0
2021-10-11	7.0105059	6.8	7.05	6.8	3113800.0
2021-10-12	7.1099457	6.8	7.1	6.9	10090700.0
2021-10-14	6.960786	6.95	7.05	7.0	3944100.0
2021-10-15	6.7619064	6.95	7.25	7.0	6513000.0
2021-10-18	6.8116263	6.95	7.1	7.0	1648200.0
2021-10-19	6.8116263	6.7	7.05	6.75	3725300.0
2021-10-20	6.7121865	6.7	6.8	6.8	699200.0
2021-10-21	6.7121865	6.7	6.9	6.8	422500.0
2021-10-25	6.8613462	6.65	6.85	6.65	1102400.0
2021-10-26	7.0105059	6.6	6.75	6.65	614600.0
2021-10-27	6.9110661	6.65	6.75	6.65	563300.0
2021-10-28	7.0105059	6.6	6.75	6.65	831300.0
2021-10-29	7.0602258	6.6	6.75	6.7	728200.0
2021-11-01	6.960786	6.5	6.8	6.6	1493000.0
2021-11-02	6.9110661	6.5	6.7	6.6	681600.0
2021-11-03	6.960786	6.45	6.7	6.45	719100.0
2021-11-04	7.2591054	6.4	6.7	6.55	1617700.0
2021-11-05	7.2591054	6.55	6.65	6.65	140700.0
2021-11-08	7.3585452	6.55	6.7	6.6	500800.0
2021-11-09	7.4082651	6.6	6.65	6.65	294800.0
2021-11-10	7.3585452	6.65	6.75	6.7	377100.0
2021-11-11	7.457985	6.65	6.75	6.65	453900.0
2021-11-12	7.4082651	6.65	6.75	6.65	421100.0
2021-11-15	7.2591054	6.65	6.75	6.7	641200.0
2021-11-16	7.0602258	6.75	6.95	6.85	2693100.0
2021-11-17	7.3585452	6.8	6.95	6.85	2081500.0
2021-11-18	7.3585452	6.8	6.9	6.8	611500.0
2021-11-19	7.3088253	6.65	6.85	6.65	1827300.0
2021-11-22	7.2093855	6.65	6.75	6.65	264600.0
2021-11-23	6.960786	6.65	6.75	6.75	765500.0
2021-11-24	7.0105059	6.75	6.95	6.8	1565100.0
2021-11-25	6.7619064	6.7	6.9	6.8	1308900.0
2021-11-26	6.6624666	6.55	6.8	6.6	3329700.0
2021-11-29	6.6624666	6.4	6.6	6.5	2056200.0
2021-11-30	6.7121865	6.2	6.6	6.2	2877500.0
2021-12-01	6.7619064	6.1	6.35	6.3	1142700.0
2021-12-02	6.8613462	6.15	6.25	6.2	1143200.0
2021-12-03	6.6127467	6.2	6.3	6.25	261600.0
2021-12-07	6.6624666	6.25	6.35	6.25	1258200.0
2021-12-08	7.0602258	6.25	6.4	6.25	714000.0
2021-12-09	6.4138671	6.3	6.4	6.35	1557100.0
2021-12-13	6.5630268	6.3	6.4	6.35	876200.0
2021-12-14	6.9110661	6.3	6.4	6.4	596600.0
2021-12-15	7.5574248	6.3	6.4	6.35	537400.0
2021-12-16	7.5077049	6.3	6.45	6.4	778900.0
2021-12-17	8.4026631	6.4	6.55	6.5	4228400.0
2021-12-20	8.5518228	6.25	6.5	6.35	1676900.0
2021-12-21	8.949582	6.3	6.4	6.3	589600.0
2021-12-22	8.7009825	6.3	6.35	6.35	438000.0
2021-12-23	8.6015427	6.25	6.4	6.35	928700.0
2021-12-24	8.8501422	6.3	6.4	6.35	333400.0
2021-12-27	8.5021029	6.3	6.5	6.35	316800.0
2021-12-28	8.3529432	6.35	6.45	6.4	544100.0
2021-12-29	8.5021029	6.3	6.4	6.35	1018600.0
2021-12-30	8.4026631	6.35	6.7	6.5	7057600.0
2022-01-04	8.7009825	6.5	6.65	6.65	1401100.0
2022-01-05	8.4026631	6.5	6.65	6.5	2068400.0
2022-01-06	8.7507024	6.35	6.5	6.35	1760700.0
2022-01-07	8.7507024	6.3	6.45	6.4	1423000.0
2022-01-10	9.0490218	6.25	6.4	6.25	2069900.0
2022-01-11	8.949582	6.3	6.45	6.3	1675100.0
2022-01-12	9.0490218	6.25	6.35	6.3	2801400.0
2022-01-13	8.6015427	6.25	6.35	6.25	1303600.0
2022-01-14	8.6015427	6.2	6.35	6.25	3095300.0
2022-01-17	8.8004223	6.2	6.3	6.25	1581600.0
2022-01-18	8.7507024	6.15	6.35	6.2	2293700.0
2022-01-19	8.7507024	6.0	6.25	6.1	4387200.0
2022-01-20	8.6512626	6.0	6.15	6.15	1630300.0
2022-01-21	8.7507024	5.9	6.1	6.0	1597600.0
2022-01-24	8.8004223	5.9	6.05	5.95	682800.0
2022-01-25	9.2479014	5.6	5.95	5.75	2298900.0
2022-01-26	9.4965009	5.75	5.85	5.8	1516400.0
2022-01-27	9.4965009	5.45	5.75	5.55	5662400.0
2022-01-28	9.4965009	5.55	5.65	5.55	754900.0
2022-01-31	9.2479014	5.65	5.75	5.7	382700.0
2022-02-01	9.3970611	5.75	5.9	5.85	1358200.0
2022-02-02	9.2976213	5.95	6.1	6.05	2254500.0
2022-02-03	9.5462208	5.9	6.05	5.95	1109600.0
2022-02-04	9.8942601	5.9	6.05	6.0	694900.0
2022-02-07	9.8445402	5.9	6.1	6.0	697700.0
2022-02-08	10.7394984	5.95	6.05	6.0	468800.0
2022-02-09	10.0434198	5.95	6.05	6.05	619300.0
2022-02-10	10.441179	5.9	6.1	5.9	1493500.0
2022-02-11	10.1428596	5.8	6.0	5.8	1198700.0
2022-02-14	10.0434198	5.65	5.8	5.7	660200.0
2022-02-15	10.3417392	5.7	5.8	5.8	694700.0
2022-02-17	9.94398	5.75	5.9	5.75	353700.0
2022-02-18	9.7948203	5.75	5.85	5.75	315400.0
2022-02-21	9.5959407	5.65	5.8	5.7	466800.0
2022-02-22	9.6953805	5.65	5.75	5.75	326100.0
2022-02-23	9.8445402	5.7	5.85	5.75	334600.0
2022-02-24	10.1428596	5.6	5.75	5.6	1180300.0
2022-02-25	9.94398	5.55	5.7	5.6	1123400.0
2022-02-28	9.7948203	5.6	5.7	5.65	119400.0
2022-03-01	10.3417392	5.65	5.75	5.7	259100.0
2022-03-02	10.2422994	5.55	5.7	5.55	339800.0
2022-03-03	10.0434198	5.55	5.65	5.65	290600.0
2022-03-04	10.0434198	5.55	5.65	5.6	693900.0
2022-03-07	9.6953805	5.25	5.55	5.35	2964500.0
2022-03-08	9.6456606	5.0	5.35	5.15	2886800.0
2022-03-09	9.94398	5.1	5.3	5.3	320600.0
2022-03-10	9.7451004	5.25	5.4	5.35	397900.0
2022-03-11	9.8445402	5.3	5.4	5.4	750300.0
2022-03-14	10.0434198	5.4	5.55	5.45	981400.0
2022-03-15	9.94398	5.25	5.55	5.35	736300.0
2022-03-16	9.7451004	5.3	5.4	5.35	209900.0
2022-03-17	9.5462208	5.35	5.5	5.4	159500.0
2022-03-18	9.8445402	5.4	5.55	5.55	455900.0
2022-03-21	9.6953805	5.45	5.55	5.45	250700.0
2022-03-22	9.6953805	5.4	5.5	5.45	161100.0
2022-03-23	9.7948203	5.45	5.5	5.45	98900.0
2022-03-24	9.6456606	5.4	5.55	5.55	705500.0
2022-03-25	9.6456606	5.25	5.55	5.25	865000.0
2022-03-28	9.7948203	5.25	5.4	5.35	412800.0
2022-03-29	9.94398	5.3	5.4	5.35	157100.0
2022-03-30	9.94398	5.4	5.5	5.45	337500.0
2022-03-31	10.441179	5.35	5.5	5.4	218200.0
2022-04-01	9.94398	5.3	5.4	5.35	58400.0
2022-04-04	10.0434198	5.3	5.4	5.35	127200.0
2022-04-05	10.0434198	5.25	5.4	5.25	378600.0
2022-04-07	10.2422994	5.2	5.3	5.2	178200.0
2022-04-08	10.0434198	5.2	5.35	5.35	268700.0
2022-04-11	9.8445402	5.2	5.4	5.2	257400.0
2022-04-12	9.8445402	5.2	5.3	5.3	49800.0
2022-04-18	10.0434198	5.1	5.3	5.1	1294700.0
2022-04-19	10.1428596	5.1	5.2	5.15	184400.0
2022-04-20	9.8942601	5.1	5.2	5.2	188500.0
2022-04-21	10.2422994	5.15	5.25	5.2	139500.0
2022-04-22	10.2422994	5.1	5.25	5.15	477300.0
2022-04-25	11.3361372	5.0	5.15	5.1	585800.0
2022-04-26	11.5350168	5.05	5.15	5.1	266800.0
2022-04-27	13.1260536	5.05	5.1	5.05	151900.0
2022-04-28	12.429975	5.05	5.1	5.1	258500.0
2022-04-29	12.0322158	5.05	5.15	5.1	150400.0
2022-05-03	11.7338964	5.05	5.1	5.05	89900.0
2022-05-05	11.1372576	5.0	5.05	5.05	339200.0
2022-05-06	11.3361372	5.0	5.05	5.0	316900.0
2022-05-09	11.435577	4.92	5.05	4.94	1030400.0
2022-05-10	11.3361372	4.88	4.96	4.94	259000.0
2022-05-11	10.441179	4.9	4.96	4.92	133800.0
2022-05-12	10.2422994	4.86	4.92	4.86	486000.0
2022-05-13	10.3	4.78	4.9	4.8	642900.0
2022-05-17	10.0	4.8	4.94	4.94	123400.0
2022-05-18	10.2	4.86	4.96	4.92	278100.0
2022-05-19	10.2	4.86	4.9	4.86	286200.0
2022-05-20	10.2	4.88	4.98	4.96	226400.0
2022-05-23	11.3	4.94	5.0	4.98	342000.0
2022-05-24	11.3	4.96	5.05	4.98	352300.0
2022-05-25	11.2	4.98	5.1	5.1	493100.0
2022-05-26	10.8	5.0	5.1	5.0	127800.0
2022-05-27	10.5	5.05	5.15	5.15	313400.0
2022-05-30	10.5	5.1	5.2	5.1	307900.0
2022-05-31	10.9	4.96	5.1	4.98	618000.0
2022-06-01	10.6	4.96	5.05	4.98	267100.0
2022-06-02	10.4	4.98	5.05	4.98	232300.0
2022-06-06	10.6	4.94	5.0	4.96	124400.0
2022-06-07	10.6	4.92	4.98	4.94	189900.0
2022-06-08	10.6	4.92	4.98	4.94	150900.0
2022-06-09	10.4	4.94	5.0	4.96	300900.0
2022-06-10	10.4	4.94	4.98	4.96	324400.0
2022-06-13	10.4	4.9	4.98	4.92	834600.0
2022-06-14	10.3	4.82	4.94	4.92	359700.0
2022-06-15	10.5	4.88	5.1	5.0	1019600.0
2022-06-16	10.8	4.88	5.0	4.9	918000.0
2022-06-17	11.2	4.84	5.05	5.05	729900.0
2022-06-20	11.3	4.94	5.05	4.98	467300.0
2022-06-21	11.7	4.96	5.05	4.98	116500.0
2022-06-22	11.7	4.96	4.98	4.96	191300.0
2022-06-23	11.4	4.9	4.96	4.9	179600.0
2022-06-24	11.8	4.9	4.96	4.96	110300.0
2022-06-27	12.7	4.9	4.96	4.94	179300.0
2022-06-28	12.7	4.94	5.15	5.15	2796000.0
2022-06-29	12.3	5.0	5.15	5.05	1052800.0
2022-06-30	12.3	4.9	5.15	4.9	1808700.0
2022-07-01	12.5	4.86	4.94	4.92	834900.0
2022-07-04	12.1	4.86	4.92	4.9	197000.0
2022-07-05	12.3	4.82	4.92	4.82	264800.0
2022-07-06	12.2	4.76	4.84	4.8	1285200.0
2022-07-07	11.8	4.78	4.88	4.88	141700.0
2022-07-08	11.0	4.82	4.88	4.88	90100.0
2022-07-11	11.8	4.84	4.88	4.84	45900.0
2022-07-12	12.1	4.82	4.86	4.84	95500.0
2022-07-14	12.2	4.82	4.86	4.84	85400.0
2022-07-15	12.1	4.76	4.82	4.82	375000.0
2022-07-18	12.2	4.8	4.86	4.84	210800.0
2022-07-19	12.0	4.78	4.84	4.84	22300.0
2022-07-20	12.0	4.8	4.86	4.82	155500.0
2022-07-21	11.7	4.8	4.82	4.8	161000.0
2022-07-22	11.8	4.8	4.82	4.82	262700.0
2022-07-25	11.8	4.78	4.82	4.8	132000.0
2022-07-26	11.6	4.74	4.8	4.78	265700.0
2022-07-27	11.5	4.74	4.8	4.78	363500.0
2022-08-01	11.7	4.78	4.82	4.82	65200.0
2022-08-02	12.3	4.8	4.82	4.82	163800.0
2022-08-03	12.4	4.8	4.82	4.8	210800.0
2022-08-04	12.3	4.8	4.84	4.82	319300.0
2022-08-05	12.0	4.76	4.9	4.88	1591200.0
2022-08-08	13.1	4.82	4.88	4.86	258600.0
2022-08-09	13.5	4.78	4.86	4.84	265400.0
2022-08-10	13.1	4.8	4.86	4.86	103500.0
2022-08-11	13.0	4.84	4.88	4.86	112300.0
2022-08-15	13.2	4.84	4.9	4.86	132000.0
2022-08-16	13.8	4.8	4.9	4.86	554000.0
2022-08-17	14.8	4.84	4.88	4.86	110100.0
2022-08-18	15.6	4.82	4.86	4.82	113500.0
2022-08-19	15.7	4.82	4.86	4.84	339700.0
2022-08-22	15.0	4.8	4.86	4.82	182800.0
2022-08-23	16.4	4.82	4.86	4.86	203900.0
2022-08-24	15.9	4.82	4.88	4.86	118000.0
2022-08-25	16.2	4.84	4.96	4.88	1524300.0
2022-08-26	15.8	4.86	4.9	4.88	432600.0
2022-08-29	16.3	4.84	4.88	4.88	627600.0
2022-08-30	16.4	4.84	4.88	4.84	176700.0
2022-08-31	16.1	4.84	4.86	4.86	119900.0
2022-09-01	16.2	4.82	4.86	4.84	143300.0
2022-09-02	15.8	4.8	4.84	4.84	236000.0
2022-09-05	15.7	4.8	4.84	4.8	1405100.0
2022-09-06	15.4	4.74	4.82	4.8	1086600.0
2022-09-07	15.9	4.78	4.82	4.78	186400.0
2022-09-08	15.7	4.76	4.82	4.8	326700.0
2022-09-09	16.2	4.78	4.82	4.8	91700.0
2022-09-12	15.7	4.78	4.82	4.82	252700.0
2022-09-13	15.4	4.8	4.82	4.82	182300.0
2022-09-14	15.5	4.78	4.8	4.8	317000.0
2022-09-15	15.7	4.78	4.82	4.78	652200.0
2022-09-16	15.2	4.72	4.82	4.72	552600.0
2022-09-19	14.7	4.7	4.76	4.72	358500.0
2022-09-20	15.1	4.7	4.76	4.72	275000.0
2022-09-21	14.6	4.66	4.74	4.68	959600.0
2022-09-22	15.0	4.66	4.7	4.7	204800.0
2022-09-23	14.8	4.68	4.74	4.7	182100.0
2022-09-26	14.9	4.68	4.74	4.72	151300.0
2022-09-27	14.2	4.66	4.72	4.68	245500.0
2022-09-28	14.8	4.58	4.68	4.58	507800.0
2022-09-29	15.7	4.46	4.62	4.46	330200.0
2022-09-30	15.9	4.44	4.52	4.5	209900.0
2022-10-03	14.8	4.48	4.56	4.48	118500.0
2022-10-04	15.5	4.46	4.62	4.5	726000.0
2022-10-05	15.3	4.5	4.54	4.54	75000.0
2022-10-06	15.4	4.5	4.58	4.54	159800.0
2022-10-07	15.1	4.5	4.54	4.52	187300.0
2022-10-10	14.9	4.44	4.52	4.44	91900.0
2022-10-11	15.4	4.4	4.58	4.4	352000.0
2022-10-12	15.2	4.32	4.44	4.36	310000.0
2022-10-17	15.0	4.36	4.4	4.38	114000.0
2022-10-18	13.4	4.36	4.44	4.4	150000.0
2022-10-19	14.4	4.38	4.44	4.4	204900.0
2022-10-20	13.7	4.4	4.42	4.42	14600.0
2022-10-21	13.4	4.4	4.46	4.44	64300.0
2022-10-25	13.6	4.4	4.46	4.46	138100.0
2022-10-26	13.7	4.42	4.48	4.48	186100.0
2022-10-27	13.9	4.44	4.5	4.46	103700.0
2022-10-28	14.5	4.44	4.5	4.48	126600.0
2022-10-31	14.7	4.46	4.52	4.48	205500.0
2022-11-01	15.1	4.48	4.5	4.48	240800.0
2022-11-02	14.8	4.48	4.5	4.5	106600.0
2022-11-03	14.6	4.5	4.52	4.5	68300.0
2022-11-04	14.4	4.48	4.52	4.5	131100.0
2022-11-07	14.4	4.48	4.54	4.5	429400.0
2022-11-08	14.8	4.44	4.52	4.48	277200.0
2022-11-09	15.0	4.44	4.54	4.44	174700.0
2022-11-10	14.8	4.4	4.5	4.42	195500.0
2022-11-11	14.8	4.38	4.48	4.46	159800.0
2022-11-14	14.9	4.38	4.46	4.4	163900.0
2022-11-15	14.6	4.38	4.42	4.42	167700.0
2022-11-16	14.8	4.38	4.4	4.38	104600.0
2022-11-17	14.7	4.36	4.38	4.38	116600.0
2022-11-18	14.3	4.36	4.44	4.4	223600.0
2022-11-21	14.1	4.34	4.4	4.4	53100.0
2022-11-22	14.1	4.36	4.42	4.36	134900.0
2022-11-23	13.9	4.36	4.42	4.4	237900.0
2022-11-24	13.8	4.38	4.4	4.38	85800.0
2022-11-25	14.1	4.34	4.38	4.38	175700.0
2022-11-28	13.9	4.3	4.42	4.36	69200.0
2022-11-29	13.7	4.36	4.4	4.4	202600.0
2022-11-30	13.5	4.36	4.4	4.36	99800.0
2022-12-01	13.6	4.34	4.4	4.36	238000.0
2022-12-02	14.0	4.36	4.4	4.36	452000.0
2022-12-06	13.9	4.34	4.4	4.36	183500.0
2022-12-07	14.8	4.32	4.36	4.32	92500.0
2022-12-08	14.9	4.34	4.58	4.5	891600.0
2022-12-09	15.0	4.46	4.58	4.56	732200.0
2022-12-13	15.3	4.52	4.56	4.56	212100.0
2022-12-14	15.1	4.6	4.76	4.7	1589600.0
2022-12-15	15.1	4.66	4.78	4.7	626700.0
2022-12-16	15.2	4.62	4.7	4.64	157400.0
2022-12-19	15.2	4.62	4.66	4.64	108000.0
2022-12-20	15.4	4.5	4.64	4.56	310100.0
2022-12-21	15.2	4.52	4.62	4.52	127600.0
2022-12-22	15.4	4.54	4.6	4.54	126100.0
2022-12-23	15.7	4.44	4.5	4.48	239900.0
2022-12-26	16.0	4.5	4.56	4.5	99600.0
2022-12-27	15.8	4.5	4.56	4.52	114700.0
2022-12-28	16.0	4.5	4.56	4.56	162600.0
2022-12-29	16.1	4.52	4.6	4.58	219300.0
2022-12-30	15.9	4.58	4.64	4.64	296300.0
