Date	Price Open	Price Low	Price High	Price Close	Volume
2014-11-24	4.12	2.94	4.16	2.94	616381600.0
2014-11-25	2.9	2.74	2.94	2.74	54187700.0
2014-11-26	2.78	2.74	2.92	2.74	37507000.0
2014-11-27	2.84	2.82	3.0	2.92	111370300.0
2014-11-28	2.9	2.86	3.0	2.86	76806300.0
2014-12-01	2.88	2.82	2.88	2.82	14639100.0
2014-12-02	2.84	2.84	3.34	3.3	314672700.0
2014-12-03	3.22	3.06	3.42	3.12	316718700.0
2014-12-04	3.14	3.12	3.34	3.16	145548600.0
2014-12-08	3.2	3.02	3.3	3.04	62608300.0
2014-12-09	3.1	3.02	3.14	3.04	21135000.0
2014-12-11	3.0	2.9	3.02	2.9	16029300.0
2014-12-12	2.92	2.92	3.04	2.92	17688500.0
2014-12-15	2.86	2.5	2.88	2.7	12466200.0
2014-12-16	2.7	2.62	2.84	2.76	10954100.0
2014-12-17	2.78	2.76	2.92	2.8	20034500.0
2014-12-18	2.86	2.8	2.96	2.94	19116000.0
2014-12-19	3.02	2.96	3.22	3.16	107882700.0
2014-12-22	3.12	3.08	3.22	3.08	61913700.0
2014-12-23	3.06	2.98	3.08	3.0	15455200.0
2014-12-24	3.02	2.96	3.08	2.96	8976500.0
2014-12-25	3.0	2.92	3.0	2.92	4362800.0
2014-12-26	2.92	2.9	2.98	2.9	4178100.0
2014-12-29	2.92	2.92	3.02	2.92	9254400.0
2014-12-30	2.92	2.86	2.92	2.92	3081100.0
2015-01-05	2.92	2.9	2.96	2.9	1988900.0
2015-01-06	2.88	2.88	3.14	3.04	54137100.0
2015-01-07	3.04	3.04	3.16	3.06	48959900.0
2015-01-08	3.1	3.06	3.12	3.06	14850100.0
2015-01-09	3.14	3.06	3.16	3.06	16828200.0
2015-01-12	3.06	3.04	3.1	3.04	4933800.0
2015-01-13	3.04	2.98	3.06	3.0	5023400.0
2015-01-14	3.04	3.02	3.2	3.16	107646300.0
2015-01-15	3.14	3.08	3.16	3.08	19143200.0
2015-01-16	3.06	3.02	3.08	3.04	10847300.0
2015-01-19	3.08	3.06	3.12	3.08	6476500.0
2015-01-20	3.1	3.06	3.22	3.06	48069400.0
2015-01-21	3.06	3.04	3.1	3.06	7977700.0
2015-01-22	3.08	3.06	3.12	3.06	9118800.0
2015-01-23	3.1	3.06	3.12	3.06	5731100.0
2015-01-26	3.08	3.04	3.1	3.04	6036700.0
2015-01-27	3.06	3.04	3.08	3.04	2797800.0
2015-01-28	3.06	3.02	3.06	3.04	3771000.0
2015-01-29	3.04	3.0	3.08	3.02	3611200.0
2015-01-30	3.02	3.02	3.06	3.02	1210100.0
2015-02-02	3.02	2.94	3.02	3.0	4272100.0
2015-02-03	3.0	3.0	3.08	3.04	4631400.0
2015-02-04	3.06	3.04	3.18	3.08	30836800.0
2015-02-05	3.08	3.04	3.1	3.08	5000700.0
2015-02-06	3.1	3.04	3.14	3.04	26583700.0
2015-02-09	3.06	3.04	3.18	3.14	45466100.0
2015-02-10	3.18	3.04	3.26	3.04	79641000.0
2015-02-11	3.06	3.04	3.08	3.04	8770600.0
2015-02-12	3.04	3.04	3.08	3.04	4323900.0
2015-02-13	3.06	3.04	3.08	3.04	3717000.0
2015-02-16	3.06	3.04	3.08	3.04	3005200.0
2015-02-17	3.06	3.04	3.06	3.04	3978300.0
2015-02-18	3.06	3.02	3.06	3.02	1638100.0
2015-02-19	3.04	3.02	3.06	3.02	3479700.0
2015-02-20	3.02	3.02	3.04	3.04	1220000.0
2015-02-23	3.04	2.98	3.04	2.98	5632200.0
2015-02-24	2.98	2.92	3.0	2.94	6613000.0
2015-02-25	2.92	2.92	2.96	2.92	3509900.0
2015-02-26	2.92	2.84	2.94	2.86	3192500.0
2015-02-27	2.86	2.86	2.92	2.9	1111800.0
2015-03-02	2.9	2.84	2.92	2.84	1695700.0
2015-03-03	2.84	2.78	2.86	2.78	1697900.0
2015-03-05	2.78	2.72	2.84	2.72	2098800.0
2015-03-06	2.74	2.72	2.82	2.78	715900.0
2015-03-09	2.78	2.74	2.8	2.78	713600.0
2015-03-10	2.8	2.74	2.8	2.74	935900.0
2015-03-11	2.74	2.72	2.76	2.74	1465100.0
2015-03-12	2.74	2.72	2.76	2.74	753000.0
2015-03-13	2.74	2.7	2.78	2.74	1331100.0
2015-03-16	2.74	2.6	2.74	2.62	1140000.0
2015-03-17	2.64	2.58	2.66	2.6	781500.0
2015-03-18	2.58	2.58	2.62	2.6	648800.0
2015-03-19	2.62	2.6	2.64	2.6	429700.0
2015-03-20	2.62	2.58	2.64	2.58	900800.0
2015-03-23	2.58	2.48	2.6	2.48	591100.0
2015-03-24	2.5	2.36	2.5	2.36	1249700.0
2015-03-25	2.4	2.38	2.44	2.38	242500.0
2015-03-26	2.38	2.34	2.5	2.34	1505900.0
2015-03-27	2.38	2.32	2.38	2.32	586000.0
2015-03-30	2.32	2.32	2.36	2.34	583700.0
2015-03-31	2.36	2.34	2.4	2.4	2107000.0
2015-04-01	2.4	2.38	2.62	2.5	5499600.0
2015-04-02	2.54	2.48	2.54	2.48	1031000.0
2015-04-03	2.52	2.46	2.52	2.46	521700.0
2015-04-07	2.48	2.46	2.52	2.48	637200.0
2015-04-08	2.5	2.46	2.52	2.46	622300.0
2015-04-09	2.48	2.44	2.48	2.44	404700.0
2015-04-10	2.44	2.44	2.48	2.48	140800.0
2015-04-16	2.5	2.5	2.62	2.62	2837800.0
2015-04-17	2.64	2.6	2.7	2.62	6417100.0
2015-04-20	2.62	2.58	2.62	2.6	1064600.0
2015-04-21	2.6	2.6	2.66	2.6	639900.0
2015-04-22	2.62	2.6	2.64	2.6	592700.0
2015-04-23	2.6	2.56	2.62	2.56	1044000.0
2015-04-24	2.56	2.52	2.58	2.52	745700.0
2015-04-27	2.5	2.5	2.52	2.5	840500.0
2015-04-28	2.52	2.42	2.52	2.42	482100.0
2015-04-29	2.4	2.4	2.46	2.42	195800.0
2015-04-30	2.44	2.42	2.46	2.42	170400.0
2015-05-06	2.44	2.28	2.44	2.3	689500.0
2015-05-07	2.28	2.0	2.34	2.0	1229700.0
2015-05-08	2.14	2.14	2.26	2.14	1296000.0
2015-05-11	2.18	2.16	2.18	2.18	239000.0
2015-05-12	2.18	2.12	2.18	2.12	376900.0
2015-05-13	1.85	1.85	2.0	1.98	1472500.0
2015-05-14	2.0	2.0	2.04	2.02	191100.0
2015-05-15	2.0	2.0	2.12	2.1	664700.0
2015-05-18	2.12	2.06	2.14	2.1	154300.0
2015-05-19	2.12	2.06	2.14	2.12	138100.0
2015-05-20	2.12	2.08	2.12	2.08	132500.0
2015-05-21	2.06	2.06	2.12	2.1	129700.0
2015-05-22	2.12	2.12	2.2	2.14	327700.0
2015-05-25	2.14	2.0	2.14	2.02	1213100.0
2015-05-26	2.04	2.02	2.06	2.02	144900.0
2015-05-27	2.02	2.0	2.04	2.04	188300.0
2015-05-28	2.06	2.02	2.06	2.02	390400.0
2015-05-29	2.04	1.99	2.06	2.04	220900.0
2015-06-02	2.02	1.99	2.04	1.99	304400.0
2015-06-03	2.02	2.0	2.04	2.0	219600.0
2015-06-04	2.0	1.99	2.02	2.02	678000.0
2015-06-05	2.02	2.02	2.46	2.22	11714700.0
2015-06-08	2.26	2.22	2.32	2.22	1813700.0
2015-06-09	2.22	2.18	2.26	2.18	734100.0
2015-06-10	2.18	2.18	2.24	2.18	418300.0
2015-06-11	2.2	2.18	2.36	2.2	1905200.0
2015-06-12	2.22	2.18	2.24	2.18	323100.0
2015-06-15	2.18	2.18	2.2	2.18	200700.0
2015-06-16	2.2	2.16	2.24	2.18	276100.0
2015-06-17	2.2	2.16	2.22	2.2	548000.0
2015-06-18	2.22	2.18	2.24	2.2	468500.0
2015-06-19	2.22	2.18	2.22	2.18	518200.0
2015-06-22	2.2	2.18	2.22	2.18	465100.0
2015-06-23	2.2	2.18	2.22	2.18	521300.0
2015-06-24	2.2	2.2	2.22	2.2	226900.0
2015-06-25	2.2	2.18	2.22	2.2	143700.0
2015-06-26	2.22	2.18	2.22	2.2	272700.0
2015-06-29	2.18	2.1	2.18	2.16	388200.0
2015-06-30	2.18	2.14	2.18	2.14	72200.0
2015-07-02	2.16	2.1	2.16	2.1	262500.0
2015-07-03	2.08	2.06	2.1	2.08	312500.0
2015-07-06	2.02	2.0	2.08	2.04	528300.0
2015-07-07	2.04	2.02	2.06	2.06	345800.0
2015-07-08	2.04	1.98	2.04	1.98	503200.0
2015-07-09	1.97	1.97	2.0	1.98	374800.0
2015-07-10	2.0	1.99	2.02	1.99	177200.0
2015-07-13	1.97	1.96	2.02	2.0	923300.0
2015-07-14	2.0	1.98	2.3	2.08	7483700.0
2015-07-15	2.06	2.04	2.18	2.06	2405000.0
2015-07-16	2.08	2.02	2.1	2.02	455600.0
2015-07-17	2.06	2.02	2.06	2.02	240900.0
2015-07-20	2.04	1.99	2.04	1.99	360500.0
2015-07-21	2.0	1.97	2.04	2.02	797000.0
2015-07-22	2.02	2.0	2.12	2.04	2615500.0
2015-07-23	2.06	2.02	2.1	2.02	784600.0
2015-07-24	2.04	1.99	2.04	1.99	450600.0
2015-07-27	2.0	1.9	2.0	1.9	845800.0
2015-07-28	1.91	1.87	1.96	1.89	949200.0
2015-07-29	1.91	1.88	1.91	1.89	617300.0
2015-07-31	1.9	1.88	1.91	1.9	308100.0
2015-08-03	1.92	1.9	1.92	1.91	164900.0
2015-08-04	1.93	1.88	1.93	1.89	350000.0
2015-08-05	1.9	1.87	1.91	1.88	324400.0
2015-08-06	1.9	1.86	1.9	1.86	1146600.0
2015-08-07	1.88	1.86	1.89	1.87	439600.0
2015-08-10	1.86	1.85	1.87	1.87	228100.0
2015-08-11	1.87	1.86	1.92	1.88	912000.0
2015-08-13	1.89	1.85	1.9	1.86	524000.0
2015-08-14	1.86	1.86	1.9	1.88	303000.0
2015-08-17	1.88	1.88	1.92	1.91	125300.0
2015-08-18	1.82	1.82	1.9	1.83	566000.0
2015-08-19	1.85	1.85	1.9	1.87	114700.0
2015-08-20	1.98	1.85	1.98	1.89	686000.0
2015-08-21	1.89	1.84	1.9	1.89	279300.0
2015-08-24	1.87	1.78	1.87	1.78	552200.0
2015-08-25	1.76	1.73	1.8	1.74	775100.0
2015-08-26	1.76	1.73	1.76	1.74	360000.0
2015-08-27	1.76	1.73	1.79	1.76	783500.0
2015-08-28	1.78	1.76	1.86	1.76	1064200.0
2015-08-31	1.77	1.76	1.81	1.77	375500.0
2015-09-01	1.77	1.77	1.81	1.79	158700.0
2015-09-02	1.82	1.79	1.82	1.79	38200.0
2015-09-03	1.78	1.78	1.8	1.79	131400.0
2015-09-04	1.79	1.79	1.81	1.79	226100.0
2015-09-07	1.8	1.78	1.8	1.78	113300.0
2015-09-08	1.5	1.5	1.77	1.77	274600.0
2015-09-09	1.77	1.75	1.78	1.78	150900.0
2015-09-10	1.78	1.78	1.88	1.82	1517800.0
2015-09-11	1.83	1.78	1.85	1.78	566000.0
2015-09-14	1.78	1.75	1.78	1.76	195700.0
2015-09-15	1.77	1.74	1.81	1.74	311900.0
2015-09-16	1.74	1.69	1.78	1.75	202300.0
2015-09-17	1.73	1.73	1.77	1.76	101000.0
2015-09-18	1.76	1.73	1.76	1.75	237000.0
2015-09-21	1.73	1.72	1.76	1.76	187500.0
2015-09-22	1.75	1.7	1.76	1.72	816000.0
2015-09-23	1.73	1.7	1.73	1.71	219300.0
2015-09-24	1.71	1.71	1.72	1.72	1101800.0
2015-09-25	1.72	1.7	1.72	1.7	134800.0
2015-09-28	1.7	1.67	1.7	1.68	87500.0
2015-09-29	1.67	1.65	1.68	1.65	520100.0
2015-09-30	1.65	1.64	1.67	1.66	82500.0
2015-10-01	1.66	1.64	1.66	1.64	126700.0
2015-10-02	1.66	1.6	1.66	1.64	117000.0
2015-10-05	1.65	1.64	1.65	1.64	106100.0
2015-10-06	1.64	1.63	1.65	1.63	99200.0
2015-10-07	1.62	1.62	1.66	1.63	85300.0
2015-10-08	1.63	1.61	1.63	1.62	97500.0
2015-10-09	1.62	1.61	1.64	1.62	394500.0
2015-10-12	1.61	1.61	1.63	1.63	166600.0
2015-10-13	1.63	1.6	1.63	1.61	128000.0
2015-10-14	1.62	1.6	1.63	1.6	215400.0
2015-10-15	1.61	1.61	1.63	1.62	1489900.0
2015-10-16	1.63	1.6	1.64	1.6	3508500.0
2015-10-19	1.61	1.59	1.61	1.6	837100.0
2015-10-20	1.6	1.59	1.62	1.61	607900.0
2015-10-21	1.62	1.59	1.62	1.6	268000.0
2015-10-22	1.6	1.59	1.66	1.61	1013800.0
2015-10-26	1.64	1.61	1.64	1.61	290200.0
2015-10-27	1.62	1.62	1.83	1.65	4849200.0
2015-10-28	1.68	1.65	1.69	1.65	1211200.0
2015-10-29	1.67	1.61	1.67	1.61	459100.0
2015-10-30	1.61	1.61	1.62	1.62	231900.0
2015-11-02	1.62	1.62	1.65	1.65	202700.0
2015-11-03	1.67	1.61	1.67	1.61	267400.0
2015-11-04	1.62	1.61	1.65	1.62	540100.0
2015-11-05	1.64	1.61	1.64	1.61	153900.0
2015-11-06	1.61	1.6	1.61	1.61	450000.0
2015-11-09	1.6	1.49	1.6	1.51	1898900.0
2015-11-10	1.51	1.49	1.52	1.5	681500.0
2015-11-11	1.49	1.49	1.5	1.5	161000.0
2015-11-12	1.49	1.49	1.5	1.49	77900.0
2015-11-13	1.48	1.46	1.51	1.5	190700.0
2015-11-16	1.46	1.45	1.52	1.5	171000.0
2015-11-17	1.5	1.45	1.52	1.5	131100.0
2015-11-18	1.5	1.47	1.5	1.47	222500.0
2015-11-19	1.46	1.45	1.49	1.45	248700.0
2015-11-20	1.45	1.45	1.55	1.45	462600.0
2015-11-23	1.46	1.45	1.46	1.46	184600.0
2015-11-24	1.46	1.4	1.47	1.45	252000.0
2015-11-25	1.45	1.42	1.45	1.44	120400.0
2015-11-26	1.43	1.41	1.44	1.43	121900.0
2015-11-27	1.42	1.37	1.43	1.39	201300.0
2015-11-30	1.38	1.34	1.38	1.35	390300.0
2015-12-01	1.38	1.25	1.38	1.25	322400.0
2015-12-02	1.25	1.25	1.33	1.28	326000.0
2015-12-03	1.28	1.2	1.29	1.25	537300.0
2015-12-04	1.21	1.21	1.26	1.24	145000.0
2015-12-08	1.23	1.16	1.25	1.16	118000.0
2015-12-09	1.18	1.1	1.19	1.13	137800.0
2015-12-11	1.11	1.11	1.25	1.15	308900.0
2015-12-14	1.14	1.14	1.18	1.17	318900.0
2015-12-15	1.24	1.14	1.24	1.19	91100.0
2015-12-16	1.2	1.16	1.2	1.16	110100.0
2015-12-17	1.18	1.16	1.2	1.19	110400.0
2015-12-18	1.2	1.17	1.23	1.18	301700.0
2015-12-21	1.18	1.1	1.2	1.11	141000.0
2015-12-22	1.12	1.12	1.17	1.12	243300.0
2015-12-23	1.13	1.12	1.17	1.13	331800.0
2015-12-24	1.13	1.13	1.19	1.15	314600.0
2015-12-25	1.15	1.15	1.25	1.18	555400.0
2015-12-28	1.18	1.15	1.2	1.16	201600.0
2015-12-29	1.18	1.16	1.23	1.17	402200.0
2015-12-30	1.18	1.18	1.37	1.27	2435700.0
2016-01-04	1.28	1.25	1.3	1.3	1148000.0
2016-01-05	1.38	1.26	1.39	1.26	784000.0
2016-01-06	1.26	1.25	1.28	1.25	91900.0
2016-01-07	1.25	1.21	1.26	1.21	169800.0
2016-01-08	1.22	1.19	1.24	1.19	297400.0
2016-01-11	1.2	1.15	1.21	1.19	305200.0
2016-01-12	1.2	1.18	1.21	1.18	132900.0
2016-01-13	1.19	1.18	1.2	1.19	179900.0
2016-01-14	1.18	1.18	1.34	1.23	1017100.0
2016-01-15	1.24	1.21	1.25	1.21	455700.0
2016-01-18	1.2	1.19	1.22	1.2	92000.0
2016-01-19	1.2	1.2	1.21	1.2	102900.0
2016-01-20	1.2	1.19	1.22	1.2	221400.0
2016-01-21	1.2	1.19	1.22	1.22	142200.0
2016-01-22	1.2	1.2	1.22	1.2	107500.0
2016-01-25	1.22	1.2	1.22	1.2	103100.0
2016-01-26	1.21	1.19	1.22	1.21	128200.0
2016-01-27	1.22	1.21	1.22	1.22	196000.0
2016-01-28	1.23	1.2	1.23	1.2	139700.0
2016-01-29	1.21	1.2	1.22	1.2	139300.0
2016-02-01	1.21	1.2	1.21	1.21	114600.0
2016-02-02	1.2	1.2	1.21	1.21	314900.0
2016-02-03	1.21	1.2	1.21	1.2	48600.0
2016-02-04	1.22	1.2	1.22	1.21	28700.0
2016-02-05	1.22	1.2	1.22	1.21	251900.0
2016-02-08	1.2	1.2	1.25	1.22	647800.0
2016-02-09	1.28	1.22	1.3	1.24	1447100.0
2016-02-10	1.26	1.26	1.51	1.32	12852200.0
2016-02-11	1.31	1.29	1.34	1.3	571800.0
2016-02-12	1.31	1.24	1.31	1.26	443800.0
2016-02-15	1.26	1.25	1.3	1.27	370400.0
2016-02-16	1.29	1.26	1.31	1.26	139800.0
2016-02-17	1.26	1.25	1.28	1.26	198400.0
2016-02-18	1.28	1.27	1.28	1.27	132000.0
2016-02-19	1.27	1.27	1.29	1.29	191900.0
2016-02-23	1.29	1.28	1.29	1.29	172300.0
2016-02-24	1.29	1.26	1.29	1.26	215900.0
2016-02-25	1.27	1.24	1.27	1.24	167000.0
2016-02-26	1.23	1.23	1.26	1.25	98500.0
2016-02-29	1.23	1.22	1.29	1.28	132300.0
2016-03-01	1.29	1.26	1.29	1.27	91100.0
2016-03-02	1.26	1.25	1.28	1.25	518700.0
2016-03-03	1.26	1.26	1.28	1.27	27200.0
2016-03-04	1.25	1.25	1.28	1.27	35600.0
2016-03-07	1.28	1.26	1.28	1.27	231200.0
2016-03-08	1.26	1.23	1.27	1.23	314500.0
2016-03-09	1.23	1.23	1.26	1.26	43400.0
2016-03-10	1.26	1.26	1.29	1.27	107800.0
2016-03-11	1.28	1.27	1.28	1.27	73000.0
2016-03-14	1.28	1.26	1.28	1.28	374700.0
2016-03-15	1.27	1.25	1.27	1.25	507300.0
2016-03-16	1.25	1.25	1.26	1.25	43900.0
2016-03-17	1.25	1.25	1.27	1.25	126100.0
2016-03-18	1.27	1.25	1.29	1.29	169700.0
2016-03-21	1.29	1.28	1.36	1.28	1306800.0
2016-03-22	1.29	1.28	1.29	1.28	126600.0
2016-03-23	1.28	1.27	1.39	1.36	4138500.0
2016-03-24	1.39	1.35	1.42	1.35	2905300.0
2016-03-25	1.38	1.38	1.73	1.65	90208400.0
2016-03-28	1.69	1.65	1.9	1.73	95263900.0
2016-03-29	1.69	1.63	1.71	1.7	24732500.0
2016-03-30	1.73	1.65	1.73	1.67	24096900.0
2016-03-31	1.68	1.65	1.72	1.68	16219400.0
2016-04-01	1.68	1.68	1.85	1.71	81722700.0
2016-04-04	1.75	1.7	1.77	1.7	17853800.0
2016-04-05	1.69	1.65	1.74	1.65	8473500.0
2016-04-07	1.66	1.58	1.73	1.63	8456500.0
2016-04-08	1.64	1.6	1.65	1.6	1439900.0
2016-04-11	1.61	1.61	1.67	1.65	6000800.0
2016-04-12	1.68	1.64	1.7	1.65	2903500.0
2016-04-18	1.66	1.63	1.66	1.64	893800.0
2016-04-19	1.65	1.63	1.68	1.68	5451100.0
2016-04-20	1.72	1.69	1.8	1.7	36875900.0
2016-04-21	1.72	1.68	1.74	1.71	6586100.0
2016-04-22	1.71	1.68	1.74	1.68	6360900.0
2016-04-25	1.68	1.66	1.73	1.67	7230500.0
2016-04-26	1.68	1.65	1.74	1.71	11773100.0
2016-04-27	1.72	1.66	1.72	1.67	3626700.0
2016-04-28	1.68	1.59	1.7	1.59	4008200.0
2016-04-29	1.57	1.53	1.6	1.55	2677500.0
2016-05-03	1.45	1.45	1.53	1.48	2021700.0
2016-05-04	1.47	1.47	1.56	1.49	4012700.0
2016-05-06	1.47	1.47	1.56	1.49	4012700.0
2016-05-09	1.51	1.48	1.61	1.56	12742500.0
2016-05-10	1.55	1.54	1.61	1.57	28913900.0
2016-05-11	1.5	1.48	1.52	1.49	9777400.0
2016-05-12	1.49	1.48	1.51	1.48	1938100.0
2016-05-13	1.45	1.45	1.48	1.46	1193400.0
2016-05-16	1.46	1.46	1.54	1.49	2438500.0
2016-05-17	1.45	1.44	1.48	1.44	1717200.0
2016-05-18	1.47	1.37	1.47	1.38	1755900.0
2016-05-19	1.38	1.37	1.43	1.37	1049700.0
2016-05-23	1.37	1.35	1.39	1.36	825200.0
2016-05-24	1.36	1.35	1.39	1.36	795200.0
2016-05-25	1.38	1.36	1.39	1.39	862300.0
2016-05-26	1.4	1.37	1.46	1.4	6154100.0
2016-05-27	1.4	1.38	1.41	1.38	685200.0
2016-05-30	1.39	1.39	1.43	1.39	569900.0
2016-05-31	1.42	1.4	1.45	1.41	2517900.0
2016-06-01	1.41	1.37	1.42	1.37	1087700.0
2016-06-02	1.37	1.37	1.41	1.39	862900.0
2016-06-03	1.4	1.39	1.41	1.4	493300.0
2016-06-06	1.41	1.4	1.46	1.43	4156600.0
2016-06-07	1.45	1.43	1.47	1.43	3641500.0
2016-06-08	1.44	1.44	1.5	1.49	4807000.0
2016-06-09	1.5	1.46	1.58	1.47	6446200.0
2016-06-10	1.47	1.45	1.5	1.45	1117400.0
2016-06-13	1.44	1.44	1.46	1.45	527700.0
2016-06-14	1.46	1.44	1.46	1.45	276400.0
2016-06-15	1.45	1.44	1.46	1.44	508400.0
2016-06-16	1.45	1.45	1.53	1.49	6466500.0
2016-06-17	1.52	1.48	1.52	1.49	1759500.0
2016-06-20	1.49	1.48	1.49	1.48	507700.0
2016-06-21	1.51	1.49	1.53	1.49	1841500.0
2016-06-22	1.5	1.48	1.51	1.49	278100.0
2016-06-23	1.5	1.47	1.54	1.49	4874800.0
2016-06-24	1.49	1.42	1.49	1.48	2304700.0
2016-06-27	1.45	1.45	1.51	1.51	2922600.0
2016-06-28	1.5	1.4	1.5	1.42	9848100.0
2016-06-29	1.44	1.4	1.44	1.4	3360500.0
2016-06-30	1.4	1.4	1.44	1.41	1813300.0
2016-07-04	1.43	1.4	1.45	1.4	2700500.0
2016-07-05	1.4	1.4	1.42	1.4	795300.0
2016-07-06	1.4	1.4	1.42	1.4	557900.0
2016-07-07	1.41	1.4	1.44	1.44	914100.0
2016-07-08	1.44	1.41	1.44	1.41	425100.0
2016-07-11	1.42	1.41	1.44	1.41	2823300.0
2016-07-12	1.42	1.41	1.44	1.41	1062300.0
2016-07-13	1.42	1.4	1.42	1.4	1129200.0
2016-07-14	1.41	1.38	1.41	1.4	995100.0
2016-07-15	1.4	1.38	1.41	1.38	529400.0
2016-07-20	1.37	1.37	1.4	1.37	608900.0
2016-07-21	1.38	1.37	1.45	1.39	6798200.0
2016-07-22	1.4	1.39	1.48	1.44	12875000.0
2016-07-25	1.45	1.4	1.46	1.42	4161600.0
2016-07-26	1.41	1.4	1.42	1.4	571300.0
2016-07-27	1.4	1.37	1.41	1.38	2509400.0
2016-07-28	1.38	1.38	1.42	1.39	2824700.0
2016-07-29	1.4	1.39	1.42	1.39	2405100.0
2016-08-01	1.4	1.38	1.4	1.39	1334700.0
2016-08-02	1.38	1.37	1.45	1.37	15674600.0
2016-08-03	1.37	1.37	1.41	1.38	3255700.0
2016-08-04	1.39	1.39	1.45	1.42	9956400.0
2016-08-05	1.41	1.4	1.43	1.41	2608500.0
2016-08-08	1.42	1.39	1.42	1.4	1440300.0
2016-08-09	1.39	1.39	1.4	1.4	801500.0
2016-08-10	1.4	1.39	1.43	1.39	2675400.0
2016-08-11	1.38	1.35	1.39	1.36	1240100.0
2016-08-15	1.36	1.35	1.38	1.35	3020500.0
2016-08-16	1.34	1.34	1.4	1.35	3520400.0
2016-08-17	1.36	1.33	1.36	1.33	1547700.0
2016-08-18	1.34	1.33	1.38	1.33	1219700.0
2016-08-19	1.34	1.32	1.35	1.32	625100.0
2016-08-22	1.33	1.31	1.34	1.31	471600.0
2016-08-23	1.32	1.31	1.34	1.34	309000.0
2016-08-24	1.33	1.33	1.36	1.34	740200.0
2016-08-25	1.36	1.33	1.36	1.34	497100.0
2016-08-26	1.35	1.34	1.39	1.37	6616900.0
2016-08-29	1.4	1.37	1.4	1.37	398500.0
2016-08-30	1.38	1.37	1.39	1.38	105200.0
2016-08-31	1.38	1.36	1.39	1.36	279800.0
2016-09-01	1.36	1.33	1.39	1.33	970100.0
2016-09-02	1.33	1.32	1.34	1.32	597200.0
2016-09-05	1.33	1.26	1.33	1.28	655600.0
2016-09-06	1.27	1.27	1.34	1.31	994200.0
2016-09-07	1.32	1.3	1.37	1.3	1372800.0
2016-09-08	1.3	1.24	1.3	1.24	675900.0
2016-09-09	1.24	1.22	1.3	1.23	163800.0
2016-09-12	1.2	1.15	1.23	1.15	257000.0
2016-09-13	1.17	1.17	1.27	1.22	109900.0
2016-09-14	1.2	1.2	1.26	1.23	418500.0
2016-09-15	1.23	1.23	1.27	1.25	207100.0
2016-09-16	1.25	1.24	1.28	1.24	57300.0
2016-09-19	1.26	1.24	1.26	1.24	61500.0
2016-09-20	1.25	1.23	1.25	1.24	96300.0
2016-09-21	1.24	1.23	1.29	1.24	1644800.0
2016-09-22	1.25	1.25	1.28	1.25	419900.0
2016-09-23	1.27	1.21	1.28	1.23	1184300.0
2016-09-26	1.25	1.23	1.27	1.23	1366600.0
2016-09-27	1.24	1.22	1.24	1.22	228600.0
2016-09-28	1.22	1.21	1.24	1.21	236100.0
2016-09-29	1.23	1.22	1.25	1.22	1020100.0
2016-09-30	1.22	1.21	1.25	1.22	199300.0
2016-10-03	1.22	1.21	1.23	1.21	152200.0
2016-10-04	1.21	1.2	1.22	1.22	434100.0
2016-10-05	1.22	1.22	1.33	1.32	9171800.0
2016-10-06	1.31	1.26	1.32	1.29	2188600.0
2016-10-07	1.28	1.24	1.31	1.25	1355200.0
2016-10-10	1.24	1.17	1.24	1.2	953800.0
2016-10-11	1.18	1.17	1.2	1.17	548100.0
2016-10-12	1.17	1.0	1.21	1.05	1516400.0
2016-10-13	1.02	1.0	1.13	1.03	832500.0
2016-10-14	1.03	1.03	1.22	1.19	1354700.0
2016-10-17	1.17	1.17	1.2	1.18	1112300.0
2016-10-18	1.21	1.19	1.23	1.23	1413700.0
2016-10-19	1.25	1.22	1.28	1.25	711000.0
2016-10-20	1.26	1.22	1.26	1.22	202400.0
2016-10-21	1.22	1.21	1.24	1.23	324600.0
2016-10-25	1.25	1.23	1.28	1.28	822200.0
2016-10-26	1.25	1.24	1.32	1.25	1745500.0
2016-10-27	1.27	1.25	1.3	1.25	1626800.0
2016-10-28	1.26	1.19	1.28	1.19	3369200.0
2016-10-31	1.2	1.18	1.23	1.19	1563300.0
2016-11-01	1.19	1.17	1.22	1.18	3254600.0
2016-11-02	1.18	1.16	1.19	1.18	993700.0
2016-11-03	1.18	1.18	1.36	1.26	32993100.0
2016-11-04	1.25	1.21	1.3	1.22	11311700.0
2016-11-07	1.22	1.22	1.27	1.23	4235000.0
2016-11-08	1.23	1.22	1.26	1.23	2817900.0
2016-11-09	1.21	1.2	1.3	1.23	8668700.0
2016-11-10	1.24	1.21	1.26	1.21	3942800.0
2016-11-11	1.2	1.18	1.24	1.18	9891300.0
2016-11-14	1.17	1.17	1.21	1.17	2293800.0
2016-11-15	1.17	1.15	1.19	1.15	956800.0
2016-11-16	1.16	1.15	1.18	1.15	770500.0
2016-11-17	1.14	1.14	1.19	1.15	3174000.0
2016-11-18	1.15	1.15	1.17	1.17	398500.0
2016-11-21	1.17	1.15	1.18	1.15	420100.0
2016-11-22	1.16	1.15	1.19	1.15	1229300.0
2016-11-23	1.16	1.16	1.22	1.16	7930500.0
2016-11-24	1.17	1.16	1.18	1.16	2460400.0
2016-11-25	1.17	1.16	1.18	1.16	1014400.0
2016-11-28	1.16	1.16	1.19	1.16	1853200.0
2016-11-29	1.17	1.16	1.18	1.16	595400.0
2016-11-30	1.16	1.15	1.18	1.16	1532400.0
2016-12-01	1.17	1.15	1.17	1.16	348400.0
2016-12-02	1.16	1.13	1.17	1.13	1423800.0
2016-12-06	1.14	1.13	1.15	1.14	490700.0
2016-12-07	1.15	1.13	1.15	1.13	1066900.0
2016-12-08	1.13	1.13	1.18	1.16	3482000.0
2016-12-09	1.16	1.15	1.16	1.15	258200.0
2016-12-13	1.17	1.15	1.18	1.16	478500.0
2016-12-14	1.16	1.16	1.2	1.18	7640700.0
2016-12-15	1.18	1.17	1.2	1.18	1979500.0
2016-12-16	1.18	1.18	1.53	1.44	121572700.0
2016-12-19	1.45	1.33	1.45	1.38	29165300.0
2016-12-20	1.39	1.29	1.39	1.32	10895100.0
2016-12-21	1.35	1.33	1.42	1.38	26291000.0
2016-12-22	1.37	1.32	1.38	1.32	4866100.0
2016-12-23	1.31	1.3	1.32	1.32	2867500.0
2016-12-26	1.32	1.3	1.34	1.3	2677000.0
2016-12-27	1.31	1.29	1.4	1.3	11160200.0
2016-12-28	1.32	1.32	1.44	1.36	48474100.0
2016-12-29	1.37	1.35	1.4	1.35	7258000.0
2016-12-30	1.36	1.36	1.64	1.47	104442900.0
2017-01-04	1.58	1.57	1.67	1.58	47094900.0
2017-01-05	1.57	1.55	1.6	1.57	10295900.0
2017-01-06	1.59	1.53	1.59	1.54	9306700.0
2017-01-09	1.55	1.53	1.58	1.54	8476100.0
2017-01-10	1.56	1.54	1.62	1.61	31715400.0
2017-01-11	1.62	1.56	1.65	1.56	18357700.0
2017-01-12	1.57	1.53	1.58	1.54	5797200.0
2017-01-13	1.56	1.53	1.59	1.53	8144100.0
2017-01-16	1.54	1.54	1.59	1.54	14656400.0
2017-01-17	1.56	1.52	1.56	1.52	5197300.0
2017-01-18	1.53	1.52	1.57	1.53	9377300.0
2017-01-19	1.53	1.42	1.54	1.48	5797900.0
2017-01-20	1.49	1.47	1.52	1.47	6440400.0
2017-01-23	1.49	1.48	1.52	1.52	2098800.0
2017-01-24	1.52	1.52	1.58	1.54	13787600.0
2017-01-25	1.56	1.52	1.57	1.52	6099600.0
2017-01-26	1.54	1.5	1.54	1.51	2823700.0
2017-01-27	1.5	1.5	1.56	1.52	8084200.0
2017-01-30	1.53	1.53	1.6	1.58	34054600.0
2017-01-31	1.6	1.59	1.64	1.59	71072300.0
2017-02-01	1.58	1.53	1.61	1.54	15241100.0
2017-02-02	1.54	1.54	1.58	1.55	6744700.0
2017-02-03	1.53	1.53	1.58	1.54	5785000.0
2017-02-06	1.56	1.53	1.57	1.55	2112700.0
2017-02-07	1.54	1.48	1.56	1.48	6219300.0
2017-02-08	1.48	1.48	1.5	1.48	3617700.0
2017-02-09	1.49	1.45	1.49	1.47	2986500.0
2017-02-10	1.48	1.47	1.51	1.47	1912400.0
2017-02-14	1.48	1.43	1.49	1.43	2470200.0
2017-02-15	1.43	1.38	1.45	1.39	5424100.0
2017-02-16	1.39	1.39	1.46	1.43	7192300.0
2017-02-17	1.44	1.43	1.46	1.43	1218200.0
2017-02-20	1.44	1.43	1.5	1.45	7090900.0
2017-02-21	1.45	1.42	1.47	1.42	2438600.0
2017-02-22	1.38	1.38	1.42	1.39	3427500.0
2017-02-23	1.39	1.37	1.42	1.4	4402700.0
2017-02-24	1.4	1.38	1.41	1.38	1921700.0
2017-02-27	1.39	1.37	1.39	1.37	706300.0
2017-02-28	1.37	1.35	1.38	1.35	778300.0
2017-03-01	1.36	1.32	1.38	1.33	2695700.0
2017-03-02	1.35	1.31	1.35	1.31	1312700.0
2017-03-03	1.31	1.31	1.34	1.32	661900.0
2017-03-06	1.32	1.3	1.33	1.31	890400.0
2017-03-07	1.32	1.32	1.34	1.32	756600.0
2017-03-08	1.3	1.29	1.33	1.32	1946100.0
2017-03-09	1.34	1.28	1.34	1.32	749200.0
2017-03-10	1.3	1.29	1.31	1.29	608700.0
2017-03-13	1.28	1.26	1.32	1.26	1552700.0
2017-03-14	1.28	1.25	1.29	1.27	740900.0
2017-03-15	1.27	1.26	1.31	1.28	511800.0
2017-03-16	1.29	1.28	1.31	1.28	832400.0
2017-03-17	1.3	1.25	1.31	1.3	907100.0
2017-03-20	1.3	1.3	1.34	1.32	1458100.0
2017-03-21	1.33	1.33	1.37	1.37	2601400.0
2017-03-22	1.39	1.38	1.41	1.38	6851900.0
2017-03-23	1.38	1.35	1.4	1.36	1984300.0
2017-03-24	1.34	1.34	1.36	1.35	611600.0
2017-03-27	1.37	1.32	1.37	1.34	486400.0
2017-03-28	1.34	1.33	1.35	1.33	703400.0
2017-03-29	1.34	1.33	1.39	1.34	2959200.0
2017-03-30	1.35	1.34	1.36	1.35	712100.0
2017-03-31	1.36	1.34	1.36	1.35	607100.0
2017-04-03	1.34	1.34	1.37	1.36	441300.0
2017-04-04	1.34	1.33	1.37	1.33	683800.0
2017-04-05	1.33	1.33	1.36	1.34	200100.0
2017-04-07	1.34	1.33	1.36	1.35	276900.0
2017-04-10	1.34	1.33	1.35	1.33	408200.0
2017-04-11	1.34	1.33	1.34	1.33	430300.0
2017-04-12	1.34	1.33	1.45	1.4	13945500.0
2017-04-17	1.39	1.39	1.45	1.4	7856700.0
2017-04-18	1.41	1.39	1.44	1.4	6157600.0
2017-04-19	1.4	1.38	1.43	1.4	4805400.0
2017-04-20	1.4	1.38	1.46	1.38	13123000.0
2017-04-21	1.39	1.38	1.41	1.38	2164100.0
2017-04-24	1.38	1.37	1.41	1.38	1915800.0
2017-04-25	1.39	1.3	1.4	1.32	2422400.0
2017-04-26	1.34	1.32	1.35	1.34	878600.0
2017-04-27	1.34	1.32	1.36	1.35	1448600.0
2017-04-28	1.35	1.35	1.39	1.37	1797800.0
2017-05-02	1.36	1.36	1.4	1.38	783100.0
2017-05-03	1.38	1.37	1.4	1.37	896100.0
2017-05-04	1.38	1.36	1.39	1.36	1059400.0
2017-05-05	1.36	1.36	1.38	1.36	315300.0
2017-05-08	1.37	1.35	1.37	1.36	631300.0
2017-05-09	1.36	1.35	1.37	1.36	243300.0
2017-05-11	1.36	1.31	1.36	1.32	778300.0
2017-05-12	1.27	1.27	1.3	1.29	639800.0
2017-05-15	1.26	1.25	1.28	1.25	373700.0
2017-05-16	1.22	1.22	1.25	1.23	768700.0
2017-05-17	1.23	1.23	1.26	1.24	139000.0
2017-05-18	1.26	1.24	1.26	1.25	416300.0
2017-05-19	1.25	1.25	1.27	1.27	335200.0
2017-05-22	1.29	1.28	1.31	1.29	906100.0
2017-05-23	1.3	1.28	1.36	1.32	3383000.0
2017-05-24	1.32	1.3	1.32	1.3	229700.0
2017-05-25	1.31	1.28	1.31	1.28	270500.0
2017-05-26	1.29	1.29	1.31	1.29	201900.0
2017-05-29	1.29	1.28	1.3	1.29	223100.0
2017-05-30	1.27	1.27	1.31	1.3	61600.0
2017-05-31	1.28	1.27	1.3	1.28	308400.0
2017-06-01	1.28	1.27	1.28	1.28	79300.0
2017-06-02	1.28	1.26	1.29	1.27	549600.0
2017-06-05	1.26	1.25	1.26	1.25	184500.0
2017-06-06	1.27	1.22	1.27	1.26	899000.0
2017-06-07	1.26	1.25	1.29	1.25	514300.0
2017-06-08	1.26	1.25	1.27	1.25	96100.0
2017-06-09	1.27	1.24	1.27	1.26	177300.0
2017-06-12	1.27	1.25	1.27	1.26	171200.0
2017-06-13	1.25	1.25	1.27	1.25	190600.0
2017-06-14	1.26	1.25	1.27	1.26	496700.0
2017-06-15	1.26	1.26	1.33	1.33	4697000.0
2017-06-16	1.32	1.26	1.33	1.26	3409500.0
2017-06-19	1.27	1.27	1.29	1.28	975000.0
2017-06-20	1.29	1.27	1.3	1.27	487800.0
2017-06-21	1.28	1.25	1.29	1.26	575200.0
2017-06-22	1.26	1.26	1.28	1.27	71700.0
2017-06-23	1.28	1.27	1.28	1.28	125700.0
2017-06-26	1.28	1.28	1.3	1.28	444400.0
2017-06-27	1.27	1.27	1.3	1.27	539800.0
2017-06-28	1.28	1.25	1.31	1.29	6659400.0
2017-06-29	1.29	1.27	1.34	1.28	21446000.0
2017-06-30	1.28	1.26	1.28	1.26	1464800.0
2017-07-03	1.26	1.26	1.27	1.26	273800.0
2017-07-04	1.26	1.25	1.27	1.25	496200.0
2017-07-05	1.25	1.22	1.26	1.24	1606000.0
2017-07-06	1.23	1.23	1.25	1.23	610000.0
2017-07-07	1.23	1.22	1.24	1.23	423700.0
2017-07-11	1.23	1.23	1.24	1.23	171400.0
2017-07-12	1.23	1.23	1.24	1.24	107800.0
2017-07-13	1.23	1.23	1.24	1.23	305900.0
2017-07-14	1.22	1.22	1.24	1.22	312600.0
2017-07-17	1.22	1.21	1.23	1.21	445500.0
2017-07-18	1.21	1.21	1.22	1.21	507100.0
2017-07-19	1.22	1.21	1.22	1.21	1276100.0
2017-07-20	1.22	1.21	1.22	1.21	108800.0
2017-07-21	1.21	1.16	1.22	1.18	1543800.0
2017-07-24	1.17	1.16	1.2	1.17	494600.0
2017-07-25	1.17	1.16	1.18	1.16	194900.0
2017-07-26	1.17	1.16	1.17	1.16	249300.0
2017-07-27	1.15	1.14	1.18	1.15	604700.0
2017-07-31	1.15	1.13	1.15	1.13	259400.0
2017-08-01	1.14	1.12	1.15	1.14	539300.0
2017-08-02	1.14	1.14	1.15	1.14	172600.0
2017-08-03	1.14	1.13	1.15	1.14	108600.0
2017-08-04	1.15	1.14	1.16	1.14	195000.0
2017-08-07	1.16	1.13	1.16	1.13	179500.0
2017-08-08	1.14	1.14	1.15	1.14	117800.0
2017-08-09	1.16	1.14	1.22	1.14	3475000.0
2017-08-10	1.14	1.13	1.2	1.15	3849900.0
2017-08-11	1.16	1.13	1.16	1.14	617200.0
2017-08-15	1.15	1.12	1.15	1.12	426900.0
2017-08-16	1.13	1.11	1.14	1.11	369400.0
2017-08-17	1.11	1.11	1.12	1.12	205500.0
2017-08-18	1.13	1.1	1.13	1.1	419200.0
2017-08-21	1.09	1.05	1.11	1.05	1416500.0
2017-08-22	1.07	1.03	1.07	1.04	1018000.0
2017-08-23	1.04	1.0	1.05	1.01	1289900.0
2017-08-24	1.02	1.02	1.04	1.03	848300.0
2017-08-25	1.05	1.02	1.05	1.02	686700.0
2017-08-28	1.03	1.02	1.11	1.06	5010000.0
2017-08-29	1.06	1.04	1.08	1.05	716800.0
2017-08-30	1.07	1.04	1.08	1.04	1194500.0
2017-08-31	1.06	1.04	1.06	1.05	242400.0
2017-09-01	1.06	1.03	1.07	1.04	779200.0
2017-09-04	1.06	1.03	1.06	1.04	1395700.0
2017-09-05	1.05	1.04	1.09	1.04	2366100.0
2017-09-06	1.05	1.04	1.05	1.04	723700.0
2017-09-07	1.05	1.05	1.07	1.05	760000.0
2017-09-08	1.06	1.05	1.08	1.05	3145900.0
2017-09-11	1.06	1.05	1.08	1.05	1483000.0
2017-09-12	1.06	1.04	1.07	1.04	860900.0
2017-09-13	1.05	1.05	1.09	1.06	3001100.0
2017-09-14	1.07	1.07	1.1	1.07	2820300.0
2017-09-15	1.08	1.05	1.09	1.05	1515200.0
2017-09-18	1.06	1.05	1.07	1.05	736900.0
2017-09-19	1.06	1.05	1.06	1.06	843500.0
2017-09-20	1.07	1.05	1.07	1.05	296200.0
2017-09-21	1.07	1.02	1.07	1.04	1079500.0
2017-09-22	1.05	1.04	1.05	1.04	397200.0
2017-09-25	1.06	1.04	1.06	1.04	132300.0
2017-09-26	1.05	1.04	1.05	1.04	323000.0
2017-09-27	1.05	1.04	1.06	1.04	348400.0
2017-09-28	1.05	1.04	1.05	1.04	306000.0
2017-09-29	1.04	1.03	1.05	1.03	691800.0
2017-10-02	1.04	1.02	1.04	1.04	423400.0
2017-10-03	1.04	1.03	1.04	1.03	93700.0
2017-10-04	1.03	1.03	1.05	1.04	325500.0
2017-10-05	1.05	1.03	1.05	1.04	292500.0
2017-10-06	1.05	1.01	1.05	1.02	1683500.0
2017-10-09	1.03	0.99	1.03	1.01	2568000.0
2017-10-10	1.01	0.96	1.01	0.99	2760900.0
2017-10-11	1.0	0.98	1.0	0.98	666900.0
2017-10-12	1.0	0.99	1.01	1.0	673700.0
2017-10-16	1.01	0.99	1.01	0.99	539200.0
2017-10-17	1.0	0.99	1.03	1.0	1600000.0
2017-10-18	1.03	1.0	1.03	1.0	586800.0
2017-10-19	1.01	1.0	1.03	1.0	1255200.0
2017-10-20	1.01	1.01	1.03	1.01	733400.0
2017-10-24	1.03	1.01	1.03	1.02	308600.0
2017-10-25	1.02	1.0	1.02	1.02	367100.0
2017-10-27	1.02	1.0	1.02	1.01	208300.0
2017-10-30	1.03	1.01	1.03	1.01	196500.0
2017-10-31	1.02	1.0	1.02	1.0	359100.0
2017-11-01	1.01	1.0	1.01	1.0	207200.0
2017-11-02	1.01	1.0	1.01	1.0	148300.0
2017-11-03	1.0	0.99	1.0	0.99	310900.0
2017-11-06	0.99	0.99	1.0	0.99	56300.0
2017-11-07	0.99	0.98	1.0	0.98	230400.0
2017-11-08	0.99	0.98	0.99	0.99	383900.0
2017-11-09	0.99	0.95	0.99	0.95	436400.0
2017-11-10	0.95	0.94	0.97	0.95	535700.0
2017-11-13	0.96	0.88	0.96	0.89	1044100.0
2017-11-14	0.93	0.89	0.93	0.9	858300.0
2017-11-15	0.95	0.91	0.95	0.95	839800.0
2017-11-16	0.97	0.92	0.97	0.93	110700.0
2017-11-17	0.93	0.87	0.93	0.9	1435600.0
2017-11-20	0.9	0.89	0.93	0.91	894300.0
2017-11-21	0.9	0.85	0.91	0.89	719700.0
2017-11-22	0.89	0.88	0.91	0.91	286000.0
2017-11-23	0.91	0.9	0.91	0.9	539800.0
2017-11-24	0.9	0.89	0.91	0.89	101600.0
2017-11-27	0.89	0.89	0.9	0.89	229000.0
2017-11-28	0.89	0.89	0.89	0.89	120100.0
2017-11-29	0.9	0.89	0.9	0.89	89300.0
2017-11-30	0.89	0.88	0.89	0.89	272700.0
2017-12-01	0.89	0.87	0.89	0.88	55600.0
2017-12-04	0.88	0.88	0.92	0.89	9300.0
2017-12-06	0.89	0.88	0.9	0.89	438600.0
2017-12-07	0.88	0.87	0.89	0.87	52800.0
2017-12-08	0.86	0.85	0.87	0.85	261100.0
2017-12-12	0.86	0.83	0.87	0.84	409000.0
2017-12-13	0.83	0.79	0.83	0.81	1218500.0
2017-12-14	0.81	0.73	0.81	0.76	891300.0
2017-12-15	0.75	0.74	0.77	0.77	550700.0
2017-12-18	0.78	0.77	0.85	0.79	607500.0
2017-12-19	0.8	0.78	0.8	0.79	187700.0
2017-12-20	0.79	0.79	0.9	0.83	2955200.0
2017-12-21	0.83	0.8	0.84	0.8	452500.0
2017-12-22	0.81	0.8	0.81	0.8	425800.0
2017-12-25	0.81	0.8	0.81	0.8	151200.0
2017-12-26	0.8	0.79	0.81	0.79	204100.0
2017-12-27	0.8	0.79	0.81	0.8	146000.0
2017-12-28	0.8	0.79	0.8	0.8	57500.0
2017-12-29	0.8	0.79	0.8	0.79	28100.0
2018-01-03	0.79	0.78	0.79	0.78	130000.0
2018-01-04	0.77	0.77	0.79	0.78	105300.0
2018-01-05	0.78	0.75	0.78	0.76	723500.0
2018-01-08	0.76	0.76	0.78	0.77	313600.0
2018-01-09	0.77	0.77	0.81	0.78	478500.0
2018-01-10	0.78	0.78	0.8	0.79	128000.0
2018-01-11	0.79	0.79	0.79	0.79	57100.0
2018-01-12	0.79	0.78	0.79	0.79	47000.0
2018-01-15	0.79	0.78	0.8	0.79	219500.0
2018-01-16	0.79	0.77	0.79	0.77	195400.0
2018-01-17	0.77	0.77	0.82	0.78	1120400.0
2018-01-18	0.78	0.78	0.79	0.78	97900.0
2018-01-19	0.78	0.78	0.79	0.79	19800.0
2018-01-22	0.78	0.78	0.79	0.79	169200.0
2018-01-23	0.79	0.78	0.81	0.78	1476900.0
2018-01-24	0.79	0.78	0.81	0.8	868700.0
2018-01-25	0.81	0.8	0.84	0.81	1094700.0
2018-01-26	0.83	0.83	0.96	0.84	11871700.0
2018-01-29	0.85	0.84	0.88	0.86	1756400.0
2018-01-30	0.87	0.85	0.87	0.86	306300.0
2018-01-31	0.83	0.83	0.89	0.85	956300.0
2018-02-01	0.85	0.83	0.85	0.84	296000.0
2018-02-02	0.87	0.84	0.87	0.84	224900.0
2018-02-05	0.83	0.83	0.84	0.83	83200.0
2018-02-06	0.82	0.8	0.83	0.81	368300.0
2018-02-07	0.84	0.8	0.84	0.8	671300.0
2018-02-08	0.83	0.81	0.85	0.82	1201500.0
2018-02-09	0.82	0.81	0.83	0.82	219300.0
2018-02-12	0.81	0.81	0.83	0.82	297000.0
2018-02-13	0.82	0.82	0.84	0.83	122700.0
2018-02-14	0.83	0.82	0.83	0.82	279600.0
2018-02-15	0.81	0.81	0.83	0.83	176200.0
2018-02-16	0.84	0.81	0.84	0.82	519100.0
2018-02-19	0.81	0.81	0.84	0.83	146800.0
2018-02-20	0.82	0.82	0.84	0.83	182300.0
2018-02-21	0.81	0.8	0.83	0.8	156000.0
2018-02-22	0.81	0.8	0.82	0.8	370600.0
2018-02-23	0.8	0.8	0.84	0.82	790500.0
2018-02-26	0.83	0.82	0.83	0.82	40000.0
2018-02-27	0.84	0.82	0.84	0.82	71800.0
2018-02-28	0.82	0.82	0.83	0.83	22200.0
2018-03-02	0.82	0.8	0.82	0.8	357600.0
2018-03-05	0.79	0.79	0.84	0.81	1133900.0
2018-03-06	0.8	0.8	0.88	0.85	3447700.0
2018-03-07	0.86	0.84	0.87	0.84	1028300.0
2018-03-08	0.84	0.83	0.84	0.83	453300.0
2018-03-09	0.82	0.8	0.82	0.8	385600.0
2018-03-12	0.82	0.79	0.83	0.8	816500.0
2018-03-13	0.79	0.79	0.81	0.8	183900.0
2018-03-14	0.81	0.81	0.82	0.81	120300.0
2018-03-15	0.81	0.8	0.81	0.8	127900.0
2018-03-16	0.8	0.8	0.81	0.8	134300.0
2018-03-19	0.81	0.8	0.81	0.8	81900.0
2018-03-20	0.8	0.79	0.81	0.8	719100.0
2018-03-21	0.8	0.8	0.81	0.8	119800.0
2018-03-22	0.8	0.8	0.83	0.81	1533200.0
2018-03-23	0.81	0.81	0.81	0.81	53000.0
2018-03-26	0.8	0.8	0.81	0.8	28300.0
2018-03-27	0.81	0.81	0.81	0.81	8700.0
2018-03-28	0.8	0.8	0.86	0.82	5887900.0
2018-03-29	0.84	0.8	0.84	0.8	479700.0
2018-03-30	0.81	0.8	0.81	0.81	208900.0
2018-04-02	0.81	0.8	0.81	0.81	178100.0
2018-04-03	0.81	0.8	0.81	0.8	55100.0
2018-04-04	0.8	0.77	0.8	0.77	560400.0
2018-04-05	0.75	0.75	0.8	0.8	239100.0
2018-04-09	0.79	0.78	0.8	0.79	26300.0
2018-04-10	0.79	0.77	0.79	0.79	74100.0
2018-04-11	0.78	0.77	0.79	0.79	19200.0
2018-04-12	0.79	0.78	0.79	0.79	78800.0
2018-04-17	0.78	0.78	0.83	0.78	1093200.0
2018-04-18	0.79	0.79	0.8	0.79	133200.0
2018-04-19	0.79	0.79	0.81	0.81	453900.0
2018-04-20	0.83	0.8	0.83	0.8	227100.0
2018-04-23	0.79	0.79	0.79	0.79	103100.0
2018-04-24	0.79	0.79	0.79	0.79	161700.0
2018-04-25	0.79	0.78	0.79	0.79	80800.0
2018-04-26	0.79	0.79	0.83	0.8	2612000.0
2018-04-27	0.81	0.8	0.81	0.8	355300.0
2018-04-30	0.8	0.79	0.81	0.79	202800.0
2018-05-02	0.8	0.79	0.8	0.79	62300.0
2018-05-03	0.79	0.79	0.8	0.79	464400.0
2018-05-04	0.79	0.78	0.8	0.78	430100.0
2018-05-07	0.78	0.78	0.79	0.79	160600.0
2018-05-08	0.78	0.78	0.82	0.79	1766600.0
2018-05-09	0.79	0.79	0.81	0.79	1572200.0
2018-05-10	0.79	0.79	0.79	0.79	132000.0
2018-05-11	0.8	0.79	0.81	0.8	449100.0
2018-05-14	0.8	0.79	0.81	0.79	292100.0
2018-05-15	0.79	0.78	0.79	0.78	211400.0
2018-05-16	0.78	0.78	0.78	0.78	538800.0
2018-05-17	0.78	0.78	0.79	0.79	90500.0
2018-05-18	0.8	0.76	0.8	0.76	257300.0
2018-05-21	0.75	0.75	0.78	0.77	131400.0
2018-05-22	0.78	0.78	0.78	0.78	30600.0
2018-05-23	0.79	0.78	0.79	0.78	57100.0
2018-05-24	0.78	0.76	0.79	0.77	360500.0
2018-05-25	0.77	0.76	0.78	0.78	49100.0
2018-05-28	0.77	0.77	0.78	0.78	72500.0
2018-05-30	0.78	0.77	0.78	0.78	230600.0
2018-05-31	0.78	0.7	0.78	0.76	233900.0
2018-06-01	0.77	0.77	0.78	0.77	73100.0
2018-06-04	0.78	0.76	0.78	0.77	114300.0
2018-06-05	0.77	0.73	0.78	0.76	213200.0
2018-06-06	0.75	0.75	0.77	0.75	77500.0
2018-06-07	0.76	0.74	0.77	0.75	290600.0
2018-06-08	0.75	0.74	0.76	0.76	180900.0
2018-06-11	0.76	0.74	0.77	0.77	151900.0
2018-06-12	0.76	0.76	0.77	0.76	80300.0
2018-06-13	0.76	0.73	0.77	0.73	220700.0
2018-06-14	0.74	0.72	0.74	0.72	272600.0
2018-06-15	0.72	0.72	0.74	0.72	174300.0
2018-06-18	0.72	0.71	0.72	0.72	50600.0
2018-06-19	0.72	0.69	0.72	0.7	194200.0
2018-06-20	0.7	0.7	0.7	0.7	2600.0
2018-06-21	0.7	0.68	0.7	0.68	45400.0
2018-06-22	0.68	0.67	0.69	0.67	23900.0
2018-06-25	0.68	0.64	0.68	0.65	29700.0
2018-06-26	0.65	0.64	0.66	0.65	22400.0
2018-06-27	0.64	0.62	0.66	0.63	155300.0
2018-06-28	0.62	0.6	0.63	0.6	38500.0
2018-06-29	0.61	0.59	0.61	0.59	106700.0
2018-07-02	0.59	0.59	0.64	0.6	1028600.0
2018-07-03	0.61	0.6	0.63	0.6	99100.0
2018-07-04	0.61	0.6	0.61	0.6	222300.0
2018-07-05	0.6	0.59	0.61	0.6	289200.0
2018-07-06	0.6	0.59	0.6	0.6	111500.0
2018-07-09	0.6	0.6	0.61	0.61	38600.0
2018-07-10	0.6	0.6	0.64	0.63	191800.0
2018-07-11	0.65	0.62	0.65	0.63	63300.0
2018-07-13	0.63	0.63	0.66	0.66	266900.0
2018-07-16	0.64	0.64	0.66	0.64	180400.0
2018-07-17	0.63	0.62	0.64	0.62	164400.0
2018-07-18	0.63	0.62	0.63	0.62	75200.0
2018-07-19	0.62	0.62	0.63	0.62	22300.0
2018-07-20	0.64	0.63	0.64	0.63	40100.0
2018-07-23	0.64	0.64	0.68	0.64	529500.0
2018-07-24	0.64	0.64	0.65	0.65	97200.0
2018-07-25	0.63	0.63	0.65	0.63	225100.0
2018-07-26	0.63	0.63	0.65	0.65	170500.0
2018-07-31	0.65	0.64	0.66	0.65	342900.0
2018-08-01	0.65	0.65	0.69	0.68	540500.0
2018-08-02	0.68	0.66	0.68	0.66	305400.0
2018-08-03	0.66	0.66	0.66	0.66	79800.0
2018-08-06	0.65	0.65	0.67	0.66	207600.0
2018-08-07	0.65	0.65	0.66	0.65	126100.0
2018-08-08	0.65	0.65	0.66	0.65	78100.0
2018-08-09	0.65	0.65	0.66	0.65	38400.0
2018-08-10	0.66	0.65	0.73	0.65	7817200.0
2018-08-14	0.65	0.64	0.66	0.66	216300.0
2018-08-15	0.66	0.64	0.66	0.64	228100.0
2018-08-16	0.64	0.63	0.65	0.64	285500.0
2018-08-17	0.64	0.64	0.66	0.66	212200.0
2018-08-20	0.66	0.65	0.66	0.66	116000.0
2018-08-21	0.65	0.65	0.65	0.65	1500.0
2018-08-22	0.65	0.64	0.65	0.64	185300.0
2018-08-23	0.65	0.64	0.66	0.65	113500.0
2018-08-24	0.66	0.64	0.66	0.64	89600.0
2018-08-27	0.64	0.64	0.64	0.64	25000.0
2018-08-28	0.65	0.65	0.68	0.65	581600.0
2018-08-29	0.65	0.65	0.66	0.66	592000.0
2018-08-30	0.65	0.65	0.67	0.66	315000.0
2018-08-31	0.67	0.66	0.68	0.66	486700.0
2018-09-03	0.65	0.65	0.67	0.65	114100.0
2018-09-04	0.65	0.65	0.65	0.65	90000.0
2018-09-05	0.65	0.64	0.65	0.64	562400.0
2018-09-06	0.64	0.64	0.64	0.64	106800.0
2018-09-07	0.64	0.64	0.64	0.64	122100.0
2018-09-10	0.63	0.63	0.64	0.64	64800.0
2018-09-11	0.65	0.65	0.65	0.65	10100.0
2018-09-12	0.65	0.63	0.65	0.64	7300.0
2018-09-13	0.64	0.64	0.64	0.64	137900.0
2018-09-14	0.64	0.64	0.65	0.65	58300.0
2018-09-17	0.65	0.64	0.65	0.64	25000.0
2018-09-18	0.65	0.64	0.65	0.64	153200.0
2018-09-19	0.65	0.63	0.65	0.64	416500.0
2018-09-20	0.65	0.65	0.67	0.65	646700.0
2018-09-21	0.65	0.65	0.68	0.65	189600.0
2018-09-24	0.66	0.65	0.66	0.65	85100.0
2018-09-25	0.66	0.64	0.66	0.65	198000.0
2018-09-26	0.65	0.64	0.66	0.64	205800.0
2018-09-27	0.65	0.64	0.66	0.65	435800.0
2018-09-28	0.64	0.64	0.65	0.65	19200.0
2018-10-01	0.64	0.64	0.69	0.65	3992100.0
2018-10-02	0.65	0.65	0.66	0.65	286100.0
2018-10-03	0.65	0.65	0.66	0.65	132300.0
2018-10-04	0.65	0.64	0.67	0.64	992000.0
2018-10-05	0.64	0.64	0.65	0.64	243100.0
2018-10-08	0.64	0.64	0.65	0.65	251400.0
2018-10-09	0.64	0.64	0.66	0.66	238600.0
2018-10-10	0.65	0.65	0.66	0.66	82500.0
2018-10-11	0.64	0.64	0.64	0.64	502500.0
2018-10-12	0.64	0.64	0.65	0.64	47000.0
2018-10-16	0.65	0.65	0.66	0.66	139400.0
2018-10-17	0.65	0.65	0.66	0.65	223000.0
2018-10-18	0.64	0.63	0.64	0.64	448600.0
2018-10-19	0.63	0.62	0.64	0.64	87300.0
2018-10-22	0.64	0.63	0.66	0.65	1408300.0
2018-10-24	0.64	0.6	0.64	0.62	315900.0
2018-10-25	0.61	0.61	0.62	0.62	293200.0
2018-10-26	0.61	0.61	0.62	0.62	3600.0
2018-10-29	0.62	0.62	0.63	0.63	1200.0
2018-10-30	0.62	0.62	0.63	0.63	1100.0
2018-10-31	0.61	0.61	0.62	0.62	12700.0
2018-11-01	0.62	0.62	0.63	0.63	14000.0
2018-11-02	0.64	0.64	0.64	0.64	200.0
2018-11-05	0.63	0.62	0.64	0.63	87000.0
2018-11-06	0.63	0.63	0.64	0.64	7100.0
2018-11-07	0.63	0.62	0.63	0.63	131300.0
2018-11-08	0.64	0.62	0.64	0.63	51200.0
2018-11-09	0.62	0.62	0.63	0.62	38500.0
2018-11-12	0.62	0.61	0.63	0.61	8700.0
2018-11-13	0.61	0.6	0.63	0.63	13800.0
2018-11-14	0.62	0.6	0.62	0.6	59800.0
2018-11-15	0.61	0.61	0.62	0.62	6800.0
2018-11-16	0.6	0.55	0.62	0.55	501200.0
2018-11-19	0.56	0.48	0.57	0.48	1599800.0
2018-11-20	0.49	0.49	0.52	0.51	1478400.0
2018-11-21	0.49	0.48	0.5	0.5	529200.0
2018-11-22	0.49	0.49	0.5	0.5	235300.0
2018-11-23	0.5	0.5	0.5	0.5	254100.0
2018-11-26	0.5	0.49	0.52	0.49	202200.0
2018-11-27	0.49	0.48	0.5	0.49	230000.0
2018-11-28	0.5	0.49	0.52	0.5	82300.0
2018-11-29	0.52	0.51	0.53	0.52	53100.0
2018-11-30	0.5	0.5	0.52	0.51	67700.0
2018-12-03	0.51	0.5	0.52	0.5	101200.0
2018-12-04	0.5	0.45	0.5	0.47	1394500.0
2018-12-06	0.47	0.46	0.47	0.47	135600.0
2018-12-07	0.47	0.47	0.48	0.47	121500.0
2018-12-11	0.46	0.45	0.47	0.46	91500.0
2018-12-12	0.46	0.46	0.47	0.47	73500.0
2018-12-13	0.46	0.45	0.47	0.45	7400.0
2018-12-14	0.46	0.45	0.47	0.45	31900.0
2018-12-17	0.44	0.44	0.44	0.44	187000.0
2018-12-18	0.44	0.42	0.44	0.44	29800.0
2018-12-19	0.44	0.44	0.44	0.44	700.0
2018-12-20	0.43	0.43	0.45	0.45	2100.0
2018-12-21	0.44	0.41	0.45	0.44	28000.0
2018-12-24	0.42	0.41	0.42	0.42	138600.0
2018-12-25	0.41	0.4	0.41	0.41	207300.0
2018-12-26	0.41	0.39	0.42	0.41	24500.0
2018-12-27	0.41	0.4	0.41	0.41	61400.0
2018-12-28	0.41	0.4	0.41	0.4	31200.0
2019-01-02	0.4	0.4	0.41	0.4	1600.0
2019-01-03	0.4	0.39	0.41	0.41	152200.0
2019-01-04	0.4	0.39	0.4	0.4	203800.0
2019-01-07	0.4	0.4	0.43	0.43	174000.0
2019-01-08	0.42	0.41	0.43	0.43	72000.0
2019-01-09	0.43	0.41	0.43	0.42	113600.0
2019-01-10	0.42	0.41	0.42	0.41	30500.0
2019-01-11	0.42	0.41	0.43	0.41	184900.0
2019-01-14	0.43	0.39	0.43	0.41	102600.0
2019-01-15	0.41	0.41	0.43	0.41	167600.0
2019-01-16	0.43	0.4	0.46	0.4	1475600.0
2019-01-17	0.43	0.41	0.43	0.41	210200.0
2019-01-18	0.42	0.42	0.53	0.53	24681800.0
2019-01-21	0.53	0.48	0.55	0.5	13597100.0
2019-01-22	0.52	0.5	0.55	0.52	11123400.0
2019-01-23	0.52	0.5	0.53	0.5	2687900.0
2019-01-24	0.5	0.48	0.52	0.5	1587500.0
2019-01-25	0.52	0.5	0.52	0.51	654200.0
2019-01-28	0.5	0.5	0.57	0.52	3902500.0
2019-01-29	0.52	0.5	0.52	0.5	524700.0
2019-01-30	0.5	0.5	0.51	0.5	698500.0
2019-01-31	0.52	0.5	0.52	0.5	942600.0
2019-02-01	0.5	0.5	0.53	0.52	1250500.0
2019-02-04	0.52	0.51	0.53	0.52	269900.0
2019-02-05	0.51	0.51	0.54	0.52	1026800.0
2019-02-06	0.53	0.52	0.53	0.52	79800.0
2019-02-07	0.53	0.53	0.6	0.54	7778800.0
2019-02-08	0.54	0.53	0.55	0.54	489500.0
2019-02-11	0.53	0.52	0.55	0.53	361800.0
2019-02-12	0.55	0.53	0.55	0.53	53700.0
2019-02-13	0.54	0.53	0.54	0.54	91800.0
2019-02-14	0.53	0.52	0.53	0.52	186700.0
2019-02-15	0.54	0.5	0.54	0.51	295300.0
2019-02-18	0.51	0.51	0.54	0.54	178300.0
2019-02-20	0.54	0.51	0.59	0.58	3210000.0
2019-02-21	0.62	0.56	0.62	0.56	7239300.0
2019-02-22	0.55	0.55	0.56	0.55	293900.0
2019-02-25	0.54	0.54	0.59	0.56	1373500.0
2019-02-26	0.56	0.54	0.59	0.54	269800.0
2019-02-27	0.56	0.55	0.58	0.56	522400.0
2019-02-28	0.57	0.56	0.57	0.56	242600.0
2019-03-01	0.57	0.55	0.6	0.58	1358300.0
2019-03-04	0.58	0.57	0.61	0.58	2063400.0
2019-03-05	0.58	0.58	0.6	0.58	644400.0
2019-03-06	0.58	0.56	0.59	0.56	1494400.0
2019-03-07	0.57	0.56	0.57	0.57	449500.0
2019-03-08	0.57	0.55	0.57	0.55	57200.0
2019-03-11	0.56	0.54	0.57	0.54	217000.0
2019-03-12	0.54	0.53	0.54	0.54	532000.0
2019-03-13	0.54	0.54	0.55	0.54	29400.0
2019-03-14	0.55	0.54	0.57	0.54	698600.0
2019-03-15	0.55	0.54	0.55	0.54	22200.0
2019-03-18	0.53	0.52	0.54	0.54	134700.0
2019-03-20	0.54	0.51	0.54	0.51	98300.0
2019-03-21	0.53	0.53	0.53	0.53	31900.0
2019-03-22	0.52	0.52	0.52	0.52	10000.0
2019-03-25	0.5	0.5	0.51	0.51	66500.0
2019-03-26	0.5	0.49	0.51	0.5	76200.0
2019-03-27	0.5	0.49	0.5	0.49	50600.0
2019-03-28	0.49	0.49	0.49	0.49	74100.0
2019-03-29	0.49	0.49	0.49	0.49	53100.0
2019-04-01	0.48	0.48	0.49	0.49	336300.0
2019-04-02	0.49	0.49	0.5	0.49	80000.0
2019-04-03	0.5	0.49	0.5	0.49	130400.0
2019-04-04	0.49	0.49	0.49	0.49	8900.0
2019-04-05	0.49	0.49	0.5	0.5	67900.0
2019-04-09	0.49	0.48	0.49	0.49	133300.0
2019-04-10	0.5	0.49	0.5	0.49	27300.0
2019-04-11	0.5	0.49	0.5	0.49	60500.0
2019-04-12	0.49	0.49	0.5	0.5	28800.0
2019-04-17	0.5	0.5	0.51	0.5	28900.0
2019-04-18	0.5	0.49	0.51	0.5	453800.0
2019-04-19	0.5	0.5	0.51	0.5	69900.0
2019-04-22	0.5	0.5	0.51	0.5	50300.0
2019-04-23	0.5	0.49	0.5	0.5	80600.0
2019-04-24	0.5	0.5	0.51	0.5	53500.0
2019-04-25	0.51	0.51	0.51	0.51	4300.0
2019-04-26	0.5	0.49	0.5	0.5	49500.0
2019-04-29	0.5	0.49	0.5	0.49	83000.0
2019-04-30	0.49	0.49	0.5	0.5	95700.0
2019-05-02	0.5	0.49	0.51	0.49	100900.0
2019-05-03	0.49	0.49	0.5	0.49	37200.0
2019-05-07	0.49	0.48	0.5	0.48	42100.0
2019-05-08	0.49	0.47	0.49	0.47	38100.0
2019-05-09	0.46	0.46	0.48	0.47	114000.0
2019-05-10	0.47	0.47	0.48	0.47	311300.0
2019-05-13	0.47	0.45	0.47	0.45	178700.0
2019-05-14	0.46	0.45	0.49	0.46	500.0
2019-05-15	0.45	0.45	0.46	0.45	40300.0
2019-05-16	0.46	0.44	0.46	0.44	136700.0
2019-05-17	0.45	0.45	0.45	0.45	87800.0
2019-05-21	0.46	0.45	0.49	0.45	384800.0
2019-05-22	0.45	0.44	0.45	0.44	294900.0
2019-05-23	0.45	0.44	0.46	0.45	284400.0
2019-05-24	0.45	0.44	0.46	0.44	98300.0
2019-05-27	0.45	0.45	0.46	0.46	81000.0
2019-05-28	0.46	0.45	0.46	0.45	107000.0
2019-05-29	0.45	0.45	0.47	0.46	145000.0
2019-05-30	0.46	0.45	0.46	0.46	28400.0
2019-05-31	0.46	0.46	0.47	0.46	78900.0
2019-06-04	0.46	0.45	0.46	0.46	115400.0
2019-06-05	0.47	0.45	0.47	0.46	50500.0
2019-06-06	0.47	0.46	0.47	0.47	64200.0
2019-06-07	0.46	0.46	0.46	0.46	30400.0
2019-06-10	0.46	0.46	0.47	0.47	80200.0
2019-06-11	0.47	0.46	0.47	0.46	20700.0
2019-06-12	0.46	0.46	0.46	0.46	9400.0
2019-06-13	0.47	0.47	0.5	0.48	663300.0
2019-06-14	0.49	0.49	0.62	0.62	25271400.0
2019-06-17	0.61	0.56	0.62	0.59	18030000.0
2019-06-18	0.6	0.6	0.69	0.63	42461400.0
2019-06-19	0.63	0.6	0.64	0.6	7923200.0
2019-06-20	0.6	0.58	0.62	0.6	2861400.0
2019-06-21	0.61	0.59	0.61	0.6	1656100.0
2019-06-24	0.6	0.58	0.61	0.59	1684100.0
2019-06-25	0.59	0.58	0.59	0.58	575500.0
2019-06-26	0.59	0.59	0.61	0.6	518300.0
2019-06-27	0.61	0.58	0.61	0.59	698000.0
2019-06-28	0.59	0.59	0.6	0.59	352500.0
2019-07-01	0.59	0.58	0.6	0.59	998700.0
2019-07-02	0.6	0.54	0.6	0.57	1317100.0
2019-07-03	0.59	0.55	0.59	0.55	192800.0
2019-07-04	0.55	0.55	0.58	0.55	863300.0
2019-07-05	0.55	0.55	0.56	0.56	221600.0
2019-07-08	0.55	0.55	0.57	0.56	498800.0
2019-07-09	0.56	0.56	0.58	0.56	1540200.0
2019-07-10	0.55	0.55	0.57	0.56	159200.0
2019-07-11	0.56	0.56	0.58	0.58	98000.0
2019-07-12	0.58	0.58	0.62	0.59	3234300.0
2019-07-15	0.61	0.59	0.61	0.6	530700.0
2019-07-17	0.6	0.58	0.6	0.58	634100.0
2019-07-18	0.59	0.58	0.59	0.59	76200.0
2019-07-19	0.59	0.59	0.6	0.59	463600.0
2019-07-22	0.6	0.56	0.6	0.56	1596500.0
2019-07-23	0.57	0.55	0.58	0.55	955100.0
2019-07-24	0.57	0.54	0.57	0.56	647700.0
2019-07-25	0.55	0.55	0.57	0.56	656400.0
2019-07-26	0.56	0.56	0.59	0.57	1041400.0
2019-07-30	0.57	0.56	0.58	0.56	375700.0
2019-07-31	0.56	0.56	0.57	0.56	745400.0
2019-08-01	0.55	0.55	0.56	0.56	242800.0
2019-08-02	0.55	0.54	0.57	0.57	237000.0
2019-08-05	0.55	0.55	0.56	0.56	86200.0
2019-08-06	0.54	0.54	0.57	0.55	380200.0
2019-08-07	0.56	0.53	0.56	0.56	159100.0
2019-08-08	0.56	0.55	0.6	0.58	1872700.0
2019-08-09	0.57	0.55	0.58	0.57	747300.0
2019-08-13	0.56	0.55	0.56	0.55	507400.0
2019-08-14	0.56	0.55	0.56	0.56	216100.0
2019-08-15	0.53	0.52	0.54	0.54	165400.0
2019-08-16	0.55	0.54	0.55	0.55	28800.0
2019-08-19	0.53	0.53	0.54	0.53	547500.0
2019-08-20	0.55	0.55	0.68	0.64	49283100.0
2019-08-21	0.61	0.59	0.63	0.6	31290300.0
2019-08-22	0.61	0.59	0.65	0.59	19158700.0
2019-08-23	0.6	0.59	0.62	0.59	13779700.0
2019-08-26	0.58	0.55	0.59	0.57	6450900.0
2019-08-27	0.59	0.57	0.6	0.58	3704100.0
2019-08-28	0.59	0.59	0.68	0.6	33848400.0
2019-08-29	0.6	0.57	0.61	0.58	10496800.0
2019-08-30	0.59	0.58	0.6	0.59	2241800.0
2019-09-02	0.59	0.58	0.62	0.59	4848000.0
2019-09-03	0.59	0.58	0.63	0.59	11355800.0
2019-09-04	0.6	0.59	0.61	0.59	4096500.0
2019-09-05	0.6	0.59	0.61	0.59	2044400.0
2019-09-06	0.6	0.58	0.6	0.58	831200.0
2019-09-09	0.59	0.56	0.59	0.57	2432800.0
2019-09-10	0.57	0.57	0.58	0.57	739000.0
2019-09-11	0.57	0.56	0.57	0.56	408400.0
2019-09-12	0.57	0.56	0.58	0.56	341600.0
2019-09-13	0.57	0.56	0.58	0.56	174100.0
2019-09-16	0.57	0.57	0.59	0.58	941100.0
2019-09-17	0.58	0.56	0.59	0.57	327400.0
2019-09-18	0.57	0.56	0.57	0.56	813100.0
2019-09-19	0.56	0.56	0.57	0.56	159800.0
2019-09-20	0.58	0.55	0.58	0.55	116700.0
2019-09-23	0.55	0.51	0.57	0.52	594700.0
2019-09-24	0.53	0.5	0.53	0.51	1540600.0
2019-09-25	0.52	0.5	0.52	0.5	425400.0
2019-09-26	0.5	0.5	0.52	0.5	493700.0
2019-09-27	0.51	0.49	0.51	0.5	424500.0
2019-09-30	0.51	0.49	0.52	0.49	502900.0
2019-10-01	0.5	0.5	0.51	0.5	198700.0
2019-10-02	0.5	0.49	0.58	0.54	8867500.0
2019-10-03	0.54	0.53	0.57	0.54	4281400.0
2019-10-04	0.55	0.55	0.59	0.57	10083600.0
2019-10-07	0.57	0.55	0.58	0.56	2642000.0
2019-10-08	0.56	0.54	0.57	0.55	1284500.0
2019-10-09	0.55	0.55	0.58	0.56	1778800.0
2019-10-10	0.57	0.56	0.57	0.56	234300.0
2019-10-11	0.56	0.56	0.58	0.57	1440800.0
2019-10-15	0.58	0.56	0.58	0.57	425700.0
2019-10-16	0.59	0.58	0.6	0.59	2861800.0
2019-10-17	0.59	0.58	0.6	0.58	289200.0
2019-10-18	0.59	0.56	0.6	0.59	2896600.0
2019-10-21	0.59	0.58	0.62	0.59	7529700.0
2019-10-22	0.58	0.58	0.6	0.59	1267800.0
2019-10-24	0.58	0.58	0.6	0.58	1893200.0
2019-10-25	0.59	0.58	0.6	0.59	2835200.0
2019-10-28	0.59	0.58	0.6	0.59	1240300.0
2019-10-29	0.59	0.58	0.6	0.58	172000.0
2019-10-30	0.59	0.58	0.59	0.58	156700.0
2019-10-31	0.58	0.58	0.59	0.58	774600.0
2019-11-01	0.59	0.58	0.6	0.58	706300.0
2019-11-04	0.58	0.57	0.59	0.58	737100.0
2019-11-05	0.58	0.58	0.59	0.58	378900.0
2019-11-06	0.58	0.57	0.59	0.57	301300.0
2019-11-07	0.57	0.57	0.59	0.57	204000.0
2019-11-08	0.58	0.58	0.6	0.6	1376200.0
2019-11-11	0.6	0.58	0.6	0.58	557600.0
2019-11-12	0.57	0.52	0.57	0.56	2160300.0
2019-11-13	0.55	0.55	0.57	0.56	372100.0
2019-11-14	0.56	0.55	0.57	0.55	186300.0
2019-11-15	0.55	0.53	0.56	0.54	137700.0
2019-11-18	0.53	0.53	0.54	0.53	116000.0
2019-11-19	0.53	0.52	0.54	0.54	57100.0
2019-11-20	0.54	0.53	0.55	0.53	117200.0
2019-11-21	0.54	0.53	0.54	0.53	405500.0
2019-11-22	0.52	0.52	0.54	0.53	22100.0
2019-11-25	0.53	0.53	0.56	0.55	293500.0
2019-11-26	0.56	0.54	0.56	0.54	143100.0
2019-11-27	0.55	0.55	0.61	0.58	2230100.0
2019-11-28	0.6	0.57	0.6	0.57	576700.0
2019-11-29	0.59	0.56	0.59	0.58	24800.0
2019-12-02	0.59	0.59	0.6	0.59	646400.0
2019-12-03	0.6	0.59	0.6	0.59	182000.0
2019-12-04	0.6	0.58	0.6	0.59	181200.0
2019-12-06	0.6	0.59	0.6	0.59	540000.0
2019-12-09	0.59	0.58	0.6	0.58	103700.0
2019-12-11	0.58	0.57	0.59	0.58	21700.0
2019-12-12	0.6	0.59	0.6	0.59	86200.0
2019-12-13	0.57	0.57	0.6	0.59	65700.0
2019-12-16	0.6	0.58	0.6	0.59	112200.0
2019-12-17	0.6	0.58	0.61	0.58	980500.0
2019-12-18	0.6	0.59	0.6	0.59	251500.0
2019-12-19	0.59	0.59	0.6	0.6	100500.0
2019-12-20	0.6	0.59	0.6	0.59	110100.0
2019-12-23	0.59	0.57	0.6	0.57	115700.0
2019-12-24	0.58	0.58	0.6	0.59	419100.0
2019-12-25	0.59	0.59	0.6	0.59	133900.0
2019-12-26	0.59	0.59	0.59	0.59	163000.0
2019-12-27	0.6	0.59	0.6	0.59	50700.0
2019-12-30	0.6	0.6	0.62	0.62	972500.0
2020-01-02	0.62	0.62	0.65	0.62	2230200.0
2020-01-03	0.62	0.61	0.62	0.61	702300.0
2020-01-06	0.61	0.58	0.61	0.59	989400.0
2020-01-07	0.59	0.58	0.59	0.59	206300.0
2020-01-08	0.58	0.58	0.59	0.59	287500.0
2020-01-09	0.58	0.58	0.6	0.59	745000.0
2020-01-10	0.59	0.59	0.6	0.59	15300.0
2020-01-13	0.6	0.59	0.6	0.59	164500.0
2020-01-14	0.59	0.59	0.59	0.59	70600.0
2020-01-15	0.6	0.59	0.6	0.59	209700.0
2020-01-16	0.6	0.59	0.6	0.6	363000.0
2020-01-17	0.6	0.6	0.61	0.6	995000.0
2020-01-20	0.6	0.58	0.6	0.58	711900.0
2020-01-21	0.59	0.59	0.6	0.59	346100.0
2020-01-22	0.58	0.58	0.6	0.59	153700.0
2020-01-23	0.58	0.58	0.6	0.6	465800.0
2020-01-24	0.6	0.58	0.6	0.58	440500.0
2020-01-27	0.58	0.57	0.58	0.58	179600.0
2020-01-28	0.58	0.56	0.58	0.58	10300.0
2020-01-29	0.57	0.56	0.58	0.57	482600.0
2020-01-30	0.57	0.56	0.57	0.57	278800.0
2020-01-31	0.57	0.57	0.58	0.57	122600.0
2020-02-03	0.56	0.55	0.57	0.57	76600.0
2020-02-04	0.57	0.57	0.59	0.59	316400.0
2020-02-05	0.58	0.58	0.59	0.59	24100.0
2020-02-06	0.58	0.58	0.59	0.59	746000.0
2020-02-07	0.59	0.59	0.6	0.59	17000.0
2020-02-11	0.59	0.59	0.6	0.59	136200.0
2020-02-12	0.6	0.58	0.6	0.58	1251000.0
2020-02-13	0.58	0.57	0.59	0.58	160400.0
2020-02-14	0.58	0.58	0.59	0.58	189200.0
2020-02-17	0.59	0.58	0.59	0.58	8600.0
2020-02-18	0.58	0.57	0.59	0.59	199400.0
2020-02-19	0.58	0.56	0.58	0.57	266300.0
2020-02-20	0.58	0.57	0.58	0.57	10400.0
2020-02-21	0.58	0.53	0.58	0.57	516400.0
2020-02-24	0.56	0.53	0.56	0.55	112900.0
2020-02-25	0.56	0.56	0.56	0.56	300.0
2020-02-26	0.54	0.5	0.54	0.54	17400.0
2020-02-27	0.52	0.5	0.56	0.54	31300.0
2020-02-28	0.53	0.5	0.54	0.52	33000.0
2020-03-02	0.51	0.51	0.52	0.52	217300.0
2020-03-03	0.52	0.52	0.54	0.54	188100.0
2020-03-04	0.53	0.51	0.54	0.53	115400.0
2020-03-05	0.53	0.52	0.54	0.52	227200.0
2020-03-06	0.52	0.51	0.53	0.53	188100.0
2020-03-09	0.51	0.38	0.53	0.43	552400.0
2020-03-10	0.43	0.42	0.45	0.43	155900.0
2020-03-11	0.45	0.42	0.52	0.46	13200.0
2020-03-12	0.42	0.39	0.42	0.41	175000.0
2020-03-13	0.39	0.35	0.4	0.36	426700.0
2020-03-16	0.38	0.34	0.39	0.35	287200.0
2020-03-17	0.34	0.32	0.38	0.33	146900.0
2020-03-18	0.37	0.29	0.37	0.32	1220100.0
2020-03-19	0.32	0.28	0.32	0.29	1589000.0
2020-03-20	0.3	0.29	0.31	0.3	449200.0
2020-03-23	0.28	0.27	0.29	0.28	262200.0
2020-03-24	0.29	0.27	0.29	0.29	201000.0
2020-03-25	0.29	0.28	0.33	0.31	1345500.0
2020-03-26	0.29	0.28	0.31	0.28	1484800.0
2020-03-27	0.28	0.28	0.3	0.3	256800.0
2020-03-30	0.3	0.28	0.3	0.3	5300.0
2020-03-31	0.28	0.27	0.3	0.29	128400.0
2020-04-01	0.3	0.29	0.3	0.3	66500.0
2020-04-02	0.3	0.29	0.3	0.3	6900.0
2020-04-03	0.3	0.29	0.3	0.29	313600.0
2020-04-07	0.29	0.29	0.31	0.3	351900.0
2020-04-08	0.32	0.3	0.32	0.31	271100.0
2020-04-09	0.31	0.31	0.34	0.34	779300.0
2020-04-10	0.33	0.32	0.34	0.34	500500.0
2020-04-13	0.34	0.33	0.34	0.33	289500.0
2020-04-14	0.33	0.33	0.35	0.34	57500.0
2020-04-15	0.34	0.34	0.36	0.36	180500.0
2020-04-16	0.34	0.34	0.36	0.36	88000.0
2020-04-17	0.36	0.35	0.38	0.35	99500.0
2020-04-20	0.37	0.34	0.37	0.36	81000.0
2020-04-21	0.35	0.35	0.36	0.35	213400.0
2020-04-22	0.35	0.35	0.39	0.36	888400.0
2020-04-23	0.36	0.36	0.4	0.38	1602600.0
2020-04-24	0.37	0.37	0.39	0.38	717800.0
2020-04-27	0.39	0.36	0.39	0.38	662500.0
2020-04-28	0.38	0.37	0.38	0.38	12400.0
2020-04-29	0.37	0.37	0.38	0.38	903700.0
2020-04-30	0.37	0.36	0.38	0.38	664800.0
2020-05-05	0.38	0.37	0.38	0.37	59400.0
2020-05-07	0.38	0.36	0.38	0.36	56400.0
2020-05-08	0.37	0.35	0.38	0.35	126000.0
2020-05-11	0.35	0.35	0.37	0.37	194100.0
2020-05-12	0.38	0.36	0.38	0.37	53200.0
2020-05-13	0.38	0.36	0.38	0.37	159900.0
2020-05-14	0.36	0.33	0.37	0.35	872400.0
2020-05-15	0.35	0.35	0.37	0.35	256900.0
2020-05-18	0.34	0.33	0.36	0.35	186000.0
2020-05-19	0.36	0.35	0.36	0.36	79500.0
2020-05-20	0.36	0.35	0.37	0.36	136100.0
2020-05-21	0.36	0.36	0.37	0.37	6600.0
2020-05-22	0.35	0.34	0.37	0.37	67700.0
2020-05-25	0.36	0.36	0.38	0.38	888700.0
2020-05-26	0.38	0.38	0.41	0.4	953000.0
2020-05-27	0.4	0.4	0.43	0.41	463700.0
2020-05-28	0.43	0.41	0.43	0.41	275400.0
2020-05-29	0.42	0.41	0.43	0.43	165500.0
2020-06-01	0.45	0.42	0.45	0.42	86100.0
2020-06-02	0.43	0.42	0.44	0.42	190100.0
2020-06-04	0.44	0.42	0.44	0.43	25000.0
2020-06-05	0.43	0.4	0.43	0.42	596500.0
2020-06-08	0.42	0.4	0.42	0.41	298600.0
2020-06-09	0.42	0.4	0.42	0.4	233400.0
2020-06-10	0.4	0.39	0.41	0.4	277700.0
2020-06-11	0.41	0.4	0.41	0.41	178500.0
2020-06-12	0.39	0.39	0.46	0.45	2232100.0
2020-06-15	0.45	0.42	0.47	0.42	827500.0
2020-06-16	0.45	0.42	0.45	0.42	476500.0
2020-06-17	0.43	0.43	0.47	0.45	1116300.0
2020-06-18	0.45	0.45	0.47	0.47	191400.0
2020-06-19	0.48	0.45	0.48	0.47	66700.0
2020-06-22	0.45	0.44	0.47	0.46	157700.0
2020-06-23	0.46	0.45	0.46	0.46	67100.0
2020-06-24	0.47	0.42	0.47	0.42	333700.0
2020-06-25	0.44	0.4	0.44	0.42	245000.0
2020-06-26	0.42	0.4	0.42	0.4	415400.0
2020-06-29	0.43	0.4	0.43	0.41	106400.0
2020-06-30	0.43	0.41	0.43	0.42	158800.0
2020-07-01	0.42	0.39	0.42	0.4	553300.0
2020-07-02	0.41	0.4	0.42	0.4	227200.0
2020-07-03	0.42	0.39	0.42	0.39	202000.0
2020-07-07	0.4	0.4	0.42	0.41	324700.0
2020-07-08	0.42	0.41	0.43	0.42	317900.0
2020-07-09	0.42	0.41	0.43	0.41	29900.0
2020-07-10	0.41	0.39	0.42	0.39	1027100.0
2020-07-13	0.4	0.38	0.41	0.4	384400.0
2020-07-14	0.39	0.35	0.4	0.37	2315800.0
2020-07-15	0.37	0.37	0.39	0.38	149100.0
2020-07-16	0.38	0.38	0.4	0.39	88000.0
2020-07-17	0.4	0.37	0.41	0.39	1435500.0
2020-07-20	0.39	0.38	0.4	0.4	161300.0
2020-07-21	0.4	0.37	0.4	0.38	1072100.0
2020-07-22	0.38	0.36	0.4	0.37	1623600.0
2020-07-23	0.36	0.36	0.4	0.4	953000.0
2020-07-24	0.4	0.37	0.4	0.37	1345900.0
2020-07-29	0.38	0.37	0.39	0.38	35000.0
2020-07-30	0.37	0.35	0.38	0.37	1043100.0
2020-07-31	0.36	0.34	0.38	0.38	268800.0
2020-08-03	0.36	0.36	0.38	0.38	17700.0
2020-08-04	0.38	0.37	0.38	0.37	85600.0
2020-08-05	0.37	0.36	0.38	0.37	208800.0
2020-08-06	0.36	0.36	0.38	0.37	1000.0
2020-08-07	0.37	0.36	0.38	0.37	111500.0
2020-08-10	0.36	0.36	0.37	0.36	203000.0
2020-08-11	0.37	0.35	0.37	0.37	332500.0
2020-08-13	0.35	0.35	0.37	0.37	87200.0
2020-08-14	0.36	0.36	0.37	0.36	6500.0
2020-08-17	0.37	0.35	0.37	0.36	228400.0
2020-08-18	0.36	0.36	0.37	0.37	60900.0
2020-08-19	0.36	0.35	0.37	0.37	257200.0
2020-08-20	0.35	0.35	0.37	0.36	367400.0
2020-08-21	0.36	0.33	0.37	0.35	1642400.0
2020-08-24	0.36	0.34	0.36	0.36	62100.0
2020-08-25	0.36	0.35	0.37	0.36	70400.0
2020-08-26	0.36	0.35	0.36	0.35	62500.0
2020-08-27	0.36	0.35	0.37	0.37	39400.0
2020-08-28	0.37	0.35	0.37	0.36	264800.0
2020-08-31	0.35	0.35	0.37	0.36	99900.0
2020-09-01	0.35	0.35	0.36	0.35	20700.0
2020-09-02	0.35	0.35	0.37	0.36	63900.0
2020-09-03	0.36	0.35	0.37	0.37	330300.0
2020-09-08	0.36	0.36	0.37	0.36	14300.0
2020-09-09	0.36	0.35	0.37	0.36	54400.0
2020-09-10	0.36	0.33	0.36	0.35	172100.0
2020-09-11	0.35	0.35	0.36	0.35	150400.0
2020-09-14	0.36	0.36	0.4	0.37	4275300.0
2020-09-15	0.38	0.36	0.38	0.37	541400.0
2020-09-16	0.38	0.35	0.38	0.35	689300.0
2020-09-17	0.36	0.36	0.38	0.37	1305400.0
2020-09-18	0.37	0.36	0.37	0.36	210200.0
2020-09-21	0.36	0.35	0.37	0.35	542300.0
2020-09-22	0.36	0.36	0.36	0.36	112600.0
2020-09-23	0.35	0.35	0.36	0.36	587800.0
2020-09-24	0.35	0.34	0.36	0.35	924400.0
2020-09-25	0.35	0.34	0.36	0.35	207100.0
2020-09-28	0.35	0.35	0.37	0.35	1755200.0
2020-09-29	0.36	0.35	0.36	0.35	400500.0
2020-09-30	0.36	0.36	0.39	0.38	3242800.0
2020-10-01	0.38	0.38	0.39	0.38	1155300.0
2020-10-02	0.38	0.38	0.45	0.41	3589900.0
2020-10-05	0.45	0.42	0.52	0.49	14013800.0
2020-10-06	0.52	0.46	0.52	0.49	4855000.0
2020-10-07	0.5	0.46	0.5	0.49	1180300.0
2020-10-08	0.49	0.46	0.49	0.46	1131000.0
2020-10-09	0.43	0.42	0.46	0.44	3202700.0
2020-10-12	0.44	0.42	0.45	0.45	778200.0
2020-10-14	0.46	0.43	0.46	0.43	519000.0
2020-10-15	0.43	0.43	0.47	0.44	2773500.0
2020-10-16	0.43	0.43	0.45	0.44	896300.0
2020-10-19	0.43	0.42	0.44	0.43	123300.0
2020-10-20	0.43	0.42	0.43	0.43	54900.0
2020-10-21	0.43	0.42	0.43	0.43	136100.0
2020-10-22	0.42	0.4	0.43	0.41	421200.0
2020-10-26	0.38	0.38	0.41	0.39	499100.0
2020-10-27	0.39	0.39	0.42	0.41	361400.0
2020-10-28	0.42	0.41	0.42	0.41	127600.0
2020-10-29	0.42	0.4	0.43	0.42	85200.0
2020-10-30	0.42	0.41	0.43	0.41	17800.0
2020-11-02	0.4	0.4	0.47	0.46	612100.0
2020-11-03	0.48	0.45	0.48	0.45	300800.0
2020-11-04	0.46	0.45	0.48	0.46	557900.0
2020-11-05	0.47	0.45	0.47	0.45	222500.0
2020-11-06	0.45	0.44	0.47	0.44	330000.0
2020-11-09	0.44	0.44	0.47	0.45	252700.0
2020-11-10	0.45	0.44	0.46	0.44	347000.0
2020-11-11	0.45	0.45	0.46	0.46	468400.0
2020-11-12	0.46	0.45	0.46	0.45	72900.0
2020-11-13	0.45	0.44	0.45	0.45	522000.0
2020-11-16	0.45	0.44	0.45	0.44	142500.0
2020-11-17	0.43	0.43	0.44	0.44	141200.0
2020-11-18	0.43	0.43	0.44	0.43	72200.0
2020-11-19	0.45	0.42	0.45	0.42	21200.0
2020-11-20	0.42	0.42	0.44	0.43	181600.0
2020-11-23	0.44	0.43	0.45	0.43	310000.0
2020-11-24	0.43	0.43	0.44	0.43	92300.0
2020-11-25	0.44	0.43	0.44	0.43	656200.0
2020-11-26	0.44	0.43	0.45	0.45	1054500.0
2020-11-27	0.45	0.44	0.45	0.44	319400.0
2020-11-30	0.45	0.43	0.45	0.43	223000.0
2020-12-01	0.44	0.43	0.45	0.44	372500.0
2020-12-02	0.44	0.43	0.45	0.44	122600.0
2020-12-03	0.43	0.43	0.45	0.45	591400.0
2020-12-04	0.45	0.44	0.46	0.44	2953300.0
2020-12-08	0.45	0.45	0.46	0.46	2141000.0
2020-12-09	0.46	0.44	0.46	0.45	1208000.0
2020-12-14	0.45	0.44	0.46	0.45	1575100.0
2020-12-15	0.45	0.44	0.46	0.46	961900.0
2020-12-16	0.46	0.45	0.46	0.46	2344400.0
2020-12-17	0.46	0.46	0.47	0.46	1576800.0
2020-12-18	0.46	0.46	0.47	0.47	519200.0
2020-12-21	0.45	0.41	0.45	0.42	1898500.0
2020-12-22	0.42	0.41	0.44	0.43	520800.0
2020-12-23	0.43	0.43	0.44	0.44	481500.0
2020-12-24	0.44	0.42	0.44	0.43	652200.0
2020-12-25	0.43	0.43	0.54	0.51	15015800.0
2020-12-28	0.53	0.5	0.6	0.56	26362900.0
2020-12-29	0.58	0.53	0.59	0.54	4607500.0
2020-12-30	0.54	0.5	0.56	0.52	3742400.0
2021-01-04	0.52	0.52	0.65	0.63	31932700.0
2021-01-05	0.63	0.58	0.63	0.61	10080100.0
2021-01-06	0.62	0.6	0.64	0.6	6908600.0
2021-01-07	0.62	0.6	0.69	0.64	26830500.0
2021-01-08	0.65	0.6	0.66	0.6	7475500.0
2021-01-11	0.64	0.61	0.64	0.61	3471800.0
2021-01-12	0.62	0.6	0.62	0.61	3331200.0
2021-01-13	0.6	0.58	0.62	0.58	2624700.0
2021-01-14	0.59	0.58	0.63	0.61	3913500.0
2021-01-15	0.61	0.59	0.62	0.59	908300.0
2021-01-18	0.6	0.59	0.62	0.6	3154700.0
2021-01-19	0.6	0.58	0.61	0.59	1752800.0
2021-01-20	0.6	0.59	0.6	0.59	1299300.0
2021-01-21	0.6	0.59	0.6	0.59	739400.0
2021-01-22	0.59	0.58	0.6	0.59	1157800.0
2021-01-25	0.59	0.58	0.64	0.61	16977700.0
2021-01-26	0.6	0.58	0.62	0.59	3437500.0
2021-01-27	0.59	0.58	0.6	0.59	984000.0
2021-01-28	0.58	0.58	0.59	0.59	521600.0
2021-01-29	0.59	0.57	0.61	0.57	2899400.0
2021-02-01	0.58	0.56	0.63	0.59	12995200.0
2021-02-02	0.59	0.59	0.6	0.59	1345500.0
2021-02-03	0.59	0.58	0.6	0.58	926100.0
2021-02-04	0.59	0.58	0.6	0.58	1664600.0
2021-02-05	0.58	0.58	0.64	0.61	8766000.0
2021-02-08	0.62	0.59	0.62	0.6	3014000.0
2021-02-09	0.61	0.6	0.62	0.6	1084600.0
2021-02-10	0.61	0.59	0.61	0.59	1572600.0
2021-02-11	0.6	0.59	0.6	0.59	830900.0
2021-02-15	0.61	0.58	0.61	0.59	1013000.0
2021-02-16	0.6	0.59	0.6	0.59	526400.0
2021-02-17	0.59	0.58	0.6	0.58	775200.0
2021-02-18	0.59	0.59	0.61	0.6	1615000.0
2021-02-19	0.6	0.58	0.61	0.59	886200.0
2021-02-22	0.6	0.58	0.6	0.58	1661600.0
2021-02-23	0.59	0.57	0.6	0.58	1735100.0
2021-02-24	0.59	0.58	0.59	0.58	901000.0
2021-02-25	0.58	0.58	0.61	0.59	3300100.0
2021-03-01	0.59	0.58	0.61	0.59	1939200.0
2021-03-02	0.59	0.58	0.6	0.59	1466400.0
2021-03-03	0.58	0.58	0.61	0.59	3989200.0
2021-03-04	0.6	0.59	0.6	0.59	2280300.0
2021-03-05	0.6	0.56	0.6	0.58	3499000.0
2021-03-08	0.58	0.58	0.59	0.58	749900.0
2021-03-09	0.59	0.57	0.59	0.58	942200.0
2021-03-10	0.58	0.58	0.59	0.58	1011200.0
2021-03-11	0.59	0.57	0.59	0.57	865600.0
2021-03-12	0.57	0.57	0.68	0.63	54110100.0
2021-03-15	0.63	0.6	0.64	0.61	7366800.0
2021-03-16	0.61	0.61	0.78	0.65	58864800.0
2021-03-17	0.65	0.61	0.66	0.63	17766200.0
2021-03-18	0.63	0.62	0.66	0.63	14894200.0
2021-03-19	0.62	0.61	0.64	0.63	3813700.0
2021-03-22	0.63	0.61	0.63	0.62	3617900.0
2021-03-23	0.63	0.62	0.67	0.64	15590300.0
2021-03-24	0.64	0.64	0.74	0.69	33103600.0
2021-03-25	0.71	0.68	0.76	0.7	30742000.0
2021-03-26	0.69	0.67	0.71	0.71	4818000.0
2021-03-29	0.71	0.68	0.72	0.69	6074500.0
2021-03-30	0.69	0.68	0.7	0.69	6359600.0
2021-03-31	0.7	0.68	0.74	0.7	13283600.0
2021-04-01	0.71	0.7	0.72	0.7	4570800.0
2021-04-02	0.7	0.7	0.75	0.74	17997700.0
2021-04-05	0.75	0.72	0.91	0.85	123244500.0
2021-04-07	0.9	0.84	0.97	0.84	82677000.0
2021-04-08	0.85	0.85	0.93	0.87	32417900.0
2021-04-09	0.89	0.84	0.9	0.85	11826500.0
2021-04-12	0.85	0.77	0.85	0.79	8739000.0
2021-04-16	0.77	0.75	0.87	0.84	12332400.0
2021-04-19	0.84	0.82	0.87	0.85	5898400.0
2021-04-20	0.86	0.82	0.87	0.84	6670900.0
2021-04-21	0.84	0.84	0.91	0.89	15188400.0
2021-04-22	0.9	0.89	1.03	0.95	85675800.0
2021-04-23	0.93	0.93	1.05	0.97	40130100.0
2021-04-26	1.01	1.0	1.21	1.17	74706500.0
2021-04-27	1.17	1.07	1.2	1.08	30215800.0
2021-04-28	1.11	1.11	1.35	1.23	63642400.0
2021-04-29	1.23	1.23	1.33	1.28	29348400.0
2021-04-30	1.29	1.29	1.5	1.46	49788500.0
2021-05-05	1.6	1.47	1.6	1.49	39686100.0
2021-05-06	1.5	1.36	1.52	1.46	20948200.0
2021-05-07	1.51	1.42	1.51	1.43	11853500.0
2021-05-10	1.47	1.36	1.47	1.39	7876600.0
2021-05-11	1.39	1.39	1.54	1.51	45187400.0
2021-05-12	1.54	1.52	1.74	1.72	183729500.0
2021-05-13	1.67	1.36	1.9	1.64	155925400.0
2021-05-14	1.42	1.41	1.63	1.42	43892700.0
2021-05-17	1.26	1.04	1.28	1.15	25440400.0
2021-05-18	1.08	1.08	1.25	1.23	15282100.0
2021-05-19	1.25	1.23	1.36	1.28	12952300.0
2021-05-20	1.28	1.21	1.28	1.21	6072600.0
2021-05-21	1.22	1.17	1.25	1.2	5201300.0
2021-05-24	1.18	1.11	1.19	1.14	3750200.0
2021-05-25	1.15	1.12	1.2	1.18	4630100.0
2021-05-27	1.18	1.15	1.18	1.15	3392900.0
2021-05-28	1.15	1.15	1.27	1.21	9230300.0
2021-05-31	1.2	1.14	1.21	1.17	5622400.0
2021-06-01	1.17	1.11	1.17	1.15	6086500.0
2021-06-02	1.14	1.14	1.18	1.17	5448400.0
2021-06-04	1.17	1.16	1.22	1.19	5917900.0
2021-06-07	1.19	1.19	1.21	1.2	2348400.0
2021-06-08	1.21	1.2	1.23	1.21	4018200.0
2021-06-09	1.21	1.17	1.21	1.19	2304500.0
2021-06-10	1.19	1.16	1.19	1.18	2043600.0
2021-06-11	1.18	1.16	1.19	1.18	2409200.0
2021-06-14	1.18	1.15	1.18	1.15	1999600.0
2021-06-15	1.15	1.13	1.16	1.14	2471600.0
2021-06-16	1.14	1.14	1.16	1.16	2930600.0
2021-06-17	1.16	1.16	1.2	1.19	4150300.0
2021-06-18	1.2	1.12	1.22	1.14	5360900.0
2021-06-21	1.14	1.14	1.21	1.18	4675700.0
2021-06-22	1.2	1.13	1.2	1.17	5382900.0
2021-06-23	1.17	1.15	1.18	1.17	1975200.0
2021-06-24	1.17	1.13	1.17	1.15	2769200.0
2021-06-25	1.16	1.14	1.19	1.16	8873400.0
2021-06-28	1.17	1.14	1.2	1.14	25048100.0
2021-06-29	1.15	1.15	1.35	1.32	126565500.0
2021-06-30	1.42	1.39	1.55	1.39	128486300.0
2021-07-01	1.47	1.38	1.5	1.39	30243000.0
2021-07-02	1.36	1.32	1.47	1.4	45229400.0
2021-07-05	1.43	1.37	1.46	1.4	45856700.0
2021-07-06	1.41	1.4	1.6	1.6	206933200.0
2021-07-07	1.56	1.45	1.57	1.45	54159800.0
2021-07-08	1.41	1.25	1.43	1.26	22261000.0
2021-07-09	1.22	1.19	1.27	1.25	9793400.0
2021-07-12	1.23	1.2	1.26	1.22	5884200.0
2021-07-13	1.22	1.21	1.28	1.28	5145900.0
2021-07-14	1.28	1.24	1.32	1.29	4440900.0
2021-07-15	1.29	1.25	1.3	1.25	4277100.0
2021-07-16	1.26	1.25	1.28	1.27	1481700.0
2021-07-19	1.27	1.22	1.27	1.26	2458900.0
2021-07-20	1.24	1.2	1.26	1.22	4254600.0
2021-07-21	1.23	1.21	1.24	1.21	1190900.0
2021-07-22	1.16	1.16	1.26	1.26	5175200.0
2021-07-23	1.27	1.24	1.28	1.24	3471300.0
2021-07-27	1.24	1.22	1.26	1.25	3265800.0
2021-07-29	1.25	1.22	1.25	1.23	2890500.0
2021-07-30	1.24	1.18	1.24	1.2	3495200.0
2021-08-02	1.19	1.15	1.19	1.17	2306400.0
2021-08-03	1.19	1.18	1.23	1.21	1332300.0
2021-08-04	1.21	1.19	1.23	1.21	1087900.0
2021-08-05	1.19	1.19	1.21	1.21	1031600.0
2021-08-06	1.22	1.21	1.24	1.22	2328400.0
2021-08-09	1.24	1.22	1.27	1.26	2707000.0
2021-08-10	1.27	1.27	1.36	1.36	18105500.0
2021-08-11	1.4	1.26	1.42	1.29	14715000.0
2021-08-13	1.3	1.17	1.3	1.22	8156500.0
2021-08-16	1.19	1.09	1.22	1.2	7683100.0
2021-08-17	1.2	1.19	1.28	1.21	4339200.0
2021-08-18	1.21	1.21	1.31	1.3	7472100.0
2021-08-19	1.3	1.28	1.55	1.55	85151900.0
2021-08-20	1.54	1.48	1.6	1.55	68046900.0
2021-08-23	1.66	1.6	1.79	1.64	261299000.0
2021-08-24	1.61	1.56	1.64	1.59	31203100.0
2021-08-25	1.6	1.49	1.62	1.5	36770600.0
2021-08-26	1.51	1.48	1.69	1.68	108066700.0
2021-08-27	1.65	1.64	1.74	1.65	74061600.0
2021-08-30	1.69	1.66	1.84	1.68	148063500.0
2021-08-31	1.66	1.61	1.73	1.64	43374000.0
2021-09-01	1.63	1.54	1.74	1.59	63735200.0
2021-09-02	1.59	1.54	1.62	1.56	20924100.0
2021-09-03	1.58	1.56	1.7	1.65	74410100.0
2021-09-06	1.68	1.62	1.68	1.64	15396600.0
2021-09-07	1.65	1.6	1.81	1.64	113424800.0
2021-09-08	1.63	1.61	1.7	1.64	24180100.0
2021-09-09	1.67	1.62	1.67	1.62	13328200.0
2021-09-10	1.63	1.61	1.68	1.62	19985700.0
2021-09-13	1.62	1.58	1.65	1.62	18436300.0
2021-09-14	1.63	1.62	1.72	1.65	41881800.0
2021-09-15	1.65	1.65	1.8	1.8	109648500.0
2021-09-16	1.82	1.81	2.34	2.34	583494400.0
2021-09-17	2.3	2.04	2.46	2.18	317470700.0
2021-09-20	2.14	2.1	2.32	2.14	135154400.0
2021-09-21	2.18	2.1	2.26	2.22	121422000.0
2021-09-22	2.24	2.18	2.38	2.22	175434100.0
2021-09-23	2.22	2.14	2.28	2.14	29604200.0
2021-09-27	2.14	1.99	2.22	1.99	27805700.0
2021-09-28	1.97	1.88	2.1	1.98	72881200.0
2021-09-29	1.97	1.97	2.16	2.16	74740100.0
2021-09-30	2.1	2.02	2.16	2.02	32759300.0
2021-10-01	2.02	2.02	2.2	2.12	63263800.0
2021-10-04	2.12	2.04	2.2	2.08	37103800.0
2021-10-05	2.06	2.04	2.16	2.08	24132100.0
2021-10-06	2.1	2.1	2.36	2.24	164357100.0
2021-10-07	2.32	2.26	2.62	2.58	301794800.0
2021-10-08	2.52	2.48	2.66	2.48	140091200.0
2021-10-11	2.54	2.36	2.54	2.4	31919300.0
2021-10-12	2.42	2.34	2.52	2.38	45607900.0
2021-10-14	2.38	2.36	2.48	2.4	38728900.0
2021-10-15	2.42	2.2	2.5	2.28	32534200.0
2021-10-18	2.3	2.28	2.36	2.32	11795400.0
2021-10-19	2.32	2.32	2.44	2.36	36680800.0
2021-10-20	2.4	2.34	2.46	2.4	28594300.0
2021-10-21	2.46	2.36	2.48	2.38	19616700.0
2021-10-25	2.4	2.38	2.42	2.38	11164100.0
2021-10-26	2.4	2.36	2.48	2.46	32788900.0
2021-10-27	2.54	2.5	2.82	2.54	326525800.0
2021-10-28	2.54	2.38	2.58	2.42	54624400.0
2021-10-29	2.46	2.42	2.52	2.52	31838500.0
2021-11-01	2.56	2.48	2.6	2.48	28070300.0
2021-11-02	2.5	2.24	2.5	2.26	37748000.0
2021-11-03	2.26	2.0	2.34	2.08	47276000.0
2021-11-04	2.1	2.04	2.24	2.22	44000400.0
2021-11-05	2.2	2.12	2.22	2.16	11733500.0
2021-11-08	2.18	2.08	2.2	2.1	8021200.0
2021-11-09	2.08	2.08	2.18	2.1	18219200.0
2021-11-10	2.1	2.08	2.2	2.14	16385800.0
2021-11-11	2.14	2.02	2.24	2.06	74728800.0
2021-11-12	2.08	2.0	2.1	2.06	14530500.0
2021-11-15	2.06	1.94	2.06	1.95	23729700.0
2021-11-16	1.95	1.85	1.96	1.85	20791300.0
2021-11-17	1.85	1.85	2.06	1.99	50761500.0
2021-11-18	1.99	1.98	2.04	2.02	18105900.0
2021-11-19	2.0	1.96	2.02	1.96	10345000.0
2021-11-22	1.96	1.91	1.98	1.93	11504400.0
2021-11-23	1.93	1.92	2.0	1.92	13271200.0
2021-11-24	1.94	1.93	1.99	1.96	11549200.0
2021-11-25	1.99	1.97	2.02	1.97	15868000.0
2021-11-26	1.97	1.89	1.98	1.91	10773200.0
2021-11-29	1.91	1.84	1.92	1.85	6954700.0
2021-11-30	1.85	1.78	1.9	1.79	8021200.0
2021-12-01	1.79	1.75	1.87	1.86	7114400.0
2021-12-02	1.86	1.83	1.88	1.84	6075200.0
2021-12-03	1.85	1.84	1.87	1.84	2166000.0
2021-12-07	1.84	1.84	1.9	1.87	3900700.0
2021-12-08	1.89	1.87	1.94	1.89	11373800.0
2021-12-09	1.9	1.87	1.92	1.87	7652900.0
2021-12-13	1.87	1.86	1.92	1.88	5930000.0
2021-12-14	1.88	1.81	1.88	1.83	4912200.0
2021-12-15	1.83	1.83	1.87	1.83	3948600.0
2021-12-16	1.84	1.81	1.86	1.82	3113100.0
2021-12-17	1.81	1.81	1.87	1.84	2720400.0
2021-12-20	1.84	1.79	1.85	1.79	3627900.0
2021-12-21	1.8	1.79	1.85	1.81	7033400.0
2021-12-22	1.81	1.78	1.81	1.78	3686500.0
2021-12-23	1.78	1.77	1.8	1.78	2340300.0
2021-12-24	1.79	1.71	1.79	1.73	3432700.0
2021-12-27	1.74	1.69	1.76	1.71	5166600.0
2021-12-28	1.7	1.69	1.75	1.7	2655000.0
2021-12-29	1.71	1.7	1.76	1.75	4158500.0
2021-12-30	1.75	1.75	1.8	1.78	3521200.0
2022-01-04	1.79	1.78	1.86	1.86	10280000.0
2022-01-05	1.97	1.91	1.99	1.91	32090600.0
2022-01-06	1.92	1.9	1.94	1.92	7669800.0
2022-01-07	1.92	1.86	1.93	1.87	6117600.0
2022-01-10	1.88	1.87	1.93	1.9	7696900.0
2022-01-11	1.9	1.89	2.04	2.04	62665500.0
2022-01-12	2.1	1.99	2.1	2.02	32009300.0
2022-01-13	2.02	2.0	2.06	2.0	11194300.0
2022-01-14	2.02	2.0	2.06	2.04	15524500.0
2022-01-17	2.1	2.04	2.14	2.1	56543800.0
2022-01-18	2.12	1.99	2.14	2.0	22396900.0
2022-01-19	2.0	1.93	2.06	2.06	26534500.0
2022-01-20	2.2	2.12	2.42	2.24	405017200.0
2022-01-21	2.18	2.12	2.22	2.18	56660700.0
2022-01-24	2.3	2.2	2.38	2.22	118892100.0
2022-01-25	2.2	2.06	2.22	2.08	48563700.0
2022-01-26	2.14	2.08	2.16	2.08	21461700.0
2022-01-27	2.06	1.95	2.06	1.99	29444400.0
2022-01-28	2.0	2.0	2.12	2.06	17691000.0
2022-01-31	2.1	2.06	2.14	2.12	8748100.0
2022-02-01	2.12	2.08	2.16	2.1	7745000.0
2022-02-02	2.1	2.04	2.12	2.06	12357300.0
2022-02-03	2.06	2.02	2.08	2.02	9131800.0
2022-02-04	2.04	2.0	2.06	2.02	8084200.0
2022-02-07	2.02	1.95	2.04	1.95	17432300.0
2022-02-08	1.95	1.91	1.96	1.92	9590800.0
2022-02-09	1.92	1.84	1.93	1.89	19489200.0
2022-02-10	1.88	1.87	1.91	1.88	4729200.0
2022-02-11	1.86	1.82	1.88	1.82	6878400.0
2022-02-14	1.8	1.78	1.84	1.79	4360400.0
2022-02-15	1.79	1.78	1.89	1.85	12496600.0
2022-02-17	1.86	1.82	1.88	1.83	4062200.0
2022-02-18	1.82	1.82	1.93	1.87	15847400.0
2022-02-21	1.86	1.86	1.98	1.86	19401000.0
2022-02-22	1.83	1.83	1.88	1.87	4794900.0
2022-02-23	1.88	1.88	1.95	1.9	10605500.0
2022-02-24	1.9	1.82	1.93	1.82	7655400.0
2022-02-25	1.83	1.83	1.91	1.88	5623400.0
2022-02-28	1.88	1.85	1.9	1.87	4407300.0
2022-03-01	1.91	1.89	2.02	1.97	27129600.0
2022-03-02	2.0	2.0	2.14	2.1	101942900.0
2022-03-03	2.06	2.06	2.18	2.08	46737300.0
2022-03-04	2.06	1.91	2.16	1.93	76525200.0
2022-03-07	1.87	1.84	1.92	1.85	18511000.0
2022-03-08	1.85	1.69	1.88	1.76	17161300.0
2022-03-09	1.79	1.75	1.86	1.86	8762700.0
2022-03-10	1.89	1.79	1.92	1.8	13305200.0
2022-03-11	1.8	1.8	1.88	1.87	9529200.0
2022-03-14	1.87	1.85	2.04	2.0	35951500.0
2022-03-15	2.0	1.88	2.02	1.9	22805300.0
2022-03-16	1.92	1.9	1.96	1.92	11461500.0
2022-03-17	1.94	1.94	2.02	1.99	18511600.0
2022-03-18	2.0	1.93	2.04	1.95	11916700.0
2022-03-21	1.97	1.97	2.04	1.98	11909700.0
2022-03-22	1.98	1.98	2.06	1.99	13925300.0
2022-03-23	2.0	1.96	2.02	1.98	18910600.0
2022-03-24	2.0	1.97	2.08	1.97	35732200.0
2022-03-25	1.97	1.92	1.99	1.92	13413300.0
2022-03-28	1.92	1.9	1.93	1.9	5511800.0
2022-03-29	1.91	1.88	1.92	1.89	6412400.0
2022-03-30	1.9	1.88	1.91	1.89	2826000.0
2022-03-31	1.88	1.88	1.93	1.89	3056000.0
2022-04-01	1.89	1.89	1.93	1.91	2888100.0
2022-04-04	1.92	1.9	1.93	1.91	2114000.0
2022-04-05	1.91	1.9	1.96	1.93	11498400.0
2022-04-07	1.93	1.88	1.93	1.91	5199600.0
2022-04-08	1.91	1.89	1.91	1.89	1783900.0
2022-04-11	1.89	1.85	1.89	1.85	3056000.0
2022-04-12	1.85	1.81	1.87	1.85	1512900.0
2022-04-18	1.89	1.85	1.92	1.92	3004000.0
2022-04-19	1.92	1.9	1.98	1.92	10523700.0
2022-04-20	1.94	1.92	1.95	1.93	3230600.0
2022-04-21	1.94	1.91	1.95	1.91	2212700.0
2022-04-22	1.91	1.89	1.92	1.9	2438100.0
2022-04-25	1.97	1.95	2.14	2.1	117488200.0
2022-04-26	2.16	2.0	2.16	2.0	46494500.0
2022-04-27	1.99	1.92	2.02	1.92	28830500.0
2022-04-28	2.1	1.99	2.14	2.0	45013800.0
2022-04-29	2.04	1.99	2.06	2.02	13058000.0
2022-05-03	2.04	1.94	2.14	1.98	68016500.0
2022-05-05	2.02	1.99	2.08	2.06	31164600.0
2022-05-06	2.0	1.96	2.04	2.0	23250100.0
2022-05-09	1.99	1.98	2.06	2.04	17998800.0
2022-05-10	2.02	1.98	2.1	2.08	27440400.0
2022-05-11	2.08	2.02	2.1	2.04	14835000.0
2022-05-12	1.98	1.78	2.0	1.78	52810400.0
2022-05-13	1.78	1.72	1.82	1.73	12099600.0
2022-05-17	1.75	1.75	1.81	1.8	8653900.0
2022-05-18	1.81	1.75	1.81	1.8	7909800.0
2022-05-19	1.75	1.73	1.78	1.75	4693700.0
2022-05-20	1.76	1.75	1.78	1.75	5049100.0
2022-05-23	1.75	1.71	1.77	1.73	6779400.0
2022-05-24	1.73	1.72	1.76	1.73	4513000.0
2022-05-25	1.73	1.72	1.78	1.73	8193200.0
2022-05-26	1.74	1.73	1.8	1.8	13279300.0
2022-05-27	1.8	1.78	1.84	1.8	10653700.0
2022-05-30	1.81	1.79	1.83	1.79	4986900.0
2022-05-31	1.8	1.77	1.8	1.78	2379400.0
2022-06-01	1.78	1.78	1.83	1.8	6315800.0
2022-06-02	1.81	1.78	1.82	1.78	3143700.0
2022-06-06	1.78	1.78	1.87	1.86	19658600.0
2022-06-07	1.85	1.79	1.85	1.82	9509600.0
2022-06-08	1.82	1.8	1.84	1.81	3607100.0
2022-06-09	1.82	1.79	1.82	1.8	2581300.0
2022-06-10	1.78	1.77	1.8	1.78	3634900.0
2022-06-13	1.73	1.72	1.77	1.74	4148300.0
2022-06-14	1.72	1.72	1.81	1.75	10343000.0
2022-06-15	1.78	1.73	1.79	1.73	4105000.0
2022-06-16	1.74	1.65	1.78	1.66	12271100.0
2022-06-17	1.65	1.54	1.66	1.58	8092900.0
2022-06-20	1.59	1.53	1.59	1.53	3742600.0
2022-06-21	1.56	1.54	1.57	1.56	1654900.0
2022-06-22	1.56	1.48	1.56	1.51	3996300.0
2022-06-23	1.52	1.48	1.53	1.5	2102900.0
2022-06-24	1.49	1.48	1.52	1.5	1168500.0
2022-06-27	1.5	1.5	1.54	1.53	978200.0
2022-06-28	1.55	1.52	1.55	1.54	610700.0
2022-06-29	1.53	1.49	1.54	1.5	1339800.0
2022-06-30	1.5	1.45	1.52	1.48	1541100.0
2022-07-01	1.47	1.43	1.48	1.45	1036300.0
2022-07-04	1.5	1.41	1.5	1.43	663000.0
2022-07-05	1.43	1.32	1.43	1.34	3281300.0
2022-07-06	1.31	1.3	1.39	1.38	1538400.0
2022-07-07	1.38	1.35	1.46	1.42	3218700.0
2022-07-08	1.42	1.37	1.44	1.38	2742800.0
2022-07-11	1.37	1.35	1.38	1.35	877200.0
2022-07-12	1.35	1.33	1.38	1.35	429300.0
2022-07-14	1.34	1.23	1.34	1.26	1410500.0
2022-07-15	1.25	1.14	1.27	1.17	2707700.0
2022-07-18	1.18	1.14	1.19	1.16	1470400.0
2022-07-19	1.15	0.85	1.17	1.04	4224300.0
2022-07-20	1.07	1.04	1.26	1.19	14737700.0
2022-07-21	1.17	1.11	1.17	1.14	3648800.0
2022-07-22	1.15	1.12	1.15	1.12	1167500.0
2022-07-25	1.12	1.09	1.12	1.12	1288100.0
2022-07-26	1.1	1.1	1.14	1.12	1128400.0
2022-07-27	1.12	1.1	1.13	1.12	772300.0
2022-08-01	1.12	1.12	1.15	1.13	855900.0
2022-08-02	1.13	1.13	1.17	1.15	1163300.0
2022-08-03	1.15	1.13	1.16	1.14	458700.0
2022-08-04	1.16	1.14	1.18	1.17	1304600.0
2022-08-05	1.18	1.15	1.18	1.16	612000.0
2022-08-08	1.16	1.15	1.19	1.17	1212400.0
2022-08-09	1.18	1.17	1.21	1.21	1186500.0
2022-08-10	1.21	1.15	1.21	1.16	1009400.0
2022-08-11	1.23	1.2	1.44	1.35	19683500.0
2022-08-15	1.32	1.31	1.36	1.33	2766900.0
2022-08-16	1.34	1.31	1.34	1.33	1482900.0
2022-08-17	1.35	1.35	1.48	1.45	21234200.0
2022-08-18	1.47	1.42	1.49	1.42	5730900.0
2022-08-19	1.43	1.4	1.45	1.4	3398400.0
2022-08-22	1.41	1.34	1.41	1.35	2905400.0
2022-08-23	1.34	1.34	1.4	1.38	1503900.0
2022-08-24	1.4	1.36	1.41	1.36	1411100.0
2022-08-25	1.37	1.37	1.47	1.46	8613300.0
2022-08-26	1.49	1.49	1.61	1.5	37665400.0
2022-08-29	1.46	1.44	1.5	1.49	5528700.0
2022-08-30	1.49	1.47	1.5	1.47	2871900.0
2022-08-31	1.48	1.47	1.54	1.48	9089400.0
2022-09-01	1.46	1.41	1.48	1.41	3264300.0
2022-09-02	1.4	1.38	1.45	1.42	1497300.0
2022-09-05	1.45	1.42	1.47	1.45	2141500.0
2022-09-06	1.49	1.47	1.52	1.48	3759800.0
2022-09-07	1.49	1.46	1.49	1.46	1478400.0
2022-09-08	1.47	1.42	1.48	1.45	1178600.0
2022-09-09	1.46	1.44	1.48	1.45	912900.0
2022-09-12	1.47	1.44	1.47	1.45	796900.0
2022-09-13	1.48	1.45	1.48	1.45	805800.0
2022-09-14	1.43	1.43	1.46	1.46	1150300.0
2022-09-15	1.48	1.45	1.48	1.45	1301700.0
2022-09-16	1.44	1.41	1.45	1.41	892500.0
2022-09-19	1.48	1.4	1.48	1.42	1060800.0
2022-09-20	1.44	1.4	1.45	1.41	660300.0
2022-09-21	1.41	1.4	1.42	1.41	450400.0
2022-09-22	1.42	1.41	1.44	1.43	756000.0
2022-09-23	1.43	1.4	1.43	1.4	696500.0
2022-09-26	1.4	1.38	1.41	1.38	833400.0
2022-09-27	1.38	1.33	1.4	1.34	2375900.0
2022-09-28	1.34	1.27	1.34	1.31	1583200.0
2022-09-29	1.33	1.3	1.36	1.31	1013800.0
2022-09-30	1.31	1.3	1.31	1.3	285000.0
2022-10-03	1.32	1.25	1.32	1.26	298500.0
2022-10-04	1.28	1.28	1.31	1.28	495700.0
2022-10-05	1.32	1.32	1.58	1.36	6817100.0
2022-10-06	1.35	1.35	1.41	1.36	1476700.0
2022-10-07	1.38	1.37	1.49	1.43	9317200.0
2022-10-10	1.42	1.4	1.46	1.43	5008300.0
2022-10-11	1.43	1.38	1.43	1.38	2691100.0
2022-10-12	1.38	1.37	1.43	1.39	1568200.0
2022-10-17	1.4	1.35	1.4	1.39	1009900.0
2022-10-18	1.39	1.37	1.4	1.38	612300.0
2022-10-19	1.39	1.37	1.49	1.43	10798300.0
2022-10-20	1.42	1.41	1.45	1.41	2438900.0
2022-10-21	1.42	1.39	1.45	1.41	3836800.0
2022-10-25	1.41	1.39	1.42	1.39	1022800.0
2022-10-26	1.39	1.36	1.4	1.36	1550600.0
2022-10-27	1.38	1.38	1.41	1.4	1134200.0
2022-10-28	1.38	1.37	1.4	1.38	622800.0
2022-10-31	1.42	1.38	1.42	1.38	688600.0
2022-11-01	1.4	1.37	1.4	1.38	414700.0
2022-11-02	1.4	1.37	1.42	1.37	997600.0
2022-11-03	1.39	1.37	1.39	1.38	589000.0
2022-11-04	1.39	1.34	1.4	1.37	1414500.0
2022-11-07	1.38	1.37	1.4	1.38	616700.0
2022-11-08	1.38	1.37	1.39	1.38	254800.0
2022-11-09	1.39	1.36	1.39	1.38	445900.0
2022-11-10	1.38	1.36	1.38	1.36	436100.0
2022-11-11	1.3	1.29	1.35	1.31	1667000.0
2022-11-14	1.28	1.27	1.32	1.28	753900.0
2022-11-15	1.28	1.28	1.3	1.3	732500.0
2022-11-16	1.31	1.28	1.32	1.29	376300.0
2022-11-17	1.3	1.27	1.3	1.27	316300.0
2022-11-18	1.27	1.27	1.31	1.27	747500.0
2022-11-21	1.27	1.26	1.28	1.28	490000.0
2022-11-22	1.26	1.25	1.3	1.26	536600.0
2022-11-23	1.26	1.25	1.27	1.25	165700.0
2022-11-24	1.23	1.17	1.24	1.18	1363300.0
2022-11-25	1.2	1.19	1.25	1.21	463400.0
2022-11-28	1.22	1.2	1.24	1.22	211300.0
2022-11-29	1.25	1.21	1.25	1.22	157500.0
2022-11-30	1.22	1.19	1.23	1.2	462400.0
2022-12-01	1.21	1.19	1.21	1.2	242700.0
2022-12-02	1.2	1.17	1.23	1.2	948500.0
2022-12-06	1.22	1.18	1.22	1.19	257300.0
2022-12-07	1.19	1.18	1.2	1.19	409900.0
2022-12-08	1.19	1.18	1.21	1.2	894500.0
2022-12-09	1.23	1.2	1.23	1.21	649600.0
2022-12-13	1.21	1.19	1.22	1.19	317500.0
2022-12-14	1.2	1.19	1.21	1.19	260400.0
2022-12-15	1.19	1.18	1.2	1.18	513900.0
2022-12-16	1.18	1.17	1.18	1.18	152300.0
2022-12-19	1.18	1.16	1.18	1.17	262200.0
2022-12-20	1.15	1.11	1.18	1.11	393200.0
2022-12-21	1.13	1.11	1.16	1.12	218200.0
2022-12-22	1.13	1.05	1.14	1.11	515200.0
2022-12-23	1.12	1.11	1.12	1.12	573400.0
2022-12-26	1.1	1.1	1.12	1.12	123200.0
2022-12-27	1.13	1.12	1.28	1.2	2064000.0
2022-12-28	1.26	1.21	1.26	1.23	1107400.0
2022-12-29	1.21	1.2	1.23	1.2	306400.0
2022-12-30	1.2	1.2	1.23	1.2	392700.0
