Date	Price Open	Price Low	Price High	Price Close	Volume
2019-05-03	11.5	10.7	11.6	10.8	54780400
2019-05-07	10.6	10.6	11.1	10.6	19316500
2019-05-08	10.6	10.0	10.6	10.0	11514500
2019-05-09	10.1	10.0	10.3	10.1	6874200
2019-05-10	10.2	9.85	10.5	9.95	12555000
2019-05-13	10.0	9.75	10.1	9.75	3054400
2019-05-14	9.7	9.7	10.0	9.7	6122800
2019-05-15	9.8	9.35	9.85	9.35	3975100
2019-05-16	9.4	9.2	9.45	9.4	894500
2019-05-17	9.35	9.25	9.45	9.25	810900
2019-05-21	9.25	9.1	9.25	9.15	845800
2019-05-22	9.2	9.2	9.55	9.55	1763500
2019-05-23	9.5	9.25	9.6	9.3	1675100
2019-05-24	9.25	9.2	9.4	9.4	431500
2019-05-27	9.4	9.15	9.5	9.15	1414700
2019-05-28	9.2	9.2	9.5	9.35	1020600
2019-05-29	9.4	9.3	9.45	9.3	618700
2019-05-30	9.3	9.3	9.5	9.45	913000
2019-05-31	9.45	9.25	9.5	9.4	606200
2019-06-04	9.3	9.25	9.45	9.4	583000
2019-06-05	9.45	9.4	9.5	9.5	644900
2019-06-06	9.55	9.4	9.65	9.5	2237100
2019-06-07	9.6	9.55	9.75	9.7	3873000
2019-06-10	9.75	9.6	9.9	9.9	3182400
2019-06-11	9.95	9.85	9.95	9.85	1272100
2019-06-12	9.85	9.6	9.85	9.65	1517700
2019-06-13	9.65	9.65	9.75	9.75	448400
2019-06-14	9.7	9.7	9.95	9.8	2745400
2019-06-17	9.85	9.75	9.85	9.75	536600
2019-06-18	9.75	9.7	9.85	9.8	1194900
2019-06-19	9.85	9.8	10.0	9.85	2857000
2019-06-20	9.95	9.85	10.1	9.85	2114800
2019-06-21	9.9	9.85	9.95	9.9	385300
2019-06-24	9.9	9.75	9.9	9.8	523600
2019-06-25	9.8	9.75	9.85	9.75	194200
2019-06-26	9.75	9.65	9.75	9.65	472900
2019-06-27	9.65	9.6	9.7	9.65	257200
2019-06-28	9.7	9.65	10.0	9.9	1301000
2019-07-01	9.9	9.8	10.0	9.85	371000
2019-07-02	9.85	9.75	9.85	9.75	291000
2019-07-03	9.8	9.75	10.1	10.0	1485800
2019-07-04	10.1	9.8	10.3	9.85	3878800
2019-07-05	9.8	9.8	10.0	9.9	543200
2019-07-08	9.9	9.9	10.0	10.0	288200
2019-07-09	10.0	9.8	10.0	9.8	452500
2019-07-10	9.75	9.75	9.9	9.8	347300
2019-07-11	9.8	9.8	9.9	9.8	487800
2019-07-12	9.85	9.8	9.95	9.8	739600
2019-07-15	9.8	9.7	9.85	9.7	405600
2019-07-17	9.7	9.6	9.7	9.6	348200
2019-07-18	9.6	9.6	9.9	9.75	393800
2019-07-19	9.8	9.75	9.8	9.75	143700
2019-07-22	9.8	9.7	9.85	9.75	290900
2019-07-23	9.75	9.7	9.8	9.75	181400
2019-07-24	9.75	9.75	9.95	9.75	940400
2019-07-25	9.7	9.65	9.85	9.65	250200
2019-07-26	9.75	9.6	9.75	9.65	308000
2019-07-30	9.75	9.6	9.75	9.6	211700
2019-07-31	9.6	9.6	9.7	9.65	133500
2019-08-01	9.65	9.55	9.65	9.6	229400
2019-08-02	9.55	9.4	9.55	9.55	326000
2019-08-05	9.45	9.45	9.55	9.5	68800
2019-08-06	9.4	9.35	9.5	9.4	211300
2019-08-07	9.45	9.45	9.55	9.45	121300
2019-08-08	9.5	9.3	9.5	9.3	297900
2019-08-09	9.35	9.3	9.4	9.3	91900
2019-08-13	9.3	9.1	9.3	9.1	281600
2019-08-14	9.1	9.1	9.25	9.1	133600
2019-08-15	9.1	8.75	9.1	8.75	575500
2019-08-16	8.75	8.75	8.95	8.9	359600
2019-08-19	8.9	8.9	9.45	9.25	442600
2019-08-20	9.45	9.25	9.45	9.25	38400
2019-08-21	9.25	9.25	9.4	9.3	47600
2019-08-22	9.4	9.15	9.4	9.2	94900
2019-08-23	9.2	9.15	9.3	9.25	208200
2019-08-26	9.3	9.0	9.3	9.1	68400
2019-08-27	9.2	8.95	9.2	8.95	133500
2019-08-28	9.0	8.95	9.4	9.4	167900
2019-08-29	9.3	9.2	9.45	9.45	226000
2019-08-30	9.45	9.4	9.55	9.55	166500
2019-09-02	9.5	9.4	9.55	9.5	261200
2019-09-03	9.55	9.3	9.6	9.45	118600
2019-09-04	9.4	9.35	9.5	9.45	124000
2019-09-05	9.4	9.4	9.55	9.5	123800
2019-09-06	9.45	9.35	9.5	9.5	151900
2019-09-09	9.5	9.5	9.55	9.55	128800
2019-09-10	9.55	9.4	9.55	9.55	129300
2019-09-11	9.45	9.4	9.5	9.4	83300
2019-09-12	9.4	9.3	9.4	9.3	96500
2019-09-13	9.35	9.3	9.4	9.3	58600
2019-09-16	9.3	9.2	9.35	9.2	150600
2019-09-17	9.2	9.15	9.4	9.35	356200
2019-09-18	9.45	9.3	9.45	9.3	173600
2019-09-19	9.3	9.25	9.4	9.3	119000
2019-09-20	9.45	9.1	9.45	9.2	215300
2019-09-23	9.2	9.1	9.2	9.15	150900
2019-09-24	9.4	9.15	9.4	9.2	94100
2019-09-25	9.3	9.2	9.4	9.4	158800
2019-09-26	9.35	9.3	9.4	9.3	4600
2019-09-27	9.3	9.25	9.4	9.25	29300
2019-09-30	9.25	9.2	9.25	9.2	25300
2019-10-01	9.2	9.2	9.2	9.2	18400
2019-10-02	9.2	9.05	9.2	9.05	88500
2019-10-03	9.05	9.0	9.05	9.0	58900
2019-10-04	9.0	9.0	9.05	9.0	63000
2019-10-07	9.0	8.95	9.05	8.95	116500
2019-10-08	9.0	9.0	9.1	9.0	14200
2019-10-09	9.0	8.85	9.0	8.9	71100
2019-10-10	8.9	8.85	8.9	8.9	21200
2019-10-11	8.95	8.85	8.95	8.9	51000
2019-10-15	9.0	8.8	9.0	8.85	51100
2019-10-16	8.85	8.85	8.95	8.85	36200
2019-10-17	8.8	8.8	8.85	8.8	43300
2019-10-18	8.8	8.55	8.85	8.55	161800
2019-10-21	8.55	8.55	8.7	8.7	62900
2019-10-22	8.75	8.55	8.8	8.55	212300
2019-10-24	8.55	8.4	8.55	8.4	92700
2019-10-25	8.4	8.2	8.4	8.35	200600
2019-10-28	8.15	8.15	8.35	8.25	71600
2019-10-29	8.25	7.95	8.3	8.0	308800
2019-10-30	8.0	7.75	8.0	7.8	249500
2019-10-31	7.8	7.8	7.9	7.85	517200
2019-11-01	7.85	7.75	7.85	7.75	67200
2019-11-04	7.8	7.8	8.1	7.8	1082400
2019-11-05	7.85	7.85	7.9	7.85	53900
2019-11-06	7.9	7.9	8.0	8.0	87900
2019-11-07	7.9	7.9	8.1	8.1	80400
2019-11-08	8.1	8.05	8.1	8.1	52900
2019-11-11	8.15	7.95	8.15	8.0	45200
2019-11-12	8.05	7.95	8.05	8.0	11300
2019-11-13	7.95	7.9	8.0	7.9	78000
2019-11-14	8.0	7.9	8.0	7.9	28600
2019-11-15	7.9	7.85	7.95	7.9	126000
2019-11-18	7.95	7.9	8.0	8.0	223000
2019-11-19	8.05	8.0	8.15	8.15	78400
2019-11-20	8.15	8.15	8.2	8.15	37700
2019-11-21	8.15	8.15	8.2	8.15	37400
2019-11-22	8.15	8.15	8.2	8.2	85600
2019-11-25	8.35	8.25	8.4	8.4	82400
2019-11-26	8.4	8.4	8.5	8.5	44000
2019-11-27	8.45	8.45	8.7	8.6	303900
2019-11-28	8.65	8.65	8.75	8.75	129700
2019-11-29	8.7	8.65	8.7	8.7	84100
2019-12-02	8.55	8.55	8.65	8.65	100700
2019-12-03	8.75	8.65	8.75	8.7	193000
2019-12-04	8.7	8.6	8.7	8.6	210300
2019-12-06	8.7	8.5	8.7	8.55	127300
2019-12-09	8.65	8.6	8.65	8.65	148200
2019-12-11	8.65	8.6	8.7	8.7	87700
2019-12-12	8.7	8.7	8.8	8.8	80500
2019-12-13	8.8	8.65	8.85	8.7	156800
2019-12-16	8.65	8.65	8.7	8.7	65700
2019-12-17	8.65	8.55	8.65	8.6	102400
2019-12-18	8.7	8.7	8.7	8.7	28200
2019-12-19	8.7	8.6	8.7	8.6	239000
2019-12-20	8.6	8.55	8.6	8.6	55200
2019-12-23	8.6	8.55	8.6	8.6	111800
2019-12-24	8.55	8.5	8.55	8.55	23100
2019-12-25	8.5	8.45	8.6	8.5	214400
2019-12-26	9.5	8.5	9.5	8.5	107500
2019-12-27	8.6	8.4	8.6	8.4	206600
2019-12-30	8.45	8.45	8.55	8.5	190000
2020-01-02	8.5	8.4	8.5	8.4	86600
2020-01-03	8.45	8.45	8.5	8.5	22100
2020-01-06	8.45	8.0	8.45	8.4	492500
2020-01-07	8.35	8.3	8.35	8.3	66700
2020-01-08	8.35	8.25	8.4	8.3	197200
2020-01-09	8.4	8.3	8.45	8.3	214300
2020-01-10	8.4	8.3	8.4	8.35	201300
2020-01-13	8.35	8.35	8.4	8.4	31400
2020-01-14	8.35	8.3	8.35	8.35	32200
2020-01-15	8.35	8.15	8.35	8.15	56200
2020-01-16	8.15	8.15	8.3	8.2	151100
2020-01-17	8.2	8.15	8.25	8.25	83800
2020-01-20	8.25	8.2	8.35	8.35	29700
2020-01-21	8.15	7.95	8.15	7.95	111900
2020-01-22	7.95	7.75	7.95	7.75	181100
2020-01-23	7.75	7.6	7.75	7.6	127800
2020-01-24	7.55	6.95	7.55	7.25	925200
2020-01-27	7.1	6.95	7.1	7.0	152100
2020-01-28	6.95	6.9	7.05	6.95	565100
2020-01-29	6.9	6.65	6.9	6.65	1012000
2020-01-30	6.65	6.3	6.65	6.55	766800
2020-01-31	6.55	6.5	6.6	6.55	167600
2020-02-03	6.6	6.45	6.6	6.6	193800
2020-02-04	6.45	6.45	6.6	6.55	189200
2020-02-05	6.55	6.55	6.55	6.55	137400
2020-02-06	6.6	6.45	6.6	6.45	220600
2020-02-07	6.5	6.5	6.6	6.55	386500
2020-02-11	6.4	6.35	6.5	6.35	258400
2020-02-12	6.4	6.3	6.4	6.3	281200
2020-02-13	6.3	6.1	6.4	6.15	394400
2020-02-14	6.1	6.0	6.2	6.15	495800
2020-02-17	6.15	6.1	6.4	6.4	147500
2020-02-18	6.4	6.25	6.4	6.4	99700
2020-02-19	6.45	6.45	6.55	6.55	455000
2020-02-20	6.55	6.4	6.55	6.55	361800
2020-02-21	6.5	6.45	6.55	6.55	222300
2020-02-24	6.45	6.4	6.5	6.5	102100
2020-02-25	6.4	6.3	6.45	6.45	118100
2020-02-26	6.35	6.1	6.35	6.15	592700
2020-02-27	6.0	5.95	6.15	6.15	485800
2020-02-28	5.95	5.9	6.0	6.0	299600
2020-03-02	5.95	5.85	6.0	5.95	189500
2020-03-03	5.95	5.95	6.05	5.95	190200
2020-03-04	5.95	5.8	5.95	5.95	145100
2020-03-05	5.95	5.9	5.95	5.95	139300
2020-03-06	5.9	5.85	5.95	5.95	787800
2020-03-09	5.9	5.65	5.9	5.9	133200
2020-03-10	5.8	5.8	5.9	5.9	163400
2020-03-11	5.85	5.8	5.9	5.9	200400
2020-03-12	5.75	5.0	5.75	5.35	319900
2020-03-13	5.05	5.0	5.35	5.3	444000
2020-03-16	5.2	4.88	5.25	5.25	599600
2020-03-17	4.8	4.8	5.0	5.0	309100
2020-03-18	5.0	4.9	5.05	5.0	569900
2020-03-19	5.0	4.82	5.0	4.96	113000
2020-03-20	4.92	4.86	4.96	4.9	234600
2020-03-23	4.88	4.68	4.88	4.7	326900
2020-03-24	4.68	4.34	4.84	4.8	583900
2020-03-25	4.68	4.68	4.72	4.72	185100
2020-03-26	4.68	4.68	4.72	4.7	94400
2020-03-27	4.66	4.46	4.68	4.68	244200
2020-03-30	4.68	4.64	4.68	4.66	101300
2020-03-31	4.66	4.6	4.66	4.64	383900
2020-04-01	4.64	4.58	4.66	4.62	167500
2020-04-02	4.62	4.56	4.64	4.6	117800
2020-04-03	4.6	4.58	4.62	4.6	118200
2020-04-07	4.6	4.52	4.62	4.58	413200
2020-04-08	4.58	4.54	4.64	4.6	140700
2020-04-09	4.6	4.52	4.62	4.52	432800
2020-04-10	4.58	4.58	4.6	4.6	191900
2020-04-13	4.6	4.54	4.6	4.58	90000
2020-04-14	4.7	4.6	5.0	4.68	631600
2020-04-15	4.66	4.56	4.74	4.62	693300
2020-04-16	4.64	4.58	4.64	4.58	47000
2020-04-17	4.6	4.56	4.6	4.6	145200
2020-04-20	4.6	4.58	4.6	4.6	213300
2020-04-21	4.58	4.58	4.6	4.58	17200
2020-04-22	4.6	4.5	4.6	4.58	64900
2020-04-23	4.56	4.56	4.6	4.58	158100
2020-04-24	4.58	4.54	4.58	4.54	140500
2020-04-27	4.58	4.52	4.58	4.58	74000
2020-04-28	4.56	4.5	4.58	4.56	292700
2020-04-29	4.5	4.5	4.58	4.54	246300
2020-04-30	4.5	4.5	4.54	4.52	584200
2020-05-05	4.52	4.48	4.54	4.48	352900
2020-05-07	4.5	4.42	4.52	4.46	116300
2020-05-08	4.46	4.42	4.54	4.5	118100
2020-05-11	4.48	4.42	4.52	4.5	229000
2020-05-12	4.5	4.48	4.5	4.5	100300
2020-05-13	4.5	4.5	5.15	4.78	2502800
2020-05-14	4.78	4.68	4.78	4.7	297500
2020-05-15	4.68	4.58	4.68	4.64	539300
2020-05-18	4.68	4.6	4.68	4.66	209400
2020-05-19	4.7	4.7	5.2	5.0	3290400
2020-05-20	5.1	5.0	5.2	5.05	796800
2020-05-21	5.15	5.1	5.35	5.25	551600
2020-05-22	5.35	5.15	5.35	5.3	143500
2020-05-25	5.3	5.15	5.6	5.55	394200
2020-05-26	5.75	5.7	6.15	5.75	1305100
2020-05-27	5.75	5.65	5.95	5.95	288300
2020-05-28	6.2	5.95	6.2	6.0	429400
2020-05-29	6.0	5.9	6.05	5.95	158500
2020-06-01	5.95	5.95	6.2	6.0	265700
2020-06-02	6.05	6.05	6.3	6.3	530900
2020-06-04	6.7	6.45	6.7	6.55	303100
2020-06-05	6.55	6.35	6.55	6.5	131500
2020-06-08	6.25	6.25	6.5	6.5	412800
2020-06-09	6.5	6.1	6.8	6.1	1262000
2020-06-10	6.3	6.15	6.3	6.2	90600
2020-06-11	6.4	6.15	6.4	6.15	122300
2020-06-12	6.0	5.75	6.1	6.05	133100
2020-06-15	6.25	6.05	6.25	6.05	47900
2020-06-16	6.15	6.1	6.25	6.2	69600
2020-06-17	6.8	6.45	6.8	6.55	1637300
2020-06-18	6.55	6.45	6.8	6.45	1248100
2020-06-19	6.55	6.4	6.6	6.4	330600
2020-06-22	6.4	6.15	6.4	6.2	385900
2020-06-23	6.25	6.2	6.3	6.25	95300
2020-06-24	6.3	6.0	6.3	6.15	313700
2020-06-25	5.95	5.75	6.0	6.0	520900
2020-06-26	6.0	5.9	6.0	6.0	115100
2020-06-29	5.95	5.85	6.0	5.95	54700
2020-06-30	6.1	6.0	6.1	6.0	79300
2020-07-01	6.05	5.95	6.05	6.0	27800
2020-07-02	6.05	6.0	6.25	6.25	310100
2020-07-03	6.2	6.15	6.25	6.25	101400
2020-07-07	6.25	6.15	6.35	6.2	289100
2020-07-08	6.25	6.1	6.25	6.15	194700
2020-07-09	6.05	5.95	6.05	6.0	202100
2020-07-10	6.0	5.9	6.0	6.0	68900
2020-07-13	6.0	5.75	6.0	5.95	100500
2020-07-14	5.75	5.65	5.85	5.75	137200
2020-07-15	5.85	5.85	5.9	5.9	111300
2020-07-16	5.85	5.85	5.9	5.85	48000
2020-07-17	5.7	5.6	5.75	5.7	109500
2020-07-20	5.75	5.7	5.8	5.7	39400
2020-07-21	5.75	5.75	5.85	5.8	98100
2020-07-22	5.8	5.8	5.9	5.8	56900
2020-07-23	5.8	5.8	5.95	5.95	82700
2020-07-24	5.85	5.85	5.9	5.9	14700
2020-07-29	5.7	5.7	5.9	5.9	51700
2020-07-30	5.85	5.75	5.9	5.85	75000
2020-07-31	5.85	5.75	5.9	5.9	33500
2020-08-03	5.8	5.7	5.9	5.9	69700
2020-08-04	5.85	5.85	5.9	5.85	26800
2020-08-05	5.85	5.8	5.9	5.8	49700
2020-08-06	5.9	5.9	6.0	5.95	44500
2020-08-07	5.85	5.85	6.2	6.0	267500
2020-08-10	6.1	5.9	6.1	6.0	53800
2020-08-11	6.0	5.95	6.2	6.05	228800
2020-08-13	6.05	6.0	6.15	6.05	105100
2020-08-14	6.2	5.85	6.2	6.0	94000
2020-08-17	5.95	5.9	6.0	5.9	21300
2020-08-18	6.0	5.9	6.0	5.9	107900
2020-08-19	5.8	5.7	5.85	5.75	79100
2020-08-20	5.75	5.7	5.85	5.75	30600
2020-08-21	5.85	5.75	5.85	5.75	110200
2020-08-24	5.8	5.8	5.95	5.9	33600
2020-08-25	5.95	5.8	5.95	5.85	33800
2020-08-26	5.85	5.8	5.9	5.85	13100
2020-08-27	5.8	5.8	5.85	5.8	28200
2020-08-28	5.85	5.85	5.9	5.85	25200
2020-08-31	5.85	5.7	5.95	5.7	74100
2020-09-01	5.8	5.7	5.8	5.7	99200
2020-09-02	5.8	5.65	5.85	5.85	40500
2020-09-03	5.85	5.8	5.95	5.9	54800
2020-09-08	5.8	5.6	5.8	5.65	284800
2020-09-09	5.7	5.55	5.7	5.6	110800
2020-09-10	5.6	5.5	5.65	5.55	179800
2020-09-11	5.75	5.55	5.75	5.55	33600
2020-09-14	5.65	5.5	5.65	5.6	92600
2020-09-15	5.6	5.55	5.65	5.65	39400
2020-09-16	5.65	5.65	5.8	5.65	123000
2020-09-17	5.6	5.55	5.6	5.55	24700
2020-09-18	5.6	5.55	5.6	5.55	88300
2020-09-21	5.6	5.5	5.6	5.6	134300
2020-09-22	5.55	5.5	5.6	5.6	33000
2020-09-23	5.55	5.55	5.6	5.6	35100
2020-09-24	5.55	5.55	5.55	5.55	100
2020-09-25	5.6	5.55	5.6	5.55	33100
2020-09-28	5.55	5.55	5.6	5.6	32600
2020-09-29	5.55	5.55	5.6	5.55	89500
2020-09-30	5.55	5.5	5.6	5.6	79400
2020-10-01	5.55	5.5	5.6	5.6	49100
2020-10-02	5.55	5.55	5.6	5.6	32800
2020-10-05	5.55	5.5	5.6	5.6	61200
2020-10-06	5.55	5.5	5.6	5.6	52000
2020-10-07	5.6	5.5	5.6	5.6	228500
2020-10-08	5.55	5.55	5.6	5.6	16600
2020-10-09	5.55	5.55	5.6	5.6	76100
2020-10-12	5.55	5.55	5.55	5.55	1000
2020-10-14	5.55	5.55	5.6	5.6	8700
2020-10-15	5.55	5.55	5.55	5.55	4000
2020-10-16	5.55	5.55	5.55	5.55	3000
2020-10-19	5.6	5.5	5.6	5.5	52300
2020-10-20	5.55	5.5	5.55	5.5	94700
2020-10-21	5.55	5.5	5.55	5.5	22700
2020-10-22	5.45	5.4	5.5	5.5	47000
2020-10-26	5.5	5.4	5.5	5.5	60000
2020-10-27	5.45	5.45	5.5	5.45	17100
2020-10-28	5.45	5.35	5.5	5.5	84600
2020-10-29	5.45	5.4	5.5	5.5	10400
2020-10-30	5.45	5.45	5.5	5.5	6000
2020-11-02	5.5	5.4	5.5	5.5	31100
2020-11-03	5.5	5.4	5.5	5.5	69000
2020-11-04	5.5	5.4	5.5	5.45	79300
2020-11-05	5.45	5.3	5.5	5.5	507500
2020-11-06	5.45	5.4	5.45	5.4	35100
2020-11-09	5.45	5.3	5.5	5.5	132800
2020-11-10	6.5	5.55	6.5	5.75	773600
2020-11-11	5.7	5.55	5.7	5.6	241900
2020-11-12	5.55	5.5	5.6	5.6	49100
2020-11-13	5.6	5.6	5.65	5.65	130900
2020-11-16	5.7	5.55	5.7	5.6	89200
2020-11-17	5.6	5.6	5.7	5.6	333200
2020-11-18	5.6	5.55	5.65	5.6	284300
2020-11-19	5.6	5.6	5.75	5.6	298400
2020-11-20	5.6	5.6	5.7	5.65	174500
2020-11-23	5.7	5.7	5.85	5.8	540000
2020-11-24	5.95	5.75	5.95	5.95	103600
2020-11-25	5.85	5.8	6.05	6.05	222900
2020-11-26	6.05	6.0	6.2	6.2	244000
2020-11-27	6.2	5.9	6.2	6.2	107500
2020-11-30	6.15	6.0	6.15	6.15	55200
2020-12-01	6.1	6.05	6.25	6.25	976900
2020-12-02	6.25	6.05	6.35	6.15	2267000
2020-12-03	6.15	6.1	6.2	6.2	46800
2020-12-04	6.2	6.05	6.2	6.15	27900
2020-12-08	6.1	6.1	6.2	6.2	55200
2020-12-09	6.2	6.1	6.2	6.15	86800
2020-12-14	6.2	6.15	6.25	6.2	73400
2020-12-15	6.15	6.05	6.15	6.1	83500
2020-12-16	6.0	5.8	6.05	6.05	501700
2020-12-17	6.05	5.95	6.05	6.05	38700
2020-12-18	6.0	6.0	6.1	6.1	42600
2020-12-21	5.85	5.7	5.85	5.7	246600
2020-12-22	5.6	5.6	5.85	5.85	32900
2020-12-23	5.7	5.7	5.9	5.85	5700
2020-12-24	5.9	5.75	5.95	5.95	31100
2020-12-25	5.9	5.8	6.05	6.05	55700
2020-12-28	6.05	5.9	6.05	6.0	37200
2020-12-29	5.85	5.85	6.0	6.0	42900
2020-12-30	5.9	5.8	6.0	6.0	214600
2021-01-04	5.9	5.9	6.0	6.0	9100
2021-01-05	5.9	5.9	6.0	5.95	16200
2021-01-06	5.9	5.85	5.95	5.95	31400
2021-01-07	5.9	5.9	6.0	6.0	22500
2021-01-08	5.9	5.85	6.0	6.0	89900
2021-01-11	5.95	5.85	6.0	6.0	38400
2021-01-12	5.9	5.9	6.0	6.0	6400
2021-01-13	5.9	5.9	6.0	5.95	29000
2021-01-14	5.95	5.85	6.0	6.0	75700
2021-01-15	5.9	5.8	5.95	5.85	71000
2021-01-18	5.9	5.85	5.9	5.9	20100
2021-01-19	5.85	5.85	5.9	5.9	20900
2021-01-20	5.9	5.85	5.95	5.85	44500
2021-01-21	5.9	5.85	5.95	5.95	42200
2021-01-22	5.95	5.85	6.0	6.0	35600
2021-01-25	6.0	5.9	6.0	6.0	60800
2021-01-26	6.0	6.0	6.0	6.0	8300
2021-01-27	5.95	5.95	6.0	6.0	11100
2021-01-28	5.9	5.85	5.95	5.95	15100
2021-01-29	5.95	5.9	5.95	5.95	18600
2021-02-01	5.9	5.9	6.0	6.0	13900
2021-02-02	6.0	5.85	6.0	5.95	25400
2021-02-03	5.95	5.95	6.0	6.0	10000
2021-02-04	6.0	5.9	6.0	6.0	16500
2021-02-05	5.9	5.9	6.1	6.1	97800
2021-02-08	6.1	6.0	6.15	6.15	79700
2021-02-09	6.15	6.0	6.2	6.15	42900
2021-02-10	6.25	6.0	6.25	6.1	76700
2021-02-11	6.15	6.05	6.15	6.1	4500
2021-02-15	6.05	6.05	6.1	6.1	47800
2021-02-16	6.0	6.0	6.1	6.1	41400
2021-02-17	6.1	6.0	6.1	6.1	39200
2021-02-18	6.1	6.05	6.1	6.1	97800
2021-02-19	6.1	6.0	6.1	6.1	133700
2021-02-22	6.05	6.0	6.1	6.1	57400
2021-02-23	6.05	6.05	6.2	6.2	158800
2021-02-24	6.15	6.1	6.2	6.2	45800
2021-02-25	6.05	5.95	6.2	6.2	44400
2021-03-01	6.2	6.15	6.25	6.2	46900
2021-03-02	6.25	6.15	6.25	6.25	132300
2021-03-03	6.25	6.15	6.3	6.25	162700
2021-03-04	6.3	6.15	6.3	6.2	147900
2021-03-05	6.2	6.15	6.3	6.3	209400
2021-03-08	6.4	6.35	6.45	6.45	40300
2021-03-09	6.45	6.3	6.85	6.8	1365600
2021-03-10	6.85	6.65	6.85	6.8	569400
2021-03-11	6.8	6.65	6.8	6.65	351200
2021-03-12	6.7	6.55	7.1	7.1	1143500
2021-03-15	7.1	6.8	7.2	6.85	401000
2021-03-16	6.85	6.85	7.0	6.95	287700
2021-03-17	6.9	6.8	6.95	6.95	173100
2021-03-18	6.9	6.5	6.9	6.8	426200
2021-03-19	6.8	6.75	6.9	6.9	481400
2021-03-22	6.95	6.85	6.95	6.85	111800
2021-03-23	6.9	6.85	7.2	6.95	902500
2021-03-24	6.9	6.8	6.9	6.9	280100
2021-03-25	6.9	6.75	6.9	6.9	264100
2021-03-26	6.95	6.8	6.95	6.9	261800
2021-03-29	7.0	6.95	7.1	6.95	393700
2021-03-30	7.0	6.85	7.0	6.85	337300
2021-03-31	6.95	6.85	6.95	6.85	134800
2021-04-01	6.85	6.8	6.9	6.8	315700
2021-04-02	6.8	6.7	6.9	6.8	222200
2021-04-05	6.8	6.6	6.8	6.65	455000
2021-04-07	6.5	6.3	6.5	6.35	717200
2021-04-08	6.2	6.2	6.45	6.35	125700
2021-04-09	6.45	6.35	6.5	6.45	124300
2021-04-12	6.45	6.3	6.45	6.35	171600
2021-04-16	6.3	6.25	6.35	6.35	108500
2021-04-19	6.4	6.3	6.4	6.4	11700
2021-04-20	6.4	6.4	6.45	6.45	36900
2021-04-21	6.45	6.35	6.45	6.45	132700
2021-04-22	6.55	6.5	6.6	6.5	104000
2021-04-23	6.45	6.45	6.5	6.5	45300
2021-04-26	6.5	6.4	6.5	6.45	32400
2021-04-27	6.45	6.45	6.55	6.5	290100
2021-04-28	6.55	6.4	6.55	6.45	107000
2021-04-29	6.5	6.4	6.5	6.45	145000
2021-04-30	6.4	6.4	6.55	6.55	258700
2021-05-05	6.55	6.45	6.55	6.5	237600
2021-05-06	6.5	6.45	6.55	6.45	94500
2021-05-07	6.5	6.45	6.55	6.55	223100
2021-05-10	6.55	6.45	6.55	6.45	99800
2021-05-11	6.45	6.45	6.6	6.5	90800
2021-05-12	6.45	6.3	6.65	6.45	932100
2021-05-13	6.4	6.4	6.8	6.65	1097000
2021-05-14	6.7	6.6	6.75	6.7	240500
2021-05-17	6.75	6.65	6.75	6.65	111200
2021-05-18	6.6	6.55	6.65	6.6	118400
2021-05-19	6.6	6.55	6.6	6.55	61600
2021-05-20	6.6	6.55	6.6	6.6	26200
2021-05-21	6.55	6.55	6.6	6.55	76700
2021-05-24	6.5	6.5	6.6	6.55	27700
2021-05-25	6.5	6.45	6.55	6.45	47600
2021-05-27	6.45	6.4	6.5	6.5	101500
2021-05-28	6.45	6.45	6.55	6.55	79900
2021-05-31	6.6	6.5	6.6	6.6	43700
2021-06-01	6.6	6.4	6.6	6.6	292700
2021-06-02	6.55	6.4	6.55	6.55	473500
2021-06-04	6.45	6.45	6.65	6.65	490500
2021-06-07	6.85	6.6	6.85	6.65	1504700
2021-06-08	6.75	6.65	6.8	6.65	144500
2021-06-09	6.7	6.6	6.7	6.65	256700
2021-06-10	6.7	6.7	6.8	6.75	276200
2021-06-11	6.8	6.75	6.85	6.75	301500
2021-06-14	6.85	6.85	7.0	7.0	941900
2021-06-15	6.9	6.8	6.95	6.85	826100
2021-06-16	6.85	6.85	6.9	6.85	108000
2021-06-17	6.85	6.85	7.25	7.0	2426700
2021-06-18	7.0	6.85	7.0	6.85	437500
2021-06-21	6.85	6.8	6.9	6.9	202600
2021-06-22	6.9	6.85	6.9	6.9	100800
2021-06-23	6.9	6.8	6.95	6.85	272000
2021-06-24	6.8	6.6	6.8	6.7	409900
2021-06-25	6.7	6.65	6.7	6.7	94600
2021-06-28	6.6	6.6	6.7	6.7	196600
2021-06-29	6.65	6.6	6.65	6.6	189900
2021-06-30	6.65	6.55	6.7	6.65	351000
2021-07-01	6.65	6.55	6.65	6.65	24500
2021-07-02	6.6	6.5	6.6	6.55	345500
2021-07-05	6.45	6.45	6.55	6.55	131000
2021-07-06	6.55	6.4	6.55	6.45	241200
2021-07-07	6.45	6.35	6.45	6.45	101000
2021-07-08	6.3	6.1	6.3	6.2	577800
2021-07-09	6.05	6.05	6.15	6.05	262200
2021-07-12	6.05	5.85	6.05	6.05	433300
2021-07-13	6.05	6.0	6.15	6.15	152400
2021-07-14	6.15	6.05	6.15	6.15	42200
2021-07-15	6.15	6.1	6.2	6.2	86300
2021-07-16	6.2	6.1	6.2	6.2	164600
2021-07-19	6.1	6.05	6.15	6.15	105000
2021-07-20	6.05	6.05	6.15	6.15	93500
2021-07-21	6.05	5.95	6.15	6.1	128900
2021-07-22	6.0	5.95	6.05	6.05	78200
2021-07-23	6.05	5.9	6.05	5.95	102900
2021-07-27	5.95	5.8	5.95	5.95	311400
2021-07-29	5.95	5.85	5.95	5.95	39700
2021-07-30	5.85	5.85	5.95	5.95	20200
2021-08-02	5.85	5.8	5.9	5.85	44300
2021-08-03	5.8	5.8	5.9	5.9	14600
2021-08-04	5.9	5.85	5.95	5.95	35400
2021-08-05	5.95	5.9	6.0	6.0	22100
2021-08-06	6.0	5.85	6.0	5.95	44500
2021-08-09	5.85	5.85	5.95	5.95	17900
2021-08-10	5.9	5.85	5.95	5.95	57800
2021-08-11	5.95	5.95	6.0	6.0	41300
2021-08-13	5.85	5.85	6.0	6.0	103500
2021-08-16	6.0	5.85	6.0	6.0	115000
2021-08-17	6.0	5.9	6.0	6.0	41900
2021-08-18	6.0	6.0	6.05	6.05	56800
2021-08-19	6.05	6.0	6.05	6.05	27000
2021-08-20	6.05	6.05	6.1	6.05	74000
2021-08-23	6.1	6.05	6.2	6.2	117100
2021-08-24	6.2	6.15	6.25	6.15	85300
2021-08-25	6.15	6.1	6.2	6.15	88300
2021-08-26	6.15	6.15	6.4	6.3	153800
2021-08-27	6.4	6.3	6.4	6.4	127800
2021-08-30	6.4	6.4	6.5	6.45	143000
2021-08-31	6.5	6.4	6.5	6.45	45300
2021-09-01	6.4	6.35	6.5	6.4	216100
2021-09-02	6.4	6.4	6.45	6.4	44500
2021-09-03	6.4	6.4	6.45	6.45	88500
2021-09-06	6.45	6.3	6.45	6.35	131700
2021-09-07	6.35	6.3	6.35	6.3	97200
2021-09-08	6.3	6.25	6.35	6.3	43900
2021-09-09	6.3	6.25	6.3	6.3	26000
2021-09-10	6.3	6.3	6.5	6.5	203900
2021-09-13	6.5	6.45	6.65	6.6	373400
2021-09-14	6.8	6.6	6.8	6.6	523100
2021-09-15	6.7	6.6	6.7	6.65	82600
2021-09-16	6.6	6.6	6.7	6.7	79200
2021-09-17	6.65	6.5	6.65	6.65	191600
2021-09-20	6.65	6.55	6.65	6.6	79900
2021-09-21	6.65	6.55	6.7	6.7	113100
2021-09-22	6.65	6.5	6.7	6.65	306100
2021-09-23	6.55	6.5	6.6	6.55	124500
2021-09-27	6.6	6.5	6.6	6.5	129600
2021-09-28	6.5	6.5	6.55	6.55	52500
2021-09-29	6.45	6.45	6.55	6.55	61000
2021-09-30	6.5	6.45	6.55	6.5	35600
2021-10-01	6.45	6.4	6.55	6.55	74100
2021-10-04	6.5	6.45	6.6	6.6	193800
2021-10-05	6.6	6.4	6.6	6.5	341900
2021-10-06	6.5	6.45	6.5	6.5	16700
2021-10-07	6.5	6.45	6.55	6.55	60100
2021-10-08	6.55	6.45	6.6	6.6	124600
2021-10-11	6.6	6.45	6.6	6.5	139100
2021-10-12	6.6	6.6	6.85	6.65	1287500
2021-10-14	6.7	6.7	6.8	6.75	429000
2021-10-15	6.7	6.65	6.75	6.75	114900
2021-10-18	6.75	6.65	6.75	6.75	39900
2021-10-19	6.7	6.6	6.7	6.7	142900
2021-10-20	6.7	6.5	6.7	6.6	159900
2021-10-21	6.6	6.55	6.7	6.7	68200
2021-10-25	6.7	6.7	6.8	6.7	317000
2021-10-26	6.75	6.6	6.75	6.65	240200
2021-10-27	6.6	6.6	6.65	6.6	30600
2021-10-28	6.55	6.55	6.65	6.65	55900
2021-10-29	6.55	6.55	6.65	6.65	33100
2021-11-01	6.55	6.55	6.65	6.65	32900
2021-11-02	6.6	6.55	6.65	6.55	52600
2021-11-03	6.65	6.4	6.65	6.5	238800
2021-11-04	6.5	6.45	6.5	6.5	92200
2021-11-05	6.5	6.5	6.55	6.5	14500
2021-11-08	6.45	6.45	6.55	6.55	43500
2021-11-09	6.5	6.5	6.6	6.6	20300
2021-11-10	6.6	6.5	6.6	6.6	14700
2021-11-11	6.6	6.5	6.6	6.55	70600
2021-11-12	6.6	6.55	6.6	6.6	65300
2021-11-15	6.55	6.55	6.6	6.6	59100
2021-11-16	6.6	6.6	6.6	6.6	25100
2021-11-17	6.55	6.55	6.6	6.55	11000
2021-11-18	6.6	6.55	6.6	6.55	12700
2021-11-19	6.55	6.5	6.6	6.55	76700
2021-11-22	6.55	6.4	6.55	6.5	184600
2021-11-23	6.5	6.45	6.5	6.5	61600
2021-11-24	6.45	6.45	6.5	6.5	117300
2021-11-25	6.5	6.45	6.5	6.5	33600
2021-11-26	6.5	6.35	6.5	6.45	249500
2021-11-29	6.35	6.25	6.4	6.3	232200
2021-11-30	6.2	6.0	6.3	6.05	382100
2021-12-01	6.1	5.95	6.15	6.15	186900
2021-12-02	6.15	6.05	6.15	6.1	51400
2021-12-03	6.1	6.1	6.15	6.1	22200
2021-12-07	6.0	6.0	6.15	6.15	109100
2021-12-08	6.15	6.1	6.2	6.15	47100
2021-12-09	6.2	6.1	6.2	6.15	54200
2021-12-13	6.1	6.05	6.1	6.05	87600
2021-12-14	6.15	6.0	6.15	6.1	48000
2021-12-15	6.15	6.0	6.15	6.05	177800
2021-12-16	6.0	5.85	6.05	5.95	719300
2021-12-17	6.0	5.85	6.0	6.0	233400
2021-12-20	5.9	5.9	5.95	5.95	89400
2021-12-21	6.0	5.9	6.0	5.9	74500
2021-12-22	5.95	5.95	6.0	6.0	65100
2021-12-23	6.0	5.95	6.1	6.1	108500
2021-12-24	6.1	6.0	6.15	6.15	135500
2021-12-27	6.15	6.1	6.15	6.15	71500
2021-12-28	6.15	6.05	6.15	6.15	68000
2021-12-29	6.1	6.05	6.15	6.15	28100
2021-12-30	6.15	6.1	6.2	6.2	42400
2022-01-04	6.15	6.15	6.25	6.25	91100
2022-01-05	6.2	6.2	6.25	6.2	23900
2022-01-06	6.15	6.05	6.15	6.1	201800
2022-01-07	6.15	6.05	6.15	6.15	183200
2022-01-10	6.05	5.95	6.1	6.1	196600
2022-01-11	6.15	6.05	6.15	6.1	22300
2022-01-12	6.1	6.05	6.15	6.15	90800
2022-01-13	6.1	6.05	6.15	6.15	32200
2022-01-14	6.1	6.05	6.2	6.2	99900
2022-01-17	6.2	6.1	6.2	6.15	69900
2022-01-18	6.15	6.1	6.25	6.2	97600
2022-01-19	6.15	6.1	6.15	6.1	41100
2022-01-20	6.2	6.15	6.2	6.15	47200
2022-01-21	6.15	6.15	6.3	6.25	384200
2022-01-24	6.2	6.2	6.3	6.3	164300
2022-01-25	6.3	6.2	6.3	6.25	160300
2022-01-26	6.3	6.2	6.3	6.25	73900
2022-01-27	6.25	6.1	6.25	6.1	123700
2022-01-28	6.1	6.05	6.15	6.1	37600
2022-01-31	6.05	6.05	6.25	6.25	79200
2022-02-01	6.3	6.2	6.3	6.25	115800
2022-02-02	6.25	6.25	6.3	6.3	70000
2022-02-03	6.3	6.2	6.3	6.3	80600
2022-02-04	6.35	6.2	6.35	6.3	109200
2022-02-07	6.2	6.2	6.3	6.2	18500
2022-02-08	6.2	6.2	6.25	6.2	87400
2022-02-09	6.2	6.15	6.25	6.15	61900
2022-02-10	6.15	6.1	6.2	6.1	132400
2022-02-11	6.1	6.05	6.15	6.15	83000
2022-02-14	6.15	6.15	6.25	6.25	131400
2022-02-15	6.3	6.2	6.3	6.3	44900
2022-02-17	6.2	6.2	6.3	6.3	54100
2022-02-18	6.3	6.2	6.3	6.25	36900
2022-02-21	6.2	6.15	6.25	6.25	58100
2022-02-22	6.15	6.05	6.2	6.2	104000
2022-02-23	6.2	6.2	6.3	6.2	110300
2022-02-24	6.2	6.1	6.2	6.15	149000
2022-02-25	6.15	6.15	6.2	6.2	144700
2022-02-28	6.25	6.1	6.25	6.2	241400
2022-03-01	6.2	6.15	6.25	6.15	209600
2022-03-02	6.1	6.0	6.15	6.1	150600
2022-03-03	6.1	6.1	6.15	6.1	42900
2022-03-04	6.1	6.0	6.15	6.05	295000
2022-03-07	6.0	5.85	6.0	5.9	181000
2022-03-08	5.9	5.8	5.95	5.85	216700
2022-03-09	5.85	5.85	5.95	5.95	32800
2022-03-10	6.0	6.0	6.1	6.0	68400
2022-03-11	6.0	6.0	6.05	6.05	77000
2022-03-14	6.05	5.95	6.05	6.05	73400
2022-03-15	6.05	5.9	6.05	5.95	81700
2022-03-16	5.9	5.9	6.05	6.05	46500
2022-03-17	6.0	6.0	6.1	6.1	64800
2022-03-18	6.0	6.0	6.15	6.15	142700
2022-03-21	6.1	6.0	6.1	6.0	85900
2022-03-22	6.0	6.0	6.05	6.0	24100
2022-03-23	6.1	6.05	6.1	6.05	52900
2022-03-24	6.15	6.05	6.15	6.05	60000
2022-03-25	6.0	6.0	6.05	6.05	20800
2022-03-28	6.0	6.0	6.2	6.15	140200
2022-03-29	6.2	6.2	6.35	6.3	518600
2022-03-30	6.35	6.25	6.35	6.25	100400
2022-03-31	6.3	6.25	6.3	6.25	154200
2022-04-01	6.25	6.0	6.25	6.15	346700
2022-04-04	6.15	6.15	6.45	6.3	566100
2022-04-05	6.3	6.2	6.3	6.2	104800
2022-04-07	6.25	6.2	6.25	6.25	33500
2022-04-08	6.3	6.2	6.3	6.3	200900
2022-04-11	6.25	6.25	6.35	6.3	164100
2022-04-12	6.25	6.25	6.3	6.3	147700
2022-04-18	6.25	6.25	6.4	6.35	276200
2022-04-19	6.35	6.3	6.4	6.35	81000
2022-04-20	6.35	6.35	6.4	6.4	128700
2022-04-21	6.35	6.35	6.4	6.4	70500
2022-04-22	6.4	6.4	6.45	6.4	151500
2022-04-25	6.45	6.45	6.55	6.5	183500
2022-04-26	6.5	6.5	6.6	6.55	305100
2022-04-27	6.55	6.4	6.55	6.5	68400
2022-04-28	6.45	6.4	6.5	6.5	188400
2022-04-29	6.5	6.4	6.5	6.5	76500
2022-05-03	6.5	6.4	6.5	6.4	96000
2022-05-05	6.5	6.3	6.5	6.4	89000
2022-05-06	6.3	6.25	6.3	6.3	123400
2022-05-09	6.25	6.2	6.3	6.3	72000
2022-05-10	6.3	6.2	6.35	6.35	253100
2022-05-11	6.35	6.3	6.35	6.35	31900
2022-05-12	6.25	6.1	6.25	6.2	396800
2022-05-13	6.2	6.1	6.2	6.2	44800
2022-05-17	6.15	6.05	6.2	6.2	212400
2022-05-18	6.1	6.1	6.2	6.2	45900
2022-05-19	6.15	6.1	6.15	6.15	50300
2022-05-20	6.1	6.1	6.2	6.2	94200
2022-05-23	6.2	6.15	6.25	6.2	114600
2022-05-24	6.2	6.15	6.25	6.2	60700
2022-05-25	6.25	6.2	6.35	6.3	185000
2022-05-26	6.35	6.25	7.25	6.65	6208600
2022-05-27	6.8	6.6	6.8	6.6	912100
2022-05-30	6.75	6.7	6.85	6.7	1938800
2022-05-31	6.75	6.7	6.95	6.9	2702100
2022-06-01	6.9	6.7	6.9	6.8	1147800
2022-06-02	6.85	6.65	6.85	6.8	884200
2022-06-06	6.8	6.6	6.8	6.8	504500
2022-06-07	6.8	6.7	7.0	6.7	1888300
2022-06-08	6.8	6.7	6.9	6.85	771500
2022-06-09	6.9	6.85	7.45	7.3	6399000
2022-06-10	7.2	7.15	7.3	7.3	1257100
2022-06-13	7.15	6.75	7.75	6.85	9224900
2022-06-14	6.85	6.75	6.95	6.85	770800
2022-06-15	6.95	6.85	7.2	6.85	1357100
2022-06-16	7.0	6.85	7.45	6.95	5333900
2022-06-17	7.05	6.9	7.15	7.1	1656700
2022-06-20	7.2	7.15	7.6	7.55	8125600
2022-06-21	7.7	7.35	7.7	7.4	4201200
2022-06-22	7.45	7.15	7.45	7.2	2371800
2022-06-23	7.3	7.25	7.5	7.4	3431000
2022-06-24	7.3	7.15	7.35	7.3	1119700
2022-06-27	7.3	7.15	7.35	7.2	914700
2022-06-28	7.25	7.2	7.5	7.3	1778900
2022-06-29	7.35	7.15	7.35	7.15	762600
2022-06-30	7.15	6.9	7.25	7.0	2582300
2022-07-01	6.95	6.9	7.1	7.05	880600
2022-07-04	7.0	6.75	7.05	6.75	1351400
2022-07-05	6.8	6.25	6.85	6.35	2778200
2022-07-06	6.3	6.3	6.55	6.45	616300
2022-07-07	6.4	6.4	6.65	6.65	501400
2022-07-08	6.7	6.5	6.7	6.5	372600
2022-07-11	6.5	6.4	6.55	6.45	278500
2022-07-12	6.4	6.4	6.55	6.45	169400
2022-07-14	6.45	6.25	6.5	6.3	744500
2022-07-15	6.35	6.0	6.35	6.2	1312500
2022-07-18	6.15	6.15	6.5	6.4	303500
2022-07-19	6.45	6.3	6.45	6.3	92400
2022-07-20	6.35	6.3	6.45	6.3	190600
2022-07-21	6.35	6.35	6.45	6.4	66600
2022-07-22	6.4	6.35	6.5	6.35	84700
2022-07-25	6.4	6.4	6.5	6.5	67500
2022-07-26	6.45	6.45	6.6	6.5	435700
2022-07-27	6.45	6.4	6.5	6.4	121900
2022-08-01	6.45	6.35	6.7	6.7	866600
2022-08-02	6.7	6.55	6.85	6.7	732000
2022-08-03	6.7	6.7	6.85	6.85	293600
2022-08-04	6.85	6.75	7.0	7.0	799500
2022-08-05	7.0	6.85	7.0	6.95	93900
2022-08-08	6.9	6.85	6.95	6.95	63300
2022-08-09	6.9	6.9	7.0	6.95	369300
2022-08-10	6.9	6.7	6.95	6.85	325600
2022-08-11	6.85	6.85	6.95	6.95	629300
2022-08-15	7.0	6.85	7.15	7.15	815300
2022-08-16	7.15	6.65	7.15	6.9	1793800
2022-08-17	6.9	6.85	6.95	6.85	316000
2022-08-18	6.9	6.75	6.95	6.8	343700
2022-08-19	6.8	6.8	6.95	6.85	174500
2022-08-22	6.85	6.8	6.95	6.85	114800
2022-08-23	6.85	6.85	6.9	6.9	271300
2022-08-24	6.9	6.9	6.95	6.9	111300
2022-08-25	6.95	6.9	7.0	6.95	238700
2022-08-26	6.9	6.9	6.95	6.95	106200
2022-08-29	6.8	6.8	6.95	6.95	169000
2022-08-30	6.9	6.9	6.95	6.9	212700
2022-08-31	6.9	6.9	7.1	7.05	794400
2022-09-01	7.1	7.0	7.1	7.1	251500
2022-09-02	7.1	7.0	7.15	7.15	276300
2022-09-05	7.15	7.05	7.15	7.1	467900
2022-09-06	7.1	7.0	7.1	7.1	135000
2022-09-07	7.1	6.95	7.1	7.0	339100
2022-09-08	7.05	6.95	7.05	7.05	57600
2022-09-09	7.1	7.05	7.2	7.15	920300
2022-09-12	7.2	7.15	7.25	7.25	778800
2022-09-13	7.3	7.15	7.3	7.2	266500
2022-09-14	7.1	7.1	7.2	7.2	325200
2022-09-15	7.2	7.05	7.2	7.15	517800
2022-09-16	7.15	7.0	7.2	7.0	336900
2022-09-19	7.05	6.9	7.05	7.0	538200
2022-09-20	7.05	7.05	7.25	7.15	759000
2022-09-21	7.15	7.15	7.35	7.25	909000
2022-09-22	7.35	7.2	7.35	7.25	366400
2022-09-23	7.25	7.25	7.6	7.6	2961700
2022-09-26	7.55	7.5	7.95	7.85	2563200
2022-09-27	7.95	7.35	7.95	7.8	3320400
2022-09-28	7.75	7.5	7.95	7.95	2435000
2022-09-29	7.95	7.55	7.95	7.55	914800
2022-09-30	7.55	7.45	7.7	7.5	1042700
2022-10-03	7.45	7.4	7.55	7.4	841800
2022-10-04	7.5	7.45	7.75	7.7	752100
2022-10-05	7.75	7.65	8.25	8.25	3166100
2022-10-06	8.2	8.05	8.25	8.1	818600
2022-10-07	8.1	7.95	8.4	8.4	1233400
2022-10-10	8.35	8.2	8.4	8.2	776600
2022-10-11	8.2	7.75	8.2	8.05	2127000
2022-10-12	8.05	7.95	8.1	8.05	491400
2022-10-17	8.05	7.9	8.25	8.2	598700
2022-10-18	8.25	8.1	8.25	8.25	378300
2022-10-19	8.3	7.95	8.3	8.15	601200
2022-10-20	8.05	8.05	8.2	8.15	78500
2022-10-21	8.15	7.95	8.15	8.0	396300
2022-10-25	8.05	8.0	8.15	8.1	280900
2022-10-26	8.1	8.1	8.45	8.2	1904900
2022-10-27	8.3	8.15	8.3	8.2	200200
2022-10-28	8.25	8.1	8.25	8.15	242600
2022-10-31	8.1	8.1	8.3	8.3	327900
2022-11-01	8.4	8.2	8.4	8.25	806900
2022-11-02	8.25	8.15	8.35	8.15	317700
2022-11-03	8.1	8.05	8.15	8.05	303400
2022-11-04	8.15	8.05	8.15	8.05	128900
2022-11-07	8.05	7.85	8.05	7.85	788400
2022-11-08	7.8	7.8	8.0	7.9	187400
2022-11-09	7.9	7.6	7.9	7.6	867300
2022-11-10	7.6	7.6	7.85	7.65	916600
2022-11-11	7.7	7.65	7.8	7.75	1356200
2022-11-14	7.6	7.4	7.6	7.4	1659100
2022-11-15	7.45	7.4	7.55	7.45	368700
2022-11-16	7.5	7.1	7.55	7.25	2795600
2022-11-17	7.2	6.95	7.3	7.0	2158100
2022-11-18	6.95	6.9	7.05	6.9	910700
2022-11-21	6.95	6.85	7.0	7.0	802100
2022-11-22	6.95	6.95	7.1	7.05	612700
2022-11-23	7.05	6.95	7.05	7.0	348000
2022-11-24	7.1	7.05	7.15	7.05	931200
2022-11-25	7.15	7.1	7.2	7.2	787000
2022-11-28	7.15	7.05	7.15	7.05	387000
2022-11-29	7.05	7.05	7.2	7.05	607300
2022-11-30	7.1	7.05	7.25	7.2	481800
2022-12-01	7.2	7.05	7.25	7.05	569500
2022-12-02	7.1	7.05	7.15	7.1	264700
2022-12-06	7.15	7.1	7.3	7.15	487600
2022-12-07	7.2	7.05	7.2	7.05	483500
2022-12-08	7.15	7.05	7.15	7.05	221400
2022-12-09	7.05	7.0	7.15	7.05	358500
2022-12-13	7.05	7.05	7.15	7.1	191800
2022-12-14	7.2	7.1	7.25	7.2	891200
2022-12-15	7.2	7.05	7.2	7.1	411600
2022-12-16	7.05	7.0	7.2	7.2	263900
2022-12-19	7.2	7.1	7.2	7.15	137200
2022-12-20	7.2	7.05	7.2	7.05	556200
2022-12-21	7.05	7.05	7.2	7.2	156200
2022-12-22	7.2	7.1	7.2	7.1	151500
2022-12-23	7.2	7.15	7.25	7.2	641800
2022-12-26	7.25	7.2	7.5	7.5	1946400
2022-12-27	7.5	7.4	7.55	7.45	1352400
2022-12-28	7.5	7.4	7.6	7.4	1563100
2022-12-29	7.45	7.4	7.5	7.4	560300
2022-12-30	7.4	7.4	7.5	7.5	647000
