Date	Price Open	Price Low	Price High	Price Close	Volume
2019-03-13	2.04	2.04	2.5	2.5	230228600
2019-03-14	2.46	2.24	2.52	2.32	55205200
2019-03-15	2.3	2.28	2.46	2.28	71246400
2019-03-18	2.28	2.28	2.38	2.34	31507100
2019-03-19	2.36	2.26	2.42	2.26	25822500
2019-03-20	2.28	2.1	2.3	2.12	19913400
2019-03-21	2.14	1.83	2.18	1.84	19967800
2019-03-22	1.82	1.72	1.83	1.75	30940500
2019-03-25	1.73	1.69	1.74	1.71	4892100
2019-03-26	1.73	1.73	1.86	1.84	39833000
2019-03-27	1.82	1.75	1.83	1.76	12161400
2019-03-28	1.76	1.7	1.8	1.7	14984800
2019-03-29	1.71	1.67	1.74	1.67	11533400
2019-04-01	1.68	1.63	1.71	1.63	6787700
2019-04-02	1.63	1.63	1.69	1.64	6273400
2019-04-03	1.65	1.64	1.7	1.65	7524200
2019-04-04	1.65	1.64	1.69	1.64	6690900
2019-04-05	1.65	1.6	1.66	1.6	3725100
2019-04-09	1.61	1.56	1.62	1.57	3600300
2019-04-10	1.57	1.56	1.63	1.58	5296800
2019-04-11	1.58	1.55	1.62	1.55	3737000
2019-04-12	1.56	1.53	1.59	1.53	3386500
2019-04-17	1.54	1.46	1.55	1.46	5507200
2019-04-18	1.47	1.4	1.48	1.43	6942700
2019-04-19	1.42	1.42	1.48	1.43	7038900
2019-04-22	1.44	1.42	1.47	1.43	4656000
2019-04-23	1.45	1.38	1.48	1.4	6328700
2019-04-24	1.41	1.39	1.42	1.39	1562900
2019-04-25	1.41	1.37	1.41	1.37	1147900
2019-04-26	1.37	1.29	1.38	1.29	3569800
2019-04-29	1.29	1.29	1.34	1.31	1526300
2019-04-30	1.32	1.3	1.4	1.38	8062700
2019-05-02	1.41	1.39	1.43	1.39	7663700
2019-05-03	1.39	1.36	1.39	1.36	982000
2019-05-07	1.37	1.35	1.39	1.36	1017600
2019-05-08	1.38	1.29	1.38	1.29	1882500
2019-05-09	1.3	1.25	1.31	1.26	1307800
2019-05-10	1.27	1.2	1.27	1.22	1498500
2019-05-13	1.22	1.21	1.25	1.22	1039400
2019-05-14	1.22	1.14	1.23	1.15	1845900
2019-05-15	1.16	1.14	1.17	1.14	607200
2019-05-16	1.14	1.03	1.15	1.08	1574100
2019-05-17	1.08	1.08	1.1	1.1	586800
2019-05-21	1.11	1.05	1.11	1.06	259800
2019-05-22	1.06	1.06	1.08	1.07	163000
2019-05-23	1.07	1.06	1.11	1.07	722100
2019-05-24	1.07	1.04	1.08	1.04	529300
2019-05-27	1.05	1.03	1.05	1.03	547500
2019-05-28	1.03	1.02	1.07	1.07	1107200
2019-05-29	1.06	1.05	1.07	1.05	509600
2019-05-30	1.06	1.04	1.07	1.04	409000
2019-05-31	1.04	1.03	1.05	1.03	331800
2019-06-04	1.03	1.01	1.03	1.02	441900
2019-06-05	1.01	1.0	1.02	1.0	450300
2019-06-06	1.0	0.9	1.0	0.91	3905500
2019-06-07	0.93	0.92	0.98	0.94	2638400
2019-06-10	0.96	0.93	1.01	0.99	2465700
2019-06-11	1.02	1.01	1.06	1.06	3035600
2019-06-12	1.06	1.06	1.11	1.08	4339300
2019-06-13	1.08	1.04	1.09	1.05	1753700
2019-06-14	1.05	1.04	1.07	1.05	253900
2019-06-17	1.05	1.0	1.05	1.02	1756600
2019-06-18	1.02	1.02	1.04	1.03	616600
2019-06-19	1.03	1.03	1.06	1.04	814200
2019-06-20	1.04	1.04	1.09	1.09	3646900
2019-06-21	1.12	1.11	1.18	1.16	12553900
2019-06-24	1.17	1.12	1.17	1.14	4747600
2019-06-25	1.15	1.12	1.18	1.13	4925900
2019-06-26	1.14	1.11	1.15	1.14	1277600
2019-06-27	1.15	1.13	1.15	1.14	403100
2019-06-28	1.15	1.12	1.15	1.14	318300
2019-07-01	1.13	1.08	1.14	1.1	1419300
2019-07-02	1.13	1.09	1.13	1.1	692800
2019-07-03	1.12	1.1	1.12	1.12	211100
2019-07-04	1.11	1.09	1.12	1.1	867300
2019-07-05	1.08	1.07	1.1	1.07	847600
2019-07-08	1.08	1.04	1.08	1.04	619000
2019-07-09	1.02	1.0	1.02	1.02	1230800
2019-07-10	1.03	1.0	1.03	1.01	363200
2019-07-11	1.01	1.01	1.03	1.02	387800
2019-07-12	1.02	1.0	1.02	1.02	814100
2019-07-15	1.02	0.97	1.02	0.98	1248600
2019-07-17	0.97	0.97	1.0	0.98	655600
2019-07-18	1.0	0.98	1.05	1.0	1638100
2019-07-19	1.01	0.97	1.03	0.97	1064400
2019-07-22	0.98	0.97	0.99	0.97	550700
2019-07-23	0.98	0.97	0.99	0.98	137100
2019-07-24	0.98	0.96	0.98	0.97	337600
2019-07-25	0.97	0.96	0.98	0.97	118100
2019-07-26	0.97	0.95	0.97	0.95	226500
2019-07-30	0.96	0.95	0.96	0.95	63100
2019-07-31	0.95	0.93	0.95	0.95	181600
2019-08-01	0.95	0.94	0.96	0.94	101000
2019-08-02	0.95	0.92	0.95	0.92	177800
2019-08-05	0.94	0.92	0.94	0.92	36400
2019-08-06	0.91	0.91	0.92	0.92	201100
2019-08-07	0.92	0.92	0.97	0.95	674300
2019-08-08	0.96	0.93	1.14	0.93	12766500
2019-08-09	0.96	0.95	0.98	0.95	1271500
2019-08-13	0.95	0.91	0.95	0.91	1051800
2019-08-14	0.95	0.92	0.95	0.93	515200
2019-08-15	0.92	0.87	0.98	0.88	3048200
2019-08-16	0.89	0.89	0.91	0.9	420300
2019-08-19	0.91	0.9	0.96	0.93	903200
2019-08-20	0.96	0.93	0.96	0.94	435200
2019-08-21	0.95	0.94	0.97	0.97	1190400
2019-08-22	0.94	0.92	0.95	0.92	843400
2019-08-23	0.92	0.9	0.93	0.91	996500
2019-08-26	0.91	0.89	0.92	0.9	946100
2019-08-27	0.9	0.88	0.9	0.88	457700
2019-08-28	0.88	0.87	0.9	0.88	896400
2019-08-29	0.88	0.88	0.94	0.9	1720700
2019-08-30	0.91	0.9	1.05	0.97	7279400
2019-09-02	0.97	0.95	1.0	0.95	622000
2019-09-03	0.94	0.92	0.95	0.92	780600
2019-09-04	0.93	0.93	1.02	0.94	4307700
2019-09-05	0.95	0.94	0.96	0.94	994400
2019-09-06	0.95	0.91	0.96	0.91	829700
2019-09-09	0.94	0.91	0.94	0.91	224700
2019-09-10	0.92	0.91	0.94	0.91	735500
2019-09-11	0.92	0.85	0.92	0.86	2809400
2019-09-12	0.85	0.85	0.88	0.87	513900
2019-09-13	0.88	0.87	0.89	0.88	318100
2019-09-16	0.88	0.8	0.89	0.82	1758700
2019-09-17	0.81	0.77	0.83	0.81	2026400
2019-09-18	0.81	0.8	0.87	0.87	1412100
2019-09-19	0.86	0.84	0.89	0.88	1176400
2019-09-20	0.88	0.85	0.88	0.87	124200
2019-09-23	0.86	0.84	0.93	0.91	1193500
2019-09-24	0.91	0.88	0.92	0.89	369400
2019-09-25	0.89	0.85	0.89	0.85	285600
2019-09-26	0.86	0.84	0.86	0.84	134100
2019-09-27	0.83	0.83	0.85	0.85	39400
2019-09-30	0.84	0.84	0.85	0.84	119700
2019-10-01	0.84	0.82	0.84	0.83	146400
2019-10-02	0.83	0.81	0.83	0.81	153600
2019-10-03	0.81	0.8	0.82	0.82	111000
2019-10-04	0.81	0.81	0.83	0.81	24400
2019-10-07	0.81	0.81	0.81	0.81	300
2019-10-08	0.81	0.81	0.81	0.81	100800
2019-10-09	0.81	0.8	0.83	0.82	62400
2019-10-10	0.83	0.83	0.85	0.84	187600
2019-10-11	0.83	0.82	0.84	0.82	74300
2019-10-15	0.82	0.8	0.82	0.81	118000
2019-10-16	0.81	0.72	0.81	0.73	911100
2019-10-17	0.73	0.71	0.73	0.72	505000
2019-10-18	0.73	0.71	0.73	0.71	431400
2019-10-21	0.72	0.7	0.72	0.7	378600
2019-10-22	0.71	0.7	0.77	0.71	1638200
2019-10-24	0.71	0.71	0.82	0.8	4115300
2019-10-25	0.8	0.72	0.8	0.72	2291300
2019-10-28	0.7	0.7	0.74	0.73	451000
2019-10-29	0.72	0.71	0.73	0.71	451800
2019-10-30	0.71	0.7	0.72	0.71	148700
2019-10-31	0.71	0.71	0.72	0.71	70600
2019-11-01	0.7	0.7	0.71	0.7	333000
2019-11-04	0.7	0.7	0.72	0.72	52700
2019-11-05	0.72	0.71	0.72	0.71	43600
2019-11-06	0.72	0.71	0.72	0.72	325700
2019-11-07	0.72	0.72	0.73	0.72	20400
2019-11-08	0.75	0.72	0.75	0.72	43700
2019-11-11	0.72	0.72	0.73	0.73	5300
2019-11-12	0.71	0.7	0.73	0.72	183600
2019-11-13	0.73	0.7	0.73	0.7	204600
2019-11-14	0.7	0.7	0.73	0.7	88700
2019-11-15	0.71	0.7	0.73	0.7	94200
2019-11-18	0.71	0.69	0.71	0.7	104700
2019-11-19	0.7	0.68	0.7	0.68	375400
2019-11-20	0.68	0.67	0.7	0.67	138600
2019-11-21	0.68	0.67	0.69	0.69	192400
2019-11-22	0.68	0.68	0.7	0.69	21600
2019-11-25	0.69	0.67	0.7	0.7	101500
2019-11-26	0.7	0.69	0.7	0.69	73300
2019-11-27	0.69	0.67	0.69	0.69	132100
2019-11-28	0.68	0.67	0.7	0.7	220000
2019-11-29	0.7	0.69	0.71	0.69	28000
2019-12-02	0.72	0.65	0.72	0.68	111800
2019-12-03	0.69	0.68	0.85	0.73	9955000
2019-12-04	0.73	0.72	0.74	0.72	444800
2019-12-06	0.72	0.72	0.76	0.72	1079900
2019-12-09	0.7	0.68	0.71	0.68	1065900
2019-12-11	0.68	0.68	0.73	0.72	735800
2019-12-12	0.72	0.68	0.73	0.68	940100
2019-12-13	0.69	0.68	0.88	0.78	88227900
2019-12-16	0.78	0.75	0.82	0.8	7896700
2019-12-17	0.79	0.76	0.81	0.8	3013900
2019-12-18	0.8	0.77	0.82	0.78	2900900
2019-12-19	0.78	0.77	0.84	0.8	4609100
2019-12-20	0.81	0.77	0.82	0.78	1601300
2019-12-23	0.78	0.77	0.79	0.78	399600
2019-12-24	0.78	0.77	0.79	0.77	233000
2019-12-25	0.78	0.78	0.79	0.78	224500
2019-12-26	0.8	0.78	0.82	0.78	1793100
2019-12-27	0.79	0.77	0.79	0.78	740800
2019-12-30	0.79	0.77	0.79	0.77	356700
2020-01-02	0.78	0.77	0.78	0.78	236900
2020-01-03	0.78	0.75	0.78	0.76	280500
2020-01-06	0.77	0.73	0.77	0.74	647400
2020-01-07	0.74	0.72	0.75	0.75	1659700
2020-01-08	0.74	0.71	0.74	0.71	1374400
2020-01-09	0.73	0.7	0.74	0.74	1358000
2020-01-10	0.74	0.72	0.75	0.75	292300
2020-01-13	0.74	0.74	0.77	0.77	697200
2020-01-14	0.77	0.76	0.79	0.78	580400
2020-01-15	0.77	0.77	0.78	0.77	365500
2020-01-16	0.78	0.77	0.82	0.79	1808700
2020-01-17	0.79	0.77	0.8	0.78	309900
2020-01-20	0.79	0.76	0.79	0.76	238400
2020-01-21	0.76	0.71	0.77	0.73	296200
2020-01-22	0.74	0.73	0.77	0.75	654500
2020-01-23	0.76	0.71	0.76	0.72	844700
2020-01-24	0.73	0.72	0.75	0.72	84300
2020-01-27	0.65	0.65	0.72	0.7	391700
2020-01-28	0.71	0.68	0.71	0.69	176400
2020-01-29	0.69	0.67	0.7	0.7	152300
2020-01-30	0.7	0.69	0.7	0.69	86300
2020-01-31	0.69	0.69	0.71	0.71	263100
2020-02-03	0.72	0.7	0.73	0.71	185600
2020-02-04	0.72	0.72	0.73	0.73	53500
2020-02-05	0.71	0.7	0.73	0.71	34200
2020-02-06	0.71	0.71	0.72	0.72	74200
2020-02-07	0.7	0.7	0.72	0.72	483800
2020-02-11	0.74	0.71	0.74	0.73	24300
2020-02-12	0.72	0.71	0.73	0.73	127200
2020-02-13	0.72	0.72	0.73	0.73	75200
2020-02-14	0.73	0.71	0.74	0.71	125400
2020-02-17	0.73	0.73	0.75	0.73	127400
2020-02-18	0.73	0.73	0.74	0.73	93300
2020-02-19	0.71	0.71	0.73	0.71	100400
2020-02-20	0.71	0.71	0.72	0.72	45900
2020-02-21	0.7	0.7	0.73	0.73	9200
2020-02-24	0.71	0.7	0.74	0.74	167600
2020-02-25	0.68	0.68	0.73	0.68	208700
2020-02-26	0.69	0.68	0.7	0.68	122600
2020-02-27	0.64	0.64	0.68	0.68	25000
2020-02-28	0.65	0.63	0.66	0.64	227300
2020-03-02	0.64	0.62	0.65	0.65	146000
2020-03-03	0.66	0.65	0.68	0.67	66800
2020-03-04	0.65	0.65	0.7	0.7	87000
2020-03-05	0.69	0.69	0.71	0.71	358100
2020-03-06	0.69	0.67	0.71	0.71	453700
2020-03-09	0.68	0.61	0.69	0.62	125800
2020-03-10	0.57	0.57	0.68	0.65	74800
2020-03-11	0.67	0.61	0.67	0.61	21300
2020-03-12	0.61	0.5	0.62	0.55	273100
2020-03-13	0.52	0.47	0.54	0.54	107200
2020-03-16	0.54	0.5	0.54	0.54	2200
2020-03-17	0.51	0.38	0.54	0.43	624600
2020-03-18	0.42	0.42	0.47	0.43	54000
2020-03-19	0.47	0.4	0.47	0.41	43600
2020-03-20	0.44	0.42	0.47	0.46	175100
2020-03-23	0.42	0.4	0.45	0.4	184400
2020-03-24	0.4	0.38	0.41	0.41	684700
2020-03-25	0.41	0.37	0.41	0.4	360700
2020-03-26	0.41	0.41	0.42	0.41	10600
2020-03-27	0.41	0.4	0.45	0.44	136700
2020-03-30	0.41	0.41	0.42	0.41	20000
2020-03-31	0.42	0.42	0.43	0.42	92200
2020-04-01	0.43	0.41	0.43	0.42	73900
2020-04-02	0.43	0.42	0.46	0.46	134500
2020-04-03	0.45	0.43	0.48	0.46	180500
2020-04-07	0.45	0.45	0.49	0.48	180800
2020-04-08	0.48	0.48	0.53	0.5	231300
2020-04-09	0.56	0.51	0.56	0.55	290700
2020-04-10	0.57	0.57	0.6	0.6	83100
2020-04-13	0.65	0.56	0.67	0.66	128500
2020-04-14	0.63	0.62	0.7	0.66	985000
2020-04-15	0.66	0.59	0.7	0.61	413600
2020-04-16	0.64	0.59	0.64	0.61	140900
2020-04-17	0.63	0.6	0.63	0.62	74400
2020-04-20	0.63	0.6	0.63	0.6	98300
2020-04-21	0.59	0.59	0.64	0.63	25600
2020-04-22	0.64	0.62	0.64	0.63	39100
2020-04-23	0.61	0.61	0.65	0.63	88300
2020-04-24	0.65	0.63	0.66	0.63	65600
2020-04-27	0.64	0.61	0.64	0.64	201400
2020-04-28	0.66	0.62	0.66	0.62	87600
2020-04-29	0.65	0.64	0.66	0.65	135900
2020-04-30	0.66	0.64	0.66	0.64	102600
2020-05-05	0.66	0.64	0.68	0.66	645600
2020-05-07	0.68	0.66	0.69	0.66	199100
2020-05-08	0.68	0.66	0.69	0.69	226700
2020-05-11	0.69	0.68	0.7	0.69	334900
2020-05-12	0.69	0.68	0.7	0.7	102600
2020-05-13	0.68	0.68	0.7	0.68	133100
2020-05-14	0.69	0.65	0.69	0.68	269500
2020-05-15	0.67	0.64	0.69	0.66	410000
2020-05-18	0.66	0.6	0.68	0.6	367500
2020-05-19	0.6	0.59	0.64	0.62	145700
2020-05-20	0.62	0.57	0.64	0.64	505900
2020-05-21	0.63	0.62	0.65	0.62	193700
2020-05-22	0.64	0.62	0.64	0.62	10300
2020-05-25	0.66	0.62	0.66	0.64	34500
2020-05-26	0.65	0.63	0.65	0.65	92900
2020-05-27	0.64	0.64	0.65	0.65	62700
2020-05-28	0.68	0.64	0.68	0.65	67600
2020-05-29	0.65	0.64	0.66	0.65	64700
2020-06-01	0.65	0.63	0.66	0.66	31700
2020-06-02	0.66	0.63	0.66	0.64	110000
2020-06-04	0.66	0.64	0.67	0.67	129200
2020-06-05	0.66	0.65	0.69	0.69	637200
2020-06-08	0.75	0.68	0.79	0.79	2830400
2020-06-09	0.82	0.78	0.85	0.78	5807800
2020-06-10	0.76	0.75	0.79	0.75	1203400
2020-06-11	0.73	0.71	0.75	0.72	652000
2020-06-12	0.72	0.69	0.72	0.72	999300
2020-06-15	0.73	0.72	0.77	0.74	789900
2020-06-16	0.75	0.74	0.77	0.77	487600
2020-06-17	0.79	0.77	0.79	0.78	215300
2020-06-18	0.8	0.8	0.84	0.83	1160800
2020-06-19	0.83	0.79	0.84	0.83	1359100
2020-06-22	0.83	0.78	0.84	0.79	406000
2020-06-23	0.8	0.77	0.83	0.78	891200
2020-06-24	0.78	0.77	0.8	0.77	340300
2020-06-25	0.77	0.76	0.79	0.77	150600
2020-06-26	0.77	0.74	0.77	0.74	552800
2020-06-29	0.76	0.74	0.76	0.74	245400
2020-06-30	0.76	0.75	0.82	0.78	391800
2020-07-01	0.79	0.78	0.8	0.79	350900
2020-07-02	0.79	0.79	0.8	0.79	1022600
2020-07-03	0.8	0.77	0.8	0.8	548300
2020-07-07	0.79	0.79	0.81	0.81	771800
2020-07-08	0.81	0.78	0.81	0.79	1230400
2020-07-09	0.79	0.79	0.9	0.9	7162100
2020-07-10	1.02	1.02	1.03	1.03	6070200
2020-07-13	1.18	1.09	1.18	1.17	18527600
2020-07-14	1.17	1.08	1.21	1.14	9817800
2020-07-15	1.16	1.15	1.21	1.16	6504300
2020-07-16	1.15	1.11	1.16	1.13	1929600
2020-07-17	1.14	1.07	1.14	1.12	807200
2020-07-20	1.16	1.08	1.16	1.11	6146000
2020-07-21	1.11	1.01	1.11	1.03	6782900
2020-07-22	1.04	1.03	1.06	1.05	1302200
2020-07-23	1.09	1.09	1.2	1.2	9376900
2020-07-24	1.3	1.25	1.38	1.38	20927400
2020-07-29	1.45	1.33	1.49	1.33	20517000
2020-07-30	1.33	1.23	1.33	1.27	5816300
2020-07-31	1.23	1.23	1.33	1.33	2554700
2020-08-03	1.33	1.3	1.52	1.45	14235500
2020-08-04	1.45	1.4	1.47	1.42	4166700
2020-08-05	1.44	1.41	1.44	1.42	1138300
2020-08-06	1.45	1.38	1.45	1.38	1358900
2020-08-07	1.36	1.28	1.37	1.32	2019500
2020-08-10	1.32	1.28	1.35	1.31	828500
2020-08-11	1.32	1.26	1.38	1.34	1358300
2020-08-13	1.35	1.29	1.35	1.29	586400
2020-08-14	1.29	1.24	1.29	1.27	294900
2020-08-17	1.25	1.16	1.25	1.16	855600
2020-08-18	1.19	1.18	1.24	1.23	735900
2020-08-19	1.21	1.21	1.3	1.26	160400
2020-08-20	1.22	1.11	1.22	1.18	145600
2020-08-21	1.14	1.12	1.18	1.16	555000
2020-08-24	1.2	1.18	1.21	1.2	295500
2020-08-25	1.22	1.19	1.22	1.19	722000
2020-08-26	1.19	1.19	1.36	1.35	3530000
2020-08-27	1.34	1.31	1.39	1.35	1171200
2020-08-28	1.36	1.35	1.42	1.41	1616000
2020-08-31	1.4	1.34	1.41	1.38	653500
2020-09-01	1.37	1.31	1.38	1.34	569400
2020-09-02	1.34	1.3	1.34	1.34	257400
2020-09-03	1.34	1.31	1.35	1.32	503900
2020-09-08	1.32	1.3	1.34	1.31	379200
2020-09-09	1.29	1.29	1.33	1.31	460500
2020-09-10	1.31	1.27	1.32	1.29	273100
2020-09-11	1.3	1.1	1.31	1.28	624000
2020-09-14	1.31	1.26	1.31	1.26	75400
2020-09-15	1.26	1.26	1.3	1.3	75600
2020-09-16	1.3	1.29	1.3	1.3	136100
2020-09-17	1.3	1.29	1.33	1.33	142400
2020-09-18	1.32	1.32	1.34	1.34	158100
2020-09-21	1.34	1.3	1.35	1.3	178000
2020-09-22	1.38	1.33	1.38	1.36	131900
2020-09-23	1.38	1.33	1.38	1.37	373000
2020-09-24	1.36	1.32	1.36	1.32	193200
2020-09-25	1.32	1.31	1.4	1.32	51300
2020-09-28	1.32	1.31	1.34	1.32	36800
2020-09-29	1.39	1.39	1.51	1.51	8182600
2020-09-30	1.65	1.61	1.72	1.61	11655300
2020-10-01	1.61	1.5	1.63	1.56	2715300
2020-10-02	1.57	1.54	1.62	1.59	2691500
2020-10-05	1.5	1.46	1.53	1.46	2974000
2020-10-06	1.47	1.46	1.52	1.47	1494300
2020-10-07	1.46	1.44	1.48	1.47	1363000
2020-10-08	1.48	1.42	1.48	1.42	1268800
2020-10-09	1.4	1.34	1.41	1.34	1834300
2020-10-12	1.29	1.29	1.35	1.34	1334500
2020-10-14	1.33	1.28	1.33	1.31	1688200
2020-10-15	1.29	1.29	1.36	1.31	1250000
2020-10-16	1.33	1.25	1.33	1.27	1017100
2020-10-19	1.24	1.19	1.27	1.22	1351500
2020-10-20	1.22	1.19	1.25	1.21	586700
2020-10-21	1.22	1.2	1.22	1.2	320000
2020-10-22	1.2	1.18	1.2	1.18	551500
2020-10-26	1.14	1.14	1.2	1.2	81000
2020-10-27	1.2	1.16	1.2	1.18	149200
2020-10-28	1.2	1.2	1.27	1.21	163500
2020-10-29	1.21	1.17	1.21	1.17	15500
2020-10-30	1.17	1.17	1.2	1.18	109000
2020-11-02	1.18	1.17	1.18	1.18	12600
2020-11-03	1.18	1.17	1.2	1.19	19700
2020-11-04	1.21	1.15	1.21	1.2	50300
2020-11-05	1.21	1.19	1.21	1.21	124500
2020-11-06	1.2	1.17	1.2	1.18	55100
2020-11-09	1.2	1.17	1.2	1.18	233900
2020-11-10	1.22	1.06	1.22	1.1	1983400
2020-11-11	1.11	1.11	1.16	1.14	70500
2020-11-12	1.12	1.09	1.15	1.12	228100
2020-11-13	1.12	1.12	1.19	1.19	34800
2020-11-16	1.19	1.18	1.2	1.19	126600
2020-11-17	1.2	1.18	1.2	1.19	145200
2020-11-18	1.2	1.12	1.2	1.15	245600
2020-11-19	1.15	1.14	1.17	1.15	139500
2020-11-20	1.15	1.13	1.17	1.13	40800
2020-11-23	1.13	1.11	1.19	1.15	150600
2020-11-24	1.16	1.13	1.16	1.14	159000
2020-11-25	1.13	1.13	1.16	1.16	151600
2020-11-26	1.16	1.16	1.17	1.17	154400
2020-11-27	1.19	1.18	1.25	1.24	326300
2020-11-30	1.25	1.23	1.25	1.23	90800
2020-12-01	1.23	1.23	1.33	1.31	385000
2020-12-02	1.3	1.25	1.31	1.29	314200
2020-12-03	1.29	1.24	1.29	1.24	253000
2020-12-04	1.23	1.2	1.24	1.22	226500
2020-12-08	1.22	1.2	1.23	1.2	287800
2020-12-09	1.2	1.16	1.23	1.2	210700
2020-12-14	1.21	1.19	1.21	1.2	48600
2020-12-15	1.2	1.19	1.21	1.2	30100
2020-12-16	1.2	1.2	1.24	1.2	271000
2020-12-17	1.2	1.18	1.22	1.22	281100
2020-12-18	1.22	1.2	1.3	1.29	669900
2020-12-21	1.14	1.14	1.25	1.18	112100
2020-12-22	1.1	1.1	1.21	1.2	17900
2020-12-23	1.19	1.18	1.24	1.21	191900
2020-12-24	1.21	1.16	1.24	1.18	269500
2020-12-25	1.2	1.17	1.2	1.17	277100
2020-12-28	1.17	1.15	1.21	1.16	696000
2020-12-29	1.15	1.15	1.2	1.17	155000
2020-12-30	1.15	1.15	1.17	1.15	197400
2021-01-04	1.15	1.15	1.18	1.17	15500
2021-01-05	1.16	1.16	1.18	1.17	107600
2021-01-06	1.18	1.15	1.18	1.15	134900
2021-01-07	1.17	1.09	1.17	1.12	4031600
2021-01-08	1.12	1.09	1.14	1.1	745200
2021-01-11	1.1	1.09	1.13	1.13	344100
2021-01-12	1.13	1.11	1.13	1.12	200200
2021-01-13	1.12	1.08	1.12	1.08	722700
2021-01-14	1.09	1.08	1.11	1.11	389500
2021-01-15	1.11	1.1	1.11	1.11	226500
2021-01-18	1.1	1.09	1.1	1.1	233700
2021-01-19	1.1	1.1	1.14	1.14	473100
2021-01-20	1.14	1.11	1.14	1.12	261000
2021-01-21	1.14	1.1	1.14	1.11	263000
2021-01-22	1.11	1.11	1.13	1.11	99300
2021-01-25	1.12	1.1	1.13	1.11	105800
2021-01-26	1.08	1.07	1.11	1.07	366700
2021-01-27	1.07	1.07	1.1	1.09	59600
2021-01-28	1.1	1.06	1.1	1.07	479000
2021-01-29	1.07	1.05	1.08	1.07	170200
2021-02-01	1.06	1.06	1.08	1.08	45700
2021-02-02	1.08	1.05	1.08	1.05	106700
2021-02-03	1.07	1.06	1.12	1.1	405300
2021-02-04	1.11	1.09	1.2	1.15	1439500
2021-02-05	1.16	1.15	1.19	1.16	132900
2021-02-08	1.15	1.15	1.2	1.18	71200
2021-02-09	1.18	1.18	1.24	1.18	385100
2021-02-10	1.18	1.18	1.21	1.19	134400
2021-02-11	1.19	1.17	1.2	1.17	2684700
2021-02-15	1.15	1.15	1.25	1.2	46500
2021-02-16	1.2	1.18	1.21	1.18	56600
2021-02-17	1.16	1.15	1.21	1.18	12900
2021-02-18	1.18	1.14	1.21	1.18	51400
2021-02-19	1.16	1.16	1.18	1.18	25400
2021-02-22	1.16	1.14	1.16	1.14	10200
2021-02-23	1.16	1.14	1.16	1.15	27200
2021-02-24	1.14	1.14	1.21	1.19	115100
2021-02-25	1.19	1.15	1.22	1.2	150300
2021-03-01	1.2	1.16	1.2	1.16	37200
2021-03-02	1.16	1.14	1.2	1.14	148600
2021-03-03	1.14	1.14	1.47	1.18	144600
2021-03-04	1.17	1.15	1.19	1.16	78500
2021-03-05	1.15	1.15	1.18	1.18	11500
2021-03-08	1.18	1.17	1.2	1.2	282900
2021-03-09	1.2	1.16	1.22	1.2	55400
2021-03-10	1.2	1.16	1.2	1.18	294100
2021-03-11	1.18	1.17	1.25	1.23	371900
2021-03-12	1.23	1.19	1.25	1.19	308700
2021-03-15	1.19	1.19	1.29	1.24	530100
2021-03-16	1.2	1.19	1.27	1.2	539500
2021-03-17	1.2	1.2	1.36	1.31	3344400
2021-03-18	1.31	1.28	1.39	1.35	2182500
2021-03-19	1.39	1.33	1.47	1.36	4045900
2021-03-22	1.4	1.34	1.4	1.34	646200
2021-03-23	1.36	1.32	1.36	1.32	686400
2021-03-24	1.32	1.32	1.35	1.34	501800
2021-03-25	1.33	1.33	1.35	1.35	315700
2021-03-26	1.34	1.3	1.35	1.3	235900
2021-03-29	1.31	1.29	1.33	1.29	516100
2021-03-30	1.3	1.3	1.67	1.5	26246300
2021-03-31	1.49	1.47	1.59	1.57	8331700
2021-04-01	1.61	1.6	1.76	1.75	34948600
2021-04-02	1.8	1.68	1.8	1.72	11257700
2021-04-05	1.73	1.62	1.75	1.65	2697300
2021-04-07	1.61	1.59	1.63	1.6	1725300
2021-04-08	1.59	1.59	1.66	1.66	1714600
2021-04-09	1.81	1.75	2.14	2.04	74001600
2021-04-12	1.86	1.75	1.89	1.81	6537300
2021-04-16	1.8	1.65	1.8	1.78	2010700
2021-04-19	1.77	1.77	1.85	1.85	2411700
2021-04-20	1.85	1.81	1.87	1.85	1300600
2021-04-21	1.83	1.83	1.93	1.87	2657700
2021-04-22	1.92	1.84	1.92	1.85	1545000
2021-04-23	1.85	1.82	1.89	1.87	1022400
2021-04-26	1.87	1.86	1.89	1.86	955100
2021-04-27	1.86	1.85	1.91	1.87	1399300
2021-04-28	1.87	1.86	1.88	1.86	939900
2021-04-29	1.84	1.84	1.89	1.88	1076100
2021-04-30	1.89	1.87	1.94	1.9	1510500
2021-05-05	1.93	1.85	1.97	1.85	1285900
2021-05-06	1.85	1.81	1.88	1.83	2158300
2021-05-07	1.82	1.82	1.9	1.84	1685600
2021-05-10	1.84	1.83	1.86	1.83	551300
2021-05-11	1.83	1.83	1.95	1.88	5467800
2021-05-12	1.89	1.83	1.89	1.84	775000
2021-05-13	1.87	1.73	1.87	1.77	1681100
2021-05-14	1.77	1.66	1.77	1.72	2456900
2021-05-17	1.66	1.66	1.74	1.74	896000
2021-05-18	1.73	1.69	1.76	1.76	550600
2021-05-19	1.78	1.73	1.78	1.73	212800
2021-05-20	1.72	1.7	1.77	1.71	303400
2021-05-21	1.7	1.67	1.72	1.69	640400
2021-05-24	1.74	1.6	1.74	1.67	501100
2021-05-25	1.68	1.68	1.73	1.71	909700
2021-05-27	1.75	1.71	1.75	1.74	172100
2021-05-28	1.72	1.66	1.75	1.74	574200
2021-05-31	1.73	1.7	1.75	1.73	1237500
2021-06-01	1.9	1.73	1.9	1.78	2469900
2021-06-02	1.79	1.79	1.85	1.82	712400
2021-06-04	1.8	1.77	1.81	1.78	629100
2021-06-07	1.79	1.76	1.79	1.77	207700
2021-06-08	1.76	1.72	1.77	1.74	490700
2021-06-09	1.74	1.71	1.75	1.72	168800
2021-06-10	1.71	1.71	1.74	1.72	129900
2021-06-11	1.71	1.66	1.72	1.68	755600
2021-06-14	1.68	1.66	1.72	1.66	316900
2021-06-15	1.65	1.64	1.7	1.67	407700
2021-06-16	1.7	1.66	1.7	1.67	200200
2021-06-17	1.69	1.62	1.69	1.68	254900
2021-06-18	1.7	1.66	1.7	1.66	130500
2021-06-21	1.66	1.65	1.66	1.65	206400
2021-06-22	1.65	1.65	1.7	1.68	84100
2021-06-23	1.67	1.62	1.68	1.67	536400
2021-06-24	1.68	1.63	1.68	1.65	78100
2021-06-25	1.66	1.61	1.67	1.64	319900
2021-06-28	1.62	1.6	1.66	1.61	389200
2021-06-29	1.62	1.62	1.64	1.64	180000
2021-06-30	1.63	1.62	1.65	1.63	36600
2021-07-01	1.63	1.58	1.63	1.61	216800
2021-07-02	1.62	1.59	1.72	1.7	1558900
2021-07-05	1.74	1.72	1.79	1.74	3504100
2021-07-06	1.77	1.73	1.78	1.73	651400
2021-07-07	1.73	1.67	1.75	1.67	614300
2021-07-08	1.67	1.5	1.67	1.54	1081200
2021-07-09	1.4	1.4	1.57	1.57	179300
2021-07-12	1.57	1.51	1.57	1.55	408100
2021-07-13	1.55	1.55	1.62	1.62	103000
2021-07-14	1.62	1.57	1.62	1.6	75400
2021-07-15	1.59	1.56	1.61	1.61	47100
2021-07-16	1.58	1.56	1.6	1.57	83300
2021-07-19	1.55	1.53	1.58	1.53	42600
2021-07-20	1.58	1.53	1.58	1.54	56500
2021-07-21	1.57	1.5	1.57	1.5	12400
2021-07-22	1.52	1.5	1.57	1.56	99800
2021-07-23	1.56	1.51	1.56	1.53	194100
2021-07-27	1.52	1.5	1.52	1.5	120100
2021-07-29	1.5	1.49	1.55	1.51	296200
2021-07-30	1.52	1.48	1.55	1.48	1365700
2021-08-02	1.48	1.48	1.52	1.52	140700
2021-08-03	1.51	1.49	1.51	1.49	86400
2021-08-04	1.47	1.43	1.49	1.46	547400
2021-08-05	1.5	1.4	1.5	1.41	596200
2021-08-06	1.41	1.41	1.46	1.45	274600
2021-08-09	1.42	1.41	1.45	1.43	68400
2021-08-10	1.43	1.4	1.45	1.41	303000
2021-08-11	1.4	1.36	1.44	1.44	335700
2021-08-13	1.44	1.37	1.44	1.38	172200
2021-08-16	1.37	1.35	1.38	1.37	229200
2021-08-17	1.35	1.35	1.43	1.36	162100
2021-08-18	1.36	1.36	1.48	1.42	69200
2021-08-19	1.45	1.36	1.45	1.44	13700
2021-08-20	1.38	1.37	1.44	1.4	160300
2021-08-23	1.4	1.4	1.5	1.41	327000
2021-08-24	1.48	1.44	1.52	1.48	447800
2021-08-25	1.5	1.47	1.54	1.48	245900
2021-08-26	1.51	1.47	1.59	1.59	1588600
2021-08-27	1.59	1.53	1.62	1.58	1096200
2021-08-30	1.56	1.5	1.59	1.53	864800
2021-08-31	1.53	1.52	1.59	1.53	1102800
2021-09-01	1.55	1.53	1.55	1.53	167100
2021-09-02	1.55	1.51	1.58	1.51	254200
2021-09-03	1.51	1.51	1.52	1.51	99600
2021-09-06	1.51	1.49	1.54	1.53	34300
2021-09-07	1.5	1.49	1.62	1.49	1444800
2021-09-08	1.5	1.5	1.56	1.53	1613200
2021-09-09	1.53	1.52	1.55	1.53	117800
2021-09-10	1.54	1.53	1.75	1.75	5259000
2021-09-13	1.75	1.65	1.75	1.66	3202700
2021-09-14	1.66	1.64	1.7	1.67	589400
2021-09-15	1.69	1.65	1.69	1.67	309500
2021-09-16	1.69	1.66	1.69	1.67	212700
2021-09-17	1.67	1.65	1.7	1.65	982800
2021-09-20	1.65	1.58	1.65	1.62	380700
2021-09-21	1.6	1.54	1.65	1.65	434900
2021-09-22	1.65	1.64	1.68	1.68	589700
2021-09-23	1.7	1.64	1.7	1.64	541800
2021-09-27	1.65	1.64	1.71	1.71	1686000
2021-09-28	1.74	1.73	1.97	1.77	15951300
2021-09-29	1.83	1.81	2.16	1.9	38073100
2021-09-30	1.81	1.68	1.81	1.69	9745600
2021-10-01	1.66	1.62	1.68	1.67	5140400
2021-10-04	1.69	1.64	1.7	1.65	884700
2021-10-05	1.65	1.63	1.68	1.63	1165300
2021-10-06	1.63	1.62	1.67	1.66	944200
2021-10-07	1.68	1.67	1.78	1.77	4689200
2021-10-08	1.8	1.72	1.81	1.74	3994300
2021-10-11	1.78	1.72	1.78	1.73	965200
2021-10-12	1.72	1.71	1.76	1.72	645800
2021-10-14	1.72	1.7	1.73	1.72	581200
2021-10-15	1.72	1.67	1.73	1.67	1282700
2021-10-18	1.67	1.67	1.74	1.73	1312600
2021-10-19	1.73	1.71	1.73	1.72	328600
2021-10-20	1.66	1.66	1.81	1.77	6186700
2021-10-21	1.78	1.75	2.12	1.97	69313500
2021-10-25	2.02	1.94	2.08	1.97	20282000
2021-10-26	1.96	1.9	2.02	1.97	10961000
2021-10-27	1.99	1.95	2.12	1.95	22971400
2021-10-28	1.96	1.94	2.02	1.95	3653700
2021-10-29	1.95	1.89	1.96	1.91	4436700
2021-11-01	1.93	1.9	2.28	2.18	61144800
2021-11-02	2.14	1.99	2.22	2.02	21446200
2021-11-03	2.02	2.0	2.32	2.08	68384500
2021-11-04	2.0	1.94	2.08	2.0	33871000
2021-11-05	2.0	1.95	2.02	1.96	8326400
2021-11-08	1.97	1.97	2.02	2.02	5342000
2021-11-09	2.0	1.99	2.06	2.02	4702700
2021-11-10	2.02	2.0	2.08	2.02	6640000
2021-11-11	2.0	2.0	2.06	2.04	1794800
2021-11-12	2.08	2.04	2.38	2.34	65795200
2021-11-15	2.38	2.34	2.7	2.56	116863600
2021-11-16	2.56	2.38	2.8	2.58	57517100
2021-11-17	2.58	2.56	3.24	2.86	290253500
2021-11-18	3.06	2.96	3.16	3.06	104952700
2021-11-19	3.06	2.9	3.1	3.0	21804900
2021-11-22	3.08	3.06	3.58	3.54	48827900
2021-11-23	3.56	3.18	3.56	3.38	13642700
2021-11-24	3.3	3.26	3.74	3.6	21229200
2021-11-25	3.6	3.58	3.68	3.62	4810400
2021-11-26	3.66	3.66	4.66	4.16	30244400
2021-11-29	4.0	3.96	4.34	4.24	10840800
2021-11-30	4.24	4.18	4.42	4.26	4368900
2021-12-01	4.34	4.18	4.38	4.22	3398000
2021-12-02	4.2	3.7	4.26	3.96	4378900
2021-12-03	3.94	3.7	4.04	3.9	2622700
2021-12-07	3.86	3.74	3.92	3.86	2083200
2021-12-08	3.84	3.84	4.32	4.22	5155800
2021-12-09	4.24	4.0	4.36	4.16	3408300
2021-12-13	4.04	3.8	4.1	3.82	2360000
2021-12-14	3.8	3.6	3.82	3.66	2127300
2021-12-15	3.58	3.26	3.64	3.32	5508800
2021-12-16	3.24	3.14	3.48	3.3	2735200
2021-12-17	3.34	3.28	3.4	3.34	1008700
2021-12-20	3.5	3.34	3.5	3.5	1386300
2021-12-21	3.42	3.42	3.52	3.48	887300
2021-12-22	3.42	3.28	3.48	3.36	719100
2021-12-23	3.34	3.28	3.42	3.34	420200
2021-12-24	3.32	3.28	3.38	3.32	340100
2021-12-27	3.28	3.24	3.3	3.28	234300
2021-12-28	3.32	2.88	3.32	3.08	963200
2021-12-29	3.0	3.0	3.2	3.12	1415200
2021-12-30	3.08	3.08	3.2	3.08	1417100
2022-01-04	3.04	2.96	3.14	3.0	2889200
2022-01-05	3.0	2.88	3.06	2.94	3392000
2022-01-06	2.86	2.86	2.98	2.94	2440500
2022-01-07	2.92	2.86	2.98	2.9	1973100
2022-01-10	2.92	2.92	3.3	3.3	6770400
2022-01-11	3.42	3.2	3.48	3.28	5879200
2022-01-12	3.24	3.0	3.3	3.1	5096800
2022-01-13	3.1	2.98	3.12	3.0	4777400
2022-01-14	2.96	2.96	3.02	2.98	2018800
2022-01-17	3.0	2.98	3.06	3.04	1452500
2022-01-18	3.06	2.96	3.06	2.96	2411800
2022-01-19	2.96	2.94	3.02	2.98	498600
2022-01-20	3.0	2.94	3.02	2.96	1072500
2022-01-21	2.94	2.92	2.98	2.94	963500
2022-01-24	2.94	2.86	2.94	2.9	787900
2022-01-25	2.86	2.84	2.92	2.9	816300
2022-01-26	2.86	2.8	2.86	2.82	1141200
2022-01-27	2.78	2.64	2.82	2.66	1763500
2022-01-28	2.68	2.64	2.78	2.66	728500
2022-01-31	2.7	2.66	2.8	2.7	356300
2022-02-01	2.8	2.68	2.8	2.68	343900
2022-02-02	2.72	2.68	2.74	2.74	504800
2022-02-03	2.74	2.7	2.74	2.74	343100
2022-02-04	2.72	2.68	2.72	2.68	212400
2022-02-07	2.66	2.62	2.68	2.62	537400
2022-02-08	2.6	2.56	2.62	2.6	538300
2022-02-09	2.6	2.56	2.7	2.7	598500
2022-02-10	2.7	2.6	2.7	2.6	402900
2022-02-11	2.58	2.58	2.66	2.66	250600
2022-02-14	2.64	2.58	2.68	2.6	388500
2022-02-15	2.58	2.56	2.62	2.6	572900
2022-02-17	2.62	2.6	2.68	2.6	755900
2022-02-18	2.6	2.54	2.62	2.56	983700
2022-02-21	2.54	2.46	2.58	2.5	1246000
2022-02-22	2.46	2.44	2.54	2.46	708300
2022-02-23	2.46	2.42	2.54	2.46	593600
2022-02-24	2.46	2.36	2.48	2.4	761100
2022-02-25	2.42	2.38	2.46	2.4	353100
2022-02-28	2.38	2.32	2.4	2.36	452500
2022-03-01	2.32	2.3	2.4	2.34	243500
2022-03-02	2.36	2.3	2.36	2.32	273600
2022-03-03	2.3	2.3	2.4	2.4	203600
2022-03-04	2.4	2.32	2.42	2.4	472700
2022-03-07	2.38	2.26	2.38	2.38	1284500
2022-03-08	2.36	2.08	2.36	2.32	1531500
2022-03-09	2.38	2.22	2.38	2.3	480400
2022-03-10	2.3	2.26	2.34	2.3	246200
2022-03-11	2.3	2.28	2.32	2.3	150300
2022-03-14	2.3	2.16	2.3	2.3	2500400
2022-03-15	2.3	2.18	2.3	2.18	1137400
2022-03-16	2.2	2.14	2.22	2.16	933600
2022-03-17	2.16	2.16	2.24	2.24	357900
2022-03-18	2.26	2.26	2.9	2.8	33525100
2022-03-21	2.76	2.48	2.76	2.54	6077800
2022-03-22	2.58	2.54	2.86	2.64	13592500
2022-03-23	2.64	2.56	2.64	2.58	1289800
2022-03-24	2.56	2.5	2.56	2.52	1414400
2022-03-25	2.54	2.46	2.54	2.48	1150600
2022-03-28	2.54	2.48	2.7	2.64	3049000
2022-03-29	2.66	2.56	2.68	2.62	1483800
2022-03-30	2.64	2.6	2.82	2.66	6085500
2022-03-31	2.7	2.68	2.86	2.78	11818400
2022-04-01	2.8	2.68	2.8	2.76	2275700
2022-04-04	2.74	2.66	2.76	2.72	945300
2022-04-05	2.72	2.68	2.92	2.86	13081400
2022-04-07	3.04	2.72	3.04	2.86	10657900
2022-04-08	2.8	2.78	2.94	2.88	6371900
2022-04-11	2.86	2.68	3.0	2.7	5189300
2022-04-12	2.7	2.68	2.88	2.8	4309700
2022-04-18	2.78	2.74	2.9	2.8	5702600
2022-04-19	2.82	2.82	3.34	2.88	88199100
2022-04-20	2.94	2.9	3.14	3.06	27032600
2022-04-21	3.0	2.92	3.08	2.96	9704600
2022-04-22	2.94	2.9	2.98	2.92	3236600
2022-04-25	2.94	2.84	3.2	3.06	22638600
2022-04-26	3.06	3.06	3.36	3.14	54702300
2022-04-27	3.16	3.0	3.22	3.0	10640100
2022-04-28	3.06	3.02	3.12	3.08	3476100
2022-04-29	3.08	3.02	3.1	3.02	2462000
2022-05-03	3.02	2.94	3.24	3.02	15058100
2022-05-05	3.06	3.02	3.12	3.02	2610600
2022-05-06	3.0	2.94	3.04	2.98	3871500
2022-05-09	2.98	2.8	3.06	2.82	4672600
2022-05-10	2.76	2.76	3.02	3.02	3188100
2022-05-11	3.04	2.98	3.52	3.48	132025500
2022-05-12	3.34	3.04	3.34	3.14	20927200
2022-05-13	3.12	3.0	3.12	3.06	2956900
2022-05-17	3.1	3.06	3.24	3.16	5976300
2022-05-18	3.18	3.1	3.2	3.14	1664800
2022-05-19	3.0	2.94	3.12	3.1	2089500
2022-05-20	3.12	3.08	3.16	3.1	1261500
2022-05-23	3.1	3.08	3.14	3.12	870400
2022-05-24	3.12	3.1	3.32	3.2	7982700
2022-05-25	3.2	3.16	3.32	3.32	8131300
2022-05-26	3.36	3.26	3.4	3.34	4271500
2022-05-27	3.36	3.2	3.36	3.22	2966200
2022-05-30	3.24	3.16	3.28	3.28	1393700
2022-05-31	3.28	3.26	3.36	3.34	3841200
2022-06-01	3.32	3.26	3.48	3.48	13355400
2022-06-02	3.4	3.3	3.56	3.32	18159800
2022-06-06	3.28	3.26	3.38	3.38	2373900
2022-06-07	3.36	3.3	3.42	3.34	2163700
2022-06-08	3.4	3.3	3.4	3.32	804000
2022-06-09	3.32	3.08	3.32	3.1	4724100
2022-06-10	3.08	3.08	3.24	3.18	2980000
2022-06-13	3.14	3.06	3.14	3.08	2088200
2022-06-14	3.08	3.08	3.18	3.14	1024600
2022-06-15	3.12	3.04	3.14	3.06	1095400
2022-06-16	3.12	3.04	3.16	3.08	3374300
2022-06-17	3.08	3.06	3.12	3.1	1258500
2022-06-20	3.1	3.08	3.12	3.08	681700
2022-06-21	3.1	3.02	3.12	3.06	2177600
2022-06-22	3.06	3.04	3.06	3.06	506900
2022-06-23	3.04	3.02	3.08	3.06	900500
2022-06-24	3.06	3.04	3.08	3.08	385800
2022-06-27	3.06	2.8	3.06	2.9	4724600
2022-06-28	2.88	2.88	3.0	2.94	719900
2022-06-29	2.94	2.88	2.94	2.94	802500
2022-06-30	3.0	2.88	3.0	2.9	668200
2022-07-01	2.9	2.72	2.96	2.86	740900
2022-07-04	2.74	2.74	2.88	2.84	381500
2022-07-05	2.86	2.8	2.88	2.82	414000
2022-07-06	2.84	2.8	2.86	2.8	366100
2022-07-07	2.86	2.8	2.94	2.92	390000
2022-07-08	2.94	2.84	3.0	2.88	66400
2022-07-11	2.86	2.86	2.92	2.88	106700
2022-07-12	2.88	2.8	2.9	2.8	236800
2022-07-14	2.82	2.8	2.84	2.82	61300
2022-07-15	2.84	2.8	2.86	2.86	163900
2022-07-18	2.86	2.84	2.9	2.84	152100
2022-07-19	2.82	2.8	2.84	2.84	71200
2022-07-20	2.9	2.84	2.9	2.84	111200
2022-07-21	2.8	2.8	2.84	2.8	292300
2022-07-22	2.82	2.78	2.82	2.78	66500
2022-07-25	2.78	2.78	2.84	2.82	134000
2022-07-26	2.84	2.84	3.08	3.0	2390600
2022-07-27	3.02	2.9	3.02	2.9	475500
2022-08-01	2.96	2.86	2.98	2.9	430200
2022-08-02	2.88	2.88	3.02	3.02	438500
2022-08-03	3.04	2.94	3.22	3.1	1807900
2022-08-04	3.18	3.04	3.18	3.04	470000
2022-08-05	3.08	3.0	3.1	3.04	188200
2022-08-08	3.16	3.06	3.16	3.06	217200
2022-08-09	3.08	3.06	3.12	3.1	323700
2022-08-10	3.08	3.04	3.08	3.06	316300
2022-08-11	3.1	3.06	3.22	3.18	1720100
2022-08-15	3.2	3.14	3.34	3.2	3909500
2022-08-16	3.2	3.14	3.28	3.18	1955100
2022-08-17	3.24	3.14	3.38	3.38	4259400
2022-08-18	3.4	3.28	3.48	3.38	3431800
2022-08-19	3.42	3.28	3.42	3.3	1807600
2022-08-22	3.3	3.28	3.4	3.34	716300
2022-08-23	3.38	3.36	3.46	3.38	891400
2022-08-24	3.38	3.22	3.42	3.22	2100200
2022-08-25	3.18	3.18	3.26	3.22	537800
2022-08-26	3.24	3.22	3.28	3.24	251600
2022-08-29	3.2	3.1	3.28	3.1	1029000
2022-08-30	3.12	3.12	3.24	3.18	559500
2022-08-31	3.16	3.16	3.24	3.24	215100
2022-09-01	3.26	3.12	3.26	3.18	2005800
2022-09-02	3.16	3.16	3.2	3.2	89100
2022-09-05	3.14	3.14	3.26	3.18	542500
2022-09-06	3.2	3.18	3.44	3.24	2137400
2022-09-07	3.24	3.24	3.32	3.28	277500
2022-09-08	3.32	3.26	3.32	3.28	417900
2022-09-09	3.28	3.28	3.36	3.34	365100
2022-09-12	3.44	3.24	3.44	3.32	730900
2022-09-13	3.38	3.26	3.38	3.3	236600
2022-09-14	3.26	3.24	3.3	3.26	358900
2022-09-15	3.22	3.18	3.24	3.24	605700
2022-09-16	3.22	3.18	3.24	3.22	294000
2022-09-19	3.22	3.14	3.22	3.16	640100
2022-09-20	3.16	3.14	3.2	3.14	1250100
2022-09-21	3.18	3.14	3.18	3.16	165500
2022-09-22	3.2	3.18	3.36	3.34	1784000
2022-09-23	3.36	3.22	3.36	3.28	587000
2022-09-26	3.26	3.16	3.26	3.18	567200
2022-09-27	3.16	3.16	3.3	3.18	483100
2022-09-28	3.22	3.16	3.22	3.18	139500
2022-09-29	3.18	3.18	3.28	3.2	647800
2022-09-30	3.18	3.16	3.24	3.24	160000
2022-10-03	3.24	3.18	3.26	3.2	237200
2022-10-04	3.24	3.24	3.34	3.34	1191800
2022-10-05	3.38	3.2	3.78	3.22	20802100
2022-10-06	3.2	3.2	3.28	3.2	1361900
2022-10-07	3.26	3.22	3.48	3.3	6530500
2022-10-10	3.28	3.24	3.4	3.3	1632300
2022-10-11	3.32	3.26	3.34	3.26	683800
2022-10-12	3.24	3.24	3.34	3.28	265100
2022-10-17	3.26	3.26	3.34	3.28	246600
2022-10-18	3.28	3.26	3.3	3.3	463400
2022-10-19	3.32	3.26	3.34	3.26	562200
2022-10-20	3.3	3.3	3.6	3.38	14988900
2022-10-21	3.34	3.34	3.38	3.36	887600
2022-10-25	3.36	3.22	3.46	3.26	4474800
2022-10-26	3.26	3.24	3.28	3.28	1347000
2022-10-27	3.26	3.26	3.3	3.3	282700
2022-10-28	3.32	3.26	3.32	3.28	886600
2022-10-31	3.28	3.26	3.3	3.28	285600
2022-11-01	3.3	3.26	3.32	3.28	107700
2022-11-02	3.34	3.28	3.34	3.28	68200
2022-11-03	3.28	3.26	3.34	3.26	224200
2022-11-04	3.32	3.28	3.4	3.3	1226100
2022-11-07	3.26	3.26	3.36	3.3	1209300
2022-11-08	3.36	3.3	3.42	3.3	792600
2022-11-09	3.3	3.28	3.34	3.3	165500
2022-11-10	3.3	3.3	3.36	3.32	335800
2022-11-11	3.34	3.26	3.36	3.26	1298000
2022-11-14	3.28	2.6	3.28	3.16	2031300
2022-11-15	3.06	3.06	3.14	3.1	303700
2022-11-16	3.2	3.06	3.2	3.1	425200
2022-11-17	3.1	3.02	3.12	3.06	126200
2022-11-18	3.0	2.98	3.04	2.98	416100
2022-11-21	2.94	2.82	2.96	2.82	730200
2022-11-22	2.56	2.1	2.76	2.2	3640200
2022-11-23	2.0	1.6	2.3	2.3	11898800
2022-11-24	2.24	2.12	2.52	2.38	5276400
2022-11-25	2.4	2.26	2.44	2.38	1128400
2022-11-28	2.38	2.32	2.44	2.36	1487300
2022-11-29	2.34	2.3	2.38	2.36	289100
2022-11-30	2.34	2.28	2.38	2.3	118300
2022-12-01	2.38	2.28	2.38	2.36	205000
2022-12-02	2.38	2.28	2.38	2.28	256100
2022-12-06	2.28	2.2	2.28	2.22	233500
2022-12-07	2.2	2.2	2.36	2.28	148500
2022-12-08	2.22	2.14	2.36	2.26	392000
2022-12-09	2.22	2.12	2.26	2.22	317100
2022-12-13	2.2	1.99	2.24	2.04	858000
2022-12-14	2.02	2.0	2.06	2.04	194800
2022-12-15	2.02	2.0	2.04	2.0	202000
2022-12-16	2.0	1.95	2.0	1.95	187000
2022-12-19	1.95	1.86	1.99	1.91	131200
2022-12-20	1.9	1.86	1.93	1.9	222800
2022-12-21	1.89	1.87	1.9	1.88	176300
2022-12-22	1.81	1.8	1.92	1.88	370100
2022-12-23	2.08	1.88	2.1	1.92	234500
2022-12-26	1.91	1.89	1.94	1.93	71300
2022-12-27	1.93	1.91	1.98	1.91	74100
2022-12-28	1.9	1.89	1.98	1.95	119000
2022-12-29	1.92	1.92	1.99	1.93	30000
2022-12-30	1.92	1.91	1.98	1.96	88700
