Date	Price Open	Price Low	Price High	Price Close	Volume
2015-11-16	9.620700203	9.525445745	9.620700203	9.525445745	1063500.0
2015-11-17	9.525445745	9.525445745	9.620700203	9.620700203	109100.0
2015-11-18	9.525445745	9.525445745	9.620700203	9.525445745	385200.0
2015-11-19	9.525445745	9.525445745	9.620700203	9.525445745	543700.0
2015-11-20	9.525445745	9.525445745	9.525445745	9.525445745	338000.0
2015-11-23	9.525445745	9.525445745	9.525445745	9.525445745	113100.0
2015-11-24	9.525445745	9.525445745	9.525445745	9.525445745	66600.0
2015-11-25	9.525445745	9.525445745	9.620700203	9.525445745	98000.0
2015-11-26	9.620700203	9.525445745	9.620700203	9.525445745	11000.0
2015-11-27	9.525445745	9.525445745	9.620700203	9.620700203	62000.0
2015-11-30	9.620700203	9.525445745	9.620700203	9.525445745	28000.0
2015-12-01	9.525445745	9.525445745	9.620700203	9.620700203	256600.0
2015-12-02	9.525445745	9.525445745	9.525445745	9.525445745	62400.0
2015-12-03	9.525445745	9.525445745	9.525445745	9.525445745	146600.0
2015-12-04	9.525445745	9.525445745	9.620700203	9.525445745	345200.0
2015-12-08	9.525445745	9.525445745	9.525445745	9.525445745	523000.0
2015-12-09	9.620700203	9.525445745	9.620700203	9.525445745	333600.0
2015-12-11	9.525445745	9.525445745	9.620700203	9.525445745	206700.0
2015-12-14	9.525445745	9.477818517	9.525445745	9.525445745	124000.0
2015-12-15	9.525445745	9.525445745	9.525445745	9.525445745	427400.0
2015-12-16	9.620700203	9.525445745	9.620700203	9.620700203	28400.0
2015-12-17	9.620700203	9.525445745	9.620700203	9.525445745	15000.0
2015-12-18	9.620700203	9.525445745	9.620700203	9.620700203	22300.0
2015-12-21	9.525445745	9.525445745	9.620700203	9.525445745	56100.0
2015-12-22	9.525445745	9.525445745	9.525445745	9.525445745	112900.0
2015-12-23	9.525445745	9.525445745	9.525445745	9.525445745	9100.0
2015-12-24	9.525445745	9.525445745	9.525445745	9.525445745	1600.0
2015-12-25	9.525445745	9.525445745	9.525445745	9.525445745	113900.0
2015-12-28	9.525445745	9.525445745	9.525445745	9.525445745	700.0
2015-12-29	9.477818517	9.477818517	9.477818517	9.477818517	900.0
2015-12-30	9.620700203	9.525445745	9.620700203	9.525445745	184800.0
2016-01-04	9.525445745	9.525445745	9.525445745	9.525445745	10000.0
2016-01-05	9.525445745	9.525445745	9.620700203	9.525445745	16700.0
2016-01-06	9.525445745	9.525445745	9.525445745	9.525445745	30000.0
2016-01-07	9.525445745	9.525445745	9.525445745	9.525445745	21600.0
2016-01-08	9.525445745	9.525445745	9.525445745	9.525445745	1000.0
2016-01-11	9.477818517	9.430191288	9.525445745	9.525445745	52800.0
2016-01-13	9.477818517	9.477818517	9.477818517	9.477818517	100000.0
2016-01-14	9.477818517	9.477818517	9.525445745	9.525445745	192200.0
2016-01-19	9.525445745	9.525445745	9.525445745	9.525445745	1000.0
2016-01-20	9.525445745	9.525445745	9.525445745	9.525445745	100.0
2016-01-21	9.525445745	9.525445745	9.525445745	9.525445745	4100.0
2016-01-22	9.525445745	9.525445745	9.525445745	9.525445745	7900.0
2016-01-26	9.525445745	9.525445745	9.525445745	9.525445745	19900.0
2016-01-28	9.525445745	9.525445745	9.525445745	9.525445745	10000.0
2016-01-29	9.525445745	9.525445745	9.525445745	9.525445745	35100.0
2016-02-01	9.525445745	9.525445745	9.525445745	9.525445745	106000.0
2016-02-02	9.525445745	9.525445745	9.525445745	9.525445745	131000.0
2016-02-03	9.525445745	9.525445745	9.525445745	9.525445745	12000.0
2016-02-04	9.525445745	9.525445745	9.525445745	9.525445745	20000.0
2016-02-05	9.620700203	9.620700203	9.620700203	9.620700203	7000.0
2016-02-08	9.525445745	9.525445745	9.525445745	9.525445745	60000.0
2016-02-09	9.620700203	9.620700203	9.620700203	9.620700203	686000.0
2016-02-10	9.620700203	9.620700203	9.620700203	9.620700203	192000.0
2016-02-11	9.620700203	9.620700203	9.620700203	9.620700203	816000.0
2016-02-12	9.620700203	9.525445745	9.620700203	9.620700203	490800.0
2016-02-15	9.620700203	9.620700203	9.71595466	9.71595466	302500.0
2016-02-16	9.71595466	9.620700203	9.71595466	9.620700203	724100.0
2016-02-17	9.620700203	9.620700203	9.620700203	9.620700203	192000.0
2016-02-18	9.620700203	9.525445745	9.620700203	9.525445745	473900.0
2016-02-19	9.525445745	9.525445745	9.71595466	9.525445745	145200.0
2016-02-23	9.620700203	9.620700203	9.71595466	9.71595466	215500.0
2016-02-24	9.620700203	9.620700203	9.71595466	9.71595466	215200.0
2016-02-25	9.534885282	9.534885282	9.630234135	9.630234135	35600.0
2016-02-26	9.630234135	9.630234135	9.630234135	9.630234135	4000.0
2016-03-01	9.630234135	9.534885282	9.630234135	9.630234135	155200.0
2016-03-02	9.630234135	9.630234135	9.630234135	9.630234135	77000.0
2016-03-03	9.630234135	9.630234135	9.630234135	9.630234135	167900.0
2016-03-04	9.630234135	9.630234135	9.630234135	9.630234135	143600.0
2016-03-07	9.630234135	9.630234135	9.630234135	9.630234135	109900.0
2016-03-08	9.534885282	9.534885282	9.630234135	9.630234135	119600.0
2016-03-09	9.630234135	9.534885282	9.630234135	9.534885282	99800.0
2016-03-10	9.630234135	9.630234135	9.630234135	9.630234135	99400.0
2016-03-11	9.630234135	9.630234135	9.630234135	9.630234135	15100.0
2016-03-14	9.534885282	9.534885282	9.534885282	9.534885282	100000.0
2016-03-15	9.630234135	9.630234135	9.630234135	9.630234135	77800.0
2016-03-16	9.630234135	9.630234135	9.630234135	9.630234135	215100.0
2016-03-17	9.534885282	9.534885282	9.630234135	9.630234135	46500.0
2016-03-18	9.630234135	9.630234135	9.630234135	9.630234135	54200.0
2016-03-21	9.630234135	9.630234135	9.630234135	9.630234135	4500.0
2016-03-23	9.534885282	9.534885282	9.534885282	9.534885282	5000.0
2016-03-24	9.534885282	9.534885282	9.534885282	9.534885282	200100.0
2016-03-25	9.534885282	9.534885282	9.630234135	9.630234135	13700.0
2016-03-28	9.534885282	9.534885282	9.630234135	9.630234135	6100.0
2016-03-29	9.630234135	9.630234135	9.630234135	9.630234135	5000.0
2016-03-30	9.534885282	9.534885282	9.534885282	9.534885282	5000.0
2016-03-31	9.630234135	9.534885282	9.630234135	9.630234135	247600.0
2016-04-01	9.534885282	9.534885282	9.630234135	9.534885282	39000.0
2016-04-04	9.534885282	9.534885282	9.534885282	9.534885282	18000.0
2016-04-05	9.534885282	9.534885282	9.534885282	9.534885282	5000.0
2016-04-07	9.534885282	9.534885282	9.630234135	9.630234135	139900.0
2016-04-08	9.534885282	9.534885282	9.630234135	9.534885282	107600.0
2016-04-11	9.630234135	9.534885282	9.630234135	9.630234135	50200.0
2016-04-12	9.630234135	9.630234135	9.630234135	9.630234135	127000.0
2016-04-18	9.630234135	9.630234135	9.630234135	9.630234135	250000.0
2016-04-19	9.630234135	9.630234135	9.630234135	9.630234135	152800.0
2016-04-20	9.630234135	9.630234135	9.630234135	9.630234135	248600.0
2016-04-21	9.630234135	9.630234135	9.630234135	9.630234135	214000.0
2016-04-22	9.630234135	9.630234135	9.916280693	9.82093184	3299000.0
2016-04-25	9.916280693	9.725582987	9.916280693	9.82093184	642800.0
2016-04-26	9.82093184	9.725582987	9.82093184	9.82093184	141000.0
2016-04-27	9.725582987	9.725582987	9.82093184	9.725582987	220000.0
2016-04-28	9.725582987	9.725582987	9.725582987	9.725582987	100400.0
2016-04-29	9.725582987	9.725582987	9.82093184	9.82093184	572000.0
2016-05-03	9.82093184	9.82093184	9.916280693	9.82093184	135400.0
2016-05-04	9.82093184	9.725582987	9.82093184	9.725582987	130400.0
2016-05-06	9.82093184	9.725582987	9.82093184	9.725582987	130400.0
2016-05-09	9.725582987	9.630234135	9.725582987	9.630234135	119300.0
2016-05-10	9.630234135	9.630234135	9.725582987	9.725582987	57300.0
2016-05-12	9.725582987	9.725582987	9.725582987	9.725582987	10000.0
2016-05-13	9.725582987	9.630234135	9.725582987	9.630234135	102000.0
2016-05-16	9.725582987	9.630234135	9.725582987	9.725582987	374000.0
2016-05-17	9.630234135	9.630234135	9.725582987	9.725582987	13300.0
2016-05-18	9.630234135	9.630234135	9.725582987	9.725582987	10100.0
2016-05-19	9.725582987	9.630234135	9.725582987	9.630234135	22000.0
2016-05-24	9.630234135	9.630234135	9.630234135	9.630234135	800.0
2016-05-25	9.630234135	9.630234135	9.630234135	9.630234135	10000.0
2016-05-26	9.630234135	9.630234135	9.725582987	9.630234135	28900.0
2016-05-27	9.630234135	9.534885282	9.630234135	9.630234135	152200.0
2016-05-30	9.630234135	9.630234135	9.630234135	9.630234135	20000.0
2016-05-31	9.534885282	9.534885282	9.630234135	9.630234135	195000.0
2016-06-01	9.725582987	9.725582987	9.725582987	9.725582987	200.0
2016-06-02	9.630234135	9.534885282	9.630234135	9.534885282	50000.0
2016-06-03	9.534885282	9.534885282	9.630234135	9.534885282	641000.0
2016-06-06	9.630234135	9.630234135	9.630234135	9.630234135	15700.0
2016-06-07	9.630234135	9.534885282	9.630234135	9.630234135	100200.0
2016-06-08	9.630234135	9.630234135	9.725582987	9.630234135	402000.0
2016-06-09	9.669592373	9.669592373	9.766288297	9.669592373	104200.0
2016-06-10	9.669592373	9.669592373	9.669592373	9.669592373	800.0
2016-06-13	9.766288297	9.669592373	9.766288297	9.669592373	27100.0
2016-06-14	9.669592373	9.621244411	9.669592373	9.669592373	56300.0
2016-06-15	9.766288297	9.669592373	9.766288297	9.669592373	10800.0
2016-06-16	9.669592373	9.621244411	9.766288297	9.669592373	9900.0
2016-06-17	9.669592373	9.669592373	9.669592373	9.669592373	10300.0
2016-06-20	9.669592373	9.669592373	9.669592373	9.669592373	11500.0
2016-06-21	9.669592373	9.669592373	9.766288297	9.669592373	15000.0
2016-06-22	9.669592373	9.669592373	9.669592373	9.669592373	19700.0
2016-06-23	9.669592373	9.621244411	9.669592373	9.621244411	25000.0
2016-06-24	9.621244411	9.621244411	9.621244411	9.621244411	76300.0
2016-06-27	9.621244411	9.621244411	9.621244411	9.621244411	154100.0
2016-06-28	9.621244411	9.621244411	9.621244411	9.621244411	189900.0
2016-06-29	9.621244411	9.621244411	9.621244411	9.621244411	13000.0
2016-06-30	9.621244411	9.621244411	9.621244411	9.621244411	20000.0
2016-07-04	9.621244411	9.621244411	9.621244411	9.621244411	46300.0
2016-07-05	9.621244411	9.621244411	9.669592373	9.621244411	10900.0
2016-07-06	9.621244411	9.621244411	9.621244411	9.621244411	10000.0
2016-07-07	9.621244411	9.621244411	9.621244411	9.621244411	22400.0
2016-07-08	9.621244411	9.621244411	9.621244411	9.621244411	178400.0
2016-07-11	9.621244411	9.621244411	9.669592373	9.669592373	89600.0
2016-07-12	9.669592373	9.621244411	9.669592373	9.621244411	222800.0
2016-07-13	9.669592373	9.621244411	9.669592373	9.669592373	11700.0
2016-07-14	9.621244411	9.621244411	9.621244411	9.621244411	80200.0
2016-07-15	9.621244411	9.621244411	9.621244411	9.621244411	100.0
2016-07-20	9.621244411	9.621244411	9.621244411	9.621244411	143500.0
2016-07-22	9.621244411	9.621244411	9.621244411	9.621244411	1000000.0
2016-07-25	9.621244411	9.572896449	9.669592373	9.621244411	184000.0
2016-07-26	9.621244411	9.621244411	9.621244411	9.621244411	1100.0
2016-07-28	9.572896449	9.572896449	9.669592373	9.669592373	304100.0
2016-07-29	9.621244411	9.572896449	9.669592373	9.621244411	68700.0
2016-08-01	9.669592373	9.621244411	9.669592373	9.621244411	154700.0
2016-08-02	9.621244411	9.621244411	9.669592373	9.669592373	338100.0
2016-08-03	9.669592373	9.669592373	9.669592373	9.669592373	218100.0
2016-08-04	9.669592373	9.669592373	9.669592373	9.669592373	20500.0
2016-08-05	9.669592373	9.669592373	9.766288297	9.766288297	35400.0
2016-08-08	9.683013029	9.634597964	9.683013029	9.634597964	54600.0
2016-08-09	9.634597964	9.634597964	9.634597964	9.634597964	20000.0
2016-08-10	9.683013029	9.634597964	9.683013029	9.683013029	16100.0
2016-08-15	9.586182899	9.586182899	9.683013029	9.634597964	18000.0
2016-08-16	9.634597964	9.634597964	9.634597964	9.634597964	36500.0
2016-08-17	9.683013029	9.634597964	9.683013029	9.634597964	667200.0
2016-08-18	9.683013029	9.683013029	9.683013029	9.683013029	85600.0
2016-08-19	9.683013029	9.683013029	9.683013029	9.683013029	8700.0
2016-08-22	9.683013029	9.683013029	9.683013029	9.683013029	14900.0
2016-08-23	9.77984316	9.634597964	9.77984316	9.683013029	10300.0
2016-08-24	9.683013029	9.586182899	9.683013029	9.683013029	205100.0
2016-08-25	9.634597964	9.634597964	9.634597964	9.634597964	2000.0
2016-08-26	9.634597964	9.634597964	9.634597964	9.634597964	11900.0
2016-08-29	9.634597964	9.634597964	9.634597964	9.634597964	3000.0
2016-08-30	9.634597964	9.634597964	9.634597964	9.634597964	119100.0
2016-08-31	9.586182899	9.586182899	9.634597964	9.634597964	105300.0
2016-09-01	9.634597964	9.586182899	9.634597964	9.586182899	10500.0
2016-09-02	9.634597964	9.586182899	9.634597964	9.634597964	5200.0
2016-09-05	9.634597964	9.586182899	9.634597964	9.634597964	23000.0
2016-09-06	9.634597964	9.634597964	9.634597964	9.634597964	100.0
2016-09-07	9.634597964	9.586182899	9.634597964	9.586182899	2100.0
2016-09-08	9.586182899	9.586182899	9.634597964	9.634597964	159400.0
2016-09-09	9.586182899	9.586182899	9.586182899	9.586182899	195400.0
2016-09-12	9.586182899	9.586182899	9.586182899	9.586182899	366500.0
2016-09-13	9.586182899	9.586182899	9.586182899	9.586182899	94700.0
2016-09-14	9.586182899	9.586182899	9.586182899	9.586182899	92000.0
2016-09-15	9.586182899	9.586182899	9.634597964	9.634597964	200300.0
2016-09-19	9.634597964	9.634597964	9.634597964	9.634597964	200.0
2016-09-20	9.634597964	9.586182899	9.634597964	9.586182899	10000.0
2016-09-21	9.634597964	9.634597964	9.634597964	9.634597964	100.0
2016-09-22	9.634597964	9.634597964	9.634597964	9.634597964	5200.0
2016-09-23	9.634597964	9.634597964	9.683013029	9.634597964	201700.0
2016-09-27	9.634597964	9.634597964	9.634597964	9.634597964	100.0
2016-09-28	9.683013029	9.683013029	9.683013029	9.683013029	100.0
2016-09-29	9.586182899	9.586182899	9.683013029	9.683013029	200.0
2016-10-03	9.683013029	9.683013029	9.683013029	9.683013029	1300.0
2016-10-04	9.683013029	9.634597964	9.683013029	9.634597964	30500.0
2016-10-05	9.634597964	9.634597964	9.634597964	9.634597964	20000.0
2016-10-07	9.634597964	9.634597964	9.634597964	9.634597964	300.0
2016-10-10	9.634597964	9.634597964	9.634597964	9.634597964	111700.0
2016-10-12	9.586182899	9.489352769	9.586182899	9.586182899	228200.0
2016-10-13	9.537767834	9.489352769	9.586182899	9.586182899	138700.0
2016-10-14	9.586182899	9.586182899	9.586182899	9.586182899	182600.0
2016-10-17	9.586182899	9.586182899	9.586182899	9.586182899	67300.0
2016-10-18	9.537767834	9.489352769	9.586182899	9.586182899	70000.0
2016-10-19	9.586182899	9.586182899	9.586182899	9.586182899	10500.0
2016-10-20	9.586182899	9.586182899	9.586182899	9.586182899	100.0
2016-10-21	9.586182899	9.586182899	9.586182899	9.586182899	4800.0
2016-10-25	9.586182899	9.586182899	9.586182899	9.586182899	15000.0
2016-10-27	9.586182899	9.586182899	9.634597964	9.634597964	150100.0
2016-10-28	9.586182899	9.586182899	9.634597964	9.586182899	15400.0
2016-10-31	9.634597964	9.586182899	9.634597964	9.634597964	34800.0
2016-11-01	9.634597964	9.586182899	9.634597964	9.586182899	254600.0
2016-11-02	9.586182899	9.586182899	9.586182899	9.586182899	25000.0
2016-11-07	9.634597964	9.586182899	9.634597964	9.634597964	12300.0
2016-11-08	9.634597964	9.634597964	9.683013029	9.683013029	12300.0
2016-11-09	9.559755271	9.559755271	9.608281947	9.608281947	64900.0
2016-11-10	9.559755271	9.559755271	9.608281947	9.608281947	99000.0
2016-11-11	9.608281947	9.608281947	9.608281947	9.608281947	100.0
2016-11-14	9.608281947	9.559755271	9.608281947	9.559755271	10500.0
2016-11-15	9.559755271	9.559755271	9.608281947	9.608281947	27900.0
2016-11-16	9.559755271	9.559755271	9.559755271	9.559755271	25200.0
2016-11-17	9.559755271	9.559755271	9.559755271	9.559755271	300.0
2016-11-18	9.559755271	9.559755271	9.559755271	9.559755271	5000.0
2016-11-21	9.511228594	9.511228594	9.511228594	9.511228594	5000.0
2016-11-22	9.559755271	9.559755271	9.559755271	9.559755271	25200.0
2016-11-23	9.559755271	9.559755271	9.559755271	9.559755271	14700.0
2016-11-24	9.559755271	9.559755271	9.559755271	9.559755271	20000.0
2016-11-25	9.559755271	9.462701918	9.559755271	9.462701918	149600.0
2016-11-28	9.511228594	9.511228594	9.511228594	9.511228594	55700.0
2016-11-30	9.559755271	9.559755271	9.559755271	9.559755271	100.0
2016-12-01	9.559755271	9.511228594	9.559755271	9.511228594	6100.0
2016-12-02	9.559755271	9.559755271	9.7053353	9.7053353	654300.0
2016-12-06	9.559755271	9.559755271	9.7053353	9.7053353	700.0
2016-12-07	9.559755271	9.559755271	9.559755271	9.559755271	10000.0
2016-12-13	9.511228594	9.511228594	9.559755271	9.559755271	25200.0
2016-12-15	9.559755271	9.559755271	9.559755271	9.559755271	6500.0
2016-12-16	9.559755271	9.559755271	9.608281947	9.608281947	6600.0
2016-12-19	9.511228594	9.511228594	9.511228594	9.511228594	100.0
2016-12-20	9.511228594	9.511228594	9.559755271	9.559755271	200200.0
2016-12-21	9.559755271	9.559755271	9.559755271	9.559755271	200.0
2016-12-22	9.559755271	9.559755271	9.559755271	9.559755271	600.0
2016-12-23	9.511228594	9.365648565	9.511228594	9.511228594	53300.0
2016-12-26	9.511228594	9.511228594	9.511228594	9.511228594	300.0
2016-12-27	9.511228594	9.511228594	9.511228594	9.511228594	22800.0
2016-12-28	9.511228594	9.462701918	9.511228594	9.462701918	7900.0
2016-12-29	9.511228594	9.511228594	9.511228594	9.511228594	1100.0
2016-12-30	9.414175241	9.414175241	9.511228594	9.511228594	60200.0
2017-01-04	9.608281947	9.511228594	9.608281947	9.511228594	101600.0
2017-01-05	9.511228594	9.511228594	9.511228594	9.511228594	8000.0
2017-01-09	9.559755271	9.559755271	9.559755271	9.559755271	5300.0
2017-01-10	9.559755271	9.559755271	9.608281947	9.608281947	250400.0
2017-01-13	9.511228594	9.511228594	9.608281947	9.608281947	130000.0
2017-01-16	9.511228594	9.511228594	9.511228594	9.511228594	2000.0
2017-01-17	9.511228594	9.511228594	9.656808624	9.656808624	202800.0
2017-01-18	9.608281947	9.559755271	9.608281947	9.559755271	1300.0
2017-01-19	9.608281947	9.559755271	9.608281947	9.608281947	19900.0
2017-01-20	9.511228594	9.511228594	9.511228594	9.511228594	10000.0
2017-01-24	9.511228594	9.511228594	9.608281947	9.608281947	250500.0
2017-01-25	9.511228594	9.511228594	9.559755271	9.559755271	20200.0
2017-01-26	9.559755271	9.559755271	9.559755271	9.559755271	100.0
2017-01-27	9.511228594	9.511228594	9.511228594	9.511228594	5000.0
2017-01-30	9.511228594	9.511228594	9.559755271	9.559755271	22700.0
2017-02-01	9.559755271	9.559755271	9.559755271	9.559755271	10000.0
2017-02-03	9.608281947	9.608281947	9.608281947	9.608281947	1200.0
2017-02-06	9.608281947	9.608281947	9.608281947	9.608281947	108800.0
2017-02-07	9.608281947	9.559755271	9.608281947	9.559755271	20800.0
2017-02-08	9.608281947	9.608281947	9.608281947	9.608281947	19100.0
2017-02-09	9.608281947	9.608281947	9.608281947	9.608281947	5300.0
2017-02-10	9.608281947	9.608281947	9.656808624	9.656808624	65600.0
2017-02-14	9.433135844	9.433135844	9.530384668	9.481760256	43400.0
2017-02-15	9.530384668	9.530384668	9.530384668	9.530384668	15000.0
2017-02-16	9.530384668	9.530384668	9.579009079	9.579009079	27000.0
2017-02-17	9.579009079	9.530384668	9.579009079	9.579009079	49600.0
2017-02-20	9.530384668	9.530384668	9.627633491	9.579009079	147000.0
2017-02-21	9.579009079	9.579009079	9.579009079	9.579009079	22000.0
2017-02-22	9.579009079	9.579009079	9.579009079	9.579009079	353900.0
2017-02-23	9.579009079	9.579009079	9.579009079	9.579009079	2900.0
2017-02-24	9.676257902	9.579009079	9.676257902	9.627633491	70000.0
2017-02-28	9.627633491	9.627633491	9.627633491	9.627633491	591200.0
2017-03-01	9.627633491	9.627633491	9.627633491	9.627633491	100000.0
2017-03-02	9.627633491	9.627633491	9.676257902	9.627633491	257300.0
2017-03-03	9.627633491	9.627633491	9.627633491	9.627633491	69700.0
2017-03-06	9.627633491	9.627633491	9.676257902	9.676257902	90100.0
2017-03-07	9.579009079	9.579009079	9.627633491	9.627633491	36000.0
2017-03-08	9.676257902	9.676257902	9.676257902	9.676257902	287000.0
2017-03-09	9.627633491	9.627633491	9.627633491	9.627633491	58000.0
2017-03-13	9.627633491	9.627633491	9.627633491	9.627633491	80000.0
2017-03-14	9.627633491	9.627633491	9.627633491	9.627633491	20000.0
2017-03-15	9.627633491	9.579009079	9.676257902	9.579009079	99000.0
2017-03-16	9.530384668	9.530384668	9.627633491	9.627633491	128300.0
2017-03-17	9.627633491	9.627633491	9.627633491	9.627633491	7200.0
2017-03-20	9.627633491	9.627633491	9.627633491	9.627633491	170000.0
2017-03-21	9.627633491	9.627633491	9.627633491	9.627633491	292400.0
2017-03-22	9.627633491	9.627633491	9.627633491	9.627633491	194000.0
2017-03-23	9.627633491	9.579009079	9.627633491	9.579009079	164400.0
2017-03-24	9.627633491	9.627633491	9.627633491	9.627633491	7000.0
2017-03-27	9.627633491	9.627633491	9.627633491	9.627633491	340000.0
2017-03-28	9.627633491	9.627633491	9.627633491	9.627633491	90000.0
2017-03-29	9.627633491	9.627633491	9.627633491	9.627633491	1000.0
2017-03-30	9.627633491	9.627633491	9.627633491	9.627633491	293800.0
2017-03-31	9.627633491	9.627633491	9.627633491	9.627633491	30000.0
2017-04-03	9.627633491	9.627633491	9.676257902	9.627633491	115100.0
2017-04-04	9.627633491	9.627633491	9.627633491	9.627633491	416000.0
2017-04-10	9.530384668	9.530384668	9.530384668	9.530384668	2000.0
2017-04-11	9.530384668	9.530384668	9.530384668	9.530384668	30000.0
2017-04-12	9.627633491	9.530384668	9.627633491	9.530384668	1300.0
2017-04-17	9.579009079	9.579009079	9.579009079	9.579009079	8100.0
2017-04-18	9.579009079	9.579009079	9.579009079	9.579009079	500.0
2017-04-19	9.627633491	9.627633491	9.627633491	9.627633491	52700.0
2017-04-20	9.627633491	9.627633491	9.627633491	9.627633491	10000.0
2017-04-21	9.627633491	9.627633491	9.627633491	9.627633491	50200.0
2017-04-24	9.627633491	9.627633491	9.627633491	9.627633491	500.0
2017-04-25	9.530384668	9.530384668	9.579009079	9.579009079	7600.0
2017-04-26	9.627633491	9.627633491	9.627633491	9.627633491	18000.0
2017-04-27	9.676257902	9.627633491	9.676257902	9.627633491	2400.0
2017-04-28	9.627633491	9.627633491	9.627633491	9.627633491	21000.0
2017-05-02	9.676257902	9.627633491	9.676257902	9.627633491	201200.0
2017-05-03	9.627633491	9.627633491	9.627633491	9.627633491	35500.0
2017-05-04	9.627633491	9.627633491	9.627633491	9.627633491	600000.0
2017-05-05	9.627633491	9.627633491	9.676257902	9.676257902	241500.0
2017-05-08	9.627633491	9.627633491	9.627633491	9.627633491	299100.0
2017-05-09	9.676257902	9.676257902	9.676257902	9.676257902	200000.0
2017-05-12	9.579009079	9.579009079	9.676257902	9.676257902	11400.0
2017-05-15	9.676257902	9.676257902	9.676257902	9.676257902	23700.0
2017-05-16	9.676257902	9.676257902	9.676257902	9.676257902	105200.0
2017-05-17	9.676257902	9.676257902	9.724882314	9.676257902	69300.0
2017-05-18	9.676257902	9.676257902	9.676257902	9.676257902	1200.0
2017-05-19	9.724882314	9.627633491	9.724882314	9.627633491	62600.0
2017-05-22	9.627633491	9.627633491	9.676257902	9.676257902	88800.0
2017-05-25	9.676257902	9.676257902	9.676257902	9.676257902	58200.0
2017-05-29	9.676257902	9.676257902	9.676257902	9.676257902	20000.0
2017-05-30	9.676257902	9.676257902	9.724882314	9.676257902	43000.0
2017-05-31	9.676257902	9.676257902	9.676257902	9.676257902	98100.0
2017-06-02	9.676257902	9.676257902	9.724882314	9.724882314	138600.0
2017-06-05	9.724882314	9.724882314	9.822131137	9.724882314	747400.0
2017-06-06	9.724882314	9.724882314	9.822131137	9.822131137	67900.0
2017-06-07	9.646734024	9.646734024	9.84161754	9.695454903	288500.0
2017-06-08	9.695454903	9.695454903	9.695454903	9.695454903	393100.0
2017-06-09	9.695454903	9.695454903	9.695454903	9.695454903	82800.0
2017-06-12	9.695454903	9.695454903	9.695454903	9.695454903	109300.0
2017-06-13	9.646734024	9.646734024	9.695454903	9.695454903	135800.0
2017-06-14	9.695454903	9.646734024	9.695454903	9.646734024	290300.0
2017-06-15	9.646734024	9.646734024	9.646734024	9.646734024	42600.0
2017-06-16	9.646734024	9.598013145	9.646734024	9.598013145	508700.0
2017-06-19	9.500571387	9.500571387	9.598013145	9.598013145	571700.0
2017-06-20	9.598013145	9.598013145	9.598013145	9.598013145	403800.0
2017-06-21	9.598013145	9.598013145	9.598013145	9.598013145	424200.0
2017-06-22	9.646734024	9.598013145	9.646734024	9.598013145	515500.0
2017-06-23	9.598013145	9.598013145	9.598013145	9.598013145	537600.0
2017-06-26	9.598013145	9.598013145	9.598013145	9.598013145	334400.0
2017-06-27	9.598013145	9.598013145	9.646734024	9.598013145	27100.0
2017-06-28	9.598013145	9.598013145	9.598013145	9.598013145	441800.0
2017-06-29	9.598013145	9.598013145	9.598013145	9.598013145	9900.0
2017-06-30	9.646734024	9.598013145	9.646734024	9.598013145	102000.0
2017-07-03	9.598013145	9.598013145	9.598013145	9.598013145	500000.0
2017-07-04	9.598013145	9.598013145	9.598013145	9.598013145	305000.0
2017-07-06	9.598013145	9.598013145	9.598013145	9.598013145	130000.0
2017-07-12	9.598013145	9.598013145	9.598013145	9.598013145	100.0
2017-07-13	9.646734024	9.646734024	9.646734024	9.646734024	12900.0
2017-07-14	9.646734024	9.646734024	9.646734024	9.646734024	5000.0
2017-07-17	9.646734024	9.646734024	9.646734024	9.646734024	2000.0
2017-07-18	9.695454903	9.695454903	9.695454903	9.695454903	55000.0
2017-07-19	9.695454903	9.695454903	9.744175782	9.744175782	279800.0
2017-07-20	9.744175782	9.500571387	9.84161754	9.500571387	102500.0
2017-07-21	9.744175782	9.744175782	9.744175782	9.744175782	700000.0
2017-07-24	9.744175782	9.744175782	9.744175782	9.744175782	1279300.0
2017-07-26	9.744175782	9.744175782	9.744175782	9.744175782	405800.0
2017-07-27	9.744175782	9.744175782	9.744175782	9.744175782	379500.0
2017-07-31	9.744175782	9.744175782	9.744175782	9.744175782	1063000.0
2017-08-01	9.744175782	9.646734024	9.744175782	9.695454903	380400.0
2017-08-02	9.744175782	9.744175782	9.744175782	9.744175782	846100.0
2017-08-03	9.744175782	9.744175782	9.84161754	9.84161754	154700.0
2017-08-04	9.660122954	9.660122954	9.757699954	9.757699954	1516000.0
2017-08-07	9.757699954	9.757699954	9.757699954	9.757699954	11100.0
2017-08-08	9.757699954	9.757699954	9.757699954	9.757699954	7000.0
2017-08-09	9.757699954	9.757699954	9.757699954	9.757699954	510000.0
2017-08-10	9.757699954	9.757699954	9.757699954	9.757699954	100000.0
2017-08-11	9.757699954	9.757699954	9.757699954	9.757699954	830000.0
2017-08-15	9.757699954	9.757699954	9.757699954	9.757699954	42600.0
2017-08-16	9.757699954	9.757699954	9.757699954	9.757699954	10500.0
2017-08-17	9.757699954	9.757699954	9.757699954	9.757699954	50000.0
2017-08-21	9.757699954	9.757699954	9.757699954	9.757699954	88000.0
2017-08-22	9.757699954	9.757699954	9.757699954	9.757699954	252000.0
2017-08-23	9.757699954	9.757699954	9.757699954	9.757699954	53000.0
2017-08-24	9.757699954	9.757699954	9.855276954	9.855276954	331500.0
2017-08-25	9.757699954	9.757699954	9.757699954	9.757699954	200000.0
2017-08-28	9.757699954	9.757699954	9.757699954	9.757699954	80000.0
2017-08-30	9.757699954	9.757699954	9.757699954	9.757699954	203000.0
2017-08-31	9.757699954	9.757699954	9.757699954	9.757699954	30200.0
2017-09-04	9.757699954	9.757699954	9.757699954	9.757699954	10100.0
2017-09-06	9.855276954	9.757699954	9.855276954	9.757699954	30000.0
2017-09-07	9.757699954	9.757699954	9.757699954	9.757699954	202000.0
2017-09-08	9.757699954	9.757699954	9.757699954	9.757699954	18000.0
2017-09-12	9.757699954	9.757699954	9.757699954	9.757699954	200000.0
2017-09-13	9.757699954	9.757699954	9.757699954	9.757699954	19000.0
2017-09-14	9.757699954	9.757699954	9.757699954	9.757699954	50000.0
2017-09-15	9.757699954	9.757699954	9.757699954	9.757699954	300000.0
2017-09-18	9.855276954	9.757699954	9.855276954	9.757699954	51000.0
2017-09-21	9.708911454	9.708911454	9.708911454	9.708911454	75700.0
2017-09-22	9.708911454	9.708911454	9.708911454	9.708911454	100.0
2017-09-25	9.708911454	9.708911454	9.708911454	9.708911454	5900.0
2017-09-27	9.757699954	9.757699954	9.757699954	9.757699954	45800.0
2017-09-28	9.757699954	9.757699954	9.757699954	9.757699954	205100.0
2017-09-29	9.757699954	9.757699954	9.757699954	9.757699954	150000.0
2017-10-02	9.855276954	9.855276954	9.855276954	9.855276954	15000.0
2017-10-04	9.757699954	9.757699954	9.757699954	9.757699954	100000.0
2017-10-06	9.757699954	9.757699954	9.757699954	9.757699954	200300.0
2017-10-09	9.757699954	9.757699954	9.757699954	9.757699954	7000.0
2017-10-11	9.757699954	9.757699954	9.757699954	9.757699954	100000.0
2017-10-12	9.757699954	9.757699954	9.855276954	9.855276954	70000.0
2017-10-16	9.855276954	9.757699954	9.855276954	9.757699954	130000.0
2017-10-18	9.757699954	9.708911454	9.757699954	9.708911454	30100.0
2017-10-19	9.708911454	9.708911454	9.708911454	9.708911454	900.0
2017-10-20	9.757699954	9.708911454	9.757699954	9.708911454	5100.0
2017-10-24	9.757699954	9.757699954	9.757699954	9.757699954	18800.0
2017-10-25	9.757699954	9.757699954	9.757699954	9.757699954	30000.0
2017-10-30	9.757699954	9.757699954	9.757699954	9.757699954	76000.0
2017-10-31	9.855276954	9.855276954	9.855276954	9.855276954	839000.0
2017-11-02	9.757699954	9.757699954	9.757699954	9.757699954	20000.0
2017-11-03	9.757699954	9.757699954	9.757699954	9.757699954	100.0
2017-11-06	9.855276954	9.855276954	9.855276954	9.855276954	22100.0
2017-11-07	9.778998613	9.778998613	9.876788599	9.778998613	3022000.0
2017-11-08	9.778998613	9.778998613	9.778998613	9.778998613	100000.0
2017-11-09	9.778998613	9.778998613	9.778998613	9.778998613	300000.0
2017-11-14	9.876788599	9.876788599	9.876788599	9.876788599	100.0
2017-11-16	9.876788599	9.876788599	9.876788599	9.876788599	100.0
2017-11-21	9.876788599	9.778998613	9.876788599	9.778998613	10400.0
2017-11-23	9.778998613	9.778998613	9.778998613	9.778998613	80000.0
2017-11-24	9.876788599	9.876788599	9.876788599	9.876788599	100.0
2017-12-04	9.876788599	9.876788599	9.876788599	9.876788599	100.0
2017-12-08	9.876788599	9.778998613	9.876788599	9.778998613	8100.0
2017-12-12	9.778998613	9.778998613	9.778998613	9.778998613	4000.0
2017-12-13	9.778998613	9.778998613	9.778998613	9.778998613	100.0
2017-12-14	9.778998613	9.778998613	9.778998613	9.778998613	31000.0
2017-12-15	9.778998613	9.778998613	9.778998613	9.778998613	700.0
2017-12-18	9.778998613	9.778998613	9.778998613	9.778998613	433100.0
2017-12-19	9.778998613	9.778998613	9.876788599	9.876788599	100100.0
2017-12-20	9.876788599	9.876788599	9.876788599	9.876788599	515300.0
2017-12-21	9.876788599	9.876788599	9.876788599	9.876788599	311900.0
2017-12-22	9.778998613	9.778998613	9.778998613	9.778998613	36900.0
2017-12-25	9.876788599	9.778998613	9.876788599	9.778998613	90000.0
2017-12-26	9.778998613	9.778998613	9.778998613	9.778998613	29900.0
2017-12-27	9.778998613	9.778998613	9.876788599	9.876788599	1401000.0
2017-12-29	9.778998613	9.778998613	9.778998613	9.778998613	1000.0
2018-01-04	9.73010362	9.73010362	9.778998613	9.778998613	210000.0
2018-01-05	9.778998613	9.778998613	9.778998613	9.778998613	100100.0
2018-01-08	9.778998613	9.778998613	9.778998613	9.778998613	100000.0
2018-01-10	9.778998613	9.778998613	9.778998613	9.778998613	1000.0
2018-01-11	9.778998613	9.778998613	9.778998613	9.778998613	15000.0
2018-01-12	9.778998613	9.778998613	9.778998613	9.778998613	20600.0
2018-01-19	9.778998613	9.778998613	9.876788599	9.876788599	305100.0
2018-01-23	9.876788599	9.876788599	9.876788599	9.876788599	100.0
2018-01-24	9.778998613	9.778998613	9.778998613	9.778998613	100000.0
2018-01-25	9.876788599	9.778998613	9.876788599	9.778998613	1200.0
2018-01-26	9.778998613	9.778998613	9.778998613	9.778998613	20000.0
2018-02-01	9.778998613	9.778998613	9.778998613	9.778998613	100.0
2018-02-02	9.876788599	9.876788599	9.876788599	9.876788599	300.0
2018-02-05	9.876788599	9.876788599	9.876788599	9.876788599	500.0
2018-02-06	9.876788599	9.778998613	9.876788599	9.778998613	17000.0
2018-02-07	9.800559845	9.800559845	9.898565443	9.898565443	25200.0
2018-02-08	9.800559845	9.800559845	9.800559845	9.800559845	1500800.0
2018-02-09	9.800559845	9.800559845	9.800559845	9.800559845	1000800.0
2018-02-12	9.800559845	9.800559845	9.800559845	9.800559845	237900.0
2018-02-14	9.800559845	9.800559845	9.800559845	9.800559845	8000.0
2018-02-19	9.800559845	9.800559845	9.800559845	9.800559845	10000.0
2018-02-20	9.800559845	9.800559845	9.800559845	9.800559845	101300.0
2018-02-21	9.800559845	9.800559845	9.800559845	9.800559845	300.0
2018-02-23	9.800559845	9.800559845	9.898565443	9.898565443	201100.0
2018-02-26	9.898565443	9.898565443	9.996571042	9.898565443	856900.0
2018-02-27	9.996571042	9.898565443	9.996571042	9.898565443	2008000.0
2018-02-28	9.898565443	9.898565443	9.898565443	9.898565443	223300.0
2018-03-02	9.898565443	9.898565443	9.996571042	9.996571042	17000.0
2018-03-05	9.996571042	9.898565443	9.996571042	9.898565443	41000.0
2018-03-06	9.898565443	9.898565443	9.898565443	9.898565443	80100.0
2018-03-07	9.898565443	9.898565443	9.898565443	9.898565443	299300.0
2018-03-08	9.996571042	9.996571042	9.996571042	9.996571042	100.0
2018-03-12	9.898565443	9.898565443	9.898565443	9.898565443	900.0
2018-03-15	9.898565443	9.898565443	9.898565443	9.898565443	10000.0
2018-03-16	9.898565443	9.898565443	9.898565443	9.898565443	102900.0
2018-03-20	9.898565443	9.898565443	9.898565443	9.898565443	100.0
2018-03-21	9.898565443	9.898565443	9.898565443	9.898565443	153600.0
2018-03-22	9.898565443	9.898565443	9.898565443	9.898565443	33700.0
2018-03-23	9.898565443	9.898565443	9.898565443	9.898565443	40000.0
2018-03-26	9.898565443	9.898565443	9.898565443	9.898565443	102000.0
2018-03-27	9.898565443	9.898565443	9.898565443	9.898565443	30100.0
2018-03-28	9.898565443	9.898565443	9.996571042	9.898565443	30100.0
2018-03-29	9.898565443	9.898565443	9.898565443	9.898565443	30000.0
2018-03-30	9.898565443	9.898565443	9.898565443	9.898565443	75000.0
2018-04-02	9.898565443	9.898565443	9.898565443	9.898565443	50000.0
2018-04-03	9.898565443	9.898565443	9.898565443	9.898565443	81800.0
2018-04-04	9.898565443	9.898565443	9.996571042	9.996571042	46000.0
2018-04-05	9.996571042	9.996571042	9.996571042	9.996571042	684100.0
2018-04-09	10.09457664	9.898565443	10.09457664	9.996571042	22100.0
2018-04-10	9.996571042	9.996571042	9.996571042	9.996571042	3000.0
2018-04-11	9.898565443	9.898565443	9.898565443	9.898565443	2100.0
2018-04-17	9.996571042	9.996571042	9.996571042	9.996571042	10000.0
2018-04-18	9.996571042	9.996571042	9.996571042	9.996571042	200900.0
2018-04-19	9.996571042	9.996571042	9.996571042	9.996571042	201800.0
2018-04-20	9.996571042	9.996571042	9.996571042	9.996571042	73900.0
2018-04-23	10.09457664	9.996571042	10.09457664	9.996571042	100500.0
2018-04-24	9.996571042	9.996571042	9.996571042	9.996571042	101700.0
2018-04-25	9.898565443	9.898565443	9.898565443	9.898565443	100.0
2018-04-26	9.898565443	9.898565443	9.898565443	9.898565443	305000.0
2018-04-27	9.898565443	9.898565443	9.996571042	9.996571042	300300.0
2018-04-30	9.996571042	9.996571042	10.09457664	9.996571042	359200.0
2018-05-02	9.996571042	9.996571042	9.996571042	9.996571042	110000.0
2018-05-03	9.996571042	9.996571042	9.996571042	9.996571042	100000.0
2018-05-04	9.898565443	9.898565443	9.898565443	9.898565443	74000.0
2018-05-08	9.898565443	9.898565443	9.898565443	9.898565443	105000.0
2018-05-09	9.898565443	9.898565443	9.898565443	9.898565443	300000.0
2018-05-11	9.898565443	9.898565443	9.898565443	9.898565443	70000.0
2018-05-14	9.898565443	9.898565443	9.898565443	9.898565443	3000.0
2018-05-15	9.898565443	9.898565443	9.898565443	9.898565443	397000.0
2018-05-16	9.898565443	9.898565443	9.898565443	9.898565443	2800.0
2018-05-17	9.898565443	9.898565443	9.898565443	9.898565443	350000.0
2018-05-25	10.09457664	10.09457664	10.192582238	10.09457664	20900.0
2018-05-28	9.996571042	9.996571042	10.09457664	10.09457664	22300.0
2018-05-30	9.996571042	9.996571042	9.996571042	9.996571042	27700.0
2018-05-31	9.996571042	9.996571042	10.09457664	10.09457664	25200.0
2018-06-01	10.019917449	9.921682964	10.019917449	9.921682964	84700.0
2018-06-04	9.921682964	9.921682964	9.921682964	9.921682964	100500.0
2018-06-05	10.019917449	9.921682964	10.019917449	9.921682964	60100.0
2018-06-06	10.019917449	10.019917449	10.019917449	10.019917449	100.0
2018-06-08	10.019917449	10.019917449	10.019917449	10.019917449	10000.0
2018-06-11	10.019917449	10.019917449	10.019917449	10.019917449	221400.0
2018-06-12	10.019917449	10.019917449	10.019917449	10.019917449	150000.0
2018-06-13	9.921682964	9.921682964	9.921682964	9.921682964	100.0
2018-06-18	9.921682964	9.921682964	9.921682964	9.921682964	100000.0
2018-06-19	9.82344848	9.82344848	9.82344848	9.82344848	16200.0
2018-06-20	9.82344848	9.82344848	9.82344848	9.82344848	63000.0
2018-06-21	9.82344848	9.82344848	9.82344848	9.82344848	86900.0
2018-06-26	9.82344848	9.82344848	9.921682964	9.82344848	82700.0
2018-06-28	9.82344848	9.82344848	9.82344848	9.82344848	50000.0
2018-07-02	9.82344848	9.82344848	9.82344848	9.82344848	2700.0
2018-07-05	9.82344848	9.82344848	9.82344848	9.82344848	15000.0
2018-07-09	9.82344848	9.82344848	9.82344848	9.82344848	84800.0
2018-07-10	9.82344848	9.82344848	9.82344848	9.82344848	3000.0
2018-07-11	9.774331237	9.774331237	9.774331237	9.774331237	100.0
2018-07-13	9.82344848	9.774331237	9.82344848	9.774331237	25000.0
2018-07-16	9.82344848	9.82344848	9.82344848	9.82344848	100.0
2018-07-17	9.774331237	9.725213995	9.774331237	9.725213995	65100.0
2018-07-18	9.774331237	9.774331237	9.774331237	9.774331237	4000.0
2018-07-19	9.774331237	9.774331237	9.774331237	9.774331237	2100.0
2018-07-23	9.774331237	9.774331237	9.82344848	9.82344848	1100.0
2018-07-24	9.82344848	9.82344848	9.921682964	9.921682964	5000.0
2018-07-31	9.82344848	9.82344848	9.82344848	9.82344848	200.0
2018-08-02	9.921682964	9.921682964	9.921682964	9.921682964	9100.0
2018-08-03	9.921682964	9.921682964	10.019917449	10.019917449	28000.0
2018-08-06	10.019917449	9.921682964	10.019917449	9.921682964	432400.0
2018-08-07	9.846844582	9.846844582	9.846844582	9.846844582	5000.0
2018-08-08	9.846844582	9.846844582	9.846844582	9.846844582	1000.0
2018-08-10	9.846844582	9.846844582	9.846844582	9.846844582	20300.0
2018-08-14	9.945313028	9.945313028	9.945313028	9.945313028	1500.0
2018-08-15	9.846844582	9.846844582	9.846844582	9.846844582	2700.0
2018-08-16	9.945313028	9.846844582	9.945313028	9.846844582	2000.0
2018-08-17	9.846844582	9.846844582	9.846844582	9.846844582	47000.0
2018-08-21	9.846844582	9.846844582	9.945313028	9.945313028	10100.0
2018-08-22	9.945313028	9.945313028	9.945313028	9.945313028	149900.0
2018-08-23	9.846844582	9.846844582	9.846844582	9.846844582	43000.0
2018-08-27	9.846844582	9.846844582	9.846844582	9.846844582	10600.0
2018-08-28	9.846844582	9.846844582	9.846844582	9.846844582	10000.0
2018-08-29	9.846844582	9.748376137	9.846844582	9.846844582	88800.0
2018-08-31	9.797610359	9.797610359	9.846844582	9.846844582	5800.0
2018-09-03	9.846844582	9.846844582	9.846844582	9.846844582	50100.0
2018-09-04	9.945313028	9.945313028	10.043781474	10.043781474	163300.0
2018-09-07	9.945313028	9.945313028	9.945313028	9.945313028	2800.0
2018-09-10	10.043781474	9.945313028	10.043781474	9.945313028	20000.0
2018-09-17	10.043781474	10.043781474	10.043781474	10.043781474	1000.0
2018-09-25	9.846844582	9.846844582	9.846844582	9.846844582	50000.0
2018-10-04	9.846844582	9.846844582	9.846844582	9.846844582	44000.0
2018-10-05	9.945313028	9.846844582	9.945313028	9.846844582	48500.0
2018-10-08	9.846844582	9.846844582	9.846844582	9.846844582	36200.0
2018-10-09	9.846844582	9.846844582	9.846844582	9.846844582	1500.0
2018-10-10	9.846844582	9.846844582	9.846844582	9.846844582	100000.0
2018-10-11	9.846844582	9.846844582	9.846844582	9.846844582	22100.0
2018-10-16	9.846844582	9.797610359	9.846844582	9.797610359	11300.0
2018-10-17	9.797610359	9.797610359	9.846844582	9.846844582	68300.0
2018-10-18	9.846844582	9.797610359	9.846844582	9.846844582	115500.0
2018-10-19	9.846844582	9.846844582	9.846844582	9.846844582	5000.0
2018-10-24	9.797610359	9.797610359	9.797610359	9.797610359	6500.0
2018-10-25	9.797610359	9.797610359	9.797610359	9.797610359	1000.0
2018-10-29	9.797610359	9.797610359	9.797610359	9.797610359	5000.0
2018-11-02	9.846844582	9.846844582	9.846844582	9.846844582	2400.0
2018-11-05	9.846844582	9.797610359	9.846844582	9.797610359	16000.0
2018-11-06	9.797610359	9.797610359	9.797610359	9.797610359	17400.0
2018-11-07	9.846844582	9.846844582	9.846844582	9.846844582	2000.0
2018-11-08	9.771828525	9.771828525	9.870533864	9.870533864	18000.0
2018-11-09	9.821181194	9.821181194	9.821181194	9.821181194	22500.0
2018-11-12	9.821181194	9.821181194	9.821181194	9.821181194	3300.0
2018-11-13	9.821181194	9.821181194	9.821181194	9.821181194	1400.0
2018-11-19	9.821181194	9.771828525	9.821181194	9.771828525	600.0
2018-11-21	9.771828525	9.771828525	9.771828525	9.771828525	2500.0
2018-11-22	9.771828525	9.771828525	9.771828525	9.771828525	2800.0
2018-11-23	9.673123186	9.673123186	9.722475856	9.673123186	15000.0
2018-11-26	9.771828525	9.771828525	9.771828525	9.771828525	100.0
2018-11-28	9.673123186	9.673123186	9.771828525	9.771828525	2100.0
2018-12-04	9.771828525	9.771828525	9.771828525	9.771828525	100.0
2018-12-06	9.771828525	9.722475856	9.771828525	9.722475856	23000.0
2018-12-07	9.722475856	9.722475856	9.771828525	9.771828525	111100.0
2018-12-11	9.771828525	9.722475856	9.771828525	9.722475856	600.0
2018-12-12	9.722475856	9.722475856	9.771828525	9.771828525	87100.0
2018-12-13	9.722475856	9.722475856	9.722475856	9.722475856	5000.0
2018-12-14	9.722475856	9.673123186	9.722475856	9.673123186	12100.0
2018-12-17	9.623770517	9.623770517	9.673123186	9.673123186	15700.0
2018-12-18	9.673123186	9.673123186	9.722475856	9.722475856	10000.0
2018-12-19	9.771828525	9.673123186	9.771828525	9.673123186	53100.0
2018-12-21	9.722475856	9.722475856	9.771828525	9.771828525	11600.0
2018-12-24	9.771828525	9.771828525	9.771828525	9.771828525	32500.0
2018-12-25	9.821181194	9.821181194	9.821181194	9.821181194	100.0
2018-12-27	9.722475856	9.722475856	9.771828525	9.771828525	11400.0
2019-01-02	9.771828525	9.771828525	9.771828525	9.771828525	25900.0
2019-01-03	9.771828525	9.771828525	9.821181194	9.821181194	40000.0
2019-01-04	9.870533864	9.870533864	9.870533864	9.870533864	104700.0
2019-01-09	9.821181194	9.821181194	9.821181194	9.821181194	100.0
2019-01-10	9.870533864	9.870533864	9.870533864	9.870533864	100.0
2019-01-11	9.969239202	9.969239202	9.969239202	9.969239202	2000.0
2019-01-15	9.969239202	9.969239202	9.969239202	9.969239202	100.0
2019-01-22	9.969239202	9.969239202	9.969239202	9.969239202	15000.0
2019-01-23	9.870533864	9.870533864	9.870533864	9.870533864	13100.0
2019-01-24	9.870533864	9.870533864	9.870533864	9.870533864	3100.0
2019-01-28	9.870533864	9.870533864	9.870533864	9.870533864	2500.0
2019-01-31	9.870533864	9.870533864	9.870533864	9.870533864	12100.0
2019-02-01	9.870533864	9.870533864	9.870533864	9.870533864	9400.0
2019-02-04	9.870533864	9.870533864	9.870533864	9.870533864	42700.0
2019-02-05	9.870533864	9.870533864	9.870533864	9.870533864	74600.0
2019-02-06	9.870533864	9.870533864	9.870533864	9.870533864	24500.0
2019-02-07	9.870533864	9.870533864	9.870533864	9.870533864	38800.0
2019-02-08	9.870533864	9.870533864	9.870533864	9.870533864	48000.0
2019-02-11	9.745865934	9.696394533	9.795337335	9.795337335	34000.0
2019-02-12	9.745865934	9.745865934	9.745865934	9.745865934	10400.0
2019-02-13	9.745865934	9.745865934	9.795337335	9.745865934	25500.0
2019-02-14	9.795337335	9.795337335	9.795337335	9.795337335	12700.0
2019-02-15	9.795337335	9.795337335	9.795337335	9.795337335	100.0
2019-02-18	9.745865934	9.745865934	9.745865934	9.745865934	8200.0
2019-02-20	9.745865934	9.745865934	9.745865934	9.745865934	18400.0
2019-02-21	9.696394533	9.696394533	9.745865934	9.745865934	2200.0
2019-02-22	9.745865934	9.745865934	9.745865934	9.745865934	7000.0
2019-02-26	9.696394533	9.696394533	9.745865934	9.745865934	32800.0
2019-02-27	9.745865934	9.696394533	9.745865934	9.745865934	7600.0
2019-03-06	9.745865934	9.745865934	9.745865934	9.745865934	2000.0
2019-03-07	9.745865934	9.745865934	9.745865934	9.745865934	4100.0
2019-03-08	9.745865934	9.745865934	9.745865934	9.745865934	3100.0
2019-03-11	9.745865934	9.745865934	9.795337335	9.745865934	9600.0
2019-03-12	9.745865934	9.696394533	9.745865934	9.696394533	50100.0
2019-03-13	9.745865934	9.745865934	9.745865934	9.745865934	200.0
2019-03-14	9.745865934	9.745865934	9.745865934	9.745865934	6800.0
2019-03-18	9.696394533	9.696394533	9.745865934	9.696394533	30500.0
2019-03-19	9.696394533	9.696394533	9.745865934	9.745865934	11700.0
2019-03-20	9.745865934	9.745865934	9.745865934	9.745865934	163100.0
2019-03-21	9.745865934	9.745865934	9.795337335	9.795337335	50100.0
2019-03-22	9.795337335	9.795337335	9.795337335	9.795337335	3100.0
2019-03-25	9.795337335	9.795337335	9.844808735	9.844808735	1100.0
2019-03-26	9.844808735	9.844808735	9.894280136	9.844808735	114800.0
2019-03-27	9.844808735	9.844808735	9.844808735	9.844808735	500.0
2019-03-28	9.844808735	9.844808735	9.894280136	9.894280136	11700.0
2019-03-29	9.894280136	9.894280136	9.894280136	9.894280136	2000.0
2019-04-01	9.844808735	9.844808735	9.894280136	9.894280136	72300.0
2019-04-03	9.894280136	9.894280136	9.894280136	9.894280136	400000.0
2019-04-04	9.894280136	9.894280136	9.894280136	9.894280136	241900.0
2019-04-05	9.894280136	9.894280136	9.894280136	9.894280136	500.0
2019-04-09	9.894280136	9.894280136	9.894280136	9.894280136	300.0
2019-04-12	9.894280136	9.894280136	9.894280136	9.894280136	100.0
2019-04-17	9.993222937	9.894280136	9.993222937	9.894280136	300500.0
2019-04-18	9.993222937	9.894280136	9.993222937	9.894280136	10600.0
2019-04-19	9.894280136	9.894280136	9.894280136	9.894280136	230000.0
2019-04-22	9.795337335	9.795337335	9.795337335	9.795337335	9900.0
2019-04-23	9.894280136	9.795337335	9.894280136	9.894280136	500200.0
2019-04-24	9.795337335	9.795337335	9.795337335	9.795337335	100.0
2019-04-25	9.894280136	9.894280136	9.894280136	9.894280136	31100.0
2019-05-02	9.795337335	9.795337335	9.795337335	9.795337335	24000.0
2019-05-07	9.894280136	9.894280136	9.894280136	9.894280136	1100.0
2019-05-09	9.844808735	9.795337335	9.844808735	9.795337335	21900.0
2019-05-13	9.844808735	9.844808735	9.844808735	9.844808735	20000.0
2019-05-14	9.894280136	9.844808735	9.894280136	9.844808735	20000.0
2019-05-15	9.894280136	9.894280136	9.894280136	9.894280136	3900.0
2019-05-21	9.894280136	9.696394533	9.894280136	9.844808735	515100.0
2019-05-22	9.745865934	9.745865934	9.894280136	9.894280136	12300.0
2019-05-23	9.795337335	9.795337335	9.795337335	9.795337335	300.0
2019-05-24	9.894280136	9.894280136	9.894280136	9.894280136	1000.0
2019-05-27	9.894280136	9.844808735	9.894280136	9.894280136	31800.0
2019-05-28	9.844808735	9.696394533	9.844808735	9.745865934	410500.0
2019-05-29	9.795337335	9.696394533	9.795337335	9.795337335	200300.0
2019-05-30	9.844808735	9.844808735	9.844808735	9.844808735	200.0
2019-05-31	9.795337335	9.745865934	9.844808735	9.795337335	14800.0
2019-06-04	9.795337335	9.795337335	9.844808735	9.844808735	20300.0
2019-06-05	9.844808735	9.844808735	9.844808735	9.844808735	5900.0
2019-06-06	9.894280136	9.844808735	9.894280136	9.844808735	7500.0
2019-06-07	9.755182133	9.755182133	9.804700824	9.804700824	56100.0
2019-06-10	9.804700824	9.804700824	9.804700824	9.804700824	100.0
2019-06-11	9.755182133	9.705663442	9.804700824	9.755182133	194900.0
2019-06-12	9.755182133	9.755182133	9.755182133	9.755182133	10700.0
2019-06-13	9.755182133	9.705663442	9.755182133	9.755182133	55400.0
2019-06-14	9.755182133	9.755182133	9.755182133	9.755182133	10000.0
2019-06-17	9.755182133	9.755182133	9.755182133	9.755182133	98500.0
2019-06-18	9.755182133	9.755182133	9.755182133	9.755182133	37100.0
2019-06-19	9.804700824	9.755182133	9.804700824	9.755182133	2300.0
2019-06-20	9.755182133	9.705663442	9.755182133	9.755182133	86500.0
2019-06-21	9.755182133	9.755182133	9.804700824	9.804700824	15200.0
2019-06-24	9.804700824	9.755182133	9.804700824	9.755182133	78600.0
2019-06-25	9.755182133	9.705663442	9.755182133	9.755182133	50300.0
2019-06-26	9.755182133	9.755182133	9.755182133	9.755182133	54000.0
2019-06-27	9.755182133	9.755182133	9.755182133	9.755182133	50000.0
2019-06-28	9.804700824	9.804700824	9.804700824	9.804700824	16500.0
2019-07-01	9.804700824	9.804700824	9.854219515	9.854219515	80600.0
2019-07-02	9.854219515	9.804700824	9.854219515	9.854219515	28500.0
2019-07-03	9.804700824	9.804700824	9.804700824	9.804700824	200.0
2019-07-04	9.804700824	9.804700824	9.854219515	9.854219515	1900.0
2019-07-05	9.854219515	9.804700824	9.854219515	9.804700824	19800.0
2019-07-08	9.804700824	9.804700824	9.804700824	9.804700824	11500.0
2019-07-09	9.804700824	9.804700824	9.804700824	9.804700824	14000.0
2019-07-10	9.804700824	9.755182133	9.804700824	9.804700824	30200.0
2019-07-11	9.804700824	9.755182133	9.804700824	9.755182133	107200.0
2019-07-12	9.755182133	9.755182133	9.804700824	9.755182133	100100.0
2019-07-15	9.804700824	9.804700824	9.804700824	9.804700824	1200.0
2019-07-17	9.755182133	9.755182133	9.755182133	9.755182133	14600.0
2019-07-18	9.804700824	9.804700824	9.804700824	9.804700824	1400.0
2019-07-19	9.804700824	9.804700824	9.804700824	9.804700824	11100.0
2019-07-22	9.804700824	9.804700824	9.804700824	9.804700824	500.0
2019-07-23	9.804700824	9.755182133	9.804700824	9.804700824	111200.0
2019-07-24	9.804700824	9.755182133	9.804700824	9.755182133	21400.0
2019-07-26	9.804700824	9.804700824	9.804700824	9.804700824	25100.0
2019-07-30	9.804700824	9.755182133	9.804700824	9.804700824	22400.0
2019-07-31	9.755182133	9.755182133	9.804700824	9.804700824	1400.0
2019-08-01	9.804700824	9.755182133	9.804700824	9.804700824	107200.0
2019-08-02	9.755182133	9.705663442	9.755182133	9.755182133	92700.0
2019-08-05	9.804700824	9.755182133	9.804700824	9.804700824	59700.0
2019-08-06	9.774927486	9.725308565	9.774927486	9.774927486	222400.0
2019-08-07	9.774927486	9.725308565	9.774927486	9.774927486	8200.0
2019-08-08	9.725308565	9.725308565	9.774927486	9.774927486	68600.0
2019-08-09	9.774927486	9.774927486	9.774927486	9.774927486	2600.0
2019-08-13	9.725308565	9.725308565	9.725308565	9.725308565	91600.0
2019-08-14	9.725308565	9.675689644	9.725308565	9.725308565	39200.0
2019-08-15	9.725308565	9.626070723	9.725308565	9.725308565	75500.0
2019-08-16	9.675689644	9.626070723	9.675689644	9.626070723	62800.0
2019-08-19	9.626070723	9.626070723	9.626070723	9.626070723	152000.0
2019-08-20	9.626070723	9.576451801	9.626070723	9.576451801	48200.0
2019-08-21	9.626070723	9.576451801	9.626070723	9.576451801	82700.0
2019-08-22	9.576451801	9.576451801	9.576451801	9.576451801	37800.0
2019-08-23	9.576451801	9.576451801	9.626070723	9.576451801	27200.0
2019-08-26	9.52683288	9.52683288	9.576451801	9.576451801	23000.0
2019-08-27	9.626070723	9.576451801	9.626070723	9.576451801	10900.0
2019-08-28	9.576451801	9.52683288	9.626070723	9.576451801	60400.0
2019-08-29	9.576451801	9.576451801	9.576451801	9.576451801	11100.0
2019-08-30	9.576451801	9.52683288	9.626070723	9.626070723	124200.0
2019-09-02	9.626070723	9.576451801	9.626070723	9.576451801	12100.0
2019-09-03	9.576451801	9.576451801	9.576451801	9.576451801	25000.0
2019-09-04	9.576451801	9.52683288	9.576451801	9.52683288	14100.0
2019-09-05	9.626070723	9.626070723	9.626070723	9.626070723	9900.0
2019-09-06	9.626070723	9.626070723	9.626070723	9.626070723	27200.0
2019-09-09	9.675689644	9.626070723	9.675689644	9.626070723	27400.0
2019-09-10	9.626070723	9.576451801	9.626070723	9.576451801	13600.0
2019-09-11	9.626070723	9.626070723	9.626070723	9.626070723	2400.0
2019-09-12	9.626070723	9.576451801	9.626070723	9.626070723	58900.0
2019-09-13	9.576451801	9.576451801	9.576451801	9.576451801	98400.0
2019-09-16	9.576451801	9.576451801	9.576451801	9.576451801	28700.0
2019-09-17	9.576451801	9.576451801	9.576451801	9.576451801	18800.0
2019-09-18	9.626070723	9.626070723	9.626070723	9.626070723	20600.0
2019-09-19	9.626070723	9.576451801	9.626070723	9.576451801	93500.0
2019-09-20	9.626070723	9.576451801	9.626070723	9.576451801	106600.0
2019-09-23	9.626070723	9.576451801	9.626070723	9.576451801	3300.0
2019-09-25	9.576451801	9.576451801	9.626070723	9.576451801	39900.0
2019-09-26	9.626070723	9.626070723	9.675689644	9.626070723	70800.0
2019-09-30	9.626070723	9.626070723	9.675689644	9.626070723	76300.0
2019-10-01	9.626070723	9.576451801	9.626070723	9.576451801	103100.0
2019-10-02	9.626070723	9.626070723	9.626070723	9.626070723	135200.0
2019-10-04	9.675689644	9.626070723	9.675689644	9.626070723	163500.0
2019-10-07	9.675689644	9.675689644	9.675689644	9.675689644	70300.0
2019-10-08	9.675689644	9.675689644	9.675689644	9.675689644	47000.0
2019-10-09	9.675689644	9.675689644	9.675689644	9.675689644	55000.0
2019-10-10	9.725308565	9.675689644	9.725308565	9.675689644	10200.0
2019-10-11	9.725308565	9.725308565	9.725308565	9.725308565	100.0
2019-10-15	9.675689644	9.675689644	9.725308565	9.675689644	2200.0
2019-10-16	9.675689644	9.675689644	9.675689644	9.675689644	26000.0
2019-10-17	9.675689644	9.675689644	9.725308565	9.725308565	30000.0
2019-10-18	9.675689644	9.675689644	9.675689644	9.675689644	20000.0
2019-10-21	9.675689644	9.675689644	9.725308565	9.725308565	200.0
2019-10-22	9.725308565	9.675689644	9.725308565	9.675689644	400.0
2019-10-24	9.675689644	9.675689644	9.725308565	9.675689644	20700.0
2019-10-25	9.725308565	9.675689644	9.725308565	9.675689644	32500.0
2019-10-28	9.675689644	9.675689644	9.675689644	9.675689644	10100.0
2019-10-29	9.675689644	9.675689644	9.675689644	9.675689644	36900.0
2019-10-30	9.725308565	9.725308565	9.774927486	9.774927486	59100.0
2019-10-31	9.725308565	9.725308565	9.774927486	9.774927486	11400.0
2019-11-01	9.774927486	9.725308565	9.774927486	9.774927486	5100.0
2019-11-04	9.774927486	9.725308565	9.774927486	9.725308565	18400.0
2019-11-05	9.725308565	9.725308565	9.725308565	9.725308565	7500.0
2019-11-06	9.725308565	9.725308565	9.725308565	9.725308565	18000.0
2019-11-07	9.725308565	9.675689644	9.774927486	9.774927486	58700.0
2019-11-08	9.694390122	9.644675301	9.744104944	9.644675301	124400.0
2019-11-11	9.694390122	9.694390122	9.744104944	9.694390122	21000.0
2019-11-12	9.694390122	9.694390122	9.694390122	9.694390122	31300.0
2019-11-13	9.744104944	9.744104944	9.744104944	9.744104944	100.0
2019-11-14	9.744104944	9.744104944	9.744104944	9.744104944	800.0
2019-11-15	9.744104944	9.744104944	9.744104944	9.744104944	62200.0
2019-11-18	9.793819765	9.744104944	9.793819765	9.793819765	8400.0
2019-11-19	9.744104944	9.744104944	9.744104944	9.744104944	66000.0
2019-11-20	9.744104944	9.694390122	9.744104944	9.694390122	59600.0
2019-11-21	9.744104944	9.694390122	9.744104944	9.694390122	125700.0
2019-11-22	9.694390122	9.694390122	9.694390122	9.694390122	1000.0
2019-11-25	9.744104944	9.744104944	9.744104944	9.744104944	100000.0
2019-11-26	9.694390122	9.694390122	9.694390122	9.694390122	10000.0
2019-11-27	9.793819765	9.694390122	9.793819765	9.694390122	38000.0
2019-11-28	9.744104944	9.694390122	9.744104944	9.694390122	63500.0
2019-11-29	9.744104944	9.694390122	9.744104944	9.694390122	58300.0
2019-12-02	9.694390122	9.694390122	9.694390122	9.694390122	8100.0
2019-12-03	9.694390122	9.694390122	9.744104944	9.694390122	30200.0
2019-12-04	9.744104944	9.744104944	9.744104944	9.744104944	14700.0
2019-12-06	9.694390122	9.694390122	9.694390122	9.694390122	20000.0
2019-12-09	9.694390122	9.694390122	9.694390122	9.694390122	700.0
2019-12-11	9.694390122	9.694390122	9.694390122	9.694390122	16800.0
2019-12-12	9.694390122	9.694390122	9.694390122	9.694390122	55300.0
2019-12-13	9.694390122	9.644675301	9.744104944	9.744104944	30000.0
2019-12-16	9.694390122	9.644675301	9.694390122	9.644675301	87500.0
2019-12-17	9.644675301	9.644675301	9.694390122	9.694390122	22100.0
2019-12-18	9.644675301	9.644675301	9.694390122	9.694390122	5300.0
2019-12-19	9.644675301	9.644675301	9.644675301	9.644675301	2600.0
2019-12-24	9.59496048	9.59496048	9.644675301	9.59496048	11300.0
2019-12-25	9.59496048	9.59496048	9.644675301	9.644675301	20000.0
2019-12-26	9.644675301	9.644675301	9.644675301	9.644675301	8400.0
2019-12-27	9.644675301	9.644675301	9.644675301	9.644675301	1000.0
2020-01-02	9.59496048	9.59496048	9.644675301	9.644675301	800.0
2020-01-03	9.644675301	9.644675301	9.644675301	9.644675301	33100.0
2020-01-06	9.644675301	9.59496048	9.694390122	9.694390122	72200.0
2020-01-07	9.644675301	9.644675301	9.694390122	9.694390122	26100.0
2020-01-08	9.694390122	9.694390122	9.694390122	9.694390122	100.0
2020-01-09	9.644675301	9.644675301	9.644675301	9.644675301	600.0
2020-01-10	9.694390122	9.694390122	9.694390122	9.694390122	5000.0
2020-01-13	9.59496048	9.59496048	9.694390122	9.694390122	10400.0
2020-01-14	9.59496048	9.59496048	9.644675301	9.644675301	20100.0
2020-01-15	9.644675301	9.644675301	9.644675301	9.644675301	800.0
2020-01-17	9.644675301	9.59496048	9.694390122	9.694390122	15700.0
2020-01-20	9.59496048	9.59496048	9.644675301	9.644675301	21800.0
2020-01-21	9.644675301	9.644675301	9.644675301	9.644675301	1800.0
2020-01-22	9.644675301	9.644675301	9.644675301	9.644675301	700.0
2020-01-23	9.644675301	9.644675301	9.644675301	9.644675301	5000.0
2020-01-24	9.644675301	9.644675301	9.644675301	9.644675301	3700.0
2020-01-27	9.644675301	9.644675301	9.644675301	9.644675301	1100.0
2020-01-28	9.644675301	9.644675301	9.644675301	9.644675301	200.0
2020-01-29	9.644675301	9.644675301	9.644675301	9.644675301	5000.0
2020-01-30	9.644675301	9.644675301	9.644675301	9.644675301	1700.0
2020-01-31	9.644675301	9.644675301	9.694390122	9.694390122	30200.0
2020-02-03	9.644675301	9.644675301	9.694390122	9.694390122	40100.0
2020-02-04	9.694390122	9.644675301	9.694390122	9.694390122	22700.0
2020-02-05	9.694390122	9.644675301	9.694390122	9.694390122	43400.0
2020-02-06	9.694390122	9.644675301	9.694390122	9.694390122	44500.0
2020-02-07	9.556024855	9.556024855	9.605795818	9.605795818	18700.0
2020-02-11	9.605795818	9.605795818	9.605795818	9.605795818	5100.0
2020-02-12	9.605795818	9.605795818	9.655566781	9.605795818	7400.0
2020-02-13	9.605795818	9.605795818	9.605795818	9.605795818	500.0
2020-02-14	9.556024855	9.556024855	9.605795818	9.605795818	27300.0
2020-02-17	9.556024855	9.556024855	9.605795818	9.605795818	3200.0
2020-02-18	9.605795818	9.556024855	9.605795818	9.605795818	60200.0
2020-02-19	9.605795818	9.506253892	9.605795818	9.605795818	51200.0
2020-02-20	9.556024855	9.556024855	9.605795818	9.605795818	1700.0
2020-02-21	9.605795818	9.556024855	9.605795818	9.605795818	5900.0
2020-02-24	9.556024855	9.556024855	9.605795818	9.556024855	43400.0
2020-02-25	9.556024855	9.556024855	9.556024855	9.556024855	57700.0
2020-02-26	9.556024855	9.506253892	9.556024855	9.506253892	61600.0
2020-02-27	9.456482929	9.456482929	9.506253892	9.456482929	59200.0
2020-02-28	9.406711967	9.356941004	9.406711967	9.356941004	13200.0
2020-03-02	9.356941004	9.157857153	9.356941004	9.257399078	70200.0
2020-03-03	9.207628116	9.157857153	9.207628116	9.157857153	58100.0
2020-03-04	9.157857153	9.157857153	9.356941004	9.356941004	2800.0
2020-03-05	9.356941004	9.356941004	9.356941004	9.356941004	1900.0
2020-03-06	9.356941004	9.307170041	9.356941004	9.356941004	16900.0
2020-03-09	9.257399078	9.157857153	9.257399078	9.157857153	28100.0
2020-03-10	9.10808619	9.10808619	9.307170041	9.307170041	7900.0
2020-03-12	9.207628116	8.958773302	9.207628116	9.058315227	57900.0
2020-03-13	8.709918488	8.560605599	9.10808619	9.10808619	26100.0
2020-03-17	8.660147525	8.660147525	8.859231376	8.859231376	4200.0
2020-03-18	8.958773302	8.958773302	8.958773302	8.958773302	5000.0
2020-03-19	9.157857153	9.157857153	9.257399078	9.157857153	15000.0
2020-03-20	9.157857153	9.157857153	9.157857153	9.157857153	400.0
2020-03-23	8.958773302	8.958773302	9.008544264	8.958773302	3200.0
2020-03-24	8.958773302	8.958773302	8.958773302	8.958773302	10000.0
2020-03-25	8.909002339	8.809460413	8.909002339	8.809460413	5800.0
2020-03-26	8.261979823	8.162437897	8.411292711	8.311750785	43900.0
2020-03-27	8.411292711	8.361521748	8.411292711	8.361521748	12200.0
2020-03-30	8.361521748	8.261979823	8.361521748	8.361521748	14500.0
2020-03-31	8.361521748	8.311750785	8.361521748	8.361521748	6500.0
2020-04-01	8.461063674	8.261979823	8.461063674	8.261979823	17200.0
2020-04-02	8.311750785	8.261979823	8.361521748	8.361521748	10400.0
2020-04-03	8.261979823	8.21220886	8.261979823	8.261979823	1500.0
2020-04-07	8.21220886	8.21220886	8.261979823	8.261979823	9600.0
2020-04-08	8.261979823	8.112666934	8.261979823	8.112666934	10700.0
2020-04-09	8.162437897	8.162437897	8.411292711	8.411292711	2900.0
2020-04-10	8.361521748	8.21220886	8.361521748	8.21220886	18000.0
2020-04-13	8.261979823	8.261979823	8.261979823	8.261979823	4100.0
2020-04-14	8.261979823	8.261979823	8.461063674	8.461063674	22200.0
2020-04-15	8.461063674	8.261979823	8.461063674	8.361521748	41000.0
2020-04-17	8.361521748	8.361521748	8.411292711	8.361521748	15200.0
2020-04-20	8.361521748	8.361521748	8.361521748	8.361521748	100.0
2020-04-21	8.361521748	8.361521748	8.361521748	8.361521748	2100.0
2020-04-22	8.311750785	8.311750785	8.361521748	8.311750785	8600.0
2020-04-23	8.311750785	8.311750785	8.311750785	8.311750785	200.0
2020-04-27	8.311750785	8.311750785	8.361521748	8.361521748	1400.0
2020-04-28	8.361521748	8.311750785	8.361521748	8.311750785	11400.0
2020-04-30	8.311750785	8.311750785	8.461063674	8.461063674	2500.0
2020-05-05	8.311750785	8.311750785	8.461063674	8.411292711	6900.0
2020-05-07	8.461063674	8.411292711	8.461063674	8.411292711	3000.0
2020-05-08	8.361521748	8.361521748	8.361521748	8.361521748	2000.0
2020-05-11	8.461063674	8.411292711	8.461063674	8.411292711	6200.0
2020-05-14	8.361521748	8.361521748	8.411292711	8.411292711	200.0
2020-05-18	8.461063674	8.461063674	8.461063674	8.461063674	200.0
2020-05-19	8.610376562	8.510834637	8.610376562	8.510834637	200.0
2020-05-20	8.610376562	8.610376562	8.610376562	8.610376562	1100.0
2020-05-21	8.610376562	8.560605599	8.610376562	8.560605599	4800.0
2020-05-22	8.610376562	8.560605599	8.610376562	8.560605599	1300.0
2020-05-25	8.560605599	8.560605599	8.610376562	8.610376562	4300.0
2020-05-26	8.660147525	8.510834637	8.660147525	8.560605599	30600.0
2020-05-27	8.610376562	8.560605599	8.660147525	8.660147525	25700.0
2020-05-28	8.610376562	8.610376562	8.709918488	8.660147525	3300.0
2020-05-29	8.709918488	8.660147525	8.75968945	8.75968945	33500.0
2020-06-01	8.909002339	8.809460413	8.958773302	8.809460413	9000.0
2020-06-02	8.859231376	8.859231376	8.859231376	8.859231376	36700.0
2020-06-04	8.5798846	8.3803524	8.7794168	8.7794168	44000.0
2020-06-05	8.62976765	8.62976765	9.32813035	9.32813035	11300.0
2020-06-08	8.72953375	8.72953375	8.8791829	8.8791829	19400.0
2020-06-09	8.8791829	8.72953375	8.8791829	8.72953375	8600.0
2020-06-10	8.7794168	8.7794168	8.7794168	8.7794168	600.0
2020-06-11	9.0787151	8.8791829	9.1784812	8.8791829	59600.0
2020-06-12	8.82929985	8.82929985	8.82929985	8.82929985	300.0
2020-06-15	8.7794168	8.7794168	8.7794168	8.7794168	200.0
2020-06-16	8.82929985	8.82929985	8.82929985	8.82929985	13900.0
2020-06-17	8.82929985	8.82929985	8.82929985	8.82929985	100.0
2020-06-18	8.82929985	8.82929985	8.82929985	8.82929985	500.0
2020-06-19	8.978949	8.92906595	8.978949	8.92906595	8600.0
2020-06-22	8.82929985	8.82929985	8.82929985	8.82929985	4400.0
2020-06-25	9.0787151	8.7794168	9.0787151	8.7794168	1300.0
2020-06-26	8.72953375	8.6796507	8.72953375	8.6796507	1400.0
2020-06-29	8.62976765	8.5798846	8.6796507	8.62976765	5700.0
2020-06-30	8.62976765	8.62976765	8.72953375	8.6796507	12700.0
2020-07-01	8.72953375	8.6796507	8.72953375	8.6796507	15600.0
2020-07-02	8.72953375	8.72953375	8.72953375	8.72953375	5100.0
2020-07-03	8.6796507	8.6796507	8.6796507	8.6796507	1000.0
2020-07-07	8.72953375	8.72953375	8.7794168	8.72953375	7400.0
2020-07-08	8.62976765	8.62976765	8.62976765	8.62976765	100.0
2020-07-09	8.72953375	8.72953375	8.72953375	8.72953375	3400.0
2020-07-10	8.6796507	8.6796507	8.72953375	8.72953375	1100.0
2020-07-15	8.72953375	8.72953375	8.72953375	8.72953375	100.0
2020-07-17	8.62976765	8.62976765	8.62976765	8.62976765	10000.0
2020-07-21	8.7794168	8.72953375	8.7794168	8.72953375	1100.0
2020-07-22	8.72953375	8.6796507	8.72953375	8.72953375	1600.0
2020-07-23	8.6796507	8.6796507	8.6796507	8.6796507	2000.0
2020-07-29	8.6796507	8.62976765	8.6796507	8.6796507	1800.0
2020-07-31	8.72953375	8.5798846	8.72953375	8.62976765	5300.0
2020-08-03	8.5798846	8.5798846	8.7794168	8.7794168	7100.0
2020-08-04	8.6796507	8.5798846	8.6796507	8.5798846	40700.0
2020-08-05	8.5798846	8.5798846	8.6796507	8.62976765	23300.0
2020-08-06	8.5798846	8.33046935	8.5798846	8.5798846	15300.0
2020-08-07	8.62976765	8.53000155	8.62976765	8.53000155	7100.0
2020-08-10	8.4	8.4	8.45	8.45	6800.0
2020-08-11	8.45	8.4	8.45	8.45	1900.0
2020-08-13	8.45	8.45	8.45	8.45	100.0
2020-08-14	8.45	8.45	8.45	8.45	100.0
2020-08-17	8.5	8.45	8.5	8.45	10500.0
2020-08-18	8.5	8.5	8.5	8.5	600.0
2020-08-19	8.5	8.5	8.55	8.55	15800.0
2020-08-25	8.5	8.5	8.5	8.5	5200.0
2020-08-26	8.55	8.55	8.55	8.55	200.0
2020-08-31	8.55	8.55	8.55	8.55	100.0
2020-09-01	8.45	8.45	8.45	8.45	1200.0
2020-09-02	8.55	8.45	8.55	8.45	600.0
2020-09-08	8.45	8.45	8.45	8.45	4100.0
2020-09-09	8.45	8.45	8.45	8.45	100.0
2020-09-10	8.95	8.9	8.95	8.9	300.0
2020-09-18	8.85	8.85	8.85	8.85	100.0
2020-09-21	8.85	8.85	8.85	8.85	400.0
2020-09-23	8.75	8.6	8.75	8.75	1000.0
2020-09-24	8.6	8.6	8.6	8.6	200.0
2020-09-25	8.45	8.45	8.6	8.6	5400.0
2020-09-28	8.6	8.5	8.6	8.5	5200.0
2020-09-30	8.4	8.4	8.4	8.4	3900.0
2020-10-01	8.4	8.4	8.4	8.4	3100.0
2020-10-02	8.45	8.45	8.45	8.45	2000.0
2020-10-06	8.45	8.45	8.45	8.45	2000.0
2020-10-07	8.45	8.45	8.45	8.45	2300.0
2020-10-08	8.45	8.45	8.45	8.45	2800.0
2020-10-14	9.15	8.5	9.15	8.5	6200.0
2020-10-15	8.45	8.45	8.45	8.45	500.0
2020-10-22	8.35	8.3	8.35	8.3	6100.0
2020-10-26	8.35	8.35	8.35	8.35	100.0
2020-10-27	8.5	8.5	8.5	8.5	100.0
2020-10-29	8.45	8.3	8.45	8.3	6300.0
2020-11-02	8.4	8.4	8.45	8.45	300.0
2020-11-03	8.45	8.45	8.45	8.45	1200.0
2020-11-05	8.5	8.5	8.5	8.5	400.0
2020-11-06	8.6	8.5	8.6	8.5	1600.0
2020-11-09	8.65	8.65	8.65	8.65	1100.0
2020-11-10	8.6	8.5	8.65	8.65	2100.0
2020-11-11	8.5	8.5	8.5	8.5	1600.0
2020-11-12	8.7	8.7	8.7	8.7	900.0
2020-11-13	8.5	8.5	8.5	8.5	1300.0
2020-11-16	8.4	8.4	8.55	8.5	11400.0
2020-11-19	8.6	8.6	8.6	8.6	100.0
2020-11-20	8.6	8.6	8.9	8.9	200.0
2020-11-23	8.75	8.75	8.8	8.75	15400.0
2020-11-24	8.8	8.7	8.9	8.7	2900.0
2020-11-25	8.8	8.75	8.85	8.75	500.0
2020-11-26	8.75	8.65	8.75	8.65	8300.0
2020-11-27	8.75	8.75	8.75	8.75	100.0
2020-11-30	8.75	8.75	8.75	8.75	100.0
2020-12-01	9.1	9.1	9.2	9.2	3000.0
2020-12-02	9.2	9.2	9.2	9.2	1000.0
2020-12-03	8.85	8.85	8.95	8.95	1400.0
2020-12-04	8.8	8.8	8.8	8.8	800.0
2020-12-08	8.9	8.9	8.9	8.9	200.0
2020-12-09	8.8	8.8	8.8	8.8	2000.0
2020-12-15	8.95	8.95	8.95	8.95	100.0
2020-12-16	8.8	8.8	8.95	8.95	12100.0
2020-12-17	9.05	8.8	9.05	8.95	17700.0
2020-12-18	8.95	8.8	8.95	8.8	6200.0
2020-12-21	8.7	8.7	8.7	8.7	1500.0
2020-12-22	8.9	8.9	8.9	8.9	300.0
2020-12-23	8.9	8.65	8.9	8.65	500.0
2020-12-24	8.95	8.95	8.95	8.95	7900.0
2020-12-25	8.65	8.5	8.65	8.5	10000.0
2020-12-28	9.0	9.0	9.0	9.0	7600.0
2020-12-29	8.65	8.65	9.0	9.0	3300.0
2020-12-30	8.7	8.6	8.7	8.6	13600.0
2021-01-04	8.85	8.85	8.85	8.85	900.0
2021-01-06	9.0	9.0	9.0	9.0	100.0
2021-01-07	9.0	9.0	9.0	9.0	100.0
2021-01-08	9.0	8.75	9.0	8.75	800.0
2021-01-11	8.75	8.75	8.8	8.8	7300.0
2021-01-14	9.0	9.0	9.0	9.0	200.0
2021-01-15	8.8	8.8	8.8	8.8	200.0
2021-01-18	8.8	8.8	8.8	8.8	1000.0
2021-01-20	8.95	8.95	9.2	9.15	19100.0
2021-01-21	9.05	8.8	9.05	8.8	8700.0
2021-01-22	8.75	8.3	8.75	8.35	42200.0
2021-01-25	8.55	8.35	8.8	8.6	17200.0
2021-01-26	8.6	8.6	8.7	8.65	1100.0
2021-01-27	8.65	8.65	8.65	8.65	1000.0
2021-01-28	8.65	8.65	8.65	8.65	200.0
2021-01-29	8.65	8.65	8.7	8.7	3400.0
2021-02-01	8.7	8.7	8.7	8.7	300.0
2021-02-02	8.8	8.8	8.8	8.8	100.0
2021-02-03	8.6	8.6	8.6	8.6	200.0
2021-02-04	8.6	8.6	8.6	8.6	3200.0
2021-02-05	8.7	8.7	8.7	8.7	1200.0
2021-02-08	8.7	8.7	8.8	8.75	1800.0
2021-02-09	8.75	8.7	8.75	8.75	2600.0
2021-02-10	8.75	8.55	8.75	8.6	25800.0
2021-02-11	8.75	8.7	8.75	8.75	8900.0
2021-02-15	8.85	8.85	8.95	8.9	30700.0
2021-02-16	8.75	8.5	8.75	8.55	7500.0
2021-02-17	8.55	8.5	8.55	8.5	9000.0
2021-02-18	8.6	8.5	8.75	8.75	1800.0
2021-02-19	8.7	8.6	8.75	8.6	2300.0
2021-02-22	8.5	8.5	8.75	8.5	3300.0
2021-02-23	9.05	8.55	9.05	8.6	1600.0
2021-02-24	8.6	8.6	8.6	8.6	700.0
2021-02-25	8.8	8.8	8.8	8.8	100.0
2021-03-01	8.5	8.5	8.75	8.75	1700.0
2021-03-02	8.75	8.5	8.75	8.65	24700.0
2021-03-03	8.75	8.55	8.75	8.55	3100.0
2021-03-04	8.75	8.75	8.8	8.75	6300.0
2021-03-05	8.75	8.6	8.75	8.6	10200.0
2021-03-08	8.8	8.6	8.8	8.8	500.0
2021-03-09	8.8	8.8	8.85	8.85	2900.0
2021-03-10	8.85	8.8	8.85	8.85	24300.0
2021-03-11	8.8	8.3	8.85	8.5	133500.0
2021-03-12	8.4	8.4	8.5	8.5	14700.0
2021-03-15	8.5	8.4	8.5	8.5	21200.0
2021-03-16	8.5	8.45	8.5	8.5	5400.0
2021-03-17	8.45	8.45	8.5	8.5	11300.0
2021-03-18	8.5	8.45	8.55	8.55	9700.0
2021-03-19	8.55	8.45	8.55	8.5	1600.0
2021-03-22	8.5	8.5	8.55	8.5	9600.0
2021-03-23	8.55	8.55	8.65	8.55	7400.0
2021-03-24	8.55	8.55	8.55	8.55	10400.0
2021-03-25	8.5	8.5	8.5	8.5	3000.0
2021-03-26	8.55	8.55	8.55	8.55	2000.0
2021-03-29	8.5	8.5	8.6	8.6	4300.0
2021-03-30	8.6	8.5	8.6	8.5	13100.0
2021-03-31	8.55	8.55	8.55	8.55	5600.0
2021-04-01	8.55	8.55	8.55	8.55	5000.0
2021-04-02	8.55	8.5	8.55	8.55	6500.0
2021-04-05	8.6	8.6	8.6	8.6	600.0
2021-04-07	8.6	8.6	8.6	8.6	3300.0
2021-04-08	8.6	8.6	8.6	8.6	300.0
2021-04-12	8.6	8.6	8.6	8.6	1700.0
2021-04-16	8.5	8.5	8.6	8.5	52300.0
2021-04-19	8.7	8.55	8.7	8.55	6200.0
2021-04-20	8.55	8.55	8.65	8.65	2200.0
2021-04-21	8.65	8.6	8.65	8.6	3300.0
2021-04-22	8.6	8.6	8.65	8.65	2500.0
2021-04-23	8.55	8.5	8.55	8.5	15900.0
2021-04-26	8.5	8.5	8.6	8.5	1700.0
2021-04-27	8.6	8.6	8.65	8.65	14400.0
2021-04-28	8.5	8.5	8.6	8.6	2100.0
2021-04-29	8.65	8.65	8.65	8.65	200.0
2021-04-30	8.6	8.5	8.6	8.6	42100.0
2021-05-05	8.65	8.5	8.65	8.65	5700.0
2021-05-06	8.65	8.65	8.7	8.7	10000.0
2021-05-07	8.7	8.7	8.8	8.7	11900.0
2021-05-10	8.7	8.6	8.7	8.6	8100.0
2021-05-11	8.65	8.6	8.7	8.7	2600.0
2021-05-13	8.55	8.55	8.55	8.55	10400.0
2021-05-14	8.5	8.5	8.5	8.5	5000.0
2021-05-19	8.65	8.65	8.65	8.65	100.0
2021-05-20	8.7	8.65	8.7	8.7	600.0
2021-05-21	8.7	8.7	8.75	8.75	15800.0
2021-05-24	8.75	8.65	8.8	8.8	13600.0
2021-05-25	8.85	8.8	9.05	9.05	34200.0
2021-05-27	9.1	9.0	9.1	9.05	29300.0
2021-05-28	9.05	9.0	9.1	9.1	99800.0
2021-05-31	9.1	9.05	9.1	9.1	12900.0
2021-06-01	8.8	8.75	8.85	8.85	26400.0
2021-06-02	8.85	8.8	8.95	8.95	5400.0
2021-06-04	8.85	8.85	8.95	8.95	3200.0
2021-06-07	8.95	8.9	8.95	8.9	9500.0
2021-06-08	8.9	8.85	8.9	8.85	2100.0
2021-06-09	8.9	8.85	8.9	8.85	2900.0
2021-06-10	8.85	8.85	8.9	8.9	500.0
2021-06-11	8.9	8.8	8.9	8.9	26200.0
2021-06-14	8.9	8.9	8.95	8.9	36700.0
2021-06-15	8.9	8.9	8.95	8.95	700.0
2021-06-16	8.95	8.9	8.95	8.95	24200.0
2021-06-17	8.9	8.8	9.0	9.0	3400.0
2021-06-18	9.0	8.9	9.05	8.9	4200.0
2021-06-21	8.9	8.8	8.95	8.95	11900.0
2021-06-22	8.95	8.95	8.95	8.95	10100.0
2021-06-23	8.85	8.85	8.85	8.85	700.0
2021-06-24	9.0	8.9	9.05	9.05	10300.0
2021-06-25	9.05	9.0	9.05	9.05	17600.0
2021-06-28	9.05	9.05	9.05	9.05	13600.0
2021-06-29	9.05	9.05	9.05	9.05	5200.0
2021-07-01	8.95	8.95	9.05	9.05	1300.0
2021-07-05	9.0	9.0	9.0	9.0	3200.0
2021-07-06	9.0	8.95	9.0	9.0	6500.0
2021-07-07	9.0	9.0	9.0	9.0	800.0
2021-07-08	8.95	8.9	8.95	8.9	5100.0
2021-07-12	8.9	8.9	9.0	9.0	800.0
2021-07-13	9.0	9.0	9.0	9.0	700.0
2021-07-14	9.0	8.95	9.0	8.95	400.0
2021-07-16	8.95	8.95	8.95	8.95	3200.0
2021-07-19	8.85	8.85	8.85	8.85	5700.0
2021-07-20	8.85	8.85	8.85	8.85	100.0
2021-07-22	8.8	8.8	8.95	8.95	1100.0
2021-07-23	8.95	8.95	8.95	8.95	2400.0
2021-07-27	9.0	8.85	9.0	8.85	1300.0
2021-07-29	8.8	8.8	8.9	8.9	6200.0
2021-07-30	8.85	8.85	8.85	8.85	14100.0
2021-08-02	8.8	8.8	8.85	8.8	4100.0
2021-08-03	8.85	8.85	9.0	8.85	3500.0
2021-08-04	8.95	8.85	8.95	8.85	12200.0
2021-08-05	8.85	8.8	8.85	8.8	2400.0
2021-08-06	8.85	8.85	8.85	8.85	4600.0
2021-08-09	8.85	8.85	8.9	8.9	11700.0
2021-08-10	8.9	8.85	8.9	8.85	2500.0
2021-08-11	8.95	8.95	8.95	8.95	400.0
2021-08-13	8.95	8.95	8.95	8.95	100.0
2021-08-16	8.95	8.95	8.95	8.95	2400.0
2021-08-17	8.9	8.8	8.9	8.85	4900.0
2021-08-18	8.85	8.85	8.85	8.85	2000.0
2021-08-19	8.85	8.85	8.85	8.85	3500.0
2021-08-20	8.85	8.85	8.85	8.85	1200.0
2021-08-24	9.0	8.8	9.0	8.8	14700.0
2021-08-25	8.95	8.95	9.0	9.0	6000.0
2021-08-26	8.85	8.85	9.0	9.0	18500.0
2021-08-27	9.0	8.95	9.0	8.95	13000.0
2021-08-30	8.95	8.95	8.95	8.95	1300.0
2021-08-31	8.95	8.95	8.95	8.95	27500.0
2021-09-03	8.95	8.95	9.0	9.0	12000.0
2021-09-06	9.0	9.0	9.0	9.0	5400.0
2021-09-07	8.95	8.95	8.95	8.95	2000.0
2021-09-08	9.0	9.0	9.0	9.0	11000.0
2021-09-09	9.0	9.0	9.0	9.0	10000.0
2021-09-10	9.0	8.95	9.0	9.0	9300.0
2021-09-13	8.95	8.95	8.95	8.95	13000.0
2021-09-14	8.95	8.95	9.0	9.0	11300.0
2021-09-15	9.0	9.0	9.0	9.0	17000.0
2021-09-16	9.0	8.95	9.0	8.95	5200.0
2021-09-17	9.0	9.0	9.0	9.0	14000.0
2021-09-20	8.95	8.95	9.0	9.0	4100.0
2021-09-21	9.0	9.0	9.0	9.0	6000.0
2021-09-27	9.0	8.95	9.0	8.95	21400.0
2021-09-28	9.0	8.95	9.0	8.95	10100.0
2021-09-30	9.0	9.0	9.05	9.0	16800.0
2021-10-01	9.0	9.0	9.0	9.0	900.0
2021-10-04	9.0	9.0	9.0	9.0	100.0
2021-10-05	8.95	8.95	9.0	9.0	15400.0
2021-10-06	9.0	9.0	9.0	9.0	14300.0
2021-10-07	9.0	9.0	9.0	9.0	13500.0
2021-10-08	9.0	9.0	9.0	9.0	1100.0
2021-10-11	8.95	8.95	8.95	8.95	1000.0
2021-10-12	9.05	9.05	9.1	9.1	6800.0
2021-10-14	9.0	9.0	9.05	9.0	7700.0
2021-10-15	9.0	9.0	9.0	9.0	20400.0
2021-10-18	9.1	9.1	9.1	9.1	15500.0
2021-10-19	9.05	9.05	9.05	9.05	11500.0
2021-10-20	9.1	9.1	9.1	9.1	700.0
2021-10-21	9.0	9.0	9.05	9.05	900.0
2021-10-29	8.95	8.95	9.05	9.05	1100.0
2021-11-01	9.15	9.1	9.2	9.1	2300.0
2021-11-02	9.1	9.1	9.1	9.1	100.0
2021-11-03	9.0	9.0	9.0	9.0	5000.0
2021-11-08	9.0	8.8	9.0	9.0	5800.0
2021-11-09	9.4	9.4	9.4	9.4	100.0
2021-11-10	9.3	9.25	9.3	9.25	800.0
2021-11-11	9.15	9.0	9.15	9.0	200.0
2021-11-12	9.1	9.0	9.2	9.2	2400.0
2021-11-15	9.0	9.0	9.2	9.2	600.0
2021-11-16	9.05	8.9	9.05	8.9	100100.0
2021-11-17	9.05	9.05	9.05	9.05	2000.0
2021-11-18	9.05	9.05	9.1	9.05	17500.0
2021-11-19	9.05	8.95	9.05	9.05	16500.0
2021-11-22	8.9	8.9	9.0	9.0	5200.0
2021-11-23	9.0	9.0	9.0	9.0	3100.0
2021-11-24	8.95	8.95	8.95	8.95	1200.0
2021-11-25	9.1	9.0	9.1	9.0	7200.0
2021-11-26	9.0	9.0	9.0	9.0	5500.0
2021-11-29	8.95	8.95	8.95	8.95	32100.0
2021-11-30	8.95	8.9	8.95	8.9	47700.0
2021-12-01	8.9	8.85	8.9	8.9	6800.0
2021-12-02	8.85	8.85	8.9	8.85	17000.0
2021-12-03	9.0	8.95	9.5	8.95	8700.0
2021-12-07	9.0	9.0	9.35	9.3	2600.0
2021-12-08	9.0	9.0	9.25	9.25	5000.0
2021-12-09	9.1	9.0	9.1	9.0	1000.0
2021-12-13	9.1	9.1	9.1	9.1	1000.0
2021-12-14	9.15	9.15	9.15	9.15	1100.0
2021-12-15	9.15	9.15	9.3	9.15	6300.0
2021-12-16	9.3	9.25	9.3	9.25	800.0
2021-12-17	9.25	9.1	9.3	9.3	2100.0
2021-12-20	9.25	9.2	9.25	9.2	5000.0
2021-12-21	9.2	9.2	9.2	9.2	3600.0
2021-12-22	9.15	9.15	9.2	9.2	1300.0
2021-12-23	9.2	9.15	9.2	9.15	6200.0
2021-12-24	9.05	9.0	9.1	9.1	6900.0
2021-12-27	9.1	9.1	9.15	9.15	2100.0
2021-12-28	9.2	9.2	9.2	9.2	1000.0
2021-12-29	9.1	9.1	9.1	9.1	2200.0
2021-12-30	9.1	9.1	9.1	9.1	100.0
2022-01-04	9.1	9.1	9.15	9.15	700.0
2022-01-05	9.1	9.0	9.15	9.1	24400.0
2022-01-06	9.05	9.05	9.1	9.1	3300.0
2022-01-07	9.1	9.05	9.1	9.05	1500.0
2022-01-10	9.1	9.05	9.1	9.1	3300.0
2022-01-11	9.1	9.1	9.1	9.1	1100.0
2022-01-12	9.2	9.1	9.2	9.1	2000.0
2022-01-13	9.1	9.1	9.1	9.1	13200.0
2022-01-14	11.7	9.05	11.7	9.1	12700.0
2022-01-17	8.7	8.7	9.1	9.0	68000.0
2022-01-18	9.0	9.0	9.0	9.0	6200.0
2022-01-19	9.0	8.95	9.0	9.0	4800.0
2022-01-20	9.0	9.0	9.0	9.0	10600.0
2022-01-21	9.05	9.05	9.05	9.05	5200.0
2022-01-24	9.05	9.05	9.05	9.05	1000.0
2022-01-25	9.05	9.0	9.05	9.05	25500.0
2022-01-26	9.05	9.0	9.05	9.05	1900.0
2022-01-28	9.05	9.0	9.05	9.0	9800.0
2022-01-31	9.05	9.05	9.05	9.05	2000.0
2022-02-01	9.1	9.1	9.2	9.2	20200.0
2022-02-03	9.2	9.2	9.2	9.2	5600.0
2022-02-04	9.1	9.1	9.1	9.1	23100.0
2022-02-07	9.1	9.05	9.1	9.1	13400.0
2022-02-08	9.0	8.95	9.1	9.1	12800.0
2022-02-09	9.05	9.05	9.1	9.1	29700.0
2022-02-10	9.1	9.1	9.1	9.1	28100.0
2022-02-11	9.15	9.15	9.15	9.15	7400.0
2022-02-14	9.1	9.1	9.15	9.1	15700.0
2022-02-15	9.1	9.1	9.15	9.15	15700.0
2022-02-17	9.2	9.1	9.2	9.15	79000.0
2022-02-18	8.95	8.95	9.15	9.15	16400.0
2022-02-21	9.15	9.05	9.2	9.05	11700.0
2022-02-22	9.1	9.0	9.1	9.0	14000.0
2022-02-23	9.1	9.05	9.1	9.05	2600.0
2022-02-24	9.1	8.95	9.1	8.95	32200.0
2022-02-25	9.0	9.0	9.0	9.0	3800.0
2022-02-28	9.0	8.95	9.1	9.1	20300.0
2022-03-01	9.05	9.05	9.15	9.15	2200.0
2022-03-02	9.1	9.1	9.1	9.1	7300.0
2022-03-03	9.15	9.1	9.15	9.1	5900.0
2022-03-04	9.05	9.05	9.1	9.1	2600.0
2022-03-07	9.0	9.0	9.1	9.0	3400.0
2022-03-08	9.0	8.9	9.1	8.95	16400.0
2022-03-09	9.0	9.0	9.05	9.05	5300.0
2022-03-10	9.05	8.95	9.05	9.05	3300.0
2022-03-11	9.05	9.05	9.05	9.05	9200.0
2022-03-14	9.1	9.1	9.1	9.1	11000.0
2022-03-15	9.1	9.1	9.1	9.1	11000.0
2022-03-16	9.1	9.1	9.1	9.1	9500.0
2022-03-17	9.1	9.1	9.2	9.2	21800.0
2022-03-18	9.3	9.2	9.3	9.25	12400.0
2022-03-21	9.25	9.15	9.25	9.15	5600.0
2022-03-22	9.2	9.15	9.2	9.2	9000.0
2022-03-23	9.15	9.15	9.15	9.15	1000.0
2022-03-24	9.15	9.15	9.15	9.15	3600.0
2022-03-28	9.15	9.15	9.15	9.15	1900.0
2022-03-29	9.3	9.3	9.3	9.3	100.0
2022-03-30	9.2	9.15	9.2	9.15	12700.0
2022-03-31	9.15	9.15	9.3	9.2	10300.0
2022-04-01	9.25	9.25	9.25	9.25	700.0
2022-04-05	9.15	9.15	9.15	9.15	1400.0
2022-04-11	9.15	9.1	9.15	9.15	3300.0
2022-04-12	9.15	9.15	9.15	9.15	500.0
2022-04-18	9.1	9.05	9.2	9.2	1800.0
2022-04-19	9.2	9.2	9.2	9.2	1100.0
2022-04-20	9.2	9.2	9.35	9.35	12000.0
2022-04-21	9.3	9.2	9.3	9.2	1800.0
2022-04-22	9.2	9.2	9.2	9.2	1100.0
2022-04-25	9.1	9.0	9.25	9.1	7300.0
2022-04-26	9.05	9.0	9.1	9.1	22000.0
2022-04-27	9.1	9.1	9.1	9.1	2000.0
2022-04-28	6.5	6.5	9.05	9.05	17700.0
2022-04-29	9.1	9.1	9.1	9.1	1000.0
2022-05-03	9.1	9.05	9.1	9.1	2500.0
2022-05-05	9.0	9.0	9.0	9.0	100.0
2022-05-06	9.0	9.0	9.0	9.0	1000.0
2022-05-09	9.0	9.0	9.15	9.1	2100.0
2022-05-10	9.1	9.0	9.1	9.05	42400.0
2022-05-11	9.15	9.15	9.15	9.15	700.0
2022-05-12	9.3	9.1	9.3	9.2	900.0
2022-05-13	9.05	9.0	9.05	9.05	2000.0
2022-05-17	9.05	9.05	9.15	9.15	900.0
2022-05-18	9.1	9.1	9.25	9.15	800.0
2022-05-19	9.2	9.2	9.2	9.2	500.0
2022-05-20	9.2	9.15	9.2	9.15	1100.0
2022-05-23	9.1	9.1	9.1	9.1	1300.0
2022-05-25	9.05	8.95	9.2	9.2	39200.0
2022-05-26	9.1	9.1	9.2	9.2	1700.0
2022-05-27	9.2	9.15	9.2	9.15	1000.0
2022-05-30	9.15	9.15	9.3	9.3	13600.0
2022-05-31	9.3	9.2	9.3	9.3	8400.0
2022-06-01	9.3	9.2	9.3	9.3	22600.0
2022-06-02	9.25	9.25	9.3	9.3	33000.0
2022-06-06	9.3	9.15	9.3	9.15	16100.0
2022-06-07	9.05	9.05	9.25	9.2	1400.0
2022-06-08	9.2	9.2	9.2	9.2	10300.0
2022-06-09	9.15	9.15	9.2	9.2	200.0
2022-06-10	9.2	9.2	9.25	9.2	6500.0
2022-06-13	9.2	9.15	9.2	9.15	4900.0
2022-06-15	9.2	9.15	9.2	9.15	3100.0
2022-06-16	9.15	9.1	9.2	9.1	3100.0
2022-06-17	9.05	9.05	9.1	9.05	2400.0
2022-06-20	9.0	9.0	9.15	9.15	4300.0
2022-06-21	9.15	9.15	9.2	9.2	2600.0
2022-06-22	9.25	9.15	9.3	9.15	19500.0
2022-06-23	9.25	9.05	9.25	9.05	6300.0
2022-06-24	9.1	9.05	9.1	9.1	5900.0
2022-06-27	9.05	9.0	9.2	9.15	104100.0
2022-06-28	9.1	9.05	9.1	9.05	6400.0
2022-06-29	9.0	9.0	9.05	9.05	14400.0
2022-06-30	9.1	9.05	9.15	9.1	5500.0
2022-07-01	9.1	9.05	9.1	9.1	2400.0
2022-07-04	9.1	9.1	9.1	9.1	300.0
2022-07-05	9.1	9.0	9.15	9.0	17300.0
2022-07-06	9.0	9.0	9.0	9.0	21000.0
2022-07-07	9.0	8.9	9.0	8.95	53800.0
2022-07-08	8.95	8.9	8.95	8.95	12800.0
2022-07-11	8.95	8.9	8.95	8.9	13100.0
2022-07-12	8.9	8.85	8.9	8.9	1500.0
2022-07-14	8.95	8.85	8.95	8.85	3900.0
2022-07-15	8.85	8.7	8.85	8.8	108500.0
2022-07-18	8.85	8.7	8.85	8.7	11100.0
2022-07-19	8.7	8.7	8.7	8.7	800.0
2022-07-20	8.9	8.9	8.95	8.9	1300.0
2022-07-21	8.9	8.9	8.9	8.9	1500.0
2022-07-22	8.9	8.9	8.9	8.9	3100.0
2022-07-25	8.95	8.85	8.95	8.85	200.0
2022-07-26	8.95	8.85	8.95	8.95	1300.0
2022-08-01	8.95	8.95	9.0	9.0	800.0
2022-08-02	9.0	8.9	9.0	8.95	10300.0
2022-08-03	8.9	8.85	8.9	8.85	24900.0
2022-08-04	8.85	8.8	8.85	8.8	6900.0
2022-08-05	8.85	8.85	8.9	8.9	23500.0
2022-08-08	8.9	8.9	8.9	8.9	6400.0
2022-08-09	8.9	8.85	8.9	8.9	47000.0
2022-08-10	8.9	8.8	8.9	8.85	76900.0
2022-08-11	8.95	8.8	8.95	8.85	72400.0
2022-08-15	8.85	8.8	8.85	8.85	112500.0
2022-08-16	8.8	8.75	8.8	8.8	69500.0
2022-08-17	8.8	8.75	8.8	8.8	6300.0
2022-08-18	8.65	8.65	8.75	8.75	50300.0
2022-08-19	8.75	8.7	8.75	8.7	19600.0
2022-08-22	8.65	8.65	8.75	8.7	5600.0
2022-08-23	8.65	8.65	8.75	8.7	42000.0
2022-08-24	8.7	8.7	8.75	8.75	17900.0
2022-08-25	8.65	8.65	8.75	8.75	22300.0
2022-08-26	8.7	8.65	8.7	8.7	29200.0
2022-08-29	8.65	8.65	8.65	8.65	45500.0
2022-08-30	8.65	8.65	8.65	8.65	8300.0
2022-08-31	8.65	8.65	8.65	8.65	17100.0
2022-09-01	8.65	8.6	8.65	8.6	19700.0
2022-09-02	8.6	8.6	8.65	8.6	29100.0
2022-09-05	8.65	8.55	8.65	8.55	31400.0
2022-09-06	8.55	8.5	8.55	8.5	23700.0
2022-09-07	8.55	8.4	8.55	8.45	104700.0
2022-09-08	8.4	8.4	8.45	8.45	9400.0
2022-09-09	8.45	8.35	8.45	8.35	49900.0
2022-09-12	8.35	8.3	8.4	8.3	54000.0
2022-09-13	8.3	8.25	8.3	8.3	105500.0
2022-09-14	8.25	8.25	8.3	8.3	24000.0
2022-09-15	8.25	8.2	8.25	8.25	85100.0
2022-09-16	8.2	8.2	8.25	8.25	9400.0
2022-09-19	8.2	8.2	8.25	8.25	6800.0
2022-09-20	8.2	8.2	8.25	8.2	5300.0
2022-09-21	8.2	8.2	8.25	8.25	9900.0
2022-09-22	8.15	8.15	8.25	8.25	24800.0
2022-09-23	8.2	8.2	8.25	8.25	4500.0
2022-09-26	8.2	8.15	8.2	8.2	21600.0
2022-09-27	8.15	8.05	8.2	8.2	78400.0
2022-09-28	8.1	8.1	8.2	8.1	25200.0
2022-09-29	8.15	8.15	8.2	8.2	600.0
2022-09-30	8.15	8.1	8.2	8.2	3200.0
2022-10-03	8.1	8.05	8.15	8.15	38900.0
2022-10-04	8.1	7.9	8.15	8.1	11700.0
2022-10-05	8.05	8.05	8.1	8.1	14000.0
2022-10-06	8.1	8.05	8.1	8.1	2900.0
2022-10-07	8.0	8.0	8.1	8.1	80600.0
2022-10-10	8.0	8.0	8.05	8.05	38600.0
2022-10-11	8.05	8.05	8.05	8.05	3900.0
2022-10-12	8.05	8.05	8.1	8.05	2300.0
2022-10-17	8.15	8.05	8.15	8.05	13000.0
2022-10-18	8.1	8.05	8.1	8.05	6500.0
2022-10-19	8.05	8.05	8.1	8.05	20800.0
2022-10-20	8.05	8.05	8.05	8.05	3400.0
2022-10-21	8.05	8.05	8.05	8.05	10200.0
2022-10-25	8.05	8.0	8.05	8.0	68300.0
2022-10-26	8.0	8.0	8.05	8.05	2400.0
2022-10-27	8.05	8.05	8.05	8.05	2800.0
2022-10-28	8.05	7.95	8.05	8.0	27000.0
2022-10-31	8.0	8.0	8.1	8.1	16300.0
2022-11-01	8.0	7.8	8.05	8.05	44800.0
2022-11-02	8.0	8.0	8.05	8.05	3700.0
2022-11-03	8.05	8.05	8.05	8.05	2200.0
2022-11-04	8.1	8.05	8.1	8.05	3300.0
2022-11-07	8.1	8.05	8.1	8.05	2300.0
2022-11-08	8.05	8.0	8.05	8.05	21500.0
2022-11-09	8.05	8.0	8.05	8.05	12500.0
2022-11-10	8.05	8.0	8.05	8.05	3900.0
2022-11-11	8.1	8.1	8.15	8.15	1900.0
2022-11-14	8.25	8.2	8.25	8.25	7000.0
2022-11-15	8.2	8.2	8.25	8.25	5500.0
2022-11-16	8.25	8.25	8.3	8.25	17700.0
2022-11-17	8.25	8.25	8.3	8.3	7500.0
2022-11-18	8.3	8.3	8.35	8.35	12800.0
2022-11-21	8.35	8.1	8.35	8.35	2300.0
2022-11-22	8.4	8.3	8.5	8.3	9500.0
2022-11-23	8.35	8.15	8.35	8.35	24000.0
2022-11-24	8.1	8.1	8.25	8.25	1900.0
2022-11-25	8.25	8.25	8.25	8.25	200.0
2022-11-28	8.25	8.25	8.35	8.35	2200.0
2022-11-29	8.3	8.3	8.3	8.3	11500.0
2022-11-30	8.35	8.3	8.35	8.3	1300.0
2022-12-01	8.25	8.25	8.25	8.25	1100.0
2022-12-02	8.35	8.35	8.4	8.4	700.0
2022-12-06	8.25	8.25	8.35	8.35	4500.0
2022-12-07	8.35	8.35	8.4	8.4	12200.0
2022-12-08	8.4	8.35	8.4	8.35	7400.0
2022-12-09	8.35	8.35	8.35	8.35	1500.0
2022-12-13	8.35	8.35	8.35	8.35	15700.0
2022-12-14	8.35	8.35	8.35	8.35	1600.0
2022-12-15	8.3	8.3	8.4	8.35	2800.0
2022-12-16	8.35	8.3	8.35	8.3	4900.0
2022-12-19	8.3	8.3	8.35	8.35	8600.0
2022-12-20	8.35	8.25	8.35	8.3	3200.0
2022-12-21	8.3	8.3	8.3	8.3	500.0
2022-12-22	8.3	8.3	8.35	8.35	2600.0
2022-12-23	8.35	8.35	8.4	8.4	20800.0
2022-12-26	8.4	8.4	8.55	8.5	3600.0
2022-12-27	8.7	8.35	8.7	8.55	2200.0
2022-12-28	8.6	8.6	8.65	8.6	1200.0
2022-12-29	8.6	8.55	8.6	8.55	8200.0
2022-12-30	8.5	8.5	8.6	8.6	31600.0
