Date	Price Open	Price Low	Price High	Price Close	Volume
2016-11-28	9.362915691	9.223862487	9.455617826	9.270213555	4277419
2016-11-29	9.362915691	9.270213555	9.455617826	9.362915691	12443357
2016-11-30	9.362915691	9.362915691	9.455617826	9.362915691	8989696
2016-12-01	9.362915691	9.362915691	9.362915691	9.362915691	2461904
2016-12-02	9.362915691	9.270213555	9.362915691	9.362915691	6446262
2016-12-06	9.362915691	9.270213555	9.362915691	9.270213555	192485
2016-12-07	9.270213555	9.270213555	9.362915691	9.270213555	908513
2016-12-08	9.362915691	9.270213555	9.362915691	9.362915691	2710221
2016-12-09	9.362915691	9.270213555	9.362915691	9.362915691	1786390
2016-12-13	9.362915691	9.362915691	9.455617826	9.362915691	2010621
2016-12-14	9.362915691	9.270213555	9.362915691	9.362915691	1551980
2016-12-15	9.362915691	9.270213555	9.362915691	9.270213555	1593803
2016-12-16	9.270213555	9.270213555	9.362915691	9.362915691	350707
2016-12-19	9.362915691	9.362915691	9.362915691	9.362915691	20659
2016-12-20	9.270213555	9.270213555	9.362915691	9.362915691	203773
2016-12-21	9.362915691	9.270213555	9.362915691	9.362915691	176562
2016-12-22	9.270213555	9.270213555	9.270213555	9.270213555	273612
2016-12-23	9.270213555	9.223862487	9.270213555	9.270213555	44140
2016-12-26	9.270213555	9.223862487	9.270213555	9.223862487	553674
2016-12-27	9.223862487	9.223862487	9.223862487	9.223862487	162151
2016-12-28	9.223862487	9.177511419	9.270213555	9.270213555	8263
2016-12-29	9.223862487	9.223862487	9.270213555	9.270213555	123049
2016-12-30	9.223862487	9.223862487	9.270213555	9.270213555	633288
2017-01-04	9.270213555	9.270213555	9.362915691	9.362915691	590558
2017-01-05	9.362915691	9.270213555	9.362915691	9.270213555	727213
2017-01-06	9.270213555	9.270213555	9.270213555	9.270213555	141593
2017-01-09	9.270213555	9.270213555	9.270213555	9.270213555	19450
2017-01-10	9.270213555	9.223862487	9.270213555	9.270213555	54520
2017-01-11	9.223862487	9.223862487	9.270213555	9.270213555	269984
2017-01-12	9.223862487	9.223862487	9.270213555	9.270213555	1184544
2017-01-13	9.270213555	9.270213555	9.270213555	9.270213555	621094
2017-01-16	9.270213555	9.270213555	9.270213555	9.270213555	6248
2017-01-17	9.270213555	9.270213555	9.270213555	9.270213555	23783
2017-01-18	9.223862487	9.223862487	9.270213555	9.270213555	13504
2017-01-19	9.270213555	9.270213555	9.270213555	9.270213555	37187
2017-01-20	9.223862487	9.223862487	9.270213555	9.270213555	135042
2017-01-23	9.270213555	9.223862487	9.270213555	9.270213555	327729
2017-01-24	9.223862487	9.223862487	9.270213555	9.270213555	264239
2017-01-25	9.223862487	9.223862487	9.270213555	9.270213555	143507
2017-01-26	9.223862487	9.223862487	9.270213555	9.223862487	173640
2017-01-27	9.223862487	9.223862487	9.223862487	9.223862487	24892
2017-01-30	9.223862487	9.223862487	9.270213555	9.270213555	107933
2017-01-31	9.223862487	9.223862487	9.270213555	9.270213555	52807
2017-02-01	9.223862487	9.131160352	9.223862487	9.223862487	715422
2017-02-02	9.177511419	9.177511419	9.270213555	9.270213555	315535
2017-02-03	9.223862487	9.223862487	9.270213555	9.270213555	42024
2017-02-06	9.270213555	9.223862487	9.270213555	9.223862487	39101
2017-02-07	9.223862487	9.223862487	9.223862487	9.223862487	38900
2017-02-08	9.270213555	9.131160352	9.270213555	9.131160352	453903
2017-02-09	9.131160352	9.131160352	9.223862487	9.223862487	9170
2017-02-10	9.223862487	9.223862487	9.223862487	9.223862487	22271
2017-02-14	9.223862487	9.223862487	9.223862487	9.223862487	65908
2017-02-15	9.223862487	9.177511419	9.223862487	9.177511419	282178
2017-02-16	9.223862487	9.177511419	9.223862487	9.223862487	2620
2017-02-17	9.223862487	9.177511419	9.223862487	9.223862487	13201
2017-02-20	9.223862487	9.223862487	9.223862487	9.223862487	7356
2017-02-21	9.177511419	9.177511419	9.177511419	9.177511419	5038
2017-02-22	9.177511419	9.177511419	9.223862487	9.223862487	40915
2017-02-23	9.177511419	9.177511419	9.223862487	9.223862487	150663
2017-02-24	9.177511419	9.131160352	9.177511419	9.131160352	87878
2017-02-27	9.131160352	9.084809284	9.177511419	9.131160352	410670
2017-02-28	9.131160352	9.131160352	9.270213555	9.270213555	854597
2017-03-01	9.223862487	9.177511419	9.223862487	9.177511419	91405
2017-03-02	9.177511419	9.177511419	9.177511419	9.177511419	16628
2017-03-03	9.223862487	9.177511419	9.223862487	9.177511419	20256
2017-03-06	9.223862487	9.177511419	9.223862487	9.223862487	227858
2017-03-07	9.223862487	9.177511419	9.223862487	9.177511419	29830
2017-03-08	9.223862487	9.223862487	9.223862487	9.223862487	10077
2017-03-09	9.223862487	9.131160352	9.223862487	9.131160352	41621
2017-03-10	9.223862487	9.223862487	9.223862487	9.223862487	10279
2017-03-13	9.223862487	9.177511419	9.223862487	9.223862487	111460
2017-03-14	9.223862487	9.177511419	9.223862487	9.177511419	98762
2017-03-15	9.177511419	9.177511419	9.177511419	9.177511419	55730
2017-03-16	9.177511419	9.177511419	9.177511419	9.177511419	16829
2017-03-17	9.177511419	9.084809284	9.177511419	9.131160352	164268
2017-03-20	9.084809284	9.084809284	9.131160352	9.131160352	49381
2017-03-21	9.131160352	9.131160352	9.131160352	9.131160352	47063
2017-03-22	9.131160352	9.084809284	9.131160352	9.131160352	241161
2017-03-23	9.131160352	9.131160352	9.131160352	9.131160352	29225
2017-03-24	9.131160352	9.084809284	9.131160352	9.131160352	136755
2017-03-27	9.177511419	9.084809284	9.177511419	9.084809284	10783
2017-03-28	9.177511419	9.084809284	9.177511419	9.084809284	374994
2017-03-29	9.131160352	9.038458216	9.131160352	9.084809284	108437
2017-03-30	9.084809284	8.992107148	9.084809284	9.038458216	701515
2017-03-31	9.084809284	8.992107148	9.084809284	9.038458216	45551
2017-04-03	9.084809284	9.038458216	9.084809284	9.038458216	10178
2017-04-04	9.084809284	9.038458216	9.084809284	9.038458216	66110
2017-04-05	9.038458216	8.992107148	9.038458216	8.992107148	192284
2017-04-07	8.992107148	8.992107148	9.038458216	9.038458216	83645
2017-04-10	9.038458216	9.038458216	9.038458216	9.038458216	187447
2017-04-11	9.038458216	9.038458216	9.038458216	9.038458216	136352
2017-04-12	9.084809284	9.038458216	9.084809284	9.038458216	124863
2017-04-17	8.992107148	8.992107148	9.038458216	8.992107148	66715
2017-04-18	9.038458216	8.992107148	9.084809284	9.038458216	13907
2017-04-19	9.038458216	8.992107148	9.038458216	8.992107148	7054
2017-04-20	8.992107148	8.992107148	9.038458216	8.992107148	62280
2017-04-21	8.992107148	8.992107148	9.038458216	9.038458216	17132
2017-04-24	9.038458216	8.992107148	9.038458216	8.992107148	113576
2017-04-25	9.038458216	8.945756081	9.038458216	8.992107148	106219
2017-04-26	8.992107148	8.992107148	8.992107148	8.992107148	41520
2017-04-27	8.992107148	8.945756081	8.992107148	8.992107148	111561
2017-04-28	8.992107148	8.945756081	8.992107148	8.945756081	72560
2017-05-02	8.945756081	8.899405013	8.945756081	8.899405013	405530
2017-05-03	8.899405013	8.528596471	8.899405013	8.621298606	1454427
2017-05-04	8.621298606	8.621298606	8.667649674	8.621298606	112065
2017-05-05	8.574947538	8.528596471	8.621298606	8.574947538	112871
2017-05-08	8.574947538	8.528596471	8.806702877	8.714000742	714717
2017-05-09	8.760351809	8.760351809	9.038458216	8.899405013	628955
2017-05-11	8.945756081	8.760351809	8.945756081	8.806702877	693654
2017-05-12	8.806702877	8.806702877	8.853053945	8.853053945	238239
2017-05-15	8.899405013	8.806702877	8.899405013	8.853053945	386987
2017-05-16	8.899405013	8.806702877	8.899405013	8.853053945	360583
2017-05-17	8.853053945	8.806702877	8.853053945	8.806702877	476276
2017-05-18	8.574947538	8.528596471	8.574947538	8.574947538	512254
2017-05-19	8.574947538	8.574947538	8.574947538	8.574947538	564759
2017-05-22	8.528596471	8.343192199	8.528596471	8.343192199	2023319
2017-05-23	8.343192199	8.157787928	8.343192199	8.296841132	2668398
2017-05-24	8.250490064	8.250490064	8.343192199	8.296841132	667754
2017-05-25	8.296841132	8.296841132	8.296841132	8.296841132	1055548
2017-05-26	8.296841132	8.250490064	8.296841132	8.250490064	862760
2017-05-29	8.250490064	8.204138996	8.250490064	8.250490064	494013
2017-05-30	8.204138996	8.018734725	8.204138996	8.065085793	2945135
2017-05-31	8.018734725	7.879681522	8.065085793	7.879681522	1987240
2017-06-01	7.879681522	7.879681522	7.972383657	7.926032589	850364
2017-06-02	7.926032589	7.833330454	8.018734725	7.972383657	1191195
2017-06-05	7.972383657	7.740628318	7.972383657	7.740628318	2265287
2017-06-06	7.740628318	7.694277251	7.786979386	7.786979386	1205102
2017-06-07	7.786979386	7.786979386	7.879681522	7.786979386	1006671
2017-06-08	7.879681522	7.833330454	7.972383657	7.833330454	437981
2017-06-09	7.879681522	7.879681522	7.879681522	7.879681522	659087
2017-06-12	7.926032589	7.879681522	7.972383657	7.879681522	285503
2017-06-13	7.833330454	7.833330454	7.879681522	7.833330454	285000
2017-06-14	7.833330454	7.833330454	7.879681522	7.833330454	351815
2017-06-15	7.833330454	7.833330454	7.879681522	7.879681522	380839
2017-06-16	7.879681522	7.740628318	7.879681522	7.833330454	1521344
2017-06-19	7.786979386	7.555224047	7.786979386	7.647926183	2373018
2017-06-20	7.647926183	7.50887298	7.647926183	7.555224047	2198370
2017-06-21	7.601575115	7.416170844	7.647926183	7.462521912	2364855
2017-06-22	7.50887298	7.50887298	7.647926183	7.50887298	681863
2017-06-23	7.50887298	7.50887298	7.647926183	7.555224047	1628975
2017-06-26	7.50887298	7.50887298	7.647926183	7.601575115	1618191
2017-06-27	7.647926183	7.50887298	7.647926183	7.555224047	1497056
2017-06-28	7.555224047	7.50887298	7.555224047	7.50887298	855302
2017-06-29	7.462521912	7.138064437	7.50887298	7.184415505	7448902
2017-06-30	7.230766573	7.045362302	7.230766573	7.09171337	1673518
2017-07-03	7.138064437	7.045362302	7.138064437	7.09171337	1941285
2017-07-04	7.045362302	7.045362302	7.184415505	7.09171337	1757063
2017-07-05	7.09171337	7.09171337	7.09171337	7.09171337	990949
2017-07-06	7.09171337	7.045362302	7.09171337	7.09171337	339218
2017-07-07	7.09171337	7.045362302	7.230766573	7.230766573	956181
2017-07-11	7.184415505	7.09171337	7.230766573	7.184415505	669165
2017-07-12	7.184415505	7.09171337	7.184415505	7.09171337	604567
2017-07-13	7.138064437	7.045362302	7.138064437	7.09171337	766013
2017-07-14	7.045362302	7.045362302	7.09171337	7.09171337	662715
2017-07-17	7.045362302	6.952660166	7.045362302	6.999011234	1240072
2017-07-18	7.045362302	6.999011234	7.09171337	6.999011234	443725
2017-07-19	7.09171337	7.045362302	7.09171337	7.045362302	346776
2017-07-20	7.045362302	7.045362302	7.09171337	7.045362302	612629
2017-07-21	7.045362302	6.999011234	7.045362302	7.045362302	392227
2017-07-24	7.045362302	7.045362302	7.09171337	7.045362302	393134
2017-07-25	7.09171337	7.045362302	7.138064437	7.09171337	547224
2017-07-26	7.09171337	6.999011234	7.09171337	7.045362302	727717
2017-07-27	7.045362302	6.999011234	7.09171337	7.09171337	456322
2017-07-31	7.09171337	7.09171337	7.09171337	7.09171337	210323
2017-08-01	7.138064437	7.09171337	7.184415505	7.09171337	1055951
2017-08-02	7.138064437	7.138064437	7.184415505	7.184415505	303341
2017-08-03	7.184415505	7.184415505	7.50887298	7.462521912	1372293
2017-08-04	7.462521912	7.462521912	7.740628318	7.601575115	1934433
2017-08-07	7.601575115	7.555224047	7.694277251	7.601575115	456221
2017-08-08	7.555224047	7.50887298	7.555224047	7.50887298	590659
2017-08-09	7.323468708	7.184415505	7.323468708	7.230766573	3175715
2017-08-10	7.277117641	7.277117641	7.369819776	7.323468708	590357
2017-08-11	7.369819776	7.277117641	7.369819776	7.369819776	467206
2017-08-15	7.323468708	7.323468708	7.369819776	7.369819776	655459
2017-08-16	7.323468708	7.323468708	7.416170844	7.369819776	407949
2017-08-17	7.369819776	7.323468708	7.369819776	7.323468708	713104
2017-08-18	7.357839789	7.310369855	7.405309723	7.405309723	467609
2017-08-21	7.405309723	7.357839789	7.405309723	7.405309723	148546
2017-08-22	7.405309723	7.357839789	7.405309723	7.405309723	440601
2017-08-23	7.357839789	7.357839789	7.405309723	7.357839789	64094
2017-08-24	7.357839789	7.310369855	7.357839789	7.357839789	516587
2017-08-25	7.357839789	7.262899921	7.357839789	7.310369855	1936750
2017-08-28	7.310369855	7.262899921	7.310369855	7.262899921	288527
2017-08-29	7.310369855	7.262899921	7.405309723	7.310369855	870016
2017-08-30	7.357839789	7.357839789	7.452779657	7.452779657	489277
2017-08-31	7.500249591	7.405309723	7.500249591	7.405309723	238138
2017-09-01	7.405309723	7.405309723	7.405309723	7.405309723	370459
2017-09-04	7.452779657	7.452779657	7.500249591	7.500249591	225843
2017-09-05	7.547719525	7.357839789	7.547719525	7.500249591	108437
2017-09-06	7.500249591	7.452779657	7.547719525	7.547719525	222316
2017-09-07	7.500249591	7.452779657	7.547719525	7.547719525	142701
2017-09-08	7.547719525	7.405309723	7.547719525	7.547719525	344862
2017-09-11	7.547719525	7.500249591	7.547719525	7.500249591	562341
2017-09-12	7.500249591	7.500249591	7.59518946	7.59518946	467710
2017-09-13	7.59518946	7.59518946	7.690129328	7.690129328	614947
2017-09-14	7.690129328	7.690129328	7.785069196	7.737599262	1235033
2017-09-15	7.737599262	7.642659394	7.737599262	7.690129328	2904924
2017-09-18	7.642659394	7.642659394	7.642659394	7.642659394	224936
2017-09-19	7.642659394	7.642659394	7.690129328	7.690129328	212439
2017-09-20	7.690129328	7.500249591	7.690129328	7.59518946	501773
2017-09-21	7.642659394	7.642659394	7.737599262	7.737599262	210424
2017-09-22	7.690129328	7.642659394	7.690129328	7.642659394	151771
2017-09-25	7.690129328	7.642659394	7.690129328	7.642659394	46257
2017-09-26	7.642659394	7.642659394	7.690129328	7.690129328	73668
2017-09-27	7.690129328	7.59518946	7.690129328	7.59518946	127887
2017-09-28	7.642659394	7.59518946	7.642659394	7.59518946	236223
2017-09-29	7.642659394	7.642659394	7.690129328	7.642659394	409360
2017-10-02	7.642659394	7.59518946	7.642659394	7.642659394	519409
2017-10-03	7.642659394	7.59518946	7.785069196	7.785069196	2312551
2017-10-04	7.785069196	7.785069196	8.022418867	7.927478998	2569838
2017-10-05	7.974948932	7.927478998	7.974948932	7.974948932	164570
2017-10-06	7.927478998	7.927478998	7.974948932	7.974948932	1310113
2017-10-09	7.927478998	7.927478998	7.974948932	7.974948932	318055
2017-10-10	7.927478998	7.927478998	7.927478998	7.927478998	750594
2017-10-11	7.927478998	7.927478998	7.974948932	7.974948932	859232
2017-10-12	8.022418867	7.974948932	8.022418867	7.974948932	562240
2017-10-16	7.927478998	7.880009064	7.974948932	7.974948932	1684100
2017-10-17	7.927478998	7.880009064	7.927478998	7.880009064	354335
2017-10-18	7.880009064	7.880009064	7.880009064	7.880009064	424980
2017-10-19	7.880009064	7.83253913	7.927478998	7.83253913	320977
2017-10-20	7.880009064	7.83253913	7.880009064	7.880009064	219695
2017-10-24	7.880009064	7.880009064	7.927478998	7.927478998	87475
2017-10-25	7.927478998	7.927478998	7.974948932	7.927478998	340931
2017-10-27	7.880009064	7.880009064	7.927478998	7.927478998	97351
2017-10-30	7.927478998	7.880009064	7.927478998	7.880009064	391522
2017-10-31	7.880009064	7.880009064	7.927478998	7.927478998	274015
2017-11-01	7.880009064	7.880009064	7.974948932	7.974948932	446849
2017-11-02	7.974948932	7.927478998	7.974948932	7.927478998	276232
2017-11-03	7.974948932	7.974948932	8.022418867	7.974948932	46055
2017-11-06	8.022418867	7.974948932	8.022418867	7.974948932	28016
2017-11-07	7.974948932	7.974948932	7.974948932	7.974948932	68327
2017-11-08	7.974948932	7.974948932	7.974948932	7.974948932	5845
2017-11-09	8.022418867	7.974948932	8.022418867	7.974948932	280767
2017-11-10	7.974948932	7.927478998	8.022418867	7.974948932	337404
2017-11-13	7.974948932	7.880009064	7.974948932	7.880009064	312512
2017-11-14	7.927478998	7.880009064	7.927478998	7.880009064	225137
2017-11-15	7.880009064	7.737599262	7.880009064	7.880009064	668057
2017-11-16	7.880009064	7.83253913	7.880009064	7.83253913	451082
2017-11-17	7.880009064	7.880009064	7.927478998	7.927478998	640544
2017-11-20	7.966628663	7.966628663	8.015205667	8.015205667	127484
2017-11-21	8.015205667	7.918051659	8.015205667	7.918051659	194703
2017-11-22	7.966628663	7.918051659	7.966628663	7.918051659	187648
2017-11-23	7.966628663	7.918051659	8.063782671	8.015205667	902466
2017-11-24	8.015205667	7.918051659	8.015205667	7.966628663	321481
2017-11-27	7.918051659	7.918051659	7.966628663	7.966628663	143810
2017-11-28	7.918051659	7.918051659	8.015205667	8.015205667	160942
2017-11-29	8.015205667	7.966628663	8.063782671	8.063782671	291852
2017-11-30	8.063782671	7.966628663	8.063782671	8.063782671	100777
2017-12-01	8.063782671	8.015205667	8.063782671	8.063782671	219998
2017-12-04	8.063782671	7.966628663	8.063782671	8.063782671	337807
2017-12-06	8.063782671	8.015205667	8.160936679	8.160936679	930180
2017-12-07	8.256079742	8.157793079	8.256079742	8.206936411	235417
2017-12-08	8.206936411	8.108649747	8.206936411	8.206936411	514572
2017-12-12	8.206936411	8.010363083	8.206936411	8.157793079	1145845
2017-12-13	8.108649747	8.108649747	8.256079742	8.256079742	1953681
2017-12-14	8.206936411	8.108649747	8.256079742	8.108649747	871023
2017-12-15	8.108649747	8.108649747	8.157793079	8.157793079	1499475
2017-12-18	8.157793079	8.108649747	8.157793079	8.157793079	221913
2017-12-19	8.157793079	8.108649747	8.157793079	8.157793079	1086688
2017-12-20	8.157793079	8.157793079	8.157793079	8.157793079	26202
2017-12-21	8.157793079	8.108649747	8.157793079	8.157793079	719050
2017-12-22	8.108649747	8.108649747	8.157793079	8.157793079	276232
2017-12-25	8.157793079	8.108649747	8.157793079	8.157793079	250937
2017-12-26	8.157793079	8.108649747	8.157793079	8.108649747	254968
2017-12-27	8.108649747	8.059506415	8.108649747	8.108649747	283790
2017-12-28	8.108649747	8.059506415	8.108649747	8.108649747	213447
2017-12-29	8.108649747	8.108649747	8.157793079	8.108649747	92917
2018-01-03	8.108649747	8.059506415	8.108649747	8.108649747	575240
2018-01-04	8.059506415	8.059506415	8.108649747	8.108649747	600838
2018-01-05	8.059506415	8.059506415	8.108649747	8.059506415	223122
2018-01-08	8.108649747	8.010363083	8.108649747	8.059506415	509130
2018-01-09	8.059506415	8.010363083	8.059506415	8.010363083	196315
2018-01-10	8.059506415	7.961219752	8.059506415	7.961219752	560224
2018-01-11	8.010363083	7.91207642	8.010363083	7.961219752	758858
2018-01-12	7.961219752	7.91207642	7.961219752	7.961219752	769842
2018-01-15	7.91207642	7.91207642	7.961219752	7.961219752	134236
2018-01-16	7.91207642	7.862933088	7.961219752	7.91207642	1066130
2018-01-17	7.91207642	7.862933088	7.961219752	7.961219752	699399
2018-01-18	7.961219752	7.862933088	7.961219752	7.862933088	356552
2018-01-19	7.91207642	7.862933088	7.91207642	7.91207642	394142
2018-01-22	7.91207642	7.91207642	7.91207642	7.91207642	254665
2018-01-23	7.91207642	7.91207642	7.961219752	7.961219752	201455
2018-01-24	7.961219752	7.91207642	7.961219752	7.961219752	153585
2018-01-25	7.961219752	7.91207642	7.961219752	7.91207642	738299
2018-01-26	7.961219752	7.862933088	7.961219752	7.862933088	649110
2018-01-29	7.91207642	7.862933088	7.91207642	7.91207642	319667
2018-01-30	8.059506415	8.010363083	8.108649747	8.059506415	1890695
2018-01-31	8.059506415	8.010363083	8.108649747	8.108649747	515680
2018-02-01	8.108649747	8.108649747	8.206936411	8.108649747	1477001
2018-02-02	8.108649747	8.108649747	8.157793079	8.157793079	130809
2018-02-05	8.108649747	8.108649747	8.157793079	8.157793079	145724
2018-02-06	8.059506415	8.010363083	8.108649747	8.059506415	933304
2018-02-07	8.108649747	8.059506415	8.108649747	8.108649747	559015
2018-02-08	8.108649747	8.010363083	8.108649747	8.010363083	1468032
2018-02-09	8.059506415	8.059506415	8.108649747	8.059506415	227254
2018-02-12	8.059506415	8.059506415	8.108649747	8.059506415	30636
2018-02-13	8.059506415	8.059506415	8.108649747	8.059506415	271697
2018-02-14	8.059506415	8.010363083	8.059506415	8.059506415	402104
2018-02-15	8.059506415	8.059506415	8.059506415	8.059506415	12496
2018-02-16	8.059506415	8.059506415	8.059506415	8.059506415	82234
2018-02-19	8.059506415	8.059506415	8.059506415	8.059506415	21566
2018-02-20	8.059506415	8.010363083	8.059506415	8.010363083	446043
2018-02-21	8.010363083	7.961219752	8.010363083	8.010363083	421755
2018-02-22	8.010363083	7.813789756	8.010363083	7.813789756	2699539
2018-02-23	7.813789756	7.666359761	7.862933088	7.764646424	1070866
2018-02-26	7.764646424	7.764646424	7.862933088	7.813789756	289535
2018-02-27	7.813789756	7.764646424	7.862933088	7.862933088	93521
2018-02-28	7.839015161	7.839015161	7.888629181	7.888629181	296387
2018-03-02	7.888629181	7.888629181	7.888629181	7.888629181	443624
2018-03-05	7.839015161	7.839015161	7.839015161	7.839015161	181702
2018-03-06	7.839015161	7.789401141	7.839015161	7.789401141	41520
2018-03-07	7.839015161	7.789401141	7.839015161	7.789401141	44946
2018-03-08	7.789401141	7.739787121	7.839015161	7.739787121	286007
2018-03-09	7.789401141	7.789401141	7.789401141	7.789401141	119321
2018-03-12	7.789401141	7.739787121	7.789401141	7.739787121	94529
2018-03-13	7.789401141	7.690173101	7.789401141	7.739787121	143205
2018-03-14	7.739787121	7.739787121	7.739787121	7.739787121	296690
2018-03-15	7.739787121	7.690173101	7.789401141	7.739787121	166585
2018-03-16	7.789401141	7.690173101	7.789401141	7.739787121	337303
2018-03-19	7.739787121	7.690173101	7.739787121	7.690173101	84653
2018-03-20	7.690173101	7.640559081	7.690173101	7.640559081	338210
2018-03-21	7.690173101	7.640559081	7.690173101	7.640559081	21163
2018-03-22	7.640559081	7.590945061	7.690173101	7.690173101	385576
2018-03-23	7.640559081	7.640559081	7.690173101	7.690173101	296287
2018-03-26	7.690173101	7.690173101	7.789401141	7.739787121	339924
2018-03-27	7.690173101	7.690173101	7.789401141	7.789401141	320977
2018-03-28	7.739787121	7.640559081	7.789401141	7.690173101	976034
2018-03-29	7.739787121	7.690173101	7.789401141	7.739787121	132220
2018-03-30	7.739787121	7.739787121	7.789401141	7.789401141	1272523
2018-04-02	7.739787121	7.739787121	7.789401141	7.739787121	47264
2018-04-03	7.739787121	7.690173101	7.739787121	7.690173101	31039
2018-04-04	7.690173101	7.690173101	7.739787121	7.690173101	549643
2018-04-05	7.739787121	7.640559081	7.739787121	7.640559081	236828
2018-04-09	7.640559081	7.590945061	7.640559081	7.640559081	155399
2018-04-10	7.590945061	7.590945061	7.640559081	7.640559081	73265
2018-04-11	7.640559081	7.640559081	7.690173101	7.640559081	10581
2018-04-12	7.690173101	7.640559081	7.690173101	7.640559081	21264
2018-04-17	7.690173101	7.690173101	7.690173101	7.690173101	3628
2018-04-18	7.690173101	7.541331041	7.690173101	7.541331041	224634
2018-04-19	7.590945061	7.541331041	7.640559081	7.640559081	399080
2018-04-20	7.640559081	7.590945061	7.640559081	7.590945061	103398
2018-04-23	7.640559081	7.590945061	7.640559081	7.590945061	13907
2018-04-24	7.590945061	7.491717021	7.590945061	7.541331041	559620
2018-04-25	7.541331041	7.491717021	7.541331041	7.491717021	30031
2018-04-26	7.541331041	7.491717021	7.541331041	7.491717021	209920
2018-04-27	7.541331041	7.442103001	7.541331041	7.442103001	156709
2018-04-30	7.442103001	7.442103001	7.491717021	7.491717021	548635
2018-05-02	7.491717021	7.442103001	7.491717021	7.491717021	86769
2018-05-03	7.491717021	7.442103001	7.491717021	7.442103001	987019
2018-05-04	7.442103001	7.392488981	7.442103001	7.442103001	462671
2018-05-07	7.442103001	7.392488981	7.491717021	7.491717021	177369
2018-05-08	7.491717021	7.442103001	7.491717021	7.442103001	82335
2018-05-09	7.442103001	7.392488981	7.442103001	7.392488981	733865
2018-05-10	7.442103001	7.442103001	7.541331041	7.442103001	1022795
2018-05-11	7.491717021	7.442103001	7.491717021	7.491717021	379025
2018-05-14	7.491717021	7.491717021	7.541331041	7.491717021	363909
2018-05-15	7.491717021	7.442103001	7.491717021	7.442103001	30838
2018-05-16	7.491717021	7.442103001	7.491717021	7.442103001	263433
2018-05-17	7.491717021	7.392488981	7.491717021	7.442103001	491695
2018-05-18	7.442103001	7.392488981	7.442103001	7.442103001	242874
2018-05-21	7.392488981	7.293260941	7.392488981	7.342874961	196617
2018-05-22	7.342874961	7.293260941	7.342874961	7.293260941	102188
2018-05-23	7.144418881	7.144418881	7.243646921	7.243646921	456423
2018-05-24	7.194032901	7.144418881	7.243646921	7.194032901	364614
2018-05-25	7.194032901	7.144418881	7.194032901	7.194032901	599830
2018-05-28	7.194032901	7.194032901	7.243646921	7.194032901	343652
2018-05-30	7.243646921	7.144418881	7.243646921	7.194032901	139879
2018-05-31	7.194032901	7.194032901	7.194032901	7.194032901	56334
2018-06-01	7.194032901	7.144418881	7.194032901	7.194032901	160337
2018-06-04	7.144418881	7.144418881	7.194032901	7.144418881	218285
2018-06-05	7.194032901	7.144418881	7.194032901	7.144418881	179586
2018-06-06	7.194032901	7.144418881	7.194032901	7.194032901	120026
2018-06-07	7.144418881	7.144418881	7.194032901	7.144418881	226347
2018-06-08	7.144418881	7.144418881	7.194032901	7.144418881	138771
2018-06-11	7.144418881	7.144418881	7.194032901	7.144418881	139476
2018-06-12	7.144418881	7.144418881	7.144418881	7.144418881	125569
2018-06-13	7.194032901	7.144418881	7.194032901	7.194032901	54218
2018-06-14	7.194032901	7.045190841	7.194032901	7.045190841	758958
2018-06-15	7.094804861	7.045190841	7.094804861	7.045190841	231890
2018-06-18	7.094804861	6.995576821	7.094804861	6.995576821	308682
2018-06-19	6.995576821	6.896348781	6.995576821	6.896348781	789696
2018-06-20	6.896348781	6.846734761	6.945962801	6.846734761	398375
2018-06-21	6.896348781	6.846734761	6.945962801	6.846734761	88382
2018-06-22	6.945962801	6.896348781	7.094804861	6.995576821	396762
2018-06-25	7.045190841	6.995576821	7.045190841	6.995576821	43939
2018-06-26	7.045190841	6.995576821	7.094804861	6.995576821	43536
2018-06-27	6.995576821	6.995576821	7.045190841	6.995576821	43435
2018-06-28	6.995576821	6.945962801	6.995576821	6.945962801	124057
2018-06-29	6.945962801	6.896348781	7.045190841	6.945962801	101684
2018-07-02	6.945962801	6.896348781	6.945962801	6.945962801	39706
2018-07-03	6.896348781	6.896348781	6.945962801	6.945962801	78707
2018-07-04	6.945962801	6.896348781	6.945962801	6.945962801	43032
2018-07-05	6.896348781	6.896348781	6.945962801	6.945962801	124158
2018-07-06	6.896348781	6.846734761	6.945962801	6.945962801	60668
2018-07-09	6.945962801	6.797120741	6.945962801	6.797120741	434151
2018-07-10	6.797120741	6.697892701	6.846734761	6.697892701	693150
2018-07-11	6.747506721	6.697892701	6.797120741	6.797120741	456524
2018-07-12	6.797120741	6.797120741	6.945962801	6.846734761	40008
2018-07-13	6.846734761	6.797120741	6.846734761	6.797120741	19349
2018-07-16	6.797120741	6.598664661	6.797120741	6.648278681	998508
2018-07-17	6.648278681	6.400208581	6.648278681	6.549050641	652234
2018-07-18	6.549050641	6.449822601	6.549050641	6.499436621	270286
2018-07-19	6.499436621	6.251366521	6.499436621	6.350594561	839178
2018-07-20	6.350594561	6.300980541	6.400208581	6.400208581	169911
2018-07-23	6.400208581	6.350594561	6.400208581	6.350594561	130003
2018-07-24	6.350594561	6.350594561	6.400208581	6.400208581	384770
2018-07-25	6.400208581	6.350594561	6.449822601	6.400208581	126375
2018-07-26	6.400208581	6.400208581	6.400208581	6.400208581	90901
2018-07-31	6.400208581	6.400208581	6.499436621	6.499436621	159430
2018-08-01	6.499436621	6.400208581	6.499436621	6.400208581	488873
2018-08-02	6.449822601	6.400208581	6.449822601	6.400208581	128995
2018-08-03	6.400208581	6.400208581	6.449822601	6.400208581	239952
2018-08-06	6.400208581	6.300980541	6.449822601	6.350594561	302737
2018-08-07	6.400208581	6.400208581	6.449822601	6.400208581	321078
2018-08-08	6.400208581	6.350594561	6.449822601	6.400208581	334179
2018-08-09	6.400208581	6.400208581	6.449822601	6.400208581	666041
2018-08-10	6.449822601	6.449822601	6.598664661	6.598664661	1961340
2018-08-14	6.598664661	6.549050641	6.846734761	6.747506721	2281713
2018-08-15	6.747506721	6.747506721	6.797120741	6.747506721	321582
2018-08-16	6.697892701	6.648278681	6.697892701	6.697892701	114382
2018-08-17	6.697892701	6.648278681	6.747506721	6.697892701	479602
2018-08-20	6.747506721	6.648278681	6.747506721	6.697892701	246200
2018-08-21	6.549050641	6.449822601	6.598664661	6.549050641	418430
2018-08-22	6.549050641	6.549050641	6.995576821	6.995576821	1771878
2018-08-23	6.945962801	6.945962801	7.045190841	7.045190841	661305
2018-08-24	7.045190841	6.995576821	7.094804861	6.995576821	362397
2018-08-27	6.995576821	6.846734761	7.144418881	7.045190841	524045
2018-08-28	6.945962801	6.747506721	6.995576821	6.896348781	351815
2018-08-29	6.896348781	6.697892701	6.896348781	6.797120741	304047
2018-08-30	6.797120741	6.648278681	6.797120741	6.747506721	224634
2018-08-31	6.697892701	6.648278681	6.747506721	6.747506721	212742
2018-09-03	6.747506721	6.697892701	6.747506721	6.697892701	123755
2018-09-04	6.648278681	6.598664661	6.896348781	6.797120741	613032
2018-09-05	6.697892701	6.697892701	6.846734761	6.846734761	236021
2018-09-06	6.797120741	6.797120741	6.846734761	6.846734761	73769
2018-09-07	6.846734761	6.747506721	6.846734761	6.846734761	290945
2018-09-10	6.846734761	6.797120741	7.045190841	6.896348781	950134
2018-09-11	6.846734761	6.747506721	6.896348781	6.747506721	769943
2018-09-12	6.846734761	6.648278681	6.846734761	6.697892701	2896963
2018-09-13	6.648278681	6.648278681	6.747506721	6.747506721	213447
2018-09-14	6.747506721	6.747506721	6.747506721	6.747506721	310295
2018-09-17	6.747506721	6.697892701	6.797120741	6.697892701	314024
2018-09-18	6.747506721	6.697892701	6.797120741	6.747506721	1313338
2018-09-19	6.747506721	6.747506721	6.797120741	6.747506721	994073
2018-09-20	6.747506721	6.697892701	6.797120741	6.747506721	1228080
2018-09-21	6.697892701	6.648278681	6.747506721	6.648278681	3058107
2018-09-24	6.747506721	6.697892701	6.797120741	6.747506721	644978
2018-09-25	6.797120741	6.697892701	6.797120741	6.697892701	308279
2018-09-26	6.697892701	6.648278681	6.747506721	6.697892701	516184
2018-09-27	6.697892701	6.697892701	6.747506721	6.697892701	49683
2018-09-28	6.697892701	6.648278681	6.697892701	6.697892701	709376
2018-10-01	6.648278681	6.648278681	6.747506721	6.697892701	269278
2018-10-02	6.697892701	6.697892701	6.747506721	6.747506721	314427
2018-10-03	6.697892701	6.648278681	6.697892701	6.648278681	2115430
2018-10-04	6.697892701	6.648278681	6.697892701	6.697892701	164469
2018-10-05	6.697892701	6.598664661	6.697892701	6.648278681	259100
2018-10-08	6.598664661	6.449822601	6.697892701	6.598664661	1220622
2018-10-09	6.598664661	6.598664661	6.697892701	6.697892701	56435
2018-10-10	6.697892701	6.598664661	6.697892701	6.697892701	129600
2018-10-11	6.648278681	6.598664661	6.648278681	6.648278681	115894
2018-10-12	6.549050641	6.549050641	6.697892701	6.697892701	418631
2018-10-16	6.549050641	6.549050641	6.598664661	6.598664661	218285
2018-10-17	6.598664661	6.598664661	6.648278681	6.648278681	65908
2018-10-18	6.648278681	6.598664661	6.648278681	6.648278681	132724
2018-10-19	6.648278681	6.648278681	6.648278681	6.648278681	21364
2018-10-22	6.648278681	6.648278681	6.697892701	6.648278681	203470
2018-10-24	6.648278681	6.598664661	6.648278681	6.598664661	284093
2018-10-25	6.598664661	6.598664661	6.648278681	6.598664661	339520
2018-10-26	6.549050641	6.549050641	6.648278681	6.648278681	2760510
2018-10-29	6.648278681	6.549050641	6.648278681	6.549050641	503990
2018-10-30	6.598664661	6.549050641	6.598664661	6.549050641	62381
2018-10-31	6.549050641	6.549050641	6.747506721	6.549050641	322791
2018-11-01	6.648278681	6.598664661	6.648278681	6.598664661	105816
2018-11-02	6.648278681	6.648278681	6.747506721	6.648278681	200548
2018-11-05	6.648278681	6.648278681	6.648278681	6.648278681	413592
2018-11-06	6.648278681	6.648278681	6.747506721	6.697892701	24388
2018-11-07	6.697892701	6.697892701	6.697892701	6.697892701	67722
2018-11-08	6.697892701	6.697892701	6.747506721	6.747506721	601946
2018-11-09	6.747506721	6.747506721	6.797120741	6.747506721	334179
2018-11-12	6.846734761	6.797120741	6.846734761	6.797120741	447756
2018-11-13	6.846734761	6.697892701	6.846734761	6.797120741	510843
2018-11-14	6.846734761	6.797120741	6.846734761	6.846734761	132825
2018-11-15	6.846734761	6.797120741	6.846734761	6.797120741	102995
2018-11-16	6.797120741	6.797120741	6.797120741	6.797120741	72157
2018-11-19	6.797120741	6.797120741	6.846734761	6.846734761	56032
2018-11-20	6.846734761	6.747506721	6.896348781	6.896348781	372979
2018-11-21	6.648278681	6.648278681	6.697892701	6.648278681	250937
2018-11-22	6.648278681	6.648278681	6.648278681	6.648278681	74978
2018-11-23	6.648278681	6.648278681	6.697892701	6.697892701	141492
2018-11-26	6.697892701	6.697892701	6.697892701	6.697892701	54722
2018-11-27	6.697892701	6.697892701	6.747506721	6.747506721	226750
2018-11-28	6.747506721	6.747506721	6.747506721	6.747506721	11085
2018-11-29	6.747506721	6.747506721	6.747506721	6.747506721	20054
2018-11-30	6.797120741	6.648278681	6.797120741	6.747506721	294775
2018-12-03	6.747506721	6.747506721	6.797120741	6.797120741	304349
2018-12-04	6.797120741	6.797120741	6.797120741	6.797120741	450275
2018-12-06	6.797120741	6.697892701	6.797120741	6.797120741	1066734
2018-12-07	6.797120741	6.747506721	6.797120741	6.747506721	939855
2018-12-11	6.797120741	6.648278681	6.797120741	6.697892701	774478
2018-12-12	6.697892701	6.598664661	6.697892701	6.697892701	241464
2018-12-13	6.747506721	6.598664661	6.747506721	6.697892701	719957
2018-12-14	6.697892701	6.648278681	6.747506721	6.747506721	507618
2018-12-17	6.747506721	6.648278681	6.797120741	6.747506721	1291973
2018-12-18	6.697892701	6.697892701	6.747506721	6.747506721	440198
2018-12-19	6.747506721	6.648278681	6.747506721	6.648278681	575039
2018-12-20	6.697892701	6.648278681	6.697892701	6.697892701	708569
2018-12-21	6.747506721	6.648278681	6.747506721	6.747506721	871023
2018-12-24	6.697892701	6.598664661	6.797120741	6.797120741	1082053
2018-12-25	6.747506721	6.648278681	6.846734761	6.648278681	1055346
2018-12-26	6.747506721	6.648278681	6.747506721	6.648278681	2026040
2018-12-27	6.697892701	6.648278681	6.697892701	6.648278681	103700
2018-12-28	6.598664661	6.598664661	6.648278681	6.648278681	161547
2019-01-02	6.697892701	6.697892701	6.697892701	6.697892701	283689
2019-01-03	6.697892701	6.697892701	6.697892701	6.697892701	85661
2019-01-04	6.697892701	6.697892701	6.697892701	6.697892701	265046
2019-01-07	6.697892701	6.648278681	6.697892701	6.648278681	471540
2019-01-08	6.697892701	6.697892701	6.697892701	6.697892701	98258
2019-01-09	6.697892701	6.697892701	6.697892701	6.697892701	38094
2019-01-10	6.648278681	6.648278681	6.697892701	6.697892701	186640
2019-01-11	6.697892701	6.648278681	6.697892701	6.697892701	433042
2019-01-14	6.697892701	6.648278681	6.697892701	6.648278681	1814
2019-01-15	6.697892701	6.697892701	6.697892701	6.697892701	344156
2019-01-16	6.697892701	6.697892701	6.747506721	6.697892701	45450
2019-01-17	6.697892701	6.648278681	6.747506721	6.697892701	228967
2019-01-18	6.697892701	6.697892701	6.697892701	6.697892701	100777
2019-01-21	6.747506721	6.697892701	6.747506721	6.697892701	133631
2019-01-22	6.697892701	6.697892701	6.697892701	6.697892701	253255
2019-01-23	6.697892701	6.697892701	6.747506721	6.747506721	2965593
2019-01-24	6.797120741	6.747506721	6.797120741	6.747506721	73467
2019-01-25	6.797120741	6.747506721	6.797120741	6.747506721	321179
2019-01-28	6.797120741	6.747506721	6.797120741	6.747506721	248518
2019-01-29	6.747506721	6.747506721	7.144418881	7.094804861	2024024
2019-01-30	7.094804861	6.945962801	7.094804861	6.995576821	974724
2019-01-31	6.995576821	6.945962801	7.045190841	7.045190841	474261
2019-02-01	6.995576821	6.945962801	6.995576821	6.995576821	93824
2019-02-04	7.045190841	6.945962801	7.045190841	7.045190841	2156950
2019-02-05	6.945962801	6.945962801	7.045190841	7.045190841	972003
2019-02-06	6.995576821	6.995576821	7.094804861	7.094804861	1129217
2019-02-07	7.094804861	6.995576821	7.094804861	6.995576821	211230
2019-02-08	7.045190841	6.995576821	7.045190841	7.045190841	321179
2019-02-11	7.045190841	7.045190841	7.045190841	7.045190841	27210
2019-02-12	7.094804861	7.045190841	7.094804861	7.094804861	226347
2019-02-13	7.094804861	7.045190841	7.094804861	7.094804861	445942
2019-02-14	7.094804861	7.045190841	7.094804861	7.094804861	23078
2019-02-15	7.045190841	6.995576821	7.045190841	7.045190841	1076913
2019-02-18	6.995576821	6.995576821	7.045190841	7.045190841	1007779
2019-02-20	7.045190841	6.995576821	7.045190841	7.045190841	1903393
2019-02-21	7.045190841	6.995576821	7.045190841	7.045190841	282581
2019-02-22	7.045190841	7.045190841	7.144418881	7.144418881	1591787
2019-02-25	7.144418881	7.144418881	7.194032901	7.194032901	1400410
2019-02-26	7.243646921	7.194032901	7.243646921	7.243646921	2679786
2019-02-27	7.293260941	7.243646921	7.392488981	7.342874961	2057583
2019-02-28	7.243646921	7.144418881	7.293260941	7.194032901	530495
2019-03-01	7.243646921	7.194032901	7.243646921	7.194032901	366025
2019-03-04	7.243646921	7.194032901	7.243646921	7.243646921	273108
2019-03-05	7.243646921	7.243646921	7.293260941	7.293260941	172834
2019-03-06	7.293260941	7.293260941	7.442103001	7.442103001	621296
2019-03-07	7.442103001	7.392488981	7.590945061	7.590945061	998004
2019-03-08	7.590945061	7.590945061	7.888629181	7.690173101	3102248
2019-03-11	7.690173101	7.442103001	7.690173101	7.541331041	1265065
2019-03-12	7.541331041	7.491717021	7.690173101	7.690173101	628753
2019-03-13	7.690173101	7.640559081	7.739787121	7.640559081	123251
2019-03-14	7.640559081	7.491717021	7.640559081	7.541331041	294271
2019-03-15	7.541331041	7.491717021	7.541331041	7.541331041	294170
2019-03-18	7.541331041	7.442103001	7.541331041	7.491717021	334683
2019-03-19	7.491717021	7.442103001	7.491717021	7.491717021	616660
2019-03-20	7.590945061	7.541331041	7.640559081	7.640559081	373886
2019-03-21	7.640559081	7.640559081	7.789401141	7.789401141	1554600
2019-03-22	7.789401141	7.739787121	7.839015161	7.839015161	655762
2019-03-25	7.739787121	7.640559081	7.789401141	7.690173101	439593
2019-03-26	7.739787121	7.640559081	7.739787121	7.690173101	194400
2019-03-27	7.640559081	7.640559081	7.690173101	7.640559081	340730
2019-03-28	7.690173101	7.690173101	7.739787121	7.690173101	586930
2019-03-29	7.690173101	7.690173101	7.739787121	7.739787121	810154
2019-04-01	7.690173101	7.590945061	7.690173101	7.690173101	776695
2019-04-02	7.690173101	7.690173101	7.690173101	7.690173101	258999
2019-04-03	7.690173101	7.640559081	7.690173101	7.690173101	306667
2019-04-04	7.690173101	7.590945061	7.690173101	7.640559081	281573
2019-04-05	7.590945061	7.590945061	7.739787121	7.640559081	1013523
2019-04-09	7.640559081	7.640559081	7.690173101	7.690173101	279054
2019-04-10	7.690173101	7.590945061	7.690173101	7.690173101	423670
2019-04-11	7.690173101	7.640559081	7.690173101	7.690173101	146631
2019-04-12	7.690173101	7.640559081	7.789401141	7.789401141	860643
2019-04-17	7.789401141	7.690173101	7.789401141	7.739787121	445539
2019-04-18	7.690173101	7.690173101	7.789401141	7.739787121	1235940
2019-04-19	7.739787121	7.690173101	7.789401141	7.789401141	1230297
2019-04-22	7.739787121	7.739787121	7.789401141	7.789401141	1041439
2019-04-23	7.739787121	7.739787121	7.789401141	7.789401141	1195932
2019-04-24	7.789401141	7.739787121	7.789401141	7.739787121	661103
2019-04-25	7.739787121	7.690173101	7.739787121	7.739787121	499354
2019-04-26	7.739787121	7.739787121	7.789401141	7.789401141	1911758
2019-04-29	7.789401141	7.739787121	7.789401141	7.789401141	305861
2019-04-30	7.789401141	7.739787121	7.839015161	7.739787121	192586
2019-05-02	7.739787121	7.739787121	7.789401141	7.739787121	31039
2019-05-03	7.739787121	7.690173101	7.789401141	7.739787121	707360
2019-05-07	7.739787121	7.640559081	7.789401141	7.789401141	1091727
2019-05-08	7.789401141	7.789401141	7.987857221	7.938243201	3348347
2019-05-09	8.037471241	7.938243201	8.037471241	7.987857221	1081549
2019-05-10	8.037471241	8.037471241	8.186313301	8.186313301	2271132
2019-05-13	8.186313301	8.037471241	8.186313301	8.087085261	1095154
2019-05-14	8.037471241	8.037471241	8.087085261	8.037471241	914358
2019-05-15	7.938243201	7.938243201	8.087085261	7.938243201	1095658
2019-05-16	7.839015161	7.739787121	7.888629181	7.789401141	261518
2019-05-17	7.789401141	7.789401141	7.888629181	7.888629181	900451
2019-05-21	7.839015161	7.839015161	7.888629181	7.839015161	288124
2019-05-22	7.839015161	7.789401141	7.839015161	7.839015161	928366
2019-05-23	7.839015161	7.789401141	7.888629181	7.888629181	821945
2019-05-24	7.839015161	7.839015161	7.938243201	7.938243201	794835
2019-05-27	7.888629181	7.888629181	7.938243201	7.938243201	788083
2019-05-28	7.888629181	7.888629181	8.136699281	8.087085261	1664650
2019-05-29	8.037471241	8.037471241	8.384769381	8.384769381	2741563
2019-05-30	8.384769381	8.186313301	8.483997421	8.235927321	1410689
2019-05-31	8.235927321	8.235927321	8.335155361	8.335155361	1282903
2019-06-04	8.285541341	8.285541341	8.384769381	8.384769381	2154632
2019-06-05	8.384769381	8.285541341	8.384769381	8.335155361	1091022
2019-06-06	8.384769381	8.335155361	8.384769381	8.384769381	2177106
2019-06-07	8.335155361	8.285541341	8.384769381	8.384769381	1268391
2019-06-10	8.384769381	8.384769381	8.434383401	8.384769381	1310113
2019-06-11	8.434383401	8.384769381	8.434383401	8.434383401	256681
2019-06-12	8.384769381	8.384769381	8.583225461	8.583225461	2435702
2019-06-13	8.632839481	8.533611441	8.632839481	8.632839481	1915889
2019-06-14	8.632839481	8.583225461	8.831295561	8.831295561	4127764
2019-06-17	8.831295561	8.781681541	9.029751641	8.880909581	2605513
2019-06-18	8.930523601	8.930523601	9.079365661	9.029751641	2677972
2019-06-19	9.029751641	8.880909581	9.029751641	8.880909581	3249787
2019-06-20	8.880909581	8.583225461	8.880909581	8.632839481	1983814
2019-06-21	8.632839481	8.533611441	8.732067521	8.732067521	1295702
2019-06-24	8.781681541	8.732067521	8.831295561	8.831295561	670072
2019-06-25	8.781681541	8.781681541	8.831295561	8.831295561	626435
2019-06-26	8.831295561	8.781681541	8.930523601	8.930523601	607993
2019-06-27	8.880909581	8.880909581	8.980137621	8.980137621	1386200
2019-06-28	8.930523601	8.831295561	8.980137621	8.930523601	2464525
2019-07-01	8.930523601	8.930523601	8.980137621	8.980137621	674103
2019-07-02	8.980137621	8.930523601	8.980137621	8.980137621	1613455
2019-07-03	9.029751641	8.930523601	9.029751641	8.980137621	604063
2019-07-04	8.930523601	8.880909581	8.980137621	8.880909581	731144
2019-07-05	8.930523601	8.831295561	8.930523601	8.880909581	4087453
2019-07-08	8.880909581	8.831295561	8.930523601	8.930523601	2086406
2019-07-09	8.880909581	8.880909581	9.029751641	9.029751641	2540511
2019-07-10	9.029751641	8.980137621	9.079365661	9.029751641	2525697
2019-07-11	9.029751641	9.029751641	9.178593701	9.079365661	4387066
2019-07-12	9.128979681	9.029751641	9.178593701	9.128979681	1004252
2019-07-15	9.128979681	8.880909581	9.128979681	8.930523601	927157
2019-07-17	8.880909581	8.632839481	8.980137621	8.632839481	2105453
2019-07-18	8.533611441	8.533611441	8.980137621	8.930523601	2364251
2019-07-19	8.930523601	8.930523601	9.079365661	8.930523601	2438322
2019-07-22	8.980137621	8.930523601	9.029751641	9.029751641	1070765
2019-07-23	9.029751641	8.930523601	9.029751641	8.980137621	502075
2019-07-24	8.880909581	8.880909581	8.980137621	8.930523601	1024307
2019-07-25	8.930523601	8.831295561	8.930523601	8.880909581	742431
2019-07-26	8.880909581	8.880909581	8.880909581	8.880909581	1261337
2019-07-30	8.880909581	8.732067521	8.880909581	8.781681541	322388
2019-07-31	8.781681541	8.682453501	8.880909581	8.880909581	887551
2019-08-01	8.831295561	8.781681541	8.880909581	8.880909581	821239
2019-08-02	8.831295561	8.781681541	8.880909581	8.880909581	244588
2019-08-05	8.831295561	8.781681541	8.831295561	8.831295561	233905
2019-08-06	8.831295561	8.781681541	8.831295561	8.781681541	244991
2019-08-07	8.880909581	8.880909581	9.079365661	9.029751641	3018098
2019-08-08	9.029751641	9.029751641	9.277821741	9.228207721	5954466
2019-08-09	9.277821741	9.228207721	9.277821741	9.228207721	1200870
2019-08-13	9.228207721	9.079365661	9.228207721	9.128979681	799975
2019-08-14	9.079365661	9.079365661	9.178593701	9.128979681	457229
2019-08-15	9.128979681	8.980137621	9.128979681	9.029751641	1075401
2019-08-16	8.930523601	8.880909581	8.930523601	8.880909581	512455
2019-08-19	8.880909581	8.781681541	8.930523601	8.831295561	923630
2019-08-20	8.831295561	8.781681541	8.930523601	8.831295561	619079
2019-08-21	8.781681541	8.781681541	8.930523601	8.930523601	368645
2019-08-22	8.880909581	8.831295561	8.930523601	8.880909581	887450
2019-08-23	8.880909581	8.880909581	9.029751641	8.930523601	1603982
2019-08-26	8.930523601	8.880909581	8.980137621	8.930523601	2081367
2019-08-27	8.930523601	8.930523601	8.980137621	8.980137621	201455
2019-08-28	8.930523601	8.930523601	8.980137621	8.980137621	10581
2019-08-29	8.930523601	8.930523601	9.079365661	9.079365661	1048191
2019-08-30	8.980137621	8.980137621	9.079365661	9.079365661	225541
2019-09-02	9.029751641	9.029751641	9.079365661	9.079365661	224432
2019-09-03	9.079365661	9.079365661	9.277821741	9.277821741	2794270
2019-09-04	9.327435761	9.327435761	9.724347921	9.724347921	6787899
2019-09-05	9.773961942	9.724347921	9.773961942	9.773961942	1833957
2019-09-06	9.773961942	9.773961942	9.873189982	9.773961942	1919517
2019-09-09	9.773961942	9.773961942	10.121260082	10.022032042	4404198
2019-09-10	10.022032042	10.022032042	10.220488122	10.121260082	2846473
2019-09-11	10.022032042	9.873189982	10.121260082	10.022032042	2593924
2019-09-12	10.022032042	9.922804002	10.022032042	9.922804002	400793
2019-09-13	9.922804002	9.922804002	10.121260082	10.022032042	1696697
2019-09-16	10.022032042	9.922804002	10.022032042	10.022032042	1088603
2019-09-17	9.922804002	9.873189982	9.922804002	9.922804002	1077518
2019-09-18	9.922804002	9.823575962	10.022032042	10.022032042	1615168
2019-09-19	10.022032042	9.922804002	10.022032042	10.022032042	1370983
2019-09-20	9.922804002	9.724347921	10.022032042	9.724347921	2999253
2019-09-23	9.674733901	9.674733901	9.873189982	9.873189982	448764
2019-09-24	9.873189982	9.873189982	10.022032042	9.922804002	1348106
2019-09-25	9.922804002	9.873189982	9.922804002	9.873189982	244688
2019-09-26	9.823575962	9.773961942	9.873189982	9.773961942	306667
2019-09-27	9.724347921	9.674733901	9.823575962	9.823575962	833232
2019-09-30	9.773961942	9.724347921	9.823575962	9.773961942	264139
2019-10-01	9.823575962	9.823575962	9.873189982	9.873189982	913451
2019-10-02	9.773961942	9.773961942	9.873189982	9.873189982	351614
2019-10-03	9.873189982	9.773961942	9.873189982	9.873189982	616156
2019-10-04	9.873189982	9.823575962	9.873189982	9.873189982	797556
2019-10-07	9.873189982	9.823575962	9.922804002	9.922804002	1303865
2019-10-08	9.873189982	9.823575962	9.922804002	9.873189982	204881
2019-10-09	9.823575962	9.674733901	9.873189982	9.823575962	502882
2019-10-10	9.724347921	9.724347921	9.922804002	9.823575962	804208
2019-10-11	9.823575962	9.823575962	9.922804002	9.922804002	199338
2019-10-15	9.873189982	9.823575962	9.873189982	9.873189982	511347
2019-10-16	9.873189982	9.823575962	9.873189982	9.873189982	591768
2019-10-17	9.873189982	9.873189982	9.922804002	9.873189982	1524871
2019-10-18	9.873189982	9.823575962	9.873189982	9.873189982	869613
2019-10-21	9.873189982	9.724347921	9.922804002	9.873189982	417523
2019-10-22	9.823575962	9.823575962	9.873189982	9.873189982	26605
2019-10-24	9.823575962	9.724347921	9.823575962	9.724347921	549643
2019-10-25	9.823575962	9.625119881	9.823575962	9.625119881	271395
2019-10-28	9.575505861	9.327435761	9.575505861	9.327435761	628955
2019-10-29	9.277821741	9.277821741	9.525891841	9.525891841	695771
2019-10-30	9.575505861	9.426663801	9.625119881	9.525891841	1797576
2019-10-31	9.525891841	9.426663801	9.724347921	9.674733901	915366
2019-11-01	9.674733901	9.625119881	9.674733901	9.674733901	80723
2019-11-04	9.575505861	9.575505861	9.674733901	9.575505861	97956
2019-11-05	9.625119881	9.525891841	9.773961942	9.773961942	1025516
2019-11-06	9.773961942	9.625119881	9.773961942	9.674733901	475772
2019-11-07	9.625119881	9.625119881	9.724347921	9.674733901	182105
2019-11-08	9.724347921	9.575505861	9.724347921	9.575505861	586426
2019-11-11	9.625119881	9.327435761	9.674733901	9.525891841	765912
2019-11-12	9.426663801	9.228207721	9.426663801	9.327435761	650824
2019-11-13	9.327435761	9.277821741	9.377049781	9.377049781	1227274
2019-11-14	9.476277821	9.327435761	9.476277821	9.426663801	239448
2019-11-15	9.476277821	9.327435761	9.476277821	9.327435761	218889
2019-11-18	9.277821741	9.228207721	9.327435761	9.277821741	490788
2019-11-19	9.079365661	8.831295561	9.079365661	8.980137621	1500382
2019-11-20	8.930523601	8.930523601	9.029751641	8.930523601	1491413
2019-11-21	8.880909581	8.831295561	8.930523601	8.930523601	403111
2019-11-22	8.930523601	8.880909581	8.930523601	8.930523601	88180
2019-11-25	8.880909581	8.781681541	8.930523601	8.880909581	335993
2019-11-26	8.880909581	8.880909581	8.930523601	8.930523601	312613
2019-11-27	8.880909581	8.880909581	8.980137621	8.930523601	534828
2019-11-28	8.980137621	8.880909581	8.980137621	8.980137621	1374813
2019-11-29	8.930523601	8.880909581	9.029751641	9.029751641	454810
2019-12-02	8.930523601	8.880909581	8.930523601	8.880909581	47869
2019-12-03	8.880909581	8.831295561	8.930523601	8.930523601	166888
2019-12-04	8.880909581	8.682453501	8.880909581	8.781681541	220804
2019-12-06	8.831295561	8.781681541	8.880909581	8.880909581	58652
2019-12-09	8.880909581	8.682453501	8.880909581	8.732067521	220199
2019-12-11	8.732067521	8.235927321	8.732067521	8.235927321	756036
2019-12-12	8.285541341	7.938243201	8.335155361	7.938243201	1169729
2019-12-13	7.938243201	7.839015161	7.938243201	7.839015161	1153907
2019-12-16	7.789401141	7.491717021	7.789401141	7.541331041	1396480
2019-12-17	7.590945061	7.541331041	7.739787121	7.739787121	2032389
2019-12-18	7.739787121	7.739787121	7.839015161	7.839015161	2100716
2019-12-19	7.839015161	7.839015161	8.434383401	8.384769381	1227072
2019-12-20	8.384769381	8.335155361	8.583225461	8.583225461	268371
2019-12-23	8.533611441	8.483997421	8.583225461	8.483997421	171221
2019-12-24	8.434383401	8.335155361	8.583225461	8.483997421	284899
2019-12-25	8.533611441	8.483997421	8.533611441	8.533611441	1387309
2019-12-26	8.583225461	8.583225461	8.732067521	8.732067521	202160
2019-12-27	8.732067521	8.732067521	8.781681541	8.781681541	392530
2019-12-30	8.781681541	8.682453501	8.781681541	8.732067521	993670
2020-01-02	8.831295561	8.781681541	8.880909581	8.880909581	174245
2020-01-03	8.880909581	8.781681541	8.880909581	8.831295561	219796
2020-01-06	8.831295561	8.781681541	8.831295561	8.831295561	227052
2020-01-07	8.831295561	8.781681541	8.831295561	8.831295561	205889
2020-01-08	8.831295561	8.533611441	8.831295561	8.533611441	374490
2020-01-09	8.583225461	8.533611441	8.583225461	8.533611441	106925
2020-01-10	8.483997421	8.384769381	8.533611441	8.483997421	489982
2020-01-13	8.483997421	8.434383401	8.483997421	8.483997421	383157
2020-01-14	8.434383401	8.384769381	8.533611441	8.533611441	483331
2020-01-15	8.483997421	8.434383401	8.483997421	8.434383401	165477
2020-01-16	8.434383401	8.434383401	8.483997421	8.434383401	53109
2020-01-17	8.483997421	8.483997421	8.583225461	8.583225461	32551
2020-01-20	8.583225461	8.583225461	8.732067521	8.682453501	110150
2020-01-21	8.732067521	8.533611441	8.781681541	8.583225461	166585
2020-01-22	8.583225461	8.533611441	8.682453501	8.632839481	469524
2020-01-23	8.632839481	8.533611441	8.682453501	8.583225461	60466
2020-01-24	8.583225461	8.583225461	8.732067521	8.682453501	303845
2020-01-27	8.632839481	8.632839481	8.732067521	8.732067521	373684
2020-01-28	8.732067521	8.632839481	8.732067521	8.632839481	48675
2020-01-29	8.632839481	8.583225461	8.682453501	8.682453501	29628
2020-01-30	8.682453501	8.483997421	8.682453501	8.533611441	179183
2020-01-31	8.533611441	8.434383401	8.533611441	8.483997421	278348
2020-02-03	8.434383401	8.434383401	8.583225461	8.583225461	4232
2020-02-04	8.583225461	8.483997421	8.583225461	8.583225461	492602
2020-02-05	8.583225461	8.583225461	8.682453501	8.682453501	75583
2020-02-06	8.682453501	8.583225461	8.682453501	8.632839481	44644
2020-02-07	8.583225461	8.583225461	8.732067521	8.732067521	69637
2020-02-11	8.781681541	8.682453501	8.831295561	8.732067521	177369
2020-02-12	8.632839481	8.632839481	8.732067521	8.732067521	64497
2020-02-13	8.732067521	8.682453501	8.781681541	8.781681541	243681
2020-02-14	8.781681541	8.632839481	8.831295561	8.831295561	785866
2020-02-17	8.781681541	8.781681541	8.930523601	8.880909581	489377
2020-02-18	8.831295561	8.831295561	8.980137621	8.980137621	333071
2020-02-19	9.029751641	8.831295561	9.128979681	8.980137621	2024629
2020-02-20	8.980137621	8.930523601	8.980137621	8.980137621	257588
2020-02-21	9.079365661	8.831295561	9.079365661	8.930523601	296287
2020-02-24	8.930523601	8.533611441	8.930523601	8.632839481	570302
2020-02-25	8.583225461	8.533611441	8.682453501	8.632839481	494517
2020-02-26	8.533611441	8.434383401	8.632839481	8.483997421	193594
2020-02-27	8.483997421	8.384769381	8.632839481	8.632839481	631676
2020-02-28	8.037471241	8.037471241	8.434383401	8.434383401	760470
2020-03-02	8.434383401	8.037471241	8.434383401	8.335155361	418127
2020-03-03	8.434383401	8.335155361	8.434383401	8.384769381	168399
2020-03-04	8.384769381	8.335155361	8.533611441	8.533611441	199943
2020-03-05	8.533611441	8.533611441	8.732067521	8.632839481	643164
2020-03-06	8.583225461	8.533611441	8.632839481	8.533611441	375397
2020-03-09	8.533611441	8.335155361	8.533611441	8.335155361	252952
2020-03-10	8.384769381	8.335155361	8.384769381	8.335155361	127584
2020-03-11	8.434383401	8.285541341	8.434383401	8.384769381	96343
2020-03-12	8.186313301	7.789401141	8.186313301	7.938243201	383762
2020-03-13	5.755226321	5.755226321	7.690173101	7.243646921	717337
2020-03-16	7.045190841	6.896348781	7.243646921	6.896348781	794835
2020-03-17	6.846734761	6.697892701	6.846734761	6.697892701	933304
2020-03-18	6.896348781	6.648278681	6.896348781	6.648278681	80622
2020-03-19	6.846734761	6.648278681	6.846734761	6.697892701	109243
2020-03-20	6.697892701	6.697892701	7.144418881	7.144418881	202563
2020-03-23	6.945962801	6.549050641	6.945962801	6.549050641	424577
2020-03-24	6.598664661	6.549050641	6.747506721	6.598664661	157717
2020-03-25	6.797120741	6.747506721	6.846734761	6.846734761	376808
2020-03-26	6.797120741	6.747506721	6.896348781	6.747506721	177570
2020-03-27	6.747506721	6.549050641	6.747506721	6.697892701	423569
2020-03-30	6.697892701	6.251366521	6.697892701	6.350594561	808944
2020-03-31	6.350594561	6.350594561	6.697892701	6.499436621	1582214
2020-04-01	6.499436621	6.499436621	6.697892701	6.499436621	199036
2020-04-02	6.499436621	6.499436621	6.648278681	6.598664661	44745
2020-04-03	6.697892701	6.549050641	6.697892701	6.648278681	64800
2020-04-07	6.747506721	6.499436621	6.896348781	6.846734761	139174
2020-04-08	6.846734761	6.747506721	6.846734761	6.797120741	40109
2020-04-09	6.896348781	6.846734761	6.995576821	6.945962801	3946162
2020-04-10	7.045190841	7.045190841	7.194032901	7.144418881	77901
2020-04-13	6.995576821	6.945962801	7.392488981	7.392488981	315031
2020-04-14	7.491717021	7.442103001	7.690173101	7.640559081	53009
2020-04-15	7.640559081	7.442103001	7.690173101	7.491717021	272201
2020-04-16	7.491717021	7.392488981	7.491717021	7.392488981	73164
2020-04-17	7.392488981	7.342874961	7.491717021	7.491717021	187850
2020-04-20	7.442103001	7.442103001	7.541331041	7.541331041	156608
2020-04-21	7.541331041	7.442103001	7.541331041	7.442103001	45350
2020-04-22	7.342874961	7.342874961	7.491717021	7.491717021	41016
2020-04-23	7.491717021	7.442103001	7.541331041	7.491717021	53815
2020-04-24	7.541331041	7.491717021	7.690173101	7.640559081	149756
2020-04-27	7.590945061	7.590945061	7.839015161	7.789401141	438081
2020-04-28	7.789401141	7.739787121	7.839015161	7.839015161	23078
2020-04-29	7.839015161	7.789401141	7.987857221	7.938243201	314124
2020-04-30	7.938243201	7.839015161	8.037471241	8.037471241	152577
2020-05-05	8.037471241	7.690173101	8.037471241	7.739787121	502478
2020-05-07	7.789401141	7.590945061	7.789401141	7.640559081	148546
2020-05-08	7.640559081	7.590945061	7.690173101	7.640559081	41822
2020-05-11	7.690173101	7.690173101	7.938243201	7.888629181	868706
2020-05-12	7.938243201	7.839015161	7.938243201	7.888629181	638428
2020-05-13	7.888629181	7.789401141	7.888629181	7.839015161	183919
2020-05-14	7.839015161	7.789401141	7.888629181	7.789401141	351715
2020-05-15	7.839015161	7.839015161	8.037471241	8.037471241	551759
2020-05-18	8.136699281	7.938243201	8.136699281	8.037471241	721368
2020-05-19	8.037471241	7.987857221	8.087085261	8.037471241	902265
2020-05-20	8.087085261	7.938243201	8.087085261	7.987857221	304853
2020-05-21	8.087085261	8.037471241	8.087085261	8.037471241	369653
2020-05-22	8.037471241	8.037471241	8.087085261	8.087085261	334985
2020-05-25	8.037471241	8.037471241	8.186313301	8.186313301	263433
2020-05-26	8.235927321	8.186313301	8.335155361	8.335155361	510339
2020-05-27	8.384769381	8.335155361	8.384769381	8.384769381	368242
2020-05-28	8.533611441	8.434383401	8.583225461	8.483997421	410670
2020-05-29	8.483997421	8.434383401	8.533611441	8.533611441	678034
2020-06-01	8.384769381	8.384769381	8.483997421	8.434383401	150360
2020-06-02	8.483997421	8.434383401	8.533611441	8.483997421	292155
2020-06-04	8.533611441	8.483997421	8.632839481	8.632839481	723182
2020-06-05	8.632839481	8.632839481	8.732067521	8.732067521	107429
2020-06-08	8.732067521	8.533611441	8.732067521	8.533611441	1002942
2020-06-09	8.533611441	8.483997421	8.632839481	8.533611441	527371
2020-06-10	8.533611441	8.483997421	8.533611441	8.483997421	299411
2020-06-11	8.483997421	8.483997421	8.583225461	8.583225461	180392
2020-06-12	8.483997421	8.434383401	8.682453501	8.632839481	559116
2020-06-15	8.583225461	8.483997421	8.583225461	8.533611441	183415
2020-06-16	8.533611441	8.533611441	8.632839481	8.533611441	210122
2020-06-17	8.583225461	8.434383401	8.583225461	8.483997421	121235
2020-06-18	8.533611441	8.384769381	8.583225461	8.434383401	213246
2020-06-19	8.483997421	8.186313301	8.533611441	8.483997421	709275
2020-06-22	8.483997421	8.434383401	8.483997421	8.434383401	116196
2020-06-23	8.533611441	8.434383401	8.533611441	8.434383401	127383
2020-06-24	8.434383401	8.384769381	8.483997421	8.384769381	151670
2020-06-25	8.335155361	8.285541341	8.384769381	8.335155361	190571
2020-06-26	8.335155361	8.136699281	8.335155361	8.136699281	521828
2020-06-29	8.136699281	7.938243201	8.186313301	8.037471241	124259
2020-06-30	8.037471241	8.037471241	8.087085261	8.037471241	131716
2020-07-01	8.037471241	8.037471241	8.087085261	8.087085261	225641
2020-07-02	7.987857221	7.987857221	8.186313301	8.087085261	231285
2020-07-03	8.136699281	8.136699281	8.186313301	8.186313301	25799
2020-07-07	8.136699281	8.136699281	8.235927321	8.136699281	151066
2020-07-08	8.136699281	8.087085261	8.235927321	8.136699281	395755
2020-07-09	8.136699281	8.136699281	8.136699281	8.136699281	126375
2020-07-10	8.136699281	8.136699281	8.186313301	8.186313301	89390
2020-07-13	8.136699281	8.136699281	8.186313301	8.136699281	165779
2020-07-14	8.136699281	8.136699281	8.235927321	8.235927321	157012
2020-07-15	8.235927321	8.186313301	8.235927321	8.186313301	65001
2020-07-16	8.186313301	7.938243201	8.186313301	8.037471241	578263
2020-07-17	8.087085261	7.987857221	8.087085261	7.987857221	308985
2020-07-20	8.037471241	7.987857221	8.037471241	7.987857221	432942
2020-07-21	8.037471241	7.938243201	8.087085261	8.037471241	625125
2020-07-22	8.087085261	7.987857221	8.087085261	8.037471241	214757
2020-07-23	7.987857221	7.987857221	8.087085261	8.087085261	339420
2020-07-24	8.136699281	8.037471241	8.136699281	8.087085261	114282
2020-07-29	8.087085261	8.037471241	8.087085261	8.037471241	32349
2020-07-30	8.037471241	7.987857221	8.037471241	7.987857221	68226
2020-07-31	7.938243201	7.938243201	8.037471241	8.037471241	112972
2020-08-03	8.037471241	7.987857221	8.037471241	7.987857221	98460
2020-08-04	7.987857221	7.938243201	8.037471241	7.938243201	276937
2020-08-05	7.987857221	7.938243201	8.037471241	7.987857221	633691
2020-08-06	7.987857221	7.938243201	7.987857221	7.987857221	85862
2020-08-07	7.987857221	7.839015161	7.987857221	7.987857221	441709
2020-08-10	7.987857221	7.987857221	8.087085261	8.037471241	155298
2020-08-11	8.037471241	8.037471241	8.087085261	8.087085261	361188
2020-08-13	8.087085261	8.037471241	8.136699281	8.136699281	278651
2020-08-14	8.186313301	8.087085261	8.186313301	8.186313301	123352
2020-08-17	8.186313301	8.087085261	8.186313301	8.087085261	174043
2020-08-18	7.938243201	7.888629181	7.938243201	7.938243201	304349
2020-08-19	7.938243201	7.888629181	7.938243201	7.938243201	236425
2020-08-20	7.987857221	7.839015161	7.987857221	7.839015161	162454
2020-08-21	7.839015161	7.839015161	8.037471241	8.037471241	291752
2020-08-24	7.938243201	7.888629181	7.987857221	7.938243201	233603
2020-08-25	7.938243201	7.888629181	7.938243201	7.938243201	133026
2020-08-26	7.938243201	7.888629181	7.938243201	7.888629181	83948
2020-08-27	7.888629181	7.888629181	7.938243201	7.938243201	172027
2020-08-28	7.938243201	7.938243201	7.987857221	7.987857221	108940
2020-08-31	7.987857221	7.938243201	8.037471241	7.987857221	126980
2020-09-01	7.987857221	7.938243201	7.987857221	7.938243201	60063
2020-09-02	7.938243201	7.938243201	8.037471241	8.037471241	341234
2020-09-03	8.037471241	7.987857221	8.037471241	7.987857221	138166
2020-09-08	7.938243201	7.888629181	7.987857221	7.888629181	499959
2020-09-09	7.987857221	7.888629181	7.987857221	7.938243201	131515
2020-09-10	7.888629181	7.888629181	7.987857221	7.938243201	123150
2020-09-11	7.987857221	7.938243201	8.037471241	7.938243201	37287
2020-09-14	7.938243201	7.888629181	7.938243201	7.938243201	5744
2020-09-15	7.888629181	7.888629181	7.888629181	7.888629181	285100
2020-09-16	7.938243201	7.888629181	7.987857221	7.938243201	99467
2020-09-17	7.938243201	7.938243201	7.987857221	7.938243201	359374
2020-09-18	7.938243201	7.839015161	7.987857221	7.839015161	1794553
2020-09-21	7.888629181	7.888629181	7.938243201	7.938243201	13907
2020-09-22	7.938243201	7.938243201	7.987857221	7.938243201	487362
2020-09-23	7.839015161	7.739787121	7.888629181	7.739787121	667351
2020-09-24	7.839015161	7.839015161	7.888629181	7.888629181	608195
2020-09-25	7.839015161	7.789401141	7.839015161	7.789401141	68730
2020-09-28	7.789401141	7.789401141	7.938243201	7.938243201	29427
2020-09-29	7.938243201	7.938243201	7.938243201	7.938243201	15822
2020-09-30	7.938243201	7.839015161	7.938243201	7.839015161	52404
2020-10-01	7.839015161	7.839015161	7.888629181	7.888629181	10682
2020-10-02	7.888629181	7.789401141	7.888629181	7.888629181	130809
2020-10-05	7.938243201	7.888629181	7.938243201	7.888629181	8364
2020-10-06	7.938243201	7.888629181	7.938243201	7.938243201	15519
2020-10-07	7.888629181	7.839015161	7.888629181	7.888629181	49179
2020-10-08	7.938243201	7.888629181	7.938243201	7.938243201	3224
2020-10-09	7.839015161	7.839015161	7.888629181	7.888629181	17636
2020-10-12	7.839015161	7.789401141	7.888629181	7.839015161	55931
2020-10-14	7.839015161	7.839015161	7.888629181	7.839015161	46055
2020-10-15	7.839015161	7.739787121	7.839015161	7.789401141	275023
2020-10-16	7.839015161	7.789401141	7.839015161	7.789401141	27411
2020-10-19	7.839015161	7.640559081	7.839015161	7.739787121	124460
2020-10-20	7.739787121	7.590945061	7.739787121	7.640559081	34667
2020-10-21	7.690173101	7.442103001	7.690173101	7.442103001	189160
2020-10-22	7.442103001	7.442103001	7.541331041	7.442103001	128895
2020-10-26	7.491717021	7.442103001	7.491717021	7.442103001	171120
2020-10-27	7.442103001	7.442103001	7.491717021	7.442103001	49381
2020-10-28	7.442103001	7.392488981	7.442103001	7.392488981	82234
2020-10-29	7.442103001	7.342874961	7.442103001	7.342874961	79715
2020-10-30	7.392488981	7.342874961	7.392488981	7.342874961	326016
2020-11-02	7.392488981	7.342874961	7.392488981	7.392488981	565465
2020-11-03	7.442103001	7.342874961	7.491717021	7.342874961	520921
2020-11-04	7.392488981	7.392488981	7.442103001	7.392488981	298202
2020-11-05	7.442103001	7.392488981	7.442103001	7.442103001	336598
2020-11-06	7.491717021	7.442103001	7.541331041	7.491717021	251340
2020-11-09	7.541331041	7.491717021	7.541331041	7.541331041	62885
2020-11-10	7.541331041	7.491717021	7.590945061	7.541331041	302535
2020-11-11	7.541331041	7.491717021	7.541331041	7.541331041	456322
2020-11-12	7.541331041	7.491717021	7.590945061	7.491717021	643568
2020-11-13	7.541331041	7.541331041	7.590945061	7.541331041	325109
2020-11-16	7.541331041	7.541331041	7.690173101	7.590945061	1289756
2020-11-17	7.640559081	7.590945061	7.640559081	7.590945061	707864
2020-11-18	7.640559081	7.541331041	7.640559081	7.590945061	444833
2020-11-19	7.590945061	7.590945061	7.690173101	7.590945061	1287539
2020-11-20	7.590945061	7.590945061	7.640559081	7.640559081	919095
2020-11-23	7.590945061	7.590945061	7.690173101	7.590945061	2137802
2020-11-24	7.442103001	7.342874961	7.491717021	7.342874961	3679605
2020-11-25	7.392488981	7.342874961	7.442103001	7.392488981	733260
2020-11-26	7.392488981	7.342874961	7.491717021	7.442103001	1251662
2020-11-27	7.491717021	7.442103001	7.491717021	7.491717021	177268
2020-11-30	7.491717021	7.442103001	7.541331041	7.491717021	531502
2020-12-01	7.541331041	7.491717021	7.640559081	7.590945061	598419
2020-12-02	7.590945061	7.590945061	7.640559081	7.590945061	180795
2020-12-03	7.590945061	7.590945061	7.640559081	7.640559081	382855
2020-12-04	7.590945061	7.491717021	7.640559081	7.491717021	999918
2020-12-08	7.541331041	7.541331041	7.590945061	7.541331041	468415
2020-12-09	7.590945061	7.541331041	7.640559081	7.640559081	1113092
2020-12-14	7.640559081	7.541331041	7.640559081	7.590945061	578163
2020-12-15	7.590945061	7.590945061	7.938243201	7.938243201	564759
2020-12-16	7.938243201	7.938243201	8.136699281	8.136699281	704437
2020-12-17	8.136699281	7.888629181	8.136699281	7.938243201	787378
2020-12-18	7.789401141	7.739787121	7.839015161	7.739787121	1423891
2020-12-21	7.640559081	7.491717021	7.739787121	7.491717021	1453319
2020-12-22	7.491717021	7.442103001	7.590945061	7.541331041	1099487
2020-12-23	7.590945061	7.442103001	7.590945061	7.491717021	1008988
2020-12-24	7.541331041	7.491717021	7.640559081	7.640559081	707562
2020-12-25	7.640559081	7.590945061	7.690173101	7.640559081	351009
2020-12-28	7.640559081	7.541331041	7.690173101	7.640559081	208408
2020-12-29	7.640559081	7.590945061	7.640559081	7.640559081	310295
2020-12-30	7.640559081	7.590945061	7.690173101	7.590945061	392731
2021-01-04	7.541331041	7.442103001	7.541331041	7.442103001	1704760
2021-01-05	7.442103001	7.442103001	7.590945061	7.491717021	881303
2021-01-06	7.541331041	7.491717021	7.590945061	7.491717021	584713
2021-01-07	7.541331041	7.491717021	7.541331041	7.541331041	337606
2021-01-08	7.491717021	7.491717021	7.590945061	7.541331041	393739
2021-01-11	7.590945061	7.541331041	7.590945061	7.541331041	115693
2021-01-12	7.541331041	7.491717021	7.541331041	7.491717021	829402
2021-01-13	7.491717021	7.442103001	7.541331041	7.442103001	941971
2021-01-14	7.541331041	7.491717021	7.541331041	7.541331041	542991
2021-01-15	7.491717021	7.491717021	7.541331041	7.491717021	214052
2021-01-18	7.491717021	7.442103001	7.541331041	7.442103001	309993
2021-01-19	7.491717021	7.491717021	7.541331041	7.491717021	346273
2021-01-20	7.491717021	7.491717021	7.541331041	7.541331041	178780
2021-01-21	7.541331041	7.491717021	7.541331041	7.491717021	245999
2021-01-22	7.491717021	7.491717021	7.590945061	7.541331041	575039
2021-01-25	7.590945061	7.541331041	7.640559081	7.590945061	640443
2021-01-26	7.640559081	7.541331041	7.640559081	7.541331041	204680
2021-01-27	7.442103001	7.442103001	7.590945061	7.491717021	597915
2021-01-28	7.491717021	7.442103001	7.541331041	7.491717021	320675
2021-01-29	7.491717021	7.442103001	7.541331041	7.491717021	206191
2021-02-01	7.491717021	7.442103001	7.491717021	7.442103001	296085
2021-02-02	7.491717021	7.442103001	7.491717021	7.442103001	883621
2021-02-03	7.442103001	7.342874961	7.442103001	7.342874961	1143124
2021-02-04	7.392488981	7.342874961	7.392488981	7.392488981	581488
2021-02-05	7.392488981	7.342874961	7.442103001	7.442103001	461663
2021-02-08	7.442103001	7.392488981	7.491717021	7.491717021	331156
2021-02-09	7.491717021	7.442103001	7.541331041	7.541331041	167795
2021-02-10	7.491717021	7.442103001	7.541331041	7.541331041	392328
2021-02-11	7.541331041	7.442103001	7.541331041	7.541331041	230983
2021-02-15	7.541331041	7.491717021	7.640559081	7.640559081	570504
2021-02-16	7.640559081	7.491717021	7.640559081	7.491717021	771354
2021-02-17	7.541331041	7.491717021	7.590945061	7.541331041	191075
2021-02-18	7.590945061	7.491717021	7.590945061	7.590945061	878481
2021-02-19	7.590945061	7.442103001	7.590945061	7.541331041	892892
2021-02-22	7.541331041	7.442103001	7.541331041	7.442103001	688313
2021-02-23	7.491717021	7.442103001	7.541331041	7.491717021	185028
2021-02-24	7.491717021	7.442103001	7.491717021	7.491717021	300923
2021-02-25	7.491717021	7.392488981	7.491717021	7.442103001	1192505
2021-03-01	7.392488981	7.293260941	7.392488981	7.342874961	1557120
2021-03-02	7.342874961	7.293260941	7.342874961	7.342874961	389204
2021-03-03	7.342874961	7.293260941	7.392488981	7.342874961	878078
2021-03-04	7.342874961	7.342874961	7.392488981	7.342874961	991554
2021-03-05	7.342874961	7.293260941	7.392488981	7.392488981	719857
2021-03-08	7.392488981	7.392488981	7.442103001	7.442103001	123654
2021-03-09	7.442103001	7.392488981	7.541331041	7.541331041	1214979
2021-03-10	7.541331041	7.541331041	7.739787121	7.690173101	2333614
2021-03-11	7.690173101	7.640559081	7.739787121	7.690173101	1113697
2021-03-12	7.690173101	7.590945061	7.789401141	7.739787121	2445578
2021-03-15	7.739787121	7.690173101	7.839015161	7.789401141	612830
2021-03-16	7.739787121	7.739787121	7.789401141	7.789401141	539262
2021-03-17	7.690173101	7.690173101	7.789401141	7.739787121	494013
2021-03-18	7.789401141	7.739787121	7.789401141	7.739787121	735578
2021-03-19	7.739787121	7.690173101	7.789401141	7.739787121	1232413
2021-03-22	7.739787121	7.739787121	7.839015161	7.789401141	332869
2021-03-23	7.789401141	7.739787121	7.839015161	7.839015161	312008
2021-03-24	7.789401141	7.739787121	7.839015161	7.839015161	964848
2021-03-25	7.789401141	7.789401141	7.888629181	7.839015161	345869
2021-03-26	7.839015161	7.789401141	7.839015161	7.839015161	172834
2021-03-29	7.839015161	7.789401141	7.888629181	7.839015161	303039
2021-03-30	7.789401141	7.789401141	7.888629181	7.888629181	868706
2021-03-31	7.888629181	7.839015161	7.888629181	7.839015161	222920
2021-04-01	7.888629181	7.839015161	7.938243201	7.938243201	566271
2021-04-02	7.938243201	7.839015161	7.938243201	7.888629181	64901
2021-04-05	7.938243201	7.839015161	7.938243201	7.938243201	161849
2021-04-07	7.888629181	7.839015161	7.938243201	7.938243201	841294
2021-04-08	7.938243201	7.839015161	7.938243201	7.839015161	419236
2021-04-09	7.938243201	7.888629181	7.938243201	7.938243201	241564
2021-04-12	7.888629181	7.739787121	7.888629181	7.839015161	1901176
2021-04-16	7.839015161	7.739787121	7.888629181	7.888629181	732252
2021-04-19	7.888629181	7.888629181	8.037471241	7.987857221	846333
2021-04-20	7.987857221	7.987857221	8.136699281	8.136699281	1259926
2021-04-21	8.136699281	8.087085261	8.285541341	8.285541341	1176381
2021-04-22	8.285541341	8.136699281	8.335155361	8.186313301	652033
2021-04-23	8.186313301	8.037471241	8.186313301	8.087085261	838976
2021-04-26	8.136699281	7.987857221	8.235927321	8.235927321	397871
2021-04-27	8.235927321	8.087085261	8.235927321	8.235927321	324807
2021-04-28	8.136699281	8.136699281	8.235927321	8.235927321	236727
2021-04-29	8.235927321	8.186313301	8.285541341	8.285541341	1733179
2021-04-30	8.235927321	8.235927321	8.285541341	8.235927321	462570
2021-05-05	8.335155361	8.235927321	8.335155361	8.285541341	368141
2021-05-06	8.285541341	8.235927321	8.384769381	8.384769381	790099
2021-05-07	8.384769381	8.384769381	8.434383401	8.434383401	671584
2021-05-10	8.483997421	8.434383401	8.483997421	8.434383401	677227
2021-05-11	8.434383401	8.384769381	8.483997421	8.434383401	466501
2021-05-12	8.434383401	8.335155361	8.434383401	8.384769381	647800
2021-05-13	8.384769381	8.235927321	8.384769381	8.335155361	701716
2021-05-14	8.335155361	8.235927321	8.384769381	8.285541341	765509
2021-05-17	8.384769381	8.285541341	8.384769381	8.384769381	792517
2021-05-18	8.384769381	8.384769381	8.632839481	8.533611441	1493327
2021-05-19	8.533611441	8.483997421	8.583225461	8.483997421	561131
2021-05-20	8.434383401	8.434383401	8.533611441	8.533611441	310093
2021-05-21	8.533611441	8.384769381	8.533611441	8.483997421	723686
2021-05-24	8.483997421	8.384769381	8.483997421	8.434383401	772866
2021-05-25	8.335155361	8.285541341	8.335155361	8.335155361	114886
2021-05-27	8.335155361	8.235927321	8.335155361	8.335155361	384871
2021-05-28	8.285541341	8.285541341	8.335155361	8.335155361	87374
2021-05-31	8.335155361	8.285541341	8.483997421	8.434383401	278651
2021-06-01	8.434383401	8.285541341	8.434383401	8.434383401	1093138
2021-06-02	8.335155361	8.335155361	8.384769381	8.384769381	173136
2021-06-04	8.434383401	8.285541341	8.434383401	8.434383401	407949
2021-06-07	8.483997421	8.384769381	8.483997421	8.434383401	559216
2021-06-08	8.384769381	8.384769381	8.434383401	8.434383401	216874
2021-06-09	8.335155361	8.335155361	8.434383401	8.434383401	158322
2021-06-10	8.434383401	8.384769381	8.533611441	8.434383401	561837
2021-06-11	8.434383401	8.434383401	8.533611441	8.533611441	294775
2021-06-14	8.533611441	8.384769381	8.533611441	8.533611441	636815
2021-06-15	8.483997421	8.434383401	8.632839481	8.632839481	622707
2021-06-16	8.632839481	8.583225461	8.632839481	8.632839481	545007
2021-06-17	8.632839481	8.583225461	8.732067521	8.632839481	964747
2021-06-18	8.632839481	8.632839481	8.781681541	8.632839481	1814910
2021-06-21	8.732067521	8.632839481	8.732067521	8.682453501	473253
2021-06-22	8.781681541	8.682453501	8.781681541	8.781681541	436670
2021-06-23	8.781681541	8.682453501	8.781681541	8.781681541	703127
2021-06-24	8.781681541	8.632839481	8.781681541	8.781681541	286511
2021-06-25	8.781681541	8.632839481	8.781681541	8.632839481	452089
2021-06-28	8.632839481	8.632839481	8.682453501	8.682453501	46458
2021-06-29	8.682453501	8.632839481	8.781681541	8.732067521	461966
2021-06-30	8.781681541	8.682453501	8.831295561	8.831295561	698693
2021-07-01	8.831295561	8.732067521	8.831295561	8.831295561	53513
2021-07-02	8.831295561	8.732067521	8.831295561	8.831295561	221006
2021-07-05	8.781681541	8.732067521	8.831295561	8.831295561	216773
2021-07-06	8.732067521	8.732067521	8.880909581	8.880909581	224029
2021-07-07	8.781681541	8.732067521	8.831295561	8.732067521	155601
2021-07-08	8.682453501	8.583225461	8.732067521	8.583225461	563248
2021-07-09	8.533611441	8.533611441	8.632839481	8.533611441	448562
2021-07-12	8.533611441	8.533611441	8.632839481	8.583225461	109545
2021-07-13	8.533611441	8.533611441	8.732067521	8.732067521	332970
2021-07-14	8.682453501	8.533611441	8.682453501	8.583225461	313217
2021-07-15	8.583225461	8.483997421	8.632839481	8.632839481	685693
2021-07-16	8.583225461	8.533611441	8.632839481	8.632839481	445539
2021-07-19	8.632839481	8.533611441	8.732067521	8.632839481	235114
2021-07-20	8.533611441	8.235927321	8.732067521	8.732067521	1145643
2021-07-21	8.632839481	8.533611441	8.682453501	8.632839481	168601
2021-07-22	8.583225461	8.583225461	8.732067521	8.682453501	237533
2021-07-23	8.682453501	8.632839481	8.732067521	8.632839481	638025
2021-07-27	8.732067521	8.632839481	8.732067521	8.682453501	325714
2021-07-29	8.632839481	8.632839481	8.682453501	8.682453501	462167
2021-07-30	8.732067521	8.583225461	8.732067521	8.583225461	1250553
2021-08-02	8.583225461	8.533611441	8.632839481	8.632839481	517494
2021-08-03	8.632839481	8.632839481	8.732067521	8.732067521	88382
2021-08-04	8.682453501	8.682453501	8.781681541	8.732067521	116499
2021-08-05	8.682453501	8.682453501	8.732067521	8.732067521	177268
2021-08-06	8.632839481	8.583225461	8.682453501	8.682453501	33055
2021-08-09	8.632839481	8.583225461	8.732067521	8.732067521	531301
2021-08-10	8.732067521	8.732067521	8.781681541	8.781681541	126274
2021-08-11	8.732067521	8.682453501	8.781681541	8.781681541	297698
2021-08-13	8.781681541	8.682453501	8.781681541	8.732067521	124662
2021-08-16	8.682453501	8.632839481	8.732067521	8.682453501	220804
2021-08-17	8.682453501	8.632839481	8.732067521	8.732067521	376204
2021-08-18	8.732067521	8.682453501	8.781681541	8.781681541	176663
2021-08-19	8.682453501	8.384769381	8.682453501	8.483997421	871225
2021-08-20	8.434383401	8.434383401	8.583225461	8.483997421	642661
2021-08-23	8.483997421	8.483997421	8.682453501	8.682453501	73366
2021-08-24	8.682453501	8.682453501	8.732067521	8.732067521	159329
2021-08-25	8.682453501	8.682453501	8.732067521	8.732067521	206594
2021-08-26	8.732067521	8.682453501	8.781681541	8.732067521	250634
2021-08-27	8.732067521	8.732067521	8.781681541	8.781681541	95940
2021-08-30	8.781681541	8.732067521	8.781681541	8.732067521	165175
2021-08-31	8.781681541	8.732067521	8.831295561	8.732067521	745656
2021-09-01	8.831295561	8.781681541	8.831295561	8.781681541	100878
2021-09-02	8.781681541	8.781681541	8.831295561	8.781681541	126879
2021-09-03	8.732067521	8.682453501	8.781681541	8.781681541	1037206
2021-09-06	8.682453501	8.682453501	8.831295561	8.781681541	22574
2021-09-07	8.781681541	8.732067521	8.831295561	8.831295561	1428930
2021-09-08	8.831295561	8.781681541	8.831295561	8.831295561	79413
2021-09-09	8.781681541	8.781681541	8.930523601	8.930523601	465997
2021-09-10	8.930523601	8.781681541	9.128979681	8.880909581	2335831
2021-09-13	9.079365661	8.930523601	9.079365661	9.079365661	365219
2021-09-14	9.079365661	9.079365661	9.178593701	9.079365661	835953
2021-09-15	9.079365661	9.079365661	9.228207721	9.228207721	1663340
2021-09-16	9.228207721	9.128979681	9.228207721	9.128979681	1033981
2021-09-17	9.178593701	9.029751641	9.178593701	9.029751641	3468374
2021-09-20	9.029751641	9.029751641	9.128979681	9.128979681	280565
2021-09-21	9.128979681	9.079365661	9.128979681	9.079365661	548736
2021-09-22	9.079365661	9.029751641	9.128979681	9.029751641	1114503
2021-09-23	9.079365661	9.029751641	9.128979681	9.128979681	415104
2021-09-27	9.079365661	9.029751641	9.079365661	9.079365661	83544
2021-09-28	9.029751641	9.029751641	9.079365661	9.079365661	304954
2021-09-29	9.079365661	9.029751641	9.128979681	9.029751641	408856
2021-09-30	9.128979681	9.029751641	9.128979681	9.079365661	60265
2021-10-01	9.079365661	9.029751641	9.079365661	9.029751641	95436
2021-10-04	8.980137621	8.980137621	9.079365661	9.079365661	646490
2021-10-05	9.128979681	9.079365661	9.128979681	9.079365661	119724
2021-10-06	9.128979681	9.079365661	9.128979681	9.128979681	138065
2021-10-07	9.178593701	9.079365661	9.178593701	9.128979681	534022
2021-10-08	9.128979681	9.079365661	9.178593701	9.128979681	69335
2021-10-11	9.128979681	8.980137621	9.128979681	8.980137621	395150
2021-10-12	8.980137621	8.980137621	9.079365661	9.079365661	404018
2021-10-14	9.029751641	8.980137621	9.079365661	9.029751641	2854334
2021-10-15	9.029751641	8.980137621	9.029751641	9.029751641	95033
2021-10-18	9.029751641	8.980137621	9.029751641	9.029751641	75482
2021-10-19	8.980137621	8.930523601	8.980137621	8.930523601	908311
2021-10-20	8.880909581	8.880909581	9.029751641	8.980137621	397871
2021-10-21	8.980137621	8.880909581	8.980137621	8.980137621	1663441
2021-10-25	8.930523601	8.880909581	9.029751641	8.980137621	53714
2021-10-26	8.980137621	8.930523601	8.980137621	8.930523601	30434
2021-10-27	8.930523601	8.930523601	8.980137621	8.930523601	75986
2021-10-28	9.029751641	8.930523601	9.029751641	9.029751641	894706
2021-10-29	8.930523601	8.930523601	9.029751641	9.029751641	105212
2021-11-01	8.980137621	8.980137621	9.029751641	9.029751641	99165
2021-11-02	9.029751641	8.980137621	9.029751641	9.029751641	63792
2021-11-03	9.029751641	8.930523601	9.029751641	8.930523601	185532
2021-11-04	8.930523601	8.930523601	9.029751641	8.930523601	735880
2021-11-05	8.930523601	8.930523601	9.029751641	9.029751641	168198
2021-11-08	8.930523601	8.880909581	9.029751641	8.930523601	212540
2021-11-09	8.880909581	8.880909581	8.930523601	8.930523601	157515
2021-11-10	8.980137621	8.930523601	9.029751641	8.980137621	121538
2021-11-11	9.029751641	8.980137621	9.079365661	9.029751641	903978
2021-11-12	8.980137621	8.831295561	8.980137621	8.980137621	355040
2021-11-15	9.029751641	8.980137621	9.029751641	8.980137621	145825
2021-11-16	9.029751641	8.980137621	9.029751641	8.980137621	375297
2021-11-17	8.980137621	8.930523601	9.029751641	8.980137621	377514
2021-11-18	8.930523601	8.930523601	9.029751641	8.980137621	33055
2021-11-19	9.029751641	8.980137621	9.029751641	9.029751641	270588
2021-11-22	9.029751641	8.980137621	9.079365661	9.029751641	1295903
2021-11-23	8.880909581	8.880909581	8.980137621	8.930523601	342342
2021-11-24	8.880909581	8.732067521	8.980137621	8.880909581	1192606
2021-11-25	8.831295561	8.732067521	8.831295561	8.831295561	876667
2021-11-26	8.781681541	8.732067521	8.831295561	8.732067521	1343067
2021-11-29	8.732067521	8.682453501	8.781681541	8.781681541	457128
2021-11-30	8.781681541	8.632839481	8.831295561	8.632839481	651126
2021-12-01	8.632839481	8.583225461	8.781681541	8.732067521	161748
2021-12-02	8.682453501	8.682453501	8.781681541	8.682453501	101886
2021-12-03	8.732067521	8.732067521	8.732067521	8.732067521	48474
2021-12-07	8.732067521	8.682453501	8.781681541	8.781681541	380336
2021-12-08	8.781681541	8.781681541	9.029751641	8.980137621	841193
2021-12-09	8.930523601	8.880909581	8.980137621	8.980137621	491695
2021-12-13	8.930523601	8.880909581	8.930523601	8.880909581	547425
2021-12-14	8.880909581	8.632839481	8.930523601	8.732067521	1673821
2021-12-15	8.732067521	8.682453501	8.831295561	8.831295561	158019
2021-12-16	8.781681541	8.781681541	8.880909581	8.831295561	164872
2021-12-17	8.831295561	8.781681541	8.980137621	8.980137621	255270
2021-12-20	8.930523601	8.831295561	8.930523601	8.930523601	242169
2021-12-21	8.930523601	8.831295561	8.980137621	8.930523601	61071
2021-12-22	8.930523601	8.880909581	8.930523601	8.880909581	135143
2021-12-23	8.880909581	8.781681541	8.880909581	8.831295561	191377
2021-12-24	8.831295561	8.781681541	8.980137621	8.980137621	620086
2021-12-27	8.930523601	8.831295561	8.930523601	8.831295561	333373
2021-12-28	8.880909581	8.732067521	8.880909581	8.781681541	610613
2021-12-29	8.781681541	8.781681541	8.980137621	8.980137621	326722
2021-12-30	8.980137621	8.930523601	8.980137621	8.980137621	106219
2022-01-04	8.980137621	8.880909581	8.980137621	8.980137621	110956
2022-01-05	8.980137621	8.781681541	8.980137621	8.980137621	1264058
2022-01-06	8.930523601	8.880909581	8.980137621	8.930523601	133026
2022-01-07	8.930523601	8.880909581	8.930523601	8.880909581	66311
2022-01-10	8.930523601	8.880909581	8.980137621	8.930523601	190671
2022-01-11	8.930523601	8.880909581	8.980137621	8.930523601	96746
2022-01-12	8.930523601	8.880909581	8.980137621	8.930523601	149453
2022-01-13	8.930523601	8.880909581	8.930523601	8.880909581	55830
2022-01-14	8.930523601	8.831295561	8.930523601	8.880909581	305155
2022-01-17	8.880909581	8.831295561	8.880909581	8.831295561	309287
2022-01-18	8.831295561	8.831295561	8.930523601	8.880909581	165981
2022-01-19	8.880909581	8.831295561	8.880909581	8.831295561	96746
2022-01-20	8.831295561	8.781681541	8.831295561	8.831295561	97149
2022-01-21	8.781681541	8.682453501	8.831295561	8.732067521	317551
2022-01-24	8.732067521	8.732067521	8.831295561	8.732067521	158422
2022-01-25	8.732067521	8.632839481	8.732067521	8.682453501	162050
2022-01-26	8.732067521	8.682453501	8.781681541	8.682453501	443423
2022-01-27	8.732067521	8.682453501	8.781681541	8.781681541	179082
2022-01-28	8.732067521	8.632839481	8.831295561	8.732067521	681662
2022-01-31	8.732067521	8.632839481	8.781681541	8.732067521	530394
2022-02-01	8.732067521	8.632839481	8.732067521	8.682453501	687305
2022-02-02	8.682453501	8.632839481	8.682453501	8.632839481	534123
2022-02-03	8.682453501	8.583225461	8.682453501	8.632839481	319566
2022-02-04	8.632839481	8.632839481	8.682453501	8.632839481	225440
2022-02-07	8.632839481	8.583225461	8.682453501	8.682453501	406840
2022-02-08	8.682453501	8.632839481	8.682453501	8.632839481	131313
2022-02-09	8.682453501	8.632839481	8.732067521	8.632839481	282279
2022-02-10	8.682453501	8.682453501	8.682453501	8.682453501	307372
2022-02-11	8.682453501	8.583225461	8.732067521	8.583225461	476780
2022-02-14	8.632839481	8.632839481	8.732067521	8.732067521	159934
2022-02-15	8.732067521	8.632839481	8.732067521	8.632839481	229471
2022-02-17	8.682453501	8.682453501	8.831295561	8.831295561	269883
2022-02-18	8.781681541	8.732067521	8.930523601	8.930523601	470532
2022-02-21	8.930523601	8.781681541	8.930523601	8.831295561	49381
2022-02-22	8.930523601	8.831295561	8.930523601	8.930523601	288728
2022-02-23	8.930523601	8.880909581	8.980137621	8.980137621	337001
2022-02-24	8.980137621	8.781681541	8.980137621	8.831295561	339520
2022-02-25	8.880909581	8.880909581	8.980137621	8.930523601	569294
2022-02-28	8.930523601	8.880909581	8.930523601	8.930523601	161748
2022-03-01	8.930523601	8.880909581	8.930523601	8.880909581	165376
2022-03-02	8.880909581	8.880909581	9.029751641	8.980137621	552464
2022-03-03	8.980137621	8.880909581	8.980137621	8.980137621	407042
2022-03-04	8.831295561	8.732067521	8.831295561	8.732067521	1035292
2022-03-07	8.682453501	8.583225461	8.732067521	8.583225461	817510
2022-03-08	8.533611441	8.434383401	8.632839481	8.533611441	1318679
2022-03-09	8.533611441	8.434383401	8.583225461	8.434383401	954972
2022-03-10	8.483997421	8.483997421	8.682453501	8.682453501	495222
2022-03-11	8.682453501	8.632839481	8.732067521	8.732067521	403716
2022-03-14	8.682453501	8.682453501	8.732067521	8.732067521	418430
2022-03-15	8.682453501	8.533611441	8.732067521	8.583225461	445237
2022-03-16	8.583225461	8.533611441	8.632839481	8.632839481	459345
2022-03-17	8.632839481	8.583225461	8.632839481	8.632839481	216269
2022-03-18	8.632839481	8.483997421	8.632839481	8.533611441	927963
2022-03-21	8.632839481	8.533611441	8.632839481	8.583225461	306163
2022-03-22	8.632839481	8.583225461	8.632839481	8.632839481	309489
2022-03-23	8.583225461	8.583225461	8.682453501	8.583225461	417220
2022-03-24	8.632839481	8.583225461	8.632839481	8.583225461	213548
2022-03-25	8.632839481	8.533611441	8.632839481	8.583225461	791308
2022-03-28	8.583225461	8.384769381	8.632839481	8.483997421	1389425
2022-03-29	8.483997421	8.483997421	8.583225461	8.533611441	767827
2022-03-30	8.533611441	8.533611441	8.583225461	8.533611441	618272
2022-03-31	8.583225461	8.533611441	8.682453501	8.632839481	657374
2022-04-01	8.583225461	8.533611441	8.632839481	8.583225461	279255
2022-04-04	8.583225461	8.533611441	8.632839481	8.533611441	78405
2022-04-05	8.583225461	8.583225461	8.632839481	8.632839481	112468
2022-04-07	8.632839481	8.483997421	8.632839481	8.533611441	858023
2022-04-08	8.533611441	8.483997421	8.632839481	8.583225461	146732
2022-04-11	8.583225461	8.483997421	8.632839481	8.632839481	542286
2022-04-12	8.583225461	8.583225461	8.632839481	8.583225461	81630
2022-04-18	8.632839481	8.533611441	8.632839481	8.583225461	440903
2022-04-19	8.533611441	8.483997421	8.632839481	8.533611441	795742
2022-04-20	8.583225461	8.583225461	8.632839481	8.583225461	168601
2022-04-21	8.632839481	8.583225461	8.632839481	8.583225461	395855
2022-04-22	8.583225461	8.533611441	8.583225461	8.533611441	358971
2022-04-25	8.583225461	8.533611441	8.632839481	8.533611441	211432
2022-04-26	8.583225461	8.483997421	8.632839481	8.483997421	1080440
2022-04-27	8.483997421	8.434383401	8.483997421	8.434383401	923327
2022-04-28	8.434383401	8.434383401	8.483997421	8.434383401	438081
2022-04-29	8.434383401	8.384769381	8.483997421	8.434383401	523037
2022-05-03	8.434383401	8.335155361	8.434383401	8.335155361	515781
2022-05-05	8.384769381	8.335155361	8.434383401	8.335155361	432539
2022-05-06	8.384769381	8.335155361	8.434383401	8.384769381	444531
2022-05-09	8.384769381	8.335155361	8.434383401	8.335155361	470532
2022-05-10	8.335155361	8.285541341	8.384769381	8.335155361	666243
2022-05-11	8.384769381	8.285541341	8.384769381	8.335155361	1074091
2022-05-12	8.335155361	8.235927321	8.335155361	8.235927321	543596
2022-05-13	8.285541341	8.235927321	8.285541341	8.285541341	127685
2022-05-17	8.235927321	8.235927321	8.285541341	8.235927321	637823
2022-05-18	8.285541341	8.235927321	8.335155361	8.335155361	245394
2022-05-19	8.285541341	8.235927321	8.335155361	8.235927321	398072
2022-05-20	8.285541341	8.285541341	8.384769381	8.384769381	212439
2022-05-23	8.384769381	8.285541341	8.384769381	8.335155361	486354
2022-05-24	8.335155361	8.285541341	8.335155361	8.335155361	586426
2022-05-25	8.235927321	8.235927321	8.285541341	8.235927321	477586
2022-05-26	8.285541341	8.235927321	8.285541341	8.235927321	213246
2022-05-27	8.285541341	8.285541341	8.335155361	8.335155361	129398
2022-05-30	8.335155361	8.285541341	8.335155361	8.335155361	111661
2022-05-31	8.285541341	8.235927321	8.335155361	8.285541341	130709
2022-06-01	8.285541341	8.285541341	8.335155361	8.285541341	355544
2022-06-02	8.335155361	8.285541341	8.335155361	8.335155361	296085
2022-06-06	8.335155361	8.235927321	8.384769381	8.285541341	360180
2022-06-07	8.285541341	8.186313301	8.285541341	8.235927321	563550
2022-06-08	8.235927321	8.186313301	8.285541341	8.235927321	134135
2022-06-09	8.235927321	8.186313301	8.285541341	8.235927321	790401
2022-06-10	8.235927321	8.136699281	8.235927321	8.136699281	519913
2022-06-13	8.136699281	8.087085261	8.186313301	8.136699281	625730
2022-06-14	8.087085261	8.037471241	8.136699281	8.037471241	393739
2022-06-15	7.987857221	7.839015161	8.037471241	7.839015161	827689
2022-06-16	7.938243201	7.789401141	7.938243201	7.839015161	588341
2022-06-17	7.739787121	7.590945061	7.789401141	7.690173101	1918409
2022-06-20	7.690173101	7.442103001	7.690173101	7.491717021	1712419
2022-06-21	7.491717021	7.342874961	7.491717021	7.392488981	1852802
2022-06-22	7.392488981	7.392488981	7.739787121	7.541331041	545813
2022-06-23	7.541331041	7.392488981	7.541331041	7.442103001	234812
2022-06-24	7.392488981	7.194032901	7.442103001	7.342874961	1342564
2022-06-27	7.342874961	7.045190841	7.342874961	7.144418881	1499878
2022-06-28	7.144418881	7.144418881	7.293260941	7.243646921	512052
2022-06-29	7.243646921	7.194032901	7.293260941	7.293260941	395351
2022-06-30	7.243646921	7.243646921	7.442103001	7.293260941	668460
2022-07-01	7.293260941	7.194032901	7.293260941	7.293260941	282480
2022-07-04	7.293260941	7.243646921	7.342874961	7.243646921	343854
2022-07-05	7.243646921	7.194032901	7.293260941	7.293260941	220602
2022-07-06	7.293260941	7.194032901	7.293260941	7.243646921	374692
2022-07-07	7.243646921	7.243646921	7.293260941	7.243646921	1155217
2022-07-08	7.243646921	7.243646921	7.293260941	7.293260941	206191
2022-07-11	7.293260941	7.293260941	7.293260941	7.293260941	124057
2022-07-12	7.293260941	7.194032901	7.293260941	7.293260941	189059
2022-07-14	7.293260941	7.194032901	7.293260941	7.243646921	474059
2022-07-15	7.243646921	7.194032901	7.243646921	7.194032901	597311
2022-07-18	7.194032901	7.144418881	7.194032901	7.194032901	1327447
2022-07-19	7.194032901	7.094804861	7.194032901	7.194032901	161647
2022-07-20	7.194032901	7.144418881	7.243646921	7.194032901	234812
2022-07-21	7.144418881	7.094804861	7.194032901	7.194032901	267767
2022-07-22	7.144418881	7.144418881	7.194032901	7.194032901	76087
2022-07-25	7.194032901	7.144418881	7.194032901	7.194032901	160740
2022-07-26	7.194032901	7.194032901	7.243646921	7.243646921	58048
2022-07-27	7.243646921	7.194032901	7.293260941	7.293260941	23985
2022-08-01	7.293260941	7.293260941	7.491717021	7.491717021	203168
2022-08-02	7.442103001	7.392488981	7.491717021	7.392488981	156306
2022-08-03	7.442103001	7.392488981	7.442103001	7.442103001	134639
2022-08-04	7.491717021	7.491717021	7.541331041	7.541331041	406336
2022-08-05	7.541331041	7.541331041	7.640559081	7.590945061	339823
2022-08-08	7.640559081	7.442103001	7.640559081	7.541331041	205486
2022-08-09	7.491717021	7.442103001	7.541331041	7.541331041	186741
2022-08-10	7.541331041	7.541331041	7.640559081	7.590945061	34365
2022-08-11	7.640559081	7.640559081	7.839015161	7.839015161	441105
2022-08-15	7.839015161	7.640559081	7.839015161	7.789401141	876062
2022-08-16	7.690173101	7.640559081	7.739787121	7.690173101	1102410
2022-08-17	7.690173101	7.640559081	7.739787121	7.690173101	526665
2022-08-18	7.590945061	7.541331041	7.590945061	7.590945061	131112
2022-08-19	7.590945061	7.491717021	7.590945061	7.491717021	260813
2022-08-22	7.541331041	7.491717021	7.590945061	7.590945061	99165
2022-08-23	7.541331041	7.442103001	7.590945061	7.442103001	395049
2022-08-24	7.541331041	7.491717021	7.541331041	7.491717021	11287
2022-08-25	7.442103001	7.442103001	7.541331041	7.541331041	66412
2022-08-26	7.541331041	7.094804861	7.590945061	7.392488981	1146752
2022-08-29	7.442103001	7.392488981	7.491717021	7.392488981	128290
2022-08-30	7.442103001	7.442103001	7.491717021	7.442103001	98359
2022-08-31	7.442103001	7.392488981	7.491717021	7.392488981	171826
2022-09-01	7.442103001	7.442103001	7.491717021	7.442103001	251138
2022-09-02	7.491717021	7.491717021	7.541331041	7.541331041	184322
2022-09-05	7.491717021	7.491717021	7.640559081	7.640559081	149655
2022-09-06	7.590945061	7.541331041	7.590945061	7.590945061	368343
2022-09-07	7.590945061	7.541331041	7.590945061	7.541331041	207804
2022-09-08	7.491717021	7.392488981	7.491717021	7.392488981	517394
2022-09-09	7.442103001	7.442103001	7.590945061	7.590945061	234510
2022-09-12	7.541331041	7.541331041	7.590945061	7.541331041	35373
2022-09-13	7.541331041	7.491717021	7.541331041	7.491717021	55629
2022-09-14	7.491717021	7.442103001	7.541331041	7.442103001	422763
2022-09-15	7.491717021	7.442103001	7.491717021	7.491717021	19147
2022-09-16	7.491717021	7.293260941	7.541331041	7.293260941	518704
2022-09-19	7.442103001	7.194032901	7.541331041	7.293260941	1152799
2022-09-20	7.342874961	7.342874961	7.392488981	7.342874961	61877
2022-09-21	7.342874961	7.342874961	7.392488981	7.342874961	40613
2022-09-22	7.342874961	7.342874961	7.392488981	7.342874961	343048
2022-09-23	7.342874961	7.342874961	7.442103001	7.442103001	266557
2022-09-26	7.442103001	7.342874961	7.442103001	7.392488981	191276
2022-09-27	7.342874961	7.342874961	7.442103001	7.342874961	65203
2022-09-28	7.342874961	7.293260941	7.342874961	7.342874961	125972
2022-09-29	7.342874961	7.194032901	7.342874961	7.293260941	2194843
2022-09-30	7.293260941	7.144418881	7.293260941	7.194032901	996694
2022-10-03	7.293260941	7.094804861	7.293260941	7.094804861	969282
2022-10-04	7.094804861	7.094804861	7.194032901	7.144418881	358870
2022-10-05	7.194032901	7.094804861	7.194032901	7.144418881	411778
2022-10-06	7.144418881	7.144418881	7.194032901	7.144418881	120429
2022-10-07	7.194032901	7.144418881	7.194032901	7.194032901	68831
2022-10-10	7.144418881	7.144418881	7.194032901	7.194032901	202563
2022-10-11	7.194032901	7.144418881	7.342874961	7.194032901	493610
2022-10-12	7.243646921	7.243646921	7.293260941	7.243646921	201555
2022-10-17	7.293260941	7.194032901	7.293260941	7.243646921	233200
2022-10-18	7.243646921	7.144418881	7.243646921	7.144418881	852178
2022-10-19	7.144418881	7.144418881	7.144418881	7.144418881	499254
2022-10-20	7.144418881	7.045190841	7.144418881	7.094804861	1550267
2022-10-21	7.045190841	6.995576821	7.094804861	7.094804861	1091626
2022-10-25	7.144418881	7.045190841	7.144418881	7.094804861	385374
2022-10-26	7.094804861	7.045190841	7.144418881	7.094804861	150562
2022-10-27	7.144418881	7.094804861	7.144418881	7.094804861	586426
2022-10-28	7.094804861	7.094804861	7.194032901	7.144418881	441508
2022-10-31	7.144418881	7.094804861	7.194032901	7.094804861	259402
2022-11-01	7.144418881	7.094804861	7.194032901	7.144418881	42024
2022-11-02	7.194032901	7.094804861	7.194032901	7.194032901	591768
2022-11-03	7.144418881	7.144418881	7.243646921	7.144418881	516184
2022-11-04	7.144418881	7.144418881	7.342874961	7.293260941	419236
2022-11-07	7.293260941	7.243646921	7.293260941	7.243646921	495424
2022-11-08	7.342874961	7.243646921	7.342874961	7.342874961	444128
2022-11-09	7.293260941	7.243646921	7.293260941	7.293260941	616458
2022-11-10	7.293260941	7.243646921	7.392488981	7.342874961	405328
2022-11-11	7.392488981	7.293260941	7.442103001	7.392488981	711391
2022-11-14	7.392488981	7.293260941	7.392488981	7.293260941	743942
2022-11-15	7.293260941	7.293260941	7.442103001	7.442103001	942173
2022-11-16	7.42673365	7.2772021	7.42673365	7.3768898	1028913
2022-11-17	7.3768898	7.3768898	7.42673365	7.3768898	477792
2022-11-18	7.1775144	7.12767055	7.22735825	7.1775144	548212
2022-11-21	7.1775144	7.12767055	7.22735825	7.22735825	256099
2022-11-22	7.1775144	7.1775144	7.22735825	7.1775144	96200
2022-11-23	7.1775144	7.1775144	7.22735825	7.1775144	92488
2022-11-24	7.22735825	7.12767055	7.22735825	7.22735825	87974
2022-11-25	7.22735825	7.1775144	7.22735825	7.22735825	49554
2022-11-28	7.22735825	7.12767055	7.22735825	7.1775144	331234
2022-11-29	7.22735825	7.1775144	7.2772021	7.22735825	320601
2022-11-30	7.2772021	7.1775144	7.2772021	7.1775144	381692
2022-12-01	7.22735825	7.22735825	7.2772021	7.22735825	132614
2022-12-02	7.22735825	7.1775144	7.2772021	7.1775144	469566
2022-12-06	7.1775144	7.1775144	7.22735825	7.22735825	179159
2022-12-07	7.22735825	7.1775144	7.22735825	7.1775144	1173966
2022-12-08	7.22735825	7.1775144	7.22735825	7.1775144	219385
2022-12-09	7.1775144	7.1775144	7.22735825	7.1775144	647823
2022-12-13	7.1775144	7.1775144	7.2772021	7.22735825	673703
2022-12-14	7.22735825	7.22735825	7.3768898	7.32704595	640500
2022-12-15	7.3768898	7.2772021	7.3768898	7.32704595	374369
2022-12-16	7.32704595	7.2772021	7.32704595	7.2772021	435560
2022-12-19	7.32704595	7.2772021	7.32704595	7.32704595	37015
2022-12-20	7.32704595	7.2772021	7.32704595	7.2772021	278269
2022-12-21	7.2772021	7.2772021	7.3768898	7.32704595	175748
2022-12-22	7.32704595	7.32704595	7.3768898	7.32704595	115661
2022-12-23	7.32704595	7.32704595	7.42673365	7.42673365	199121
2022-12-26	7.3768898	7.3768898	7.52642135	7.4765775	337955
2022-12-27	7.4765775	7.4765775	7.5762652	7.52642135	401654
2022-12-28	7.52642135	7.52642135	7.62610905	7.62610905	268538
2022-12-29	7.62610905	7.52642135	7.62610905	7.5762652	337654
2022-12-30	7.52642135	7.3768898	7.52642135	7.42673365	907835
