Date	Price Open	Price Low	Price High	Price Close	Volume
2020-01-07	1.64319365	1.64319365	1.88890485	1.8735479	371601131
2020-01-08	1.842834	1.7506923	1.9349757	1.9349757	142766630
2020-01-09	1.91961875	1.6278367	1.98104655	1.67390755	165997154
2020-01-10	1.70462145	1.6585506	1.7199784	1.6585506	42076063
2020-01-13	1.67390755	1.535695	1.70462145	1.55105195	39429053
2020-01-14	1.55105195	1.52955222	1.5971228	1.535695	24215094
2020-01-15	1.55105195	1.52340944	1.5664089	1.52340944	7981402
2020-01-16	1.535695	1.535695	1.58176585	1.5664089	13881011
2020-01-17	1.58176585	1.535695	1.58176585	1.535695	5812352
2020-01-20	1.535695	1.52955222	1.55105195	1.52955222	3387716
2020-01-21	1.52955222	1.49269554	1.55105195	1.535695	8121404
2020-01-22	1.535695	1.5049811	1.535695	1.51112388	1665695
2020-01-23	1.51726666	1.51112388	1.5664089	1.51726666	9569934
2020-01-24	1.52340944	1.52340944	1.58176585	1.535695	11389305
2020-01-27	1.52340944	1.49883832	1.52955222	1.51726666	4562429
2020-01-28	1.51726666	1.4742672	1.52340944	1.48040998	4029120
2020-01-29	1.48655276	1.46198164	1.49883832	1.48040998	2396634
2020-01-30	1.48655276	1.48040998	1.535695	1.52340944	5321694
2020-01-31	1.535695	1.51726666	1.55105195	1.51726666	3559951
2020-02-03	1.52955222	1.51112388	1.52955222	1.51726666	1248620
2020-02-04	1.52955222	1.52955222	1.55105195	1.52955222	4127121
2020-02-05	1.55105195	1.52955222	1.55105195	1.55105195	1818394
2020-02-06	1.55105195	1.52955222	1.55105195	1.52955222	2104910
2020-02-07	1.52955222	1.52340944	1.535695	1.52340944	466238
2020-02-11	1.52340944	1.51112388	1.52955222	1.51112388	928244
2020-02-12	1.51726666	1.51726666	1.52955222	1.51726666	671682
2020-02-13	1.52340944	1.51726666	1.55105195	1.51726666	3616277
2020-02-14	1.52340944	1.52340944	1.55105195	1.52340944	1036338
2020-02-17	1.52340944	1.51726666	1.64319365	1.6278367	20192811
2020-02-18	1.5971228	1.5664089	1.61247975	1.5664089	5400812
2020-02-19	1.5664089	1.45583886	1.5971228	1.45583886	16181272
2020-02-20	1.46812442	1.42512496	1.46812442	1.42512496	4130377
2020-02-21	1.43126774	1.43126774	1.4435533	1.4435533	848475
2020-02-24	1.44969608	1.3821255	1.44969608	1.38826828	1794952
2020-02-25	1.37598272	1.36983994	1.39441106	1.36983994	1225178
2020-02-26	1.36983994	1.31455492	1.39441106	1.31455492	3391298
2020-02-27	1.3206977	1.3206977	1.4128394	1.4128394	963407
2020-02-28	1.37598272	1.3514116	1.49883832	1.49883832	3257808
2020-03-02	1.49269554	1.43741052	1.51726666	1.45583886	1362249
2020-03-03	1.45583886	1.45583886	1.46812442	1.46198164	191769
2020-03-04	1.45583886	1.45583886	1.49269554	1.46812442	473726
2020-03-05	1.4742672	1.4435533	1.48040998	1.4435533	734195
2020-03-06	1.4435533	1.40669662	1.44969608	1.44969608	350981
2020-03-09	1.3821255	1.37598272	1.46198164	1.40055384	1346947
2020-03-10	1.41898218	1.40669662	1.42512496	1.42512496	52093
2020-03-11	1.46812442	1.38826828	1.46812442	1.42512496	590612
2020-03-12	1.37598272	1.0135587	1.37598272	1.15484264	1075083
2020-03-13	1.15484264	1.01970148	1.1671282	1.1671282	567169
2020-03-16	1.1671282	1.03812982	1.1671282	1.03812982	508238
2020-03-17	1.06884372	0.98898758	1.0749865	1.0135587	362702
2020-03-18	1.03812982	1.0135587	1.06270094	1.03812982	247770
2020-03-19	1.03812982	1.00741592	1.03812982	1.02584426	74884
2020-03-20	1.02584426	1.02584426	1.17941376	1.17941376	522890
2020-03-23	1.1057004	1.00741592	1.1057004	1.01970148	777172
2020-03-24	1.0442726	1.0135587	1.0442726	1.02584426	56977
2020-03-25	1.0442726	1.03812982	1.05655816	1.05655816	226933
2020-03-26	1.05041538	1.05041538	1.1057004	1.1057004	435307
2020-03-27	1.11184318	1.1057004	1.27155546	1.1364143	202514
2020-03-30	1.1364143	1.1364143	1.19169932	1.1671282	347399
2020-03-31	1.17941376	1.17941376	1.3206977	1.23469878	379632
2020-04-01	1.24698434	1.20398488	1.30226936	1.228556	272515
2020-04-02	1.24084156	1.228556	1.26541268	1.25312712	134792
2020-04-03	1.2592699	1.23469878	1.27155546	1.24698434	120141
2020-04-07	1.24698434	1.23469878	1.2899838	1.2899838	360748
2020-04-08	1.27155546	1.24084156	1.27155546	1.24698434	397865
2020-04-09	1.24084156	1.23469878	1.28384102	1.24698434	171909
2020-04-10	1.2592699	1.25312712	1.30841214	1.27155546	1257411
2020-04-13	1.28384102	1.27769824	1.4128394	1.4128394	1623369
2020-04-14	1.4128394	1.3514116	1.43741052	1.3514116	1639648
2020-04-15	1.3206977	1.2592699	1.35755438	1.30841214	831219
2020-04-16	1.2899838	1.2899838	1.37598272	1.35755438	919778
2020-04-17	1.3514116	1.3514116	1.37598272	1.36983994	136094
2020-04-20	1.36983994	1.3514116	1.36983994	1.35755438	274468
2020-04-21	1.35755438	1.3514116	1.3821255	1.3821255	611775
2020-04-22	1.40055384	1.3821255	1.46198164	1.4435533	3986794
2020-04-23	1.4742672	1.43126774	1.48040998	1.48040998	932151
2020-04-24	1.48040998	1.43126774	1.48040998	1.43126774	2166445
2020-04-27	1.46198164	1.4128394	1.46812442	1.43126774	402098
2020-04-28	1.43741052	1.41898218	1.4435533	1.43126774	373120
2020-04-29	1.4435533	1.41898218	1.4435533	1.43741052	353911
2020-04-30	1.4435533	1.42512496	1.4435533	1.42512496	481866
2020-05-05	1.4128394	1.38826828	1.44969608	1.43741052	617310
2020-05-07	1.42512496	1.41898218	1.4435533	1.41898218	414470
2020-05-08	1.41898218	1.39441106	1.41898218	1.4128394	1854209
2020-05-11	1.42512496	1.4128394	1.45583886	1.43741052	522890
2020-05-12	1.43741052	1.43741052	1.46812442	1.46198164	1135316
2020-05-13	1.4742672	1.4128394	1.48655276	1.45583886	1163968
2020-05-14	1.46198164	1.46198164	1.58176585	1.49883832	18351300
2020-05-15	1.5049811	1.45583886	1.51112388	1.5049811	5886911
2020-05-18	1.51112388	1.5049811	1.55105195	1.55105195	2228632
2020-05-19	1.55105195	1.52340944	1.5664089	1.52340944	1748068
2020-05-20	1.52340944	1.48655276	1.52340944	1.51726666	1647462
2020-05-21	1.51726666	1.5049811	1.52955222	1.5049811	647263
2020-05-22	1.51112388	1.45583886	1.52340944	1.49269554	1652020
2020-05-25	1.51112388	1.49883832	1.535695	1.52955222	2797756
2020-05-26	1.5049811	1.49883832	1.52955222	1.51112388	1375924
2020-05-27	1.51112388	1.48040998	1.52340944	1.5049811	3347018
2020-05-28	1.5049811	1.5049811	1.52955222	1.5049811	1127176
2020-05-29	1.51112388	1.5049811	1.5664089	1.5664089	2779197
2020-06-01	1.58176585	1.51726666	1.6585506	1.535695	13010070
2020-06-02	1.5664089	1.535695	1.58176585	1.55105195	1437134
2020-06-04	1.55105195	1.52955222	1.55105195	1.535695	1858767
2020-06-05	1.55105195	1.52955222	1.55105195	1.52955222	1050664
2020-06-08	1.535695	1.535695	1.6278367	1.5971228	4702105
2020-06-09	1.61247975	1.52340944	1.61247975	1.55105195	4056143
2020-06-10	1.58176585	1.52955222	1.58176585	1.5664089	663868
2020-06-11	1.5664089	1.52955222	1.61247975	1.5664089	9589143
2020-06-12	1.52955222	1.51726666	1.5971228	1.5971228	2593288
2020-06-15	1.58176585	1.55105195	1.5971228	1.5664089	786940
2020-06-16	1.55105195	1.55105195	1.58176585	1.5664089	798010
2020-06-17	1.5971228	1.55105195	1.6585506	1.61247975	3974422
2020-06-18	1.5971228	1.5971228	1.61247975	1.61247975	1622718
2020-06-19	1.6278367	1.61247975	1.842834	1.76604925	23661925
2020-06-22	1.7506923	1.70462145	2.0271174	1.9964035	32080263
2020-06-23	2.0271174	2.01176045	2.22675775	2.2114008	38475087
2020-06-24	2.38032725	2.31889945	2.53389675	2.53389675	28109097
2020-06-25	2.53389675	2.16532995	2.74889405	2.2114008	121206359
2020-06-26	2.31889945	2.25747165	2.44175505	2.44175505	44875447
2020-06-29	2.3956842	2.38032725	2.7949649	2.7949649	84056404
2020-06-30	2.8871066	2.77960795	3.1021039	3.07139	102907152
2020-07-01	3.1021039	3.1021039	3.4706707	3.4399568	80548872
2020-07-02	3.5935263	3.4092429	3.9006653	3.8699514	58274266
2020-07-03	3.992807	3.992807	4.299946	4.1463765	35187976
2020-07-07	4.0849487	3.5628124	4.0849487	3.7470958	18531674
2020-07-08	3.6242402	3.6242402	4.1463765	3.992807	20744027
2020-07-09	3.992807	3.8392375	4.0849487	3.9620931	4048655
2020-07-10	3.8699514	3.5013846	3.9006653	3.7163819	4772106
2020-07-13	3.6549541	3.1635317	3.7163819	3.1635317	26568101
2020-07-14	2.87174965	2.7028232	2.96389135	2.7028232	33959217
2020-07-15	2.764251	2.62603845	3.1021039	3.1021039	33916891
2020-07-16	3.1635317	3.1635317	3.5628124	3.5628124	33380651
2020-07-17	3.8085236	3.07139	3.9313792	3.5935263	31584071
2020-07-20	3.6242402	3.5320985	3.685668	3.6549541	7118601
2020-07-21	3.685668	3.5628124	3.685668	3.5935263	2966734
2020-07-22	3.5320985	3.3171012	3.9006653	3.6549541	14181201
2020-07-23	3.6549541	3.5320985	3.7163819	3.5935263	4380101
2020-07-24	3.5935263	3.5628124	3.685668	3.685668	8114567
2020-07-29	3.685668	3.6242402	3.7163819	3.6242402	2321424
2020-07-30	3.6242402	3.4706707	3.6242402	3.5628124	3405298
2020-07-31	3.4706707	3.4399568	3.5320985	3.5320985	1594066
2020-08-03	3.5628124	3.5628124	3.7163819	3.6549541	7792237
2020-08-04	3.685668	3.5935263	3.685668	3.6549541	3020782
2020-08-05	3.6549541	3.5935263	3.6549541	3.6549541	883964
2020-08-06	3.5935263	3.5935263	4.1770904	4.1770904	28162818
2020-08-07	3.992807	3.8699514	4.3613738	4.1770904	13365609
2020-08-10	4.1463765	4.1156626	4.7606545	4.6992267	19822295
2020-08-11	4.8835101	4.5763711	5.1292213	4.8220823	16756908
2020-08-13	4.1156626	4.1156626	4.4228016	4.1156626	19753271
2020-08-14	3.685668	3.5013846	3.8085236	3.5013846	46787610
2020-08-17	3.2249595	2.9792483	3.4092429	3.0406761	19640618
2020-08-18	3.05603305	3.0406761	3.4706707	3.4706707	27394762
2020-08-19	3.4399568	3.1942456	3.5320985	3.3478151	12127733
2020-08-20	3.2863873	3.2863873	3.4706707	3.4092429	5736490
2020-08-21	3.378529	3.2556734	3.4092429	3.3171012	4290565
2020-08-24	3.378529	3.05603305	3.378529	3.2556734	4901038
2020-08-25	3.2556734	3.1635317	3.4399568	3.3478151	6637060
2020-08-26	3.3171012	3.2863873	3.5013846	3.4706707	5781747
2020-08-27	3.5013846	3.4399568	3.7470958	3.6549541	10220453
2020-08-28	3.685668	3.5935263	3.7470958	3.685668	5900260
2020-08-31	3.7163819	3.4706707	3.7163819	3.5320985	3875118
2020-09-01	3.5013846	3.4399568	3.6242402	3.5013846	2083095
2020-09-02	3.5013846	3.4399568	3.6549541	3.6549541	5475371
2020-09-03	3.6549541	3.5935263	3.7163819	3.685668	9445234
2020-09-08	3.6242402	3.3171012	3.6242402	3.4399568	12595600
2020-09-09	3.2556734	3.2556734	3.4399568	3.3478151	6173100
2020-09-10	3.4092429	3.2863873	3.4092429	3.2863873	4743454
2020-09-11	3.3478151	3.0406761	3.3478151	3.1021039	7462093
2020-09-14	3.1021039	3.02531915	3.378529	3.3171012	7589723
2020-09-15	3.3478151	3.2556734	3.685668	3.4706707	29412415
2020-09-16	3.4706707	3.3478151	3.5013846	3.378529	6050680
2020-09-17	3.378529	3.2556734	3.4706707	3.3171012	4214052
2020-09-18	3.3171012	3.2556734	3.5628124	3.3478151	11240187
2020-09-21	3.3478151	3.3478151	3.4706707	3.378529	3868932
2020-09-22	3.4706707	3.4092429	3.8699514	3.8699514	40708929
2020-09-23	3.992807	3.9313792	4.2692321	4.1770904	75412435
2020-09-24	4.0849487	3.8392375	4.1770904	3.8392375	32489849
2020-09-25	3.9313792	3.7163819	3.992807	3.7778097	10427851
2020-09-28	3.7778097	3.4706707	3.8085236	3.5320985	8196614
2020-09-29	3.6242402	3.5320985	3.6242402	3.5320985	2429844
2020-09-30	3.5628124	3.5320985	3.6549541	3.6242402	5190809
2020-10-01	3.685668	3.5628124	3.7163819	3.5628124	1997141
2020-10-02	3.6242402	3.5628124	3.6242402	3.6242402	1862348
2020-10-05	3.6549541	3.5935263	3.6549541	3.5935263	1279876
2020-10-06	3.6242402	3.5628124	3.6549541	3.5628124	1149316
2020-10-07	3.5935263	3.5320985	3.6242402	3.6242402	1946350
2020-10-08	3.6549541	3.6242402	3.8085236	3.7470958	8416059
2020-10-09	3.7470958	3.685668	3.8085236	3.8085236	5317787
2020-10-12	3.8392375	3.7778097	3.9006653	3.8699514	3345390
2020-10-14	3.9006653	3.6549541	3.9006653	3.8085236	2814686
2020-10-15	3.7163819	3.6549541	3.8085236	3.685668	2842361
2020-10-16	3.685668	3.5628124	3.7163819	3.6242402	1585601
2020-10-19	3.378529	3.3171012	3.4706707	3.378529	3005805
2020-10-20	3.2863873	3.2863873	3.4706707	3.4706707	1147688
2020-10-21	3.5013846	3.4092429	3.5628124	3.4399568	813312
2020-10-22	3.4706707	3.4092429	3.5628124	3.4706707	1021687
2020-10-26	3.4706707	3.4092429	3.5013846	3.4092429	621217
2020-10-27	3.4092429	3.2863873	3.4706707	3.4399568	1366807
2020-10-28	3.4399568	3.4399568	3.5013846	3.4706707	1078013
2020-10-29	3.4399568	3.4092429	3.5013846	3.5013846	1050664
2020-10-30	3.5628124	3.4399568	3.5628124	3.4706707	492936
2020-11-02	3.5013846	3.4092429	3.5013846	3.4706707	528750
2020-11-03	3.5320985	3.5013846	3.8392375	3.8392375	6896877
2020-11-04	3.8085236	3.685668	3.8392375	3.8392375	3097294
2020-11-05	3.8699514	3.8085236	3.9006653	3.8699514	2297656
2020-11-06	3.9006653	3.7163819	3.9006653	3.8085236	2555194
2020-11-09	3.8085236	3.7163819	3.8085236	3.8085236	1652346
2020-11-10	3.7778097	3.5320985	3.7778097	3.5628124	4474846
2020-11-11	3.6549541	3.5935263	3.7470958	3.685668	1158758
2020-11-12	3.7470958	3.6549541	3.7470958	3.6549541	663217
2020-11-13	3.4399568	3.4399568	3.6549541	3.6242402	2081793
2020-11-16	3.6242402	3.6242402	3.685668	3.6549541	1083874
2020-11-17	3.7778097	3.5935263	3.7778097	3.5935263	1470669
2020-11-18	3.6549541	3.5935263	3.7163819	3.6549541	877778
2020-11-19	3.6549541	3.5935263	3.685668	3.6242402	450610
2020-11-20	3.6242402	3.6242402	3.685668	3.6549541	444098
2020-11-23	3.6242402	3.5935263	3.6549541	3.6242402	1035361
2020-11-24	3.6549541	3.5935263	3.685668	3.685668	1733742
2020-11-25	3.6242402	3.5935263	3.6549541	3.6242402	632612
2020-11-26	3.6242402	3.5935263	3.685668	3.6242402	606565
2020-11-27	3.6549541	3.5935263	3.9006653	3.9006653	7166136
2020-11-30	3.8699514	3.8085236	4.0235209	3.9006653	5400160
2020-12-01	3.9620931	3.9313792	4.2078043	4.2078043	19508756
2020-12-02	4.2385182	4.0542348	4.2692321	4.0542348	9080904
2020-12-03	4.1156626	4.0849487	4.2692321	4.1463765	6570966
2020-12-04	4.1463765	4.0235209	4.2078043	4.0542348	3366228
2020-12-08	4.0542348	4.0542348	4.4535155	4.3306599	29472649
2020-12-09	4.4228016	4.1156626	4.6685128	4.1463765	23852066
2020-12-14	4.1770904	3.992807	4.2078043	4.0235209	6929110
2020-12-15	4.0235209	3.9313792	4.1156626	4.1156626	3323251
2020-12-16	4.1156626	4.0542348	4.1770904	4.0849487	1567694
2020-12-17	4.0849487	4.0235209	4.1770904	4.0849487	2511566
2020-12-18	4.1463765	4.0235209	4.2078043	4.1156626	5821142
2020-12-21	3.8392375	3.8085236	4.1463765	4.1463765	5697745
2020-12-22	4.2078043	4.0849487	4.2692321	4.1463765	2046304
2020-12-23	4.1463765	4.1463765	4.5456572	4.3920877	13301469
2020-12-24	4.5763711	4.5149433	4.7913684	4.607085	26257492
2020-12-25	4.6377989	4.6377989	4.9449379	4.7606545	21221661
2020-12-28	4.914224	4.7913684	6.14278	5.3442186	77079107
2020-12-29	5.6206437	5.1906491	5.7434993	5.1906491	20198997
2020-12-30	5.0985074	5.0063657	5.4363603	5.4363603	12951139
2021-01-04	5.221363	5.1292213	5.3442186	5.2827908	4190610
2021-01-05	5.3135047	5.1906491	5.3749325	5.221363	3781024
2021-01-06	5.221363	5.0677935	5.2827908	5.0677935	5198297
2021-01-07	5.0370796	5.0370796	5.2520769	5.221363	2668498
2021-01-08	5.1906491	5.1906491	5.3749325	5.3749325	3312181
2021-01-11	5.3749325	5.221363	5.4056464	5.221363	3277343
2021-01-12	5.221363	5.1906491	5.2827908	5.2827908	1408808
2021-01-13	5.3135047	5.2827908	5.5592159	5.4977881	11837311
2021-01-14	5.5899298	5.4056464	5.6206437	5.4056464	6764364
2021-01-15	5.3442186	5.3442186	5.4977881	5.4056464	3711348
2021-01-18	5.5899298	5.4363603	5.5899298	5.5592159	5632628
2021-01-19	5.5592159	5.4670742	5.5592159	5.528502	1776394
2021-01-20	5.528502	5.4670742	5.5592159	5.4977881	1576159
2021-01-21	5.528502	5.4363603	5.5592159	5.5592159	2706592
2021-01-22	5.5592159	5.221363	5.5592159	5.3442186	3978329
2021-01-25	5.3135047	5.2520769	5.3749325	5.3135047	1296806
2021-01-26	5.3135047	5.2827908	5.4977881	5.4363603	1835325
2021-01-27	5.3749325	5.221363	5.4363603	5.3749325	1128479
2021-01-28	5.3135047	5.2827908	5.4056464	5.3442186	1158758
2021-01-29	5.3135047	5.3135047	5.3749325	5.3442186	1136618
2021-02-01	5.3442186	5.221363	5.4670742	5.4363603	2096444
2021-02-02	5.4977881	5.4670742	5.7127854	5.7127854	8064752
2021-02-03	5.835641	5.5899298	5.8663549	5.7742132	4991225
2021-02-04	5.7742132	5.6820715	5.7742132	5.6820715	1476204
2021-02-05	5.7127854	5.7127854	6.0813522	5.9584966	9095230
2021-02-08	6.0813522	5.9892105	6.449919	6.449919	8374058
2021-02-09	6.4806329	6.3577773	6.5420607	6.449919	4306844
2021-02-10	6.449919	6.4192051	6.6649163	6.6034885	6534175
2021-02-11	6.6034885	6.2963495	6.6034885	6.4806329	3920049
2021-02-15	6.4806329	6.3270634	6.5420607	6.449919	5977098
2021-02-16	6.449919	6.3884912	6.4806329	6.449919	716288
2021-02-17	6.4192051	6.3884912	6.449919	6.4192051	1026245
2021-02-18	6.4192051	6.3577773	6.5420607	6.3884912	3099248
2021-02-19	6.3884912	6.3270634	6.4192051	6.3884912	1456995
2021-02-22	6.3884912	5.9584966	6.449919	6.3884912	7073344
2021-02-23	6.2656356	6.2042078	6.3884912	6.3884912	1604810
2021-02-24	6.3577773	6.2349217	6.3577773	6.2349217	777823
2021-02-25	6.2656356	6.2042078	6.449919	6.2963495	3962375
2021-03-01	6.449919	6.2656356	6.449919	6.2963495	2975200
2021-03-02	6.3270634	6.2349217	6.3270634	6.3270634	1191968
2021-03-03	6.3270634	6.3270634	7.2177665	7.2177665	13910314
2021-03-04	7.3406221	6.757058	7.6170472	7.6170472	10039428
2021-03-05	7.4327638	7.2177665	7.8320445	7.371336	3903118
2021-03-08	7.4941916	7.1870526	7.4941916	7.371336	3433624
2021-03-09	7.371336	7.0949109	7.371336	7.3406221	5511511
2021-03-10	7.371336	7.3406221	8.1391835	7.5556194	15881734
2021-03-11	7.6170472	7.4020499	7.6477611	7.4327638	5181041
2021-03-12	7.4327638	7.371336	7.4941916	7.4020499	1949280
2021-03-15	7.371336	7.2177665	7.4020499	7.3099082	2613800
2021-03-16	7.3099082	7.2791943	7.371336	7.3406221	699357
2021-03-17	7.4941916	7.371336	7.4941916	7.371336	1879604
2021-03-18	7.4941916	7.4020499	7.678475	7.4327638	5574674
2021-03-19	7.4327638	7.3406221	7.4941916	7.3406221	1973373
2021-03-22	7.3406221	7.1563387	7.3406221	7.2484804	2874594
2021-03-23	7.1870526	7.064197	7.2791943	7.2177665	4598569
2021-03-24	7.0949109	7.0949109	7.2177665	7.2177665	2046955
2021-03-25	7.2791943	7.1256248	7.4020499	7.2177665	2884361
2021-03-26	7.371336	7.2791943	7.5249055	7.371336	8072566
2021-03-29	7.4327638	7.2484804	7.4327638	7.2791943	2372867
2021-03-30	7.371336	7.2484804	7.371336	7.2484804	1086478
2021-03-31	7.2484804	7.2177665	7.3406221	7.3406221	1441041
2021-04-01	7.371336	7.3099082	7.4020499	7.3099082	1230713
2021-04-02	7.3406221	7.3099082	7.90882925	7.4327638	25480645
2021-04-05	7.4634777	7.3099082	7.5863333	7.4634777	8323918
2021-04-07	7.371336	7.3099082	7.4634777	7.3099082	4046376
2021-04-08	7.3406221	7.1256248	7.371336	7.2791943	4861968
2021-04-09	7.2177665	7.2177665	7.3406221	7.2791943	983919
2021-04-12	7.2177665	7.0949109	7.2177665	7.0949109	1750021
2021-04-16	6.14278	6.0199244	7.0334831	6.7877719	3780698
2021-04-19	6.6034885	6.6034885	7.064197	7.0334831	1493135
2021-04-20	6.9720553	6.9720553	7.1563387	7.0949109	600705
2021-04-21	7.0949109	7.0334831	7.0949109	7.0334831	703264
2021-04-22	7.0334831	6.8799136	7.064197	7.0027692	2978456
2021-04-23	6.9720553	6.8491997	7.064197	7.0334831	996291
2021-04-26	6.9106275	6.8184858	7.0027692	7.0027692	575960
2021-04-27	6.9720553	6.9720553	7.371336	7.2484804	4619406
2021-04-28	7.3099082	7.2484804	7.371336	7.3406221	2635288
2021-04-29	7.4327638	7.371336	7.4941916	7.4634777	2484868
2021-04-30	7.5249055	7.4020499	7.5249055	7.4327638	2209748
2021-05-05	7.4020499	7.064197	7.4020499	7.1563387	1345319
2021-05-06	7.3099082	7.1256248	7.3099082	7.1563387	628379
2021-05-07	7.1870526	7.0334831	7.2484804	7.2177665	2046630
2021-05-10	7.1256248	7.064197	7.1563387	7.064197	547309
2021-05-11	7.064197	6.8491997	7.064197	6.8799136	982291
2021-05-12	6.757058	6.449919	6.8491997	6.6956302	2278447
2021-05-13	6.5727746	6.14278	6.7877719	6.757058	2916269
2021-05-14	6.8184858	6.449919	6.9413414	6.8799136	1814813
2021-05-17	6.8184858	6.4806329	6.8184858	6.7263441	798986
2021-05-18	6.6649163	6.6034885	6.8799136	6.7877719	541123
2021-05-19	6.8184858	6.757058	7.371336	7.0027692	1349551
2021-05-20	7.0027692	6.8184858	7.0949109	6.8184858	1083874
2021-05-21	6.8491997	6.7877719	6.9720553	6.8491997	446377
2021-05-24	6.8491997	6.757058	6.9720553	6.7877719	545681
2021-05-25	6.8184858	6.7263441	6.8491997	6.8184858	327864
2021-05-27	6.8184858	6.6649163	6.8184858	6.757058	711078
2021-05-28	6.8184858	6.7263441	6.8184858	6.757058	400144
2021-05-31	6.757058	6.6649163	6.757058	6.7263441	501727
2021-06-01	6.757058	6.6956302	6.8184858	6.6956302	758939
2021-06-02	6.6956302	6.5727746	6.757058	6.6342024	1109269
2021-06-04	6.6342024	6.5420607	6.6649163	6.6034885	688287
2021-06-07	6.5727746	6.3577773	6.5727746	6.4806329	2175562
2021-06-08	6.5113468	6.3577773	6.5113468	6.449919	1018756
2021-06-09	6.449919	6.3884912	6.5420607	6.5420607	628705
2021-06-10	6.5420607	6.3884912	6.5420607	6.3884912	1364528
2021-06-11	6.3270634	6.2963495	6.3884912	6.3884912	1465134
2021-06-14	6.3884912	6.2963495	6.3884912	6.3270634	747218
2021-06-15	6.3884912	6.2963495	6.3884912	6.3270634	1630206
2021-06-16	6.3577773	6.2963495	6.3577773	6.3577773	697078
2021-06-17	6.3270634	6.2963495	6.3884912	6.3577773	650519
2021-06-18	6.3884912	6.2349217	6.3884912	6.2963495	1068245
2021-06-21	6.3577773	6.3577773	6.6034885	6.5113468	8085915
2021-06-22	6.757058	6.6342024	7.0334831	6.757058	16357089
2021-06-23	6.6956302	6.6034885	6.757058	6.6342024	3230459
2021-06-24	6.6342024	6.3577773	6.6342024	6.3884912	3211575
2021-06-25	6.5420607	6.449919	6.6649163	6.5727746	2871338
2021-06-28	6.5113468	6.4806329	6.7263441	6.6034885	2887617
2021-06-29	6.6034885	6.5727746	6.6649163	6.6649163	1516577
2021-06-30	6.6649163	6.449919	6.6956302	6.449919	3406926
2021-07-01	6.449919	6.449919	6.5420607	6.4806329	1126851
2021-07-02	6.5113468	6.3884912	6.5113468	6.3884912	1398064
2021-07-05	6.3577773	6.2656356	6.3884912	6.2656356	1551740
2021-07-06	6.2042078	6.2042078	6.3577773	6.3270634	986524
2021-07-07	6.4192051	6.3884912	6.6649163	6.4192051	6303660
2021-07-08	6.5113468	6.3884912	6.8184858	6.7263441	18773584
2021-07-09	6.7877719	6.3270634	6.8491997	6.3884912	12967093
2021-07-12	6.449919	6.2963495	6.449919	6.3270634	2710173
2021-07-13	6.3577773	6.3577773	6.5420607	6.4806329	3548556
2021-07-14	6.5420607	6.449919	6.5727746	6.449919	1804394
2021-07-15	6.449919	6.3577773	6.5727746	6.4192051	3109992
2021-07-16	6.4192051	6.3577773	6.4192051	6.3577773	1109920
2021-07-19	6.3577773	6.2963495	6.5420607	6.449919	2986921
2021-07-20	6.4806329	6.2963495	6.4806329	6.3577773	1568345
2021-07-21	6.4192051	6.3270634	6.4192051	6.3884912	805172
2021-07-22	6.5420607	6.4806329	7.1256248	7.1256248	33008181
2021-07-23	7.3099082	6.9413414	7.3099082	6.9413414	16292623
2021-07-27	6.9720553	6.7877719	7.064197	6.8184858	7028413
2021-07-29	6.9413414	6.8491997	7.2791943	6.8491997	19654944
2021-07-30	6.9106275	6.7877719	7.0027692	6.8799136	6175379
2021-08-02	6.8184858	6.449919	6.8184858	6.4806329	4299030
2021-08-03	6.4192051	6.3884912	6.6034885	6.6034885	3027945
2021-08-04	6.5727746	6.449919	6.6034885	6.5113468	1504530
2021-08-05	6.5113468	6.3884912	6.5113468	6.449919	1973699
2021-08-06	6.449919	6.2349217	6.449919	6.3884912	4501544
2021-08-09	6.3577773	6.2963495	6.4806329	6.4806329	2479333
2021-08-10	6.5113468	6.4192051	6.6034885	6.5420607	2737197
2021-08-11	6.7263441	6.5113468	6.8184858	6.5727746	7976518
2021-08-13	6.5727746	6.3884912	6.7263441	6.4192051	3213528
2021-08-16	6.4192051	6.2963495	6.4192051	6.4192051	1441366
2021-08-17	6.449919	6.2963495	6.4806329	6.3270634	2346494
2021-08-18	6.3270634	6.3270634	6.4192051	6.3884912	889825
2021-08-19	6.3884912	6.3270634	6.3884912	6.3270634	569123
2021-08-20	6.3270634	6.2963495	6.3577773	6.3577773	1207922
2021-08-23	6.2963495	6.2349217	6.3577773	6.3270634	1292574
2021-08-24	6.3270634	6.2963495	6.4192051	6.3884912	908383
2021-08-25	6.3884912	6.2963495	6.4192051	6.3270634	2367983
2021-08-26	6.3270634	6.3270634	6.5420607	6.4806329	1812208
2021-08-27	6.4806329	6.4192051	6.5113468	6.4192051	1164944
2021-08-30	6.4192051	6.3270634	6.449919	6.3884912	1288992
2021-08-31	6.3884912	6.3270634	6.4192051	6.3577773	1171782
2021-09-01	6.3884912	6.3577773	6.4192051	6.4192051	999221
2021-09-02	6.449919	6.3884912	6.5113468	6.4806329	1001826
2021-09-03	6.5113468	6.4192051	6.6034885	6.4806329	2504077
2021-09-06	6.5113468	6.3270634	6.5113468	6.3577773	2277796
2021-09-07	6.3577773	6.0813522	6.4192051	6.14278	7855726
2021-09-08	6.14278	5.9892105	6.2656356	6.0813522	4162935
2021-09-09	6.0813522	6.0506383	6.14278	6.0506383	1721370
2021-09-10	6.0813522	5.7742132	6.1120661	5.9277827	6686549
2021-09-13	5.9892105	5.8663549	6.0199244	5.9277827	2779523
2021-09-14	5.9584966	5.9277827	6.0199244	6.0199244	1081594
2021-09-15	6.0199244	5.9892105	6.2042078	5.9892105	6251892
2021-09-16	6.0199244	5.9892105	6.0813522	6.0506383	1301039
2021-09-17	6.0506383	5.9892105	6.0813522	6.0199244	975454
2021-09-20	6.0199244	5.8970688	6.0199244	5.9277827	1540996
2021-09-21	5.9277827	5.8049271	5.9892105	5.9277827	1843465
2021-09-22	5.9892105	5.8970688	5.9892105	5.9277827	910988
2021-09-23	5.8970688	5.835641	5.9584966	5.835641	2731011
2021-09-27	5.9277827	5.8970688	6.2963495	6.0813522	13944826
2021-09-28	6.0506383	5.9892105	6.0813522	5.9892105	2463379
2021-09-29	5.9892105	5.9277827	6.0199244	5.9892105	1803092
2021-09-30	5.9892105	5.8663549	6.0199244	5.8663549	3184877
2021-10-01	5.8663549	5.835641	6.0199244	5.8663549	1123269
2021-10-04	5.9584966	5.8970688	5.9892105	5.9584966	804847
2021-10-05	5.9584966	5.8663549	5.9892105	5.9584966	1419878
2021-10-06	6.0813522	6.0813522	6.3270634	6.2656356	9913752
2021-10-07	6.2963495	6.2042078	6.5113468	6.3270634	17833944
2021-10-08	6.5420607	6.4806329	6.757058	6.5727746	23797043
2021-10-11	6.6956302	6.6342024	6.7877719	6.6342024	8381872
2021-10-12	6.6342024	6.4806329	6.8184858	6.757058	10007521
2021-10-14	6.8184858	6.7263441	7.064197	6.9106275	15318797
2021-10-15	6.9413414	6.757058	7.0027692	6.7877719	4832339
2021-10-18	6.6649163	6.4806329	6.6956302	6.6649163	3315436
2021-10-19	6.6342024	6.6342024	6.757058	6.757058	1589833
2021-10-20	6.7877719	6.6649163	6.8799136	6.6956302	3342786
2021-10-21	6.7263441	6.6342024	6.757058	6.7263441	1824581
2021-10-25	6.7263441	6.7263441	6.8491997	6.757058	2817291
2021-10-26	6.757058	6.6956302	6.7877719	6.7877719	1872116
2021-10-27	6.757058	6.757058	6.9720553	6.9413414	4707966
2021-10-28	6.9413414	6.8184858	7.1256248	6.9413414	8618898
2021-10-29	6.9413414	6.7877719	7.0027692	6.8491997	2195422
2021-11-01	6.8491997	6.8491997	7.0027692	6.9720553	3053015
2021-11-02	7.0027692	6.8184858	7.1256248	6.8799136	6161705
2021-11-03	6.9720553	6.6034885	6.9720553	6.7263441	5684071
2021-11-04	6.6649163	6.6649163	7.0027692	6.8799136	5207414
2021-11-05	6.9413414	6.9106275	7.0949109	6.9720553	5301834
2021-11-08	6.9720553	6.8491997	7.0027692	6.8799136	2377099
2021-11-09	6.8799136	6.8491997	7.064197	7.0334831	5307694
2021-11-10	7.0027692	6.9413414	7.2484804	7.2484804	9686493
2021-11-11	7.2177665	7.1563387	7.2484804	7.2484804	6025610
2021-11-12	7.2484804	7.2177665	7.4941916	7.4941916	13826313
2021-11-15	7.6477611	7.6170472	9.6748785	9.6748785	37699217
2021-11-16	9.0606005	8.907031	10.67308025	10.67308025	33791215
2021-11-17	10.2891565	9.59809375	10.9034345	10.2891565	20046298
2021-11-18	10.2891565	10.2891565	11.671282	10.98021925	19236892
2021-11-19	10.98021925	10.749865	11.2105735	11.2105735	5111366
2021-11-22	11.2105735	10.82664975	11.59449725	11.364143	11307909
2021-11-23	11.364143	11.057004	11.5177125	11.28735825	4177261
2021-11-24	11.2105735	11.057004	11.364143	11.364143	3305343
2021-11-25	11.364143	11.2105735	11.364143	11.2105735	2395657
2021-11-26	11.13378875	10.98021925	11.364143	11.364143	5064807
2021-11-29	11.364143	10.9034345	11.978421	11.057004	16922305
2021-11-30	11.13378875	10.98021925	11.44092775	11.28735825	6259706
2021-12-01	11.364143	10.9034345	11.978421	11.057004	24888405
2021-12-02	11.2105735	10.9034345	11.28735825	11.2105735	3036410
2021-12-03	11.28735825	10.82664975	11.364143	10.9034345	4699826
2021-12-07	10.82664975	10.36594125	11.057004	10.82664975	6111565
2021-12-08	10.82664975	10.36594125	10.98021925	10.442726	6504872
2021-12-09	10.51951075	10.442726	10.82664975	10.5962955	3606510
2021-12-13	10.67308025	10.442726	10.9034345	10.5962955	3782000
2021-12-14	10.51951075	10.442726	10.749865	10.749865	3963677
2021-12-15	11.671282	11.13378875	12.4391295	11.364143	42169180
2021-12-16	11.364143	11.057004	11.59449725	11.28735825	7732004
2021-12-17	11.28735825	10.82664975	11.28735825	10.9034345	6191984
2021-12-20	10.9034345	10.82664975	11.13378875	10.82664975	4047678
2021-12-21	10.9034345	10.2891565	11.2105735	10.5962955	8861134
2021-12-22	10.749865	10.51951075	11.057004	10.749865	8557037
2021-12-23	10.82664975	10.67308025	10.98021925	10.749865	5592907
2021-12-24	10.749865	10.67308025	10.82664975	10.82664975	2344541
2021-12-27	10.82664975	10.749865	11.2105735	10.82664975	6818736
2021-12-28	10.749865	10.749865	11.364143	10.98021925	13875150
2021-12-29	11.13378875	9.90523275	11.2105735	10.442726	23042987
2021-12-30	10.442726	10.135587	10.51951075	10.21237175	7956983
2022-01-04	10.2891565	10.05880225	10.442726	10.21237175	9410071
2022-01-05	10.135587	10.05880225	10.51951075	10.2891565	10635249
2022-01-06	10.21237175	10.135587	10.749865	10.51951075	11539075
2022-01-07	10.5962955	10.51951075	11.2105735	11.057004	15641452
2022-01-10	11.057004	10.442726	11.13378875	10.51951075	12408062
2022-01-11	10.749865	10.51951075	10.98021925	10.67308025	11131767
2022-01-12	10.5962955	10.442726	10.67308025	10.67308025	6330032
2022-01-13	10.5962955	10.51951075	10.98021925	10.5962955	11399724
2022-01-14	10.5962955	10.5962955	10.749865	10.5962955	2990502
2022-01-17	10.5962955	10.5962955	10.98021925	10.749865	8134102
2022-01-18	10.749865	10.5962955	10.749865	10.67308025	4055167
2022-01-19	10.67308025	10.442726	10.98021925	10.82664975	9764959
2022-01-20	10.9034345	10.67308025	10.9034345	10.67308025	3706139
2022-01-21	10.749865	10.67308025	12.36234475	12.1319905	62748788
2022-01-24	12.1319905	11.364143	12.28556	11.59449725	32703108
2022-01-25	11.5177125	10.67308025	11.8248515	10.82664975	27059409
2022-01-26	10.9034345	10.51951075	11.057004	10.5962955	14357668
2022-01-27	10.5962955	10.135587	10.749865	10.442726	11991964
2022-01-28	10.442726	10.2891565	10.67308025	10.442726	4258006
2022-01-31	10.51951075	10.442726	10.67308025	10.51951075	1947977
2022-02-01	10.51951075	10.51951075	10.98021925	10.98021925	4842107
2022-02-02	10.9034345	10.82664975	11.057004	10.98021925	1767929
2022-02-03	10.98021925	10.9034345	11.057004	10.9034345	5693838
2022-02-04	10.9034345	10.51951075	10.98021925	10.749865	7648654
2022-02-07	10.749865	10.51951075	10.82664975	10.51951075	5014342
2022-02-08	10.5962955	10.5962955	10.98021925	10.9034345	4017399
2022-02-09	10.9034345	10.749865	11.057004	10.82664975	6323195
2022-02-10	10.9034345	10.82664975	11.28735825	11.28735825	23156290
2022-02-11	12.7	12.5	14.6	14.6	34598100
2022-02-14	14.6	12.7	14.8	13.3	11314400
2022-02-15	13.2	12.5	13.2	12.7	2797300
2022-02-17	12.7	12.7	13.0	13.0	2180700
2022-02-18	12.8	12.6	12.9	12.8	1112000
2022-02-21	12.9	11.6	12.9	11.7	4569600
2022-02-22	11.8	11.5	12.0	12.0	1175200
2022-02-23	11.9	11.6	12.0	12.0	1006800
2022-02-24	11.9	11.1	11.9	11.5	1852100
2022-02-25	11.9	11.7	12.7	12.6	3523900
2022-02-28	12.3	12.2	13.2	13.0	3696400
2022-03-01	13.2	12.7	13.2	13.0	1431900
2022-03-02	12.8	12.3	12.9	12.6	929500
2022-03-03	12.8	12.3	12.8	12.4	480900
2022-03-04	12.3	12.1	12.5	12.3	740700
2022-03-07	12.1	11.5	12.1	11.8	1296100
2022-03-08	11.5	10.8	11.8	11.1	2788000
2022-03-09	10.9	10.6	11.4	11.1	2547900
2022-03-10	11.2	10.8	11.3	11.0	1498500
2022-03-11	10.8	10.4	10.9	10.7	4545900
2022-03-14	10.7	10.2	10.7	10.6	2537300
2022-03-15	10.6	10.3	10.7	10.4	1465900
2022-03-16	10.4	10.4	10.9	10.6	2720300
2022-03-17	10.7	10.7	11.1	11.1	3895300
2022-03-18	11.1	10.8	11.1	10.9	2030500
2022-03-21	10.9	10.8	11.1	10.8	839000
2022-03-22	10.8	10.7	10.9	10.8	1054600
2022-03-23	10.9	10.8	12.0	11.7	10988300
2022-03-24	11.6	11.4	11.7	11.5	3507500
2022-03-25	11.5	11.4	12.2	11.5	7595000
2022-03-28	10.8	10.4	11.2	10.9	19069600
2022-03-29	11.0	10.7	11.2	10.7	9233300
2022-03-30	10.8	10.7	11.2	11.0	7658100
2022-03-31	11.1	10.7	11.1	10.8	2931700
2022-04-01	10.8	10.7	11.4	11.3	11497900
2022-04-04	11.5	11.2	11.7	11.4	6977800
2022-04-05	11.6	11.4	12.0	11.8	15308700
2022-04-07	11.6	11.6	12.6	12.5	28784300
2022-04-08	12.7	11.8	12.8	11.9	16849200
2022-04-11	12.1	11.5	12.1	11.5	5864900
2022-04-12	11.5	11.3	11.9	11.8	5724600
2022-04-18	11.8	11.8	12.2	11.8	7420500
2022-04-19	11.9	11.8	12.1	11.9	6491000
2022-04-20	12.3	12.1	12.8	12.3	22658300
2022-04-21	12.4	12.1	12.5	12.4	5183500
2022-04-22	12.3	11.9	12.4	12.0	5373100
2022-04-25	11.8	11.7	12.2	11.9	3375200
2022-04-26	12.0	11.5	12.1	11.7	6020300
2022-04-27	11.6	11.4	11.7	11.5	3887500
2022-04-28	11.6	11.4	12.0	11.9	5726900
2022-04-29	11.9	11.9	12.2	12.0	4077000
2022-05-03	12.0	11.5	12.2	11.5	6195500
2022-05-05	11.7	11.4	11.8	11.4	3736800
2022-05-06	11.0	10.5	11.2	11.0	10075400
2022-05-09	11.0	10.6	11.1	10.7	3177200
2022-05-10	10.7	10.5	11.0	11.0	3210600
2022-05-11	10.9	10.6	11.0	10.6	3497900
2022-05-12	10.3	8.5	10.4	8.5	26630800
2022-05-13	8.5	7.7	8.7	8.3	21061300
2022-05-17	8.65	8.5	9.05	8.85	11895200
2022-05-18	9.4	8.8	9.4	9.0	12443800
2022-05-19	8.65	8.6	8.85	8.7	7158200
2022-05-20	8.8	8.8	9.1	8.9	4458300
2022-05-23	8.95	8.85	9.15	8.9	6302400
2022-05-24	9.0	8.9	9.1	9.0	3847200
2022-05-25	9.0	8.95	9.2	9.0	4192400
2022-05-26	9.0	8.9	9.1	9.0	4093600
2022-05-27	9.0	9.0	9.5	9.5	18470800
2022-05-30	9.5	9.35	10.3	10.0	12173200
2022-05-31	9.95	9.85	10.2	10.0	5338300
2022-06-01	10.1	10.0	10.7	10.4	7663100
2022-06-02	10.5	10.2	10.7	10.4	4272800
2022-06-06	10.4	9.8	10.5	9.95	6582000
2022-06-07	9.95	9.85	10.2	10.1	4688600
2022-06-08	10.1	9.95	10.2	10.1	2385900
2022-06-09	10.1	10.0	10.2	10.0	1250600
2022-06-10	9.9	9.8	10.1	9.95	1850600
2022-06-13	9.7	9.3	9.7	9.3	7437000
2022-06-14	9.2	9.0	9.4	9.25	5533100
2022-06-15	9.25	8.75	9.3	8.8	10378700
2022-06-16	8.95	8.6	9.15	8.6	8526700
2022-06-17	8.6	8.35	8.8	8.65	5740300
2022-06-20	8.6	8.0	8.6	8.2	12053300
2022-06-21	8.3	8.15	8.4	8.2	12736400
2022-06-22	8.25	8.0	8.25	8.05	4670700
2022-06-23	8.05	7.85	8.1	7.9	5380700
2022-06-24	7.9	7.6	8.0	7.75	13243900
2022-06-27	7.9	7.9	8.2	8.05	6204000
2022-06-28	8.05	7.95	8.25	8.2	4410900
2022-06-29	8.15	8.05	8.2	8.05	2427600
2022-06-30	8.1	7.9	8.35	7.95	10106600
2022-07-01	7.95	7.85	8.0	7.9	2878300
2022-07-04	7.95	7.3	7.95	7.3	10735200
2022-07-05	7.35	6.8	7.35	7.0	9051900
2022-07-06	6.9	6.7	7.1	7.05	5423500
2022-07-07	7.05	6.95	7.35	7.25	3482000
2022-07-08	7.25	7.0	7.25	7.05	2420800
2022-07-11	6.95	6.85	7.2	7.1	3010600
2022-07-12	7.05	6.9	7.15	7.0	2715700
2022-07-14	6.95	6.9	7.1	6.95	2094200
2022-07-15	6.95	6.8	7.05	7.0	3045800
2022-07-18	7.0	6.95	7.2	7.05	2269800
2022-07-19	7.1	6.95	7.1	7.05	2339300
2022-07-20	7.1	7.05	7.35	7.3	5737300
2022-07-21	7.25	7.2	7.4	7.3	3081100
2022-07-22	7.35	7.25	7.5	7.3	3559400
2022-07-25	7.25	7.2	7.4	7.4	1507200
2022-07-26	7.4	7.3	7.6	7.6	5081600
2022-07-27	7.55	7.45	7.6	7.6	4335900
2022-08-01	7.65	7.6	8.4	8.4	12085000
2022-08-02	8.25	8.0	8.3	8.15	6183500
2022-08-03	8.15	8.05	8.4	8.4	7602700
2022-08-04	8.5	8.25	8.55	8.25	5365500
2022-08-05	8.3	8.25	8.45	8.35	2117300
2022-08-08	8.4	8.25	8.5	8.35	2690600
2022-08-09	8.4	8.35	8.5	8.45	3032900
2022-08-10	8.45	8.35	8.5	8.35	3466200
2022-08-11	8.45	8.4	8.65	8.55	4363900
2022-08-15	8.55	8.45	8.65	8.45	2850200
2022-08-16	8.5	8.35	8.55	8.4	2746500
2022-08-17	8.4	8.35	8.45	8.4	2044800
2022-08-18	8.35	8.35	8.45	8.4	1201300
2022-08-19	8.45	8.45	8.95	8.6	13143800
2022-08-22	8.55	8.45	8.8	8.7	4339400
2022-08-23	8.65	8.65	8.9	8.85	3831400
2022-08-24	8.9	8.65	8.95	8.65	3622600
2022-08-25	8.7	8.7	8.9	8.9	2269800
2022-08-26	9.0	8.9	9.45	9.4	12964400
2022-08-29	9.1	9.0	9.4	9.3	8743000
2022-08-30	9.4	9.25	9.6	9.5	7488900
2022-08-31	9.55	9.45	9.7	9.5	5937900
2022-09-01	9.5	9.2	9.55	9.25	4751000
2022-09-02	9.3	9.1	9.35	9.2	1864800
2022-09-05	9.2	9.2	9.55	9.5	3396900
2022-09-06	9.6	9.6	9.85	9.7	6370700
2022-09-07	9.75	9.7	10.2	10.0	11966400
2022-09-08	10.1	10.0	10.2	10.1	4545800
2022-09-09	10.1	9.7	10.1	9.95	5292100
2022-09-12	10.0	9.95	10.3	10.2	4406900
2022-09-13	10.3	10.3	10.7	10.6	9130200
2022-09-14	10.3	10.3	10.8	10.6	6068200
2022-09-15	10.7	10.5	10.8	10.7	4120600
2022-09-16	10.7	10.6	11.1	10.9	7004400
2022-09-19	10.8	9.75	10.8	10.3	15337400
2022-09-20	10.2	9.95	10.4	10.0	4684500
2022-09-21	10.0	9.8	10.4	9.85	5116700
2022-09-22	9.8	9.45	9.9	9.75	9188400
2022-09-23	9.8	9.8	10.2	10.1	5121300
2022-09-26	10.0	9.95	10.2	10.0	3706000
2022-09-27	10.2	10.2	10.9	10.4	13426100
2022-09-28	10.3	10.0	10.4	10.3	5906800
2022-09-29	10.4	9.5	10.5	9.65	11139600
2022-09-30	9.5	9.25	9.65	9.5	2996200
2022-10-03	9.45	9.0	9.5	9.1	3101600
2022-10-04	9.4	9.2	9.4	9.3	2132700
2022-10-05	9.45	9.4	9.55	9.45	1055300
2022-10-06	9.5	9.5	9.75	9.6	1239700
2022-10-07	9.6	9.15	9.65	9.2	3007000
2022-10-10	9.2	8.65	9.25	8.7	5577200
2022-10-11	8.75	8.4	8.95	8.4	3789200
2022-10-12	8.55	8.3	8.55	8.35	1590400
2022-10-17	8.4	8.2	8.55	8.3	3307800
2022-10-18	8.4	8.4	8.75	8.7	3656600
2022-10-19	8.7	8.7	9.1	9.1	5970200
2022-10-20	8.95	8.95	9.2	9.0	2319600
2022-10-21	9.1	8.75	9.1	8.75	1927100
2022-10-25	8.8	8.6	8.9	8.6	1108800
2022-10-26	8.65	8.65	8.95	8.7	1500200
2022-10-27	8.75	8.7	8.85	8.8	1046200
2022-10-28	8.85	8.7	9.05	8.75	2336900
2022-10-31	8.75	7.95	8.85	8.05	7936200
2022-11-01	8.05	7.65	8.05	7.95	9828000
2022-11-02	8.0	8.0	8.35	8.05	5620800
2022-11-03	8.0	8.0	8.15	8.05	2076100
2022-11-04	8.1	8.05	8.25	8.1	1899000
2022-11-07	8.2	8.0	8.2	8.0	2474000
2022-11-08	8.0	7.9	8.0	7.9	1690600
2022-11-09	7.95	7.85	7.95	7.9	1294800
2022-11-10	7.85	7.8	7.95	7.85	785400
2022-11-11	7.95	7.75	8.0	7.85	1843200
2022-11-14	7.85	7.7	7.95	7.85	1442400
2022-11-15	7.85	7.7	7.85	7.8	2333000
2022-11-16	7.75	7.75	7.85	7.85	1256300
2022-11-17	7.8	7.65	7.8	7.65	2476200
2022-11-18	7.6	7.6	7.75	7.7	1223900
2022-11-21	7.75	7.7	8.1	8.1	2620300
2022-11-22	8.15	7.9	8.2	7.9	2643100
2022-11-23	7.9	7.9	8.1	8.05	1020200
2022-11-24	8.05	8.05	8.15	8.15	1823200
2022-11-25	8.05	8.05	8.1	8.1	649700
2022-11-28	8.1	8.0	8.1	8.0	585700
2022-11-29	8.05	7.95	8.1	8.0	995600
2022-11-30	8.0	7.95	8.05	8.0	769300
2022-12-01	8.0	8.0	8.15	8.05	1798200
2022-12-02	8.1	8.1	8.95	8.9	11934100
2022-12-06	8.9	8.8	9.35	9.25	9465200
2022-12-07	9.25	8.85	9.3	9.15	5069800
2022-12-08	9.15	9.1	9.3	9.2	1443400
2022-12-09	9.2	9.2	9.5	9.2	5305400
2022-12-13	9.2	9.0	9.3	9.2	2036600
2022-12-14	9.25	9.1	9.4	9.1	2047200
2022-12-15	9.05	8.9	9.2	8.9	1888800
2022-12-16	8.9	8.5	8.95	8.6	2826200
2022-12-19	8.55	8.5	8.85	8.85	1817100
2022-12-20	8.8	8.75	9.05	8.8	3425500
2022-12-21	8.8	8.8	9.15	9.05	2766900
2022-12-22	9.1	8.95	9.25	8.95	2338800
2022-12-23	9.0	8.75	9.0	8.8	1860100
2022-12-26	8.8	8.8	9.15	9.05	1755800
2022-12-27	9.0	8.9	9.15	9.0	1477200
2022-12-28	9.0	8.9	9.1	8.9	930100
2022-12-29	8.9	8.85	9.0	8.85	1136000
2022-12-30	8.9	8.85	9.0	8.85	1047100
